證券代號,證券名稱,外陸資買進股數(不含外資自營商),外陸資賣出股數(不含外資自營商),外陸資買賣超股數(不含外資自營商),外資自營商買進股數,外資自營商賣出股數,外資自營商買賣超股數,投信買進股數,投信賣出股數,投信買賣超股數,自營商買賣超股數,自營商買進股數(自行買賣),自營商賣出股數(自行買賣),自營商買賣超股數(自行買賣),自營商買進股數(避險),自營商賣出股數(避險),自營商買賣超股數(避險),三大法人買賣超股數
6116,彩晶            ,45208000,12301000,32907000,0,0,0,0,0,0,2431000,345000,285000,60000,4541000,2170000,2371000,35338000
0056,元大高股息      ,1030,32000,-30970,0,0,0,0,0,0,23099000,0,0,0,23137000,38000,23099000,23068030
00876,元大未來關鍵科技,0,110000,-110000,0,0,0,0,0,0,22935000,0,0,0,23087000,152000,22935000,22825000
00637L,元大滬深300正2  ,17322000,9158000,8164000,0,0,0,0,0,0,7187000,150000,400000,-250000,27270000,19833000,7437000,15351000
3481,群創            ,44656000,31047254,13608746,0,0,0,0,0,0,753000,653000,634000,19000,1516000,782000,734000,14361746
2317,鴻海            ,17748479,20132060,-2383581,0,0,0,8000,67000,-59000,12806000,991000,185000,806000,12015000,15000,12000000,10363419
2409,友達            ,18914000,10840000,8074000,0,0,0,0,111000,-111000,-241000,60000,58000,2000,399000,642000,-243000,7722000
2313,華通            ,6172000,1352000,4820000,0,0,0,1995000,34000,1961000,812000,746000,507000,239000,1024000,451000,573000,7593000
2344,華邦電          ,14108000,6880000,7228000,0,0,0,0,37000,-37000,174000,19000,10000,9000,554000,389000,165000,7365000
2883,開發金          ,10456206,7720000,2736206,0,0,0,4775000,135000,4640000,-84000,2000,86000,-84000,0,0,0,7292206
3037,欣興            ,12818000,6594000,6224000,0,0,0,981000,37000,944000,-62000,916000,810000,106000,169000,337000,-168000,7106000
00708L,元大S&P黃金正2  ,72000,74000,-2000,0,0,0,0,0,0,6500000,0,0,0,9190000,2690000,6500000,6498000
2368,金像電          ,14403000,8523000,5880000,0,0,0,210000,160000,50000,529000,433000,472000,-39000,830000,262000,568000,6459000
2881,富邦金          ,9563102,5243069,4320033,0,0,0,932000,72000,860000,149000,0,46000,-46000,245000,50000,195000,5329033
2382,廣達            ,5001658,1978816,3022842,0,0,0,2430000,55000,2375000,-294000,168000,195000,-27000,142000,409000,-267000,5103842
00852L,國泰美國道瓊正2 ,60000,0,60000,0,0,0,0,0,0,4694000,0,0,0,6245000,1551000,4694000,4754000
2392,正崴            ,8045000,740000,7305000,0,0,0,0,0,0,-2631000,12000,170000,-158000,21000,2494000,-2473000,4674000
3231,緯創            ,9702250,5897602,3804648,0,0,0,1467000,42000,1425000,-866000,138000,31000,107000,85000,1058000,-973000,4363648
5469,瀚宇博          ,4337000,301000,4036000,0,0,0,0,0,0,297000,308000,652000,-344000,688000,47000,641000,4333000
5264,鎧勝-KY         ,4865000,964000,3901000,0,0,0,0,5000,-5000,362000,77000,45000,32000,364000,34000,330000,4258000
2890,永豐金          ,8108643,4771050,3337593,0,0,0,3229000,95000,3134000,-2751000,36000,2777000,-2741000,0,10000,-10000,3720593
2105,正新            ,1444280,949100,495180,0,0,0,2796000,5000,2791000,426000,435000,18000,417000,12000,3000,9000,3712180
053856,台積電富邦98購01,0,0,0,0,0,0,0,0,0,3686000,0,0,0,3686000,0,3686000,3686000
1314,中石化          ,4359000,599000,3760000,0,0,0,0,0,0,-99000,1000,110000,-109000,10000,0,10000,3661000
00636,國泰中國A50     ,1699000,24000,1675000,0,0,0,0,0,0,1940000,30000,0,30000,2217000,307000,1910000,3615000
2888,新光金          ,13231610,9321666,3909944,0,0,0,1000,56000,-55000,-415000,2000,734000,-732000,491000,174000,317000,3439944
3042,晶技            ,6145000,3831000,2314000,0,0,0,755000,220000,535000,480000,693000,140000,553000,132000,205000,-73000,3329000
1605,華新            ,6778000,2615000,4163000,0,0,0,1000,0,1000,-972000,136000,26000,110000,632000,1714000,-1082000,3192000
064566,大立光群益9C購04,0,0,0,0,0,0,0,0,0,3036000,0,0,0,3086000,50000,3036000,3036000
2478,大毅            ,3118000,612000,2506000,0,0,0,0,0,0,527000,0,0,0,561000,34000,527000,3033000
2885,元大金          ,9904120,5533051,4371069,0,0,0,1000,99000,-98000,-1270000,0,1224000,-1224000,2000,48000,-46000,3003069
1312,國喬            ,3276000,378000,2898000,0,0,0,0,0,0,-7000,2000,0,2000,0,9000,-9000,2891000
2448,晶電            ,4015000,1182000,2833000,0,0,0,0,12000,-12000,-34000,1000,13000,-12000,0,22000,-22000,2787000
2329,華泰            ,3050000,366000,2684000,0,0,0,0,0,0,-3000,0,3000,-3000,0,0,0,2681000
8046,南電            ,6010000,7676200,-1666200,0,0,0,2683000,0,2683000,1649000,1742000,385000,1357000,473000,181000,292000,2665800
3017,奇鋐            ,5573000,5070000,503000,0,0,0,2932000,0,2932000,-799000,132000,1339000,-1207000,1087000,679000,408000,2636000
2882,國泰金          ,7017361,4263000,2754361,0,0,0,954000,1097444,-143444,25000,0,70000,-70000,271000,176000,95000,2635917
063344,臺企銀統一9C購01,0,0,0,0,0,0,0,0,0,2619000,0,0,0,2705000,86000,2619000,2619000
2308,台達電          ,6998662,4668032,2330630,0,0,0,12000,10000,2000,278000,1280000,1080000,200000,133000,55000,78000,2610630
6191,精成科          ,2416000,544000,1872000,0,0,0,0,0,0,639000,258000,0,258000,381000,0,381000,2511000
00701,國泰股利精選30  ,35000,0,35000,0,0,0,0,0,0,2453000,0,0,0,2463000,10000,2453000,2488000
2352,佳世達          ,2449000,650000,1799000,0,0,0,1000,21000,-20000,665000,533000,8000,525000,141000,1000,140000,2444000
061390,大立光群益9A購04,0,0,0,0,0,0,0,0,0,2413000,0,0,0,2413000,0,2413000,2413000
1589,永冠-KY         ,2259000,1614000,645000,0,0,0,1616000,0,1616000,64000,202000,148000,54000,10000,0,10000,2325000
0050,元大台灣50      ,2473000,214000,2259000,0,0,0,0,76000,-76000,97000,0,0,0,1937000,1840000,97000,2280000
00633L,富邦上証正2     ,2118000,1734000,384000,0,0,0,0,0,0,1880000,4000,289000,-285000,6877000,4712000,2165000,2264000
061949,大立光群益9B購03,0,0,0,0,0,0,0,0,0,2185000,0,0,0,2355000,170000,2185000,2185000
050077,臺股指凱基99購02,0,0,0,0,0,0,0,0,0,2159000,0,0,0,2920000,761000,2159000,2159000
00861,元大全球未來通訊,0,0,0,0,0,0,0,0,0,2082000,0,0,0,2695000,613000,2082000,2082000
2323,中環            ,2988000,889000,2099000,0,0,0,0,1000,-1000,-65000,1000,22000,-21000,108000,152000,-44000,2033000
058101,台積電富邦9C購01,0,0,0,0,0,0,0,0,0,1986000,0,0,0,1987000,1000,1986000,1986000
2439,美律            ,2325000,810000,1515000,0,0,0,127000,0,127000,324000,220000,93000,127000,328000,131000,197000,1966000
2356,英業達          ,5821491,3748000,2073491,0,0,0,2461000,1547000,914000,-1043000,103000,24000,79000,28000,1150000,-1122000,1944491
067011,嘉基永豐01購03  ,0,0,0,0,0,0,0,0,0,1835000,0,0,0,1887000,52000,1835000,1835000
6005,群益證          ,2894000,1062000,1832000,0,0,0,0,5000,-5000,0,0,0,0,0,0,0,1827000
064257,台勝科國泰01購01,0,0,0,0,0,0,0,0,0,1814000,0,0,0,1897000,83000,1814000,1814000
3702,大聯大          ,1561199,2338565,-777366,0,0,0,3179000,31000,3148000,-561000,125000,50000,75000,0,636000,-636000,1809634
2603,長榮            ,3137000,966000,2171000,0,0,0,0,807000,-807000,323000,502000,127000,375000,0,52000,-52000,1687000
2492,華新科          ,2543000,674000,1869000,0,0,0,0,10000,-10000,-182000,33000,139000,-106000,125000,201000,-76000,1677000
2327,國巨            ,2037111,829000,1208111,0,0,0,114000,0,114000,348000,141000,47000,94000,343000,89000,254000,1670111
006205,富邦上証        ,81000,22000,59000,0,0,0,0,751000,-751000,2299000,110000,0,110000,3445000,1256000,2189000,1607000
2377,微星            ,2030000,884679,1145321,0,0,0,1000000,332000,668000,-208000,46000,26000,20000,10000,238000,-228000,1605321
2458,義隆            ,2000000,447000,1553000,0,0,0,68000,4000,64000,-21000,80000,95000,-15000,178000,184000,-6000,1596000
2892,第一金          ,8211103,8458407,-247304,0,0,0,1942000,92000,1850000,-87000,1000,78000,-77000,0,10000,-10000,1515696
2049,上銀            ,1582000,309000,1273000,0,0,0,67000,0,67000,165000,65000,3000,62000,104000,1000,103000,1505000
066471,致新統一02購01  ,0,0,0,0,0,0,0,0,0,1487000,0,0,0,1590000,103000,1487000,1487000
057385,光罩永豐99購01  ,0,0,0,0,0,0,0,0,0,1482000,0,0,0,1486000,4000,1482000,1482000
065496,裕隆富邦9C購01  ,0,0,0,0,0,0,0,0,0,1453000,0,0,0,1553000,100000,1453000,1453000
6282,康舒            ,1949000,792000,1157000,0,0,0,0,0,0,256000,42000,23000,19000,308000,71000,237000,1413000
2354,鴻準            ,1773083,2106970,-333887,0,0,0,1494000,0,1494000,233000,252000,9000,243000,0,10000,-10000,1393113
047564,滬深2X國票99購01,0,0,0,0,0,0,0,0,0,1361000,0,0,0,1771000,410000,1361000,1361000
2504,國產            ,1815000,464000,1351000,0,0,0,0,0,0,10000,2000,2000,0,10000,0,10000,1361000
1513,中興電          ,2359019,1712000,647019,0,0,0,0,0,0,708000,71000,141000,-70000,788000,10000,778000,1355019
05749P,臺股指群益99售03,0,0,0,0,0,0,0,0,0,1350000,0,0,0,1389000,39000,1350000,1350000
065352,GIS統一01購04   ,0,0,0,0,0,0,0,0,0,1341000,0,0,0,2007000,666000,1341000,1341000
1325,恆大            ,1772000,447000,1325000,0,0,0,0,0,0,6000,6000,0,6000,0,0,0,1331000
2887,台新金          ,7080093,6168660,911433,0,0,0,1000,89000,-88000,487000,9000,43000,-34000,621000,100000,521000,1310433
2481,強茂            ,1643000,405000,1238000,0,0,0,0,0,0,49000,77000,139000,-62000,174000,63000,111000,1287000
065839,鴻海元大9C購17  ,0,0,0,0,0,0,0,0,0,1278000,0,0,0,1308000,30000,1278000,1278000
2376,技嘉            ,5368000,2336000,3032000,0,0,0,2000,1506000,-1504000,-250000,117000,122000,-5000,92000,337000,-245000,1278000
2855,統一證          ,1925000,669000,1256000,0,0,0,0,3000,-3000,0,0,0,0,0,0,0,1253000
055331,國巨兆豐99購01  ,0,0,0,0,0,0,0,0,0,1231000,0,0,0,1401000,170000,1231000,1231000
2823,中壽            ,2549000,1079000,1470000,0,0,0,1000,19000,-18000,-243000,0,27000,-27000,40000,256000,-216000,1209000
065621,聯發科第一9C購01,0,0,0,0,0,0,0,0,0,1199000,0,0,0,1532000,333000,1199000,1199000
066243,潤泰新富邦03購01,0,0,0,0,0,0,0,0,0,1197000,0,0,0,1219000,22000,1197000,1197000
056869,國巨日盛99購03  ,0,0,0,0,0,0,0,0,0,1185000,0,0,0,1736000,551000,1185000,1185000
053564,台積電富邦99購01,0,0,0,0,0,0,0,0,0,1182000,0,0,0,1292000,110000,1182000,1182000
063439,正隆統一01購01  ,0,0,0,0,0,0,0,0,0,1179000,0,0,0,1201000,22000,1179000,1179000
6505,台塑化          ,1831000,544000,1287000,0,0,0,0,25000,-25000,-84000,0,38000,-38000,13000,59000,-46000,1178000
055902,同欣電中信99購01,0,0,0,0,0,0,0,0,0,1175000,0,0,0,1783000,608000,1175000,1175000
07363P,大立光元大99售26,0,0,0,0,0,0,0,0,0,1170000,0,0,0,1187000,17000,1170000,1170000
3016,嘉晶            ,2563000,1426000,1137000,0,0,0,0,0,0,32000,195000,34000,161000,752000,881000,-129000,1169000
2303,聯電            ,23709409,26477000,-2767591,0,0,0,3209000,521000,2688000,1246000,3028000,154000,2874000,1703000,3331000,-1628000,1166409
2324,仁寶            ,3824419,4076145,-251726,0,0,0,2880000,81000,2799000,-1403000,64000,62000,2000,0,1405000,-1405000,1144274
1303,南亞            ,2598000,2238000,360000,0,0,0,874000,54000,820000,-47000,8000,50000,-42000,0,5000,-5000,1133000
2006,東和鋼鐵        ,1006000,155000,851000,0,0,0,0,2000,-2000,281000,291000,10000,281000,0,0,0,1130000
00638R,元大滬深300反1  ,39000,49000,-10000,0,0,0,0,0,0,1129000,0,0,0,1995000,866000,1129000,1119000
065779,台勝科國泰01購02,0,0,0,0,0,0,0,0,0,1111000,0,0,0,1238000,127000,1111000,1111000
2456,奇力新          ,1406000,616000,790000,0,0,0,0,0,0,320000,136000,48000,88000,375000,143000,232000,1110000
6669,緯穎            ,1420125,381523,1038602,0,0,0,60000,117000,-57000,107000,36000,44000,-8000,130000,15000,115000,1088602
064243,TPK統一02購02   ,0,0,0,0,0,0,0,0,0,1085000,0,0,0,1175000,90000,1085000,1085000
066228,嘉基國泰02購01  ,0,0,0,0,0,0,0,0,0,1081000,0,0,0,1081000,0,1081000,1081000
00692,富邦公司治理    ,1000,1000,0,0,0,0,0,0,0,1078000,0,0,0,2470000,1392000,1078000,1078000
4956,光鋐            ,1308000,234000,1074000,0,0,0,0,0,0,0,0,0,0,0,0,0,1074000
2838,聯邦銀          ,1092000,702000,390000,0,0,0,0,0,0,682000,728000,46000,682000,0,0,0,1072000
00850,元大臺灣ESG永續 ,1000,1000,0,0,0,0,0,0,0,1061000,0,0,0,1696000,635000,1061000,1061000
065643,聯發科元大01購06,0,0,0,0,0,0,0,0,0,1042000,0,0,0,1125000,83000,1042000,1042000
3380,明泰            ,2449000,1719000,730000,0,0,0,0,0,0,293000,22000,2000,20000,282000,9000,273000,1023000
4915,致伸            ,2607000,1558678,1048322,0,0,0,0,1000,-1000,-31000,1000,5000,-4000,14000,41000,-27000,1016322
03450B,臺股指元大9C熊23,0,0,0,0,0,0,0,0,0,1016000,0,0,0,1036000,20000,1016000,1016000
065972,聯發科元大01購07,0,0,0,0,0,0,0,0,0,1009000,0,0,0,1206000,197000,1009000,1009000
066775,智原富邦03購01  ,0,0,0,0,0,0,0,0,0,994000,0,0,0,1009000,15000,994000,994000
064368,日月光統一01購01,0,0,0,0,0,0,0,0,0,993000,0,0,0,1104000,111000,993000,993000
8150,南茂            ,1457000,954000,503000,0,0,0,0,0,0,488000,0,3000,-3000,502000,11000,491000,991000
6271,同欣電          ,1353000,957196,395804,0,0,0,472000,12000,460000,130000,124000,53000,71000,268000,209000,59000,985804
066290,台塑化元大01購01,0,0,0,0,0,0,0,0,0,985000,0,0,0,1282000,297000,985000,985000
1795,美時            ,1136000,163000,973000,0,0,0,0,0,0,-2000,1000,3000,-2000,0,0,0,971000
060404,台勝科國泰9B購01,0,0,0,0,0,0,0,0,0,970000,0,0,0,1165000,195000,970000,970000
1305,華夏            ,1089000,538000,551000,0,0,0,0,0,0,414000,224000,1000,223000,196000,5000,191000,965000
053390,彩晶元大9A購01  ,0,0,0,0,0,0,0,0,0,963000,0,0,0,1171000,208000,963000,963000
067145,南港統一03購02  ,0,0,0,0,0,0,0,0,0,962000,0,0,0,962000,0,962000,962000
064063,健策國泰01購02  ,0,0,0,0,0,0,0,0,0,947000,0,0,0,992000,45000,947000,947000
00715L,街口布蘭特油正2 ,0,0,0,0,0,0,0,0,0,946000,0,0,0,1330000,384000,946000,946000
062651,世紀鋼富邦9C購01,0,0,0,0,0,0,0,0,0,939000,0,0,0,990000,51000,939000,939000
065952,聯發科統一03購02,0,0,0,0,0,0,0,0,0,930000,0,0,0,1099000,169000,930000,930000
055259,玉晶光統一9A購01,0,0,0,0,0,0,0,0,0,925000,0,0,0,945000,20000,925000,925000
064446,聚陽統一02購02  ,0,0,0,0,0,0,0,0,0,924000,0,0,0,944000,20000,924000,924000
066320,順德永豐01購01  ,0,0,0,0,0,0,0,0,0,919000,0,0,0,955000,36000,919000,919000
066844,聯發科元大01購12,0,0,0,0,0,0,0,0,0,910000,0,0,0,1460000,550000,910000,910000
066294,嘉基元大01購01  ,0,0,0,0,0,0,0,0,0,907000,0,0,0,907000,0,907000,907000
067297,台積電元大02購03,0,0,0,0,0,0,0,0,0,903000,0,0,0,3529000,2626000,903000,903000
061658,聯茂富邦9A購03  ,0,0,0,0,0,0,0,0,0,902000,0,0,0,904000,2000,902000,902000
066356,嘉基永豐01購01  ,0,0,0,0,0,0,0,0,0,898000,0,0,0,998000,100000,898000,898000
08416P,T50反1元大9C售07,0,0,0,0,0,0,0,0,0,896000,0,0,0,896000,0,896000,896000
066906,聯發科凱基03購03,0,0,0,0,0,0,0,0,0,887000,0,0,0,913000,26000,887000,887000
065962,鴻海元大01購04  ,0,0,0,0,0,0,0,0,0,884000,0,0,0,884000,0,884000,884000
060596,元黃金凱基9A購02,0,0,0,0,0,0,0,0,0,883000,0,0,0,895000,12000,883000,883000
064881,聯茂兆豐01購02  ,0,0,0,0,0,0,0,0,0,883000,0,0,0,1169000,286000,883000,883000
00635U,元大S&P黃金     ,2000,15000,-13000,0,0,0,0,0,0,895000,0,0,0,1257000,362000,895000,882000
064821,聯電統一02購01  ,0,0,0,0,0,0,0,0,0,879000,0,0,0,1601000,722000,879000,879000
065311,TPK國票01購03   ,0,0,0,0,0,0,0,0,0,878000,0,0,0,1188000,310000,878000,878000
057839,台積電富邦9A購02,0,0,0,0,0,0,0,0,0,875000,0,0,0,1046000,171000,875000,875000
067068,台積電元大01購21,0,0,0,0,0,0,0,0,0,871000,0,0,0,1953000,1082000,871000,871000
6251,定穎            ,1295000,377000,918000,0,0,0,0,0,0,-50000,0,50000,-50000,0,0,0,868000
063976,正崴兆豐9C購01  ,0,0,0,0,0,0,0,0,0,864000,0,0,0,883000,19000,864000,864000
062183,奇鋐元大9B購01  ,0,0,0,0,0,0,0,0,0,860000,0,0,0,978000,118000,860000,860000
066688,台積電元富07購01,0,60000,-60000,0,0,0,0,0,0,915000,0,0,0,1123000,208000,915000,855000
058268,泰碩永豐9A購01  ,0,0,0,0,0,0,0,0,0,852000,0,0,0,852000,0,852000,852000
00648R,元大S&P500反1   ,0,0,0,0,0,0,0,0,0,849000,0,0,0,940000,91000,849000,849000
3443,創意            ,1684000,610000,1074000,0,0,0,0,92000,-92000,-134000,52000,151000,-99000,31000,66000,-35000,848000
08184P,可成永豐9B售03  ,0,0,0,0,0,0,0,0,0,846000,0,0,0,846000,0,846000,846000
00639,富邦深100       ,806000,126000,680000,0,0,0,0,0,0,150208,0,0,0,1297208,1147000,150208,830208
064713,和大統一02購01  ,0,0,0,0,0,0,0,0,0,813000,0,0,0,853000,40000,813000,813000
064238,玉晶光統一01購08,0,0,0,0,0,0,0,0,0,809000,0,0,0,1235000,426000,809000,809000
065658,聯發科富邦03購03,0,0,0,0,0,0,0,0,0,807000,0,0,0,1866000,1059000,807000,807000
063057,祥碩統一03購01  ,0,0,0,0,0,0,0,0,0,806000,0,0,0,1468000,662000,806000,806000
1598,岱宇            ,1410000,659201,750799,0,0,0,0,0,0,49000,84000,35000,49000,0,0,0,799799
067211,聯發科元大01購19,0,0,0,0,0,0,0,0,0,798000,0,0,0,821000,23000,798000,798000
2515,中工            ,1374000,615000,759000,0,0,0,0,0,0,36000,10000,30000,-20000,279000,223000,56000,795000
2834,臺企銀          ,20091000,6478607,13612393,0,0,0,1000,16000,-15000,-12806000,0,1648000,-1648000,0,11158000,-11158000,791393
045842,T50反1台新98購01,0,0,0,0,0,0,0,0,0,787000,0,0,0,2409000,1622000,787000,787000
058928,國巨統一9C購01  ,0,0,0,0,0,0,0,0,0,787000,0,0,0,1969000,1182000,787000,787000
051277,聯發科中信9A購01,8000,5000,3000,0,0,0,0,0,0,782000,0,0,0,790000,8000,782000,785000
055137,GIS富邦98購01   ,0,0,0,0,0,0,0,0,0,780000,0,0,0,780000,0,780000,780000
064837,TPK統一9C購02   ,0,0,0,0,0,0,0,0,0,776000,0,0,0,875000,99000,776000,776000
2905,三商            ,993000,227000,766000,0,0,0,0,0,0,4000,8000,4000,4000,0,0,0,770000
2421,建準            ,1056000,801000,255000,0,0,0,0,0,0,511000,307000,1000,306000,315000,110000,205000,766000
066042,正崴元大02購01  ,0,0,0,0,0,0,0,0,0,758000,0,0,0,758000,0,758000,758000
064444,聚陽統一01購02  ,0,0,0,0,0,0,0,0,0,756000,0,0,0,828000,72000,756000,756000
064299,宏碁兆豐9C購01  ,0,0,0,0,0,0,0,0,0,755000,0,0,0,999000,244000,755000,755000
065345,台光電統一01購04,0,0,0,0,0,0,0,0,0,753000,0,0,0,810000,57000,753000,753000
3704,合勤控          ,841000,259000,582000,0,0,0,0,0,0,169000,0,116000,-116000,320000,35000,285000,751000
08886P,台積電富邦04售04,0,0,0,0,0,0,0,0,0,744000,0,0,0,883000,139000,744000,744000
065447,緯創統一02購02  ,0,0,0,0,0,0,0,0,0,742000,0,0,0,814000,72000,742000,742000
067508,奇鋐統一03購01  ,0,0,0,0,0,0,0,0,0,741000,0,0,0,2221000,1480000,741000,741000
08627P,臺股指群益9C售22,0,0,0,0,0,0,0,0,0,732000,0,0,0,887000,155000,732000,732000
066905,台積電凱基03購03,0,0,0,0,0,0,0,0,0,727000,0,0,0,793000,66000,727000,727000
046881,智原富邦99購01  ,0,0,0,0,0,0,0,0,0,727000,0,0,0,730000,3000,727000,727000
064809,冠德元大9C購01  ,0,0,0,0,0,0,0,0,0,723000,0,0,0,1085000,362000,723000,723000
064655,聚陽元大9C購02  ,0,0,0,0,0,0,0,0,0,716000,0,0,0,757000,41000,716000,716000
2367,燿華            ,4924000,5491000,-567000,0,0,0,0,0,0,1282000,100000,13000,87000,2784000,1589000,1195000,715000
067311,欣興元大01購06  ,0,15000,-15000,0,0,0,0,0,0,728000,0,0,0,1305000,577000,728000,713000
08807P,可成元富07售02  ,0,0,0,0,0,0,0,0,0,710000,0,0,0,825000,115000,710000,710000
4725,信昌化          ,0,14467,-14467,0,0,0,0,0,0,720000,0,0,0,720000,0,720000,705533
1514,亞力            ,2215000,1510000,705000,0,0,0,0,0,0,0,50000,50000,0,0,0,0,705000
1326,台化            ,1906000,1136000,770000,0,0,0,1000,39000,-38000,-32000,0,28000,-28000,0,4000,-4000,700000
066756,長興永豐01購02  ,0,0,0,0,0,0,0,0,0,698000,0,0,0,881000,183000,698000,698000
067017,樺漢富邦04購01  ,0,0,0,0,0,0,0,0,0,697000,0,0,0,708000,11000,697000,697000
064384,聯電富邦01購01  ,0,0,0,0,0,0,0,0,0,697000,0,0,0,1044000,347000,697000,697000
064458,玉晶光統一01購09,0,0,0,0,0,0,0,0,0,694000,0,0,0,714000,20000,694000,694000
064999,T50反1國票9C購03,0,0,0,0,0,0,0,0,0,690000,0,0,0,759000,69000,690000,690000
064799,裕隆元大9C購02  ,0,0,0,0,0,0,0,0,0,684000,0,0,0,684000,0,684000,684000
063345,嘉晶統一9C購02  ,0,0,0,0,0,0,0,0,0,683000,0,0,0,769000,86000,683000,683000
3047,訊舟            ,797000,114000,683000,0,0,0,0,0,0,0,0,0,0,0,0,0,683000
057953,聚陽元大98購01  ,0,0,0,0,0,0,0,0,0,682000,0,0,0,682000,0,682000,682000
1802,台玻            ,2012000,1311000,701000,0,0,0,0,0,0,-21000,0,21000,-21000,0,0,0,680000
064147,瑞昱統一01購04  ,0,0,0,0,0,0,0,0,0,679000,0,0,0,804000,125000,679000,679000
067376,欣興統一01購01  ,0,0,0,0,0,0,0,0,0,675000,0,0,0,851000,176000,675000,675000
08824P,微星元大01售03  ,0,0,0,0,0,0,0,0,0,675000,0,0,0,805000,130000,675000,675000
065974,智原元大01購01  ,0,0,0,0,0,0,0,0,0,671000,0,0,0,820000,149000,671000,671000
2337,旺宏            ,2545000,2383000,162000,0,0,0,0,25000,-25000,526000,303000,17000,286000,370000,130000,240000,663000
064593,鈺齊永豐9C購01  ,0,0,0,0,0,0,0,0,0,661000,0,0,0,726000,65000,661000,661000
065353,GIS統一02購03   ,0,0,0,0,0,0,0,0,0,660000,0,0,0,1022000,362000,660000,660000
062590,亞光統一9B購01  ,0,0,0,0,0,0,0,0,0,649000,0,0,0,704000,55000,649000,649000
062734,臺指反國票9C購03,0,0,0,0,0,0,0,0,0,649000,0,0,0,649000,0,649000,649000
064728,健策統一9C購04  ,0,0,0,0,0,0,0,0,0,648000,0,0,0,673000,25000,648000,648000
063134,裕隆統一01購01  ,0,0,0,0,0,0,0,0,0,645000,0,0,0,774000,129000,645000,645000
03432B,臺股指凱基98熊13,0,0,0,0,0,0,0,0,0,643000,0,0,0,1539000,896000,643000,643000
066735,智原元大01購03  ,0,0,0,0,0,0,0,0,0,642000,0,0,0,1071000,429000,642000,642000
00676R,富邦臺灣加權反1 ,7000,7000,0,0,0,0,0,0,0,640000,0,0,0,1022000,382000,640000,640000
6202,盛群            ,650000,89000,561000,0,0,0,0,0,0,78000,0,1000,-1000,82000,3000,79000,639000
058646,聯茂富邦9A購01  ,0,0,0,0,0,0,0,0,0,637000,0,0,0,662000,25000,637000,637000
062809,同欣電統一9C購01,0,0,0,0,0,0,0,0,0,637000,0,0,0,814000,177000,637000,637000
057475,聯電元大9A購01  ,0,0,0,0,0,0,0,0,0,635000,0,0,0,2310000,1675000,635000,635000
066769,嘉基永豐01購02  ,0,0,0,0,0,0,0,0,0,634000,0,0,0,834000,200000,634000,634000
064719,聯發科統一02購01,0,0,0,0,0,0,0,0,0,632000,0,0,0,2045000,1413000,632000,632000
064474,華新科麥證01購01,0,0,0,635000,4000,631000,0,0,0,631000,0,0,0,635000,4000,631000,631000
062220,台光電統一01購01,0,0,0,0,0,0,0,0,0,629000,0,0,0,773000,144000,629000,629000
061511,緯穎富邦9B購02  ,0,0,0,0,0,0,0,0,0,629000,0,0,0,766000,137000,629000,629000
064137,台泥統一02購01  ,0,0,0,0,0,0,0,0,0,629000,0,0,0,649000,20000,629000,629000
064466,聯電元富9C購01  ,0,0,0,0,0,0,0,0,0,626000,0,0,0,1166000,540000,626000,626000
3006,晶豪科          ,1048000,462000,586000,0,0,0,0,1000,-1000,41000,2000,2000,0,129000,88000,41000,626000
066046,聯發科元大01購09,0,0,0,0,0,0,0,0,0,620000,0,0,0,678000,58000,620000,620000
064748,力成國票01購01  ,0,0,0,0,0,0,0,0,0,616000,0,0,0,656000,40000,616000,616000
058650,台虹永豐9A購01  ,0,0,0,0,0,0,0,0,0,606000,0,0,0,661000,55000,606000,606000
2360,致茂            ,1547000,1085743,461257,0,0,0,253000,194000,59000,84000,67000,12000,55000,37000,8000,29000,604257
067398,欣興永豐01購04  ,0,0,0,0,0,0,0,0,0,602000,0,0,0,656000,54000,602000,602000
055998,臺股指富邦99購01,0,0,0,0,0,0,0,0,0,599000,0,0,0,599000,0,599000,599000
064883,GIS兆豐01購01   ,0,0,0,0,0,0,0,0,0,598000,0,0,0,814000,216000,598000,598000
064326,裕隆元大9C購01  ,0,0,0,0,0,0,0,0,0,593000,0,0,0,693000,100000,593000,593000
064170,儒鴻元富9C購01  ,0,0,0,0,0,0,0,0,0,593000,0,0,0,612000,19000,593000,593000
063388,台光電兆豐9C購01,0,0,0,0,0,0,0,0,0,584000,0,0,0,755000,171000,584000,584000
063027,台汽電元大9B購01,0,0,0,0,0,0,0,0,0,583000,0,0,0,632000,49000,583000,583000
061033,台光電永豐9A購01,0,0,0,0,0,0,0,0,0,581000,0,0,0,820000,239000,581000,581000
064370,聯茂統一02購01  ,0,0,0,0,0,0,0,0,0,581000,0,0,0,613000,32000,581000,581000
2610,華航            ,1958000,1344000,614000,0,0,0,0,0,0,-33000,4000,35000,-31000,0,2000,-2000,581000
4960,誠美材          ,680000,103000,577000,0,0,0,0,0,0,0,0,0,0,0,0,0,577000
059730,晶相光元大9C購02,0,0,0,0,0,0,0,0,0,570000,0,0,0,696000,126000,570000,570000
066434,台虹元大01購01  ,0,0,0,0,0,0,0,0,0,566000,0,0,0,921000,355000,566000,566000
060107,旭富元大99購03  ,0,0,0,0,0,0,0,0,0,564000,0,0,0,564000,0,564000,564000
065951,聯發科統一01購08,0,0,0,0,0,0,0,0,0,563000,0,0,0,922000,359000,563000,563000
065753,正崴元大9C購02  ,0,0,0,0,0,0,0,0,0,561000,0,0,0,562000,1000,561000,561000
2332,友訊            ,6760000,8650000,-1890000,0,0,0,0,0,0,2451000,286000,47000,239000,2288000,76000,2212000,561000
064165,同欣電統一01購01,0,0,0,0,0,0,0,0,0,560000,0,0,0,1889000,1329000,560000,560000
064445,聚陽統一02購01  ,0,0,0,0,0,0,0,0,0,559000,0,0,0,559000,0,559000,559000
066423,智原元大01購02  ,0,0,0,0,0,0,0,0,0,558000,0,0,0,597000,39000,558000,558000
066204,京鼎統一02購01  ,0,0,0,0,0,0,0,0,0,557000,0,0,0,557000,0,557000,557000
065014,南電國泰01購01  ,0,0,0,0,0,0,0,0,0,557000,0,0,0,687000,130000,557000,557000
06638P,鴻海統一99售02  ,0,0,0,0,0,0,0,0,0,555000,0,0,0,555000,0,555000,555000
063346,TPK統一9C購01   ,0,0,0,0,0,0,0,0,0,555000,0,0,0,592000,37000,555000,555000
08849P,國巨群益01售07  ,0,0,0,0,0,0,0,0,0,554000,0,0,0,560000,6000,554000,554000
065193,和大元富03購02  ,0,0,0,0,0,0,0,0,0,553000,0,0,0,639000,86000,553000,553000
063583,GIS國泰01購01   ,0,0,0,0,0,0,0,0,0,553000,0,0,0,1455000,902000,553000,553000
056312,茂林元大98購01  ,0,0,0,0,0,0,0,0,0,550000,0,0,0,550000,0,550000,550000
064822,台達電統一01購03,0,0,0,0,0,0,0,0,0,550000,0,0,0,970000,420000,550000,550000
066819,樺漢兆豐01購01  ,0,0,0,0,0,0,0,0,0,549000,0,0,0,569000,20000,549000,549000
07227P,聯發科元富99售05,0,0,0,0,0,0,0,0,0,549000,0,0,0,549000,0,549000,549000
067620,聚陽國泰02購01  ,0,0,0,0,0,0,0,0,0,548000,0,0,0,654000,106000,548000,548000
065404,玉晶光國泰02購03,0,0,0,0,0,0,0,0,0,548000,0,0,0,1115000,567000,548000,548000
059043,聯電日盛99購01  ,0,0,0,0,0,0,0,0,0,547000,0,0,0,547000,0,547000,547000
065948,燿華統一01購02  ,0,0,0,0,0,0,0,0,0,546000,0,0,0,823000,277000,546000,546000
066205,京鼎統一03購01  ,0,0,0,0,0,0,0,0,0,544000,0,0,0,762000,218000,544000,544000
066237,京鼎富邦04購01  ,0,0,0,0,0,0,0,0,0,544000,0,0,0,610000,66000,544000,544000
2390,云辰            ,2168000,1623000,545000,0,0,0,0,0,0,-1000,0,1000,-1000,0,0,0,544000
047885,元金2X富邦99購01,0,0,0,0,0,0,0,0,0,543000,0,0,0,543000,0,543000,543000
061081,宏碁兆豐9A購01  ,0,0,0,0,0,0,0,0,0,540000,0,0,0,597000,57000,540000,540000
057257,台泥兆豐99購01  ,0,0,0,0,0,0,0,0,0,539000,0,0,0,542000,3000,539000,539000
8215,明基材          ,683000,143000,540000,0,0,0,0,0,0,-1000,0,1000,-1000,0,0,0,539000
2357,華碩            ,1162505,763000,399505,0,0,0,258000,13000,245000,-107000,0,2000,-2000,14000,119000,-105000,537505
9958,世紀鋼          ,1919000,1722000,197000,0,0,0,50000,0,50000,290000,75000,27000,48000,470000,228000,242000,537000
066704,創意群益01購02  ,0,0,0,0,0,0,0,0,0,536000,0,0,0,1410000,874000,536000,536000
062020,智伸科永豐9B購01,0,0,0,0,0,0,0,0,0,536000,0,0,0,541000,5000,536000,536000
058807,和大統一9B購01  ,0,0,0,0,0,0,0,0,0,536000,0,0,0,556000,20000,536000,536000
065200,健策元富9C購04  ,0,0,0,0,0,0,0,0,0,534000,0,0,0,701000,167000,534000,534000
066873,健策國泰02購01  ,0,0,0,0,0,0,0,0,0,533000,0,0,0,617000,84000,533000,533000
065928,創意國票02購01  ,0,0,0,0,0,0,0,0,0,530000,0,0,0,540000,10000,530000,530000
057357,超眾統一98購01  ,0,0,0,0,0,0,0,0,0,529000,0,0,0,530000,1000,529000,529000
060284,南港元大01購01  ,0,0,0,0,0,0,0,0,0,526000,0,0,0,624000,98000,526000,526000
07774P,台灣50群益9A售16,0,0,0,0,0,0,0,0,0,525000,0,0,0,525000,0,525000,525000
8213,志超            ,579000,58000,521000,0,0,0,0,0,0,4000,12000,0,12000,0,8000,-8000,525000
066584,滬深2X群益03購01,0,0,0,0,0,0,0,0,0,524000,0,0,0,529000,5000,524000,524000
064233,燿華統一9C購02  ,0,0,0,0,0,0,0,0,0,524000,0,0,0,775000,251000,524000,524000
2345,智邦            ,1744597,1425000,319597,0,0,0,0,21000,-21000,225000,61000,15000,46000,198000,19000,179000,523597
063341,燿華統一9C購01  ,0,0,0,0,0,0,0,0,0,523000,0,0,0,1179000,656000,523000,523000
062060,奇鋐統一9C購01  ,0,0,0,0,0,0,0,0,0,522000,0,0,0,1361000,839000,522000,522000
2401,凌陽            ,1930000,1390000,540000,0,0,0,0,0,0,-18000,5000,23000,-18000,0,0,0,522000
065585,聯發科富邦03購02,0,0,0,0,0,0,0,0,0,521000,0,0,0,1647000,1126000,521000,521000
064796,緯穎國票01購01  ,0,0,0,0,0,0,0,0,0,520000,0,0,0,795000,275000,520000,520000
4935,茂林-KY         ,811000,226000,585000,0,0,0,0,72000,-72000,6000,100000,24000,76000,52000,122000,-70000,519000
065682,健策統一9C購07  ,0,0,0,0,0,0,0,0,0,516000,0,0,0,622000,106000,516000,516000
064517,國巨群益02購01  ,0,0,0,0,0,0,0,0,0,515000,0,0,0,600000,85000,515000,515000
067391,健策元富01購02  ,0,0,0,0,0,0,0,0,0,514000,0,0,0,517000,3000,514000,514000
058699,楠梓電元大99購02,0,0,0,0,0,0,0,0,0,514000,0,0,0,514000,0,514000,514000
067205,台積電元大01購22,0,19000,-19000,0,0,0,0,0,0,530000,0,0,0,1096000,566000,530000,511000
2387,精元            ,642000,493000,149000,0,0,0,0,0,0,361000,0,16000,-16000,385000,8000,377000,510000
061027,儒鴻永豐9A購02  ,0,0,0,0,0,0,0,0,0,509000,0,0,0,509000,0,509000,509000
067223,嘉基元大01購02  ,0,0,0,0,0,0,0,0,0,506000,0,0,0,508000,2000,506000,506000
064054,中租統一02購01  ,0,0,0,0,0,0,0,0,0,506000,0,0,0,506000,0,506000,506000
2106,建大            ,570000,60000,510000,0,0,0,0,0,0,-4000,0,4000,-4000,0,0,0,506000
2108,南帝            ,745000,272000,473000,0,0,0,0,0,0,33000,24000,4000,20000,29000,16000,13000,506000
07652P,臺股指中信9A售07,0,0,0,0,0,0,0,0,0,504000,0,0,0,504000,0,504000,504000
059044,聯電日盛99購02  ,0,0,0,0,0,0,0,0,0,504000,0,0,0,504000,0,504000,504000
056737,國巨凱基9A購01  ,0,0,0,0,0,0,0,0,0,500000,0,0,0,500000,0,500000,500000
065039,國巨凱基02購02  ,0,0,0,0,0,0,0,0,0,500000,0,0,0,598000,98000,500000,500000
066010,凌華統一04購01  ,0,0,0,0,0,0,0,0,0,499000,0,0,0,499000,0,499000,499000
063723,儒鴻元大9B購04  ,0,0,0,0,0,0,0,0,0,499000,0,0,0,513000,14000,499000,499000
060288,群光元大9C購01  ,2000,0,2000,0,0,0,0,0,0,496000,0,0,0,612000,116000,496000,498000
07981P,上銀群益9B售04  ,0,0,0,0,0,0,0,0,0,497000,0,0,0,504000,7000,497000,497000
060242,潤泰全元大9C購01,0,0,0,0,0,0,0,0,0,496000,0,0,0,596000,100000,496000,496000
064682,嘉聯益兆豐01購01,0,0,0,0,0,0,0,0,0,493000,0,0,0,591000,98000,493000,493000
058930,華新科統一9B購01,0,0,0,0,0,0,0,0,0,492000,0,0,0,578000,86000,492000,492000
057315,台灣50康和9A購03,0,0,0,0,0,0,0,0,0,490000,0,0,0,490000,0,490000,490000
060881,玉山金中信02購01,0,0,0,0,0,0,0,0,0,490000,0,0,0,505000,15000,490000,490000
063337,國巨統一02購02  ,0,0,0,0,0,0,0,0,0,490000,0,0,0,582000,92000,490000,490000
3698,隆達            ,720000,256000,464000,0,0,0,0,0,0,26000,30000,4000,26000,0,0,0,490000
059581,日月光元富99購02,0,0,0,0,0,0,0,0,0,489000,0,0,0,668000,179000,489000,489000
067408,達方永豐01購02  ,0,0,0,0,0,0,0,0,0,488000,0,0,0,488000,0,488000,488000
058328,世紀鋼統一9B購01,0,0,0,0,0,0,0,0,0,488000,0,0,0,731000,243000,488000,488000
061824,聯電麥證9B購01  ,0,0,0,489000,1000,488000,0,0,0,488000,0,0,0,489000,1000,488000,488000
058139,臻鼎元大99購01  ,0,0,0,0,0,0,0,0,0,487000,0,0,0,487000,0,487000,487000
059093,旭富元大99購01  ,0,0,0,0,0,0,0,0,0,486000,0,0,0,787000,301000,486000,486000
059760,楠梓電永豐99購01,0,0,0,0,0,0,0,0,0,485000,0,0,0,575000,90000,485000,485000
9938,百和            ,659000,218000,441000,0,0,0,0,0,0,44000,0,1000,-1000,50000,5000,45000,485000
1308,亞聚            ,504000,411000,93000,0,0,0,0,1000,-1000,392000,105000,13000,92000,304000,4000,300000,484000
066834,泰鼎群益01購01  ,0,0,0,0,0,0,0,0,0,483000,0,0,0,483000,0,483000,483000
055619,同欣電國票98購02,0,0,0,0,0,0,0,0,0,482000,0,0,0,516000,34000,482000,482000
063436,儒鴻統一01購03  ,0,0,0,0,0,0,0,0,0,482000,0,0,0,540000,58000,482000,482000
062413,台光電中信9B購02,0,0,0,0,0,0,0,0,0,482000,0,0,0,484000,2000,482000,482000
08644P,臺股指中信02售02,0,0,0,0,0,0,0,0,0,481000,0,0,0,660000,179000,481000,481000
8016,矽創            ,628000,159000,469000,0,0,0,0,0,0,12000,0,0,0,23000,11000,12000,481000
4938,和碩            ,3611086,3465000,146086,0,0,0,889000,39000,850000,-516000,0,120000,-120000,14000,410000,-396000,480086
062514,玉晶光國票9C購02,0,0,0,0,0,0,0,0,0,479000,0,0,0,479000,0,479000,479000
067210,聯發科元大01購18,0,0,0,0,0,0,0,0,0,478000,0,0,0,592000,114000,478000,478000
6168,宏齊            ,561000,86000,475000,0,0,0,0,0,0,-1000,0,1000,-1000,0,0,0,474000
07965P,玉晶光群益01售02,0,0,0,0,0,0,0,0,0,473000,0,0,0,673000,200000,473000,473000
08276P,可成元富9C售02  ,0,0,0,0,0,0,0,0,0,473000,0,0,0,865000,392000,473000,473000
057289,力成元大98購03  ,0,0,0,0,0,0,0,0,0,473000,0,0,0,473000,0,473000,473000
060030,晶相光永豐99購03,0,0,0,0,0,0,0,0,0,473000,0,0,0,476000,3000,473000,473000
065942,燿華元富01購01  ,0,0,0,0,0,0,0,0,0,473000,0,0,0,570000,97000,473000,473000
067275,聯發科統一02購07,0,0,0,0,0,0,0,0,0,471000,0,0,0,1093000,622000,471000,471000
066997,樺漢國泰03購01  ,0,0,0,0,0,0,0,0,0,470000,0,0,0,615000,145000,470000,470000
061600,聯電凱基9B購01  ,0,0,0,0,0,0,0,0,0,470000,0,0,0,690000,220000,470000,470000
08482P,亞德客群益9C售02,0,0,0,0,0,0,0,0,0,470000,0,0,0,509000,39000,470000,470000
061370,晶技國泰9C購01  ,0,0,0,0,0,0,0,0,0,468000,0,0,0,482000,14000,468000,468000
067477,億光元大01購01  ,0,0,0,0,0,0,0,0,0,464000,0,0,0,474000,10000,464000,464000
055899,群創中信99購01  ,0,0,0,0,0,0,0,0,0,462000,0,0,0,920000,458000,462000,462000
064926,臻鼎統一02購01  ,0,0,0,0,0,0,0,0,0,462000,0,0,0,499000,37000,462000,462000
063495,台光電富邦9C購01,0,0,0,0,0,0,0,0,0,461000,0,0,0,803000,342000,461000,461000
07358P,鴻海元大99售39  ,0,0,0,0,0,0,0,0,0,460000,0,0,0,470000,10000,460000,460000
05644P,大立光中信9A售03,0,0,0,0,0,0,0,0,0,460000,0,0,0,701000,241000,460000,460000
065271,日月光元大9C購02,0,0,0,0,0,0,0,0,0,459000,0,0,0,486000,27000,459000,459000
067061,亞泥元大01購01  ,0,0,0,0,0,0,0,0,0,453000,0,0,0,739000,286000,453000,453000
4977,眾達-KY         ,482000,459000,23000,0,0,0,276000,0,276000,154000,34000,25000,9000,149000,4000,145000,453000
058790,楠梓電元大99購03,0,0,0,0,0,0,0,0,0,451000,0,0,0,527000,76000,451000,451000
063829,晶技國票01購01  ,0,0,0,0,0,0,0,0,0,451000,0,0,0,451000,0,451000,451000
3515,華擎            ,643000,177000,466000,0,0,0,0,0,0,-15000,45000,83000,-38000,34000,11000,23000,451000
061491,嘉聯益兆豐9B購01,0,0,0,0,0,0,0,0,0,450000,0,0,0,450000,0,450000,450000
064924,健策統一9C購05  ,0,0,0,0,0,0,0,0,0,450000,0,0,0,470000,20000,450000,450000
065861,台汽電元大9C購01,0,0,0,0,0,0,0,0,0,450000,0,0,0,450000,0,450000,450000
058547,世紀鋼富邦9A購01,0,0,0,0,0,0,0,0,0,447000,0,0,0,447000,0,447000,447000
064242,TPK統一02購01   ,0,0,0,0,0,0,0,0,0,447000,0,0,0,532000,85000,447000,447000
6226,光鼎            ,488000,43000,445000,0,0,0,0,0,0,0,0,0,0,0,0,0,445000
066253,泰豐元大01購01  ,0,0,0,0,0,0,0,0,0,444000,0,0,0,792000,348000,444000,444000
067302,聯發科元大01購20,0,0,0,0,0,0,0,0,0,444000,0,0,0,580000,136000,444000,444000
9802,鈺齊-KY         ,315000,596000,-281000,0,0,0,680000,0,680000,44000,29000,49000,-20000,98000,34000,64000,443000
9914,美利達          ,1071000,615650,455350,0,0,0,40000,0,40000,-53000,0,17000,-17000,9000,45000,-36000,442350
067638,台積電統一03購02,0,0,0,0,0,0,0,0,0,440000,0,0,0,510000,70000,440000,440000
067087,帆宣元大01購03  ,0,0,0,0,0,0,0,0,0,437000,0,0,0,458000,21000,437000,437000
065604,聯發科元大9C購17,0,0,0,0,0,0,0,0,0,436000,0,0,0,824000,388000,436000,436000
067691,台虹元大01購03  ,0,0,0,0,0,0,0,0,0,434000,0,0,0,510000,76000,434000,434000
08422P,玉晶光群益02售03,0,0,0,0,0,0,0,0,0,434000,0,0,0,435000,1000,434000,434000
063449,全新統一9B購02  ,0,0,0,0,0,0,0,0,0,433000,0,0,0,560000,127000,433000,433000
061769,晶技元大9B購03  ,0,0,0,0,0,0,0,0,0,433000,0,0,0,512000,79000,433000,433000
2342,茂矽            ,2133000,1879000,254000,0,0,0,180000,0,180000,-2000,0,2000,-2000,0,0,0,432000
067499,帆宣元大01購04  ,0,0,0,0,0,0,0,0,0,431000,0,0,0,735000,304000,431000,431000
2314,台揚            ,1185000,754000,431000,0,0,0,0,0,0,0,0,0,0,0,0,0,431000
063592,瑞祺永豐9B購02  ,0,0,0,0,0,0,0,0,0,430000,0,0,0,498000,68000,430000,430000
060561,台積電富邦04購01,0,0,0,0,0,0,0,0,0,429000,0,0,0,476000,47000,429000,429000
061956,和大統一01購01  ,0,0,0,0,0,0,0,0,0,429000,0,0,0,429000,0,429000,429000
066052,景碩元大02購01  ,0,0,0,0,0,0,0,0,0,429000,0,0,0,601000,172000,429000,429000
047505,元金2X國票9B購01,0,0,0,0,0,0,0,0,0,428000,0,0,0,428000,0,428000,428000
065258,華邦電元大01購01,0,0,0,0,0,0,0,0,0,428000,0,0,0,742000,314000,428000,428000
08536P,台積電國票9C售08,0,0,0,0,0,0,0,0,0,428000,0,0,0,744000,316000,428000,428000
067520,健策元富01購03  ,0,0,0,0,0,0,0,0,0,427000,0,0,0,513000,86000,427000,427000
066453,嘉基群益01購01  ,0,0,0,0,0,0,0,0,0,427000,0,0,0,477000,50000,427000,427000
056392,玉晶光富邦9C購01,0,0,0,0,0,0,0,0,0,427000,0,0,0,1010000,583000,427000,427000
064536,富邦金國票01購01,0,0,0,0,0,0,0,0,0,427000,0,0,0,619000,192000,427000,427000
066998,訊芯國泰03購01  ,0,0,0,0,0,0,0,0,0,426000,0,0,0,493000,67000,426000,426000
07709P,創意元大9A售01  ,0,0,0,0,0,0,0,0,0,424000,0,0,0,526000,102000,424000,424000
064070,祥碩永豐9C購01  ,0,0,0,0,0,0,0,0,0,424000,0,0,0,543000,119000,424000,424000
3545,敦泰            ,763000,313000,450000,0,0,0,0,0,0,-29000,0,19000,-19000,14000,24000,-10000,421000
066765,揚明光永豐01購01,0,0,0,0,0,0,0,0,0,419000,0,0,0,771000,352000,419000,419000
059975,元金2X元大99購02,0,0,0,0,0,0,0,0,0,419000,0,0,0,421000,2000,419000,419000
065877,TPK群益9C購05   ,0,0,0,0,0,0,0,0,0,419000,0,0,0,478000,59000,419000,419000
6706,惠特            ,401000,330000,71000,0,0,0,271000,96000,175000,173000,128000,0,128000,92000,47000,45000,419000
062396,華通永豐9B購01  ,0,0,0,0,0,0,0,0,0,418000,0,0,0,669000,251000,418000,418000
4919,新唐            ,456000,233000,223000,0,0,0,0,1000,-1000,195000,0,1000,-1000,207000,11000,196000,417000
3024,憶聲            ,475000,58000,417000,0,0,0,0,0,0,0,0,0,0,0,0,0,417000
058156,超眾統一9A購02  ,0,0,0,0,0,0,0,0,0,416000,0,0,0,560000,144000,416000,416000
062321,力成台新9B購01  ,0,0,0,0,0,0,0,0,0,414000,0,0,0,608000,194000,414000,414000
064578,TPK國泰02購01   ,0,0,0,0,0,0,0,0,0,413000,0,0,0,671000,258000,413000,413000
6142,友勁            ,434000,21000,413000,0,0,0,0,0,0,0,0,0,0,0,0,0,413000
062635,創意國票9B購01  ,0,0,0,0,0,0,0,0,0,412000,0,0,0,423000,11000,412000,412000
065775,神隆國泰03購01  ,0,0,0,0,0,0,0,0,0,412000,0,0,0,606000,194000,412000,412000
2505,國揚            ,1028000,1220000,-192000,0,0,0,0,0,0,604000,155000,0,155000,481000,32000,449000,412000
062549,中租永豐9B購01  ,0,0,0,0,0,0,0,0,0,408000,0,0,0,418000,10000,408000,408000
065745,裕隆元大9C購03  ,0,0,0,0,0,0,0,0,0,406000,0,0,0,406000,0,406000,406000
065662,台勝科永豐9C購01,0,0,0,0,0,0,0,0,0,406000,0,0,0,406000,0,406000,406000
064563,全新群益02購01  ,0,0,0,0,0,0,0,0,0,406000,0,0,0,417000,11000,406000,406000
058733,同欣電永豐99購02,0,0,0,0,0,0,0,0,0,404000,0,0,0,632000,228000,404000,404000
065680,聯發科統一9C購16,0,0,0,0,0,0,0,0,0,402000,0,0,0,1526000,1124000,402000,402000
066856,致新元大01購01  ,0,0,0,0,0,0,0,0,0,400000,0,0,0,517000,117000,400000,400000
057502,訊芯群益98購02  ,0,0,0,0,0,0,0,0,0,400000,0,0,0,400000,0,400000,400000
2634,漢翔            ,250000,123000,127000,0,0,0,0,2000,-2000,274000,0,7000,-7000,284000,3000,281000,399000
066949,聯發科元大01購17,0,0,0,0,0,0,0,0,0,398000,0,0,0,595000,197000,398000,398000
08708P,華通台新01售01  ,0,0,0,0,0,0,0,0,0,398000,0,0,0,410000,12000,398000,398000
063265,瑞祺永豐9B購01  ,0,0,0,0,0,0,0,0,0,396000,0,0,0,411000,15000,396000,396000
064703,T50反1國泰01購01,0,0,0,0,0,0,0,0,0,394000,0,0,0,605000,211000,394000,394000
064480,聚陽永豐9C購01  ,0,0,0,0,0,0,0,0,0,394000,0,0,0,435000,41000,394000,394000
064127,聯發科元大9C購06,0,0,0,0,0,0,0,0,0,394000,0,0,0,395000,1000,394000,394000
2485,兆赫            ,433000,42000,391000,0,0,0,0,0,0,3000,9000,6000,3000,0,0,0,394000
063054,健鼎統一01購01  ,0,0,0,0,0,0,0,0,0,393000,0,0,0,501000,108000,393000,393000
065995,台虹永豐01購01  ,0,0,0,0,0,0,0,0,0,393000,0,0,0,523000,130000,393000,393000
066464,台郡統一02購02  ,5000,0,5000,0,0,0,0,0,0,386000,0,0,0,828000,442000,386000,391000
2436,偉詮電          ,563000,174000,389000,0,0,0,0,0,0,2000,6000,4000,2000,0,0,0,391000
06694P,臺股指凱基99售13,0,0,0,0,0,0,0,0,0,390000,0,0,0,390000,0,390000,390000
067214,聯陽元大01購02  ,0,0,0,0,0,0,0,0,0,390000,0,0,0,420000,30000,390000,390000
07719P,臺股指群益9A售08,0,0,0,0,0,0,0,0,0,390000,0,0,0,550000,160000,390000,390000
064323,滬深2X元大9C購09,0,0,0,0,0,0,0,0,0,390000,0,0,0,409000,19000,390000,390000
066234,群光富邦04購01  ,0,0,0,0,0,0,0,0,0,389000,0,0,0,667000,278000,389000,389000
056783,國巨群益99購01  ,0,0,0,0,0,0,0,0,0,389000,0,0,0,438000,49000,389000,389000
054803,味全元大9A購01  ,0,0,0,0,0,0,0,0,0,388000,0,0,0,388000,0,388000,388000
065017,和大富邦03購01  ,0,0,0,0,0,0,0,0,0,388000,0,0,0,388000,0,388000,388000
1477,聚陽            ,1228000,442000,786000,0,0,0,5000,38000,-33000,-365000,13000,216000,-203000,4000,166000,-162000,388000
064183,聯茂富邦01購01  ,0,0,0,0,0,0,0,0,0,387000,0,0,0,522000,135000,387000,387000
063143,嘉澤統一9B購02  ,0,0,0,0,0,0,0,0,0,386000,0,0,0,475000,89000,386000,386000
065461,台光電中信9C購01,0,0,0,0,0,0,0,0,0,385000,0,0,0,491000,106000,385000,385000
057684,聯茂日盛99購01  ,0,0,0,0,0,0,0,0,0,384000,0,0,0,384000,0,384000,384000
2457,飛宏            ,479000,92000,387000,0,0,0,0,0,0,-3000,0,3000,-3000,0,0,0,384000
067310,欣興元大01購05  ,0,0,0,0,0,0,0,0,0,383000,0,0,0,1133000,750000,383000,383000
061477,晶豪科元大9A購01,0,0,0,0,0,0,0,0,0,382000,0,0,0,532000,150000,382000,382000
6139,亞翔            ,512000,130000,382000,0,0,0,0,0,0,0,0,0,0,0,0,0,382000
066854,樺漢元大01購02  ,0,0,0,0,0,0,0,0,0,381000,0,0,0,385000,4000,381000,381000
064189,TPK永豐9C購01   ,0,0,0,0,0,0,0,0,0,381000,0,0,0,701000,320000,381000,381000
056735,國巨凱基99購02  ,0,0,0,0,0,0,0,0,0,380000,0,0,0,490000,110000,380000,380000
060246,晶相光元大9C購03,0,0,0,0,0,0,0,0,0,380000,0,0,0,380000,0,380000,380000
1590,亞德客-KY       ,1354630,1037000,317630,0,0,0,15000,63000,-48000,110000,8000,6000,2000,118000,10000,108000,379630
066472,美利達統一02購01,0,0,0,0,0,0,0,0,0,379000,0,0,0,575000,196000,379000,379000
063359,泰鼎國泰01購01  ,0,0,0,0,0,0,0,0,0,379000,0,0,0,461000,82000,379000,379000
067077,智原元大01購04  ,0,0,0,0,0,0,0,0,0,377000,0,0,0,590000,213000,377000,377000
066958,日月光元大01購02,0,0,0,0,0,0,0,0,0,376000,0,0,0,431000,55000,376000,376000
063232,裕隆元大9B購01  ,0,0,0,0,0,0,0,0,0,376000,0,0,0,376000,0,376000,376000
2880,華南金          ,3525582,3008950,516632,0,0,0,1000,87000,-86000,-55000,1000,49000,-48000,0,7000,-7000,375632
063268,GIS中信9B購01   ,0,0,0,0,0,0,0,0,0,375000,0,0,0,489000,114000,375000,375000
1720,生達            ,524000,206000,318000,0,0,0,0,0,0,57000,0,0,0,60000,3000,57000,375000
066896,緯穎兆豐03購01  ,0,0,0,0,0,0,0,0,0,374000,0,0,0,511000,137000,374000,374000
066242,惠特富邦03購01  ,0,0,0,0,0,0,0,0,0,374000,0,0,0,961000,587000,374000,374000
059851,晶相光永豐99購02,0,0,0,0,0,0,0,0,0,374000,0,0,0,394000,20000,374000,374000
065895,台勝科統一02購01,0,0,0,0,0,0,0,0,0,374000,0,0,0,482000,108000,374000,374000
066459,智原統一01購01  ,0,0,0,0,0,0,0,0,0,373000,0,0,0,488000,115000,373000,373000
061517,瑞祺永豐9A購03  ,0,0,0,0,0,0,0,0,0,372000,0,0,0,380000,8000,372000,372000
066967,台積電元富07購03,0,0,0,0,0,0,0,0,0,371000,0,0,0,422000,51000,371000,371000
065611,嘉聯益元大9C購02,0,0,0,0,0,0,0,0,0,371000,0,0,0,495000,124000,371000,371000
058852,貿聯群益99購04  ,0,0,0,0,0,0,0,0,0,370000,0,0,0,370000,0,370000,370000
065450,同欣電統一01購03,0,0,0,0,0,0,0,0,0,370000,0,0,0,871000,501000,370000,370000
066218,美利達統一03購02,0,0,0,0,0,0,0,0,0,369000,0,0,0,421000,52000,369000,369000
06822P,上銀富邦99售03  ,0,0,0,0,0,0,0,0,0,369000,0,0,0,479000,110000,369000,369000
062682,全新統一9B購01  ,0,0,0,0,0,0,0,0,0,369000,0,0,0,372000,3000,369000,369000
060570,南亞科永豐9A購01,0,0,0,0,0,0,0,0,0,367000,0,0,0,367000,0,367000,367000
065700,京元電群益9C購01,0,0,0,0,0,0,0,0,0,367000,0,0,0,392000,25000,367000,367000
3703,欣陸            ,467000,235000,232000,0,0,0,0,0,0,135000,275000,140000,135000,0,0,0,367000
065285,宏碁群益01購01  ,0,0,0,0,0,0,0,0,0,365000,0,0,0,442000,77000,365000,365000
067022,台虹中信01購01  ,0,0,0,0,0,0,0,0,0,363000,0,0,0,633000,270000,363000,363000
056657,華邦電元大99購01,0,0,0,0,0,0,0,0,0,363000,0,0,0,663000,300000,363000,363000
065656,聯發科國泰03購01,0,0,0,0,0,0,0,0,0,363000,0,0,0,425000,62000,363000,363000
063294,美律麥證9B購01  ,0,0,0,394000,32000,362000,0,0,0,362000,0,0,0,394000,32000,362000,362000
063259,廣達富邦9C購01  ,0,0,0,0,0,0,0,0,0,361000,0,0,0,962000,601000,361000,361000
062819,奇鋐兆豐9B購01  ,0,0,0,0,0,0,0,0,0,361000,0,0,0,525000,164000,361000,361000
1440,南紡            ,790000,317000,473000,0,0,0,0,0,0,-112000,11000,124000,-113000,1000,0,1000,361000
066737,創意元大01購05  ,0,0,0,0,0,0,0,0,0,360000,0,0,0,543000,183000,360000,360000
063290,GIS元大9B購02   ,0,0,0,0,0,0,0,0,0,360000,0,0,0,380000,20000,360000,360000
066828,聯發科群益02購05,25000,0,25000,0,0,0,0,0,0,334000,0,0,0,503000,169000,334000,359000
057451,大立光元富9B購01,0,0,0,0,0,0,0,0,0,359000,0,0,0,421000,62000,359000,359000
061886,力山國泰01購01  ,0,0,0,0,0,0,0,0,0,359000,0,0,0,563000,204000,359000,359000
064612,聯電元大01購01  ,0,0,0,0,0,0,0,0,0,359000,0,0,0,762000,403000,359000,359000
1701,中化            ,761000,783000,-22000,0,0,0,0,0,0,381000,168000,0,168000,228000,15000,213000,359000
066799,台光電凱基01購02,0,0,0,0,0,0,0,0,0,357000,0,0,0,407000,50000,357000,357000
066526,創意統一05購01  ,0,0,0,0,0,0,0,0,0,357000,0,0,0,397000,40000,357000,357000
057508,康控國票99購03  ,0,0,0,0,0,0,0,0,0,357000,0,0,0,439000,82000,357000,357000
067341,欣興凱基03購01  ,0,0,0,0,0,0,0,0,0,356000,0,0,0,374000,18000,356000,356000
062647,南電國泰9C購02  ,0,0,0,0,0,0,0,0,0,356000,0,0,0,393000,37000,356000,356000
061518,達方永豐9A購02  ,0,0,0,0,0,0,0,0,0,356000,0,0,0,357000,1000,356000,356000
07208P,台積電凱基99售14,0,0,0,0,0,0,0,0,0,355000,0,0,0,355000,0,355000,355000
066569,帆宣元大01購02  ,0,0,0,0,0,0,0,0,0,355000,0,0,0,455000,100000,355000,355000
061293,聯茂統一9A購01  ,0,0,0,0,0,0,0,0,0,355000,0,0,0,365000,10000,355000,355000
2104,國際中橡        ,501000,139000,362000,0,0,0,0,0,0,-7000,0,7000,-7000,0,0,0,355000
5434,崇越            ,481000,99000,382000,0,0,0,0,1000,-1000,-28000,3000,51000,-48000,20000,0,20000,353000
063126,TPK元大9B購01   ,0,0,0,0,0,0,0,0,0,352000,0,0,0,372000,20000,352000,352000
064379,TPK元富9C購01   ,0,0,0,0,0,0,0,0,0,352000,0,0,0,552000,200000,352000,352000
063705,臻鼎群益9B購03  ,0,0,0,0,0,0,0,0,0,352000,0,0,0,362000,10000,352000,352000
065857,嘉聯益元大9C購03,0,0,0,0,0,0,0,0,0,352000,0,0,0,389000,37000,352000,352000
08744P,臺股指凱基02售05,0,0,0,0,0,0,0,0,0,352000,0,0,0,654000,302000,352000,352000
07917P,可成永豐9B售01  ,0,0,0,0,0,0,0,0,0,351000,0,0,0,351000,0,351000,351000
062805,台勝科統一9C購01,0,0,0,0,0,0,0,0,0,351000,0,0,0,351000,0,351000,351000
067012,台虹永豐01購02  ,0,0,0,0,0,0,0,0,0,350000,0,0,0,451000,101000,350000,350000
067013,致新永豐01購01  ,0,0,0,0,0,0,0,0,0,350000,0,0,0,350000,0,350000,350000
064188,玉晶光永豐9C購02,0,0,0,0,0,0,0,0,0,350000,0,0,0,537000,187000,350000,350000
00655L,國泰中國A50正2  ,25000,479000,-454000,0,0,0,0,0,0,803000,0,0,0,2937000,2134000,803000,349000
08628P,微星中信9C售01  ,0,0,0,0,0,0,0,0,0,349000,0,0,0,640000,291000,349000,349000
066203,景碩統一03購01  ,0,0,0,0,0,0,0,0,0,348000,0,0,0,396000,48000,348000,348000
065608,緯創元大9C購04  ,0,0,0,0,0,0,0,0,0,348000,0,0,0,410000,62000,348000,348000
057287,彩晶元大9C購03  ,0,0,0,0,0,0,0,0,0,347000,0,0,0,1134000,787000,347000,347000
054574,美律元大99購01  ,0,0,0,0,0,0,0,0,0,346000,0,0,0,346000,0,346000,346000
064478,聚陽富邦01購01  ,0,0,0,0,0,0,0,0,0,346000,0,0,0,475000,129000,346000,346000
066598,致新群益02購01  ,0,0,0,0,0,0,0,0,0,345000,0,0,0,360000,15000,345000,345000
061306,瑞祺永豐9A購02  ,0,0,0,0,0,0,0,0,0,345000,0,0,0,376000,31000,345000,345000
057681,T50反1日盛9C購01,0,0,0,0,0,0,0,0,0,344000,0,0,0,349000,5000,344000,344000
2383,台光電          ,1593000,1053000,540000,0,0,0,15000,8000,7000,-203583,30000,93000,-63000,92000,232583,-140583,343417
058431,國巨統一9B購01  ,0,0,0,0,0,0,0,0,0,342000,0,0,0,908000,566000,342000,342000
063402,GIS群益9B購02   ,0,0,0,0,0,0,0,0,0,342000,0,0,0,483000,141000,342000,342000
06861P,台積電國票99售08,0,0,0,0,0,0,0,0,0,340000,0,0,0,360000,20000,340000,340000
057567,嘉聯益富邦9A購01,0,0,0,0,0,0,0,0,0,340000,0,0,0,736000,396000,340000,340000
065344,瑞昱統一01購05  ,0,0,0,0,0,0,0,0,0,340000,0,0,0,530000,190000,340000,340000
8110,華東            ,497000,141000,356000,0,0,0,0,0,0,-16000,0,16000,-16000,0,0,0,340000
063239,建準元大9B購01  ,0,0,0,0,0,0,0,0,0,339000,0,0,0,841000,502000,339000,339000
064706,嘉晶富邦01購01  ,0,0,0,0,0,0,0,0,0,338000,0,0,0,388000,50000,338000,338000
064700,致新群益9C購02  ,0,0,0,0,0,0,0,0,0,338000,0,0,0,406000,68000,338000,338000
064810,嘉晶元大01購01  ,0,0,0,0,0,0,0,0,0,337000,0,0,0,420000,83000,337000,337000
065838,鴻海元大03購01  ,0,0,0,0,0,0,0,0,0,337000,0,0,0,562000,225000,337000,337000
067202,聚陽元大01購02  ,0,20000,-20000,0,0,0,0,0,0,355000,0,0,0,467000,112000,355000,335000
066723,聯電元大02購01  ,150000,0,150000,0,0,0,0,0,0,185000,0,0,0,1053000,868000,185000,335000
062333,嘉晶統一9C購01  ,0,0,0,0,0,0,0,0,0,335000,0,0,0,550000,215000,335000,335000
063262,南六富邦9C購01  ,0,0,0,0,0,0,0,0,0,335000,0,0,0,362000,27000,335000,335000
061505,力成國票9A購03  ,0,0,0,0,0,0,0,0,0,335000,0,0,0,339000,4000,335000,335000
2031,新光鋼          ,409000,61000,348000,0,0,0,0,0,0,-13000,0,13000,-13000,0,0,0,335000
067511,拓凱統一01購01  ,0,0,0,0,0,0,0,0,0,334000,0,0,0,334000,0,334000,334000
056909,嘉聯益元大99購03,0,0,0,0,0,0,0,0,0,334000,0,0,0,384000,50000,334000,334000
053088,奇鋐元大98購01  ,0,0,0,0,0,0,0,0,0,334000,0,0,0,563000,229000,334000,334000
065950,正崴統一03購01  ,0,0,0,0,0,0,0,0,0,334000,0,0,0,334000,0,334000,334000
066272,聯陽元大01購01  ,0,0,0,0,0,0,0,0,0,333000,0,0,0,475000,142000,333000,333000
08454P,台灣50凱基9C售12,0,0,0,0,0,0,0,0,0,333000,0,0,0,802000,469000,333000,333000
06837P,上銀統一9A售02  ,0,0,0,0,0,0,0,0,0,332000,0,0,0,352000,20000,332000,332000
059868,台光電凱基99購03,0,0,0,0,0,0,0,0,0,332000,0,0,0,332000,0,332000,332000
5515,建國            ,331000,0,331000,0,0,0,0,0,0,0,0,0,0,0,0,0,331000
07703P,玉晶光中信9B售03,0,0,0,0,0,0,0,0,0,330000,0,0,0,480000,150000,330000,330000
054819,裕民元大9A購01  ,0,0,0,0,0,0,0,0,0,330000,0,0,0,402000,72000,330000,330000
2340,光磊            ,907000,600000,307000,0,0,0,0,0,0,23000,11000,7000,4000,19000,0,19000,330000
067501,聚陽統一01購03  ,0,0,0,0,0,0,0,0,0,329000,0,0,0,339000,10000,329000,329000
066617,鎧勝康和01購01  ,0,0,0,0,0,0,0,0,0,329000,0,0,0,726000,397000,329000,329000
063663,台光電統一9C購01,0,0,0,0,0,0,0,0,0,329000,0,0,0,674000,345000,329000,329000
066901,台虹康和01購01  ,0,0,0,0,0,0,0,0,0,328000,0,0,0,444000,116000,328000,328000
08884P,義隆國票02售01  ,0,0,0,0,0,0,0,0,0,328000,0,0,0,369000,41000,328000,328000
067279,美利達統一02購02,0,0,0,0,0,0,0,0,0,327000,0,0,0,602000,275000,327000,327000
060934,台汽電永豐9A購02,0,0,0,0,0,0,0,0,0,327000,0,0,0,395000,68000,327000,327000
065817,聯發科元富03購08,0,0,0,0,0,0,0,0,0,327000,0,0,0,435000,108000,327000,327000
065756,緯創元大9C購05  ,0,0,0,0,0,0,0,0,0,326000,0,0,0,395000,69000,326000,326000
065387,台光電兆豐9C購02,0,0,0,0,0,0,0,0,0,326000,0,0,0,582000,256000,326000,326000
064205,台灣50凱基01購14,0,0,0,0,0,0,0,0,0,326000,0,0,0,334000,8000,326000,326000
2338,光罩            ,828000,564000,264000,0,0,0,0,0,0,62000,0,1000,-1000,153000,90000,63000,326000
065808,力成群益9C購02  ,0,0,0,0,0,0,0,0,0,325000,0,0,0,485000,160000,325000,325000
066484,瑞昱元富07購01  ,0,0,0,0,0,0,0,0,0,324000,0,0,0,334000,10000,324000,324000
048383,元金2X國票99購01,0,10000,-10000,0,0,0,0,0,0,334000,0,0,0,334000,0,334000,324000
00712,FH富時不動產    ,514000,0,514000,0,0,0,0,0,0,-191000,0,0,0,185000,376000,-191000,323000
061417,力成群益9A購01  ,0,0,0,0,0,0,0,0,0,323000,0,0,0,423000,100000,323000,323000
5388,中磊            ,471000,137000,334000,0,0,0,0,0,0,-11000,2000,2000,0,7000,18000,-11000,323000
061673,仁寶元大9B購01  ,0,0,0,0,0,0,0,0,0,322000,0,0,0,594000,272000,322000,322000
067309,欣興元大01購04  ,0,0,0,0,0,0,0,0,0,321000,0,0,0,1255000,934000,321000,321000
066276,敦泰元大01購01  ,0,0,0,0,0,0,0,0,0,320000,0,0,0,410000,90000,320000,320000
5521,工信            ,187000,117000,70000,0,0,0,0,0,0,250000,250000,0,250000,0,0,0,320000
06721P,臺股指中信9A售03,0,0,0,0,0,0,0,0,0,319000,0,0,0,450000,131000,319000,319000
062195,聚陽中信9C購01  ,0,0,0,0,0,0,0,0,0,319000,0,0,0,329000,10000,319000,319000
065908,聯發科永豐9C購04,0,0,0,0,0,0,0,0,0,318000,0,0,0,318000,0,318000,318000
064482,微星永豐9C購01  ,0,0,0,0,0,0,0,0,0,318000,0,0,0,333000,15000,318000,318000
066835,台郡群益01購02  ,0,0,0,0,0,0,0,0,0,316000,0,0,0,321000,5000,316000,316000
08037P,台表科群益9B售02,0,0,0,0,0,0,0,0,0,316000,0,0,0,318000,2000,316000,316000
2417,圓剛            ,2309000,1992690,316310,0,0,0,0,0,0,-1000,0,1000,-1000,0,0,0,315310
067177,日月光麥證01購02,0,0,0,352000,38000,314000,0,0,0,314000,0,0,0,352000,38000,314000,314000
0061,元大寶滬深      ,36000,20000,16000,0,0,0,0,0,0,298000,0,27000,-27000,325000,0,325000,314000
057915,台泥凱基98購01  ,0,0,0,0,0,0,0,0,0,314000,0,0,0,314000,0,314000,314000
064716,國巨統一9C購14  ,0,0,0,0,0,0,0,0,0,314000,0,0,0,335000,21000,314000,314000
064045,南亞科統一9C購04,0,0,0,0,0,0,0,0,0,314000,0,0,0,314000,0,314000,314000
065356,聯發科元富03購06,0,12000,-12000,0,0,0,0,0,0,326000,0,0,0,376000,50000,326000,314000
064327,金寶元大01購01  ,0,0,0,0,0,0,0,0,0,313000,0,0,0,502000,189000,313000,313000
066785,台光電麥證01購01,0,0,0,312000,0,312000,0,0,0,312000,0,0,0,312000,0,312000,312000
064318,彩晶群益9C購01  ,0,0,0,0,0,0,0,0,0,312000,0,0,0,312000,0,312000,312000
2408,南亞科          ,4346000,4630000,-284000,0,0,0,875000,228000,647000,-51000,200000,200000,0,111000,162000,-51000,312000
066771,滬深2X富邦02購01,0,0,0,0,0,0,0,0,0,311000,0,0,0,312000,1000,311000,311000
055063,玉晶光永豐99購01,0,0,0,0,0,0,0,0,0,311000,0,0,0,631000,320000,311000,311000
067277,樺漢統一03購01  ,0,0,0,0,0,0,0,0,0,309000,0,0,0,312000,3000,309000,309000
063091,聯電中信9B購01  ,0,0,0,0,0,0,0,0,0,308000,0,0,0,443000,135000,308000,308000
00728,第一金工業30    ,5000,5000,0,0,0,0,0,0,0,307000,0,0,0,317000,10000,307000,307000
062680,微星統一01購01  ,0,0,0,0,0,0,0,0,0,307000,0,0,0,344000,37000,307000,307000
9904,寶成            ,1787549,2931000,-1143451,0,0,0,1504000,18000,1486000,-36000,5000,21000,-16000,11000,31000,-20000,306549
067393,欣興國泰03購02  ,0,0,0,0,0,0,0,0,0,306000,0,0,0,732000,426000,306000,306000
066251,川湖元大01購01  ,0,0,0,0,0,0,0,0,0,304000,0,0,0,314000,10000,304000,304000
066532,力成元富07購01  ,0,0,0,0,0,0,0,0,0,304000,0,0,0,519000,215000,304000,304000
061384,T50反1群益9A購04,0,0,0,0,0,0,0,0,0,304000,0,0,0,310000,6000,304000,304000
067498,臻鼎元大01購03  ,0,0,0,0,0,0,0,0,0,303000,0,0,0,313000,10000,303000,303000
00752,中信中國50      ,0,4000,-4000,0,0,0,0,0,0,307000,0,0,0,587000,280000,307000,303000
064679,晶技兆豐9C購01  ,0,0,0,0,0,0,0,0,0,303000,0,0,0,339000,36000,303000,303000
066378,超眾兆豐03購01  ,0,0,0,0,0,0,0,0,0,302000,0,0,0,312000,10000,302000,302000
065304,台勝科元富03購01,0,0,0,0,0,0,0,0,0,302000,0,0,0,352000,50000,302000,302000
1702,南僑            ,552000,251000,301000,0,0,0,0,0,0,0,0,0,0,0,0,0,301000
066586,道瓊反群益01購02,0,0,0,0,0,0,0,0,0,300000,0,0,0,300000,0,300000,300000
07578P,高鐵元大9A售02  ,0,0,0,0,0,0,0,0,0,300000,0,0,0,300000,0,300000,300000
056119,欣興群益97購02  ,0,0,0,0,0,0,0,0,0,300000,0,0,0,300000,0,300000,300000
057492,大立光元大98購18,0,0,0,0,0,0,0,0,0,300000,0,0,0,300000,0,300000,300000
063296,可成麥證9B購01  ,0,0,0,300000,0,300000,0,0,0,300000,0,0,0,300000,0,300000,300000
059517,茂林永豐99購02  ,0,0,0,0,0,0,0,0,0,300000,0,0,0,300000,0,300000,300000
061168,力成兆豐9A購01  ,0,0,0,0,0,0,0,0,0,300000,0,0,0,350000,50000,300000,300000
064971,裕隆元大01購01  ,0,0,0,0,0,0,0,0,0,300000,0,0,0,300000,0,300000,300000
064658,喬山元大9C購01  ,0,0,0,0,0,0,0,0,0,300000,0,0,0,300000,0,300000,300000
1313,聯成            ,468000,169000,299000,0,0,0,0,0,0,0,0,0,0,0,0,0,299000
062655,漢唐永豐9B購01  ,0,0,0,0,0,0,0,0,0,298000,0,0,0,408000,110000,298000,298000
2062,橋椿            ,415000,117000,298000,0,0,0,0,0,0,0,0,0,0,0,0,0,298000
066454,金像電統一01購03,0,0,0,0,0,0,0,0,0,297000,0,0,0,325000,28000,297000,297000
063585,台積電永豐9B購03,0,0,0,0,0,0,0,0,0,297000,0,0,0,297000,0,297000,297000
3605,宏致            ,569000,952000,-383000,0,0,0,0,0,0,680000,700000,20000,680000,0,0,0,297000
062968,仁寶元富9B購01  ,0,0,0,0,0,0,0,0,0,296000,0,0,0,301000,5000,296000,296000
067476,台光電元大01購04,0,0,0,0,0,0,0,0,0,295000,0,0,0,523000,228000,295000,295000
067268,日月光永豐01購01,0,0,0,0,0,0,0,0,0,295000,0,0,0,359000,64000,295000,295000
059024,大立光統一9B購04,0,0,0,0,0,0,0,0,0,295000,0,0,0,714000,419000,295000,295000
062406,臻鼎永豐9B購01  ,0,0,0,0,0,0,0,0,0,295000,0,0,0,306000,11000,295000,295000
062660,神隆群益9B購02  ,0,0,0,0,0,0,0,0,0,294000,0,0,0,391000,97000,294000,294000
062685,華新科統一9C購03,0,0,0,0,0,0,0,0,0,294000,0,0,0,423000,129000,294000,294000
064469,臻鼎元富9C購01  ,0,0,0,0,0,0,0,0,0,294000,0,0,0,303000,9000,294000,294000
064185,裕隆永豐9C購01  ,0,0,0,0,0,0,0,0,0,293000,0,0,0,361000,68000,293000,293000
064986,GIS元大9C購07   ,0,50000,-50000,0,0,0,0,0,0,343000,0,0,0,655000,312000,343000,293000
06770P,台灣50第一9C售01,0,0,0,0,0,0,0,0,0,291000,0,0,0,301000,10000,291000,291000
061914,台光電中信9B購01,0,0,0,0,0,0,0,0,0,291000,0,0,0,403000,112000,291000,291000
061775,臺指反國票9B購04,0,0,0,0,0,0,0,0,0,290000,0,0,0,300000,10000,290000,290000
066015,健策元富01購01  ,0,0,0,0,0,0,0,0,0,290000,0,0,0,431000,141000,290000,290000
08409P,臺股指元大9C售15,0,0,0,0,0,0,0,0,0,290000,0,0,0,300000,10000,290000,290000
057389,玉晶光永豐98購06,0,0,0,0,0,0,0,0,0,289000,0,0,0,415000,126000,289000,289000
062327,燿華統一9B購02  ,0,0,0,0,0,0,0,0,0,289000,0,0,0,621000,332000,289000,289000
064414,臺股指凱基9C購10,0,0,0,0,0,0,0,0,0,289000,0,0,0,295000,6000,289000,289000
067298,台積電元大02購04,0,0,0,0,0,0,0,0,0,288000,0,0,0,3682000,3394000,288000,288000
067363,同欣電群益01購02,0,0,0,0,0,0,0,0,0,287000,0,0,0,297000,10000,287000,287000
062061,台勝科統一01購01,0,0,0,0,0,0,0,0,0,287000,0,0,0,287000,0,287000,287000
062979,茂林元富9B購01  ,0,0,0,0,0,0,0,0,0,287000,0,0,0,497000,210000,287000,287000
065613,GIS元大9C購08   ,0,0,0,0,0,0,0,0,0,287000,0,0,0,467000,180000,287000,287000
067662,聚陽元大01購03  ,0,0,0,0,0,0,0,0,0,286000,0,0,0,294000,8000,286000,286000
065289,冠德群益9C購01  ,0,0,0,0,0,0,0,0,0,286000,0,0,0,381000,95000,286000,286000
062230,緯穎統一01購01  ,0,0,0,0,0,0,0,0,0,285000,0,0,0,476000,191000,285000,285000
065395,致茂群益01購01  ,0,0,0,0,0,0,0,0,0,284000,0,0,0,437000,153000,284000,284000
065717,創意中信9C購02  ,0,0,0,0,0,0,0,0,0,284000,0,0,0,385000,101000,284000,284000
065445,台光電統一01購05,0,0,0,0,0,0,0,0,0,284000,0,0,0,435000,151000,284000,284000
064453,微星統一02購01  ,0,0,0,0,0,0,0,0,0,284000,0,0,0,523000,239000,284000,284000
065351,中租統一02購02  ,0,0,0,0,0,0,0,0,0,283000,0,0,0,408000,125000,283000,283000
064988,志超元大9C購01  ,0,0,0,0,0,0,0,0,0,283000,0,0,0,358000,75000,283000,283000
063203,華新科統一9C購04,0,0,0,0,0,0,0,0,0,282000,0,0,0,485000,203000,282000,282000
064150,全新統一01購03  ,0,0,0,0,0,0,0,0,0,282000,0,0,0,322000,40000,282000,282000
1218,泰山            ,329000,93000,236000,0,0,0,0,0,0,46000,40000,0,40000,7000,1000,6000,282000
066853,樺漢元大01購01  ,0,0,0,0,0,0,0,0,0,281000,0,0,0,312000,31000,281000,281000
059922,大立光元大99購25,0,0,0,0,0,0,0,0,0,281000,0,0,0,348000,67000,281000,281000
067215,亞光元大01購05  ,0,0,0,0,0,0,0,0,0,280000,0,0,0,451000,171000,280000,280000
05953P,台積電國票98售02,0,0,0,0,0,0,0,0,0,280000,0,0,0,390000,110000,280000,280000
062138,力成群益9B購01  ,0,0,0,0,0,0,0,0,0,280000,0,0,0,330000,50000,280000,280000
066563,日月光元大01購01,0,0,0,0,0,0,0,0,0,279000,0,0,0,384000,105000,279000,279000
066299,潤泰新元大01購01,0,0,0,0,0,0,0,0,0,279000,0,0,0,313000,34000,279000,279000
064386,友達富邦01購01  ,0,0,0,0,0,0,0,0,0,279000,0,0,0,289000,10000,279000,279000
6205,詮欣            ,405000,126000,279000,0,0,0,0,0,0,0,0,0,0,0,0,0,279000
066930,台積電國票02購01,0,0,0,0,0,0,0,0,0,278000,0,0,0,408000,130000,278000,278000
062382,燿華國泰9C購01  ,0,0,0,0,0,0,0,0,0,275000,0,0,0,790000,515000,275000,275000
064905,嘉聯益群益9C購01,0,0,0,0,0,0,0,0,0,275000,0,0,0,299000,24000,275000,275000
066460,智原統一03購01  ,0,0,0,0,0,0,0,0,0,274000,0,0,0,308000,34000,274000,274000
07148P,富邦金元大99售01,0,0,0,0,0,0,0,0,0,274000,0,0,0,473000,199000,274000,274000
052542,友達元富98購01  ,0,0,0,0,0,0,0,0,0,274000,0,0,0,334000,60000,274000,274000
064555,力山群益01購01  ,0,0,0,0,0,0,0,0,0,274000,0,0,0,401000,127000,274000,274000
057719,欣興元富02購01  ,0,0,0,0,0,0,0,0,0,273000,0,0,0,597000,324000,273000,273000
065949,瑞昱統一01購06  ,0,0,0,0,0,0,0,0,0,273000,0,0,0,706000,433000,273000,273000
08662P,台積電國泰03售01,0,0,0,0,0,0,0,0,0,273000,0,0,0,295000,22000,273000,273000
00650L,FH香港正2       ,53000,53000,0,0,0,0,0,0,0,272000,0,0,0,903000,631000,272000,272000
056904,大立光元大99購05,0,0,0,0,0,0,0,0,0,272000,0,0,0,292000,20000,272000,272000
065221,神隆永豐9C購01  ,0,0,0,0,0,0,0,0,0,272000,0,0,0,272000,0,272000,272000
063872,嘉聯益永豐9C購01,0,0,0,0,0,0,0,0,0,272000,0,0,0,272000,0,272000,272000
2867,三商壽          ,568000,272000,296000,0,0,0,0,5000,-5000,-19000,1000,20000,-19000,0,0,0,272000
8996,高力            ,452000,220000,232000,0,0,0,0,0,0,40000,40000,0,40000,0,0,0,272000
064699,臻鼎群益9C購01  ,0,0,0,0,0,0,0,0,0,271000,0,0,0,271000,0,271000,271000
064266,聯茂永豐9C購01  ,0,0,0,0,0,0,0,0,0,271000,0,0,0,297000,26000,271000,271000
056902,大立光元大98購12,0,0,0,0,0,0,0,0,0,270000,0,0,0,300000,30000,270000,270000
064248,億光元富9C購01  ,0,0,0,0,0,0,0,0,0,270000,0,0,0,348000,78000,270000,270000
065194,和大元富9C購01  ,0,0,0,0,0,0,0,0,0,270000,0,0,0,355000,85000,270000,270000
065538,健鼎統一9C購01  ,0,0,0,0,0,0,0,0,0,270000,0,0,0,482000,212000,270000,270000
066451,台郡群益01購01  ,0,0,0,0,0,0,0,0,0,269000,0,0,0,317000,48000,269000,269000
054318,台虹凱基98購01  ,0,0,0,0,0,0,0,0,0,269000,0,0,0,315000,46000,269000,269000
061990,台勝科元大9C購01,0,0,0,0,0,0,0,0,0,269000,0,0,0,368000,99000,269000,269000
9921,巨大            ,860800,349216,511584,0,0,0,0,257000,-257000,14000,21000,15000,6000,22000,14000,8000,268584
067078,京鼎元大01購04  ,0,0,0,0,0,0,0,0,0,268000,0,0,0,270000,2000,268000,268000
064196,健策群益01購01  ,0,0,0,0,0,0,0,0,0,268000,0,0,0,289000,21000,268000,268000
3661,世芯-KY         ,1989000,2100000,-111000,0,0,0,296000,0,296000,83000,78000,1000,77000,17000,11000,6000,268000
066485,台光電元富01購01,0,0,0,0,0,0,0,0,0,267000,0,0,0,300000,33000,267000,267000
064775,和大群益01購01  ,0,0,0,0,0,0,0,0,0,267000,0,0,0,267000,0,267000,267000
066845,亞光元大01購02  ,0,0,0,0,0,0,0,0,0,266000,0,0,0,386000,120000,266000,266000
061123,燿華永豐9A購01  ,0,0,0,0,0,0,0,0,0,266000,0,0,0,502000,236000,266000,266000
060573,力成永豐9A購01  ,0,0,0,0,0,0,0,0,0,266000,0,0,0,276000,10000,266000,266000
061905,上証反中信03購01,0,0,0,0,0,0,0,0,0,266000,0,0,0,386000,120000,266000,266000
066334,京城銀永豐01購01,0,0,0,0,0,0,0,0,0,265000,0,0,0,327000,62000,265000,265000
08252P,台積電國票9C售06,0,0,0,0,0,0,0,0,0,265000,0,0,0,270000,5000,265000,265000
2426,鼎元            ,298000,32000,266000,0,0,0,0,0,0,-1000,0,1000,-1000,0,0,0,265000
067441,儒鴻國票02購01  ,0,0,0,0,0,0,0,0,0,264000,0,0,0,264000,0,264000,264000
4906,正文            ,923000,687000,236000,0,0,0,0,0,0,28000,1000,1000,0,104000,76000,28000,264000
063075,祥碩永豐9B購04  ,0,0,0,0,0,0,0,0,0,263000,0,0,0,306000,43000,263000,263000
055907,台虹兆豐98購01  ,0,0,0,0,0,0,0,0,0,263000,0,0,0,301000,38000,263000,263000
062537,聯電國泰9C購01  ,0,0,0,0,0,0,0,0,0,262000,0,0,0,848000,586000,262000,262000
060470,台勝科元大9A購03,0,0,0,0,0,0,0,0,0,262000,0,0,0,267000,5000,262000,262000
059623,聯電凱基99購02  ,0,0,0,0,0,0,0,0,0,262000,0,0,0,321000,59000,262000,262000
065741,聯發科麥證9C購06,0,0,0,332000,70000,262000,0,0,0,262000,0,0,0,332000,70000,262000,262000
065710,嘉聯益群益9C購02,0,0,0,0,0,0,0,0,0,261000,0,0,0,299000,38000,261000,261000
066158,惠特康和01購01  ,0,0,0,0,0,0,0,0,0,260000,0,0,0,260000,0,260000,260000
056937,智原元富98購01  ,0,0,0,0,0,0,0,0,0,260000,0,0,0,270000,10000,260000,260000
063656,台光電元富03購01,0,0,0,0,0,0,0,0,0,260000,0,0,0,270000,10000,260000,260000
1718,中纖            ,1167000,900000,267000,0,0,0,0,0,0,-7000,2000,9000,-7000,0,0,0,260000
060388,世紀鋼凱基9B購01,0,0,0,0,0,0,0,0,0,259000,0,0,0,366000,107000,259000,259000
062606,聯電凱基9C購02  ,0,0,0,0,0,0,0,0,0,259000,0,0,0,327000,68000,259000,259000
064408,TPK凱基02購01   ,0,0,0,0,0,0,0,0,0,259000,0,0,0,355000,96000,259000,259000
066952,亞光元大01購03  ,0,0,0,0,0,0,0,0,0,257000,0,0,0,407000,150000,257000,257000
067378,欣興統一02購02  ,0,0,0,0,0,0,0,0,0,257000,0,0,0,368000,111000,257000,257000
056835,聯電元富99購01  ,0,0,0,0,0,0,0,0,0,257000,0,0,0,364000,107000,257000,257000
053882,聯發科中信98購02,0,0,0,0,0,0,0,0,0,257000,0,0,0,257000,0,257000,257000
2375,凱美            ,396000,152000,244000,0,0,0,0,0,0,12000,17000,0,17000,0,5000,-5000,256000
067502,聚陽統一02購04  ,0,0,0,0,0,0,0,0,0,255000,0,0,0,270000,15000,255000,255000
058525,台虹元大99購02  ,0,0,0,0,0,0,0,0,0,255000,0,0,0,305000,50000,255000,255000
066837,樺漢群益01購02  ,0,0,0,0,0,0,0,0,0,254000,0,0,0,307000,53000,254000,254000
064348,TPK元大9C購03   ,0,0,0,0,0,0,0,0,0,254000,0,0,0,294000,40000,254000,254000
064730,超眾統一02購02  ,0,0,0,0,0,0,0,0,0,254000,0,0,0,360000,106000,254000,254000
065647,健鼎元大9C購05  ,0,0,0,0,0,0,0,0,0,254000,0,0,0,403000,149000,254000,254000
2608,嘉里大榮        ,329000,74000,255000,0,0,0,0,0,0,-1000,2000,3000,-1000,0,0,0,254000
057440,台積電統一98購10,0,0,0,0,0,0,0,0,0,253000,0,0,0,253000,0,253000,253000
061294,奇力新麥證9A購01,0,0,0,300000,47000,253000,0,0,0,253000,0,0,0,300000,47000,253000,253000
065912,瑞祺永豐9C購02  ,0,0,0,0,0,0,0,0,0,253000,0,0,0,253000,0,253000,253000
064931,南六統一9C購05  ,0,0,0,0,0,0,0,0,0,253000,0,0,0,384000,131000,253000,253000
2897,王道銀行        ,416000,144000,272000,0,0,0,0,5000,-5000,-14000,0,14000,-14000,0,0,0,253000
08872P,臺股指群益01售05,0,0,0,0,0,0,0,0,0,253000,0,0,0,253000,0,253000,253000
066846,京鼎元大01購03  ,0,0,0,0,0,0,0,0,0,252000,0,0,0,493000,241000,252000,252000
9105,泰金寶-DR       ,260000,8000,252000,0,0,0,0,0,0,0,0,0,0,0,0,0,252000
065519,台勝科群益9C購02,0,0,0,0,0,0,0,0,0,251000,0,0,0,300000,49000,251000,251000
066947,聯發科元大01購15,0,0,0,0,0,0,0,0,0,250000,0,0,0,462000,212000,250000,250000
067416,南紡凱基01購01  ,0,0,0,0,0,0,0,0,0,250000,0,0,0,250000,0,250000,250000
063658,瑞祺元富9B購01  ,0,0,0,0,0,0,0,0,0,250000,0,0,0,266000,16000,250000,250000
066962,致新元大01購02  ,0,0,0,0,0,0,0,0,0,249000,0,0,0,249000,0,249000,249000
058319,大毅永豐9A購01  ,0,0,0,0,0,0,0,0,0,249000,0,0,0,400000,151000,249000,249000
063924,致新元富9C購01  ,0,0,0,0,0,0,0,0,0,249000,0,0,0,319000,70000,249000,249000
064717,台積電統一01購08,0,0,0,0,0,0,0,0,0,249000,0,0,0,251000,2000,249000,249000
3044,健鼎            ,1096060,590000,506060,0,0,0,1000,0,1000,-259000,2000,9000,-7000,8000,260000,-252000,248060
061129,文曄永豐9A購01  ,0,0,0,0,0,0,0,0,0,248000,0,0,0,248000,0,248000,248000
08698P,可成凱基01售02  ,0,0,0,0,0,0,0,0,0,248000,0,0,0,270000,22000,248000,248000
067409,巨大永豐01購01  ,0,0,0,0,0,0,0,0,0,247000,0,0,0,247000,0,247000,247000
065975,緯創元大02購01  ,0,0,0,0,0,0,0,0,0,247000,0,0,0,272000,25000,247000,247000
066558,創意元大01購04  ,0,0,0,0,0,0,0,0,0,246000,0,0,0,341000,95000,246000,246000
058523,聯茂元大99購08  ,0,0,0,0,0,0,0,0,0,246000,0,0,0,340000,94000,246000,246000
061596,健策永豐9A購03  ,0,0,0,0,0,0,0,0,0,246000,0,0,0,297000,51000,246000,246000
066160,美利達康和01購01,0,0,0,0,0,0,0,0,0,245000,0,0,0,265000,20000,245000,245000
067208,瑞昱元大01購03  ,0,0,0,0,0,0,0,0,0,245000,0,0,0,391000,146000,245000,245000
063072,裕隆永豐9B購01  ,0,0,0,0,0,0,0,0,0,245000,0,0,0,313000,68000,245000,245000
065109,台勝科國票01購01,0,0,0,0,0,0,0,0,0,245000,0,0,0,245000,0,245000,245000
063959,GIS元大9C購02   ,0,0,0,0,0,0,0,0,0,245000,0,0,0,501000,256000,245000,245000
058140,臻鼎元大99購02  ,0,0,0,0,0,0,0,0,0,244000,0,0,0,244000,0,244000,244000
063999,日月光兆豐9C購01,0,0,0,0,0,0,0,0,0,244000,0,0,0,269000,25000,244000,244000
064656,聚陽元大9C購03  ,0,0,0,0,0,0,0,0,0,244000,0,0,0,281000,37000,244000,244000
064650,台表科凱基03購01,0,0,0,0,0,0,0,0,0,244000,0,0,0,247000,3000,244000,244000
067494,日月光元大01購03,0,0,0,0,0,0,0,0,0,243000,0,0,0,920000,677000,243000,243000
057828,緯穎元大99購02  ,0,0,0,0,0,0,0,0,0,243000,0,0,0,466000,223000,243000,243000
066812,志超凱基01購01  ,0,0,0,0,0,0,0,0,0,242000,0,0,0,242000,0,242000,242000
059140,大立光兆豐9A購02,0,0,0,0,0,0,0,0,0,242000,0,0,0,661000,419000,242000,242000
064904,茂林群益9C購02  ,0,0,0,0,0,0,0,0,0,242000,0,0,0,318000,76000,242000,242000
065762,台表科元大9C購13,0,0,0,0,0,0,0,0,0,242000,0,0,0,465000,223000,242000,242000
065546,景碩兆豐01購01  ,0,0,0,0,0,0,0,0,0,242000,0,0,0,442000,200000,242000,242000
065164,和大元大01購01  ,0,0,0,0,0,0,0,0,0,241000,0,0,0,241000,0,241000,241000
08236P,國巨富邦03售01  ,0,0,0,0,0,0,0,0,0,240000,0,0,0,240000,0,240000,240000
07100P,華航元大99售01  ,0,0,0,0,0,0,0,0,0,240000,0,0,0,240000,0,240000,240000
053827,漢唐麥證9A購01  ,0,0,0,340000,100000,240000,0,0,0,240000,0,0,0,340000,100000,240000,240000
056738,國巨凱基9A購02  ,0,0,0,0,0,0,0,0,0,240000,0,0,0,357000,117000,240000,240000
065532,台光電統一02購02,0,0,0,0,0,0,0,0,0,240000,0,0,0,251000,11000,240000,240000
4142,國光生          ,4329000,4167000,162000,0,0,0,0,0,0,78000,0,2000,-2000,110000,30000,80000,240000
2023,燁輝            ,329000,85000,244000,0,0,0,0,0,0,-4000,0,4000,-4000,0,0,0,240000
061241,晶技兆豐9A購01  ,0,0,0,0,0,0,0,0,0,239000,0,0,0,359000,120000,239000,239000
063933,TPK統一01購01   ,0,0,0,0,0,0,0,0,0,239000,0,0,0,244000,5000,239000,239000
1304,台聚            ,459000,340000,119000,0,0,0,0,0,0,120000,123000,3000,120000,0,0,0,239000
057510,泰碩統一98購02  ,0,0,0,0,0,0,0,0,0,238000,0,0,0,387000,149000,238000,238000
062036,致新群益9B購01  ,0,0,0,0,0,0,0,0,0,238000,0,0,0,238000,0,238000,238000
063310,和大群益9B購02  ,0,0,0,0,0,0,0,0,0,238000,0,0,0,238000,0,238000,238000
064542,聯電凱基02購01  ,0,0,0,0,0,0,0,0,0,238000,0,0,0,366000,128000,238000,238000
3023,信邦            ,269000,88000,181000,0,0,0,39000,31000,8000,49000,10000,1000,9000,48000,8000,40000,238000
061521,亞光兆豐9A購02  ,0,0,0,0,0,0,0,0,0,237000,0,0,0,588000,351000,237000,237000
060964,日月光凱基9A購01,0,0,0,0,0,0,0,0,0,237000,0,0,0,257000,20000,237000,237000
064352,嘉聯益元大9C購01,0,0,0,0,0,0,0,0,0,237000,0,0,0,290000,53000,237000,237000
064317,日月光群益9C購01,0,0,0,0,0,0,0,0,0,237000,0,0,0,237000,0,237000,237000
08053P,臺股指國票9B售18,0,0,0,0,0,0,0,0,0,236000,0,0,0,236000,0,236000,236000
067130,泰豐永豐01購02  ,0,0,0,0,0,0,0,0,0,236000,0,0,0,304000,68000,236000,236000
058484,元金2X國票04購01,0,0,0,0,0,0,0,0,0,236000,0,0,0,256000,20000,236000,236000
065535,健鼎統一02購03  ,0,0,0,0,0,0,0,0,0,236000,0,0,0,237000,1000,236000,236000
065391,和大群益01購03  ,0,0,0,0,0,0,0,0,0,236000,0,0,0,236000,0,236000,236000
2520,冠德            ,1472000,1191000,281000,0,0,0,60000,0,60000,-105000,222000,141000,81000,37000,223000,-186000,236000
064264,智伸科永豐9C購01,0,0,0,0,0,0,0,0,0,235000,0,0,0,235000,0,235000,235000
3149,正達            ,286000,51000,235000,0,0,0,0,0,0,0,0,0,0,0,0,0,235000
066588,台積電群益01購06,0,0,0,0,0,0,0,0,0,234000,0,0,0,262000,28000,234000,234000
066422,嘉晶元大02購01  ,0,0,0,0,0,0,0,0,0,234000,0,0,0,454000,220000,234000,234000
08463P,台灣50國泰02售02,0,0,0,0,0,0,0,0,0,234000,0,0,0,290000,56000,234000,234000
066855,樺漢元大01購03  ,0,0,0,0,0,0,0,0,0,233000,0,0,0,463000,230000,233000,233000
061031,神隆永豐9A購02  ,0,0,0,0,0,0,0,0,0,233000,0,0,0,344000,111000,233000,233000
064644,台光電凱基9C購01,0,0,0,0,0,0,0,0,0,233000,0,0,0,324000,91000,233000,233000
067224,致新元大01購03  ,0,0,0,0,0,0,0,0,0,232000,0,0,0,412000,180000,232000,232000
062034,同欣電群益9B購01,0,0,0,0,0,0,0,0,0,232000,0,0,0,309000,77000,232000,232000
063127,TPK元大9B購02   ,0,0,0,0,0,0,0,0,0,232000,0,0,0,283000,51000,232000,232000
061210,玉山金元大9A購02,0,0,0,0,0,0,0,0,0,232000,0,0,0,272000,40000,232000,232000
065761,中租元大9C購02  ,0,0,0,0,0,0,0,0,0,232000,0,0,0,232000,0,232000,232000
059198,華新科永豐99購06,0,0,0,0,0,0,0,0,0,231000,0,0,0,231000,0,231000,231000
063022,嘉晶元大9B購04  ,0,0,0,0,0,0,0,0,0,231000,0,0,0,577000,346000,231000,231000
065529,聯發科中信01購04,0,0,0,0,0,0,0,0,0,231000,0,0,0,1433000,1202000,231000,231000
064914,友達統一02購03  ,0,0,0,0,0,0,0,0,0,231000,0,0,0,231000,0,231000,231000
1447,力鵬            ,269000,38000,231000,0,0,0,0,0,0,0,0,0,0,0,0,0,231000
2406,國碩            ,712000,480000,232000,0,0,0,0,0,0,-1000,0,1000,-1000,0,0,0,231000
07083P,台積電統一9A售06,0,0,0,0,0,0,0,0,0,230000,0,0,0,230000,0,230000,230000
067534,億光群益01購01  ,0,0,0,0,0,0,0,0,0,230000,0,0,0,252000,22000,230000,230000
065920,日月光凱基02購01,0,0,0,0,0,0,0,0,0,230000,0,0,0,249000,19000,230000,230000
2206,三陽工業        ,310000,99000,211000,0,0,0,0,0,0,19000,19000,0,19000,0,0,0,230000
3052,夆典            ,271000,41000,230000,0,0,0,0,0,0,0,0,0,0,0,0,0,230000
066114,瑞昱兆豐02購01  ,0,0,0,0,0,0,0,0,0,229000,0,0,0,537000,308000,229000,229000
062013,奇鋐富邦9B購01  ,0,0,0,0,0,0,0,0,0,229000,0,0,0,513000,284000,229000,229000
065820,瑞祺元富03購01  ,0,0,0,0,0,0,0,0,0,229000,0,0,0,239000,10000,229000,229000
066193,致新凱基01購01  ,0,0,0,0,0,0,0,0,0,228000,0,0,0,228000,0,228000,228000
063492,台積電富邦02購02,0,0,0,0,0,0,0,0,0,228000,0,0,0,253000,25000,228000,228000
2014,中鴻            ,233000,105000,128000,0,0,0,0,0,0,100000,100000,0,100000,0,0,0,228000
066677,台泥兆豐03購01  ,0,0,0,0,0,0,0,0,0,227000,0,0,0,263000,36000,227000,227000
059298,大立光元富9C購02,0,0,0,0,0,0,0,0,0,227000,0,0,0,441000,214000,227000,227000
061532,和大統一9C購02  ,0,0,0,0,0,0,0,0,0,227000,0,0,0,227000,0,227000,227000
065826,國巨凱基9C購12  ,0,0,0,0,0,0,0,0,0,227000,0,0,0,399000,172000,227000,227000
064363,聯發科統一9C購14,0,0,0,0,0,0,0,0,0,227000,0,0,0,227000,0,227000,227000
067539,緯創群益01購01  ,0,0,0,0,0,0,0,0,0,226000,0,0,0,255000,29000,226000,226000
060428,瑞祺永豐9A購01  ,0,0,0,0,0,0,0,0,0,226000,0,0,0,256000,30000,226000,226000
064714,和大統一02購02  ,0,0,0,0,0,0,0,0,0,226000,0,0,0,227000,1000,226000,226000
065859,GIS元大9C購10   ,0,0,0,0,0,0,0,0,0,226000,0,0,0,265000,39000,226000,226000
08339P,上銀統一9C售04  ,0,0,0,0,0,0,0,0,0,226000,0,0,0,237000,11000,226000,226000
4934,太極            ,365000,139000,226000,0,0,0,0,0,0,0,0,0,0,0,0,0,226000
07757P,國巨國票9B售04  ,0,0,0,0,0,0,0,0,0,225000,0,0,0,225000,0,225000,225000
067169,台積電麥證01購07,0,0,0,225000,0,225000,0,0,0,225000,0,0,0,225000,0,225000,225000
058102,楠梓電永豐98購04,0,0,0,0,0,0,0,0,0,225000,0,0,0,225000,0,225000,225000
063355,超眾元富9B購01  ,0,0,0,0,0,0,0,0,0,225000,0,0,0,225000,0,225000,225000
065566,裕隆群益9C購02  ,0,0,0,0,0,0,0,0,0,225000,0,0,0,323000,98000,225000,225000
066455,聯發科統一01購10,0,0,0,0,0,0,0,0,0,224000,0,0,0,254000,30000,224000,224000
063080,裕隆凱基9B購01  ,0,0,0,0,0,0,0,0,0,224000,0,0,0,263000,39000,224000,224000
05830P,滬深2X元富99售03,0,0,0,0,0,0,0,0,0,224000,0,0,0,940000,716000,224000,224000
064841,彩晶統一02購02  ,0,0,0,0,0,0,0,0,0,224000,0,0,0,662000,438000,224000,224000
065141,國巨凱基9C購10  ,0,0,0,0,0,0,0,0,0,224000,0,0,0,342000,118000,224000,224000
064712,聚陽統一02購03  ,0,0,0,0,0,0,0,0,0,224000,0,0,0,244000,20000,224000,224000
063606,TPK凱基9C購01   ,0,0,0,0,0,0,0,0,0,224000,0,0,0,239000,15000,224000,224000
063706,台虹群益9B購01  ,0,0,0,0,0,0,0,0,0,224000,0,0,0,224000,0,224000,224000
064468,健策元富9C購02  ,0,0,0,0,0,0,0,0,0,223000,0,0,0,322000,99000,223000,223000
08622P,緯創群益9C售03  ,0,0,0,0,0,0,0,0,0,223000,0,0,0,480000,257000,223000,223000
1504,東元            ,1038000,751000,287000,0,0,0,0,5000,-5000,-59000,0,36000,-36000,15000,38000,-23000,223000
3032,偉訓            ,260000,33000,227000,0,0,0,0,0,0,-4000,0,4000,-4000,0,0,0,223000
066071,台光電凱基02購01,0,0,0,0,0,0,0,0,0,222000,0,0,0,247000,25000,222000,222000
065159,臻鼎群益9C購02  ,0,0,0,0,0,0,0,0,0,222000,0,0,0,242000,20000,222000,222000
066437,台泥群益02購01  ,0,0,0,0,0,0,0,0,0,220000,0,0,0,230000,10000,220000,220000
057733,嘉聯益國泰99購01,0,0,0,0,0,0,0,0,0,220000,0,0,0,220000,0,220000,220000
054058,晶豪科國票98購01,0,0,0,0,0,0,0,0,0,220000,0,0,0,220000,0,220000,220000
053083,中環元大99購01  ,0,0,0,0,0,0,0,0,0,220000,0,0,0,220000,0,220000,220000
062218,燿華統一01購01  ,0,0,0,0,0,0,0,0,0,220000,0,0,0,493000,273000,220000,220000
067187,聯陽凱基01購02  ,0,0,0,0,0,0,0,0,0,219000,0,0,0,219000,0,219000,219000
067084,泰鼎元大01購02  ,0,0,0,0,0,0,0,0,0,219000,0,0,0,545000,326000,219000,219000
066895,台勝科兆豐01購01,0,0,0,0,0,0,0,0,0,219000,0,0,0,265000,46000,219000,219000
062547,玉晶光永豐9B購05,0,0,0,0,0,0,0,0,0,219000,0,0,0,321000,102000,219000,219000
064829,義隆統一01購02  ,0,0,0,0,0,0,0,0,0,219000,0,0,0,716000,497000,219000,219000
063819,致新群益9C購01  ,0,0,0,0,0,0,0,0,0,219000,0,0,0,291000,72000,219000,219000
1904,正隆            ,1503000,434000,1069000,0,0,0,0,700000,-700000,-150000,42000,10000,32000,2000,184000,-182000,219000
08410P,臺股指元大9C售16,0,0,0,0,0,0,0,0,0,219000,0,0,0,310000,91000,219000,219000
066213,惠特統一03購01  ,0,0,0,0,0,0,0,0,0,218000,0,0,0,385000,167000,218000,218000
064940,智伸科元富9C購01,0,0,0,0,0,0,0,0,0,218000,0,0,0,393000,175000,218000,218000
065652,超眾元大01購02  ,0,0,0,0,0,0,0,0,0,218000,0,0,0,240000,22000,218000,218000
066636,健策凱基01購02  ,0,0,0,0,0,0,0,0,0,217000,0,0,0,222000,5000,217000,217000
062344,力山群益9B購02  ,0,0,0,0,0,0,0,0,0,217000,0,0,0,379000,162000,217000,217000
053883,大立光中信98購02,0,0,0,0,0,0,0,0,0,217000,0,0,0,217000,0,217000,217000
053342,全新國票99購01  ,0,0,0,0,0,0,0,0,0,217000,0,0,0,287000,70000,217000,217000
059261,華邦電中信01購01,0,0,0,0,0,0,0,0,0,217000,0,0,0,332000,115000,217000,217000
066212,惠特統一01購01  ,0,0,0,0,0,0,0,0,0,216000,0,0,0,403000,187000,216000,216000
067075,亞光元大01購04  ,0,0,0,0,0,0,0,0,0,216000,0,0,0,627000,411000,216000,216000
057956,全新元大99購04  ,0,0,0,0,0,0,0,0,0,216000,0,0,0,216000,0,216000,216000
061125,億光永豐9A購01  ,0,0,0,0,0,0,0,0,0,216000,0,0,0,230000,14000,216000,216000
067155,健策統一02購01  ,0,0,0,0,0,0,0,0,0,215000,0,0,0,244000,29000,215000,215000
066576,矽創元大01購02  ,0,0,0,0,0,0,0,0,0,215000,0,0,0,245000,30000,215000,215000
066428,健策元大02購02  ,0,0,0,0,0,0,0,0,0,215000,0,0,0,304000,89000,215000,215000
067606,京鼎凱基01購04  ,0,0,0,0,0,0,0,0,0,215000,0,0,0,215000,0,215000,215000
062984,致新元富9B購01  ,0,0,0,0,0,0,0,0,0,215000,0,0,0,235000,20000,215000,215000
059656,T50反1元大99購11,0,0,0,0,0,0,0,0,0,215000,0,0,0,215000,0,215000,215000
063470,泰鼎元大9B購03  ,0,0,0,0,0,0,0,0,0,215000,0,0,0,456000,241000,215000,215000
064979,華擎元大9C購04  ,0,0,0,0,0,0,0,0,0,215000,0,0,0,215000,0,215000,215000
065360,和大元大01購03  ,0,0,0,0,0,0,0,0,0,215000,0,0,0,230000,15000,215000,215000
067338,欣興凱基01購02  ,0,0,0,0,0,0,0,0,0,214000,0,0,0,262000,48000,214000,214000
066552,大立光元大01購08,0,0,0,0,0,0,0,0,0,214000,0,0,0,254000,40000,214000,214000
066300,潤泰新元大01購02,0,0,0,0,0,0,0,0,0,214000,0,0,0,229000,15000,214000,214000
061138,晶技統一9C購01  ,0,0,0,0,0,0,0,0,0,214000,0,0,0,221000,7000,214000,214000
066286,瑞祺元大01購01  ,0,0,0,0,0,0,0,0,0,213000,0,0,0,213000,0,213000,213000
066144,惠特群益01購02  ,0,0,0,0,0,0,0,0,0,213000,0,0,0,359000,146000,213000,213000
08077P,亞德客國票9B售02,0,0,0,0,0,0,0,0,0,213000,0,0,0,213000,0,213000,213000
059865,國巨凱基01購01  ,0,0,0,0,0,0,0,0,0,213000,0,0,0,300000,87000,213000,213000
3450,聯鈞            ,543000,567000,-24000,0,0,0,0,0,0,237000,0,1000,-1000,259000,21000,238000,213000
066275,台勝科元大01購01,0,0,0,0,0,0,0,0,0,212000,0,0,0,222000,10000,212000,212000
065085,聯發科元大01購02,0,0,0,0,0,0,0,0,0,212000,0,0,0,239000,27000,212000,212000
066098,華碩中信02購01  ,0,0,0,0,0,0,0,0,0,211000,0,0,0,538000,327000,211000,211000
07000P,T50反1元大99售03,0,0,0,0,0,0,0,0,0,211000,0,0,0,211000,0,211000,211000
058616,台虹元大9A購01  ,0,0,0,0,0,0,0,0,0,211000,0,0,0,274000,63000,211000,211000
061084,京元電兆豐9A購02,0,0,0,0,0,0,0,0,0,211000,0,0,0,233000,22000,211000,211000
065686,同欣電統一03購01,0,0,0,0,0,0,0,0,0,211000,0,0,0,381000,170000,211000,211000
067551,欣興中信02購01  ,0,0,0,0,0,0,0,0,0,210000,0,0,0,421000,211000,210000,210000
067485,緯創元大01購01  ,0,0,0,0,0,0,0,0,0,210000,0,0,0,250000,40000,210000,210000
058466,SGBR2X中信99購02,0,0,0,0,0,0,0,0,0,210000,0,0,0,210000,0,210000,210000
067495,日月光元大01購04,0,0,0,0,0,0,0,0,0,209000,0,0,0,211000,2000,209000,209000
066467,晶碩統一03購01  ,0,0,0,0,0,0,0,0,0,209000,0,0,0,224000,15000,209000,209000
056517,茂林兆豐99購01  ,0,0,0,0,0,0,0,0,0,209000,0,0,0,283000,74000,209000,209000
062408,致新永豐9B購01  ,0,0,0,0,0,0,0,0,0,209000,0,0,0,273000,64000,209000,209000
064917,元大金統一02購01,0,0,0,0,0,0,0,0,0,209000,0,0,0,299000,90000,209000,209000
066757,南港永豐01購01  ,0,0,0,0,0,0,0,0,0,208000,0,0,0,208000,0,208000,208000
063570,嘉晶元大9C購02  ,0,0,0,0,0,0,0,0,0,208000,0,0,0,622000,414000,208000,208000
056574,亞光元大99購03  ,0,0,0,0,0,0,0,0,0,207000,0,0,0,376000,169000,207000,207000
062239,台汽電凱基9B購01,0,0,0,0,0,0,0,0,0,207000,0,0,0,238000,31000,207000,207000
063076,柏文永豐9B購02  ,0,0,0,0,0,0,0,0,0,207000,0,0,0,249000,42000,207000,207000
063049,上海銀兆豐9B購01,0,0,0,0,0,0,0,0,0,207000,0,0,0,229000,22000,207000,207000
065884,智原元富9C購02  ,0,0,0,0,0,0,0,0,0,207000,0,0,0,207000,0,207000,207000
3030,德律            ,196000,30000,166000,0,0,0,0,0,0,41000,0,1000,-1000,44000,2000,42000,207000
8261,富鼎            ,329000,122000,207000,0,0,0,0,0,0,0,0,0,0,0,0,0,207000
066192,嘉基凱基01購01  ,0,0,0,0,0,0,0,0,0,206000,0,0,0,206000,0,206000,206000
057977,台光電永豐98購02,0,0,0,0,0,0,0,0,0,206000,0,0,0,230000,24000,206000,206000
062172,南六永豐9B購01  ,0,0,0,0,0,0,0,0,0,206000,0,0,0,216000,10000,206000,206000
06334P,臺股指群益9C售03,0,0,0,0,0,0,0,0,0,206000,0,0,0,381000,175000,206000,206000
064720,長榮航統一02購01,0,0,0,0,0,0,0,0,0,206000,0,0,0,206000,0,206000,206000
6592,和潤企業        ,225000,28000,197000,0,0,0,0,0,0,9000,16000,9000,7000,17000,15000,2000,206000
2535,達欣工          ,177000,101000,76000,0,0,0,0,0,0,130000,148000,50000,98000,32000,0,32000,206000
08389P,技嘉國票9C售01  ,0,0,0,0,0,0,0,0,0,206000,0,0,0,241000,35000,206000,206000
066511,劍麟永豐01購01  ,0,0,0,0,0,0,0,0,0,205000,0,0,0,225000,20000,205000,205000
066916,台虹凱基01購01  ,0,0,0,0,0,0,0,0,0,205000,0,0,0,265000,60000,205000,205000
07843P,緯穎元大9A售05  ,0,0,0,0,0,0,0,0,0,205000,0,0,0,205000,0,205000,205000
058455,玉晶光永豐99購03,0,0,0,0,0,0,0,0,0,205000,0,0,0,205000,0,205000,205000
061837,華新科凱基05購02,0,0,0,0,0,0,0,0,0,205000,0,0,0,214000,9000,205000,205000
064210,台光電凱基03購01,0,0,0,0,0,0,0,0,0,204000,0,0,0,303000,99000,204000,204000
061164,燿華兆豐9B購01  ,0,0,0,0,0,0,0,0,0,203000,0,0,0,203000,0,203000,203000
065827,正崴凱基9C購01  ,0,0,0,0,0,0,0,0,0,203000,0,0,0,209000,6000,203000,203000
00783,富邦中証500     ,17000,20000,-3000,0,0,0,0,0,0,205426,0,0,0,1181426,976000,205426,202426
2395,研華            ,649222,434000,215222,0,0,0,0,7000,-7000,-6000,0,6000,-6000,0,0,0,202222
056357,台積電元大9A購01,0,0,0,0,0,0,0,0,0,201000,0,0,0,237000,36000,201000,201000
060234,凱美元大9C購01  ,0,0,0,0,0,0,0,0,0,201000,0,0,0,383000,182000,201000,201000
08004P,大毅永豐9B售02  ,0,0,0,0,0,0,0,0,0,200000,0,0,0,200000,0,200000,200000
067506,台光電統一02購04,0,0,0,0,0,0,0,0,0,200000,0,0,0,235000,35000,200000,200000
06747P,大立光群益99售04,0,0,0,0,0,0,0,0,0,200000,0,0,0,200000,0,200000,200000
067357,欣興群益01購02  ,0,0,0,0,0,0,0,0,0,200000,0,0,0,371000,171000,200000,200000
067700,緯創國票02購01  ,0,0,0,0,0,0,0,0,0,200000,0,0,0,200000,0,200000,200000
06865P,亞德客元大98售04,0,0,0,0,0,0,0,0,0,200000,0,0,0,200000,0,200000,200000
058985,可成凱基99購03  ,0,0,0,0,0,0,0,0,0,200000,0,0,0,200000,0,200000,200000
059101,康控統一9A購01  ,0,0,0,0,0,0,0,0,0,200000,0,0,0,250000,50000,200000,200000
059040,訊芯群益99購03  ,0,0,0,0,0,0,0,0,0,200000,0,0,0,200000,0,200000,200000
058549,藍天永豐99購01  ,0,0,0,0,0,0,0,0,0,200000,0,0,0,200000,0,200000,200000
060004,臺指反群益9A購01,0,0,0,0,0,0,0,0,0,200000,0,0,0,200000,0,200000,200000
061675,華新科元大9A購23,0,0,0,0,0,0,0,0,0,200000,0,0,0,301000,101000,200000,200000
063324,道瓊反國票9B購03,0,0,0,0,0,0,0,0,0,200000,0,0,0,200000,0,200000,200000
065727,冠德凱基9C購01  ,0,0,0,0,0,0,0,0,0,200000,0,0,0,389000,189000,200000,200000
064427,喬山凱基01購01  ,0,0,0,0,0,0,0,0,0,200000,0,0,0,200000,0,200000,200000
08303P,聯發科富邦9C售05,0,0,0,0,0,0,0,0,0,200000,0,0,0,200000,0,200000,200000
08438P,鴻海國票01售02  ,0,0,0,0,0,0,0,0,0,200000,0,0,0,200000,0,200000,200000
067651,漢唐元富07購01  ,0,0,0,0,0,0,0,0,0,199000,0,0,0,217000,18000,199000,199000
07462P,臺股指元大9B售05,0,0,0,0,0,0,0,0,0,199000,0,0,0,199000,0,199000,199000
060733,和大統一9C購01  ,0,0,0,0,0,0,0,0,0,199000,0,0,0,199000,0,199000,199000
061661,京鼎永豐9A購02  ,0,0,0,0,0,0,0,0,0,199000,0,0,0,219000,20000,199000,199000
064489,宏碁元大9C購01  ,0,0,0,0,0,0,0,0,0,199000,0,0,0,371000,172000,199000,199000
064681,牧德兆豐01購01  ,0,0,0,0,0,0,0,0,0,199000,0,0,0,260000,61000,199000,199000
063611,儒鴻群益9B購03  ,0,0,0,0,0,0,0,0,0,199000,0,0,0,199000,0,199000,199000
065642,台積電元大9C購13,0,0,0,0,0,0,0,0,0,199000,0,0,0,519000,320000,199000,199000
065544,和大兆豐01購01  ,0,0,0,0,0,0,0,0,0,199000,0,0,0,284000,85000,199000,199000
066304,聯華永豐01購01  ,0,0,0,0,0,0,0,0,0,198000,0,0,0,275000,77000,198000,198000
062926,嘉澤國票9B購01  ,0,0,0,0,0,0,0,0,0,198000,0,0,0,198000,0,198000,198000
063272,GIS兆豐9C購01   ,0,0,0,0,0,0,0,0,0,198000,0,0,0,342000,144000,198000,198000
061679,健策元大9B購04  ,0,0,0,0,0,0,0,0,0,198000,0,0,0,233000,35000,198000,198000
064916,玉山金統一02購01,0,0,0,0,0,0,0,0,0,198000,0,0,0,228000,30000,198000,198000
064746,貿聯國票01購02  ,0,0,0,0,0,0,0,0,0,197000,0,0,0,224000,27000,197000,197000
08765P,鴻海富邦01售02  ,0,0,0,0,0,0,0,0,0,197000,0,0,0,200000,3000,197000,197000
1519,華城            ,879000,779000,100000,0,0,0,0,0,0,97000,50000,0,50000,49000,2000,47000,197000
066148,美利達群益01購02,0,0,0,0,0,0,0,0,0,196000,0,0,0,233000,37000,196000,196000
066445,牧德群益01購01  ,0,0,0,0,0,0,0,0,0,196000,0,0,0,196000,0,196000,196000
066921,日月光麥證01購01,0,0,0,208000,12000,196000,0,0,0,196000,0,0,0,208000,12000,196000,196000
063231,台泥元大9B購01  ,0,0,0,0,0,0,0,0,0,196000,0,0,0,501000,305000,196000,196000
06498P,臺股指元大9A售03,0,0,0,0,0,0,0,0,0,196000,0,0,0,200000,4000,196000,196000
065252,玉晶光永豐9C購08,0,0,0,0,0,0,0,0,0,196000,0,0,0,317000,121000,196000,196000
2349,錸德            ,875000,679000,196000,0,0,0,0,0,0,0,0,0,0,0,0,0,196000
066515,強茂永豐01購02  ,0,0,0,0,0,0,0,0,0,195000,0,0,0,195000,0,195000,195000
061455,京元電凱基9B購01,0,0,0,0,0,0,0,0,0,195000,0,0,0,195000,0,195000,195000
065055,臺股指凱基02購04,0,0,0,0,0,0,0,0,0,195000,0,0,0,209000,14000,195000,195000
065588,聯發科永豐9C購02,0,0,0,0,0,0,0,0,0,195000,0,0,0,200000,5000,195000,195000
065470,聚陽元大01購01  ,0,0,0,0,0,0,0,0,0,195000,0,0,0,200000,5000,195000,195000
2461,光群雷          ,268000,73000,195000,0,0,0,0,0,0,0,0,0,0,0,0,0,195000
07576P,可成元大9A售01  ,0,0,0,0,0,0,0,0,0,194000,0,0,0,194000,0,194000,194000
08234P,華擎元富9B售03  ,0,0,0,0,0,0,0,0,0,194000,0,0,0,233000,39000,194000,194000
057691,健策凱基99購01  ,0,0,0,0,0,0,0,0,0,194000,0,0,0,267000,73000,194000,194000
062640,訊連國票9C購01  ,0,0,0,0,0,0,0,0,0,194000,0,0,0,333000,139000,194000,194000
061184,大立光國泰9C購01,0,0,0,0,0,0,0,0,0,194000,0,0,0,206000,12000,194000,194000
065448,緯創統一9C購01  ,0,0,0,0,0,0,0,0,0,194000,0,0,0,457000,263000,194000,194000
064854,祥碩麥證9C購01  ,0,0,0,261000,67000,194000,0,0,0,194000,0,0,0,261000,67000,194000,194000
064709,瑞祺永豐9C購01  ,0,0,0,0,0,0,0,0,0,193000,0,0,0,243000,50000,193000,193000
064056,GIS統一01購02   ,0,0,0,0,0,0,0,0,0,193000,0,0,0,311000,118000,193000,193000
08167P,台積電兆豐9B售04,0,0,0,0,0,0,0,0,0,192000,0,0,0,200000,8000,192000,192000
066654,上証2X凱基03購02,0,0,0,0,0,0,0,0,0,192000,0,0,0,210000,18000,192000,192000
062028,晶技群益9B購01  ,0,0,0,0,0,0,0,0,0,192000,0,0,0,236000,44000,192000,192000
051266,國巨富邦99購01  ,0,0,0,0,0,0,0,0,0,192000,0,0,0,192000,0,192000,192000
062219,燿華統一9B購01  ,0,0,0,0,0,0,0,0,0,192000,0,0,0,1303000,1111000,192000,192000
065250,同欣電麥證9C購01,0,0,0,202000,10000,192000,0,0,0,192000,0,0,0,202000,10000,192000,192000
8011,台通            ,358000,166000,192000,0,0,0,0,0,0,0,0,0,0,0,0,0,192000
06326P,鴻海中信01售01  ,0,0,0,0,0,0,0,0,0,191000,0,0,0,204000,13000,191000,191000
063393,華通群益9C購05  ,0,0,0,0,0,0,0,0,0,191000,0,0,0,268000,77000,191000,191000
063196,力成元富9B購01  ,0,0,0,0,0,0,0,0,0,191000,0,0,0,217000,26000,191000,191000
06505P,康控國票99售02  ,0,0,0,0,0,0,0,0,0,191000,0,0,0,203000,12000,191000,191000
065844,南亞科元大9C購09,0,0,0,0,0,0,0,0,0,191000,0,0,0,265000,74000,191000,191000
065954,大立光統一03購01,0,0,0,0,0,0,0,0,0,191000,0,0,0,196000,5000,191000,191000
08221P,台表科凱基9B售05,0,0,0,0,0,0,0,0,0,190000,0,0,0,340000,150000,190000,190000
07834P,聯詠群益9A售03  ,0,0,0,0,0,0,0,0,0,190000,0,0,0,210000,20000,190000,190000
067529,力山群益01購02  ,0,0,0,0,0,0,0,0,0,190000,0,0,0,303000,113000,190000,190000
056346,聯茂凱基99購02  ,0,0,0,0,0,0,0,0,0,190000,0,0,0,190000,0,190000,190000
057871,國巨元大99購09  ,0,0,0,0,0,0,0,0,0,190000,0,0,0,190000,0,190000,190000
063116,大立光麥證9C購01,0,0,0,194000,4000,190000,0,0,0,190000,0,0,0,194000,4000,190000,190000
062416,和大統一01購02  ,0,0,0,0,0,0,0,0,0,190000,0,0,0,230000,40000,190000,190000
066009,創意統一02購02  ,0,0,0,0,0,0,0,0,0,190000,0,0,0,899000,709000,190000,190000
065767,T50反1國票03購01,0,0,0,0,0,0,0,0,0,190000,0,0,0,300000,110000,190000,190000
064286,TPK元大9C購02   ,0,0,0,0,0,0,0,0,0,190000,0,0,0,219000,29000,190000,190000
08384P,臺股指群益9C售12,0,0,0,0,0,0,0,0,0,190000,0,0,0,200000,10000,190000,190000
067028,上海銀兆豐03購01,0,0,0,0,0,0,0,0,0,189000,0,0,0,189000,0,189000,189000
065375,神基元大03購01  ,0,0,0,0,0,0,0,0,0,189000,0,0,0,216000,27000,189000,189000
066486,台光電元富01購02,0,0,0,0,0,0,0,0,0,188000,0,0,0,590000,402000,188000,188000
066397,智原凱基01購01  ,0,0,0,0,0,0,0,0,0,188000,0,0,0,388000,200000,188000,188000
060676,京元電元大9A購03,0,0,0,0,0,0,0,0,0,188000,0,0,0,188000,0,188000,188000
065217,世芯國泰02購01  ,0,0,0,0,0,0,0,0,0,188000,0,0,0,188000,0,188000,188000
064939,健策元富9C購03  ,0,0,0,0,0,0,0,0,0,188000,0,0,0,302000,114000,188000,188000
065733,茂林凱基9C購03  ,0,0,0,0,0,0,0,0,0,188000,0,0,0,298000,110000,188000,188000
08563P,金像電元富9C售03,0,0,0,0,0,0,0,0,0,188000,0,0,0,423000,235000,188000,188000
062258,奇力新元大9B購03,0,0,0,0,0,0,0,0,0,187000,0,0,0,347000,160000,187000,187000
058181,華新科國泰9B購01,0,0,0,0,0,0,0,0,0,187000,0,0,0,187000,0,187000,187000
060402,神隆國泰9B購01  ,0,0,0,0,0,0,0,0,0,187000,0,0,0,404000,217000,187000,187000
061841,晶技凱基9C購01  ,0,0,0,0,0,0,0,0,0,187000,0,0,0,207000,20000,187000,187000
064249,聯發科元富06購01,0,0,0,0,0,0,0,0,0,187000,0,0,0,228000,41000,187000,187000
057618,台光電凱基99購01,0,0,0,0,0,0,0,0,0,186000,0,0,0,220000,34000,186000,186000
056460,同欣電凱基99購01,0,0,0,0,0,0,0,0,0,186000,0,0,0,201000,15000,186000,186000
061483,TPK元大9A購01   ,0,0,0,0,0,0,0,0,0,186000,0,0,0,214000,28000,186000,186000
064410,超眾凱基02購01  ,0,0,0,0,0,0,0,0,0,186000,0,0,0,236000,50000,186000,186000
066051,景碩元大01購01  ,0,0,0,0,0,0,0,0,0,186000,0,0,0,294000,108000,186000,186000
066245,道瓊反元大02購01,0,0,0,0,0,0,0,0,0,185000,0,0,0,200000,15000,185000,185000
058828,大毅永豐99購01  ,0,0,0,0,0,0,0,0,0,185000,0,0,0,315000,130000,185000,185000
063166,超眾永豐9B購01  ,0,0,0,0,0,0,0,0,0,185000,0,0,0,185000,0,185000,185000
063377,泰鼎永豐9B購03  ,0,0,0,0,0,0,0,0,0,185000,0,0,0,185000,0,185000,185000
061796,興勤永豐9B購01  ,0,0,0,0,0,0,0,0,0,185000,0,0,0,295000,110000,185000,185000
064448,裕隆統一02購01  ,0,0,0,0,0,0,0,0,0,185000,0,0,0,185000,0,185000,185000
08486P,富邦金群益9C售02,0,0,0,0,0,0,0,0,0,185000,0,0,0,185000,0,185000,185000
056716,康舒永豐98購01  ,0,0,0,0,0,0,0,0,0,184000,0,0,0,369000,185000,184000,184000
062703,可成元大9C購02  ,0,0,0,0,0,0,0,0,0,184000,0,0,0,254000,70000,184000,184000
067092,美利達元大01購03,0,0,0,0,0,0,0,0,0,183000,0,0,0,508000,325000,183000,183000
067383,樺漢統一03購02  ,0,0,0,0,0,0,0,0,0,183000,0,0,0,240000,57000,183000,183000
056955,台灣50永豐98購01,0,0,0,0,0,0,0,0,0,183000,0,0,0,183000,0,183000,183000
062462,GIS群益9B購01   ,0,0,0,0,0,0,0,0,0,183000,0,0,0,240000,57000,183000,183000
067355,大立光群益01購07,0,0,0,0,0,0,0,0,0,182000,0,0,0,221000,39000,182000,182000
067262,嘉基國票02購01  ,0,0,0,0,0,0,0,0,0,182000,0,0,0,192000,10000,182000,182000
067081,華擎元大01購05  ,0,0,0,0,0,0,0,0,0,182000,0,0,0,194000,12000,182000,182000
067134,國揚永豐01購02  ,0,0,0,0,0,0,0,0,0,182000,0,0,0,250000,68000,182000,182000
056395,玉晶光永豐9B購01,0,0,0,0,0,0,0,0,0,182000,0,0,0,255000,73000,182000,182000
059100,元油2X統一9C購02,0,0,0,0,0,0,0,0,0,182000,0,0,0,262000,80000,182000,182000
060892,超眾統一9C購01  ,0,0,0,0,0,0,0,0,0,182000,0,0,0,182000,0,182000,182000
08329P,台達電統一9C售02,0,0,0,0,0,0,0,0,0,182000,0,0,0,260000,78000,182000,182000
5203,訊連            ,291000,194000,97000,0,0,0,0,0,0,85000,6000,0,6000,93000,14000,79000,182000
006206,元大上證50      ,326000,44000,282000,0,0,0,0,0,0,-101000,0,0,0,1120000,1221000,-101000,181000
062991,台光電群益9B購03,0,0,0,0,0,0,0,0,0,181000,0,0,0,187000,6000,181000,181000
060308,劍麟永豐9A購01  ,0,0,0,0,0,0,0,0,0,181000,0,0,0,181000,0,181000,181000
065561,同欣電麥證9C購03,0,0,0,213000,18000,195000,0,0,0,181000,0,0,0,213000,32000,181000,181000
064850,智原元富9C購01  ,0,0,0,0,0,0,0,0,0,181000,0,0,0,186000,5000,181000,181000
055036,中工富邦9B購01  ,0,0,0,0,0,0,0,0,0,180000,0,0,0,440000,260000,180000,180000
059296,大立光元富99購06,0,0,0,0,0,0,0,0,0,180000,0,0,0,197000,17000,180000,180000
061865,力山元大9B購01  ,0,0,0,0,0,0,0,0,0,180000,0,0,0,205000,25000,180000,180000
06139P,台積電中信99售02,200000,0,200000,0,0,0,0,0,0,-20000,0,0,0,0,20000,-20000,180000
060427,聯茂永豐9A購01  ,0,0,0,0,0,0,0,0,0,180000,0,0,0,202000,22000,180000,180000
065572,泰碩群益01購01  ,0,0,0,0,0,0,0,0,0,180000,0,0,0,290000,110000,180000,180000
064373,和大元富03購01  ,0,0,0,0,0,0,0,0,0,180000,0,0,0,369000,189000,180000,180000
06432P,上銀群益98售01  ,0,0,0,0,0,0,0,0,0,180000,0,0,0,180000,0,180000,180000
08516P,技嘉群益01售02  ,0,0,0,0,0,0,0,0,0,180000,0,0,0,180000,0,180000,180000
1609,大亞            ,908000,721000,187000,0,0,0,0,0,0,-7000,1000,8000,-7000,0,0,0,180000
06934P,聯鈞元大98售03  ,0,0,0,0,0,0,0,0,0,179000,0,0,0,179000,0,179000,179000
061966,旺宏統一01購03  ,0,0,0,0,0,0,0,0,0,179000,0,0,0,194000,15000,179000,179000
062418,台積電統一01購06,0,0,0,0,0,0,0,0,0,179000,0,0,0,179000,0,179000,179000
063184,台光電凱基9B購03,0,0,0,0,0,0,0,0,0,179000,0,0,0,188000,9000,179000,179000
065010,國巨國泰01購04  ,0,0,0,0,0,0,0,0,0,179000,0,0,0,1479000,1300000,179000,179000
066350,達麗永豐01購01  ,0,0,0,0,0,0,0,0,0,178000,0,0,0,178000,0,178000,178000
055576,嘉晶統一98購01  ,0,0,0,0,0,0,0,0,0,178000,0,0,0,279000,101000,178000,178000
055487,國巨元大98購07  ,0,0,0,0,0,0,0,0,0,178000,0,0,0,278000,100000,178000,178000
064963,T50反1元大9C購09,0,0,0,0,0,0,0,0,0,178000,0,0,0,180000,2000,178000,178000
065329,億豐凱基9C購02  ,0,0,0,0,0,0,0,0,0,178000,0,0,0,178000,0,178000,178000
065525,瑞儀群益01購01  ,0,0,0,0,0,0,0,0,0,178000,0,0,0,223000,45000,178000,178000
064403,正崴凱基01購01  ,0,0,0,0,0,0,0,0,0,178000,0,0,0,224000,46000,178000,178000
08428P,GIS國票01售01   ,0,0,0,0,0,0,0,0,0,178000,0,0,0,381000,203000,178000,178000
067113,京鼎群益02購03  ,0,0,0,0,0,0,0,0,0,177000,0,0,0,177000,0,177000,177000
067085,臻鼎元大01購02  ,0,0,0,0,0,0,0,0,0,177000,0,0,0,251000,74000,177000,177000
058841,深中小群益01購01,0,0,0,0,0,0,0,0,0,177000,0,0,0,222000,45000,177000,177000
064234,正崴統一01購01  ,0,0,0,0,0,0,0,0,0,177000,0,0,0,182000,5000,177000,177000
065640,聯電元大01購02  ,0,0,0,0,0,0,0,0,0,177000,0,0,0,200000,23000,177000,177000
5534,長虹            ,268000,97000,171000,0,0,0,0,0,0,6000,8000,2000,6000,0,0,0,177000
058054,台積電統一9C購01,0,0,0,0,0,0,0,0,0,176000,0,0,0,542000,366000,176000,176000
3356,奇偶            ,213000,37000,176000,0,0,0,0,0,0,0,0,0,0,0,0,0,176000
067195,台虹凱基02購01  ,0,0,0,0,0,0,0,0,0,175000,0,0,0,498000,323000,175000,175000
067209,瑞昱元大01購04  ,0,0,0,0,0,0,0,0,0,175000,0,0,0,339000,164000,175000,175000
067392,欣興國泰03購01  ,0,0,0,0,0,0,0,0,0,175000,0,0,0,466000,291000,175000,175000
056813,聯茂統一99購01  ,0,0,0,0,0,0,0,0,0,175000,0,0,0,175000,0,175000,175000
066031,力成群益01購01  ,0,0,0,0,0,0,0,0,0,175000,0,0,0,178000,3000,175000,175000
065939,創意群益01購01  ,0,0,0,0,0,0,0,0,0,175000,0,0,0,196000,21000,175000,175000
1582,信錦            ,167000,20000,147000,0,0,0,0,0,0,28000,3000,0,3000,33000,8000,25000,175000
067206,台積電元大01購23,0,0,0,0,0,0,0,0,0,174000,0,0,0,829000,655000,174000,174000
067240,聯陽群益01購02  ,0,0,0,0,0,0,0,0,0,174000,0,0,0,174000,0,174000,174000
056411,緯穎國票99購01  ,0,0,0,0,0,0,0,0,0,174000,0,0,0,266000,92000,174000,174000
056739,美律凱基98購04  ,0,0,0,0,0,0,0,0,0,174000,0,0,0,174000,0,174000,174000
061030,喬山永豐9A購01  ,0,0,0,0,0,0,0,0,0,174000,0,0,0,174000,0,174000,174000
061470,鈺齊群益9A購02  ,0,0,0,0,0,0,0,0,0,174000,0,0,0,194000,20000,174000,174000
060434,台汽電永豐9A購01,0,0,0,0,0,0,0,0,0,174000,0,0,0,202000,28000,174000,174000
065524,康控群益01購01  ,0,0,0,0,0,0,0,0,0,174000,0,0,0,194000,20000,174000,174000
065227,金像電凱基9C購01,0,0,0,0,0,0,0,0,0,174000,0,0,0,619000,445000,174000,174000
063647,超眾元大9B購02  ,0,0,0,0,0,0,0,0,0,174000,0,0,0,174000,0,174000,174000
066345,正文永豐01購01  ,0,0,0,0,0,0,0,0,0,173000,0,0,0,361000,188000,173000,173000
07667P,亞德客元大9A售05,0,0,0,0,0,0,0,0,0,173000,0,0,0,176000,3000,173000,173000
062972,京元電元富9B購01,0,0,0,0,0,0,0,0,0,173000,0,0,0,328000,155000,173000,173000
064483,瑞儀永豐9C購01  ,0,0,0,0,0,0,0,0,0,173000,0,0,0,213000,40000,173000,173000
066836,樺漢群益01購01  ,0,0,0,0,0,0,0,0,0,172000,0,0,0,270000,98000,172000,172000
063982,TPK兆豐9C購01   ,0,0,0,0,0,0,0,0,0,172000,0,0,0,400000,228000,172000,172000
065432,景碩凱基9C購03  ,0,0,0,0,0,0,0,0,0,172000,0,0,0,285000,113000,172000,172000
066534,華通台新01購02  ,0,0,0,0,0,0,0,0,0,171000,0,0,0,345000,174000,171000,171000
065072,和大元大9C購03  ,0,0,0,0,0,0,0,0,0,171000,0,0,0,171000,0,171000,171000
063861,南亞科國泰02購01,0,0,0,0,0,0,0,0,0,171000,0,0,0,348000,177000,171000,171000
066811,致新凱基01購03  ,0,0,0,0,0,0,0,0,0,170000,0,0,0,170000,0,170000,170000
057405,麗豐群益98購01  ,0,0,0,0,0,0,0,0,0,170000,0,0,0,170000,0,170000,170000
061451,南電中信9A購03  ,0,0,0,0,0,0,0,0,0,170000,0,0,0,240000,70000,170000,170000
064145,宏碁統一02購01  ,0,0,0,0,0,0,0,0,0,170000,0,0,0,1002000,832000,170000,170000
064787,和潤群益9C購01  ,0,0,0,0,0,0,0,0,0,170000,0,0,0,170000,0,170000,170000
066026,泰碩群益03購01  ,0,0,0,0,0,0,0,0,0,170000,0,0,0,210000,40000,170000,170000
066045,聯發科元大01購08,0,0,0,0,0,0,0,0,0,170000,0,0,0,197000,27000,170000,170000
066331,東森永豐01購01  ,0,0,0,0,0,0,0,0,0,169000,0,0,0,184000,15000,169000,169000
058337,日月光元富99購01,0,0,0,0,0,0,0,0,0,169000,0,0,0,535000,366000,169000,169000
065037,緯穎統一02購02  ,0,0,0,0,0,0,0,0,0,169000,0,0,0,428000,259000,169000,169000
064689,台積電群益9C購09,0,0,0,0,0,0,0,0,0,169000,0,0,0,256000,87000,169000,169000
058013,SP黃豆凱基9A購01,0,0,0,0,0,0,0,0,0,168000,0,0,0,300000,132000,168000,168000
064575,鈺齊群益9C購01  ,0,0,0,0,0,0,0,0,0,168000,0,0,0,173000,5000,168000,168000
064354,同欣電元大9C購05,0,0,0,0,0,0,0,0,0,168000,0,0,0,538000,370000,168000,168000
064879,健策兆豐01購01  ,0,0,0,0,0,0,0,0,0,168000,0,0,0,168000,0,168000,168000
065915,聯發科凱基01購09,0,0,0,0,0,0,0,0,0,168000,0,0,0,350000,182000,168000,168000
065830,景碩凱基9C購04  ,0,0,0,0,0,0,0,0,0,168000,0,0,0,272000,104000,168000,168000
065834,億豐凱基03購01  ,0,0,0,0,0,0,0,0,0,168000,0,0,0,182000,14000,168000,168000
00717,富邦美國特別股  ,0,0,0,0,0,0,0,0,0,167255,0,0,0,690255,523000,167255,167255
055449,超眾統一9A購01  ,0,0,0,0,0,0,0,0,0,167000,0,0,0,168000,1000,167000,167000
057442,玉晶光統一98購03,0,0,0,0,0,0,0,0,0,167000,0,0,0,167000,0,167000,167000
063484,達方元大9B購01  ,0,0,0,0,0,0,0,0,0,167000,0,0,0,217000,50000,167000,167000
065854,臻鼎元大9C購05  ,0,0,0,0,0,0,0,0,0,167000,0,0,0,187000,20000,167000,167000
064433,金像電凱基02購01,0,0,0,0,0,0,0,0,0,167000,0,0,0,649000,482000,167000,167000
058847,國巨群益99購05  ,0,0,0,0,0,0,0,0,0,166000,0,0,0,166000,0,166000,166000
06054P,臺股指中信9A售01,0,0,0,0,0,0,0,0,0,166000,0,0,0,186000,20000,166000,166000
062803,嘉晶統一9B購02  ,0,0,0,0,0,0,0,0,0,166000,0,0,0,535000,369000,166000,166000
064075,台積電中信06購01,0,0,0,0,0,0,0,0,0,166000,0,0,0,230000,64000,166000,166000
9902,台火            ,185000,24000,161000,0,0,0,0,0,0,5000,5000,0,5000,0,0,0,166000
066549,京元電元大01購03,0,0,0,0,0,0,0,0,0,165000,0,0,0,176000,11000,165000,165000
067219,瑞儀元大01購01  ,0,0,0,0,0,0,0,0,0,165000,0,0,0,205000,40000,165000,165000
067345,美利達凱基02購01,0,0,0,0,0,0,0,0,0,165000,0,0,0,165000,0,165000,165000
057356,彩晶統一98購04  ,0,0,0,0,0,0,0,0,0,165000,0,0,0,165000,0,165000,165000
057818,泰碩元大9A購01  ,0,0,0,0,0,0,0,0,0,165000,0,0,0,424000,259000,165000,165000
067148,燿華統一01購03  ,0,0,0,0,0,0,0,0,0,164000,0,0,0,283000,119000,164000,164000
063446,台光電統一01購02,0,0,0,0,0,0,0,0,0,164000,0,0,0,264000,100000,164000,164000
063448,聯發科統一9C購11,0,0,0,0,0,0,0,0,0,164000,0,0,0,164000,0,164000,164000
059948,正文永豐99購01  ,0,0,0,0,0,0,0,0,0,164000,0,0,0,181000,17000,164000,164000
065416,華通國票01購02  ,0,25000,-25000,0,0,0,0,0,0,189000,0,0,0,199000,10000,189000,164000
07081P,南電群益9A售01  ,0,0,0,0,0,0,0,0,0,163000,0,0,0,185000,22000,163000,163000
060280,元金2X元大9A購01,0,0,0,0,0,0,0,0,0,163000,0,0,0,163000,0,163000,163000
065195,國巨元富06購01  ,0,0,0,0,0,0,0,0,0,163000,0,0,0,163000,0,163000,163000
065916,聯發科凱基01購10,0,0,0,0,0,0,0,0,0,163000,0,0,0,306000,143000,163000,163000
063642,茂林元大9B購08  ,0,0,0,0,0,0,0,0,0,163000,0,0,0,258000,95000,163000,163000
064601,嘉晶元富9C購03  ,0,0,0,0,0,0,0,0,0,163000,0,0,0,443000,280000,163000,163000
066919,台積電麥證01購06,0,0,0,171000,9000,162000,0,0,0,162000,0,0,0,171000,9000,162000,162000
066516,智原永豐01購01  ,0,0,0,0,0,0,0,0,0,162000,0,0,0,162000,0,162000,162000
066131,群光群益02購01  ,0,0,0,0,0,0,0,0,0,162000,0,0,0,245000,83000,162000,162000
066089,文曄永豐01購01  ,0,0,0,0,0,0,0,0,0,162000,0,0,0,162000,0,162000,162000
059351,台虹凱基99購01  ,0,0,0,0,0,0,0,0,0,162000,0,0,0,173000,11000,162000,162000
058989,茂林凱基99購02  ,0,0,0,0,0,0,0,0,0,162000,0,0,0,195000,33000,162000,162000
062513,玉晶光國票9C購01,0,0,0,0,0,0,0,0,0,162000,0,0,0,188000,26000,162000,162000
062204,京元電國票9C購01,0,0,0,0,0,0,0,0,0,162000,0,0,0,172000,10000,162000,162000
064733,南六統一9C購03  ,0,0,0,0,0,0,0,0,0,162000,0,0,0,333000,171000,162000,162000
063738,奇鋐元大9B購03  ,0,0,0,0,0,0,0,0,0,162000,0,0,0,231000,69000,162000,162000
063864,健策富邦01購01  ,0,0,0,0,0,0,0,0,0,162000,0,0,0,301000,139000,162000,162000
065269,貿聯元大9C購05  ,0,0,0,0,0,0,0,0,0,162000,0,0,0,181000,19000,162000,162000
066408,致新凱基01購02  ,0,0,0,0,0,0,0,0,0,161000,0,0,0,175000,14000,161000,161000
061080,華邦電兆豐9B購01,0,0,0,0,0,0,0,0,0,161000,0,0,0,703000,542000,161000,161000
4106,雃博            ,459000,298000,161000,0,0,0,0,0,0,0,0,0,0,0,0,0,161000
066447,智伸科群益01購02,0,0,0,0,0,0,0,0,0,160000,0,0,0,160000,0,160000,160000
08278P,玉晶光元富9C售02,0,0,0,0,0,0,0,0,0,160000,0,0,0,201000,41000,160000,160000
061223,T50反1中信01購01,0,0,0,0,0,0,0,0,0,160000,0,0,0,200000,40000,160000,160000
06538P,國巨凱基98售11  ,0,0,0,0,0,0,0,0,0,160000,0,0,0,160000,0,160000,160000
065082,台光電元大9C購04,0,0,0,0,0,0,0,0,0,160000,0,0,0,348000,188000,160000,160000
3048,益登            ,183000,20000,163000,0,0,0,0,0,0,-3000,0,3000,-3000,0,0,0,160000
08760P,瑞昱元大01售02  ,0,0,0,0,0,0,0,0,0,160000,0,0,0,160000,0,160000,160000
066260,聯強元大01購02  ,0,0,0,0,0,0,0,0,0,159000,0,0,0,187000,28000,159000,159000
057176,全新元大99購02  ,0,0,0,0,0,0,0,0,0,159000,0,0,0,188000,29000,159000,159000
062170,健策永豐9B購04  ,0,0,0,0,0,0,0,0,0,159000,0,0,0,200000,41000,159000,159000
062152,國巨麥證9C購01  ,0,0,0,159000,0,159000,0,0,0,159000,0,0,0,159000,0,159000,159000
063336,大成鋼統一9C購02,0,0,0,0,0,0,0,0,0,159000,0,0,0,162000,3000,159000,159000
066041,台光電元大01購02,0,0,0,0,0,0,0,0,0,159000,0,0,0,360000,201000,159000,159000
064162,貿聯統一02購01  ,0,0,0,0,0,0,0,0,0,159000,0,0,0,159000,0,159000,159000
064174,致新元富9C購02  ,0,0,0,0,0,0,0,0,0,159000,0,0,0,441000,282000,159000,159000
064736,超眾元富9C購04  ,0,0,0,0,0,0,0,0,0,159000,0,0,0,206000,47000,159000,159000
064406,健策凱基03購01  ,0,0,0,0,0,0,0,0,0,159000,0,0,0,282000,123000,159000,159000
08806P,技嘉元富07售02  ,0,0,0,0,0,0,0,0,0,159000,0,0,0,164000,5000,159000,159000
067474,華邦電元大01購02,0,0,0,0,0,0,0,0,0,158000,0,0,0,473000,315000,158000,158000
062328,南亞科統一9C購01,0,0,0,0,0,0,0,0,0,158000,0,0,0,288000,130000,158000,158000
056096,超眾元富9A購01  ,0,0,0,0,0,0,0,0,0,158000,0,0,0,162000,4000,158000,158000
060506,京元電元大9A購02,0,0,0,0,0,0,0,0,0,158000,0,0,0,159000,1000,158000,158000
062187,台勝科元大9B購02,0,0,0,0,0,0,0,0,0,158000,0,0,0,226000,68000,158000,158000
064246,南六統一9C購02  ,0,0,0,0,0,0,0,0,0,158000,0,0,0,198000,40000,158000,158000
064175,華通國泰02購01  ,0,0,0,0,0,0,0,0,0,158000,0,0,0,303000,145000,158000,158000
065349,玉晶光統一9C購05,0,0,0,0,0,0,0,0,0,158000,0,0,0,1580000,1422000,158000,158000
057973,神達富邦9A購01  ,0,0,0,0,0,0,0,0,0,157000,0,0,0,157000,0,157000,157000
059123,訊芯永豐99購03  ,0,0,0,0,0,0,0,0,0,157000,0,0,0,357000,200000,157000,157000
058270,上緯控永豐99購01,0,0,0,0,0,0,0,0,0,157000,0,0,0,220000,63000,157000,157000
065814,健策統一9C購08  ,0,0,0,0,0,0,0,0,0,157000,0,0,0,159000,2000,157000,157000
063994,台光電群益9C購01,0,0,0,0,0,0,0,0,0,157000,0,0,0,171000,14000,157000,157000
063571,TPK元大9B購03   ,0,0,0,0,0,0,0,0,0,157000,0,0,0,192000,35000,157000,157000
08771P,滬深2X凱基01售02,0,0,0,0,0,0,0,0,0,157000,0,0,0,190000,33000,157000,157000
065281,和大群益01購02  ,0,0,0,0,0,0,0,0,0,156000,0,0,0,156000,0,156000,156000
08739P,台郡凱基01售03  ,0,0,0,0,0,0,0,0,0,156000,0,0,0,160000,4000,156000,156000
08673P,友訊元富01售03  ,0,0,0,0,0,0,0,0,0,156000,0,0,0,280000,124000,156000,156000
3504,揚明光          ,200000,49000,151000,0,0,0,0,0,0,5000,0,0,0,53000,48000,5000,156000
2013,中鋼構          ,346000,189000,157000,0,0,0,0,0,0,-1000,0,1000,-1000,0,0,0,156000
066761,聯陽永豐01購03  ,0,0,0,0,0,0,0,0,0,155000,0,0,0,165000,10000,155000,155000
058527,世紀鋼元大99購01,0,0,0,0,0,0,0,0,0,155000,0,0,0,647000,492000,155000,155000
062559,嘉晶凱基9B購02  ,0,0,0,0,0,0,0,0,0,155000,0,0,0,260000,105000,155000,155000
058786,元黃金元大99購01,0,0,0,0,0,0,0,0,0,155000,0,0,0,155000,0,155000,155000
4976,佳凌            ,198000,43000,155000,0,0,0,0,0,0,0,0,0,0,0,0,0,155000
066913,樺漢凱基01購01  ,0,0,0,0,0,0,0,0,0,154000,0,0,0,174000,20000,154000,154000
067136,京鼎永豐01購01  ,0,0,0,0,0,0,0,0,0,154000,0,0,0,155000,1000,154000,154000
066573,瑞祺元大01購02  ,0,0,0,0,0,0,0,0,0,154000,0,0,0,206000,52000,154000,154000
066832,健策群益01購08  ,0,0,0,0,0,0,0,0,0,153000,0,0,0,153000,0,153000,153000
066849,神達元大01購01  ,0,0,0,0,0,0,0,0,0,153000,0,0,0,155000,2000,153000,153000
062697,國巨元大9C購01  ,0,0,0,0,0,0,0,0,0,153000,0,0,0,153000,0,153000,153000
065363,國巨元大01購04  ,0,0,0,0,0,0,0,0,0,153000,0,0,0,235000,82000,153000,153000
065366,英業達元大9C購02,0,0,0,0,0,0,0,0,0,153000,0,0,0,202000,49000,153000,153000
065477,健鼎元大9C購03  ,0,0,0,0,0,0,0,0,0,153000,0,0,0,245000,92000,153000,153000
064677,金像電兆豐9C購01,0,0,0,0,0,0,0,0,0,153000,0,0,0,162000,9000,153000,153000
063146,南六統一9B購02  ,0,0,0,0,0,0,0,0,0,152000,0,0,0,491000,339000,152000,152000
063367,GIS富邦9B購01   ,0,0,0,0,0,0,0,0,0,152000,0,0,0,393000,241000,152000,152000
061137,晶技統一9B購01  ,0,0,0,0,0,0,0,0,0,152000,0,0,0,894000,742000,152000,152000
063612,金像電群益9B購04,0,0,0,0,0,0,0,0,0,152000,0,0,0,276000,124000,152000,152000
065182,南電元大9C購05  ,0,0,0,0,0,0,0,0,0,152000,0,0,0,202000,50000,152000,152000
3419,譁裕            ,182000,30000,152000,0,0,0,0,0,0,0,0,0,0,0,0,0,152000
066170,聯陽凱基01購01  ,0,0,0,0,0,0,0,0,0,151000,0,0,0,256000,105000,151000,151000
067339,欣興凱基02購01  ,0,0,0,0,0,0,0,0,0,151000,0,0,0,158000,7000,151000,151000
062226,臻鼎統一9B購01  ,0,0,0,0,0,0,0,0,0,151000,0,0,0,157000,6000,151000,151000
058144,聯茂元大99購02  ,0,0,0,0,0,0,0,0,0,151000,0,0,0,177000,26000,151000,151000
059908,元金2X元大99購01,0,0,0,0,0,0,0,0,0,151000,0,0,0,161000,10000,151000,151000
065582,景碩國泰01購01  ,0,0,0,0,0,0,0,0,0,151000,0,0,0,825000,674000,151000,151000
065663,凌華永豐9C購01  ,0,0,0,0,0,0,0,0,0,151000,0,0,0,159000,8000,151000,151000
064176,京元電國泰01購01,0,0,0,0,0,0,0,0,0,151000,0,0,0,166000,15000,151000,151000
2208,台船            ,535000,544000,-9000,0,0,0,0,0,0,160000,0,2000,-2000,170000,8000,162000,151000
08573P,台積電凱基9C售06,0,0,0,0,0,0,0,0,0,151000,0,0,0,260000,109000,151000,151000
08084P,台表科元大9B售06,0,0,0,0,0,0,0,0,0,150000,0,0,0,170000,20000,150000,150000
07026P,超眾凱基99售03  ,0,0,0,0,0,0,0,0,0,150000,0,0,0,150000,0,150000,150000
07356P,臺股指國票99售24,0,0,0,0,0,0,0,0,0,150000,0,0,0,150000,0,150000,150000
07713P,台郡元大9A售03  ,0,0,0,0,0,0,0,0,0,150000,0,0,0,150000,0,150000,150000
07420P,可成元大99售07  ,0,0,0,0,0,0,0,0,0,150000,0,0,0,150000,0,150000,150000
066059,帆宣元大01購01  ,0,0,0,0,0,0,0,0,0,150000,0,0,0,161000,11000,150000,150000
066411,南紡元大01購01  ,0,0,0,0,0,0,0,0,0,150000,0,0,0,300000,150000,150000,150000
066917,美利達凱基01購02,0,0,0,0,0,0,0,0,0,150000,0,0,0,242000,92000,150000,150000
066685,T50反1元富07購02,0,0,0,0,0,0,0,0,0,150000,0,0,0,150000,0,150000,150000
066961,超眾元大01購05  ,0,0,0,0,0,0,0,0,0,150000,0,0,0,150000,0,150000,150000
058990,GIS凱基99購02   ,0,0,0,0,0,0,0,0,0,150000,0,0,0,152000,2000,150000,150000
00706L,元大S&P日圓正2  ,0,0,0,0,0,0,0,0,0,150000,0,0,0,151000,1000,150000,150000
056573,華新科元大99購06,0,0,0,0,0,0,0,0,0,150000,0,0,0,150000,0,150000,150000
056590,樺漢統一9A購01  ,0,0,0,0,0,0,0,0,0,150000,0,0,0,184000,34000,150000,150000
064530,康控中信9C購01  ,0,0,0,0,0,0,0,0,0,150000,0,0,0,150000,0,150000,150000
067369,瑞昱統一01購07  ,0,0,0,0,0,0,0,0,0,149000,0,0,0,186000,37000,149000,149000
058834,GIS永豐99購01   ,0,0,0,0,0,0,0,0,0,149000,0,0,0,179000,30000,149000,149000
067025,禾伸堂兆豐03購01,0,0,0,0,0,0,0,0,0,148000,0,0,0,311000,163000,148000,148000
066818,力成兆豐01購01  ,0,0,0,0,0,0,0,0,0,148000,0,0,0,165000,17000,148000,148000
066373,美利達中信01購01,0,0,0,0,0,0,0,0,0,148000,0,0,0,239000,91000,148000,148000
066432,南六元大01購02  ,0,0,0,0,0,0,0,0,0,148000,0,0,0,173000,25000,148000,148000
065313,聯茂國票01購01  ,0,0,0,0,0,0,0,0,0,148000,0,0,0,193000,45000,148000,148000
066613,燿華麥證01購01  ,0,0,0,218000,114000,104000,0,0,0,147000,0,0,0,261000,114000,147000,147000
066149,潤泰新群益01購01,0,0,0,0,0,0,0,0,0,147000,0,0,0,147000,0,147000,147000
066713,台灣50元大01購21,0,0,0,0,0,0,0,0,0,147000,0,0,0,158000,11000,147000,147000
067324,巨大元大01購04  ,0,0,0,0,0,0,0,0,0,147000,0,0,0,147000,0,147000,147000
057745,泰鼎永豐99購01  ,0,0,0,0,0,0,0,0,0,147000,0,0,0,225000,78000,147000,147000
064888,景碩中信9C購01  ,0,0,0,0,0,0,0,0,0,147000,0,0,0,394000,247000,147000,147000
064121,國巨元大9C購16  ,0,0,0,0,0,0,0,0,0,147000,0,0,0,270000,123000,147000,147000
063634,台光電元大9B購09,0,0,0,0,0,0,0,0,0,147000,0,0,0,249000,102000,147000,147000
08311P,台積電國票9C售07,0,0,0,0,0,0,0,0,0,147000,0,0,0,450000,303000,147000,147000
067603,冠德凱基02購01  ,0,0,0,0,0,0,0,0,0,146000,0,0,0,175000,29000,146000,146000
07926P,上銀統一9B售02  ,0,0,0,0,0,0,0,0,0,146000,0,0,0,146000,0,146000,146000
063473,茂林元大9B購05  ,0,0,0,0,0,0,0,0,0,146000,0,0,0,256000,110000,146000,146000
062448,健策元大9C購04  ,0,0,0,0,0,0,0,0,0,146000,0,0,0,146000,0,146000,146000
064035,GIS元大9C購03   ,0,0,0,0,0,0,0,0,0,146000,0,0,0,235000,89000,146000,146000
065777,正崴國泰03購01  ,0,0,0,0,0,0,0,0,0,146000,0,0,0,186000,40000,146000,146000
2889,國票金          ,538000,379000,159000,0,0,0,0,0,0,-13000,6000,19000,-13000,0,0,0,146000
067351,國巨群益01購08  ,0,0,0,0,0,0,0,0,0,145000,0,0,0,170000,25000,145000,145000
067577,FBVIX群益01購02 ,0,0,0,0,0,0,0,0,0,145000,0,0,0,150000,5000,145000,145000
066883,聯發科永豐01購01,0,0,0,0,0,0,0,0,0,145000,0,0,0,202000,57000,145000,145000
066248,長興元大01購01  ,0,0,0,0,0,0,0,0,0,145000,0,0,0,1570000,1425000,145000,145000
066465,同欣電統一01購05,0,0,0,0,0,0,0,0,0,145000,0,0,0,472000,327000,145000,145000
062379,致新元大9B購01  ,0,0,0,0,0,0,0,0,0,145000,0,0,0,240000,95000,145000,145000
059529,華新科凱基9A購04,0,0,0,0,0,0,0,0,0,145000,0,0,0,197000,52000,145000,145000
065403,健鼎國泰02購01  ,0,0,0,0,0,0,0,0,0,145000,0,0,0,290000,145000,145000,145000
08571P,台積電兆豐9C售06,0,0,0,0,0,0,0,0,0,145000,0,0,0,160000,15000,145000,145000
6558,興能高          ,181000,36000,145000,0,0,0,0,0,0,0,0,0,0,0,0,0,145000
067261,樺漢國票02購01  ,0,0,0,0,0,0,0,0,0,144000,0,0,0,163000,19000,144000,144000
08153P,台表科統一9B售01,0,0,0,0,0,0,0,0,0,144000,0,0,0,553000,409000,144000,144000
065324,聯發科凱基9C購10,0,0,0,0,0,0,0,0,0,144000,0,0,0,189000,45000,144000,144000
065184,和大統一02購04  ,0,0,0,0,0,0,0,0,0,144000,0,0,0,179000,35000,144000,144000
064955,健策凱基9C購03  ,0,0,0,0,0,0,0,0,0,144000,0,0,0,144000,0,144000,144000
065941,超眾群益02購01  ,0,0,0,0,0,0,0,0,0,144000,0,0,0,154000,10000,144000,144000
065517,緯創群益9C購02  ,0,0,0,0,0,0,0,0,0,144000,0,0,0,157000,13000,144000,144000
07880P,可成群益9B售05  ,0,0,0,0,0,0,0,0,0,143000,0,0,0,185000,42000,143000,143000
066264,金像電元大01購01,0,0,0,0,0,0,0,0,0,143000,0,0,0,201000,58000,143000,143000
066194,美利達凱基01購01,0,0,0,0,0,0,0,0,0,143000,0,0,0,146000,3000,143000,143000
067117,健策群益01購09  ,0,0,0,0,0,0,0,0,0,143000,0,0,0,218000,75000,143000,143000
03810P,大立光富邦98售01,0,0,0,0,0,0,0,0,0,143000,0,0,0,143000,0,143000,143000
065298,健策統一9C購06  ,0,0,0,0,0,0,0,0,0,143000,0,0,0,153000,10000,143000,143000
064008,日月光凱基9C購01,0,0,0,0,0,0,0,0,0,143000,0,0,0,155000,12000,143000,143000
063615,瑞祺群益9B購03  ,0,0,0,0,0,0,0,0,0,143000,0,0,0,143000,0,143000,143000
064371,矽格統一9C購02  ,15000,0,15000,0,0,0,0,0,0,128000,0,0,0,191000,63000,128000,143000
08774P,華擎凱基01售02  ,0,0,0,0,0,0,0,0,0,143000,0,0,0,156000,13000,143000,143000
08211P,台表科元富9B售03,0,0,0,0,0,0,0,0,0,142000,0,0,0,169000,27000,142000,142000
056404,嘉聯益群益9A購01,0,0,0,0,0,0,0,0,0,142000,0,0,0,190000,48000,142000,142000
057824,日月光元大98購01,0,0,0,0,0,0,0,0,0,142000,0,0,0,142000,0,142000,142000
058377,茂林凱基9A購03  ,0,0,0,0,0,0,0,0,0,142000,0,0,0,168000,26000,142000,142000
061718,GIS凱基9B購01   ,0,0,0,0,0,0,0,0,0,142000,0,0,0,223000,81000,142000,142000
062663,聯發科群益9B購07,0,0,0,0,0,0,0,0,0,142000,0,0,0,142000,0,142000,142000
063626,聚陽元大9B購03  ,0,0,0,0,0,0,0,0,0,142000,0,0,0,275000,133000,142000,142000
063888,TPK中信01購01   ,0,0,0,0,0,0,0,0,0,142000,0,0,0,152000,10000,142000,142000
065095,玉晶光元大02購02,0,0,0,0,0,0,0,0,0,142000,0,0,0,165000,23000,142000,142000
065078,台積電元大02購01,0,0,0,0,0,0,0,0,0,142000,0,0,0,220000,78000,142000,142000
065000,和大國票02購01  ,0,0,0,0,0,0,0,0,0,142000,0,0,0,142000,0,142000,142000
08360P,國巨國泰02售01  ,0,0,0,0,0,0,0,0,0,142000,0,0,0,650000,508000,142000,142000
4968,立積            ,400000,192000,208000,0,0,0,0,187000,-187000,121000,118000,39000,79000,64000,22000,42000,142000
067528,聚陽群益01購01  ,0,0,0,0,0,0,0,0,0,141000,0,0,0,141000,0,141000,141000
066509,南亞永豐01購01  ,0,0,0,0,0,0,0,0,0,141000,0,0,0,141000,0,141000,141000
061970,大立光統一9C購03,0,0,0,0,0,0,0,0,0,141000,0,0,0,162000,21000,141000,141000
065097,貿聯元大9C購04  ,0,0,0,0,0,0,0,0,0,141000,0,0,0,197000,56000,141000,141000
064870,中租永豐9C購01  ,0,0,0,0,0,0,0,0,0,141000,0,0,0,141000,0,141000,141000
065563,T50反1群益9C購04,0,0,0,0,0,0,0,0,0,141000,0,0,0,150000,9000,141000,141000
066023,燿華群益01購02  ,0,0,0,0,0,0,0,0,0,141000,0,0,0,165000,24000,141000,141000
063643,臻鼎元大9B購03  ,0,0,0,0,0,0,0,0,0,141000,0,0,0,141000,0,141000,141000
064442,嘉聯益凱基9C購01,0,0,0,0,0,0,0,0,0,141000,0,0,0,223000,82000,141000,141000
08469P,富邦金凱基9C售01,0,0,0,0,0,0,0,0,0,141000,0,0,0,141000,0,141000,141000
066565,泰鼎元大01購01  ,0,0,0,0,0,0,0,0,0,140000,0,0,0,449000,309000,140000,140000
066060,超眾元大01購03  ,0,0,0,0,0,0,0,0,0,140000,0,0,0,219000,79000,140000,140000
058522,聯茂元大99購07  ,0,0,0,0,0,0,0,0,0,140000,0,0,0,153000,13000,140000,140000
059194,元金2X永豐99購01,0,0,0,0,0,0,0,0,0,140000,0,0,0,140000,0,140000,140000
061492,超眾兆豐9B購01  ,0,0,0,0,0,0,0,0,0,140000,0,0,0,144000,4000,140000,140000
060456,正隆元大9A購01  ,0,0,0,0,0,0,0,0,0,140000,0,0,0,148000,8000,140000,140000
061070,超眾凱基9C購01  ,0,0,0,0,0,0,0,0,0,140000,0,0,0,150000,10000,140000,140000
061549,泰碩群益9A購01  ,0,0,0,0,0,0,0,0,0,140000,0,0,0,200000,60000,140000,140000
063438,聚陽統一9C購01  ,0,0,0,0,0,0,0,0,0,140000,0,0,0,152000,12000,140000,140000
064256,玉晶光國泰02購02,0,0,0,0,0,0,0,0,0,140000,0,0,0,434000,294000,140000,140000
064913,燿華統一02購01  ,0,0,0,0,0,0,0,0,0,140000,0,0,0,140000,0,140000,140000
066181,泰鼎凱基01購01  ,0,0,0,0,0,0,0,0,0,139000,0,0,0,233000,94000,139000,139000
066897,京元電康和01購01,0,0,0,0,0,0,0,0,0,139000,0,0,0,139000,0,139000,139000
07990P,緯穎凱基9B售02  ,0,0,0,0,0,0,0,0,0,139000,0,0,0,221000,82000,139000,139000
058406,聯茂元大99購06  ,0,0,0,0,0,0,0,0,0,139000,0,0,0,139000,0,139000,139000
062268,力山群益9B購01  ,0,0,0,0,0,0,0,0,0,139000,0,0,0,271000,132000,139000,139000
063409,GIS國票9C購02   ,0,0,0,0,0,0,0,0,0,139000,0,0,0,224000,85000,139000,139000
064820,裕隆統一9C購01  ,0,0,0,0,0,0,0,0,0,139000,0,0,0,139000,0,139000,139000
065481,臻鼎元大9C購04  ,0,0,0,0,0,0,0,0,0,139000,0,0,0,309000,170000,139000,139000
08154P,上銀元富9B售04  ,0,0,0,0,0,0,0,0,0,138000,0,0,0,138000,0,138000,138000
066146,昇陽半群益01購02,0,0,0,0,0,0,0,0,0,138000,0,0,0,200000,62000,138000,138000
062340,力成麥證9B購01  ,0,0,0,427000,289000,138000,0,0,0,138000,0,0,0,427000,289000,138000,138000
057466,泰鼎永豐98購01  ,0,0,0,0,0,0,0,0,0,138000,0,0,0,149000,11000,138000,138000
05670P,台積電國票98售01,0,0,0,0,0,0,0,0,0,138000,0,0,0,140000,2000,138000,138000
00730,富邦臺灣優質高息,1000,1000,0,0,0,0,0,0,0,138000,0,0,0,342000,204000,138000,138000
065860,南電元大02購01  ,0,0,0,0,0,0,0,0,0,138000,0,0,0,138000,0,138000,138000
065224,和大凱基02購02  ,0,0,0,0,0,0,0,0,0,138000,0,0,0,138000,0,138000,138000
063762,緯穎統一9C購01  ,0,0,0,0,0,0,0,0,0,138000,0,0,0,138000,0,138000,138000
064157,健鼎統一01購02  ,0,0,0,0,0,0,0,0,0,138000,0,0,0,370000,232000,138000,138000
066443,智原群益01購01  ,0,50000,-50000,0,0,0,0,0,0,187000,0,0,0,187000,0,187000,137000
06984P,上銀富邦9B售01  ,0,0,0,0,0,0,0,0,0,137000,0,0,0,269000,132000,137000,137000
059202,禾聯碩永豐99購01,0,0,0,0,0,0,0,0,0,137000,0,0,0,137000,0,137000,137000
060956,超眾群益9A購01  ,0,0,0,0,0,0,0,0,0,137000,0,0,0,158000,21000,137000,137000
063578,瑞祺元大9B購03  ,0,0,0,0,0,0,0,0,0,137000,0,0,0,137000,0,137000,137000
064690,台光電群益9C購02,0,0,0,0,0,0,0,0,0,137000,0,0,0,140000,3000,137000,137000
08588P,緯穎元富03售01  ,0,0,0,0,0,0,0,0,0,137000,0,0,0,192000,55000,137000,137000
07466P,亞德客元大9A售02,0,0,0,0,0,0,0,0,0,136000,0,0,0,226000,90000,136000,136000
07883P,可成凱基9B售03  ,0,0,0,0,0,0,0,0,0,136000,0,0,0,226000,90000,136000,136000
066791,牧德康和01購01  ,0,0,0,0,0,0,0,0,0,136000,0,0,0,136000,0,136000,136000
059120,致伸永豐99購01  ,0,0,0,0,0,0,0,0,0,136000,0,0,0,136000,0,136000,136000
061996,矽格元大9B購01  ,0,0,0,0,0,0,0,0,0,136000,0,0,0,236000,100000,136000,136000
064510,GIS元大01購01   ,0,0,0,0,0,0,0,0,0,136000,0,0,0,192000,56000,136000,136000
065701,聯發科群益9C購13,0,0,0,0,0,0,0,0,0,136000,0,0,0,136000,0,136000,136000
3494,誠研            ,136000,0,136000,0,0,0,0,0,0,0,0,0,0,0,0,0,136000
057813,京元電元大98購03,0,0,0,0,0,0,0,0,0,135000,0,0,0,135000,0,135000,135000
058521,日月光元大99購01,0,0,0,0,0,0,0,0,0,135000,0,0,0,135000,0,135000,135000
060187,華新科元富9A購02,0,0,0,0,0,0,0,0,0,135000,0,0,0,252000,117000,135000,135000
06535P,可成群益99售02  ,0,0,0,0,0,0,0,0,0,135000,0,0,0,150000,15000,135000,135000
067142,美利達永豐01購02,0,0,0,0,0,0,0,0,0,134000,0,0,0,202000,68000,134000,134000
065322,聯發科凱基01購05,0,0,0,0,0,0,0,0,0,134000,0,0,0,146000,12000,134000,134000
064463,聯茂統一01購02  ,0,0,0,0,0,0,0,0,0,134000,0,0,0,134000,0,134000,134000
064367,貿聯統一01購02  ,0,0,0,0,0,0,0,0,0,134000,0,0,0,145000,11000,134000,134000
3712,永崴投控        ,374000,15000,359000,0,0,0,0,0,0,-225000,0,0,0,0,225000,-225000,134000
6176,瑞儀            ,1342000,537000,805000,0,0,0,1000,446000,-445000,-226000,30000,28000,2000,17000,245000,-228000,134000
067373,聯發科統一03購04,0,0,0,0,0,0,0,0,0,133000,0,0,0,389000,256000,133000,133000
062062,貿聯統一01購01  ,0,0,0,0,0,0,0,0,0,133000,0,0,0,143000,10000,133000,133000
062331,大立光統一9B購10,0,0,0,0,0,0,0,0,0,133000,0,0,0,135000,2000,133000,133000
054204,元金2X國票9B購02,0,0,0,0,0,0,0,0,0,133000,0,0,0,133000,0,133000,133000
062428,超眾統一9B購01  ,0,0,0,0,0,0,0,0,0,133000,0,0,0,148000,15000,133000,133000
062212,臻鼎台新9B購01  ,0,0,0,0,0,0,0,0,0,133000,0,0,0,191000,58000,133000,133000
063369,聚陽永豐9B購01  ,0,0,0,0,0,0,0,0,0,133000,0,0,0,144000,11000,133000,133000
063475,同欣電元大9C購01,0,0,0,0,0,0,0,0,0,133000,0,0,0,418000,285000,133000,133000
063188,TPK凱基9B購01   ,0,0,0,0,0,0,0,0,0,133000,0,0,0,266000,133000,133000,133000
063739,台勝科元大9B購03,0,0,0,0,0,0,0,0,0,133000,0,0,0,313000,180000,133000,133000
08800P,台積電元大01售20,0,0,0,0,0,0,0,0,0,133000,0,0,0,364000,231000,133000,133000
067082,健策元大01購07  ,0,0,0,0,0,0,0,0,0,132000,0,0,0,200000,68000,132000,132000
060320,元金2X群益02購01,0,0,0,0,0,0,0,0,0,132000,0,0,0,152000,20000,132000,132000
063225,茂林群益9B購04  ,0,0,0,0,0,0,0,0,0,132000,0,0,0,147000,15000,132000,132000
061798,晶豪科永豐9B購01,0,0,0,0,0,0,0,0,0,132000,0,0,0,132000,0,132000,132000
063808,台表科兆豐9C購01,0,0,0,0,0,0,0,0,0,132000,0,0,0,165000,33000,132000,132000
064136,致新元大9C購01  ,0,0,0,0,0,0,0,0,0,132000,0,0,0,276000,144000,132000,132000
064284,京鼎元大9C購01  ,0,0,0,0,0,0,0,0,0,132000,0,0,0,143000,11000,132000,132000
065041,金像電凱基02購02,0,0,0,0,0,0,0,0,0,132000,0,0,0,142000,10000,132000,132000
3596,智易            ,228000,68000,160000,0,0,0,0,0,0,-28000,0,44000,-44000,21000,5000,16000,132000
066668,揚明光凱基01購01,0,0,0,0,0,0,0,0,0,131000,0,0,0,230000,99000,131000,131000
067452,台勝科國票02購02,0,0,0,0,0,0,0,0,0,131000,0,0,0,203000,72000,131000,131000
054156,聯電亞東98購01  ,0,0,0,0,0,0,0,0,0,131000,0,0,0,171000,40000,131000,131000
063117,聯茂麥證9B購01  ,0,0,0,131000,0,131000,0,0,0,131000,0,0,0,131000,0,131000,131000
065819,京鼎元富03購01  ,0,0,0,0,0,0,0,0,0,131000,0,0,0,151000,20000,131000,131000
066050,亞光元大01購01  ,0,0,0,0,0,0,0,0,0,131000,0,0,0,278000,147000,131000,131000
1455,集盛            ,131000,0,131000,0,0,0,0,0,0,0,0,0,0,0,0,0,131000
067317,嘉澤元大02購01  ,0,0,0,0,0,0,0,0,0,130000,0,0,0,242000,112000,130000,130000
07685P,玉晶光凱基9B售03,0,0,0,0,0,0,0,0,0,130000,0,0,0,195000,65000,130000,130000
056571,燿華元大98購02  ,0,0,0,0,0,0,0,0,0,130000,0,0,0,254000,124000,130000,130000
063322,台郡群益9B購02  ,0,0,0,0,0,0,0,0,0,130000,0,0,0,240000,110000,130000,130000
062880,大立光兆豐9B購02,0,0,0,0,0,0,0,0,0,130000,0,0,0,130000,0,130000,130000
065435,臻鼎凱基02購01  ,0,0,0,0,0,0,0,0,0,130000,0,0,0,170000,40000,130000,130000
064640,和大凱基03購01  ,0,0,0,0,0,0,0,0,0,130000,0,0,0,131000,1000,130000,130000
08455P,台積電凱基9C售05,0,0,0,0,0,0,0,0,0,130000,0,0,0,200000,70000,130000,130000
067354,國揚群益01購03  ,0,0,0,0,0,0,0,0,0,129000,0,0,0,153000,24000,129000,129000
062535,台積電麥證02購01,0,0,0,139000,10000,129000,0,0,0,129000,0,0,0,139000,10000,129000,129000
062557,台光電凱基9B購02,0,0,0,0,0,0,0,0,0,129000,0,0,0,324000,195000,129000,129000
057616,聯電凱基99購01  ,0,0,0,0,0,0,0,0,0,129000,0,0,0,641000,512000,129000,129000
062069,喬山元大9B購01  ,0,0,0,0,0,0,0,0,0,129000,0,0,0,129000,0,129000,129000
063478,GIS元大9B購03   ,0,0,0,0,0,0,0,0,0,129000,0,0,0,175000,46000,129000,129000
064617,台光電元大01購01,0,0,0,0,0,0,0,0,0,129000,0,0,0,300000,171000,129000,129000
063560,力山元大9B購05  ,0,0,0,0,0,0,0,0,0,129000,0,0,0,297000,168000,129000,129000
065478,緯創元大9C購03  ,0,0,0,0,0,0,0,0,0,129000,0,0,0,206000,77000,129000,129000
065520,台勝科群益9C購03,0,0,0,0,0,0,0,0,0,129000,0,0,0,139000,10000,129000,129000
065048,世芯凱基01購01  ,0,0,0,0,0,0,0,0,0,129000,0,0,0,307000,178000,129000,129000
067544,超眾群益03購01  ,0,0,0,0,0,0,0,0,0,128000,0,0,0,128000,0,128000,128000
066400,健策凱基02購02  ,0,0,0,0,0,0,0,0,0,128000,0,0,0,189000,61000,128000,128000
059379,聯電亞東99購02  ,0,0,0,0,0,0,0,0,0,128000,0,0,0,128000,0,128000,128000
065083,南亞科元大01購01,0,0,0,0,0,0,0,0,0,128000,0,0,0,132000,4000,128000,128000
063574,茂林元大9B購07  ,0,0,0,0,0,0,0,0,0,128000,0,0,0,238000,110000,128000,128000
064759,景碩凱基9C購01  ,0,0,0,0,0,0,0,0,0,128000,0,0,0,251000,123000,128000,128000
2472,立隆電          ,296000,128000,168000,0,0,0,0,0,0,-40000,0,40000,-40000,0,0,0,128000
066612,台積電麥證01購04,0,0,0,127000,0,127000,0,0,0,127000,0,0,0,127000,0,127000,127000
067422,微星凱基02購03  ,0,0,0,0,0,0,0,0,0,127000,0,0,0,130000,3000,127000,127000
07996P,亞德客凱基9B售03,0,0,0,0,0,0,0,0,0,127000,0,0,0,127000,0,127000,127000
057515,智原元富98購02  ,0,0,0,0,0,0,0,0,0,127000,0,0,0,277000,150000,127000,127000
061594,玉晶光永豐9A購08,0,0,0,0,0,0,0,0,0,127000,0,0,0,129000,2000,127000,127000
066377,健策兆豐01購02  ,0,0,0,0,0,0,0,0,0,126000,0,0,0,146000,20000,126000,126000
059282,嘉聯益永豐99購01,0,0,0,0,0,0,0,0,0,126000,0,0,0,126000,0,126000,126000
061900,志超永豐9B購01  ,0,0,0,0,0,0,0,0,0,126000,0,0,0,126000,0,126000,126000
063202,南亞科統一9C購02,0,0,0,0,0,0,0,0,0,126000,0,0,0,230000,104000,126000,126000
061960,國巨統一01購05  ,0,0,0,0,0,0,0,0,0,126000,0,0,0,126000,0,126000,126000
064760,玉晶光凱基01購02,0,0,0,0,0,0,0,0,0,126000,0,0,0,253000,127000,126000,126000
064195,晶豪科群益9C購01,0,0,0,0,0,0,0,0,0,126000,0,0,0,151000,25000,126000,126000
063594,上銀中信9C購01  ,0,0,0,0,0,0,0,0,0,126000,0,0,0,186000,60000,126000,126000
065293,玉晶光群益01購07,0,0,0,0,0,0,0,0,0,126000,0,0,0,147000,21000,126000,126000
2841,台開            ,276000,149000,127000,0,0,0,0,0,0,-1000,0,1000,-1000,0,0,0,126000
08608P,臺股指富邦9C售06,0,0,0,0,0,0,0,0,0,126000,0,0,0,130000,4000,126000,126000
066689,技嘉台新01購01  ,0,0,0,0,0,0,0,0,0,125000,0,0,0,163000,38000,125000,125000
057523,大成鋼元大99購01,0,0,0,0,0,0,0,0,0,125000,0,0,0,125000,0,125000,125000
00641R,富邦日本反1     ,0,0,0,0,0,0,0,0,0,125000,0,0,0,228000,103000,125000,125000
063471,泰鼎元大9C購01  ,0,0,0,0,0,0,0,0,0,125000,0,0,0,497000,372000,125000,125000
064037,寶成元大9C購02  ,0,0,0,0,0,0,0,0,0,125000,0,0,0,233000,108000,125000,125000
064217,GIS凱基02購02   ,0,0,0,0,0,0,0,0,0,125000,0,0,0,631000,506000,125000,125000
064283,奇鋐元大9C購02  ,0,0,0,0,0,0,0,0,0,125000,0,0,0,164000,39000,125000,125000
067172,台積電兆豐03購02,0,0,0,0,0,0,0,0,0,124000,0,0,0,277000,153000,124000,124000
067448,華碩國票01購01  ,0,0,0,0,0,0,0,0,0,124000,0,0,0,159000,35000,124000,124000
067496,拓凱元大01購02  ,0,0,0,0,0,0,0,0,0,124000,0,0,0,314000,190000,124000,124000
057553,景碩凱基98購03  ,0,0,0,0,0,0,0,0,0,124000,0,0,0,194000,70000,124000,124000
061907,裕隆中信9B購01  ,0,0,0,0,0,0,0,0,0,124000,0,0,0,172000,48000,124000,124000
062213,和大統一9B購02  ,0,0,0,0,0,0,0,0,0,124000,0,0,0,159000,35000,124000,124000
062994,祥碩群益9B購05  ,0,0,0,0,0,0,0,0,0,124000,0,0,0,213000,89000,124000,124000
064723,大立光統一02購04,0,0,0,0,0,0,0,0,0,124000,0,0,0,144000,20000,124000,124000
064523,聯茂群益9C購01  ,0,0,0,0,0,0,0,0,0,124000,0,0,0,124000,0,124000,124000
065615,南電元大01購03  ,0,0,0,0,0,0,0,0,0,124000,0,0,0,124000,0,124000,124000
2442,新美齊          ,177000,52000,125000,0,0,0,0,0,0,-1000,0,1000,-1000,0,0,0,124000
2359,所羅門          ,160000,36000,124000,0,0,0,0,0,0,0,0,0,0,0,0,0,124000
9944,新麗            ,278000,154000,124000,0,0,0,0,0,0,0,0,0,0,0,0,0,124000
066157,晶碩康和01購01  ,0,0,0,0,0,0,0,0,0,123000,0,0,0,123000,0,123000,123000
00665L,富邦恒生國企正2 ,0,16000,-16000,0,0,0,0,0,0,139000,0,0,0,197000,58000,139000,123000
061366,台勝科國票9A購01,0,0,0,0,0,0,0,0,0,123000,0,0,0,124000,1000,123000,123000
061819,茂林群益9B購01  ,0,0,0,0,0,0,0,0,0,123000,0,0,0,228000,105000,123000,123000
065655,緯穎元大9C購05  ,0,0,0,0,0,0,0,0,0,123000,0,0,0,194000,71000,123000,123000
064595,超眾統一02購01  ,0,0,0,0,0,0,0,0,0,123000,0,0,0,285000,162000,123000,123000
064697,健策群益01購02  ,0,0,0,0,0,0,0,0,0,123000,0,0,0,135000,12000,123000,123000
067127,台虹富邦03購01  ,0,0,0,0,0,0,0,0,0,122000,0,0,0,311000,189000,122000,122000
07951P,智邦元大9B售05  ,0,0,0,0,0,0,0,0,0,122000,0,0,0,122000,0,122000,122000
057449,華新科元富99購02,0,0,0,0,0,0,0,0,0,122000,0,0,0,122000,0,122000,122000
062511,台光電國票9B購02,0,0,0,0,0,0,0,0,0,122000,0,0,0,132000,10000,122000,122000
063929,高鐵統一02購01  ,0,0,0,0,0,0,0,0,0,122000,0,0,0,127000,5000,122000,122000
065752,正崴元大9C購01  ,0,0,0,0,0,0,0,0,0,122000,0,0,0,122000,0,122000,122000
065392,華通群益01購02  ,0,0,0,0,0,0,0,0,0,122000,0,0,0,132000,10000,122000,122000
067027,日月光兆豐03購01,0,0,0,0,0,0,0,0,0,121000,0,0,0,245000,124000,121000,121000
057317,技嘉凱基98購02  ,0,0,0,0,0,0,0,0,0,121000,0,0,0,159000,38000,121000,121000
057646,玉山金元大98購01,0,0,0,0,0,0,0,0,0,121000,0,0,0,121000,0,121000,121000
058684,健策凱基99購02  ,0,0,0,0,0,0,0,0,0,121000,0,0,0,121000,0,121000,121000
057931,正崴群益98購02  ,0,0,0,0,0,0,0,0,0,121000,0,0,0,121000,0,121000,121000
00671R,富邦NASDAQ反1   ,42000,0,42000,0,0,0,0,0,0,79000,0,0,0,660000,581000,79000,121000
058973,麗豐永豐99購01  ,0,0,0,0,0,0,0,0,0,121000,0,0,0,160000,39000,121000,121000
061307,和潤永豐9A購02  ,0,0,0,0,0,0,0,0,0,121000,0,0,0,185000,64000,121000,121000
064252,嘉澤元富9C購01  ,0,0,0,0,0,0,0,0,0,121000,0,0,0,150000,29000,121000,121000
08617P,緯創元富9C售03  ,0,0,0,0,0,0,0,0,0,121000,0,0,0,162000,41000,121000,121000
067248,帆宣群益01購01  ,0,0,0,0,0,0,0,0,0,120000,0,0,0,434000,314000,120000,120000
066426,台勝科元大01購02,0,0,0,0,0,0,0,0,0,120000,0,0,0,173000,53000,120000,120000
06652P,長榮航元大98售01,0,0,0,0,0,0,0,0,0,120000,0,0,0,120000,0,120000,120000
08134P,臺股指元大9B售40,0,0,0,0,0,0,0,0,0,120000,0,0,0,120000,0,120000,120000
067515,美利達統一03購03,0,0,0,0,0,0,0,0,0,120000,0,0,0,142000,22000,120000,120000
055817,京鼎國票99購01  ,0,0,0,0,0,0,0,0,0,120000,0,0,0,120000,0,120000,120000
060381,元黃金凱基9A購01,0,0,0,0,0,0,0,0,0,120000,0,0,0,120000,0,120000,120000
062107,台光電國票9B購01,0,0,0,0,0,0,0,0,0,120000,0,0,0,125000,5000,120000,120000
064529,友達中信01購03  ,0,0,0,0,0,0,0,0,0,120000,0,0,0,120000,0,120000,120000
063598,國巨凱基9B購14  ,0,0,0,0,0,0,0,0,0,120000,0,0,0,145000,25000,120000,120000
065738,國巨麥證9C購04  ,0,0,0,130000,110000,20000,0,0,0,120000,0,0,0,230000,110000,120000,120000
3607,谷崧            ,202000,80000,122000,0,0,0,0,0,0,-2000,3000,5000,-2000,0,0,0,120000
058321,大立光永豐99購01,0,0,0,0,0,0,0,0,0,119000,0,0,0,119000,0,119000,119000
059091,中信金元大99購01,0,0,0,0,0,0,0,0,0,119000,0,0,0,122000,3000,119000,119000
060229,楠梓電元大9C購01,0,0,0,0,0,0,0,0,0,119000,0,0,0,129000,10000,119000,119000
065460,嘉聯益台新9C購01,0,0,0,0,0,0,0,0,0,119000,0,0,0,125000,6000,119000,119000
065169,華邦電元大9C購03,0,0,0,0,0,0,0,0,0,119000,0,0,0,345000,226000,119000,119000
064738,裕隆國票01購01  ,0,0,0,0,0,0,0,0,0,119000,0,0,0,139000,20000,119000,119000
064346,貿聯元大01購01  ,0,0,0,0,0,0,0,0,0,119000,0,0,0,119000,0,119000,119000
1612,宏泰            ,97000,1000,96000,0,0,0,0,0,0,23000,23000,0,23000,0,0,0,119000
066740,揚明光元大01購02,0,0,0,0,0,0,0,0,0,118000,0,0,0,118000,0,118000,118000
062345,和大群益9B購01  ,0,0,0,0,0,0,0,0,0,118000,0,0,0,118000,0,118000,118000
054534,台積電富邦98購03,0,0,0,0,0,0,0,0,0,118000,0,0,0,168000,50000,118000,118000
063198,仁寶統一01購02  ,0,0,0,0,0,0,0,0,0,118000,0,0,0,208000,90000,118000,118000
063640,貿聯元大9B購03  ,0,0,0,0,0,0,0,0,0,118000,0,0,0,122000,4000,118000,118000
063670,美食統一9C購01  ,0,0,0,0,0,0,0,0,0,118000,0,0,0,118000,0,118000,118000
064972,台積電元大9C購11,0,0,0,0,0,0,0,0,0,118000,0,0,0,239000,121000,118000,118000
064951,聯發科凱基01購04,0,0,0,0,0,0,0,0,0,118000,0,0,0,128000,10000,118000,118000
066147,美利達群益01購01,0,0,0,0,0,0,0,0,0,117000,0,0,0,117000,0,117000,117000
067543,臻鼎群益01購01  ,0,0,0,0,0,0,0,0,0,117000,0,0,0,117000,0,117000,117000
067396,欣興永豐01購02  ,0,0,0,0,0,0,0,0,0,117000,0,0,0,132000,15000,117000,117000
05631P,國巨富邦9A售01  ,0,0,0,0,0,0,0,0,0,117000,0,0,0,187000,70000,117000,117000
052152,創意富邦98購01  ,0,0,0,0,0,0,0,0,0,117000,0,0,0,117000,0,117000,117000
061142,南電統一9A購01  ,0,0,0,0,0,0,0,0,0,117000,0,0,0,198000,81000,117000,117000
065759,TPK元大9C購05   ,0,0,0,0,0,0,0,0,0,117000,0,0,0,239000,122000,117000,117000
063605,健策凱基9C購02  ,0,0,0,0,0,0,0,0,0,117000,0,0,0,191000,74000,117000,117000
4560,強信-KY         ,497000,380000,117000,0,0,0,0,0,0,0,0,0,0,0,0,0,117000
08820P,台積電凱基01售10,0,0,0,0,0,0,0,0,0,117000,0,0,0,213000,96000,117000,117000
055653,聯詠元富01購02  ,0,0,0,0,0,0,0,0,0,116000,0,0,0,245000,129000,116000,116000
062264,南六元大9B購02  ,0,0,0,0,0,0,0,0,0,116000,0,0,0,117000,1000,116000,116000
057895,全新元富9B購01  ,0,0,0,0,0,0,0,0,0,116000,0,0,0,116000,0,116000,116000
059791,超眾元大99購06  ,0,0,0,0,0,0,0,0,0,116000,0,0,0,134000,18000,116000,116000
065046,玉晶光凱基01購03,0,0,0,0,0,0,0,0,0,116000,0,0,0,122000,6000,116000,116000
6412,群電            ,276000,94000,182000,0,0,0,0,65000,-65000,-1000,0,1000,-1000,0,0,0,116000
067374,大立光統一01購08,0,0,0,0,0,0,0,0,0,115000,0,0,0,115000,0,115000,115000
07082P,美律元大99售06  ,0,0,0,0,0,0,0,0,0,115000,0,0,0,115000,0,115000,115000
066382,拓凱康和01購01  ,0,0,0,0,0,0,0,0,0,115000,0,0,0,183000,68000,115000,115000
066980,台光電群益01購02,0,0,0,0,0,0,0,0,0,115000,0,0,0,121000,6000,115000,115000
061188,大成鋼富邦9B購01,0,0,0,0,0,0,0,0,0,115000,0,0,0,115000,0,115000,115000
066898,聯發科康和01購01,0,0,0,0,0,0,0,0,0,114000,0,0,0,721000,607000,114000,114000
058494,可成群益9B購01  ,0,0,0,0,0,0,0,0,0,114000,0,0,0,163000,49000,114000,114000
057354,聯鈞統一99購03  ,0,0,0,0,0,0,0,0,0,114000,0,0,0,410000,296000,114000,114000
061256,亞德客凱基9B購01,0,0,0,0,0,0,0,0,0,114000,0,0,0,200000,86000,114000,114000
061969,大立光統一01購02,0,0,0,0,0,0,0,0,0,114000,0,0,0,259000,145000,114000,114000
065475,聯發科元大01購04,0,0,0,0,0,0,0,0,0,114000,0,0,0,134000,20000,114000,114000
064285,貿聯元大9C購02  ,0,0,0,0,0,0,0,0,0,114000,0,0,0,114000,0,114000,114000
067533,瑞昱群益01購02  ,0,0,0,0,0,0,0,0,0,113000,0,0,0,133000,20000,113000,113000
058190,貿聯永豐99購01  ,0,0,0,0,0,0,0,0,0,113000,0,0,0,150000,37000,113000,113000
063151,奇鋐元富9B購01  ,0,0,0,0,0,0,0,0,0,113000,0,0,0,113000,0,113000,113000
065061,聯發科群益9C購08,0,0,0,0,0,0,0,0,0,113000,0,0,0,113000,0,113000,113000
065005,台光電國票01購02,0,0,0,0,0,0,0,0,0,113000,0,0,0,113000,0,113000,113000
8021,尖點            ,210000,97000,113000,0,0,0,0,0,0,0,0,0,0,0,0,0,113000
067303,聯發科元大02購03,0,0,0,0,0,0,0,0,0,112000,0,0,0,397000,285000,112000,112000
08070P,晶技國泰9C售02  ,0,0,0,0,0,0,0,0,0,112000,0,0,0,132000,20000,112000,112000
066489,京鼎元富04購01  ,0,0,0,0,0,0,0,0,0,112000,0,0,0,133000,21000,112000,112000
066591,華新科群益01購05,0,0,0,0,0,0,0,0,0,112000,0,0,0,130000,18000,112000,112000
058011,台虹國票99購01  ,0,0,0,0,0,0,0,0,0,112000,0,0,0,117000,5000,112000,112000
064984,同欣電元大9C購06,0,0,0,0,0,0,0,0,0,112000,0,0,0,440000,328000,112000,112000
065049,世芯凱基02購01  ,0,3000,-3000,0,0,0,0,0,0,115000,0,0,0,413000,298000,115000,112000
065185,和大統一02購05  ,0,0,0,0,0,0,0,0,0,112000,0,0,0,155000,43000,112000,112000
065189,台郡統一9C購03  ,0,0,0,0,0,0,0,0,0,112000,0,0,0,112000,0,112000,112000
065237,茂林凱基01購01  ,0,0,0,0,0,0,0,0,0,112000,0,0,0,122000,10000,112000,112000
064695,京鼎群益02購02  ,0,0,0,0,0,0,0,0,0,112000,0,0,0,227000,115000,112000,112000
066519,達方永豐01購01  ,0,0,0,0,0,0,0,0,0,111000,0,0,0,129000,18000,111000,111000
066145,昇陽半群益01購01,0,0,0,0,0,0,0,0,0,111000,0,0,0,154000,43000,111000,111000
067175,國巨麥證01購06  ,0,0,0,111000,0,111000,0,0,0,111000,0,0,0,111000,0,111000,111000
08036P,嘉澤群益9B售03  ,0,0,0,0,0,0,0,0,0,111000,0,0,0,115000,4000,111000,111000
08228P,華擎國票9C售01  ,0,0,0,0,0,0,0,0,0,111000,0,0,0,116000,5000,111000,111000
07457P,宏達電元大9A售01,0,0,0,0,0,0,0,0,0,111000,0,0,0,156000,45000,111000,111000
059042,世紀鋼群益99購02,0,0,0,0,0,0,0,0,0,111000,0,0,0,170000,59000,111000,111000
059284,緯穎永豐99購03  ,0,0,0,0,0,0,0,0,0,111000,0,0,0,171000,60000,111000,111000
062522,同欣電元大9B購02,0,0,0,0,0,0,0,0,0,111000,0,0,0,287000,176000,111000,111000
063579,GIS元大9C購01   ,0,0,0,0,0,0,0,0,0,111000,0,0,0,150000,39000,111000,111000
063672,GIS統一9C購01   ,0,0,0,0,0,0,0,0,0,111000,0,0,0,174000,63000,111000,111000
064125,聯發科元大02購01,0,0,0,0,0,0,0,0,0,111000,0,0,0,121000,10000,111000,111000
067147,台積電統一04購01,0,0,0,0,0,0,0,0,0,110000,0,0,0,518000,408000,110000,110000
066710,彩晶群益03購01  ,0,0,0,0,0,0,0,0,0,110000,0,0,0,120000,10000,110000,110000
066661,友達凱基03購01  ,0,0,0,0,0,0,0,0,0,110000,0,0,0,110000,0,110000,110000
066623,國巨凱基04購01  ,0,0,0,0,0,0,0,0,0,110000,0,0,0,150000,40000,110000,110000
062347,台光電群益9B購02,0,0,0,0,0,0,0,0,0,110000,0,0,0,110000,0,110000,110000
062044,健策凱基9B購02  ,0,0,0,0,0,0,0,0,0,110000,0,0,0,162000,52000,110000,110000
062855,嘉澤永豐9B購02  ,0,0,0,0,0,0,0,0,0,110000,0,0,0,113000,3000,110000,110000
060900,超眾凱基9B購01  ,0,0,0,0,0,0,0,0,0,110000,0,0,0,130000,20000,110000,110000
061012,國巨麥證9A購03  ,0,0,0,110000,0,110000,0,0,0,110000,0,0,0,110000,0,110000,110000
063936,道瓊反元大9C購02,0,0,0,0,0,0,0,0,0,110000,0,0,0,110000,0,110000,110000
063707,儒鴻凱基9C購01  ,0,0,0,0,0,0,0,0,0,110000,0,0,0,122000,12000,110000,110000
064487,和大元大9C購01  ,0,0,0,0,0,0,0,0,0,110000,0,0,0,110000,0,110000,110000
065222,玉晶光永豐9C購07,0,0,0,0,0,0,0,0,0,110000,0,0,0,192000,82000,110000,110000
065211,世芯國票01購03  ,10000,0,10000,0,0,0,0,0,0,100000,0,0,0,168000,68000,100000,110000
065119,大立光富邦03購03,0,0,0,0,0,0,0,0,0,110000,0,0,0,380000,270000,110000,110000
065778,南亞科國泰01購01,0,0,0,0,0,0,0,0,0,110000,0,0,0,323000,213000,110000,110000
4766,南寶            ,132000,25000,107000,0,0,0,0,0,0,3000,3000,0,3000,0,0,0,110000
08874P,台積電中信07售01,0,0,0,0,0,0,0,0,0,110000,0,0,0,125000,15000,110000,110000
08875P,台積電中信07售02,0,0,0,0,0,0,0,0,0,110000,0,0,0,140000,30000,110000,110000
08473P,康控凱基9C售01  ,0,0,0,0,0,0,0,0,0,110000,0,0,0,130000,20000,110000,110000
08391P,智邦凱基02售02  ,0,0,0,0,0,0,0,0,0,110000,0,0,0,110000,0,110000,110000
1786,科妍            ,135000,25000,110000,0,0,0,0,0,0,0,1000,1000,0,0,0,0,110000
066795,台積電凱基02購07,0,0,0,0,0,0,0,0,0,109000,0,0,0,161000,52000,109000,109000
067407,南六永豐01購03  ,0,0,0,0,0,0,0,0,0,109000,0,0,0,112000,3000,109000,109000
067366,巨大群益01購01  ,0,0,0,0,0,0,0,0,0,109000,0,0,0,109000,0,109000,109000
067333,凌陽凱基02購01  ,0,0,0,0,0,0,0,0,0,109000,0,0,0,257000,148000,109000,109000
059127,國巨中信99購04  ,0,0,0,0,0,0,0,0,0,109000,0,0,0,109000,0,109000,109000
060699,華新科國泰9B購03,0,0,0,0,0,0,0,0,0,109000,0,0,0,109000,0,109000,109000
065661,智原永豐9C購01  ,0,0,0,0,0,0,0,0,0,109000,0,0,0,162000,53000,109000,109000
065253,和大元大01購02  ,0,0,0,0,0,0,0,0,0,109000,0,0,0,124000,15000,109000,109000
067549,聯電中信03購01  ,0,0,0,0,0,0,0,0,0,108000,0,0,0,362000,254000,108000,108000
07967P,力山元大9B售03  ,0,0,0,0,0,0,0,0,0,108000,0,0,0,130000,22000,108000,108000
066826,聯發科群益02購03,0,0,0,0,0,0,0,0,0,108000,0,0,0,115000,7000,108000,108000
066133,京元電群益01購01,0,0,0,0,0,0,0,0,0,108000,0,0,0,108000,0,108000,108000
066135,潤泰全群益02購01,0,0,0,0,0,0,0,0,0,108000,0,0,0,143000,35000,108000,108000
055713,國巨元大98購09  ,0,0,0,0,0,0,0,0,0,108000,0,0,0,179000,71000,108000,108000
062729,神達凱基9B購02  ,0,0,0,0,0,0,0,0,0,108000,0,0,0,113000,5000,108000,108000
063205,貿聯統一9C購01  ,0,0,0,0,0,0,0,0,0,108000,0,0,0,132000,24000,108000,108000
065135,和大凱基01購01  ,0,0,0,0,0,0,0,0,0,108000,0,0,0,108000,0,108000,108000
065288,華新科群益02購02,0,0,0,0,0,0,0,0,0,108000,0,0,0,116000,8000,108000,108000
065511,台積電群益01購02,0,0,0,0,0,0,0,0,0,108000,0,0,0,108000,0,108000,108000
066025,宏達電群益01購01,0,0,0,0,0,0,0,0,0,108000,0,0,0,108000,0,108000,108000
064398,聚陽凱基01購01  ,0,0,0,0,0,0,0,0,0,108000,0,0,0,108000,0,108000,108000
064745,聯鈞國票01購01  ,0,0,0,0,0,0,0,0,0,108000,0,0,0,307000,199000,108000,108000
064804,英業達元大9C購01,0,0,0,0,0,0,0,0,0,108000,0,0,0,319000,211000,108000,108000
063587,漢唐永豐9B購02  ,0,0,0,0,0,0,0,0,0,108000,0,0,0,194000,86000,108000,108000
064025,友達元大02購01  ,0,0,0,0,0,0,0,0,0,108000,0,0,0,158000,50000,108000,108000
066174,京鼎凱基01購01  ,0,0,0,0,0,0,0,0,0,107000,0,0,0,147000,40000,107000,107000
066625,瑞昱凱基02購01  ,0,0,0,0,0,0,0,0,0,107000,0,0,0,260000,153000,107000,107000
066446,健策群益01購06  ,0,0,0,0,0,0,0,0,0,107000,0,0,0,169000,62000,107000,107000
07046P,大立光富邦9C售03,0,0,0,0,0,0,0,0,0,107000,0,0,0,107000,0,107000,107000
058498,世紀鋼群益99購01,0,0,0,0,0,0,0,0,0,107000,0,0,0,236000,129000,107000,107000
060469,台勝科元大9A購02,0,0,0,0,0,0,0,0,0,107000,0,0,0,109000,2000,107000,107000
063536,美食統一01購01  ,0,0,0,0,0,0,0,0,0,107000,0,0,0,182000,75000,107000,107000
065816,聯發科元富03購07,0,6000,-6000,0,0,0,0,0,0,113000,0,0,0,244000,131000,113000,107000
065577,超眾群益9C購02  ,0,0,0,0,0,0,0,0,0,107000,0,0,0,199000,92000,107000,107000
2605,新興            ,335000,183000,152000,0,0,0,0,0,0,-45000,11000,56000,-45000,0,0,0,107000
08585P,台表科群益9C售04,0,0,0,0,0,0,0,0,0,107000,0,0,0,110000,3000,107000,107000
08862P,台積電元大01售24,0,0,0,0,0,0,0,0,0,107000,0,0,0,1134000,1027000,107000,107000
067170,台積電麥證01購08,0,0,0,287000,31000,256000,0,0,0,106000,0,0,0,287000,181000,106000,106000
058468,聯茂中信99購02  ,0,0,0,0,0,0,0,0,0,106000,0,0,0,154000,48000,106000,106000
056734,國巨凱基99購01  ,0,0,0,0,0,0,0,0,0,106000,0,0,0,120000,14000,106000,106000
063284,大立光元大9B購07,0,0,0,0,0,0,0,0,0,106000,0,0,0,106000,0,106000,106000
063251,同欣電元大9B購04,0,0,0,0,0,0,0,0,0,106000,0,0,0,339000,233000,106000,106000
059836,大立光國泰9B購02,0,0,0,0,0,0,0,0,0,106000,0,0,0,126000,20000,106000,106000
060929,健策永豐9A購01  ,0,0,0,0,0,0,0,0,0,106000,0,0,0,116000,10000,106000,106000
065560,同欣電麥證9C購02,0,0,0,116000,10000,106000,0,0,0,106000,0,0,0,116000,10000,106000,106000
065870,正崴群益02購01  ,0,0,0,0,0,0,0,0,0,106000,0,0,0,106000,0,106000,106000
065347,聯發科統一9C購15,0,0,0,0,0,0,0,0,0,106000,0,0,0,106000,0,106000,106000
08464P,牧德永豐9C售02  ,0,0,0,0,0,0,0,0,0,106000,0,0,0,156000,50000,106000,106000
066610,台積電麥證01購02,0,0,0,154000,49000,105000,0,0,0,105000,0,0,0,154000,49000,105000,105000
067509,京鼎統一01購01  ,0,0,0,0,0,0,0,0,0,105000,0,0,0,292000,187000,105000,105000
057045,美律元大99購04  ,0,0,0,0,0,0,0,0,0,105000,0,0,0,206000,101000,105000,105000
059072,元油2X元大9C購13,0,0,0,0,0,0,0,0,0,105000,0,0,0,105000,0,105000,105000
057669,嘉晶元大99購03  ,0,0,0,0,0,0,0,0,0,105000,0,0,0,181000,76000,105000,105000
062184,奇鋐元大9B購02  ,0,0,0,0,0,0,0,0,0,105000,0,0,0,163000,58000,105000,105000
062194,遠東新中信9C購01,0,0,0,0,0,0,0,0,0,105000,0,0,0,210000,105000,105000,105000
062731,力成凱基9B購02  ,0,0,0,0,0,0,0,0,0,105000,0,0,0,200000,95000,105000,105000
063342,台光電統一9B購02,0,0,0,0,0,0,0,0,0,105000,0,0,0,448000,343000,105000,105000
065890,台積電統一03購01,0,0,0,0,0,0,0,0,0,105000,0,0,0,192000,87000,105000,105000
063781,健策永豐9B購08  ,0,0,0,0,0,0,0,0,0,105000,0,0,0,120000,15000,105000,105000
2312,金寶            ,459000,386000,73000,0,0,0,0,0,0,32000,0,2000,-2000,57000,23000,34000,105000
5258,虹堡            ,112000,7000,105000,0,0,0,0,0,0,0,0,0,0,0,0,0,105000
066391,國巨凱基01購04  ,0,0,0,0,0,0,0,0,0,104000,0,0,0,168000,64000,104000,104000
00830,國泰費城半導體  ,0,0,0,0,0,0,0,0,0,104000,0,0,0,340000,236000,104000,104000
063201,廣達統一01購01  ,0,0,0,0,0,0,0,0,0,104000,0,0,0,1195000,1091000,104000,104000
063164,聯發科永豐9B購03,0,0,0,0,0,0,0,0,0,104000,0,0,0,104000,0,104000,104000
060375,葡萄王元富9A購01,0,0,0,0,0,0,0,0,0,104000,0,0,0,114000,10000,104000,104000
063825,道瓊銀國票01購01,0,0,0,0,0,0,0,0,0,104000,0,0,0,109000,5000,104000,104000
064789,和大國票01購01  ,0,0,0,0,0,0,0,0,0,104000,0,0,0,104000,0,104000,104000
064198,超眾群益9C購01  ,0,0,0,0,0,0,0,0,0,104000,0,0,0,114000,10000,104000,104000
065570,台光電群益01購01,0,0,0,0,0,0,0,0,0,104000,0,0,0,104000,0,104000,104000
2399,映泰            ,136000,18000,118000,0,0,0,0,0,0,-14000,0,14000,-14000,0,0,0,104000
2538,基泰            ,107000,3000,104000,0,0,0,0,0,0,0,0,0,0,0,0,0,104000
066742,健策元大02購03  ,0,0,0,0,0,0,0,0,0,103000,0,0,0,178000,75000,103000,103000
054739,義隆凱基98購02  ,0,0,0,0,0,0,0,0,0,103000,0,0,0,103000,0,103000,103000
059364,昇陽半永豐99購02,0,0,0,0,0,0,0,0,0,103000,0,0,0,103000,0,103000,103000
065702,聯發科群益9C購14,0,0,0,0,0,0,0,0,0,103000,0,0,0,103000,0,103000,103000
064581,葡萄王永豐9C購01,0,0,0,0,0,0,0,0,0,103000,0,0,0,235000,132000,103000,103000
063700,台積電群益9B購09,0,0,0,0,0,0,0,0,0,103000,0,0,0,103000,0,103000,103000
3705,永信            ,237000,134000,103000,0,0,0,0,0,0,0,0,0,0,0,0,0,103000
066572,台郡元大01購02  ,0,0,0,0,0,0,0,0,0,102000,0,0,0,102000,0,102000,102000
066128,台積電群益02購01,0,0,0,0,0,0,0,0,0,102000,0,0,0,345000,243000,102000,102000
067503,聚陽統一03購01  ,0,0,0,0,0,0,0,0,0,102000,0,0,0,160000,58000,102000,102000
067642,貿聯統一01購03  ,0,0,0,0,0,0,0,0,0,102000,0,0,0,147000,45000,102000,102000
08215P,旺宏群益9B售04  ,0,0,0,0,0,0,0,0,0,102000,0,0,0,102000,0,102000,102000
057040,國巨元大98購12  ,0,0,0,0,0,0,0,0,0,102000,0,0,0,202000,100000,102000,102000
03875P,滬深2X國票05售01,0,0,0,0,0,0,0,0,0,102000,0,0,0,102000,0,102000,102000
060637,玉晶光永豐9A購03,0,0,0,0,0,0,0,0,0,102000,0,0,0,127000,25000,102000,102000
063051,仁寶統一01購01  ,0,0,0,0,0,0,0,0,0,102000,0,0,0,212000,110000,102000,102000
060867,智伸科永豐9A購01,0,0,0,0,0,0,0,0,0,102000,0,0,0,122000,20000,102000,102000
065852,創意元大9C購06  ,0,0,0,0,0,0,0,0,0,102000,0,0,0,102000,0,102000,102000
065765,GIS元大9C購09   ,0,0,0,0,0,0,0,0,0,102000,0,0,0,186000,84000,102000,102000
065376,京鼎元大9C購02  ,0,0,0,0,0,0,0,0,0,102000,0,0,0,103000,1000,102000,102000
1528,恩德            ,190000,88000,102000,0,0,0,0,0,0,0,0,0,0,0,0,0,102000
066729,台積電元大01購16,0,0,0,0,0,0,0,0,0,101000,0,0,0,104000,3000,101000,101000
066758,智邦永豐01購01  ,0,0,0,0,0,0,0,0,0,101000,0,0,0,101000,0,101000,101000
054559,台光電群益99購01,0,0,0,0,0,0,0,0,0,101000,0,0,0,101000,0,101000,101000
060882,大立光中信9A購05,0,0,0,0,0,0,0,0,0,101000,0,0,0,101000,0,101000,101000
062992,聯發科群益9B購09,0,0,0,0,0,0,0,0,0,101000,0,0,0,129000,28000,101000,101000
065310,華擎國票01購01  ,0,0,0,0,0,0,0,0,0,101000,0,0,0,132000,31000,101000,101000
065099,聯茂元大9C購03  ,0,0,0,0,0,0,0,0,0,101000,0,0,0,201000,100000,101000,101000
065671,大立光凱基9C購07,0,0,0,0,0,0,0,0,0,101000,0,0,0,273000,172000,101000,101000
063650,矽創元大9B購03  ,0,0,0,0,0,0,0,0,0,101000,0,0,0,101000,0,101000,101000
1444,力麗            ,159000,58000,101000,0,0,0,0,0,0,0,0,0,0,0,0,0,101000
08196P,上銀元大9B售07  ,0,0,0,0,0,0,0,0,0,100000,0,0,0,100000,0,100000,100000
08047P,臺股指國票9B售12,0,0,0,0,0,0,0,0,0,100000,0,0,0,150000,50000,100000,100000
07368P,國巨凱基99售19  ,0,0,0,0,0,0,0,0,0,100000,0,0,0,100000,0,100000,100000
07687P,上銀元大9A售06  ,0,0,0,0,0,0,0,0,0,100000,0,0,0,100000,0,100000,100000
056009,奇力新中信98購03,0,0,0,0,0,0,0,0,0,100000,0,0,0,100000,0,100000,100000
055621,國巨國泰98購03  ,0,0,0,0,0,0,0,0,0,100000,0,0,0,100000,0,100000,100000
058911,茂林元大99購04  ,0,0,0,0,0,0,0,0,0,100000,0,0,0,100000,0,100000,100000
054427,潤泰全富邦97購01,0,0,0,0,0,0,0,0,0,100000,0,0,0,100000,0,100000,100000
054088,華新群益98購02  ,0,0,0,0,0,0,0,0,0,100000,0,0,0,100000,0,100000,100000
053562,玉晶光國泰98購02,0,0,0,0,0,0,0,0,0,100000,0,0,0,100000,0,100000,100000
054308,嘉晶凱基98購01  ,0,0,0,0,0,0,0,0,0,100000,0,0,0,206000,106000,100000,100000
052853,友達日盛99購01  ,0,0,0,0,0,0,0,0,0,100000,0,0,0,100000,0,100000,100000
053022,欣興國泰98購01  ,0,0,0,0,0,0,0,0,0,100000,0,0,0,100000,0,100000,100000
057527,億光元大98購01  ,0,0,0,0,0,0,0,0,0,100000,0,0,0,100000,0,100000,100000
058020,大立光凱基99購03,0,0,0,0,0,0,0,0,0,100000,0,0,0,100000,0,100000,100000
057286,群創元大9B購05  ,0,0,0,0,0,0,0,0,0,100000,0,0,0,100000,0,100000,100000
057621,崇越凱基98購01  ,0,0,0,0,0,0,0,0,0,100000,0,0,0,100000,0,100000,100000
058353,國巨凱基99購09  ,0,0,0,0,0,0,0,0,0,100000,0,0,0,204000,104000,100000,100000
057897,華通富邦99購01  ,0,0,0,0,0,0,0,0,0,100000,0,0,0,100000,0,100000,100000
057841,茂林富邦9A購02  ,0,0,0,0,0,0,0,0,0,100000,0,0,0,100000,0,100000,100000
063055,創意統一9B購02  ,0,0,0,0,0,0,0,0,0,100000,0,0,0,100000,0,100000,100000
060813,高鐵凱基9A購01  ,0,0,0,0,0,0,0,0,0,100000,0,0,0,100000,0,100000,100000
062445,大立光元大9C購02,0,0,0,0,0,0,0,0,0,100000,0,0,0,100000,0,100000,100000
062111,台勝科國票9B購01,0,0,0,0,0,0,0,0,0,100000,0,0,0,100000,0,100000,100000
062518,臺指反元大02購07,0,0,0,0,0,0,0,0,0,100000,0,0,0,100000,0,100000,100000
062458,全新群益9B購03  ,0,0,0,0,0,0,0,0,0,100000,0,0,0,111000,11000,100000,100000
062868,葡萄王中信9B購01,0,0,0,0,0,0,0,0,0,100000,0,0,0,100000,0,100000,100000
062644,中環國泰9C購01  ,0,0,0,0,0,0,0,0,0,100000,0,0,0,368000,268000,100000,100000
062774,儒鴻元大9C購01  ,0,0,0,0,0,0,0,0,0,100000,0,0,0,136000,36000,100000,100000
063113,聯茂兆豐9B購01  ,0,0,0,0,0,0,0,0,0,100000,0,0,0,120000,20000,100000,100000
062722,京元電凱基9B購02,0,0,0,0,0,0,0,0,0,100000,0,0,0,165000,65000,100000,100000
060998,華通兆豐9A購01  ,0,0,0,0,0,0,0,0,0,100000,0,0,0,100000,0,100000,100000
063529,聯茂凱基9B購02  ,0,0,0,0,0,0,0,0,0,100000,0,0,0,100000,0,100000,100000
063568,高鐵元大9B購01  ,0,0,0,0,0,0,0,0,0,100000,0,0,0,100000,0,100000,100000
064013,創意國票01購01  ,0,0,0,0,0,0,0,0,0,100000,0,0,0,105000,5000,100000,100000
064591,臻鼎永豐9C購01  ,0,0,0,0,0,0,0,0,0,100000,0,0,0,100000,0,100000,100000
064471,國巨麥證9C購02  ,0,0,0,151000,51000,100000,0,0,0,100000,0,0,0,151000,51000,100000,100000
064875,國巨兆豐01購01  ,0,0,0,0,0,0,0,0,0,100000,0,0,0,200000,100000,100000,100000
065346,台光電統一02購01,0,0,0,0,0,0,0,0,0,100000,0,0,0,100000,0,100000,100000
08876P,台積電中信07售03,0,0,0,0,0,0,0,0,0,100000,0,0,0,100000,0,100000,100000
08465P,玉晶光兆豐01售02,0,0,0,0,0,0,0,0,0,100000,0,0,0,118000,18000,100000,100000
08450P,台積電統一9C售14,0,0,0,0,0,0,0,0,0,100000,0,0,0,100000,0,100000,100000
08334P,智邦永豐9C售01  ,0,0,0,0,0,0,0,0,0,100000,0,0,0,100000,0,100000,100000
3022,威強電          ,113000,13000,100000,0,0,0,0,0,0,0,0,0,0,0,0,0,100000
07056P,臺股指麥證99售02,0,0,0,100000,1000,99000,0,0,0,99000,0,0,0,100000,1000,99000,99000
07094P,華通國票9A售03  ,0,0,0,0,0,0,0,0,0,99000,0,0,0,99000,0,99000,99000
067405,超眾永豐01購01  ,0,0,0,0,0,0,0,0,0,99000,0,0,0,99000,0,99000,99000
067114,京鼎群益02購04  ,0,0,0,0,0,0,0,0,0,99000,0,0,0,158000,59000,99000,99000
067050,京鼎凱基03購01  ,0,0,0,0,0,0,0,0,0,99000,0,0,0,100000,1000,99000,99000
00703,台新MSCI中國    ,0,0,0,0,0,0,0,0,0,99000,0,0,0,185000,86000,99000,99000
063197,遠東新統一9C購01,0,0,0,0,0,0,0,0,0,99000,0,0,0,139000,40000,99000,99000
059677,大立光台新99購01,0,0,0,0,0,0,0,0,0,99000,0,0,0,99000,0,99000,99000
060214,茂林康和9A購01  ,0,0,0,0,0,0,0,0,0,99000,0,0,0,165000,66000,99000,99000
065242,巨大凱基01購02  ,20000,0,20000,0,0,0,0,0,0,79000,0,0,0,134000,55000,79000,99000
065053,南電凱基02購01  ,0,0,0,0,0,0,0,0,0,99000,0,0,0,127000,28000,99000,99000
065589,景碩永豐9C購02  ,0,0,0,0,0,0,0,0,0,99000,0,0,0,177000,78000,99000,99000
063871,瀚宇博永豐9C購01,0,0,0,0,0,0,0,0,0,99000,0,0,0,136000,37000,99000,99000
064048,大立光統一9C購07,0,0,0,0,0,0,0,0,0,99000,0,0,0,221000,122000,99000,99000
063801,GIS凱基01購01   ,0,0,0,0,0,0,0,0,0,99000,0,0,0,315000,216000,99000,99000
08490P,上銀元大9C售08  ,0,0,0,0,0,0,0,0,0,99000,0,0,0,104000,5000,99000,99000
067479,京元電元大01購05,0,0,0,0,0,0,0,0,0,98000,0,0,0,98000,0,98000,98000
08140P,祥碩元大9B售07  ,0,0,0,0,0,0,0,0,0,98000,0,0,0,1050000,952000,98000,98000
05347P,滬深2X元富9B售02,0,0,0,0,0,0,0,0,0,98000,0,0,0,98000,0,98000,98000
05890P,彩晶元大99售01  ,0,0,0,0,0,0,0,0,0,98000,0,0,0,100000,2000,98000,98000
057777,可成群益9A購03  ,0,0,0,0,0,0,0,0,0,98000,0,0,0,158000,60000,98000,98000
057929,上銀群益98購02  ,0,0,0,0,0,0,0,0,0,98000,0,0,0,98000,0,98000,98000
057637,上銀元大98購07  ,0,0,0,0,0,0,0,0,0,98000,0,0,0,99000,1000,98000,98000
058676,聯茂群益99購01  ,0,0,0,0,0,0,0,0,0,98000,0,0,0,98000,0,98000,98000
060790,日月光富邦9A購01,0,0,0,0,0,0,0,0,0,98000,0,0,0,498000,400000,98000,98000
062755,茂林麥證9B購01  ,0,0,0,98000,0,98000,0,0,0,98000,0,0,0,98000,0,98000,98000
063140,聯發科統一9B購08,0,0,0,0,0,0,0,0,0,98000,0,0,0,125000,27000,98000,98000
060540,南亞凱基9A購01  ,0,0,0,0,0,0,0,0,0,98000,0,0,0,98000,0,98000,98000
2316,楠梓電          ,300000,105000,195000,0,0,0,0,0,0,-97000,0,0,0,18000,115000,-97000,98000
067239,聯陽群益01購01  ,0,0,0,0,0,0,0,0,0,97000,0,0,0,138000,41000,97000,97000
066336,聯陽永豐01購01  ,0,0,0,0,0,0,0,0,0,97000,0,0,0,175000,78000,97000,97000
062835,瑞儀群益9B購01  ,0,0,0,0,0,0,0,0,0,97000,0,0,0,112000,15000,97000,97000
063526,台光電凱基9B購04,0,0,0,0,0,0,0,0,0,97000,0,0,0,108000,11000,97000,97000
063898,旭富群益9C購01  ,0,0,0,0,0,0,0,0,0,97000,0,0,0,97000,0,97000,97000
064464,台郡統一01購01  ,0,0,0,0,0,0,0,0,0,97000,0,0,0,189000,92000,97000,97000
064194,燿華群益9C購01  ,0,0,0,0,0,0,0,0,0,97000,0,0,0,195000,98000,97000,97000
064219,滬深2X國票03購01,0,0,0,0,0,0,0,0,0,97000,0,0,0,103000,6000,97000,97000
064715,和大統一02購03  ,0,0,0,0,0,0,0,0,0,97000,0,0,0,129000,32000,97000,97000
065847,嘉晶元大9C購03  ,0,0,0,0,0,0,0,0,0,97000,0,0,0,457000,360000,97000,97000
08803P,鴻海元富07售08  ,0,0,0,0,0,0,0,0,0,97000,0,0,0,97000,0,97000,97000
066298,美利達元大01購02,0,0,0,0,0,0,0,0,0,96000,0,0,0,196000,100000,96000,96000
066626,盟立凱基01購01  ,0,0,0,0,0,0,0,0,0,96000,0,0,0,917000,821000,96000,96000
066375,南亞科兆豐01購01,0,0,0,0,0,0,0,0,0,96000,0,0,0,106000,10000,96000,96000
06836P,玉晶光國票99售06,0,0,0,0,0,0,0,0,0,96000,0,0,0,530000,434000,96000,96000
056150,台光電凱基98購02,0,0,0,0,0,0,0,0,0,96000,0,0,0,96000,0,96000,96000
057079,台積電統一9A購02,0,0,0,0,0,0,0,0,0,96000,0,0,0,96000,0,96000,96000
051848,元金2X中信98購02,0,0,0,0,0,0,0,0,0,96000,0,0,0,96000,0,96000,96000
060653,全新群益9A購02  ,0,0,0,0,0,0,0,0,0,96000,0,0,0,102000,6000,96000,96000
063319,神達群益9B購01  ,0,0,0,0,0,0,0,0,0,96000,0,0,0,96000,0,96000,96000
065372,漢唐元大9C購02  ,0,0,0,0,0,0,0,0,0,96000,0,0,0,145000,49000,96000,96000
063870,健策永豐01購01  ,0,0,0,0,0,0,0,0,0,96000,0,0,0,96000,0,96000,96000
06962P,華新科永豐99售01,0,0,0,0,0,0,0,0,0,95000,0,0,0,95000,0,95000,95000
066567,臻鼎元大01購01  ,0,0,0,0,0,0,0,0,0,95000,0,0,0,164000,69000,95000,95000
066328,國揚永豐01購01  ,0,0,0,0,0,0,0,0,0,95000,0,0,0,95000,0,95000,95000
066278,健策元大02購01  ,0,0,0,0,0,0,0,0,0,95000,0,0,0,209000,114000,95000,95000
066076,台勝科凱基01購02,0,0,0,0,0,0,0,0,0,95000,0,0,0,95000,0,95000,95000
066957,健策元大01購06  ,0,0,0,0,0,0,0,0,0,95000,0,0,0,100000,5000,95000,95000
066827,聯發科群益02購04,0,0,0,0,0,0,0,0,0,95000,0,0,0,105000,10000,95000,95000
055631,創意永豐98購01  ,0,0,0,0,0,0,0,0,0,95000,0,0,0,123000,28000,95000,95000
061879,超眾元大9C購01  ,0,0,0,0,0,0,0,0,0,95000,0,0,0,95000,0,95000,95000
061024,南電國泰9B購01  ,0,0,0,0,0,0,0,0,0,95000,0,0,0,95000,0,95000,95000
061124,微星永豐9A購02  ,0,0,0,0,0,0,0,0,0,95000,0,0,0,123000,28000,95000,95000
061950,日月光群益9B購01,0,0,0,0,0,0,0,0,0,95000,0,0,0,95000,0,95000,95000
063622,健策兆豐9B購01  ,0,0,0,0,0,0,0,0,0,95000,0,0,0,95000,0,95000,95000
064732,GIS統一01購03   ,0,0,0,0,0,0,0,0,0,95000,0,0,0,832000,737000,95000,95000
065420,中租國票01購01  ,0,0,0,0,0,0,0,0,0,95000,0,0,0,114000,19000,95000,95000
065142,華邦電凱基01購01,0,0,0,0,0,0,0,0,0,95000,0,0,0,152000,57000,95000,95000
065483,聯茂元大9C購06  ,0,0,0,0,0,0,0,0,0,95000,0,0,0,100000,5000,95000,95000
065722,緯創兆豐9C購02  ,0,0,0,0,0,0,0,0,0,95000,0,0,0,122000,27000,95000,95000
08762P,南六元大01售03  ,0,0,0,0,0,0,0,0,0,95000,0,0,0,95000,0,95000,95000
2413,環科            ,145000,50000,95000,0,0,0,0,0,0,0,0,0,0,0,0,0,95000
066198,華碩統一03購01  ,0,0,0,0,0,0,0,0,0,94000,0,0,0,521000,427000,94000,94000
066153,南帝康和01購01  ,0,0,0,0,0,0,0,0,0,94000,0,0,0,120000,26000,94000,94000
056349,道瓊銀元大9B購01,0,0,0,0,0,0,0,0,0,94000,0,0,0,97000,3000,94000,94000
053537,玉晶光永豐98購02,0,0,0,0,0,0,0,0,0,94000,0,0,0,110000,16000,94000,94000
059068,台虹國票9A購01  ,0,0,0,0,0,0,0,0,0,94000,0,0,0,178000,84000,94000,94000
063138,聯發科統一01購05,0,0,0,0,0,0,0,0,0,94000,0,0,0,94000,0,94000,94000
064670,智伸科元大9C購01,0,0,0,0,0,0,0,0,0,94000,0,0,0,104000,10000,94000,94000
3694,海華            ,196000,102000,94000,0,0,0,0,0,0,0,0,0,0,0,0,0,94000
057328,京鼎群益99購02  ,0,0,0,0,0,0,0,0,0,93000,0,0,0,107000,14000,93000,93000
054158,國巨日盛99購01  ,0,0,0,0,0,0,0,0,0,93000,0,0,0,103000,10000,93000,93000
060337,FBVIX統一9A購01 ,0,0,0,0,0,0,0,0,0,93000,0,0,0,93000,0,93000,93000
060120,聯電富邦9B購01  ,0,0,0,0,0,0,0,0,0,93000,0,0,0,93000,0,93000,93000
061268,玉晶光凱基9B購04,0,0,0,0,0,0,0,0,0,93000,0,0,0,195000,102000,93000,93000
061364,國巨國票9A購09  ,0,0,0,0,0,0,0,0,0,93000,0,0,0,120000,27000,93000,93000
064779,義隆群益9C購03  ,0,0,0,0,0,0,0,0,0,93000,0,0,0,93000,0,93000,93000
063714,超眾凱基9B購03  ,0,0,0,0,0,0,0,0,0,93000,0,0,0,93000,0,93000,93000
064118,喬山元大01購01  ,0,0,0,0,0,0,0,0,0,93000,0,0,0,136000,43000,93000,93000
065508,大成鋼群益01購01,0,0,0,0,0,0,0,0,0,93000,0,0,0,93000,0,93000,93000
065575,神達群益01購01  ,0,0,0,0,0,0,0,0,0,93000,0,0,0,93000,0,93000,93000
2419,仲琦            ,128000,72000,56000,0,0,0,0,0,0,37000,0,1000,-1000,38000,0,38000,93000
066491,麗豐元富01購01  ,0,0,0,0,0,0,0,0,0,92000,0,0,0,101000,9000,92000,92000
067340,欣興凱基02購02  ,0,0,0,0,0,0,0,0,0,92000,0,0,0,139000,47000,92000,92000
052738,聯電元大98購02  ,0,0,0,0,0,0,0,0,0,92000,0,0,0,115000,23000,92000,92000
060244,大立光元大9B購02,0,0,0,0,0,0,0,0,0,92000,0,0,0,147000,55000,92000,92000
061466,創意群益9A購01  ,0,0,0,0,0,0,0,0,0,92000,0,0,0,235000,143000,92000,92000
065499,京元電富邦01購01,0,0,0,0,0,0,0,0,0,92000,0,0,0,206000,114000,92000,92000
065969,台積電元大01購06,0,0,0,0,0,0,0,0,0,92000,0,0,0,92000,0,92000,92000
065333,冠德國票01購01  ,0,0,0,0,0,0,0,0,0,92000,0,0,0,184000,92000,92000,92000
063614,美食群益9B購03  ,0,0,0,0,0,0,0,0,0,92000,0,0,0,120000,28000,92000,92000
08472P,和碩凱基9C售02  ,0,0,0,0,0,0,0,0,0,92000,0,0,0,92000,0,92000,92000
08665P,鴻海國票02售01  ,0,0,0,0,0,0,0,0,0,92000,0,0,0,92000,0,92000,92000
067481,國產元大01購03  ,0,0,0,0,0,0,0,0,0,91000,0,0,0,100000,9000,91000,91000
067531,台積電群益01購13,0,0,0,0,0,0,0,0,0,91000,0,0,0,192000,101000,91000,91000
066293,惠特元大02購01  ,0,0,0,0,0,0,0,0,0,91000,0,0,0,353000,262000,91000,91000
066746,聯茂元大01購01  ,0,0,0,0,0,0,0,0,0,91000,0,0,0,281000,190000,91000,91000
058901,美律元大99購07  ,0,0,0,0,0,0,0,0,0,91000,0,0,0,91000,0,91000,91000
059016,晶相光元富99購03,0,0,0,0,0,0,0,0,0,91000,0,0,0,91000,0,91000,91000
062534,力成統一01購01  ,0,0,0,0,0,0,0,0,0,91000,0,0,0,201000,110000,91000,91000
062421,台積電統一9C購09,0,0,0,0,0,0,0,0,0,91000,0,0,0,91000,0,91000,91000
062944,茂林凱基9B購02  ,0,0,0,0,0,0,0,0,0,91000,0,0,0,101000,10000,91000,91000
059847,喬山永豐99購01  ,0,0,0,0,0,0,0,0,0,91000,0,0,0,108000,17000,91000,91000
061074,儒鴻兆豐9B購01  ,0,0,0,0,0,0,0,0,0,91000,0,0,0,91000,0,91000,91000
060310,瑞昱永豐9A購01  ,0,0,0,0,0,0,0,0,0,91000,0,0,0,91000,0,91000,91000
064001,華通凱基02購01  ,0,0,0,0,0,0,0,0,0,91000,0,0,0,129000,38000,91000,91000
065132,臻鼎兆豐01購01  ,0,0,0,0,0,0,0,0,0,91000,0,0,0,485000,394000,91000,91000
08451P,南六統一9C售06  ,0,0,0,0,0,0,0,0,0,91000,0,0,0,120000,29000,91000,91000
067051,泰鼎凱基02購01  ,0,0,0,0,0,0,0,0,0,90000,0,0,0,91000,1000,90000,90000
067091,台虹元大01購02  ,0,0,0,0,0,0,0,0,0,90000,0,0,0,764000,674000,90000,90000
067434,日月光凱基01購01,0,0,0,0,0,0,0,0,0,90000,0,0,0,181000,91000,90000,90000
067305,國產元大01購02  ,0,0,0,0,0,0,0,0,0,90000,0,0,0,332000,242000,90000,90000
07471P,南亞科元大9A售01,0,0,0,0,0,0,0,0,0,90000,0,0,0,123000,33000,90000,90000
07963P,智邦統一9B售01  ,0,0,0,0,0,0,0,0,0,90000,0,0,0,90000,0,90000,90000
057788,嘉聯益國票99購01,0,0,0,0,0,0,0,0,0,90000,0,0,0,290000,200000,90000,90000
058514,潤泰全元大99購01,0,0,0,0,0,0,0,0,0,90000,0,0,0,140000,50000,90000,90000
058154,泰碩統一9A購01  ,0,0,0,0,0,0,0,0,0,90000,0,0,0,361000,271000,90000,90000
054638,國泰金中信99購01,0,0,0,0,0,0,0,0,0,90000,0,0,0,90000,0,90000,90000
055038,華航富邦99購01  ,0,0,0,0,0,0,0,0,0,90000,0,0,0,90000,0,90000,90000
061843,億豐凱基9C購01  ,0,0,0,0,0,0,0,0,0,90000,0,0,0,90000,0,90000,90000
061118,GIS富邦9A購01   ,0,0,0,0,0,0,0,0,0,90000,0,0,0,90000,0,90000,90000
062450,臻鼎元大9B購02  ,0,0,0,0,0,0,0,0,0,90000,0,0,0,90000,0,90000,90000
061656,華新科國票9A購08,0,0,0,0,0,0,0,0,0,90000,0,0,0,90000,0,90000,90000
062876,全新兆豐9B購01  ,0,0,0,0,0,0,0,0,0,90000,0,0,0,90000,0,90000,90000
065183,和大統一01購03  ,0,0,0,0,0,0,0,0,0,90000,0,0,0,90000,0,90000,90000
065455,金寶元富9C購01  ,0,0,0,0,0,0,0,0,0,90000,0,0,0,275000,185000,90000,90000
065558,嘉聯益凱基9C購02,0,0,0,0,0,0,0,0,0,90000,0,0,0,90000,0,90000,90000
065667,台光電凱基01購01,0,0,0,0,0,0,0,0,0,90000,0,0,0,190000,100000,90000,90000
064159,新日興統一01購02,0,0,0,0,0,0,0,0,0,90000,0,0,0,114000,24000,90000,90000
063542,泰鼎元富9B購02  ,0,0,0,0,0,0,0,0,0,90000,0,0,0,98000,8000,90000,90000
064783,貿聯群益9C購03  ,0,0,0,0,0,0,0,0,0,90000,0,0,0,90000,0,90000,90000
064628,南六元大9C購05  ,0,0,0,0,0,0,0,0,0,90000,0,0,0,107000,17000,90000,90000
066049,奇鋐元大02購01  ,0,0,0,0,0,0,0,0,0,90000,0,0,0,93000,3000,90000,90000
08316P,祥碩元大9C售04  ,0,0,0,0,0,0,0,0,0,90000,0,0,0,371000,281000,90000,90000
08805P,台積電元富07售04,0,0,0,0,0,0,0,0,0,90000,0,0,0,100000,10000,90000,90000
08904P,為升國票03售01  ,0,0,0,0,0,0,0,0,0,90000,0,0,0,100000,10000,90000,90000
8926,台汽電          ,238000,42000,196000,0,0,0,0,1000,-1000,-105000,0,8000,-8000,1000,98000,-97000,90000
067074,中信金元大01購01,0,0,0,0,0,0,0,0,0,89000,0,0,0,100000,11000,89000,89000
066739,揚明光元大01購01,0,0,0,0,0,0,0,0,0,89000,0,0,0,144000,55000,89000,89000
03433B,臺股指元大9C熊01,0,0,0,0,0,0,0,0,0,89000,0,0,0,115000,26000,89000,89000
058624,台積電國票99購09,0,0,0,0,0,0,0,0,0,89000,0,0,0,89000,0,89000,89000
061617,微星群益9A購02  ,0,0,0,0,0,0,0,0,0,89000,0,0,0,91000,2000,89000,89000
061367,瑞祺國票9A購01  ,0,0,0,0,0,0,0,0,0,89000,0,0,0,99000,10000,89000,89000
063189,臻鼎凱基9B購01  ,0,0,0,0,0,0,0,0,0,89000,0,0,0,89000,0,89000,89000
063740,矽格元大9B購03  ,0,0,0,0,0,0,0,0,0,89000,0,0,0,207000,118000,89000,89000
066044,京元電元大01購01,0,0,0,0,0,0,0,0,0,89000,0,0,0,125000,36000,89000,89000
065176,玉晶光元大01購04,0,0,0,0,0,0,0,0,0,89000,0,0,0,168000,79000,89000,89000
065146,帆宣凱基9C購01  ,0,0,0,0,0,0,0,0,0,89000,0,0,0,92000,3000,89000,89000
064975,南亞科元大9C購07,0,0,0,0,0,0,0,0,0,89000,0,0,0,163000,74000,89000,89000
064817,鈺齊元大9C購02  ,0,0,0,0,0,0,0,0,0,89000,0,0,0,224000,135000,89000,89000
1338,廣華-KY         ,257000,177000,80000,0,0,0,0,0,0,9000,0,1000,-1000,10000,0,10000,89000
063077,巨大永豐9B購03  ,0,0,0,0,0,0,0,0,0,88000,0,0,0,95000,7000,88000,88000
058924,晶相光元富99購02,0,0,0,0,0,0,0,0,0,88000,0,0,0,88000,0,88000,88000
061297,台積電富邦9C購09,0,0,0,0,0,0,0,0,0,88000,0,0,0,88000,0,88000,88000
062115,臺股指國票9B購09,0,0,0,0,0,0,0,0,0,88000,0,0,0,88000,0,88000,88000
062906,全新元大9B購03  ,0,0,0,0,0,0,0,0,0,88000,0,0,0,115000,27000,88000,88000
065042,國產凱基02購01  ,0,0,0,0,0,0,0,0,0,88000,0,0,0,136000,48000,88000,88000
065204,神隆國票01購01  ,0,0,0,0,0,0,0,0,0,88000,0,0,0,89000,1000,88000,88000
065705,嘉晶群益9C購05  ,0,0,0,0,0,0,0,0,0,88000,0,0,0,232000,144000,88000,88000
065578,台郡群益9C購02  ,0,0,0,0,0,0,0,0,0,88000,0,0,0,178000,90000,88000,88000
064319,南電群益9C購01  ,0,0,0,0,0,0,0,0,0,88000,0,0,0,88000,0,88000,88000
08794P,台積電兆豐01售03,0,0,0,0,0,0,0,0,0,88000,0,0,0,325000,237000,88000,88000
066908,聯發科凱基03購05,0,0,0,0,0,0,0,0,0,87000,0,0,0,87000,0,87000,87000
066297,美利達元大01購01,0,0,0,0,0,0,0,0,0,87000,0,0,0,342000,255000,87000,87000
066295,昇陽半元大01購01,0,0,0,0,0,0,0,0,0,87000,0,0,0,122000,35000,87000,87000
08231P,上銀元富9B售10  ,0,0,0,0,0,0,0,0,0,87000,0,0,0,127000,40000,87000,87000
057924,健策凱基98購02  ,0,0,0,0,0,0,0,0,0,87000,0,0,0,112000,25000,87000,87000
062426,大立光統一02購02,0,0,0,0,0,0,0,0,0,87000,0,0,0,139000,52000,87000,87000
061305,帆宣永豐9A購01  ,0,0,0,0,0,0,0,0,0,87000,0,0,0,97000,10000,87000,87000
062971,英業達元富9B購01,0,0,0,0,0,0,0,0,0,87000,0,0,0,170000,83000,87000,87000
063287,嘉澤元大9B購05  ,0,0,0,0,0,0,0,0,0,87000,0,0,0,415000,328000,87000,87000
062688,華擎統一01購03  ,0,0,0,0,0,0,0,0,0,87000,0,0,0,87000,0,87000,87000
063554,GIS國票9C購03   ,0,0,0,0,0,0,0,0,0,87000,0,0,0,359000,272000,87000,87000
063958,瑞祺元大9C購01  ,0,0,0,0,0,0,0,0,0,87000,0,0,0,92000,5000,87000,87000
065732,健策凱基9C購04  ,0,0,0,0,0,0,0,0,0,87000,0,0,0,137000,50000,87000,87000
065897,凌華統一03購01  ,0,0,0,0,0,0,0,0,0,87000,0,0,0,408000,321000,87000,87000
064921,景碩統一02購01  ,0,0,0,0,0,0,0,0,0,87000,0,0,0,129000,42000,87000,87000
08599P,台表科元大9C售11,0,0,0,0,0,0,0,0,0,87000,0,0,0,97000,10000,87000,87000
2705,六福            ,109000,22000,87000,0,0,0,0,0,0,0,0,0,0,0,0,0,87000
07580P,緯穎元大9A售03  ,0,0,0,0,0,0,0,0,0,86000,0,0,0,86000,0,86000,86000
066611,台積電麥證01購03,0,0,0,384000,48000,336000,0,0,0,86000,0,0,0,384000,298000,86000,86000
066749,瑞祺元大01購03  ,0,0,0,0,0,0,0,0,0,86000,0,0,0,86000,0,86000,86000
058371,智原凱基9A購01  ,0,0,0,0,0,0,0,0,0,86000,0,0,0,86000,0,86000,86000
057601,中磊群益98購01  ,0,0,0,0,0,0,0,0,0,86000,0,0,0,86000,0,86000,86000
059355,國巨富邦9B購03  ,0,0,0,0,0,0,0,0,0,86000,0,0,0,110000,24000,86000,86000
060417,正隆永豐9A購01  ,0,0,0,0,0,0,0,0,0,86000,0,0,0,102000,16000,86000,86000
062407,同欣電永豐9B購01,0,0,0,0,0,0,0,0,0,86000,0,0,0,277000,191000,86000,86000
062449,臻鼎元大9B購01  ,0,0,0,0,0,0,0,0,0,86000,0,0,0,86000,0,86000,86000
062829,泰碩群益9B購01  ,0,0,0,0,0,0,0,0,0,86000,0,0,0,86000,0,86000,86000
062787,超眾元大9C購02  ,0,0,0,0,0,0,0,0,0,86000,0,0,0,119000,33000,86000,86000
065202,南電元富06購01  ,0,0,0,0,0,0,0,0,0,86000,0,0,0,227000,141000,86000,86000
065956,緯創統一01購01  ,0,0,0,0,0,0,0,0,0,86000,0,0,0,89000,3000,86000,86000
064380,超眾元富9C購03  ,0,0,0,0,0,0,0,0,0,86000,0,0,0,86000,0,86000,86000
064347,貿聯元大9C購03  ,0,0,0,0,0,0,0,0,0,86000,0,0,0,101000,15000,86000,86000
064659,台達電元大9C購02,0,0,0,0,0,0,0,0,0,86000,0,0,0,170000,84000,86000,86000
6224,聚鼎            ,109000,22000,87000,0,0,0,0,0,0,-1000,0,1000,-1000,0,0,0,86000
066693,T50反1群益02購03,0,0,0,0,0,0,0,0,0,85000,0,0,0,85000,0,85000,85000
07756P,台灣50國票04售01,0,0,0,0,0,0,0,0,0,85000,0,0,0,105000,20000,85000,85000
067522,上証2X群益02購03,0,0,0,0,0,0,0,0,0,85000,0,0,0,85000,0,85000,85000
058706,聯鈞元大9C購01  ,0,0,0,0,0,0,0,0,0,85000,0,0,0,131000,46000,85000,85000
058318,致茂永豐9A購01  ,0,0,0,0,0,0,0,0,0,85000,0,0,0,371000,286000,85000,85000
060799,茂林永豐9A購01  ,0,0,0,0,0,0,0,0,0,85000,0,0,0,85000,0,85000,85000
061571,奇力新元大9A購03,0,0,0,0,0,0,0,0,0,85000,0,0,0,176000,91000,85000,85000
061866,力山元大9C購01  ,0,0,0,0,0,0,0,0,0,85000,0,0,0,403000,318000,85000,85000
065239,超眾凱基02購02  ,0,0,0,0,0,0,0,0,0,85000,0,0,0,86000,1000,85000,85000
065364,國巨元大9C購18  ,0,0,0,0,0,0,0,0,0,85000,0,0,0,165000,80000,85000,85000
064902,健策群益01購03  ,0,0,0,0,0,0,0,0,0,85000,0,0,0,201000,116000,85000,85000
08435P,台積電群益9C售11,0,0,0,0,0,0,0,0,0,85000,0,0,0,280000,195000,85000,85000
1442,名軒            ,83000,7000,76000,0,0,0,0,0,0,9000,10000,1000,9000,0,0,0,85000
067293,智伸科兆豐03購01,0,0,0,0,0,0,0,0,0,84000,0,0,0,134000,50000,84000,84000
08214P,南六統一9B售03  ,0,0,0,0,0,0,0,0,0,84000,0,0,0,166000,82000,84000,84000
063472,茂林元大9B購04  ,0,0,0,0,0,0,0,0,0,84000,0,0,0,150000,66000,84000,84000
063381,和潤永豐9B購01  ,0,0,0,0,0,0,0,0,0,84000,0,0,0,84000,0,84000,84000
061922,瑞昱凱基9B購01  ,0,0,0,0,0,0,0,0,0,84000,0,0,0,144000,60000,84000,84000
065090,大立光元大9C購24,9000,0,9000,0,0,0,0,0,0,75000,0,0,0,100000,25000,75000,84000
065413,玉晶光永豐9C購10,0,0,0,0,0,0,0,0,0,84000,0,0,0,84000,0,84000,84000
065168,台積電元大02購02,0,0,0,0,0,0,0,0,0,84000,0,0,0,84000,0,84000,84000
063992,大立光中信9C購03,0,0,0,0,0,0,0,0,0,84000,0,0,0,178000,94000,84000,84000
063851,健策元大01購01  ,0,0,0,0,0,0,0,0,0,84000,0,0,0,193000,109000,84000,84000
08643P,和碩群益9C售02  ,0,0,0,0,0,0,0,0,0,84000,0,0,0,84000,0,84000,84000
2480,敦陽科          ,101000,43000,58000,0,0,0,0,0,0,26000,0,1000,-1000,27000,0,27000,84000
07482P,南亞科元富9A售04,0,0,0,0,0,0,0,0,0,83000,0,0,0,83000,0,83000,83000
066986,健策群益02購02  ,0,0,0,0,0,0,0,0,0,83000,0,0,0,96000,13000,83000,83000
066348,松翰永豐01購01  ,0,0,0,0,0,0,0,0,0,83000,0,0,0,337000,254000,83000,83000
062017,京鼎永豐9B購01  ,0,0,0,0,0,0,0,0,0,83000,0,0,0,83000,0,83000,83000
056977,國巨群益9A購01  ,0,0,0,0,0,0,0,0,0,83000,0,0,0,83000,0,83000,83000
00669R,國泰美國道瓊反1 ,0,0,0,0,0,0,0,0,0,83000,0,0,0,1105000,1022000,83000,83000
062653,正隆永豐9B購01  ,0,0,0,0,0,0,0,0,0,83000,0,0,0,83000,0,83000,83000
061145,臻鼎中信9A購02  ,0,0,0,0,0,0,0,0,0,83000,0,0,0,103000,20000,83000,83000
065186,和大統一02購06  ,0,0,0,0,0,0,0,0,0,83000,0,0,0,83000,0,83000,83000
066030,超眾群益01購01  ,0,0,0,0,0,0,0,0,0,83000,0,0,0,109000,26000,83000,83000
9911,櫻花            ,147000,62000,85000,0,0,0,0,0,0,-2000,0,2000,-2000,0,0,0,83000
066466,晶碩統一02購01  ,0,0,0,0,0,0,0,0,0,82000,0,0,0,84000,2000,82000,82000
067301,漢唐元大01購02  ,0,0,0,0,0,0,0,0,0,82000,0,0,0,82000,0,82000,82000
057727,華邦電國泰9A購01,0,0,0,0,0,0,0,0,0,82000,0,0,0,220000,138000,82000,82000
057737,國巨富邦99購02  ,0,0,0,0,0,0,0,0,0,82000,0,0,0,82000,0,82000,82000
061126,京元電永豐9A購02,0,0,0,0,0,0,0,0,0,82000,0,0,0,132000,50000,82000,82000
062650,南電富邦01購01  ,0,0,0,0,0,0,0,0,0,82000,0,0,0,516000,434000,82000,82000
063434,和潤元富9B購01  ,0,0,0,0,0,0,0,0,0,82000,0,0,0,354000,272000,82000,82000
061790,中租群益9B購01  ,0,0,0,0,0,0,0,0,0,82000,0,0,0,82000,0,82000,82000
065210,健策國票01購03  ,0,0,0,0,0,0,0,0,0,82000,0,0,0,145000,63000,82000,82000
065318,聯電凱基9C購03  ,0,0,0,0,0,0,0,0,0,82000,0,0,0,102000,20000,82000,82000
064139,裕隆統一01購02  ,0,0,0,0,0,0,0,0,0,82000,0,0,0,139000,57000,82000,82000
4306,炎洲            ,86000,50000,36000,0,0,0,0,0,0,46000,50000,4000,46000,0,0,0,82000
067332,旺宏凱基03購02  ,0,0,0,0,0,0,0,0,0,81000,0,0,0,141000,60000,81000,81000
067614,台汽電凱基01購01,0,0,0,0,0,0,0,0,0,81000,0,0,0,81000,0,81000,81000
057835,華擎元富9B購01  ,0,0,0,0,0,0,0,0,0,81000,0,0,0,91000,10000,81000,81000
054828,正崴國泰99購01  ,0,0,0,0,0,0,0,0,0,81000,0,0,0,81000,0,81000,81000
063500,嘉晶永豐9B購02  ,0,0,0,0,0,0,0,0,0,81000,0,0,0,255000,174000,81000,81000
062822,力成兆豐9B購01  ,0,0,0,0,0,0,0,0,0,81000,0,0,0,131000,50000,81000,81000
062827,神基群益9B購01  ,0,0,0,0,0,0,0,0,0,81000,0,0,0,81000,0,81000,81000
063783,儒鴻中信9C購01  ,0,0,0,0,0,0,0,0,0,81000,0,0,0,81000,0,81000,81000
063803,世紀鋼凱基01購01,0,0,0,0,0,0,0,0,0,81000,0,0,0,188000,107000,81000,81000
065394,英業達群益9C購01,0,0,0,0,0,0,0,0,0,81000,0,0,0,129000,48000,81000,81000
08353P,聯電元大9C售04  ,0,0,0,0,0,0,0,0,0,81000,0,0,0,101000,20000,81000,81000
06851P,鈺齊元大98售01  ,0,0,0,0,0,0,0,0,0,80000,0,0,0,100000,20000,80000,80000
07150P,和碩元大99售01  ,0,0,0,0,0,0,0,0,0,80000,0,0,0,80000,0,80000,80000
08279P,南電元富9C售02  ,0,0,0,0,0,0,0,0,0,80000,0,0,0,80000,0,80000,80000
07966P,瑞祺群益9B售02  ,0,0,0,0,0,0,0,0,0,80000,0,0,0,100000,20000,80000,80000
08068P,宏達電國泰9C售01,0,0,0,0,0,0,0,0,0,80000,0,0,0,117000,37000,80000,80000
08075P,聯電群益9C售01  ,0,0,0,0,0,0,0,0,0,80000,0,0,0,100000,20000,80000,80000
07952P,富邦金元大9B售02,0,0,0,0,0,0,0,0,0,80000,0,0,0,100000,20000,80000,80000
066139,拓凱群益01購01  ,0,0,0,0,0,0,0,0,0,80000,0,0,0,89000,9000,80000,80000
056262,台積電統一98購04,0,0,0,0,0,0,0,0,0,80000,0,0,0,80000,0,80000,80000
058949,上銀群益99購02  ,0,0,0,0,0,0,0,0,0,80000,0,0,0,80000,0,80000,80000
056479,玉晶光元大99購05,0,0,0,0,0,0,0,0,0,80000,0,0,0,90000,10000,80000,80000
057084,立積統一9B購01  ,0,0,0,0,0,0,0,0,0,80000,0,0,0,80000,0,80000,80000
057004,滬深反中信9A購01,0,0,0,0,0,0,0,0,0,80000,0,0,0,150000,70000,80000,80000
058577,南亞科群益99購02,0,0,0,0,0,0,0,0,0,80000,0,0,0,80000,0,80000,80000
057954,宏碁元大99購01  ,0,0,0,0,0,0,0,0,0,80000,0,0,0,88000,8000,80000,80000
058338,康友元富99購01  ,0,0,0,0,0,0,0,0,0,80000,0,0,0,80000,0,80000,80000
062593,健策統一9B購03  ,0,0,0,0,0,0,0,0,0,80000,0,0,0,80000,0,80000,80000
057688,國巨凱基99購07  ,0,0,0,0,0,0,0,0,0,80000,0,0,0,80000,0,80000,80000
062472,大立光凱基9B購04,0,0,0,0,0,0,0,0,0,80000,0,0,0,80000,0,80000,80000
061875,華新科元大9B購03,0,0,0,0,0,0,0,0,0,80000,0,0,0,100000,20000,80000,80000
061763,聯電元大9C購02  ,0,0,0,0,0,0,0,0,0,80000,0,0,0,80000,0,80000,80000
065599,台光電元大9C購05,0,0,0,0,0,0,0,0,0,80000,0,0,0,239000,159000,80000,80000
063674,力山國泰01購02  ,0,0,0,0,0,0,0,0,0,80000,0,0,0,2216000,2136000,80000,80000
064676,聚陽兆豐9C購01  ,0,0,0,0,0,0,0,0,0,80000,0,0,0,196000,116000,80000,80000
08301P,台積電兆豐9C售02,0,0,0,0,0,0,0,0,0,80000,0,0,0,200000,120000,80000,80000
08843P,台表科凱基01售01,0,0,0,0,0,0,0,0,0,80000,0,0,0,85000,5000,80000,80000
1731,美吾華          ,331000,251000,80000,0,0,0,0,0,0,0,0,0,0,0,0,0,80000
1733,五鼎            ,118000,34000,84000,0,0,0,0,0,0,-4000,2000,6000,-4000,0,0,0,80000
066416,台積電元大01購12,0,0,0,0,0,0,0,0,0,79000,0,0,0,79000,0,79000,79000
08213P,台光電統一9B售03,0,0,0,0,0,0,0,0,0,79000,0,0,0,86000,7000,79000,79000
06726P,欣興元富98售04  ,0,0,0,0,0,0,0,0,0,79000,0,0,0,79000,0,79000,79000
062228,南六統一02購01  ,0,0,0,0,0,0,0,0,0,79000,0,0,0,84000,5000,79000,79000
061995,超眾元大01購01  ,0,0,0,0,0,0,0,0,0,79000,0,0,0,110000,31000,79000,79000
056947,國巨統一9A購01  ,0,0,0,0,0,0,0,0,0,79000,0,0,0,88000,9000,79000,79000
062728,健策凱基9B購04  ,0,0,0,0,0,0,0,0,0,79000,0,0,0,124000,45000,79000,79000
062068,滬深2X元大9B購02,0,0,0,0,0,0,0,0,0,79000,0,0,0,80000,1000,79000,79000
062975,京鼎元富9B購01  ,0,0,0,0,0,0,0,0,0,79000,0,0,0,90000,11000,79000,79000
060416,神隆永豐9A購01  ,0,0,0,0,0,0,0,0,0,79000,0,0,0,147000,68000,79000,79000
060188,華新科元富9A購03,0,0,0,0,0,0,0,0,0,79000,0,0,0,215000,136000,79000,79000
064757,義隆凱基01購02  ,0,0,0,0,0,0,0,0,0,79000,0,0,0,150000,71000,79000,79000
064648,臻鼎凱基9C購02  ,0,0,0,0,0,0,0,0,0,79000,0,0,0,89000,10000,79000,79000
064207,國巨凱基03購02  ,0,0,0,0,0,0,0,0,0,79000,0,0,0,167000,88000,79000,79000
064022,台積電元大9C購07,0,0,0,0,0,0,0,0,0,79000,0,0,0,79000,0,79000,79000
064098,正崴群益9C購01  ,0,0,0,0,0,0,0,0,0,79000,0,0,0,79000,0,79000,79000
066660,群光凱基01購01  ,0,0,0,0,0,0,0,0,0,78000,0,0,0,180000,102000,78000,78000
066803,智原凱基01購02  ,0,0,0,0,0,0,0,0,0,78000,0,0,0,128000,50000,78000,78000
056710,漢唐永豐98購01  ,0,0,0,0,0,0,0,0,0,78000,0,0,0,78000,0,78000,78000
058569,健策凱基9A購01  ,0,0,0,0,0,0,0,0,0,78000,0,0,0,78000,0,78000,78000
057277,可成元大98購05  ,0,0,0,0,0,0,0,0,0,78000,0,0,0,78000,0,78000,78000
061707,超眾國票9B購01  ,0,0,0,0,0,0,0,0,0,78000,0,0,0,80000,2000,78000,78000
060326,群光群益9A購01  ,0,0,0,0,0,0,0,0,0,78000,0,0,0,88000,10000,78000,78000
063694,貿聯永豐9B購01  ,0,0,0,0,0,0,0,0,0,78000,0,0,0,88000,10000,78000,78000
064801,鴻海元大9C購13  ,0,0,0,0,0,0,0,0,0,78000,0,0,0,100000,22000,78000,78000
065730,新日興凱基9C購01,0,0,0,0,0,0,0,0,0,78000,0,0,0,120000,42000,78000,78000
065853,智伸科元大9C購02,0,0,0,0,0,0,0,0,0,78000,0,0,0,98000,20000,78000,78000
065400,華擎群益01購02  ,0,0,0,0,0,0,0,0,0,78000,0,0,0,78000,0,78000,78000
065171,燿華元大9C購04  ,0,0,0,0,0,0,0,0,0,78000,0,0,0,425000,347000,78000,78000
066759,盟立永豐01購03  ,0,0,0,0,0,0,0,0,0,77000,0,0,0,237000,160000,77000,77000
066590,華新科群益01購04,0,0,0,0,0,0,0,0,0,77000,0,0,0,92000,15000,77000,77000
066337,聯陽永豐01購02  ,0,0,0,0,0,0,0,0,0,77000,0,0,0,77000,0,77000,77000
066288,晶碩元大01購01  ,0,0,0,0,0,0,0,0,0,77000,0,0,0,90000,13000,77000,77000
062285,台勝科群益9B購01,0,0,0,0,0,0,0,0,0,77000,0,0,0,77000,0,77000,77000
058766,力山兆豐99購01  ,0,0,0,0,0,0,0,0,0,77000,0,0,0,129000,52000,77000,77000
063270,喬山兆豐9C購01  ,0,0,0,0,0,0,0,0,0,77000,0,0,0,134000,57000,77000,77000
060884,超眾中信9B購01  ,0,0,0,0,0,0,0,0,0,77000,0,0,0,107000,30000,77000,77000
062633,亞光國票9B購01  ,0,0,0,0,0,0,0,0,0,77000,0,0,0,258000,181000,77000,77000
064814,祥碩元大9C購06  ,0,0,0,0,0,0,0,0,0,77000,0,0,0,171000,94000,77000,77000
065523,茂林群益9C購03  ,0,0,0,0,0,0,0,0,0,77000,0,0,0,142000,65000,77000,77000
3055,蔚華科          ,153000,53000,100000,0,0,0,0,0,0,-23000,20000,43000,-23000,0,0,0,77000
08893P,京元電元大01售06,0,0,0,0,0,0,0,0,0,77000,0,0,0,84000,7000,77000,77000
08387P,臺股指群益9C售15,0,0,0,0,0,0,0,0,0,77000,0,0,0,77000,0,77000,77000
066292,惠特元大01購02  ,0,0,0,0,0,0,0,0,0,76000,0,0,0,369000,293000,76000,76000
066520,大立光第一01購01,0,0,0,0,0,0,0,0,0,76000,0,0,0,76000,0,76000,76000
066884,亞光永豐01購01  ,0,0,0,0,0,0,0,0,0,76000,0,0,0,136000,60000,76000,76000
057875,京鼎元大98購03  ,0,0,0,0,0,0,0,0,0,76000,0,0,0,76000,0,76000,76000
058221,上銀統一99購04  ,0,0,0,0,0,0,0,0,0,76000,0,0,0,140000,64000,76000,76000
061432,世紀鋼元大9A購05,0,0,0,0,0,0,0,0,0,76000,0,0,0,150000,74000,76000,76000
061339,京元電元大9A購05,0,0,0,0,0,0,0,0,0,76000,0,0,0,76000,0,76000,76000
063218,台塑群益9B購01  ,0,0,0,0,0,0,0,0,0,76000,0,0,0,76000,0,76000,76000
060311,盟立永豐9A購01  ,0,0,0,0,0,0,0,0,0,76000,0,0,0,96000,20000,76000,76000
063467,大立光元大9C購06,0,0,0,0,0,0,0,0,0,76000,0,0,0,131000,55000,76000,76000
065883,康友台新9C購01  ,0,0,0,0,0,0,0,0,0,76000,0,0,0,77000,1000,76000,76000
065009,勤誠國票01購01  ,0,0,0,0,0,0,0,0,0,76000,0,0,0,76000,0,76000,76000
063657,茂林元富9B購04  ,0,0,0,0,0,0,0,0,0,76000,0,0,0,262000,186000,76000,76000
08659P,聯發科統一9C售20,0,0,0,0,0,0,0,0,0,76000,0,0,0,100000,24000,76000,76000
08761P,聯詠元大01售02  ,0,0,0,0,0,0,0,0,0,76000,0,0,0,79000,3000,76000,76000
4952,凌通            ,99000,22000,77000,0,0,0,0,0,0,-1000,0,1000,-1000,0,0,0,76000
066380,瑞昱康和01購02  ,0,0,0,0,0,0,0,0,0,75000,0,0,0,75000,0,75000,75000
08178P,南亞科元大9B售01,0,0,0,0,0,0,0,0,0,75000,0,0,0,100000,25000,75000,75000
07731P,臺股指凱基9A售28,0,0,0,0,0,0,0,0,0,75000,0,0,0,185000,110000,75000,75000
059334,A50正2國票9A購02,0,0,0,0,0,0,0,0,0,75000,0,0,0,88000,13000,75000,75000
062018,台勝科永豐9B購01,0,0,0,0,0,0,0,0,0,75000,0,0,0,80000,5000,75000,75000
059506,滬深2X永豐99購04,0,0,0,0,0,0,0,0,0,75000,0,0,0,75000,0,75000,75000
060505,友達元大9C購05  ,0,0,0,0,0,0,0,0,0,75000,0,0,0,75000,0,75000,75000
060121,新光金富邦99購01,0,0,0,0,0,0,0,0,0,75000,0,0,0,134000,59000,75000,75000
060144,全新國票9B購01  ,0,0,0,0,0,0,0,0,0,75000,0,0,0,106000,31000,75000,75000
059646,聯茂凱基99購06  ,0,0,0,0,0,0,0,0,0,75000,0,0,0,100000,25000,75000,75000
060688,世紀鋼元大9C購01,0,0,0,0,0,0,0,0,0,75000,0,0,0,264000,189000,75000,75000
063632,金像電元大9B購04,0,0,0,0,0,0,0,0,0,75000,0,0,0,354000,279000,75000,75000
064156,大立光統一01購06,0,0,0,0,0,0,0,0,0,75000,0,0,0,75000,0,75000,75000
064486,聚陽元大9C購01  ,0,0,0,0,0,0,0,0,0,75000,0,0,0,75000,0,75000,75000
065279,T50反1群益9C購03,0,0,0,0,0,0,0,0,0,75000,0,0,0,130000,55000,75000,75000
065965,國巨元大01購05  ,0,0,0,0,0,0,0,0,0,75000,0,0,0,150000,75000,75000,75000
065967,國巨元大01購07  ,0,0,0,0,0,0,0,0,0,75000,0,0,0,150000,75000,75000,75000
065601,聯發科元大01購05,0,0,0,0,0,0,0,0,0,75000,0,0,0,166000,91000,75000,75000
08901P,台表科群益01售02,0,0,0,0,0,0,0,0,0,75000,0,0,0,85000,10000,75000,75000
07163P,臺股指群益99售14,0,0,0,0,0,0,0,0,0,74000,0,0,0,400000,326000,74000,74000
067322,達方元大01購01  ,0,0,0,0,0,0,0,0,0,74000,0,0,0,428000,354000,74000,74000
067640,欣興統一02購03  ,0,0,0,0,0,0,0,0,0,74000,0,0,0,202000,128000,74000,74000
066536,漢唐兆豐03購01  ,0,0,0,0,0,0,0,0,0,74000,0,0,0,155000,81000,74000,74000
067035,台表科康和01購01,0,0,0,0,0,0,0,0,0,74000,0,0,0,185000,111000,74000,74000
062360,華邦電元大9B購01,0,0,0,0,0,0,0,0,0,74000,0,0,0,314000,240000,74000,74000
058236,大立光元大99購09,0,0,0,0,0,0,0,0,0,74000,0,0,0,100000,26000,74000,74000
058851,大立光群益99購07,0,0,0,0,0,0,0,0,0,74000,0,0,0,84000,10000,74000,74000
061303,玉晶光永豐9B購03,0,0,0,0,0,0,0,0,0,74000,0,0,0,84000,10000,74000,74000
061021,聯電國泰9B購01  ,0,0,0,0,0,0,0,0,0,74000,0,0,0,74000,0,74000,74000
063458,正隆元大9B購01  ,0,0,0,0,0,0,0,0,0,74000,0,0,0,74000,0,74000,74000
063461,金像電元大9B購03,1000,0,1000,0,0,0,0,0,0,73000,0,0,0,94000,21000,73000,74000
063348,祥碩統一01購04  ,0,0,0,0,0,0,0,0,0,74000,0,0,0,74000,0,74000,74000
064187,亞光永豐9C購01  ,0,0,0,0,0,0,0,0,0,74000,0,0,0,209000,135000,74000,74000
063639,華擎元大9C購03  ,0,0,0,0,0,0,0,0,0,74000,0,0,0,134000,60000,74000,74000
067242,景碩群益01購03  ,0,0,0,0,0,0,0,0,0,73000,0,0,0,74000,1000,73000,73000
066362,瑞昱中信05購01  ,0,0,0,0,0,0,0,0,0,73000,0,0,0,83000,10000,73000,73000
07472P,和碩元大9A售03  ,0,0,0,0,0,0,0,0,0,73000,0,0,0,75000,2000,73000,73000
058798,大立光元大99購11,0,0,0,0,0,0,0,0,0,73000,0,0,0,78000,5000,73000,73000
057958,禾伸堂元大99購05,0,0,0,0,0,0,0,0,0,73000,0,0,0,124000,51000,73000,73000
061525,華新科凱基9A購13,0,0,0,0,0,0,0,0,0,73000,0,0,0,219000,146000,73000,73000
063024,祥碩元大9B購05  ,0,0,0,0,0,0,0,0,0,73000,0,0,0,81000,8000,73000,73000
060897,健策凱基9A購04  ,0,0,0,0,0,0,0,0,0,73000,0,0,0,73000,0,73000,73000
060865,創意永豐9A購01  ,0,0,0,0,0,0,0,0,0,73000,0,0,0,151000,78000,73000,73000
062124,大立光統一9B購09,0,0,0,0,0,0,0,0,0,73000,0,0,0,104000,31000,73000,73000
064124,台積電元大9C購10,0,0,0,0,0,0,0,0,0,73000,0,0,0,74000,1000,73000,73000
063897,神達群益9C購01  ,0,0,0,0,0,0,0,0,0,73000,0,0,0,73000,0,73000,73000
063955,TPK元大9C購01   ,0,0,0,0,0,0,0,0,0,73000,0,0,0,134000,61000,73000,73000
064399,和大凱基02購01  ,0,0,0,0,0,0,0,0,0,73000,0,0,0,73000,0,73000,73000
065911,超眾永豐9C購01  ,0,0,0,0,0,0,0,0,0,73000,0,0,0,73000,0,73000,73000
065831,緯創凱基9C購03  ,0,0,0,0,0,0,0,0,0,73000,0,0,0,150000,77000,73000,73000
065402,漢唐國泰02購01  ,0,0,0,0,0,0,0,0,0,73000,0,0,0,209000,136000,73000,73000
065238,聯茂凱基02購01  ,0,0,0,0,0,0,0,0,0,73000,0,0,0,84000,11000,73000,73000
064863,台積電永豐9C購01,0,0,0,0,0,0,0,0,0,73000,0,0,0,102000,29000,73000,73000
064937,英業達元富9C購01,0,0,0,0,0,0,0,0,0,73000,0,0,0,121000,48000,73000,73000
2415,錩新            ,85000,12000,73000,0,0,0,0,0,0,0,0,0,0,0,0,0,73000
6582,申豐            ,412000,385000,27000,0,0,0,0,30000,-30000,76000,25000,15000,10000,71000,5000,66000,73000
067491,健策元大01購10  ,0,0,0,0,0,0,0,0,0,72000,0,0,0,225000,153000,72000,72000
066101,微星國票02購01  ,0,0,0,0,0,0,0,0,0,72000,0,0,0,106000,34000,72000,72000
067207,微星元大01購04  ,0,0,0,0,0,0,0,0,0,72000,0,0,0,106000,34000,72000,72000
066701,京元電群益01購02,0,0,0,0,0,0,0,0,0,72000,0,0,0,72000,0,72000,72000
057051,群創元大9B購03  ,0,0,0,0,0,0,0,0,0,72000,0,0,0,77000,5000,72000,72000
00700,富邦恒生國企    ,0,0,0,0,0,0,0,0,0,72000,0,0,0,120000,48000,72000,72000
060861,漢唐永豐9A購01  ,0,0,0,0,0,0,0,0,0,72000,0,0,0,81000,9000,72000,72000
061347,創意元大9A購02  ,0,0,0,0,0,0,0,0,0,72000,0,0,0,85000,13000,72000,72000
061069,嘉聯益凱基9A購01,0,0,0,0,0,0,0,0,0,72000,0,0,0,122000,50000,72000,72000
061800,泰鼎永豐9B購01  ,0,0,0,0,0,0,0,0,0,72000,0,0,0,114000,42000,72000,72000
059928,道瓊銀富邦03購01,0,0,0,0,0,0,0,0,0,72000,0,0,0,73000,1000,72000,72000
060054,華新科凱基9B購04,0,0,0,0,0,0,0,0,0,72000,0,0,0,174000,102000,72000,72000
059516,TPK永豐99購01   ,0,0,0,0,0,0,0,0,0,72000,0,0,0,75000,3000,72000,72000
061878,茂林元大9B購01  ,0,0,0,0,0,0,0,0,0,72000,0,0,0,150000,78000,72000,72000
065862,世紀鋼元大9C購06,0,0,0,0,0,0,0,0,0,72000,0,0,0,227000,155000,72000,72000
065625,聯發科兆豐9C購06,0,0,0,0,0,0,0,0,0,72000,0,0,0,615000,543000,72000,72000
065675,茂林凱基03購01  ,0,0,0,0,0,0,0,0,0,72000,0,0,0,82000,10000,72000,72000
063644,祥碩元大9B購10  ,0,0,0,0,0,0,0,0,0,72000,0,0,0,72000,0,72000,72000
08629P,緯創凱基9C售02  ,0,0,0,0,0,0,0,0,0,72000,0,0,0,74000,2000,72000,72000
066143,惠特群益01購01  ,0,0,0,0,0,0,0,0,0,71000,0,0,0,483000,412000,71000,71000
066410,潤泰新凱基01購01,0,0,0,0,0,0,0,0,0,71000,0,0,0,108000,37000,71000,71000
066419,聯發科元大01購11,0,0,0,0,0,0,0,0,0,71000,0,0,0,168000,97000,71000,71000
067500,台表科元大01購03,0,0,0,0,0,0,0,0,0,71000,0,0,0,171000,100000,71000,71000
053282,彩晶元大9C購01  ,0,0,0,0,0,0,0,0,0,71000,0,0,0,482000,411000,71000,71000
056715,瀚宇博永豐98購01,0,0,0,0,0,0,0,0,0,71000,0,0,0,71000,0,71000,71000
055703,緯穎富邦98購01  ,0,0,0,0,0,0,0,0,0,71000,0,0,0,71000,0,71000,71000
057629,泰碩永豐98購02  ,0,0,0,0,0,0,0,0,0,71000,0,0,0,118000,47000,71000,71000
058456,京鼎永豐99購01  ,0,0,0,0,0,0,0,0,0,71000,0,0,0,101000,30000,71000,71000
059766,同欣電永豐99購03,0,0,0,0,0,0,0,0,0,71000,0,0,0,255000,184000,71000,71000
061778,元金2X群益9B購02,0,0,0,0,0,0,0,0,0,71000,0,0,0,71000,0,71000,71000
061086,FBVIX統一01購01 ,0,0,0,0,0,0,0,0,0,71000,0,0,0,71000,0,71000,71000
060628,和大富邦9B購01  ,0,0,0,0,0,0,0,0,0,71000,0,0,0,111000,40000,71000,71000
062438,台光電元大9B購04,0,0,0,0,0,0,0,0,0,71000,0,0,0,167000,96000,71000,71000
062645,國巨國泰9B購08  ,0,0,0,0,0,0,0,0,0,71000,0,0,0,81000,10000,71000,71000
064051,新日興統一01購01,0,0,0,0,0,0,0,0,0,71000,0,0,0,71000,0,71000,71000
064273,華邦電元大9C購02,0,0,0,0,0,0,0,0,0,71000,0,0,0,202000,131000,71000,71000
065804,大立光群益01購04,0,0,0,0,0,0,0,0,0,71000,0,0,0,80000,9000,71000,71000
065220,義隆富邦01購02  ,0,0,0,0,0,0,0,0,0,71000,0,0,0,90000,19000,71000,71000
08927P,技嘉元富07售04  ,0,0,0,0,0,0,0,0,0,71000,0,0,0,71000,0,71000,71000
08952P,台積電元富07售08,0,0,0,0,0,0,0,0,0,71000,0,0,0,77000,6000,71000,71000
1108,幸福            ,109000,36000,73000,0,0,0,0,0,0,-2000,0,2000,-2000,0,0,0,71000
2493,揚博            ,122000,49000,73000,0,0,0,0,0,0,-2000,0,2000,-2000,0,0,0,71000
4108,懷特            ,225000,154000,71000,0,0,0,0,0,0,0,0,0,0,0,0,0,71000
2527,宏璟            ,59000,12000,47000,0,0,0,0,0,0,24000,24000,0,24000,0,0,0,71000
07453P,台積電元大9A售05,0,0,0,0,0,0,0,0,0,70000,0,0,0,70000,0,70000,70000
07795P,美律國票9A售03  ,0,0,0,0,0,0,0,0,0,70000,0,0,0,70000,0,70000,70000
066474,微星麥證01購01  ,0,0,0,105000,35000,70000,0,0,0,70000,0,0,0,105000,35000,70000,70000
066483,瑞昱元富01購01  ,0,0,0,0,0,0,0,0,0,70000,0,0,0,252000,182000,70000,70000
066327,強茂永豐01購01  ,0,0,0,0,0,0,0,0,0,70000,0,0,0,260000,190000,70000,70000
067042,旺宏凱基01購02  ,0,0,0,0,0,0,0,0,0,70000,0,0,0,80000,10000,70000,70000
057444,台泥元富98購01  ,0,0,0,0,0,0,0,0,0,70000,0,0,0,70000,0,70000,70000
057401,晶豪科群益99購01,0,0,0,0,0,0,0,0,0,70000,0,0,0,80000,10000,70000,70000
058200,世芯康和99購01  ,0,0,0,0,0,0,0,0,0,70000,0,0,0,70000,0,70000,70000
057778,大立光群益98購02,0,0,0,0,0,0,0,0,0,70000,0,0,0,70000,0,70000,70000
05620P,大立光富邦9B售01,0,0,0,0,0,0,0,0,0,70000,0,0,0,70000,0,70000,70000
020006,永昌中小300N    ,0,0,0,0,0,0,0,0,0,70000,0,0,0,90000,20000,70000,70000
052764,景碩群益98購01  ,0,0,0,0,0,0,0,0,0,70000,0,0,0,70000,0,70000,70000
054287,台積電元大97購11,0,0,0,0,0,0,0,0,0,70000,0,0,0,70000,0,70000,70000
062904,台光電元大9B購06,0,0,0,0,0,0,0,0,0,70000,0,0,0,166000,96000,70000,70000
062197,聯發科中信01購03,0,0,0,0,0,0,0,0,0,70000,0,0,0,90000,20000,70000,70000
061938,大立光國票9B購03,0,0,0,0,0,0,0,0,0,70000,0,0,0,70000,0,70000,70000
062116,元金2X第一9B購01,0,0,0,0,0,0,0,0,0,70000,0,0,0,70000,0,70000,70000
061666,友達中信01購01  ,0,0,0,0,0,0,0,0,0,70000,0,0,0,157000,87000,70000,70000
060248,日月光元大9A購01,0,0,0,0,0,0,0,0,0,70000,0,0,0,70000,0,70000,70000
060385,台勝科凱基9A購01,0,0,0,0,0,0,0,0,0,70000,0,0,0,136000,66000,70000,70000
06333P,臺股指群益9C售02,0,0,0,0,0,0,0,0,0,70000,0,0,0,167000,97000,70000,70000
065229,友達凱基02購03  ,0,0,0,0,0,0,0,0,0,70000,0,0,0,170000,100000,70000,70000
065233,TPK凱基01購01   ,0,0,0,0,0,0,0,0,0,70000,0,0,0,81000,11000,70000,70000
065924,東元國票02購01  ,0,0,0,0,0,0,0,0,0,70000,0,0,0,75000,5000,70000,70000
065551,聯發科凱基9C購11,0,0,0,0,0,0,0,0,0,70000,0,0,0,308000,238000,70000,70000
065469,FBVIX元大9C購05 ,0,0,0,0,0,0,0,0,0,70000,0,0,0,70000,0,70000,70000
064278,高鐵元大9C購02  ,0,0,0,0,0,0,0,0,0,70000,0,0,0,70000,0,70000,70000
064294,和大中信9C購01  ,0,0,0,0,0,0,0,0,0,70000,0,0,0,70000,0,70000,70000
064428,裕隆凱基02購01  ,0,0,0,0,0,0,0,0,0,70000,0,0,0,70000,0,70000,70000
064577,大立光國泰02購01,0,0,0,0,0,0,0,0,0,70000,0,0,0,75000,5000,70000,70000
063908,國巨凱基9C購06  ,0,0,0,0,0,0,0,0,0,70000,0,0,0,135000,65000,70000,70000
063849,奇鋐元大9C購01  ,0,0,0,0,0,0,0,0,0,70000,0,0,0,106000,36000,70000,70000
4540,全球傳動        ,81000,11000,70000,0,0,0,0,0,0,0,0,0,0,0,0,0,70000
08711P,鴻海元富07售04  ,0,0,0,0,0,0,0,0,0,70000,0,0,0,70000,0,70000,70000
08341P,國泰金台新9C售01,0,0,0,0,0,0,0,0,0,70000,0,0,0,150000,80000,70000,70000
6024,群益期          ,85000,14000,71000,0,0,0,0,0,0,-1000,0,1000,-1000,0,0,0,70000
066983,禾伸堂群益01購01,0,0,0,0,0,0,0,0,0,69000,0,0,0,167000,98000,69000,69000
066748,同欣電元大01購03,0,30000,-30000,0,0,0,0,0,0,99000,0,0,0,569000,470000,99000,69000
07836P,大成鋼元大9A售01,0,0,0,0,0,0,0,0,0,69000,0,0,0,69000,0,69000,69000
067621,友達國泰02購01  ,0,0,0,0,0,0,0,0,0,69000,0,0,0,69000,0,69000,69000
054461,台積電凱基97購09,0,0,0,0,0,0,0,0,0,69000,0,0,0,69000,0,69000,69000
056608,力山永豐98購01  ,0,0,0,0,0,0,0,0,0,69000,0,0,0,69000,0,69000,69000
056136,京鼎元大98購01  ,0,0,0,0,0,0,0,0,0,69000,0,0,0,144000,75000,69000,69000
055312,台虹群益99購01  ,0,0,0,0,0,0,0,0,0,69000,0,0,0,75000,6000,69000,69000
058971,台積電永豐99購03,0,0,0,0,0,0,0,0,0,69000,0,0,0,76000,7000,69000,69000
063086,祥碩凱基9C購01  ,0,0,0,0,0,0,0,0,0,69000,0,0,0,116000,47000,69000,69000
063288,泰鼎元大9B購02  ,0,0,0,0,0,0,0,0,0,69000,0,0,0,123000,54000,69000,69000
061326,新日興凱基9B購01,0,0,0,0,0,0,0,0,0,69000,0,0,0,69000,0,69000,69000
061083,京元電兆豐9A購01,0,0,0,0,0,0,0,0,0,69000,0,0,0,69000,0,69000,69000
063915,祥碩凱基01購01  ,0,0,0,0,0,0,0,0,0,69000,0,0,0,130000,61000,69000,69000
065485,巨大元大9C購02  ,0,0,0,0,0,0,0,0,0,69000,0,0,0,107000,38000,69000,69000
065433,緯創凱基9C購01  ,0,0,0,0,0,0,0,0,0,69000,0,0,0,75000,6000,69000,69000
065537,健鼎統一02購05  ,0,0,0,0,0,0,0,0,0,69000,0,0,0,178000,109000,69000,69000
065576,泰鼎群益9C購02  ,0,0,0,0,0,0,0,0,0,69000,0,0,0,91000,22000,69000,69000
065871,南亞科群益9C購03,0,0,0,0,0,0,0,0,0,69000,0,0,0,110000,41000,69000,69000
065880,訊芯群益9C購01  ,0,0,0,0,0,0,0,0,0,69000,0,0,0,72000,3000,69000,69000
065263,國泰金元大9C購02,0,0,0,0,0,0,0,0,0,69000,0,0,0,88000,19000,69000,69000
6215,和椿            ,85000,16000,69000,0,0,0,0,0,0,0,0,0,0,0,0,0,69000
3682,亞太電          ,592000,523000,69000,0,0,0,0,0,0,0,0,0,0,0,0,0,69000
066946,京元電元大01購04,0,0,0,0,0,0,0,0,0,68000,0,0,0,68000,0,68000,68000
066357,昇陽半永豐01購01,0,0,0,0,0,0,0,0,0,68000,0,0,0,68000,0,68000,68000
066618,南六康和01購01  ,0,0,0,0,0,0,0,0,0,68000,0,0,0,68000,0,68000,68000
062383,大立光國泰01購01,0,0,0,0,0,0,0,0,0,68000,0,0,0,123000,55000,68000,68000
058295,欣興凱基99購02  ,0,0,0,0,0,0,0,0,0,68000,0,0,0,68000,0,68000,68000
058372,欣興凱基99購03  ,0,0,0,0,0,0,0,0,0,68000,0,0,0,68000,0,68000,68000
058272,超眾永豐9A購01  ,0,0,0,0,0,0,0,0,0,68000,0,0,0,68000,0,68000,68000
057672,茂林元大98購02  ,0,0,0,0,0,0,0,0,0,68000,0,0,0,136000,68000,68000,68000
057178,可成元大98購03  ,0,0,0,0,0,0,0,0,0,68000,0,0,0,68000,0,68000,68000
054785,建準群益98購01  ,0,0,0,0,0,0,0,0,0,68000,0,0,0,71000,3000,68000,68000
020000,富邦特選蘋果N   ,0,0,0,0,0,0,0,0,0,68000,0,0,0,68000,0,68000,68000
060165,上緯控永豐9A購01,0,0,0,0,0,0,0,0,0,68000,0,0,0,68000,0,68000,68000
060846,欣興國票9A購02  ,0,0,0,0,0,0,0,0,0,68000,0,0,0,68000,0,68000,68000
061978,旺宏元大9C購01  ,0,0,0,0,0,0,0,0,0,68000,0,0,0,68000,0,68000,68000
063237,微星元大9B購02  ,0,0,0,0,0,0,0,0,0,68000,0,0,0,118000,50000,68000,68000
063277,大成鋼元大9B購03,0,0,0,0,0,0,0,0,0,68000,0,0,0,68000,0,68000,68000
060355,元金2X元富9C購01,0,0,0,0,0,0,0,0,0,68000,0,0,0,71000,3000,68000,68000
066001,景碩國票02購01  ,0,0,0,0,0,0,0,0,0,68000,0,0,0,100000,32000,68000,68000
065471,和大元大9C購05  ,0,0,0,0,0,0,0,0,0,68000,0,0,0,68000,0,68000,68000
063859,國巨國泰01購03  ,0,0,0,0,0,0,0,0,0,68000,0,0,0,101000,33000,68000,68000
064582,裕隆永豐9C購02  ,0,0,0,0,0,0,0,0,0,68000,0,0,0,68000,0,68000,68000
064507,臻鼎元大9C購02  ,0,0,0,0,0,0,0,0,0,68000,0,0,0,68000,0,68000,68000
064680,創意兆豐01購01  ,0,0,0,0,0,0,0,0,0,68000,0,0,0,112000,44000,68000,68000
064389,台泥永豐9C購01  ,0,0,0,0,0,0,0,0,0,68000,0,0,0,68000,0,68000,68000
066402,泰鼎凱基01購02  ,0,0,0,0,0,0,0,0,0,67000,0,0,0,337000,270000,67000,67000
07845P,南亞科元大9A售08,0,0,0,0,0,0,0,0,0,67000,0,0,0,87000,20000,67000,67000
07381P,鴻海群益99售05  ,0,0,0,0,0,0,0,0,0,67000,0,0,0,67000,0,67000,67000
054479,緯創中信98購01  ,0,0,0,0,0,0,0,0,0,67000,0,0,0,77000,10000,67000,67000
056894,佳世達元大99購01,0,0,0,0,0,0,0,0,0,67000,0,0,0,100000,33000,67000,67000
058390,樺漢國票9A購01  ,0,0,0,0,0,0,0,0,0,67000,0,0,0,67000,0,67000,67000
057874,可成元大99購02  ,0,0,0,0,0,0,0,0,0,67000,0,0,0,68000,1000,67000,67000
063096,勤誠國票9B購02  ,0,0,0,0,0,0,0,0,0,67000,0,0,0,76000,9000,67000,67000
064613,聯電元大9C購05  ,0,0,0,0,0,0,0,0,0,67000,0,0,0,576000,509000,67000,67000
063596,嘉澤中信9B購01  ,0,0,0,0,0,0,0,0,0,67000,0,0,0,85000,18000,67000,67000
065521,貿聯群益9C購04  ,0,0,0,0,0,0,0,0,0,67000,0,0,0,87000,20000,67000,67000
1457,宜進            ,67000,0,67000,0,0,0,0,0,0,0,0,0,0,0,0,0,67000
067308,欣興元大01購03  ,0,0,0,0,0,0,0,0,0,66000,0,0,0,78000,12000,66000,66000
066551,大立光元大01購07,0,0,0,0,0,0,0,0,0,66000,0,0,0,359000,293000,66000,66000
063071,華新科富邦02購01,0,0,0,0,0,0,0,0,0,66000,0,0,0,81000,15000,66000,66000
056535,全新凱基99購02  ,0,0,0,0,0,0,0,0,0,66000,0,0,0,66000,0,66000,66000
063125,華擎元大9C購02  ,0,0,0,0,0,0,0,0,0,66000,0,0,0,71000,5000,66000,66000
063285,華擎元大9B購03  ,0,0,0,0,0,0,0,0,0,66000,0,0,0,66000,0,66000,66000
063305,亞光凱基9B購01  ,0,0,0,0,0,0,0,0,0,66000,0,0,0,332000,266000,66000,66000
061920,台積電凱基9C購02,0,0,0,0,0,0,0,0,0,66000,0,0,0,100000,34000,66000,66000
062435,國巨元大9B購13  ,0,0,0,0,0,0,0,0,0,66000,0,0,0,91000,25000,66000,66000
060437,宏全永豐9A購01  ,0,0,0,0,0,0,0,0,0,66000,0,0,0,66000,0,66000,66000
060814,健策凱基9B購01  ,0,0,0,0,0,0,0,0,0,66000,0,0,0,66000,0,66000,66000
065449,中租統一9C購01  ,0,0,0,0,0,0,0,0,0,66000,0,0,0,89000,23000,66000,66000
065634,聯發科國票9C購06,0,0,0,0,0,0,0,0,0,66000,0,0,0,90000,24000,66000,66000
065807,智伸科群益01購01,0,0,0,0,0,0,0,0,0,66000,0,0,0,93000,27000,66000,66000
063552,晶技國票9B購03  ,0,0,0,0,0,0,0,0,0,66000,0,0,0,66000,0,66000,66000
064240,群創統一02購02  ,0,0,0,0,0,0,0,0,0,66000,0,0,0,100000,34000,66000,66000
066918,台積電麥證01購05,0,0,0,75000,10000,65000,0,0,0,65000,0,0,0,75000,10000,65000,65000
067360,日月光群益01購01,0,0,0,0,0,0,0,0,0,65000,0,0,0,93000,28000,65000,65000
07361P,聯發科元大99售34,0,0,0,0,0,0,0,0,0,65000,0,0,0,65000,0,65000,65000
08190P,宏達電元富9B售04,0,0,0,0,0,0,0,0,0,65000,0,0,0,67000,2000,65000,65000
08104P,晶技元大9B售06  ,0,0,0,0,0,0,0,0,0,65000,0,0,0,70000,5000,65000,65000
08273P,國巨元富9C售02  ,0,0,0,0,0,0,0,0,0,65000,0,0,0,65000,0,65000,65000
056659,泰碩元大99購01  ,0,0,0,0,0,0,0,0,0,65000,0,0,0,65000,0,65000,65000
058892,元油2X元大9C購08,0,0,0,0,0,0,0,0,0,65000,0,0,0,80000,15000,65000,65000
058748,景碩凱基9A購01  ,0,0,0,0,0,0,0,0,0,65000,0,0,0,80000,15000,65000,65000
058580,華新科群益99購02,0,0,0,0,0,0,0,0,0,65000,0,0,0,115000,50000,65000,65000
057296,智原永豐98購01  ,0,0,0,0,0,0,0,0,0,65000,0,0,0,89000,24000,65000,65000
060714,晶技永豐9A購02  ,0,0,0,0,0,0,0,0,0,65000,0,0,0,102000,37000,65000,65000
061891,力山永豐9B購01  ,0,0,0,0,0,0,0,0,0,65000,0,0,0,235000,170000,65000,65000
063373,晶技永豐9B購02  ,0,0,0,0,0,0,0,0,0,65000,0,0,0,119000,54000,65000,65000
059825,嘉晶凱基99購02  ,0,0,0,0,0,0,0,0,0,65000,0,0,0,151000,86000,65000,65000
059643,日月光凱基99購02,0,0,0,0,0,0,0,0,0,65000,0,0,0,65000,0,65000,65000
064624,群創元大02購01  ,0,0,0,0,0,0,0,0,0,65000,0,0,0,155000,90000,65000,65000
08852P,台灣50台新01售01,0,0,0,0,0,0,0,0,0,65000,0,0,0,65000,0,65000,65000
08233P,國泰金元富9B售01,0,0,0,0,0,0,0,0,0,64000,0,0,0,88000,24000,64000,64000
067636,復盛永豐01購01  ,0,0,0,0,0,0,0,0,0,64000,0,0,0,64000,0,64000,64000
066634,泰碩凱基02購02  ,0,0,0,0,0,0,0,0,0,64000,0,0,0,64000,0,64000,64000
058495,元大金群益9B購01,0,0,0,0,0,0,0,0,0,64000,0,0,0,64000,0,64000,64000
057872,旺宏元大99購06  ,0,0,0,0,0,0,0,0,0,64000,0,0,0,69000,5000,64000,64000
063408,茂林國票9C購02  ,0,0,0,0,0,0,0,0,0,64000,0,0,0,134000,70000,64000,64000
063174,臺股指中信01購04,0,0,0,0,0,0,0,0,0,64000,0,0,0,104000,40000,64000,64000
060642,華擎永豐9A購02  ,0,0,0,0,0,0,0,0,0,64000,0,0,0,90000,26000,64000,64000
061963,台積電統一01購04,0,0,0,0,0,0,0,0,0,64000,0,0,0,147000,83000,64000,64000
061503,臻鼎國票9B購01  ,0,0,0,0,0,0,0,0,0,64000,0,0,0,64000,0,64000,64000
064622,晶技元大01購01  ,0,0,0,0,0,0,0,0,0,64000,0,0,0,150000,86000,64000,64000
065811,億豐群益9C購01  ,0,0,0,0,0,0,0,0,0,64000,0,0,0,64000,0,64000,64000
065754,健鼎元大9C購06  ,0,0,0,0,0,0,0,0,0,64000,0,0,0,182000,118000,64000,64000
065953,宏達電統一03購01,0,0,0,0,0,0,0,0,0,64000,0,0,0,169000,105000,64000,64000
064906,台表科群益9C購02,0,0,0,0,0,0,0,0,0,64000,0,0,0,93000,29000,64000,64000
3311,閎暉            ,77000,12000,65000,0,0,0,0,0,0,-1000,0,1000,-1000,0,0,0,64000
6449,鈺邦            ,200000,136000,64000,0,0,0,0,0,0,0,0,0,0,0,0,0,64000
066058,TPK元大01購02   ,0,0,0,0,0,0,0,0,0,63000,0,0,0,76000,13000,63000,63000
067176,健策麥證02購02  ,0,0,0,63000,0,63000,0,0,0,63000,0,0,0,63000,0,63000,63000
067425,京元電凱基01購01,0,0,0,0,0,0,0,0,0,63000,0,0,0,70000,7000,63000,63000
06922P,元上證群益9C售01,0,0,0,0,0,0,0,0,0,63000,0,0,0,66000,3000,63000,63000
058397,大成鋼元大99購02,0,0,0,0,0,0,0,0,0,63000,0,0,0,63000,0,63000,63000
062386,京鼎國泰9C購01  ,0,0,0,0,0,0,0,0,0,63000,0,0,0,93000,30000,63000,63000
054874,帆宣群益99購02  ,0,0,0,0,0,0,0,0,0,63000,0,0,0,75000,12000,63000,63000
056655,旺宏元大99購02  ,0,0,0,0,0,0,0,0,0,63000,0,0,0,68000,5000,63000,63000
062073,國巨元大9B購06  ,0,0,0,0,0,0,0,0,0,63000,0,0,0,89000,26000,63000,63000
060677,京元電元大9A購04,0,0,0,0,0,0,0,0,0,63000,0,0,0,63000,0,63000,63000
060064,華新科兆豐99購07,0,0,0,0,0,0,0,0,0,63000,0,0,0,336000,273000,63000,63000
061568,國巨元大9A購25  ,0,0,0,0,0,0,0,0,0,63000,0,0,0,89000,26000,63000,63000
065034,玉晶光統一01購11,0,0,0,0,0,0,0,0,0,63000,0,0,0,143000,80000,63000,63000
065571,神基群益01購01  ,0,0,0,0,0,0,0,0,0,63000,0,0,0,63000,0,63000,63000
064265,嘉聯益永豐9C購02,0,0,0,0,0,0,0,0,0,63000,0,0,0,140000,77000,63000,63000
063895,新光金群益01購01,0,0,0,0,0,0,0,0,0,63000,0,0,0,87000,24000,63000,63000
08710P,鴻海元富07售03  ,0,0,0,0,0,0,0,0,0,63000,0,0,0,63000,0,63000,63000
067426,聯發科凱基01購14,0,0,0,0,0,0,0,0,0,62000,0,0,0,82000,20000,62000,62000
067420,國巨凱基02購03  ,0,0,0,0,0,0,0,0,0,62000,0,0,0,218000,156000,62000,62000
067178,京鼎康和01購01  ,0,0,0,0,0,0,0,0,0,62000,0,0,0,62000,0,62000,62000
067115,京鼎群益02購05  ,0,0,0,0,0,0,0,0,0,62000,0,0,0,165000,103000,62000,62000
066822,泰豐群益01購01  ,0,0,0,0,0,0,0,0,0,62000,0,0,0,106000,44000,62000,62000
00713,元大台灣高息低波,26000,0,26000,0,0,0,0,0,0,36000,0,0,0,47000,11000,36000,62000
058936,國喬中信99購01  ,0,0,0,0,0,0,0,0,0,62000,0,0,0,82000,20000,62000,62000
062402,台勝科永豐9B購02,0,0,0,0,0,0,0,0,0,62000,0,0,0,62000,0,62000,62000
057318,台光電凱基9A購01,0,0,0,0,0,0,0,0,0,62000,0,0,0,72000,10000,62000,62000
058091,欣興元大99購03  ,0,0,0,0,0,0,0,0,0,62000,0,0,0,64000,2000,62000,62000
063145,台表科統一02購01,0,0,0,0,0,0,0,0,0,62000,0,0,0,68000,6000,62000,62000
061913,宏碁中信9B購01  ,0,0,0,0,0,0,0,0,0,62000,0,0,0,63000,1000,62000,62000
061939,中租國票9B購01  ,0,0,0,0,0,0,0,0,0,62000,0,0,0,62000,0,62000,62000
062491,矽創永豐9B購01  ,0,0,0,0,0,0,0,0,0,62000,0,0,0,130000,68000,62000,62000
064112,宏碁國票01購01  ,0,0,0,0,0,0,0,0,0,62000,0,0,0,82000,20000,62000,62000
064160,新日興統一01購03,0,0,0,0,0,0,0,0,0,62000,0,0,0,66000,4000,62000,62000
064664,微星元大9C購04  ,0,0,0,0,0,0,0,0,0,62000,0,0,0,62000,0,62000,62000
064782,健策群益9C購02  ,0,0,0,0,0,0,0,0,0,62000,0,0,0,109000,47000,62000,62000
064785,康友群益9C購01  ,0,0,0,0,0,0,0,0,0,62000,0,0,0,62000,0,62000,62000
065612,聯茂元大9C購07  ,0,0,0,0,0,0,0,0,0,62000,0,0,0,116000,54000,62000,62000
065113,南電國票01購02  ,0,0,0,0,0,0,0,0,0,62000,0,0,0,77000,15000,62000,62000
08544P,和碩國票01售02  ,0,0,0,0,0,0,0,0,0,62000,0,0,0,67000,5000,62000,62000
067129,神隆永豐01購01  ,0,0,0,0,0,0,0,0,0,61000,0,0,0,74000,13000,61000,61000
066332,慧洋永豐01購01  ,0,0,0,0,0,0,0,0,0,61000,0,0,0,61000,0,61000,61000
067312,欣興元大02購01  ,0,0,0,0,0,0,0,0,0,61000,0,0,0,192000,131000,61000,61000
07545P,玉晶光凱基9A售07,0,0,0,0,0,0,0,0,0,61000,0,0,0,76000,15000,61000,61000
07805P,義隆永豐9A售02  ,0,0,0,0,0,0,0,0,0,61000,0,0,0,61000,0,61000,61000
07838P,泰碩元大9A售04  ,0,40000,-40000,0,0,0,0,0,0,101000,0,0,0,210000,109000,101000,61000
07861P,台灣50中信03售08,0,0,0,0,0,0,0,0,0,61000,0,0,0,61000,0,61000,61000
062279,晶豪科群益9B購01,0,0,0,0,0,0,0,0,0,61000,0,0,0,74000,13000,61000,61000
058345,台光電群益99購03,0,0,0,0,0,0,0,0,0,61000,0,0,0,61000,0,61000,61000
00736,國泰新興市場    ,0,0,0,0,0,0,0,0,0,61000,0,0,0,190000,129000,61000,61000
062497,遠東新群益9B購01,0,0,0,0,0,0,0,0,0,61000,0,0,0,61000,0,61000,61000
062610,啟碁凱基9B購01  ,0,0,0,0,0,0,0,0,0,61000,0,0,0,317000,256000,61000,61000
063178,聯發科兆豐9B購04,0,0,0,0,0,0,0,0,0,61000,0,0,0,61000,0,61000,61000
064892,台達電群益9C購02,0,0,0,0,0,0,0,0,0,61000,0,0,0,224000,163000,61000,61000
065674,華擎凱基9C購03  ,0,0,0,0,0,0,0,0,0,61000,0,0,0,111000,50000,61000,61000
065472,華新元大01購01  ,0,0,0,0,0,0,0,0,0,61000,0,0,0,405000,344000,61000,61000
066047,嘉晶元大01購04  ,0,0,0,0,0,0,0,0,0,61000,0,0,0,257000,196000,61000,61000
065792,TPK永豐9C購02   ,0,0,0,0,0,0,0,0,0,61000,0,0,0,167000,106000,61000,61000
064725,緯創統一02購01  ,0,0,0,0,0,0,0,0,0,61000,0,0,0,64000,3000,61000,61000
08452P,智邦台新9C售05  ,0,0,0,0,0,0,0,0,0,61000,0,0,0,61000,0,61000,61000
2468,華經            ,93000,32000,61000,0,0,0,0,0,0,0,0,0,0,0,0,0,61000
08257P,台積電元大9C售04,0,0,0,0,0,0,0,0,0,60000,0,0,0,60000,0,60000,60000
07427P,台積電國票9B售02,0,0,0,0,0,0,0,0,0,60000,0,0,0,60000,0,60000,60000
07030P,鈺齊群益99售01  ,0,0,0,0,0,0,0,0,0,60000,0,0,0,110000,50000,60000,60000
07298P,台灣50元大9C售12,0,0,0,0,0,0,0,0,0,60000,0,0,0,60000,0,60000,60000
066287,訊芯元大01購01  ,0,0,0,0,0,0,0,0,0,60000,0,0,0,86000,26000,60000,60000
066232,聯強富邦03購01  ,0,0,0,0,0,0,0,0,0,60000,0,0,0,85000,25000,60000,60000
066136,景碩群益01購02  ,0,0,0,0,0,0,0,0,0,60000,0,0,0,80000,20000,60000,60000
066640,達麗凱基01購01  ,0,0,0,0,0,0,0,0,0,60000,0,0,0,60000,0,60000,60000
066628,宏達電凱基03購01,0,0,0,0,0,0,0,0,0,60000,0,0,0,70000,10000,60000,60000
06698P,玉晶光國票99售05,0,0,0,0,0,0,0,0,0,60000,0,0,0,90000,30000,60000,60000
066736,京鼎元大01購02  ,0,0,0,0,0,0,0,0,0,60000,0,0,0,74000,14000,60000,60000
066670,貿聯凱基01購01  ,0,0,0,0,0,0,0,0,0,60000,0,0,0,60000,0,60000,60000
053860,台積電元大98購03,0,0,0,0,0,0,0,0,0,60000,0,0,0,60000,0,60000,60000
056603,嘉聯益國泰9A購01,0,0,0,0,0,0,0,0,0,60000,0,0,0,105000,45000,60000,60000
056689,玉晶光統一9A購03,0,0,0,0,0,0,0,0,0,60000,0,0,0,120000,60000,60000,60000
056550,瑞儀凱基99購01  ,0,0,0,0,0,0,0,0,0,60000,0,0,0,65000,5000,60000,60000
056522,T50反1中信9B購01,0,0,0,0,0,0,0,0,0,60000,0,0,0,60000,0,60000,60000
051603,深中小群益99購03,0,0,0,0,0,0,0,0,0,60000,0,0,0,60000,0,60000,60000
051047,深中小群益99購01,0,0,0,0,0,0,0,0,0,60000,0,0,0,60000,0,60000,60000
050758,聯發科元富9B購01,0,0,0,0,0,0,0,0,0,60000,0,0,0,86000,26000,60000,60000
055007,晶相光元富9A購02,0,0,0,0,0,0,0,0,0,60000,0,0,0,60000,0,60000,60000
055999,電子類富邦99購01,0,0,0,0,0,0,0,0,0,60000,0,0,0,60000,0,60000,60000
056290,正文永豐98購01  ,0,0,0,0,0,0,0,0,0,60000,0,0,0,60000,0,60000,60000
058107,全新台新99購01  ,0,0,0,0,0,0,0,0,0,60000,0,0,0,98000,38000,60000,60000
057422,欣興凱基98購04  ,0,0,0,0,0,0,0,0,0,60000,0,0,0,70000,10000,60000,60000
059063,康控凱基99購04  ,0,0,0,0,0,0,0,0,0,60000,0,0,0,60000,0,60000,60000
063162,國喬永豐9B購01  ,0,0,0,0,0,0,0,0,0,60000,0,0,0,60000,0,60000,60000
060285,聯電元大9C購01  ,0,0,0,0,0,0,0,0,0,60000,0,0,0,60000,0,60000,60000
059875,信邦凱基99購02  ,0,0,0,0,0,0,0,0,0,60000,0,0,0,70000,10000,60000,60000
062867,東元中信9B購01  ,0,0,0,0,0,0,0,0,0,60000,0,0,0,60000,0,60000,60000
061454,國巨凱基9A購16  ,0,0,0,0,0,0,0,0,0,60000,0,0,0,70000,10000,60000,60000
061230,臺指反元大01購04,0,0,0,0,0,0,0,0,0,60000,0,0,0,60000,0,60000,60000
064701,巨大群益9C購02  ,0,0,0,0,0,0,0,0,0,60000,0,0,0,75000,15000,60000,60000
064654,元金2X元大9C購03,0,0,0,0,0,0,0,0,0,60000,0,0,0,60000,0,60000,60000
064645,義隆凱基03購01  ,0,0,0,0,0,0,0,0,0,60000,0,0,0,100000,40000,60000,60000
064424,華新科兆豐01購01,0,0,0,0,0,0,0,0,0,60000,0,0,0,60000,0,60000,60000
063894,漢唐群益9C購01  ,0,0,0,0,0,0,0,0,0,60000,0,0,0,83000,23000,60000,60000
064006,晶技凱基9C購02  ,0,0,0,0,0,0,0,0,0,60000,0,0,0,69000,9000,60000,60000
065434,台勝科凱基01購01,0,0,0,0,0,0,0,0,0,60000,0,0,0,82000,22000,60000,60000
065726,京元電凱基9C購02,0,0,0,0,0,0,0,0,0,60000,0,0,0,66000,6000,60000,60000
064929,台表科統一02購03,0,0,0,0,0,0,0,0,0,60000,0,0,0,60000,0,60000,60000
065084,南亞科元大9C購08,0,0,0,0,0,0,0,0,0,60000,0,0,0,104000,44000,60000,60000
08399P,技嘉元富9C售02  ,0,0,0,0,0,0,0,0,0,60000,0,0,0,177000,117000,60000,60000
08383P,智邦群益9C售03  ,0,0,0,0,0,0,0,0,0,60000,0,0,0,60000,0,60000,60000
08566P,禾伸堂群益9C售01,0,0,0,0,0,0,0,0,0,60000,0,0,0,100000,40000,60000,60000
08677P,超眾群益01售02  ,0,0,0,0,0,0,0,0,0,60000,0,0,0,70000,10000,60000,60000
08758P,上証2X元大01售02,0,0,0,0,0,0,0,0,0,60000,0,0,0,60000,0,60000,60000
4739,康普            ,76000,16000,60000,0,0,0,0,0,0,0,0,0,0,0,0,0,60000
066720,滬深2X元大01購07,0,0,0,0,0,0,0,0,0,59000,0,0,0,331000,272000,59000,59000
067101,華邦電群益01購02,0,0,0,0,0,0,0,0,0,59000,0,0,0,99000,40000,59000,59000
066431,台郡元大02購01  ,0,0,0,0,0,0,0,0,0,59000,0,0,0,136000,77000,59000,59000
07983P,茂林群益9B售03  ,0,0,0,0,0,0,0,0,0,59000,0,0,0,60000,1000,59000,59000
058174,台積電凱基9A購05,0,0,0,0,0,0,0,0,0,59000,0,0,0,59000,0,59000,59000
059223,大立光元大99購14,0,0,0,0,0,0,0,0,0,59000,0,0,0,95000,36000,59000,59000
062617,京鼎元大9B購01  ,0,0,0,0,0,0,0,0,0,59000,0,0,0,59000,0,59000,59000
062127,台勝科統一01購02,0,0,0,0,0,0,0,0,0,59000,0,0,0,64000,5000,59000,59000
060127,牧德永豐99購02  ,0,0,0,0,0,0,0,0,0,59000,0,0,0,77000,18000,59000,59000
061677,泰碩元大9A購05  ,0,0,0,0,0,0,0,0,0,59000,0,0,0,159000,100000,59000,59000
064918,中信金統一02購01,0,0,0,0,0,0,0,0,0,59000,0,0,0,164000,105000,59000,59000
065201,世芯元富9C購02  ,0,0,0,0,0,0,0,0,0,59000,0,0,0,59000,0,59000,59000
065624,聯詠中信9C購01  ,0,0,0,0,0,0,0,0,0,59000,0,0,0,79000,20000,59000,59000
063874,志超永豐9C購01  ,0,0,0,0,0,0,0,0,0,59000,0,0,0,59000,0,59000,59000
063862,世紀鋼國泰02購01,0,0,0,0,0,0,0,0,0,59000,0,0,0,285000,226000,59000,59000
08158P,嘉澤元富9B售03  ,0,0,0,0,0,0,0,0,0,58000,0,0,0,71000,13000,58000,58000
067406,矽格永豐01購01  ,0,0,0,0,0,0,0,0,0,58000,0,0,0,58000,0,58000,58000
067492,健策元大01購11  ,0,0,0,0,0,0,0,0,0,58000,0,0,0,208000,150000,58000,58000
067023,巨大中信01購01  ,0,0,0,0,0,0,0,0,0,58000,0,0,0,170000,112000,58000,58000
066790,健策麥證01購01  ,0,0,0,60000,2000,58000,0,0,0,58000,0,0,0,60000,2000,58000,58000
055443,台虹國票98購01  ,0,0,0,0,0,0,0,0,0,58000,0,0,0,82000,24000,58000,58000
055787,聯茂凱基99購01  ,0,0,0,0,0,0,0,0,0,58000,0,0,0,118000,60000,58000,58000
054827,宏全元大9A購01  ,0,0,0,0,0,0,0,0,0,58000,0,0,0,190000,132000,58000,58000
052572,群創凱基99購01  ,0,0,0,0,0,0,0,0,0,58000,0,0,0,81000,23000,58000,58000
03662C,FBVIX凱基03牛01 ,0,0,0,0,0,0,0,0,0,58000,0,0,0,127000,69000,58000,58000
052847,漢唐統一99購01  ,0,0,0,0,0,0,0,0,0,58000,0,0,0,82000,24000,58000,58000
057532,智原元大98購03  ,0,0,0,0,0,0,0,0,0,58000,0,0,0,60000,2000,58000,58000
059765,嘉聯益永豐99購02,0,0,0,0,0,0,0,0,0,58000,0,0,0,85000,27000,58000,58000
059816,聯電凱基99購03  ,0,0,0,0,0,0,0,0,0,58000,0,0,0,83000,25000,58000,58000
061908,台積電中信05購01,0,0,0,0,0,0,0,0,0,58000,0,0,0,58000,0,58000,58000
063477,訊芯元大9B購01  ,0,0,0,0,0,0,0,0,0,58000,0,0,0,58000,0,58000,58000
063321,泰鼎群益9B購03  ,0,0,0,0,0,0,0,0,0,58000,0,0,0,121000,63000,58000,58000
062798,台光電統一9B購01,0,0,0,0,0,0,0,0,0,58000,0,0,0,495000,437000,58000,58000
061515,泰碩永豐9A購03  ,0,0,0,0,0,0,0,0,0,58000,0,0,0,58000,0,58000,58000
063591,麗豐永豐9B購02  ,0,0,0,0,0,0,0,0,0,58000,0,0,0,58000,0,58000,58000
063675,亞德客國泰01購01,0,0,0,0,0,0,0,0,0,58000,0,0,0,926000,868000,58000,58000
064296,奇鋐國票01購01  ,0,0,0,0,0,0,0,0,0,58000,0,0,0,181000,123000,58000,58000
065645,嘉晶元大01購02  ,0,0,0,0,0,0,0,0,0,58000,0,0,0,365000,307000,58000,58000
065748,台積電元大01購05,0,0,0,0,0,0,0,0,0,58000,0,0,0,58000,0,58000,58000
064890,聯電群益9C購02  ,0,0,0,0,0,0,0,0,0,58000,0,0,0,138000,80000,58000,58000
1467,南緯            ,198000,140000,58000,0,0,0,0,0,0,0,0,0,0,0,0,0,58000
1615,大山            ,72000,14000,58000,0,0,0,0,0,0,0,0,0,0,0,0,0,58000
066651,創意康和01購04  ,0,0,0,0,0,0,0,0,0,57000,0,0,0,99000,42000,57000,57000
066252,南港元大01購02  ,0,0,0,0,0,0,0,0,0,57000,0,0,0,57000,0,57000,57000
057243,樺漢凱基99購01  ,0,0,0,0,0,0,0,0,0,57000,0,0,0,57000,0,57000,57000
058554,瀚宇博永豐99購01,0,0,0,0,0,0,0,0,0,57000,0,0,0,257000,200000,57000,57000
062296,南六永豐9B購02  ,0,0,0,0,0,0,0,0,0,57000,0,0,0,57000,0,57000,57000
062564,矽創凱基9B購01  ,0,0,0,0,0,0,0,0,0,57000,0,0,0,57000,0,57000,57000
053770,元金2X元大98購01,0,0,0,0,0,0,0,0,0,57000,0,0,0,60000,3000,57000,57000
00690,兆豐藍籌30      ,0,0,0,0,0,0,0,0,0,57000,0,0,0,414000,357000,57000,57000
00668,國泰美國道瓊    ,0,0,0,0,0,0,0,0,0,57000,0,0,0,88000,31000,57000,57000
046949,群創元大99購01  ,0,0,0,0,0,0,0,0,0,57000,0,0,0,370000,313000,57000,57000
061944,聯電群益9B購01  ,0,0,0,0,0,0,0,0,0,57000,0,0,0,374000,317000,57000,57000
062145,億光國票9B購01  ,0,0,0,0,0,0,0,0,0,57000,0,0,0,94000,37000,57000,57000
061238,晶技元大9A購02  ,0,0,0,0,0,0,0,0,0,57000,0,0,0,369000,312000,57000,57000
063025,超眾元大9B購01  ,0,0,0,0,0,0,0,0,0,57000,0,0,0,125000,68000,57000,57000
060109,茂林元大99購05  ,0,0,0,0,0,0,0,0,0,57000,0,0,0,134000,77000,57000,57000
062725,大立光凱基9B購06,0,0,0,0,0,0,0,0,0,57000,0,0,0,67000,10000,57000,57000
064880,神達兆豐9C購01  ,0,0,0,0,0,0,0,0,0,57000,0,0,0,57000,0,57000,57000
065027,玉晶光中信03購01,0,0,0,0,0,0,0,0,0,57000,0,0,0,295000,238000,57000,57000
065417,嘉晶國票01購02  ,0,0,0,0,0,0,0,0,0,57000,0,0,0,164000,107000,57000,57000
065802,義隆群益9C購05  ,0,0,0,0,0,0,0,0,0,57000,0,0,0,83000,26000,57000,57000
064457,禾伸堂統一01購02,0,0,0,0,0,0,0,0,0,57000,0,0,0,80000,23000,57000,57000
064527,裕隆中信01購01  ,0,0,0,0,0,0,0,0,0,57000,0,0,0,100000,43000,57000,57000
063690,健鼎永豐9B購01  ,0,0,0,0,0,0,0,0,0,57000,0,0,0,331000,274000,57000,57000
1737,臺鹽            ,55000,1000,54000,0,0,0,0,0,0,3000,5000,2000,3000,0,0,0,57000
2204,中華            ,83000,26000,57000,0,0,0,0,0,0,0,0,0,0,0,0,0,57000
066403,台郡凱基01購02  ,0,0,0,0,0,0,0,0,0,56000,0,0,0,56000,0,56000,56000
066644,瑞昱麥證01購01  ,0,0,0,192000,140000,52000,0,0,0,56000,0,0,0,206000,150000,56000,56000
067537,大立光群益02購04,0,0,0,0,0,0,0,0,0,56000,0,0,0,63000,7000,56000,56000
067258,盛群國票01購01  ,0,0,0,0,0,0,0,0,0,56000,0,0,0,129000,73000,56000,56000
067650,技嘉元富07購03  ,0,0,0,0,0,0,0,0,0,56000,0,0,0,139000,83000,56000,56000
067604,晶技凱基01購02  ,0,0,0,0,0,0,0,0,0,56000,0,0,0,212000,156000,56000,56000
053276,友達元大9C購01  ,0,0,0,0,0,0,0,0,0,56000,0,0,0,156000,100000,56000,56000
00866,新光Shiller CAPE,0,0,0,0,0,0,0,0,0,56000,0,0,0,85000,29000,56000,56000
062058,瑞昱統一01購01  ,0,0,0,0,0,0,0,0,0,56000,0,0,0,96000,40000,56000,56000
059988,大立光元大9A購02,0,0,0,0,0,0,0,0,0,56000,0,0,0,66000,10000,56000,56000
059828,健策凱基99購05  ,0,0,0,0,0,0,0,0,0,56000,0,0,0,56000,0,56000,56000
063411,和潤國票9C購01  ,0,0,0,0,0,0,0,0,0,56000,0,0,0,90000,34000,56000,56000
063053,聯發科統一01購04,0,0,0,0,0,0,0,0,0,56000,0,0,0,78000,22000,56000,56000
060738,矽格統一9C購01  ,0,0,0,0,0,0,0,0,0,56000,0,0,0,65000,9000,56000,56000
060425,凌華永豐9A購01  ,0,0,0,0,0,0,0,0,0,56000,0,0,0,66000,10000,56000,56000
063553,同欣電國票9B購03,0,0,0,0,0,0,0,0,0,56000,0,0,0,69000,13000,56000,56000
063883,超眾元富9C購02  ,0,0,0,0,0,0,0,0,0,56000,0,0,0,90000,34000,56000,56000
064505,康控元大9C購01  ,0,0,0,0,0,0,0,0,0,56000,0,0,0,57000,1000,56000,56000
064811,華擎元大01購01  ,0,0,0,0,0,0,0,0,0,56000,0,0,0,56000,0,56000,56000
065377,群創元大02購02  ,0,0,0,0,0,0,0,0,0,56000,0,0,0,164000,108000,56000,56000
065326,華擎凱基02購01  ,0,0,0,0,0,0,0,0,0,56000,0,0,0,92000,36000,56000,56000
064981,致伸元大9C購01  ,0,0,0,0,0,0,0,0,0,56000,0,0,0,160000,104000,56000,56000
1611,中電            ,64000,10000,54000,0,0,0,0,0,0,2000,2000,0,2000,0,0,0,56000
08782P,台積電元大01售17,0,0,0,0,0,0,0,0,0,56000,0,0,0,106000,50000,56000,56000
08530P,鴻海統一9C售19  ,0,0,0,0,0,0,0,0,0,56000,0,0,0,56000,0,56000,56000
07102P,南電元大99售03  ,0,0,0,0,0,0,0,0,0,55000,0,0,0,75000,20000,55000,55000
066496,大立光國泰03購01,0,0,0,0,0,0,0,0,0,55000,0,0,0,147000,92000,55000,55000
066479,國巨元富07購01  ,0,0,0,0,0,0,0,0,0,55000,0,0,0,139000,84000,55000,55000
058077,超眾凱基98購02  ,0,0,0,0,0,0,0,0,0,55000,0,0,0,55000,0,55000,55000
055102,上銀凱基98購01  ,0,0,0,0,0,0,0,0,0,55000,0,0,0,55000,0,55000,55000
056993,GIS兆豐99購01   ,0,0,0,0,0,0,0,0,0,55000,0,0,0,55000,0,55000,55000
062473,同欣電凱基9B購01,0,0,0,0,0,0,0,0,0,55000,0,0,0,55000,0,55000,55000
061612,南六統一9A購01  ,0,0,0,0,0,0,0,0,0,55000,0,0,0,320000,265000,55000,55000
063464,廣達元大9B購02  ,0,0,0,0,0,0,0,0,0,55000,0,0,0,187000,132000,55000,55000
059689,南亞科永豐99購02,0,0,0,0,0,0,0,0,0,55000,0,0,0,55000,0,55000,55000
059947,貿聯永豐99購03  ,0,0,0,0,0,0,0,0,0,55000,0,0,0,55000,0,55000,55000
059957,中信金康和99購01,0,0,0,0,0,0,0,0,0,55000,0,0,0,55000,0,55000,55000
065136,正隆凱基9C購01  ,0,0,0,0,0,0,0,0,0,55000,0,0,0,55000,0,55000,55000
065856,中租元大9C購03  ,0,0,0,0,0,0,0,0,0,55000,0,0,0,133000,78000,55000,55000
063941,國巨元大9C購12  ,0,0,0,0,0,0,0,0,0,55000,0,0,0,87000,32000,55000,55000
1709,和益            ,68000,13000,55000,0,0,0,0,0,0,0,0,0,0,0,0,0,55000
2601,益航            ,218000,163000,55000,0,0,0,0,0,0,0,0,0,0,0,0,0,55000
5546,永固-KY         ,46000,0,46000,0,0,0,0,0,0,9000,9000,0,9000,0,0,0,55000
066322,群光永豐01購01  ,0,0,0,0,0,0,0,0,0,54000,0,0,0,161000,107000,54000,54000
067602,億光凱基01購01  ,0,0,0,0,0,0,0,0,0,54000,0,0,0,76000,22000,54000,54000
055919,景碩凱基98購02  ,0,0,0,0,0,0,0,0,0,54000,0,0,0,64000,10000,54000,54000
056279,新日興富邦99購01,0,0,0,0,0,0,0,0,0,54000,0,0,0,74000,20000,54000,54000
051970,元黃金凱基98購01,0,0,0,0,0,0,0,0,0,54000,0,0,0,54000,0,54000,54000
058688,矽創凱基9A購01  ,0,0,0,0,0,0,0,0,0,54000,0,0,0,54000,0,54000,54000
062336,茂林統一01購02  ,0,0,0,0,0,0,0,0,0,54000,0,0,0,54000,0,54000,54000
058613,茂林元大99購03  ,0,0,0,0,0,0,0,0,0,54000,0,0,0,200000,146000,54000,54000
058314,欣興富邦9B購01  ,0,0,0,0,0,0,0,0,0,54000,0,0,0,54000,0,54000,54000
057936,健策群益99購01  ,0,0,0,0,0,0,0,0,0,54000,0,0,0,56000,2000,54000,54000
059821,美律凱基99購08  ,0,0,0,0,0,0,0,0,0,54000,0,0,0,70000,16000,54000,54000
061062,和大凱基9A購02  ,0,0,0,0,0,0,0,0,0,54000,0,0,0,54000,0,54000,54000
063128,智伸科元大9B購01,0,0,0,0,0,0,0,0,0,54000,0,0,0,65000,11000,54000,54000
062466,FBVIX凱基9B購01 ,0,0,0,0,0,0,0,0,0,54000,0,0,0,54000,0,54000,54000
063613,全新群益9C購01  ,0,0,0,0,0,0,0,0,0,54000,0,0,0,84000,30000,54000,54000
064729,聯茂統一02購02  ,0,0,0,0,0,0,0,0,0,54000,0,0,0,109000,55000,54000,54000
064280,大立光元大9C購11,0,0,0,0,0,0,0,0,0,54000,0,0,0,100000,46000,54000,54000
065801,瑞昱群益9C購04  ,0,0,0,0,0,0,0,0,0,54000,0,0,0,61000,7000,54000,54000
06597P,國巨富邦9A售05  ,0,0,0,0,0,0,0,0,0,54000,0,0,0,133000,79000,54000,54000
065092,健鼎元大9C購02  ,0,0,0,0,0,0,0,0,0,54000,0,0,0,130000,76000,54000,54000
064860,聯發科富邦03購01,0,0,0,0,0,0,0,0,0,54000,0,0,0,80000,26000,54000,54000
9917,中保科          ,96000,43000,53000,0,0,0,0,0,0,1000,3000,2000,1000,0,0,0,54000
2107,厚生            ,74000,37000,37000,0,0,0,0,0,0,17000,17000,0,17000,0,0,0,54000
08434P,臺股指凱基03售02,0,0,0,0,0,0,0,0,0,54000,0,0,0,243000,189000,54000,54000
067315,京鼎元大01購05  ,0,0,0,0,0,0,0,0,0,53000,0,0,0,184000,131000,53000,53000
08209P,上銀元富9B售06  ,0,0,0,0,0,0,0,0,0,53000,0,0,0,133000,80000,53000,53000
066118,台郡兆豐01購01  ,0,0,0,0,0,0,0,0,0,53000,0,0,0,73000,20000,53000,53000
066189,和潤凱基01購01  ,0,0,0,0,0,0,0,0,0,53000,0,0,0,133000,80000,53000,53000
066540,景碩兆豐01購02  ,0,0,0,0,0,0,0,0,0,53000,0,0,0,223000,170000,53000,53000
067062,神隆元大01購02  ,0,0,0,0,0,0,0,0,0,53000,0,0,0,127000,74000,53000,53000
067069,友訊元大01購03  ,0,0,0,0,0,0,0,0,0,53000,0,0,0,224000,171000,53000,53000
062306,華通凱基9B購01  ,0,0,0,0,0,0,0,0,0,53000,0,0,0,77000,24000,53000,53000
062031,臻鼎群益9B購01  ,0,0,0,0,0,0,0,0,0,53000,0,0,0,53000,0,53000,53000
063082,瑞昱凱基9B購04  ,0,0,0,0,0,0,0,0,0,53000,0,0,0,73000,20000,53000,53000
057531,禾伸堂元大99購04,0,0,0,0,0,0,0,0,0,53000,0,0,0,68000,15000,53000,53000
058116,正崴中信99購02  ,0,0,0,0,0,0,0,0,0,53000,0,0,0,73000,20000,53000,53000
057248,台積電統一98購08,0,0,0,0,0,0,0,0,0,53000,0,0,0,53000,0,53000,53000
054807,台化元大9A購02  ,0,0,0,0,0,0,0,0,0,53000,0,0,0,53000,0,53000,53000
062775,大成鋼元大9B購02,0,0,0,0,0,0,0,0,0,53000,0,0,0,53000,0,53000,53000
060847,康控國票9A購01  ,0,0,0,0,0,0,0,0,0,53000,0,0,0,53000,0,53000,53000
060454,葡萄王元大9A購01,0,0,0,0,0,0,0,0,0,53000,0,0,0,53000,0,53000,53000
063399,智原群益9B購01  ,0,0,0,0,0,0,0,0,0,53000,0,0,0,142000,89000,53000,53000
063139,聯發科統一9B購07,0,0,0,0,0,0,0,0,0,53000,0,0,0,241000,188000,53000,53000
063207,聯茂統一01購01  ,0,0,0,0,0,0,0,0,0,53000,0,0,0,58000,5000,53000,53000
061014,台積電麥證9A購04,0,0,0,53000,0,53000,0,0,0,53000,0,0,0,53000,0,53000,53000
061753,南亞科台新9B購01,0,0,0,0,0,0,0,0,0,53000,0,0,0,55000,2000,53000,53000
065158,和碩群益9C購01  ,0,0,0,0,0,0,0,0,0,53000,0,0,0,64000,11000,53000,53000
065396,微星群益01購01  ,0,0,0,0,0,0,0,0,0,53000,0,0,0,53000,0,53000,53000
065550,聯發科凱基01購07,0,0,0,0,0,0,0,0,0,53000,0,0,0,209000,156000,53000,53000
064250,亞光元富9C購01  ,0,0,0,0,0,0,0,0,0,53000,0,0,0,930000,877000,53000,53000
064504,玉晶光元大01購02,0,0,0,0,0,0,0,0,0,53000,0,0,0,75000,22000,53000,53000
08307P,台積電凱基9C售03,0,0,0,0,0,0,0,0,0,53000,0,0,0,68000,15000,53000,53000
08890P,為升元大01售04  ,0,0,0,0,0,0,0,0,0,53000,0,0,0,57000,4000,53000,53000
1808,潤隆            ,146000,90000,56000,0,0,0,0,0,0,-3000,0,3000,-3000,0,0,0,53000
2471,資通            ,60000,7000,53000,0,0,0,0,0,0,0,0,0,0,0,0,0,53000
067212,聯發科元大02購02,0,0,0,0,0,0,0,0,0,52000,0,0,0,299000,247000,52000,52000
067251,長興國票01購01  ,0,0,0,0,0,0,0,0,0,52000,0,0,0,114000,62000,52000,52000
066675,滬深2X兆豐03購01,0,0,0,0,0,0,0,0,0,52000,0,0,0,52000,0,52000,52000
08056P,華通群益9B售06  ,0,0,0,0,0,0,0,0,0,52000,0,0,0,52000,0,52000,52000
052313,聯電元大98購01  ,0,0,0,0,0,0,0,0,0,52000,0,0,0,65000,13000,52000,52000
056677,智伸科元富98購01,0,0,0,0,0,0,0,0,0,52000,0,0,0,52000,0,52000,52000
054072,台積電富邦98購02,0,0,0,0,0,0,0,0,0,52000,0,0,0,132000,80000,52000,52000
062227,南六統一01購02  ,0,0,0,0,0,0,0,0,0,52000,0,0,0,92000,40000,52000,52000
058438,大立光統一9B購01,0,0,0,0,0,0,0,0,0,52000,0,0,0,52000,0,52000,52000
061771,玉晶光元大9C購04,0,0,0,0,0,0,0,0,0,52000,0,0,0,52000,0,52000,52000
059499,滬深2X元富9C購07,0,0,0,0,0,0,0,0,0,52000,0,0,0,52000,0,52000,52000
063465,友達元大9C購10  ,0,0,0,0,0,0,0,0,0,52000,0,0,0,130000,78000,52000,52000
064191,聯發科中信03購01,0,0,0,0,0,0,0,0,0,52000,0,0,0,58000,6000,52000,52000
064447,喬山統一02購01  ,0,0,0,0,0,0,0,0,0,52000,0,0,0,52000,0,52000,52000
064358,台達電統一01購02,0,0,0,0,0,0,0,0,0,52000,0,0,0,129000,77000,52000,52000
063944,建準元大9C購01  ,0,0,0,0,0,0,0,0,0,52000,0,0,0,406000,354000,52000,52000
064010,GIS凱基02購01   ,0,0,0,0,0,0,0,0,0,52000,0,0,0,363000,311000,52000,52000
065919,禾伸堂凱基02購01,0,0,0,0,0,0,0,0,0,52000,0,0,0,68000,16000,52000,52000
064947,台積電凱基01購08,0,0,0,0,0,0,0,0,0,52000,0,0,0,52000,0,52000,52000
1592,英瑞-KY         ,88000,36000,52000,0,0,0,0,0,0,0,0,0,0,0,0,0,52000
08730P,緯穎永豐01售02  ,0,0,0,0,0,0,0,0,0,52000,0,0,0,52000,0,52000,52000
1315,達新            ,105000,51000,54000,0,0,0,0,0,0,-2000,0,13000,-13000,11000,0,11000,52000
08561P,台表科國票01售02,0,0,0,0,0,0,0,0,0,52000,0,0,0,53000,1000,52000,52000
4989,榮科            ,56000,4000,52000,0,0,0,0,0,0,0,0,0,0,0,0,0,52000
067389,聯發科元富07購04,0,0,0,0,0,0,0,0,0,51000,0,0,0,170000,119000,51000,51000
06853P,華擎元富98售03  ,0,0,0,0,0,0,0,0,0,51000,0,0,0,51000,0,51000,51000
067103,聯發科群益01購04,0,0,0,0,0,0,0,0,0,51000,0,0,0,95000,44000,51000,51000
067003,聯發科永豐01購02,0,0,0,0,0,0,0,0,0,51000,0,0,0,530000,479000,51000,51000
066457,可成統一02購01  ,0,0,0,0,0,0,0,0,0,51000,0,0,0,51000,0,51000,51000
066313,泰豐永豐01購01  ,0,0,0,0,0,0,0,0,0,51000,0,0,0,58000,7000,51000,51000
061991,牧德元大9C購01  ,0,0,0,0,0,0,0,0,0,51000,0,0,0,68000,17000,51000,51000
057270,遠東新元大98購01,0,0,0,0,0,0,0,0,0,51000,0,0,0,51000,0,51000,51000
020015,統一MSCI美低波N ,0,0,0,0,0,0,0,0,0,51000,0,0,0,51000,0,51000,51000
00646,元大S&P500      ,0,0,0,0,0,0,0,0,0,51000,0,0,0,308000,257000,51000,51000
006207,FH滬深          ,27000,2000,25000,0,0,0,0,0,0,26000,0,0,0,819000,793000,26000,51000
059242,南亞科凱基99購06,0,0,0,0,0,0,0,0,0,51000,0,0,0,143000,92000,51000,51000
063418,京元電凱基9B購03,0,0,0,0,0,0,0,0,0,51000,0,0,0,56000,5000,51000,51000
063003,滬深2X元大9B購06,0,0,0,0,0,0,0,0,0,51000,0,0,0,51000,0,51000,51000
064836,群創統一9C購04  ,0,0,0,0,0,0,0,0,0,51000,0,0,0,93000,42000,51000,51000
065314,矽創國票01購02  ,0,0,0,0,0,0,0,0,0,51000,0,0,0,97000,46000,51000,51000
065139,華通凱基03購01  ,0,0,0,0,0,0,0,0,0,51000,0,0,0,162000,111000,51000,51000
065533,台光電統一02購03,0,0,0,0,0,0,0,0,0,51000,0,0,0,267000,216000,51000,51000
065648,華擎元大01購02  ,0,0,0,0,0,0,0,0,0,51000,0,0,0,57000,6000,51000,51000
064095,鴻海群益01購02  ,0,0,0,0,0,0,0,0,0,51000,0,0,0,98000,47000,51000,51000
063556,儒鴻元大9B購02  ,0,0,0,0,0,0,0,0,0,51000,0,0,0,98000,47000,51000,51000
064349,泰鼎元大9C購02  ,0,0,0,0,0,0,0,0,0,51000,0,0,0,173000,122000,51000,51000
064301,漢唐兆豐01購01  ,0,0,0,0,0,0,0,0,0,51000,0,0,0,516000,465000,51000,51000
08933P,上銀元大01售02  ,0,0,0,0,0,0,0,0,0,51000,0,0,0,56000,5000,51000,51000
066547,台積電元大01購14,0,0,0,0,0,0,0,0,0,50000,0,0,0,60000,10000,50000,50000
066524,創意統一02購03  ,0,0,0,0,0,0,0,0,0,50000,0,0,0,233000,183000,50000,50000
066589,英業達群益01購01,0,0,0,0,0,0,0,0,0,50000,0,0,0,50000,0,50000,50000
067094,上証2X群益02購01,0,0,0,0,0,0,0,0,0,50000,0,0,0,50000,0,50000,50000
066714,台灣50元大01購22,0,0,0,0,0,0,0,0,0,50000,0,0,0,50000,0,50000,50000
066744,和碩元大01購02  ,0,0,0,0,0,0,0,0,0,50000,0,0,0,55000,5000,50000,50000
067612,超眾凱基02購03  ,0,0,0,0,0,0,0,0,0,50000,0,0,0,50000,0,50000,50000
07986P,大成鋼統一9B售02,0,0,0,0,0,0,0,0,0,50000,0,0,0,60000,10000,50000,50000
07853P,國巨凱基9A售19  ,0,0,0,0,0,0,0,0,0,50000,0,0,0,50000,0,50000,50000
07954P,台表科元大9B售02,0,0,0,0,0,0,0,0,0,50000,0,0,0,50000,0,50000,50000
07950P,智邦元大9B售04  ,0,0,0,0,0,0,0,0,0,50000,0,0,0,50000,0,50000,50000
07958P,華擎群益9B售01  ,0,0,0,0,0,0,0,0,0,50000,0,0,0,50000,0,50000,50000
07025P,玉晶光凱基99售01,0,0,0,0,0,0,0,0,0,50000,0,0,0,50000,0,50000,50000
07360P,台積電元大99售46,0,0,0,0,0,0,0,0,0,50000,0,0,0,50000,0,50000,50000
07187P,臺股指台新99售10,0,0,0,0,0,0,0,0,0,50000,0,0,0,50000,0,50000,50000
056428,台達電凱基99購01,0,0,0,0,0,0,0,0,0,50000,0,0,0,50000,0,50000,50000
058900,旺宏元大99購11  ,0,0,0,0,0,0,0,0,0,50000,0,0,0,50000,0,50000,50000
058749,康控凱基99購03  ,0,0,0,0,0,0,0,0,0,50000,0,0,0,50000,0,50000,50000
055168,光罩統一98購01  ,0,0,0,0,0,0,0,0,0,50000,0,0,0,80000,30000,50000,50000
056366,玉晶光元大99購04,0,0,0,0,0,0,0,0,0,50000,0,0,0,89000,39000,50000,50000
053256,上銀富邦98購01  ,0,0,0,0,0,0,0,0,0,50000,0,0,0,50000,0,50000,50000
057092,健策元富98購01  ,0,0,0,0,0,0,0,0,0,50000,0,0,0,50000,0,50000,50000
03050X,元展47          ,0,0,0,0,0,0,0,0,0,50000,0,0,0,50000,0,50000,50000
057312,美律麥證98購01  ,0,0,0,60000,10000,50000,0,0,0,50000,0,0,0,60000,10000,50000,50000
057394,台積電中信9C購02,0,0,0,0,0,0,0,0,0,50000,0,0,0,128000,78000,50000,50000
057376,新日興元大98購04,0,0,0,0,0,0,0,0,0,50000,0,0,0,50000,0,50000,50000
057339,群創國票99購02  ,0,0,0,0,0,0,0,0,0,50000,0,0,0,50000,0,50000,50000
057455,景碩國泰99購01  ,0,0,0,0,0,0,0,0,0,50000,0,0,0,50000,0,50000,50000
058123,亞光國票9A購01  ,0,0,0,0,0,0,0,0,0,50000,0,0,0,50000,0,50000,50000
058145,聯茂元大99購03  ,0,0,0,0,0,0,0,0,0,50000,0,0,0,118000,68000,50000,50000
058238,奇鋐元大99購02  ,0,0,0,0,0,0,0,0,0,50000,0,0,0,50000,0,50000,50000
058648,聯陽永豐99購01  ,0,0,0,0,0,0,0,0,0,50000,0,0,0,50000,0,50000,50000
057214,瑞昱群益98購01  ,0,0,0,0,0,0,0,0,0,50000,0,0,0,50000,0,50000,50000
061988,大立光元大9B購04,0,0,0,0,0,0,0,0,0,50000,0,0,0,50000,0,50000,50000
057925,貿聯凱基99購01  ,0,0,0,0,0,0,0,0,0,50000,0,0,0,50000,0,50000,50000
063083,聯發科凱基01購02,0,0,0,0,0,0,0,0,0,50000,0,0,0,60000,10000,50000,50000
062292,旭富永豐9B購01  ,0,0,0,0,0,0,0,0,0,50000,0,0,0,50000,0,50000,50000
062365,台光電元大9B購03,0,0,0,0,0,0,0,0,0,50000,0,0,0,85000,35000,50000,50000
057716,神達統一98購01  ,0,0,0,0,0,0,0,0,0,50000,0,0,0,50000,0,50000,50000
058297,茂林凱基9A購02  ,0,0,0,0,0,0,0,0,0,50000,0,0,0,50000,0,50000,50000
057779,禾伸堂群益98購02,0,0,0,0,0,0,0,0,0,50000,0,0,0,50000,0,50000,50000
057765,康舒凱基98購01  ,0,0,0,0,0,0,0,0,0,50000,0,0,0,50000,0,50000,50000
063009,國巨元大9B購18  ,0,0,0,0,0,0,0,0,0,50000,0,0,0,100000,50000,50000,50000
060723,致新永豐9A購01  ,0,0,0,0,0,0,0,0,0,50000,0,0,0,50000,0,50000,50000
060931,GIS永豐9A購01   ,0,0,0,0,0,0,0,0,0,50000,0,0,0,80000,30000,50000,50000
060943,宏達電國票9B購02,0,0,0,0,0,0,0,0,0,50000,0,0,0,50000,0,50000,50000
061228,聯茂中信9A購01  ,0,0,0,0,0,0,0,0,0,50000,0,0,0,50000,0,50000,50000
061353,康控元大9A購01  ,0,0,0,0,0,0,0,0,0,50000,0,0,0,50000,0,50000,50000
061254,道瓊反凱基9A購02,0,0,0,0,0,0,0,0,0,50000,0,0,0,50000,0,50000,50000
062437,廣達元大9B購01  ,0,0,0,0,0,0,0,0,0,50000,0,0,0,84000,34000,50000,50000
062120,國巨台新9B購01  ,0,0,0,0,0,0,0,0,0,50000,0,0,0,50000,0,50000,50000
061638,國泰金元大9A購03,0,0,0,0,0,0,0,0,0,50000,0,0,0,50000,0,50000,50000
061645,超眾元大9A購06  ,0,0,0,0,0,0,0,0,0,50000,0,0,0,81000,31000,50000,50000
062908,晶豪科元大9B購03,0,0,0,0,0,0,0,0,0,50000,0,0,0,100000,50000,50000,50000
063261,康控富邦03購01  ,0,0,0,0,0,0,0,0,0,50000,0,0,0,50000,0,50000,50000
061877,貿聯元大9B購01  ,0,0,0,0,0,0,0,0,0,50000,0,0,0,50000,0,50000,50000
061901,柏文永豐9B購01  ,0,0,0,0,0,0,0,0,0,50000,0,0,0,50000,0,50000,50000
059882,臺股指凱基9C購06,0,0,0,0,0,0,0,0,0,50000,0,0,0,50000,0,50000,50000
061713,華邦電凱基9A購01,0,0,0,0,0,0,0,0,0,50000,0,0,0,60000,10000,50000,50000
061722,健策永豐9B購03  ,0,0,0,0,0,0,0,0,0,50000,0,0,0,52000,2000,50000,50000
061392,泰鼎群益9A購02  ,0,0,0,0,0,0,0,0,0,50000,0,0,0,50000,0,50000,50000
061413,台勝科群益9A購01,0,0,0,0,0,0,0,0,0,50000,0,0,0,50000,0,50000,50000
064281,大立光元大9C購12,0,0,0,0,0,0,0,0,0,50000,0,0,0,50000,0,50000,50000
064275,台光電元大9C購03,0,0,0,0,0,0,0,0,0,50000,0,0,0,313000,263000,50000,50000
064766,矽創凱基9C購01  ,0,0,0,0,0,0,0,0,0,50000,0,0,0,63000,13000,50000,50000
063662,上銀統一01購03  ,0,0,0,0,0,0,0,0,0,50000,0,0,0,50000,0,50000,50000
063736,大立光元大9B購08,0,0,0,0,0,0,0,0,0,50000,0,0,0,50000,0,50000,50000
063956,神達元大9C購01  ,0,0,0,0,0,0,0,0,0,50000,0,0,0,50000,0,50000,50000
065851,京鼎元大02購01  ,0,0,0,0,0,0,0,0,0,50000,0,0,0,165000,115000,50000,50000
065887,巨大元富9C購01  ,0,0,0,0,0,0,0,0,0,50000,0,0,0,51000,1000,50000,50000
064827,友達統一02購02  ,0,0,0,0,0,0,0,0,0,50000,0,0,0,50000,0,50000,50000
1220,台榮            ,51000,1000,50000,0,0,0,0,0,0,0,0,0,0,0,0,0,50000
08741P,國巨凱基01售05  ,0,0,0,0,0,0,0,0,0,50000,0,0,0,80000,30000,50000,50000
1608,華榮            ,61000,14000,47000,0,0,0,0,0,0,3000,3000,0,3000,0,0,0,50000
2903,遠百            ,186000,135000,51000,0,0,0,0,0,0,-1000,6000,7000,-1000,0,0,0,50000
08079P,宏達電國票9B售03,0,0,0,0,0,0,0,0,0,49000,0,0,0,49000,0,49000,49000
066616,創意康和01購01  ,0,40000,-40000,0,0,0,0,0,0,89000,0,0,0,221000,132000,89000,49000
057189,康控元大98購02  ,0,0,0,0,0,0,0,0,0,49000,0,0,0,49000,0,49000,49000
056264,聯發科統一98購02,0,0,0,0,0,0,0,0,0,49000,0,0,0,55000,6000,49000,49000
056810,群創統一9A購01  ,0,0,0,0,0,0,0,0,0,49000,0,0,0,102000,53000,49000,49000
062859,玉晶光國票01購02,0,0,0,0,0,0,0,0,0,49000,0,0,0,54000,5000,49000,49000
061479,泰碩元大9A購02  ,0,0,0,0,0,0,0,0,0,49000,0,0,0,49000,0,49000,49000
062441,華新科元大9C購01,0,0,0,0,0,0,0,0,0,49000,0,0,0,249000,200000,49000,49000
060886,國巨統一01購03  ,0,0,0,0,0,0,0,0,0,49000,0,0,0,53000,4000,49000,49000
06025P,臺股指元大99售02,0,0,0,0,0,0,0,0,0,49000,0,0,0,119000,70000,49000,49000
064896,華新科群益01購02,0,0,0,0,0,0,0,0,0,49000,0,0,0,206000,157000,49000,49000
064993,嘉澤兆豐9C購01  ,0,0,0,0,0,0,0,0,0,49000,0,0,0,85000,36000,49000,49000
065143,聯發科凱基9C購07,0,0,0,0,0,0,0,0,0,49000,0,0,0,59000,10000,49000,49000
064802,台積電元大01購04,0,0,0,0,0,0,0,0,0,49000,0,0,0,49000,0,49000,49000
064708,帆宣永豐9C購01  ,0,0,0,0,0,0,0,0,0,49000,0,0,0,127000,78000,49000,49000
064276,聯發科元大9C購07,0,0,0,0,0,0,0,0,0,49000,0,0,0,66000,17000,49000,49000
064355,南六元大01購01  ,0,0,0,0,0,0,0,0,0,49000,0,0,0,217000,168000,49000,49000
2328,廣宇            ,249000,205000,44000,0,0,0,0,0,0,5000,7000,2000,5000,0,0,0,49000
08816P,台積電富邦04售03,0,0,0,0,0,0,0,0,0,49000,0,0,0,50000,1000,49000,49000
06653P,美食元大98售02  ,0,0,0,0,0,0,0,0,0,48000,0,0,0,48000,0,48000,48000
066494,旺宏國泰03購01  ,0,0,0,0,0,0,0,0,0,48000,0,0,0,108000,60000,48000,48000
066386,宏全康和01購01  ,0,0,0,0,0,0,0,0,0,48000,0,0,0,48000,0,48000,48000
066421,國產元大01購01  ,0,0,0,0,0,0,0,0,0,48000,0,0,0,51000,3000,48000,48000
066289,晶碩元大02購01  ,0,0,0,0,0,0,0,0,0,48000,0,0,0,50000,2000,48000,48000
066763,創意永豐01購02  ,0,0,0,0,0,0,0,0,0,48000,0,0,0,60000,12000,48000,48000
08205P,智邦凱基9B售03  ,0,0,0,0,0,0,0,0,0,48000,0,0,0,78000,30000,48000,48000
08258P,旺宏元大9C售04  ,0,0,0,0,0,0,0,0,0,48000,0,0,0,90000,42000,48000,48000
06950P,鴻海統一9B售02  ,0,0,0,0,0,0,0,0,0,48000,0,0,0,48000,0,48000,48000
056276,同欣電國泰98購01,0,0,0,0,0,0,0,0,0,48000,0,0,0,150000,102000,48000,48000
055891,鴻海統一9A購01  ,0,0,0,0,0,0,0,0,0,48000,0,0,0,103000,55000,48000,48000
058788,喬山元大99購01  ,0,0,0,0,0,0,0,0,0,48000,0,0,0,48000,0,48000,48000
020012,富邦行動通訊N   ,0,0,0,0,0,0,0,0,0,48000,0,0,0,75000,27000,48000,48000
058672,可成群益9B購02  ,0,0,0,0,0,0,0,0,0,48000,0,0,0,108000,60000,48000,48000
057556,智易凱基99購01  ,0,0,0,0,0,0,0,0,0,48000,0,0,0,60000,12000,48000,48000
058062,上銀中信98購01  ,0,0,0,0,0,0,0,0,0,48000,0,0,0,48000,0,48000,48000
062280,大立光群益9C購01,0,0,0,0,0,0,0,0,0,48000,0,0,0,57000,9000,48000,48000
060370,滬深2X元富04購01,0,0,0,0,0,0,0,0,0,48000,0,0,0,75000,27000,48000,48000
062751,華擎中信9C購01  ,0,0,0,0,0,0,0,0,0,48000,0,0,0,60000,12000,48000,48000
061050,康友中信9A購01  ,0,0,0,0,0,0,0,0,0,48000,0,0,0,48000,0,48000,48000
061716,瑞儀凱基9B購01  ,0,0,0,0,0,0,0,0,0,48000,0,0,0,48000,0,48000,48000
059826,欣興凱基99購06  ,0,0,0,0,0,0,0,0,0,48000,0,0,0,48000,0,48000,48000
059642,健策凱基99購04  ,0,0,0,0,0,0,0,0,0,48000,0,0,0,48000,0,48000,48000
064639,聚陽凱基02購01  ,0,0,0,0,0,0,0,0,0,48000,0,0,0,63000,15000,48000,48000
063582,瑞祺國泰9C購01  ,0,0,0,0,0,0,0,0,0,48000,0,0,0,72000,24000,48000,48000
065464,健鼎中信9C購01  ,0,0,0,0,0,0,0,0,0,48000,0,0,0,121000,73000,48000,48000
08766P,臺股指中信03售03,0,0,0,0,0,0,0,0,0,48000,0,0,0,52000,4000,48000,48000
1439,中和            ,77000,29000,48000,0,0,0,0,0,0,0,0,0,0,0,0,0,48000
08359P,緯創元大9C售02  ,0,0,0,0,0,0,0,0,0,48000,0,0,0,68000,20000,48000,48000
07202P,台灣50凱基9C售04,0,0,0,0,0,0,0,0,0,47000,0,0,0,50000,3000,47000,47000
067032,致新元富01購01  ,0,0,0,0,0,0,0,0,0,47000,0,0,0,225000,178000,47000,47000
066241,瑞祺富邦03購01  ,0,0,0,0,0,0,0,0,0,47000,0,0,0,47000,0,47000,47000
066223,拓凱國泰03購01  ,0,0,0,0,0,0,0,0,0,47000,0,0,0,80000,33000,47000,47000
062030,旭富群益9B購01  ,0,0,0,0,0,0,0,0,0,47000,0,0,0,47000,0,47000,47000
057837,康控國泰99購02  ,0,0,0,0,0,0,0,0,0,47000,0,0,0,47000,0,47000,47000
058537,彩晶統一9B購01  ,0,0,0,0,0,0,0,0,0,47000,0,0,0,1506000,1459000,47000,47000
056408,奇鋐國票99購01  ,0,0,0,0,0,0,0,0,0,47000,0,0,0,194000,147000,47000,47000
059856,昇陽半永豐99購03,0,0,0,0,0,0,0,0,0,47000,0,0,0,193000,146000,47000,47000
059732,超眾元大9A購01  ,0,0,0,0,0,0,0,0,0,47000,0,0,0,47000,0,47000,47000
061550,聯鈞群益9A購03  ,0,0,0,0,0,0,0,0,0,47000,0,0,0,57000,10000,47000,47000
062648,聯茂富邦9B購01  ,0,0,0,0,0,0,0,0,0,47000,0,0,0,50000,3000,47000,47000
062954,世芯永豐9B購03  ,0,0,0,0,0,0,0,0,0,47000,0,0,0,47000,0,47000,47000
065568,台積電群益01購04,0,0,0,0,0,0,0,0,0,47000,0,0,0,62000,15000,47000,47000
063564,台積電元大9B購07,0,0,0,0,0,0,0,0,0,47000,0,0,0,47000,0,47000,47000
063777,儒鴻永豐9B購02  ,0,0,0,0,0,0,0,0,0,47000,0,0,0,47000,0,47000,47000
08553P,嘉澤群益9C售01  ,0,0,0,0,0,0,0,0,0,47000,0,0,0,47000,0,47000,47000
2812,台中銀          ,1588000,1498710,89290,0,0,0,0,20000,-20000,-23000,0,23000,-23000,0,0,0,46290
066154,聯強康和01購01  ,0,0,0,0,0,0,0,0,0,46000,0,0,0,112000,66000,46000,46000
066405,晶碩凱基01購01  ,0,0,0,0,0,0,0,0,0,46000,0,0,0,46000,0,46000,46000
066503,台積電富邦05購02,0,1000,-1000,0,0,0,0,0,0,47000,0,0,0,60000,13000,47000,46000
066741,華擎元大01購03  ,0,0,0,0,0,0,0,0,0,46000,0,0,0,51000,5000,46000,46000
07815P,美律群益9A售04  ,0,0,0,0,0,0,0,0,0,46000,0,0,0,86000,40000,46000,46000
07837P,華邦電元大9A售01,0,0,0,0,0,0,0,0,0,46000,0,0,0,50000,4000,46000,46000
055688,力成凱基98購02  ,0,0,0,0,0,0,0,0,0,46000,0,0,0,46000,0,46000,46000
050754,元金2X元富9B購01,0,0,0,0,0,0,0,0,0,46000,0,0,0,46000,0,46000,46000
058504,台積電元大99購07,0,0,0,0,0,0,0,0,0,46000,0,0,0,50000,4000,46000,46000
062246,力山元大9B購02  ,0,0,0,0,0,0,0,0,0,46000,0,0,0,56000,10000,46000,46000
060233,宏碁元大9A購01  ,0,0,0,0,0,0,0,0,0,46000,0,0,0,46000,0,46000,46000
060945,緯穎國票9A購02  ,0,0,0,0,0,0,0,0,0,46000,0,0,0,138000,92000,46000,46000
062488,台光電永豐9B購02,0,0,0,0,0,0,0,0,0,46000,0,0,0,46000,0,46000,46000
060063,可成兆豐9B購01  ,0,0,0,0,0,0,0,0,0,46000,0,0,0,60000,14000,46000,46000
060346,華新科統一01購01,0,0,0,0,0,0,0,0,0,46000,0,0,0,275000,229000,46000,46000
060510,大立光元大9A購03,0,0,0,0,0,0,0,0,0,46000,0,0,0,46000,0,46000,46000
063187,全新凱基9B購02  ,0,0,0,0,0,0,0,0,0,46000,0,0,0,52000,6000,46000,46000
063250,同欣電元大9B購03,0,0,0,0,0,0,0,0,0,46000,0,0,0,130000,84000,46000,46000
063703,晶豪科群益9B購02,0,0,0,0,0,0,0,0,0,46000,0,0,0,162000,116000,46000,46000
063725,聯電元大9C購03  ,0,0,0,0,0,0,0,0,0,46000,0,0,0,46000,0,46000,46000
063693,智易永豐9B購02  ,0,0,0,0,0,0,0,0,0,46000,0,0,0,110000,64000,46000,46000
063637,聯發科元大9C購02,0,0,0,0,0,0,0,0,0,46000,0,0,0,62000,16000,46000,46000
064058,儒鴻麥證01購01  ,0,0,0,56000,5000,51000,0,0,0,46000,0,0,0,61000,15000,46000,46000
064154,大立光統一01購04,0,0,0,0,0,0,0,0,0,46000,0,0,0,74000,28000,46000,46000
064616,智邦元大9C購04  ,0,0,0,0,0,0,0,0,0,46000,0,0,0,74000,28000,46000,46000
064417,創意中信9C購01  ,0,0,0,0,0,0,0,0,0,46000,0,0,0,59000,13000,46000,46000
065789,泰碩永豐9C購02  ,0,0,0,0,0,0,0,0,0,46000,0,0,0,52000,6000,46000,46000
3679,新至陞          ,52000,6000,46000,0,0,0,0,0,0,0,0,0,0,0,0,0,46000
08606P,聯發科國票9C售05,0,0,0,0,0,0,0,0,0,46000,0,0,0,182000,136000,46000,46000
1417,嘉裕            ,165000,119000,46000,0,0,0,0,0,0,0,0,0,0,0,0,0,46000
4133,亞諾法          ,1000,5463,-4463,0,0,0,0,0,0,50000,0,0,0,50000,0,50000,45537
08136P,祥碩國泰01售01  ,0,0,0,0,0,0,0,0,0,45000,0,0,0,67000,22000,45000,45000
07055P,景碩群益9A售02  ,0,0,0,0,0,0,0,0,0,45000,0,0,0,45000,0,45000,45000
067371,聯發科統一02購08,0,0,0,0,0,0,0,0,0,45000,0,0,0,147000,102000,45000,45000
066815,華擎兆豐03購01  ,0,0,0,0,0,0,0,0,0,45000,0,0,0,75000,30000,45000,45000
062315,健策凱基9C購01  ,0,0,0,0,0,0,0,0,0,45000,0,0,0,54000,9000,45000,45000
058068,旺宏凱基98購11  ,0,0,0,0,0,0,0,0,0,45000,0,0,0,45000,0,45000,45000
056746,超眾凱基99購01  ,0,0,0,0,0,0,0,0,0,45000,0,0,0,55000,10000,45000,45000
053761,健策國泰98購01  ,0,0,0,0,0,0,0,0,0,45000,0,0,0,45000,0,45000,45000
053528,南電中信9A購01  ,0,0,0,0,0,0,0,0,0,45000,0,0,0,45000,0,45000,45000
055661,亞德客中信98購01,0,0,0,0,0,0,0,0,0,45000,0,0,0,45000,0,45000,45000
058955,台積電國票9A購04,0,0,0,0,0,0,0,0,0,45000,0,0,0,150000,105000,45000,45000
055874,中環元富9A購01  ,0,0,0,0,0,0,0,0,0,45000,0,0,0,55000,10000,45000,45000
056169,鴻海元富97購08  ,0,0,0,0,0,0,0,0,0,45000,0,0,0,45000,0,45000,45000
056939,康控元富98購01  ,0,0,0,0,0,0,0,0,0,45000,0,0,0,46000,1000,45000,45000
063302,國巨凱基9C購05  ,0,0,0,0,0,0,0,0,0,45000,0,0,0,94000,49000,45000,45000
059781,A50正2元大9C購03,0,0,0,0,0,0,0,0,0,45000,0,0,0,45000,0,45000,45000
061593,智原永豐9A購01  ,0,0,0,0,0,0,0,0,0,45000,0,0,0,194000,149000,45000,45000
061416,聯茂群益9A購01  ,0,0,0,0,0,0,0,0,0,45000,0,0,0,97000,52000,45000,45000
062760,漢唐凱基9B購01  ,0,0,0,0,0,0,0,0,0,45000,0,0,0,92000,47000,45000,45000
060376,瑞祺元富9A購01  ,0,0,0,0,0,0,0,0,0,45000,0,0,0,50000,5000,45000,45000
060253,昇陽半元大9C購01,0,0,0,0,0,0,0,0,0,45000,0,0,0,65000,20000,45000,45000
065462,聯發科中信03購02,0,0,0,0,0,0,0,0,0,45000,0,0,0,45000,0,45000,45000
064849,大立光元富9C購06,0,0,0,0,0,0,0,0,0,45000,0,0,0,52000,7000,45000,45000
064443,同欣電凱基03購01,0,0,0,0,0,0,0,0,0,45000,0,0,0,155000,110000,45000,45000
064472,國巨麥證9C購03  ,0,0,0,100000,55000,45000,0,0,0,45000,0,0,0,100000,55000,45000,45000
064197,智伸科群益9C購01,0,0,0,0,0,0,0,0,0,45000,0,0,0,45000,0,45000,45000
063820,華邦電麥證01購01,0,0,0,45000,0,45000,0,0,0,45000,0,0,0,45000,0,45000,45000
1529,樂士            ,58000,12000,46000,0,0,0,0,0,0,-1000,0,1000,-1000,0,0,0,45000
067225,巨大元大01購03  ,0,0,0,0,0,0,0,0,0,44000,0,0,0,44000,0,44000,44000
067154,華擎統一03購03  ,0,0,0,0,0,0,0,0,0,44000,0,0,0,45000,1000,44000,44000
066564,智伸科元大01購01,0,0,0,0,0,0,0,0,0,44000,0,0,0,100000,56000,44000,44000
066473,大成鋼麥證01購01,0,0,0,44000,0,44000,0,0,0,44000,0,0,0,44000,0,44000,44000
066186,台郡凱基02購01  ,0,0,0,0,0,0,0,0,0,44000,0,0,0,44000,0,44000,44000
067265,巨大國票02購01  ,0,0,0,0,0,0,0,0,0,44000,0,0,0,44000,0,44000,44000
056903,大立光元大99購04,0,0,0,0,0,0,0,0,0,44000,0,0,0,120000,76000,44000,44000
056719,台虹永豐98購01  ,0,0,0,0,0,0,0,0,0,44000,0,0,0,49000,5000,44000,44000
058239,景碩元大99購03  ,0,0,0,0,0,0,0,0,0,44000,0,0,0,56000,12000,44000,44000
058524,超眾元大99購04  ,0,0,0,0,0,0,0,0,0,44000,0,0,0,44000,0,44000,44000
059363,超眾永豐99購02  ,0,0,0,0,0,0,0,0,0,44000,0,0,0,44000,0,44000,44000
062282,禾伸堂群益9B購01,0,0,0,0,0,0,0,0,0,44000,0,0,0,44000,0,44000,44000
062351,瑞祺群益9C購01  ,0,0,0,0,0,0,0,0,0,44000,0,0,0,46000,2000,44000,44000
062813,台積電兆豐9B購01,0,0,0,0,0,0,0,0,0,44000,0,0,0,114000,70000,44000,44000
061610,力成統一9C購01  ,0,0,0,0,0,0,0,0,0,44000,0,0,0,175000,131000,44000,44000
062096,神隆永豐9B購01  ,0,0,0,0,0,0,0,0,0,44000,0,0,0,59000,15000,44000,44000
059797,大立光國票99購01,0,0,0,0,0,0,0,0,0,44000,0,0,0,44000,0,44000,44000
063111,TPK兆豐9B購01   ,0,0,0,0,0,0,0,0,0,44000,0,0,0,339000,295000,44000,44000
064356,矽創元大01購01  ,0,0,0,0,0,0,0,0,0,44000,0,0,0,199000,155000,44000,44000
064524,GIS群益02購01   ,0,0,0,0,0,0,0,0,0,44000,0,0,0,671000,627000,44000,44000
064543,華通凱基02購02  ,0,0,0,0,0,0,0,0,0,44000,0,0,0,56000,12000,44000,44000
064808,國產元大9C購02  ,0,0,0,0,0,0,0,0,0,44000,0,0,0,67000,23000,44000,44000
065091,亞光元大9C購01  ,0,0,0,0,0,0,0,0,0,44000,0,0,0,340000,296000,44000,44000
065879,瑞祺群益9C購02  ,0,0,0,0,0,0,0,0,0,44000,0,0,0,50000,6000,44000,44000
3312,弘憶股          ,67000,23000,44000,0,0,0,0,0,0,0,0,0,0,0,0,0,44000
067461,晶碩永豐01購02  ,0,0,0,0,0,0,0,0,0,43000,0,0,0,43000,0,43000,43000
07792P,牧德元大9A售04  ,0,0,0,0,0,0,0,0,0,43000,0,0,0,63000,20000,43000,43000
07693P,群創元大9B售10  ,0,0,0,0,0,0,0,0,0,43000,0,0,0,43000,0,43000,43000
066185,松翰凱基01購01  ,0,0,0,0,0,0,0,0,0,43000,0,0,0,88000,45000,43000,43000
066138,健策群益01購05  ,0,0,0,0,0,0,0,0,0,43000,0,0,0,113000,70000,43000,43000
06615P,鴻海元大9C售02  ,0,0,0,0,0,0,0,0,0,43000,0,0,0,43000,0,43000,43000
067146,台達電統一02購01,0,0,0,0,0,0,0,0,0,43000,0,0,0,521000,478000,43000,43000
056767,大毅元大99購01  ,0,0,0,0,0,0,0,0,0,43000,0,0,0,276000,233000,43000,43000
052130,國巨凱基9B購01  ,0,0,0,0,0,0,0,0,0,43000,0,0,0,43000,0,43000,43000
056146,台虹元大98購01  ,0,0,0,0,0,0,0,0,0,43000,0,0,0,175000,132000,43000,43000
05889P,群創元大98售02  ,0,0,0,0,0,0,0,0,0,43000,0,0,0,43000,0,43000,43000
063392,聯電群益9B購02  ,0,0,0,0,0,0,0,0,0,43000,0,0,0,44000,1000,43000,43000
059807,大立光元富99購09,0,0,0,0,0,0,0,0,0,43000,0,0,0,88000,45000,43000,43000
059862,全新群益99購04  ,0,0,0,0,0,0,0,0,0,43000,0,0,0,79000,36000,43000,43000
059594,奇力新元大9B購01,0,0,0,0,0,0,0,0,0,43000,0,0,0,53000,10000,43000,43000
061545,華新科群益9A購09,0,0,0,0,0,0,0,0,0,43000,0,0,0,87000,44000,43000,43000
061770,泰碩元大9B購02  ,0,0,0,0,0,0,0,0,0,43000,0,0,0,43000,0,43000,43000
061457,TPK凱基9A購01   ,0,0,0,0,0,0,0,0,0,43000,0,0,0,64000,21000,43000,43000
062483,致新國票9B購01  ,0,0,0,0,0,0,0,0,0,43000,0,0,0,43000,0,43000,43000
060386,台勝科凱基9B購01,0,0,0,0,0,0,0,0,0,43000,0,0,0,43000,0,43000,43000
065990,華擎永豐01購01  ,0,0,0,0,0,0,0,0,0,43000,0,0,0,52000,9000,43000,43000
066020,東元群益01購01  ,0,0,0,0,0,0,0,0,0,43000,0,0,0,51000,8000,43000,43000
065708,中磊群益9C購01  ,0,0,0,0,0,0,0,0,0,43000,0,0,0,212000,169000,43000,43000
064858,鴻海富邦01購01  ,0,0,0,0,0,0,0,0,0,43000,0,0,0,78000,35000,43000,43000
064898,國產群益9C購01  ,0,0,0,0,0,0,0,0,0,43000,0,0,0,116000,73000,43000,43000
064927,瀚宇博統一02購01,0,0,0,0,0,0,0,0,0,43000,0,0,0,193000,150000,43000,43000
065149,遠東新群益9C購01,0,0,0,0,0,0,0,0,0,43000,0,0,0,75000,32000,43000,43000
065321,瑞昱凱基9C購01  ,0,0,0,0,0,0,0,0,0,43000,0,0,0,177000,134000,43000,43000
064500,國泰金元大9C購01,0,0,0,0,0,0,0,0,0,43000,0,0,0,156000,113000,43000,43000
064030,泰碩元大01購01  ,0,0,0,0,0,0,0,0,0,43000,0,0,0,97000,54000,43000,43000
064087,華新科凱基9C購03,0,0,0,0,0,0,0,0,0,43000,0,0,0,159000,116000,43000,43000
4104,佳醫            ,73000,27000,46000,0,0,0,0,0,0,-3000,0,3000,-3000,0,0,0,43000
2530,華建            ,50000,7000,43000,0,0,0,0,0,0,0,0,0,0,0,0,0,43000
1714,和桐            ,652000,609000,43000,0,0,0,0,0,0,0,0,0,0,0,0,0,43000
2030,彰源            ,103000,60000,43000,0,0,0,0,0,0,0,0,0,0,0,0,0,43000
2231,為升            ,80000,67000,13000,0,0,0,0,0,0,30000,36000,14000,22000,12000,4000,8000,43000
2467,志聖            ,100000,57000,43000,0,0,0,0,0,0,0,0,0,0,0,0,0,43000
1217,愛之味          ,198000,155000,43000,0,0,0,0,0,0,0,0,0,0,0,0,0,43000
066910,華擎凱基01購03  ,0,0,0,0,0,0,0,0,0,42000,0,0,0,160000,118000,42000,42000
06936P,瑞儀元大98售01  ,0,0,0,0,0,0,0,0,0,42000,0,0,0,42000,0,42000,42000
08187P,大毅群益9B售04  ,0,0,0,0,0,0,0,0,0,42000,0,0,0,42000,0,42000,42000
07894P,燿華元大9B售01  ,0,0,0,0,0,0,0,0,0,42000,0,0,0,100000,58000,42000,42000
055519,茂林中信99購01  ,0,0,0,0,0,0,0,0,0,42000,0,0,0,45000,3000,42000,42000
056347,GIS凱基9A購01   ,0,0,0,0,0,0,0,0,0,42000,0,0,0,159000,117000,42000,42000
057595,健鼎兆豐98購01  ,0,0,0,0,0,0,0,0,0,42000,0,0,0,52000,10000,42000,42000
060680,玉晶光元大9C購03,0,0,0,0,0,0,0,0,0,42000,0,0,0,43000,1000,42000,42000
061964,台積電統一01購05,0,0,0,0,0,0,0,0,0,42000,0,0,0,132000,90000,42000,42000
062700,台光電元大9B購05,0,0,0,0,0,0,0,0,0,42000,0,0,0,102000,60000,42000,42000
061408,華新科國票9A購06,0,0,0,0,0,0,0,0,0,42000,0,0,0,42000,0,42000,42000
059832,超眾康和99購01  ,0,0,0,0,0,0,0,0,0,42000,0,0,0,42000,0,42000,42000
063483,致新元大9B購03  ,0,0,0,0,0,0,0,0,0,42000,0,0,0,180000,138000,42000,42000
064435,聯發科凱基02購03,0,0,0,0,0,0,0,0,0,42000,0,0,0,42000,0,42000,42000
064255,泰碩國泰02購01  ,0,0,0,0,0,0,0,0,0,42000,0,0,0,284000,242000,42000,42000
065058,東元群益9C購01  ,0,0,0,0,0,0,0,0,0,42000,0,0,0,50000,8000,42000,42000
065782,健策富邦01購02  ,0,0,0,0,0,0,0,0,0,42000,0,0,0,340000,298000,42000,42000
08584P,立積群益9C售02  ,0,0,0,0,0,0,0,0,0,42000,0,0,0,92000,50000,42000,42000
4755,三福化          ,100000,58000,42000,0,0,0,0,0,0,0,0,0,0,0,0,0,42000
066816,泰鼎兆豐03購01  ,0,0,0,0,0,0,0,0,0,41000,0,0,0,226000,185000,41000,41000
066691,京元電台新01購01,0,0,0,0,0,0,0,0,0,41000,0,0,0,41000,0,41000,41000
067102,聯發科群益01購03,0,0,0,0,0,0,0,0,0,41000,0,0,0,80000,39000,41000,41000
066468,申豐統一02購01  ,0,0,0,0,0,0,0,0,0,41000,0,0,0,265000,224000,41000,41000
057613,瑞昱元富02購02  ,0,0,0,0,0,0,0,0,0,41000,0,0,0,48000,7000,41000,41000
058736,鈺齊永豐99購02  ,0,0,0,0,0,0,0,0,0,41000,0,0,0,214000,173000,41000,41000
058981,國巨凱基99購10  ,0,0,0,0,0,0,0,0,0,41000,0,0,0,91000,50000,41000,41000
020016,統一MSCI美科技N ,0,0,0,0,0,0,0,0,0,41000,0,0,0,47000,6000,41000,41000
063384,巨大永豐9B購04  ,0,0,0,0,0,0,0,0,0,41000,0,0,0,209000,168000,41000,41000
063269,儒鴻兆豐9C購01  ,0,0,0,0,0,0,0,0,0,41000,0,0,0,48000,7000,41000,41000
061882,矽創元大9B購01  ,0,0,0,0,0,0,0,0,0,41000,0,0,0,301000,260000,41000,41000
059867,華邦電凱基99購02,0,0,0,0,0,0,0,0,0,41000,0,0,0,42000,1000,41000,41000
060043,全新群益9B購02  ,0,0,0,0,0,0,0,0,0,41000,0,0,0,41000,0,41000,41000
061398,力成中信9A購01  ,0,0,0,0,0,0,0,0,0,41000,0,0,0,184000,143000,41000,41000
062176,元金2X元大9B購01,0,0,0,0,0,0,0,0,0,41000,0,0,0,51000,10000,41000,41000
061109,臻鼎元大9A購03  ,0,0,0,0,0,0,0,0,0,41000,0,0,0,41000,0,41000,41000
065751,台光電元大9C購06,0,0,0,0,0,0,0,0,0,41000,0,0,0,206000,165000,41000,41000
065841,國巨元大9C購20  ,0,0,0,0,0,0,0,0,0,41000,0,0,0,97000,56000,41000,41000
065389,聯茂兆豐9C購01  ,0,0,0,0,0,0,0,0,0,41000,0,0,0,51000,10000,41000,41000
065180,台表科元大9C購10,0,0,0,0,0,0,0,0,0,41000,0,0,0,41000,0,41000,41000
064764,聯茂凱基01購01  ,0,0,0,0,0,0,0,0,0,41000,0,0,0,46000,5000,41000,41000
064024,漢唐元大9C購01  ,0,0,0,0,0,0,0,0,0,41000,0,0,0,148000,107000,41000,41000
064002,仁寶凱基9C購01  ,0,0,0,0,0,0,0,0,0,41000,0,0,0,41000,0,41000,41000
063890,正隆群益9C購01  ,0,0,0,0,0,0,0,0,0,41000,0,0,0,41000,0,41000,41000
08338P,台灣50凱基9C售11,0,0,0,0,0,0,0,0,0,41000,0,0,0,41000,0,41000,41000
4576,大銀微系統      ,88000,47000,41000,0,0,0,0,0,0,0,0,0,0,0,0,0,41000
066385,巨大康和01購01  ,0,0,0,0,0,0,0,0,0,40000,0,0,0,40000,0,40000,40000
066126,南港群益01購01  ,0,0,0,0,0,0,0,0,0,40000,0,0,0,56000,16000,40000,40000
067054,台積電台新01購03,0,0,0,0,0,0,0,0,0,40000,0,0,0,40000,0,40000,40000
067179,健策康和01購01  ,0,0,0,0,0,0,0,0,0,40000,0,0,0,89000,49000,40000,40000
067216,健策元大01購09  ,0,0,0,0,0,0,0,0,0,40000,0,0,0,200000,160000,40000,40000
067184,聯發科凱基01購13,0,0,0,0,0,0,0,0,0,40000,0,0,0,100000,60000,40000,40000
07889P,旭富國票9B售01  ,0,0,0,0,0,0,0,0,0,40000,0,0,0,52000,12000,40000,40000
08062P,華擎國票9B售03  ,0,0,0,0,0,0,0,0,0,40000,0,0,0,40000,0,40000,40000
08193P,同欣電國票9C售02,0,0,0,0,0,0,0,0,0,40000,0,0,0,66000,26000,40000,40000
08111P,臺股指中信01售06,0,0,0,0,0,0,0,0,0,40000,0,0,0,55000,15000,40000,40000
08127P,聯發科元大9B售21,0,0,0,0,0,0,0,0,0,40000,0,0,0,40000,0,40000,40000
07170P,臺股指國票99售07,0,0,0,0,0,0,0,0,0,40000,0,0,0,40000,0,40000,40000
07621P,台積電統一9B售09,0,0,0,0,0,0,0,0,0,40000,0,0,0,40000,0,40000,40000
07794P,智邦國票9A售03  ,0,0,0,0,0,0,0,0,0,40000,0,0,0,50000,10000,40000,40000
067346,巨大凱基02購01  ,0,0,0,0,0,0,0,0,0,40000,0,0,0,50000,10000,40000,40000
067609,智易凱基01購01  ,0,0,0,0,0,0,0,0,0,40000,0,0,0,50000,10000,40000,40000
06900P,FBVIX國票12售01 ,0,0,0,0,0,0,0,0,0,40000,0,0,0,40000,0,40000,40000
01009T,王道圓滿R1      ,0,0,0,0,0,0,0,0,0,40000,40000,0,40000,0,0,0,40000
00666R,富邦恒生國企反1 ,0,0,0,0,0,0,0,0,0,40000,0,0,0,100000,60000,40000,40000
055532,中工群益98購01  ,0,0,0,0,0,0,0,0,0,40000,0,0,0,40000,0,40000,40000
056469,國巨元大99購01  ,0,0,0,0,0,0,0,0,0,40000,0,0,0,118000,78000,40000,40000
056145,緯穎元大98購03  ,0,0,0,0,0,0,0,0,0,40000,0,0,0,40000,0,40000,40000
055993,致茂國泰99購01  ,0,0,0,0,0,0,0,0,0,40000,0,0,0,40000,0,40000,40000
058040,FBVIX元大98購01 ,0,0,0,0,0,0,0,0,0,40000,0,0,0,40000,0,40000,40000
058247,聯茂元大99購04  ,0,0,0,0,0,0,0,0,0,40000,0,0,0,40000,0,40000,40000
057445,華通元富02購01  ,0,0,0,0,0,0,0,0,0,40000,0,0,0,77000,37000,40000,40000
057421,智原凱基98購04  ,0,0,0,0,0,0,0,0,0,40000,0,0,0,60000,20000,40000,40000
057535,泰鼎元大99購01  ,0,0,0,0,0,0,0,0,0,40000,0,0,0,40000,0,40000,40000
059020,元油2X統一9B購02,0,0,0,0,0,0,0,0,0,40000,0,0,0,40000,0,40000,40000
062309,燿華凱基9B購01  ,0,0,0,0,0,0,0,0,0,40000,0,0,0,202000,162000,40000,40000
062027,國泰金群益9B購01,0,0,0,0,0,0,0,0,0,40000,0,0,0,40000,0,40000,40000
062962,道瓊反元富9B購01,0,0,0,0,0,0,0,0,0,40000,0,0,0,40000,0,40000,40000
060930,超眾永豐9A購03  ,0,0,0,0,0,0,0,0,0,40000,0,0,0,40000,0,40000,40000
061357,寶成元大9A購01  ,0,0,0,0,0,0,0,0,0,40000,0,0,0,62000,22000,40000,40000
062214,金寶統一01購01  ,0,0,0,0,0,0,0,0,0,40000,0,0,0,40000,0,40000,40000
062814,台光電兆豐9B購01,0,0,0,0,0,0,0,0,0,40000,0,0,0,40000,0,40000,40000
062754,台勝科麥證9B購01,0,0,0,40000,0,40000,0,0,0,40000,0,0,0,40000,0,40000,40000
061930,臺股指凱基9B購05,0,0,0,0,0,0,0,0,0,40000,0,0,0,40000,0,40000,40000
062422,億光統一01購01  ,0,0,0,0,0,0,0,0,0,40000,0,0,0,40000,0,40000,40000
061678,玉晶光元大9B購04,0,0,0,0,0,0,0,0,0,40000,0,0,0,40000,0,40000,40000
060057,欣興凱基9B購01  ,0,0,0,0,0,0,0,0,0,40000,0,0,0,40000,0,40000,40000
059823,奇力新凱基99購07,0,0,0,0,0,0,0,0,0,40000,0,0,0,135000,95000,40000,40000
063169,台汽電永豐9B購01,0,0,0,0,0,0,0,0,0,40000,0,0,0,60000,20000,40000,40000
063397,廣達群益9B購02  ,0,0,0,0,0,0,0,0,0,40000,0,0,0,104000,64000,40000,40000
063121,友達元大9C購09  ,0,0,0,0,0,0,0,0,0,40000,0,0,0,90000,50000,40000,40000
064128,國產元大9C購01  ,0,0,0,0,0,0,0,0,0,40000,0,0,0,40000,0,40000,40000
064604,聯茂元富9C購01  ,0,0,0,0,0,0,0,0,0,40000,0,0,0,40000,0,40000,40000
064262,玉晶光永豐9C購03,0,0,0,0,0,0,0,0,0,40000,0,0,0,161000,121000,40000,40000
065167,華通元大02購01  ,0,0,0,0,0,0,0,0,0,40000,0,0,0,100000,60000,40000,40000
064824,台積電統一02購03,0,0,0,0,0,0,0,0,0,40000,0,0,0,40000,0,40000,40000
065676,臻鼎凱基9C購04  ,0,0,0,0,0,0,0,0,0,40000,0,0,0,70000,30000,40000,40000
08694P,大立光群益01售05,0,0,0,0,0,0,0,0,0,40000,0,0,0,40000,0,40000,40000
1307,三芳            ,54000,15000,39000,0,0,0,0,0,0,1000,1000,0,1000,0,0,0,40000
08850P,台光電群益01售03,0,0,0,0,0,0,0,0,0,40000,0,0,0,40000,0,40000,40000
06906P,國巨國泰99售01  ,0,0,0,0,0,0,0,0,0,39000,0,0,0,70000,31000,39000,39000
067325,巨大元大01購05  ,0,0,0,0,0,0,0,0,0,39000,0,0,0,47000,8000,39000,39000
08176P,國巨元大9B售20  ,0,0,0,0,0,0,0,0,0,39000,0,0,0,50000,11000,39000,39000
08060P,嘉澤元大9B售01  ,0,0,0,0,0,0,0,0,0,39000,0,0,0,39000,0,39000,39000
066770,上証2X富邦02購02,0,0,0,0,0,0,0,0,0,39000,0,0,0,40000,1000,39000,39000
066857,大立光國票02購02,0,0,0,0,0,0,0,0,0,39000,0,0,0,104000,65000,39000,39000
066106,台郡國票02購01  ,0,0,0,0,0,0,0,0,0,39000,0,0,0,39000,0,39000,39000
066417,台積電元大01購13,0,0,0,0,0,0,0,0,0,39000,0,0,0,39000,0,39000,39000
066418,京元電元大01購02,0,0,0,0,0,0,0,0,0,39000,0,0,0,45000,6000,39000,39000
057548,微星凱基99購01  ,0,0,0,0,0,0,0,0,0,39000,0,0,0,66000,27000,39000,39000
058216,TPK群益99購01   ,0,0,0,0,0,0,0,0,0,39000,0,0,0,80000,41000,39000,39000
055933,欣興群益98購02  ,0,0,0,0,0,0,0,0,0,39000,0,0,0,149000,110000,39000,39000
056407,嘉晶國票99購01  ,0,0,0,0,0,0,0,0,0,39000,0,0,0,43000,4000,39000,39000
059278,群創元大9A購04  ,0,0,0,0,0,0,0,0,0,39000,0,0,0,49000,10000,39000,39000
061415,健策群益9A購04  ,0,0,0,0,0,0,0,0,0,39000,0,0,0,76000,37000,39000,39000
061028,聚陽永豐9A購01  ,0,0,0,0,0,0,0,0,0,39000,0,0,0,44000,5000,39000,39000
061032,金像電永豐9A購03,0,0,0,0,0,0,0,0,0,39000,0,0,0,72000,33000,39000,39000
060848,聯茂國票9A購02  ,0,0,0,0,0,0,0,0,0,39000,0,0,0,39000,0,39000,39000
060851,國巨國泰9C購01  ,0,0,0,0,0,0,0,0,0,39000,0,0,0,53000,14000,39000,39000
065677,南亞科統一03購02,0,0,0,0,0,0,0,0,0,39000,0,0,0,88000,49000,39000,39000
065678,聯發科統一01購07,0,0,0,0,0,0,0,0,0,39000,0,0,0,364000,325000,39000,39000
065688,緯創元富9C購02  ,0,0,0,0,0,0,0,0,0,39000,0,0,0,112000,73000,39000,39000
065178,和碩元大9C購01  ,0,0,0,0,0,0,0,0,0,39000,0,0,0,100000,61000,39000,39000
065340,旺宏統一9C購04  ,0,0,0,0,0,0,0,0,0,39000,0,0,0,39000,0,39000,39000
064567,晶技群益01購01  ,0,0,0,0,0,0,0,0,0,39000,0,0,0,39000,0,39000,39000
064004,全新凱基01購01  ,0,0,0,0,0,0,0,0,0,39000,0,0,0,39000,0,39000,39000
063816,TPK群益9C購01   ,0,0,0,0,0,0,0,0,0,39000,0,0,0,64000,25000,39000,39000
063779,華邦電永豐9B購01,0,0,0,0,0,0,0,0,0,39000,0,0,0,60000,21000,39000,39000
08860P,鴻海統一01售06  ,0,0,0,0,0,0,0,0,0,39000,0,0,0,56000,17000,39000,39000
08533P,技嘉元富06售02  ,0,0,0,0,0,0,0,0,0,39000,0,0,0,39000,0,39000,39000
2020,美亞            ,59000,20000,39000,0,0,0,0,0,0,0,0,0,0,0,0,0,39000
9905,大華            ,40000,1000,39000,0,0,0,0,0,0,0,0,0,0,0,0,0,39000
066124,台化群益01購01  ,0,0,0,0,0,0,0,0,0,38000,0,0,0,38000,0,38000,38000
067119,泰鼎群益01購02  ,0,0,0,0,0,0,0,0,0,38000,0,0,0,38000,0,38000,38000
066991,訊芯群益01購01  ,0,0,0,0,0,0,0,0,0,38000,0,0,0,38000,0,38000,38000
08090P,嘉澤統一9B售01  ,0,0,0,0,0,0,0,0,0,38000,0,0,0,562000,524000,38000,38000
067318,康控元大01購03  ,0,0,0,0,0,0,0,0,0,38000,0,0,0,38000,0,38000,38000
067255,日月光國票02購01,0,0,0,0,0,0,0,0,0,38000,0,0,0,60000,22000,38000,38000
053358,晶技統一98購01  ,0,0,0,0,0,0,0,0,0,38000,0,0,0,50000,12000,38000,38000
059023,可成統一9B購02  ,0,0,0,0,0,0,0,0,0,38000,0,0,0,200000,162000,38000,38000
061442,玉晶光永豐9A購07,0,0,0,0,0,0,0,0,0,38000,0,0,0,38000,0,38000,38000
062917,旭富元大9C購03  ,0,0,0,0,0,0,0,0,0,38000,0,0,0,100000,62000,38000,38000
062460,京鼎群益9C購01  ,0,0,0,0,0,0,0,0,0,38000,0,0,0,61000,23000,38000,38000
063221,京元電群益9B購02,0,0,0,0,0,0,0,0,0,38000,0,0,0,38000,0,38000,38000
063194,華新科台新9B購01,0,0,0,0,0,0,0,0,0,38000,0,0,0,67000,29000,38000,38000
063729,國巨元大9C購08  ,0,0,0,0,0,0,0,0,0,38000,0,0,0,59000,21000,38000,38000
063532,GIS凱基9B購03   ,0,0,0,0,0,0,0,0,0,38000,0,0,0,436000,398000,38000,38000
064493,南亞科元大9C購01,0,0,0,0,0,0,0,0,0,38000,0,0,0,195000,157000,38000,38000
064402,宏碁凱基01購01  ,0,0,0,0,0,0,0,0,0,38000,0,0,0,116000,78000,38000,38000
065286,瑞昱群益9C購03  ,0,0,0,0,0,0,0,0,0,38000,0,0,0,58000,20000,38000,38000
065206,旺宏國票01購02  ,0,0,0,0,0,0,0,0,0,38000,0,0,0,43000,5000,38000,38000
064874,和大兆豐9C購01  ,0,0,0,0,0,0,0,0,0,38000,0,0,0,38000,0,38000,38000
065001,中橡國票9C購01  ,0,0,0,0,0,0,0,0,0,38000,0,0,0,38000,0,38000,38000
065627,貿聯兆豐9C購02  ,0,0,0,0,0,0,0,0,0,38000,0,0,0,38000,0,38000,38000
065809,同欣電群益9C購03,0,0,0,0,0,0,0,0,0,38000,0,0,0,99000,61000,38000,38000
9940,信義            ,25000,5000,20000,0,0,0,0,0,0,18000,22000,4000,18000,0,0,0,38000
3257,虹冠電          ,101000,63000,38000,0,0,0,0,0,0,0,0,0,0,0,0,0,38000
3004,豐達科          ,50000,21000,29000,0,0,0,0,0,0,9000,0,1000,-1000,10000,0,10000,38000
08825P,義隆元大01售04  ,0,0,0,0,0,0,0,0,0,38000,0,0,0,88000,50000,38000,38000
067589,拓凱群益02購01  ,0,0,0,0,0,0,0,0,0,37000,0,0,0,37000,0,37000,37000
066990,啟碁群益01購01  ,0,0,0,0,0,0,0,0,0,37000,0,0,0,38000,1000,37000,37000
066219,惠特元富01購01  ,0,0,0,0,0,0,0,0,0,37000,0,0,0,579000,542000,37000,37000
066480,國巨元富07購02  ,0,0,0,0,0,0,0,0,0,37000,0,0,0,89000,52000,37000,37000
057574,中磊永豐98購01  ,0,0,0,0,0,0,0,0,0,37000,0,0,0,37000,0,37000,37000
057231,美律凱基98購05  ,0,0,0,0,0,0,0,0,0,37000,0,0,0,47000,10000,37000,37000
062247,國巨元大9B購07  ,0,0,0,0,0,0,0,0,0,37000,0,0,0,62000,25000,37000,37000
058931,玉晶光統一9C購01,0,0,0,0,0,0,0,0,0,37000,0,0,0,48000,11000,37000,37000
063238,漢唐元大9B購02  ,0,0,0,0,0,0,0,0,0,37000,0,0,0,37000,0,37000,37000
059966,台積電凱基99購19,0,0,0,0,0,0,0,0,0,37000,0,0,0,37000,0,37000,37000
060960,金像電凱基9B購01,0,0,0,0,0,0,0,0,0,37000,0,0,0,58000,21000,37000,37000
060209,喬山康和9A購01  ,0,0,0,0,0,0,0,0,0,37000,0,0,0,51000,14000,37000,37000
065790,創意永豐9C購02  ,0,0,0,0,0,0,0,0,0,37000,0,0,0,64000,27000,37000,37000
064825,英業達統一9C購01,0,0,0,0,0,0,0,0,0,37000,0,0,0,37000,0,37000,37000
065145,貿聯凱基9C購02  ,0,0,0,0,0,0,0,0,0,37000,0,0,0,50000,13000,37000,37000
064366,群創統一01購01  ,0,0,0,0,0,0,0,0,0,37000,0,0,0,68000,31000,37000,37000
064307,聚陽群益9C購03  ,0,0,0,0,0,0,0,0,0,37000,0,0,0,42000,5000,37000,37000
064514,喬山群益9C購01  ,0,0,0,0,0,0,0,0,0,37000,0,0,0,38000,1000,37000,37000
063565,旺宏元大9B購08  ,0,0,0,0,0,0,0,0,0,37000,0,0,0,37000,0,37000,37000
063624,GIS兆豐9B購01   ,0,0,0,0,0,0,0,0,0,37000,0,0,0,306000,269000,37000,37000
063998,聯發科兆豐9C購02,0,0,0,0,0,0,0,0,0,37000,0,0,0,64000,27000,37000,37000
063913,貿聯凱基02購01  ,0,0,0,0,0,0,0,0,0,37000,0,0,0,70000,33000,37000,37000
08827P,緯穎元大01售05  ,0,0,0,0,0,0,0,0,0,37000,0,0,0,111000,74000,37000,37000
08313P,健策國票01售01  ,0,0,0,0,0,0,0,0,0,37000,0,0,0,91000,54000,37000,37000
3557,嘉威            ,85000,48000,37000,0,0,0,0,0,0,0,0,0,0,0,0,0,37000
066478,鴻海元富07購02  ,0,0,0,0,0,0,0,0,0,36000,0,0,0,261000,225000,36000,36000
066833,正文群益01購01  ,0,0,0,0,0,0,0,0,0,36000,0,0,0,46000,10000,36000,36000
056387,智伸科國泰99購01,0,0,0,0,0,0,0,0,0,36000,0,0,0,36000,0,36000,36000
054563,泰碩群益99購01  ,0,0,0,0,0,0,0,0,0,36000,0,0,0,116000,80000,36000,36000
054542,台表科國票98購01,0,0,0,0,0,0,0,0,0,36000,0,0,0,40000,4000,36000,36000
057948,嘉聯益國票99購02,0,0,0,0,0,0,0,0,0,36000,0,0,0,38000,2000,36000,36000
062672,兆豐金中信03購01,0,0,0,0,0,0,0,0,0,36000,0,0,0,36000,0,36000,36000
061971,力山元大9C購02  ,0,0,0,0,0,0,0,0,0,36000,0,0,0,336000,300000,36000,36000
061873,友達元大9C購07  ,0,0,0,0,0,0,0,0,0,36000,0,0,0,86000,50000,36000,36000
063853,同欣電元大9C購02,0,0,0,0,0,0,0,0,0,36000,0,0,0,107000,71000,36000,36000
063737,大立光元大9C購07,0,0,0,0,0,0,0,0,0,36000,0,0,0,60000,24000,36000,36000
063681,深中小永豐9B購01,0,0,0,0,0,0,0,0,0,36000,0,0,0,36000,0,36000,36000
064473,技嘉麥證9C購01  ,0,0,0,85000,71000,14000,0,0,0,36000,0,0,0,107000,71000,36000,36000
065509,上銀群益9C購04  ,0,0,0,0,0,0,0,0,0,36000,0,0,0,57000,21000,36000,36000
4552,力達-KY         ,51000,15000,36000,0,0,0,0,0,0,0,0,0,0,0,0,0,36000
3033,威健            ,36000,0,36000,0,0,0,0,0,0,0,0,0,0,0,0,0,36000
1587,吉茂            ,61000,25000,36000,0,0,0,0,0,0,0,0,0,0,0,0,0,36000
08514P,華新科凱基9C售05,0,0,0,0,0,0,0,0,0,36000,0,0,0,36000,0,36000,36000
067121,台虹群益01購01  ,0,0,0,0,0,0,0,0,0,35000,0,0,0,133000,98000,35000,35000
06724P,台灣50國票98售01,0,0,0,0,0,0,0,0,0,35000,0,0,0,50000,15000,35000,35000
066358,美利達永豐01購01,0,0,0,0,0,0,0,0,0,35000,0,0,0,53000,18000,35000,35000
066211,瑞祺統一04購01  ,0,0,0,0,0,0,0,0,0,35000,0,0,0,35000,0,35000,35000
067591,聚陽凱基02購02  ,0,0,0,0,0,0,0,0,0,35000,0,0,0,55000,20000,35000,35000
07015P,國巨元大99售13  ,0,0,0,0,0,0,0,0,0,35000,0,0,0,35000,0,35000,35000
057764,台表科凱基9A購01,0,0,0,0,0,0,0,0,0,35000,0,0,0,47000,12000,35000,35000
059348,日月光凱基99購01,0,0,0,0,0,0,0,0,0,35000,0,0,0,35000,0,35000,35000
057606,健策統一98購03  ,0,0,0,0,0,0,0,0,0,35000,0,0,0,35000,0,35000,35000
063190,聯茂凱基9B購01  ,0,0,0,0,0,0,0,0,0,35000,0,0,0,40000,5000,35000,35000
063276,和大元大9B購01  ,0,0,0,0,0,0,0,0,0,35000,0,0,0,40000,5000,35000,35000
063340,英業達統一9B購01,0,0,0,0,0,0,0,0,0,35000,0,0,0,35000,0,35000,35000
059871,義隆凱基99購03  ,0,0,0,0,0,0,0,0,0,35000,0,0,0,50000,15000,35000,35000
061604,台光電凱基9B購01,0,0,0,0,0,0,0,0,0,35000,0,0,0,96000,61000,35000,35000
062089,矽創元大9B購02  ,0,0,0,0,0,0,0,0,0,35000,0,0,0,35000,0,35000,35000
062744,超眾國泰9C購01  ,0,0,0,0,0,0,0,0,0,35000,0,0,0,35000,0,35000,35000
060373,元金2X元富9A購01,0,0,0,0,0,0,0,0,0,35000,0,0,0,35000,0,35000,35000
060963,禾伸堂凱基9A購01,0,0,0,0,0,0,0,0,0,35000,0,0,0,57000,22000,35000,35000
061110,超眾元大9A購03  ,0,0,0,0,0,0,0,0,0,35000,0,0,0,100000,65000,35000,35000
060720,嘉聯益永豐9A購02,0,0,0,0,0,0,0,0,0,35000,0,0,0,184000,149000,35000,35000
065371,漢唐元大01購01  ,0,0,0,0,0,0,0,0,0,35000,0,0,0,186000,151000,35000,35000
065063,玉晶光群益02購04,0,0,0,0,0,0,0,0,0,35000,0,0,0,44000,9000,35000,35000
064806,微星元大01購01  ,0,0,0,0,0,0,0,0,0,35000,0,0,0,35000,0,35000,35000
064788,台汽電群益9C購01,0,0,0,0,0,0,0,0,0,35000,0,0,0,295000,260000,35000,35000
063636,聯發科元大9B購26,0,0,0,0,0,0,0,0,0,35000,0,0,0,37000,2000,35000,35000
064091,台郡凱基01購01  ,0,0,0,0,0,0,0,0,0,35000,0,0,0,35000,0,35000,35000
08636P,華通國票01售03  ,0,0,0,0,0,0,0,0,0,35000,0,0,0,35000,0,35000,35000
08863P,台積電元大01售25,0,0,0,0,0,0,0,0,0,35000,0,0,0,176000,141000,35000,35000
08892P,台積電元大01售27,0,0,0,0,0,0,0,0,0,35000,0,0,0,860000,825000,35000,35000
3036,文曄            ,149000,136000,13000,0,0,0,0,2000,-2000,24000,27000,16000,11000,38000,25000,13000,35000
910861,神州-DR         ,35000,0,35000,0,0,0,0,0,0,0,0,0,0,0,0,0,35000
08230P,台表科國票9C售03,0,0,0,0,0,0,0,0,0,34000,0,0,0,34000,0,34000,34000
07830P,牧德凱基9A售03  ,0,0,0,0,0,0,0,0,0,34000,0,0,0,70000,36000,34000,34000
066277,敦泰元大01購02  ,0,0,0,0,0,0,0,0,0,34000,0,0,0,98000,64000,34000,34000
066788,聯發科麥證01購07,0,0,0,34000,0,34000,0,0,0,34000,0,0,0,34000,0,34000,34000
057506,聯鈞國票99購02  ,0,0,0,0,0,0,0,0,0,34000,0,0,0,60000,26000,34000,34000
062560,奇鋐凱基9B購02  ,0,0,0,0,0,0,0,0,0,34000,0,0,0,186000,152000,34000,34000
055916,奇鋐凱基99購01  ,0,0,0,0,0,0,0,0,0,34000,0,0,0,403000,369000,34000,34000
047547,友達凱基99購02  ,0,0,0,0,0,0,0,0,0,34000,0,0,0,34000,0,34000,34000
060413,東元永豐9A購01  ,0,0,0,0,0,0,0,0,0,34000,0,0,0,61000,27000,34000,34000
061931,力山國票9B購02  ,0,0,0,0,0,0,0,0,0,34000,0,0,0,117000,83000,34000,34000
061926,晶技凱基9B購02  ,0,0,0,0,0,0,0,0,0,34000,0,0,0,119000,85000,34000,34000
059785,美律元大9A購03  ,0,0,0,0,0,0,0,0,0,34000,0,0,0,50000,16000,34000,34000
060040,康控國票99購04  ,0,0,0,0,0,0,0,0,0,34000,0,0,0,39000,5000,34000,34000
061020,超眾國票9A購02  ,0,0,0,0,0,0,0,0,0,34000,0,0,0,99000,65000,34000,34000
061817,高鐵群益9B購01  ,0,0,0,0,0,0,0,0,0,34000,0,0,0,54000,20000,34000,34000
061699,燿華國票9A購01  ,0,0,0,0,0,0,0,0,0,34000,0,0,0,35000,1000,34000,34000
063354,茂林元富9B購02  ,0,0,0,0,0,0,0,0,0,34000,0,0,0,233000,199000,34000,34000
063425,台勝科凱基9B購02,0,0,0,0,0,0,0,0,0,34000,0,0,0,38000,4000,34000,34000
064113,新日興國票01購01,0,0,0,0,0,0,0,0,0,34000,0,0,0,35000,1000,34000,34000
065603,聯發科元大9C購16,0,0,0,0,0,0,0,0,0,34000,0,0,0,61000,27000,34000,34000
065698,旺宏群益9C購08  ,0,0,0,0,0,0,0,0,0,34000,0,0,0,39000,5000,34000,34000
066002,健策國票02購01  ,0,0,0,0,0,0,0,0,0,34000,0,0,0,52000,18000,34000,34000
065927,智原國票02購01  ,0,0,0,0,0,0,0,0,0,34000,0,0,0,104000,70000,34000,34000
3563,牧德            ,116000,85000,31000,0,0,0,0,7000,-7000,10000,0,0,0,16000,6000,10000,34000
2838A,聯邦銀甲特      ,0,0,0,0,0,0,0,0,0,34000,35000,1000,34000,0,0,0,34000
1515,力山            ,613000,1279000,-666000,0,0,0,815000,0,815000,-115000,37000,85000,-48000,258000,325000,-67000,34000
2425,承啟            ,99000,65000,34000,0,0,0,0,0,0,0,0,0,0,0,0,0,34000
2243,宏旭-KY         ,52000,18000,34000,0,0,0,0,0,0,0,0,0,0,0,0,0,34000
2379,瑞昱            ,1024964,1051000,-26036,0,0,0,85000,25000,60000,0,47000,49000,-2000,32000,30000,2000,33964
066807,揚明光凱基01購02,0,0,0,0,0,0,0,0,0,33000,0,0,0,193000,160000,33000,33000
066914,樺漢凱基02購01  ,0,0,0,0,0,0,0,0,0,33000,0,0,0,150000,117000,33000,33000
066178,拓凱凱基01購01  ,0,0,0,0,0,0,0,0,0,33000,0,0,0,33000,0,33000,33000
067688,南六元大01購06  ,0,0,0,0,0,0,0,0,0,33000,0,0,0,45000,12000,33000,33000
06834P,訊芯群益99售02  ,0,0,0,0,0,0,0,0,0,33000,0,0,0,53000,20000,33000,33000
055551,致茂凱基98購01  ,0,0,0,0,0,0,0,0,0,33000,0,0,0,100000,67000,33000,33000
062262,茂林元大9B購02  ,0,0,0,0,0,0,0,0,0,33000,0,0,0,100000,67000,33000,33000
062361,智邦元大9B購06  ,0,0,0,0,0,0,0,0,0,33000,0,0,0,33000,0,33000,33000
062362,致茂元大9B購01  ,0,0,0,0,0,0,0,0,0,33000,0,0,0,53000,20000,33000,33000
057793,群創統一99購02  ,0,0,0,0,0,0,0,0,0,33000,0,0,0,98000,65000,33000,33000
058242,玉晶光元大9A購01,0,0,0,0,0,0,0,0,0,33000,0,0,0,40000,7000,33000,33000
058033,景碩永豐98購02  ,0,0,0,0,0,0,0,0,0,33000,0,0,0,61000,28000,33000,33000
057543,華通凱基99購02  ,0,0,0,0,0,0,0,0,0,33000,0,0,0,107000,74000,33000,33000
063280,燿華元大9B購05  ,0,0,0,0,0,0,0,0,0,33000,0,0,0,72000,39000,33000,33000
059513,揚明光永豐99購01,0,0,0,0,0,0,0,0,0,33000,0,0,0,33000,0,33000,33000
060033,臻鼎永豐99購01  ,0,0,0,0,0,0,0,0,0,33000,0,0,0,33000,0,33000,33000
061940,世紀鋼國票9C購01,0,0,0,0,0,0,0,0,0,33000,0,0,0,82000,49000,33000,33000
062891,台汽電群益9B購01,0,0,0,0,0,0,0,0,0,33000,0,0,0,91000,58000,33000,33000
060202,康友元富9A購01  ,0,0,0,0,0,0,0,0,0,33000,0,0,0,33000,0,33000,33000
060698,旺宏國泰9C購01  ,0,0,0,0,0,0,0,0,0,33000,0,0,0,33000,0,33000,33000
060809,康友群益9A購01  ,0,0,0,0,0,0,0,0,0,33000,0,0,0,40000,7000,33000,33000
060640,京鼎永豐9A購01  ,0,0,0,0,0,0,0,0,0,33000,0,0,0,73000,40000,33000,33000
065692,國巨群益9C購17  ,0,0,0,0,0,0,0,0,0,33000,0,0,0,61000,28000,33000,33000
065067,億豐群益01購01  ,0,0,0,0,0,0,0,0,0,33000,0,0,0,33000,0,33000,33000
064894,漢唐群益9C購02  ,0,0,0,0,0,0,0,0,0,33000,0,0,0,73000,40000,33000,33000
065244,聯發科兆豐9C購05,0,0,0,0,0,0,0,0,0,33000,0,0,0,33000,0,33000,33000
063860,旺宏國泰02購01  ,0,0,0,0,0,0,0,0,0,33000,0,0,0,43000,10000,33000,33000
063807,超眾兆豐01購01  ,0,0,0,0,0,0,0,0,0,33000,0,0,0,33000,0,33000,33000
063844,台積電元大9C購05,0,0,0,0,0,0,0,0,0,33000,0,0,0,33000,0,33000,33000
064742,奇鋐國票01購02  ,0,0,0,0,0,0,0,0,0,33000,0,0,0,62000,29000,33000,33000
2443,億麗            ,45000,12000,33000,0,0,0,0,0,0,0,0,0,0,0,0,0,33000
3622,洋華            ,116000,83000,33000,0,0,0,0,0,0,0,0,0,0,0,0,0,33000
3416,融程電          ,34000,1000,33000,0,0,0,0,0,0,0,0,0,0,0,0,0,33000
08865P,欣興元大01售02  ,0,0,0,0,0,0,0,0,0,33000,0,0,0,57000,24000,33000,33000
08749P,鴻海台新01售02  ,0,0,0,0,0,0,0,0,0,33000,0,0,0,33000,0,33000,33000
4763,材料-KY         ,49000,16000,33000,0,0,0,0,0,0,0,0,0,0,0,0,0,33000
08132P,南六元大9B售05  ,0,0,0,0,0,0,0,0,0,32000,0,0,0,73000,41000,32000,32000
07424P,大立光元大9B售01,0,0,0,0,0,0,0,0,0,32000,0,0,0,32000,0,32000,32000
066122,卜蜂群益03購01  ,0,0,0,0,0,0,0,0,0,32000,0,0,0,32000,0,32000,32000
066371,同欣電中信05購01,0,0,0,0,0,0,0,0,0,32000,0,0,0,248000,216000,32000,32000
066730,致茂元大01購01  ,0,0,0,0,0,0,0,0,0,32000,0,0,0,861000,829000,32000,32000
057377,康控元大99購02  ,0,0,0,0,0,0,0,0,0,32000,0,0,0,52000,20000,32000,32000
062039,聯發科凱基9B購07,0,0,0,0,0,0,0,0,0,32000,0,0,0,32000,0,32000,32000
03419B,臺股指元富99熊03,0,0,0,0,0,0,0,0,0,32000,0,0,0,32000,0,32000,32000
054371,台積電中信9C購01,0,0,0,0,0,0,0,0,0,32000,0,0,0,82000,50000,32000,32000
063026,南六元大9B購04  ,0,0,0,0,0,0,0,0,0,32000,0,0,0,57000,25000,32000,32000
060399,康友國票9A購02  ,0,0,0,0,0,0,0,0,0,32000,0,0,0,70000,38000,32000,32000
060961,台光電凱基9A購03,0,0,0,0,0,0,0,0,0,32000,0,0,0,32000,0,32000,32000
061478,奇鋐元大9A購01  ,0,0,0,0,0,0,0,0,0,32000,0,0,0,36000,4000,32000,32000
063460,智邦元大9B購08  ,0,0,0,0,0,0,0,0,0,32000,0,0,0,66000,34000,32000,32000
063233,國巨元大9B購19  ,0,0,0,0,0,0,0,0,0,32000,0,0,0,63000,31000,32000,32000
063486,聚陽國泰9C購01  ,0,0,0,0,0,0,0,0,0,32000,0,0,0,32000,0,32000,32000
064282,大立光元大9C購13,0,0,0,0,0,0,0,0,0,32000,0,0,0,100000,68000,32000,32000
064289,台郡元大9C購01  ,0,0,0,0,0,0,0,0,0,32000,0,0,0,32000,0,32000,32000
063575,矽格元大9B購02  ,0,0,0,0,0,0,0,0,0,32000,0,0,0,62000,30000,32000,32000
064847,金像電元富9C購01,0,0,0,0,0,0,0,0,0,32000,0,0,0,32000,0,32000,32000
065008,TPK國票01購02   ,0,0,0,0,0,0,0,0,0,32000,0,0,0,32000,0,32000,32000
910322,康師傅-DR       ,32000,0,32000,0,0,0,0,0,0,0,0,0,0,0,0,0,32000
8131,福懋科          ,61000,26000,35000,0,0,0,0,1000,-1000,-2000,0,2000,-2000,0,0,0,32000
08478P,臺股指凱基9C售16,0,0,0,0,0,0,0,0,0,32000,0,0,0,82000,50000,32000,32000
6443,元晶            ,0,15219,-15219,0,0,0,0,0,0,47000,47000,0,47000,0,0,0,31781
066649,華新科麥證01購02,0,0,0,31000,0,31000,0,0,0,31000,0,0,0,31000,0,31000,31000
067120,矽創群益01購01  ,0,0,0,0,0,0,0,0,0,31000,0,0,0,31000,0,31000,31000
066412,神隆元大01購01  ,0,0,0,0,0,0,0,0,0,31000,0,0,0,108000,77000,31000,31000
066085,台積電富邦05購01,0,0,0,0,0,0,0,0,0,31000,0,0,0,202000,171000,31000,31000
066217,美利達統一03購01,0,0,0,0,0,0,0,0,0,31000,0,0,0,54000,23000,31000,31000
066238,聯鈞富邦03購01  ,0,0,0,0,0,0,0,0,0,31000,0,0,0,100000,69000,31000,31000
06926P,可成群益9A售04  ,0,0,0,0,0,0,0,0,0,31000,0,0,0,99000,68000,31000,31000
08055P,臺股指國票9B售20,0,0,0,0,0,0,0,0,0,31000,0,0,0,31000,0,31000,31000
067565,聯發科日盛01購01,0,0,0,0,0,0,0,0,0,31000,0,0,0,31000,0,31000,31000
046629,群創統一98購01  ,0,0,0,0,0,0,0,0,0,31000,0,0,0,91000,60000,31000,31000
057069,台積電永豐98購02,0,0,0,0,0,0,0,0,0,31000,0,0,0,31000,0,31000,31000
058802,矽創元大99購02  ,0,0,0,0,0,0,0,0,0,31000,0,0,0,31000,0,31000,31000
057917,台積電凱基98購17,0,0,0,0,0,0,0,0,0,31000,0,0,0,31000,0,31000,31000
058293,光寶科凱基9A購01,0,0,0,0,0,0,0,0,0,31000,0,0,0,31000,0,31000,31000
059094,臻鼎元大99購03  ,0,0,0,0,0,0,0,0,0,31000,0,0,0,31000,0,31000,31000
058540,嘉聯益國泰9A購02,0,0,0,0,0,0,0,0,0,31000,0,0,0,31000,0,31000,31000
063240,聯發科元大9B購17,0,0,0,0,0,0,0,0,0,31000,0,0,0,31000,0,31000,31000
060283,台肥元大9C購01  ,0,0,0,0,0,0,0,0,0,31000,0,0,0,32000,1000,31000,31000
059976,道瓊銀元大99購01,0,0,0,0,0,0,0,0,0,31000,0,0,0,31000,0,31000,31000
060264,華新科國票9A購02,0,0,0,0,0,0,0,0,0,31000,0,0,0,31000,0,31000,31000
062706,大立光元大9B購06,0,0,0,0,0,0,0,0,0,31000,0,0,0,50000,19000,31000,31000
061583,矽創元大9A購01  ,0,0,0,0,0,0,0,0,0,31000,0,0,0,95000,64000,31000,31000
061443,大立光統一9C購02,0,0,0,0,0,0,0,0,0,31000,0,0,0,181000,150000,31000,31000
062900,台積電元大9B購04,0,0,0,0,0,0,0,0,0,31000,0,0,0,31000,0,31000,31000
062802,宏達電統一9B購01,0,0,0,0,0,0,0,0,0,31000,0,0,0,40000,9000,31000,31000
060410,台苯永豐9A購01  ,0,0,0,0,0,0,0,0,0,31000,0,0,0,76000,45000,31000,31000
065198,玉晶光元富06購01,0,0,0,0,0,0,0,0,0,31000,0,0,0,418000,387000,31000,31000
065188,玉晶光統一02購01,0,0,0,0,0,0,0,0,0,31000,0,0,0,322000,291000,31000,31000
065338,旺宏統一01購07  ,0,0,0,0,0,0,0,0,0,31000,0,0,0,31000,0,31000,31000
065715,勤誠群益9C購01  ,0,0,0,0,0,0,0,0,0,31000,0,0,0,41000,10000,31000,31000
063562,國巨元大9C購06  ,0,0,0,0,0,0,0,0,0,31000,0,0,0,115000,84000,31000,31000
063987,台灣50永豐9C購01,0,0,0,0,0,0,0,0,0,31000,0,0,0,31000,0,31000,31000
08719P,華通元大01售04  ,0,0,0,0,0,0,0,0,0,31000,0,0,0,31000,0,31000,31000
1231,聯華食          ,45000,14000,31000,0,0,0,0,0,0,0,0,0,0,0,0,0,31000
3535,晶彩科          ,81000,49000,32000,0,0,0,0,0,0,-1000,0,1000,-1000,0,0,0,31000
2702,華園            ,47000,16000,31000,0,0,0,0,0,0,0,0,0,0,0,0,0,31000
3003,健和興          ,154000,123000,31000,0,0,0,0,0,0,0,0,1000,-1000,1000,0,1000,31000
067288,為升兆豐03購01  ,0,0,0,0,0,0,0,0,0,30000,0,0,0,200000,170000,30000,30000
07850P,健策群益9A售06  ,0,0,0,0,0,0,0,0,0,30000,0,0,0,30000,0,30000,30000
08247P,台積電群益9C售06,0,0,0,0,0,0,0,0,0,30000,0,0,0,240000,210000,30000,30000
07241P,台灣50國票9A售05,0,0,0,0,0,0,0,0,0,30000,0,0,0,30000,0,30000,30000
07521P,台積電中信01售05,0,0,0,0,0,0,0,0,0,30000,0,0,0,30000,0,30000,30000
07729P,臺股指凱基9A售21,0,0,0,0,0,0,0,0,0,30000,0,0,0,30000,0,30000,30000
07748P,茂林凱基9A售04  ,0,0,0,0,0,0,0,0,0,30000,0,0,0,30000,0,30000,30000
07714P,世紀鋼元大9A售03,0,0,0,0,0,0,0,0,0,30000,0,0,0,40000,10000,30000,30000
066070,金像電凱基01購03,0,0,0,0,0,0,0,0,0,30000,0,0,0,92000,62000,30000,30000
066383,臻鼎康和01購01  ,0,0,0,0,0,0,0,0,0,30000,0,0,0,70000,40000,30000,30000
066352,晶碩永豐01購01  ,0,0,0,0,0,0,0,0,0,30000,0,0,0,30000,0,30000,30000
066425,創意元大01購03  ,0,0,0,0,0,0,0,0,0,30000,0,0,0,44000,14000,30000,30000
066632,智原凱基02購01  ,0,0,0,0,0,0,0,0,0,30000,0,0,0,35000,5000,30000,30000
066965,鴻海元富07購07  ,0,0,0,0,0,0,0,0,0,30000,0,0,0,30000,0,30000,30000
066902,台泥凱基01購01  ,0,0,0,0,0,0,0,0,0,30000,0,0,0,90000,60000,30000,30000
057529,嘉晶元大99購02  ,0,0,0,0,0,0,0,0,0,30000,0,0,0,41000,11000,30000,30000
057516,和鑫元富98購01  ,0,0,0,0,0,0,0,0,0,30000,0,0,0,50000,20000,30000,30000
059061,晶技凱基9A購01  ,0,0,0,0,0,0,0,0,0,30000,0,0,0,79000,49000,30000,30000
059075,FBVIX元大99購01 ,0,0,0,0,0,0,0,0,0,30000,0,0,0,30000,0,30000,30000
058490,元黃金群益9B購01,0,0,0,0,0,0,0,0,0,30000,0,0,0,30000,0,30000,30000
057423,台郡凱基98購06  ,0,0,0,0,0,0,0,0,0,30000,0,0,0,30000,0,30000,30000
058076,神達凱基98購02  ,0,0,0,0,0,0,0,0,0,30000,0,0,0,30000,0,30000,30000
058217,新唐群益99購01  ,0,0,0,0,0,0,0,0,0,30000,0,0,0,80000,50000,30000,30000
058275,S&P500中信9B購01,0,0,0,0,0,0,0,0,0,30000,0,0,0,30000,0,30000,30000
058313,台積電富邦9B購04,0,0,0,0,0,0,0,0,0,30000,0,0,0,30000,0,30000,30000
057991,健策統一9C購01  ,0,0,0,0,0,0,0,0,0,30000,0,0,0,30000,0,30000,30000
058570,臻鼎凱基9A購01  ,0,0,0,0,0,0,0,0,0,30000,0,0,0,30000,0,30000,30000
062040,玉晶光凱基01購01,0,0,0,0,0,0,0,0,0,30000,0,0,0,62000,32000,30000,30000
062254,台光電元大9B購02,0,0,0,0,0,0,0,0,0,30000,0,0,0,66000,36000,30000,30000
062290,聯發科富邦9C購04,0,0,0,0,0,0,0,0,0,30000,0,0,0,30000,0,30000,30000
062318,台郡凱基9B購01  ,0,0,0,0,0,0,0,0,0,30000,0,0,0,30000,0,30000,30000
058762,貿聯群益99購03  ,0,0,0,0,0,0,0,0,0,30000,0,0,0,30000,0,30000,30000
055455,健策國泰98購02  ,0,0,0,0,0,0,0,0,0,30000,0,0,0,30000,0,30000,30000
056156,禾伸堂凱基98購04,0,0,0,0,0,0,0,0,0,30000,0,0,0,40000,10000,30000,30000
054539,欣興國票98購01  ,0,0,0,0,0,0,0,0,0,30000,0,0,0,30000,0,30000,30000
055032,億光富邦99購01  ,0,0,0,0,0,0,0,0,0,30000,0,0,0,30000,0,30000,30000
056769,國產元大98購01  ,0,0,0,0,0,0,0,0,0,30000,0,0,0,30000,0,30000,30000
056683,台積電統一98購05,0,0,0,0,0,0,0,0,0,30000,0,0,0,30000,0,30000,30000
048270,T50反1富邦99購01,0,0,0,0,0,0,0,0,0,30000,0,0,0,30000,0,30000,30000
051055,友達群益98購01  ,0,0,0,0,0,0,0,0,0,30000,0,0,0,50000,20000,30000,30000
056547,臻鼎凱基99購01  ,0,0,0,0,0,0,0,0,0,30000,0,0,0,30000,0,30000,30000
056578,智易元大99購02  ,0,0,0,0,0,0,0,0,0,30000,0,0,0,136000,106000,30000,30000
052777,燿華國票98購01  ,0,0,0,0,0,0,0,0,0,30000,0,0,0,30000,0,30000,30000
060932,南六永豐9A購02  ,0,0,0,0,0,0,0,0,0,30000,0,0,0,30000,0,30000,30000
060626,貿聯元大9A購04  ,0,0,0,0,0,0,0,0,0,30000,0,0,0,30000,0,30000,30000
062190,瀚宇博元大9B購01,0,0,0,0,0,0,0,0,0,30000,0,0,0,153000,123000,30000,30000
062082,嘉晶元大9B購01  ,0,0,0,0,0,0,0,0,0,30000,0,0,0,51000,21000,30000,30000
062126,創意統一9B購01  ,0,0,0,0,0,0,0,0,0,30000,0,0,0,30000,0,30000,30000
061640,智原元大9A購01  ,0,0,0,0,0,0,0,0,0,30000,0,0,0,30000,0,30000,30000
061547,禾伸堂群益9A購01,0,0,0,0,0,0,0,0,0,30000,0,0,0,30000,0,30000,30000
060110,茂林元大99購06  ,0,0,0,0,0,0,0,0,0,30000,0,0,0,50000,20000,30000,30000
059822,聯發科凱基99購19,0,0,0,0,0,0,0,0,0,30000,0,0,0,30000,0,30000,30000
059824,大立光凱基99購13,0,0,0,0,0,0,0,0,0,30000,0,0,0,30000,0,30000,30000
059381,TPK亞東99購01   ,0,0,0,0,0,0,0,0,0,30000,0,0,0,60000,30000,30000,30000
060266,潤泰全國票9A購01,0,0,0,0,0,0,0,0,0,30000,0,0,0,30000,0,30000,30000
063163,京元電永豐9B購01,0,0,0,0,0,0,0,0,0,30000,0,0,0,63000,33000,30000,30000
063330,神達國票9C購01  ,0,0,0,0,0,0,0,0,0,30000,0,0,0,30000,0,30000,30000
063129,祥碩元大9C購03  ,0,0,0,0,0,0,0,0,0,30000,0,0,0,30000,0,30000,30000
063902,志超群益9C購01  ,0,0,0,0,0,0,0,0,0,30000,0,0,0,30000,0,30000,30000
063927,奇力新統一02購01,0,0,0,0,0,0,0,0,0,30000,0,0,0,30000,0,30000,30000
064081,國產中信06購01  ,0,0,0,0,0,0,0,0,0,30000,0,0,0,130000,100000,30000,30000
063546,國巨兆豐9C購03  ,0,0,0,0,0,0,0,0,0,30000,0,0,0,32000,2000,30000,30000
063508,緯創群益9B購01  ,0,0,0,0,0,0,0,0,0,30000,0,0,0,66000,36000,30000,30000
063597,健策中信9B購02  ,0,0,0,0,0,0,0,0,0,30000,0,0,0,30000,0,30000,30000
063790,南亞科台新9C購01,0,0,0,0,0,0,0,0,0,30000,0,0,0,33000,3000,30000,30000
064308,國巨群益9C購09  ,0,0,0,0,0,0,0,0,0,30000,0,0,0,30000,0,30000,30000
064407,貿聯凱基02購02  ,0,0,0,0,0,0,0,0,0,30000,0,0,0,110000,80000,30000,30000
064385,台積電富邦03購02,0,0,0,0,0,0,0,0,0,30000,0,0,0,38000,8000,30000,30000
064740,台光電國票01購01,0,0,0,0,0,0,0,0,0,30000,0,0,0,40000,10000,30000,30000
064710,元金2X統一03購01,0,0,0,0,0,0,0,0,0,30000,0,0,0,30000,0,30000,30000
064671,聯茂元大9C購02  ,0,0,0,0,0,0,0,0,0,30000,0,0,0,50000,20000,30000,30000
065936,聯發科群益02購01,0,0,0,0,0,0,0,0,0,30000,0,0,0,30000,0,30000,30000
065370,瑞昱元大9C購02  ,0,0,0,0,0,0,0,0,0,30000,0,0,0,52000,22000,30000,30000
06504P,麗豐國票99售02  ,0,0,0,0,0,0,0,0,0,30000,0,0,0,30000,0,30000,30000
2545,皇翔            ,34000,9000,25000,0,0,0,0,0,0,5000,5000,0,5000,0,0,0,30000
4737,華廣            ,58000,28000,30000,0,0,0,0,0,0,0,0,0,0,0,0,0,30000
2423,固緯            ,36000,6000,30000,0,0,0,0,0,0,0,0,0,0,0,0,0,30000
08770P,上証2X凱基03售04,0,0,0,0,0,0,0,0,0,30000,0,0,0,30000,0,30000,30000
08560P,茂林國票01售01  ,0,0,0,0,0,0,0,0,0,30000,0,0,0,50000,20000,30000,30000
066890,聯詠中信07購01  ,0,0,0,0,0,0,0,0,0,29000,0,0,0,39000,10000,29000,29000
067137,健策永豐01購03  ,0,0,0,0,0,0,0,0,0,29000,0,0,0,30000,1000,29000,29000
066621,川湖凱基01購01  ,0,0,0,0,0,0,0,0,0,29000,0,0,0,29000,0,29000,29000
066073,奇鋐凱基01購01  ,0,0,0,0,0,0,0,0,0,29000,0,0,0,127000,98000,29000,29000
07821P,臺股指國票9A售12,0,0,0,0,0,0,0,0,0,29000,0,0,0,550000,521000,29000,29000
07086P,力成元富9C售01  ,0,0,0,0,0,0,0,0,0,29000,0,0,0,163000,134000,29000,29000
067436,訊連凱基01購01  ,0,0,0,0,0,0,0,0,0,29000,0,0,0,89000,60000,29000,29000
058017,漢唐凱基99購01  ,0,0,0,0,0,0,0,0,0,29000,0,0,0,59000,30000,29000,29000
057241,超眾凱基99購02  ,0,0,0,0,0,0,0,0,0,29000,0,0,0,48000,19000,29000,29000
063092,聯發科中信9B購03,0,0,0,0,0,0,0,0,0,29000,0,0,0,39000,10000,29000,29000
059580,大立光元富99購07,0,0,0,0,0,0,0,0,0,29000,0,0,0,29000,0,29000,29000
061159,同欣電群益9A購01,0,0,0,0,0,0,0,0,0,29000,0,0,0,29000,0,29000,29000
065272,聯茂元大9C購05  ,0,0,0,0,0,0,0,0,0,29000,0,0,0,79000,50000,29000,29000
065784,正崴永豐9C購01  ,0,0,0,0,0,0,0,0,0,29000,0,0,0,42000,13000,29000,29000
065721,中壽兆豐9C購01  ,0,0,0,0,0,0,0,0,0,29000,0,0,0,48000,19000,29000,29000
064192,巨大中信9C購01  ,0,0,0,0,0,0,0,0,0,29000,0,0,0,30000,1000,29000,29000
063545,華通兆豐9B購03  ,0,0,0,0,0,0,0,0,0,29000,0,0,0,37000,8000,29000,29000
064100,義隆群益9C購01  ,0,0,0,0,0,0,0,0,0,29000,0,0,0,39000,10000,29000,29000
064172,義隆元富9C購01  ,0,0,0,0,0,0,0,0,0,29000,0,0,0,30000,1000,29000,29000
063867,全新永豐9C購01  ,0,0,0,0,0,0,0,0,0,29000,0,0,0,29000,0,29000,29000
08868P,欣興凱基02售03  ,0,0,0,0,0,0,0,0,0,29000,0,0,0,39000,10000,29000,29000
4722,國精化          ,34000,5000,29000,0,0,0,0,0,0,0,0,0,0,0,0,0,29000
6108,競國            ,32000,3000,29000,0,0,0,0,0,0,0,0,0,0,0,0,0,29000
067284,華新科國票02購01,0,0,0,0,0,0,0,0,0,28000,0,0,0,95000,67000,28000,28000
08263P,台表科元大9C售06,0,0,0,0,0,0,0,0,0,28000,0,0,0,230000,202000,28000,28000
066303,泰山永豐01購01  ,0,0,0,0,0,0,0,0,0,28000,0,0,0,125000,97000,28000,28000
058707,泰鼎元大99購02  ,0,0,0,0,0,0,0,0,0,28000,0,0,0,38000,10000,28000,28000
058290,南電國票9A購01  ,0,0,0,0,0,0,0,0,0,28000,0,0,0,28000,0,28000,28000
058567,華新科凱基9A購02,0,0,0,0,0,0,0,0,0,28000,0,0,0,43000,15000,28000,28000
058623,國巨國票99購08  ,0,0,0,0,0,0,0,0,0,28000,0,0,0,102000,74000,28000,28000
058587,台積電中信9C購03,0,0,0,0,0,0,0,0,0,28000,0,0,0,29000,1000,28000,28000
062580,華通統一9C購03  ,0,0,0,0,0,0,0,0,0,28000,0,0,0,88000,60000,28000,28000
053297,鎧勝中信98購01  ,0,0,0,0,0,0,0,0,0,28000,0,0,0,48000,20000,28000,28000
046937,聯電元大99購01  ,0,0,0,0,0,0,0,0,0,28000,0,0,0,35000,7000,28000,28000
059009,世紀鋼元大99購04,0,0,0,0,0,0,0,0,0,28000,0,0,0,105000,77000,28000,28000
06296P,燿華元大98售01  ,0,0,0,0,0,0,0,0,0,28000,0,0,0,56000,28000,28000,28000
060259,潤泰全凱基9C購01,0,0,0,0,0,0,0,0,0,28000,0,0,0,135000,107000,28000,28000
062461,智伸科群益9B購01,0,0,0,0,0,0,0,0,0,28000,0,0,0,28000,0,28000,28000
062820,禾伸堂兆豐9B購01,0,0,0,0,0,0,0,0,0,28000,0,0,0,38000,10000,28000,28000
062701,漢唐元大9B購01  ,0,0,0,0,0,0,0,0,0,28000,0,0,0,53000,25000,28000,28000
063326,正隆國票9B購01  ,0,0,0,0,0,0,0,0,0,28000,0,0,0,28000,0,28000,28000
061853,晶技國票9B購02  ,0,0,0,0,0,0,0,0,0,28000,0,0,0,73000,45000,28000,28000
064090,祥碩凱基9C購03  ,0,0,0,0,0,0,0,0,0,28000,0,0,0,28000,0,28000,28000
064084,群創中信06購02  ,0,0,0,0,0,0,0,0,0,28000,0,0,0,48000,20000,28000,28000
064026,建準元大9C購02  ,0,0,0,0,0,0,0,0,0,28000,0,0,0,290000,262000,28000,28000
064570,TPK群益9C購03   ,0,0,0,0,0,0,0,0,0,28000,0,0,0,38000,10000,28000,28000
065917,全新凱基02購01  ,0,0,0,0,0,0,0,0,0,28000,0,0,0,28000,0,28000,28000
06532P,友達元富98售04  ,0,0,0,0,0,0,0,0,0,28000,0,0,0,28000,0,28000,28000
065219,緯穎國泰01購01  ,0,0,0,0,0,0,0,0,0,28000,0,0,0,729000,701000,28000,28000
6155,鈞寶            ,56000,27000,29000,0,0,0,0,0,0,-1000,0,1000,-1000,0,0,0,28000
3305,昇貿            ,29000,1000,28000,0,0,0,0,0,0,0,0,0,0,0,0,0,28000
1472,三洋紡          ,44000,16000,28000,0,0,0,0,0,0,0,0,0,0,0,0,0,28000
08910P,宏達電凱基01售02,0,0,0,0,0,0,0,0,0,28000,0,0,0,48000,20000,28000,28000
066317,英利永豐01購01  ,0,0,0,0,0,0,0,0,0,27000,0,0,0,27000,0,27000,27000
066086,東元永豐01購01  ,0,0,0,0,0,0,0,0,0,27000,0,0,0,27000,0,27000,27000
066537,全新兆豐01購01  ,0,0,0,0,0,0,0,0,0,27000,0,0,0,27000,0,27000,27000
066429,矽格元大01購01  ,0,0,0,0,0,0,0,0,0,27000,0,0,0,208000,181000,27000,27000
066926,聚陽國票02購01  ,0,0,0,0,0,0,0,0,0,27000,0,0,0,27000,0,27000,27000
08169P,台光電群益9B售04,0,0,0,0,0,0,0,0,0,27000,0,0,0,47000,20000,27000,27000
08000P,奇鋐凱基9B售03  ,0,0,0,0,0,0,0,0,0,27000,0,0,0,100000,73000,27000,27000
067380,華擎統一02購02  ,0,0,0,0,0,0,0,0,0,27000,0,0,0,142000,115000,27000,27000
058835,元油2X中信9C購02,0,0,0,0,0,0,0,0,0,27000,0,0,0,27000,0,27000,27000
056459,茂林凱基99購01  ,0,0,0,0,0,0,0,0,0,27000,0,0,0,137000,110000,27000,27000
054231,國巨群益98購03  ,0,0,0,0,0,0,0,0,0,27000,0,0,0,52000,25000,27000,27000
062554,台積電凱基9B購08,0,0,0,0,0,0,0,0,0,27000,0,0,0,27000,0,27000,27000
062042,台勝科凱基9C購01,0,0,0,0,0,0,0,0,0,27000,0,0,0,27000,0,27000,27000
062003,國巨國泰01購01  ,0,0,0,0,0,0,0,0,0,27000,0,0,0,127000,100000,27000,27000
062263,康控元大9B購03  ,0,0,0,0,0,0,0,0,0,27000,0,0,0,27000,0,27000,27000
058323,泰鼎永豐9A購01  ,0,0,0,0,0,0,0,0,0,27000,0,0,0,46000,19000,27000,27000
061847,力山國票9B購01  ,0,0,0,0,0,0,0,0,0,27000,0,0,0,35000,8000,27000,27000
063213,智伸科國票9C購01,0,0,0,0,0,0,0,0,0,27000,0,0,0,52000,25000,27000,27000
063248,創意元大9C購01  ,0,0,0,0,0,0,0,0,0,27000,0,0,0,35000,8000,27000,27000
062654,技嘉永豐9B購01  ,0,0,0,0,0,0,0,0,0,27000,0,0,0,30000,3000,27000,27000
061657,智原國票9A購01  ,0,0,0,0,0,0,0,0,0,27000,0,0,0,75000,48000,27000,27000
062117,燿華中信9B購01  ,0,0,0,0,0,0,0,0,0,27000,0,0,0,97000,70000,27000,27000
061506,瑞祺國票9A購02  ,0,0,0,0,0,0,0,0,0,27000,0,0,0,36000,9000,27000,27000
062420,台積電統一9C購08,0,0,0,0,0,0,0,0,0,27000,0,0,0,27000,0,27000,27000
065259,燿華元大9C購05  ,0,0,0,0,0,0,0,0,0,27000,0,0,0,248000,221000,27000,27000
064816,訊芯元大9C購01  ,0,0,0,0,0,0,0,0,0,27000,0,0,0,103000,76000,27000,27000
065977,旭富元大02購01  ,0,0,0,0,0,0,0,0,0,27000,0,0,0,96000,69000,27000,27000
064088,大立光凱基02購01,0,0,0,0,0,0,0,0,0,27000,0,0,0,32000,5000,27000,27000
064152,義隆統一02購02  ,0,0,0,0,0,0,0,0,0,27000,0,0,0,27000,0,27000,27000
08703P,華碩凱基01售02  ,0,0,0,0,0,0,0,0,0,27000,0,0,0,27000,0,27000,27000
08429P,台達電凱基9C售01,0,0,0,0,0,0,0,0,0,27000,0,0,0,28000,1000,27000,27000
08412P,群創凱基01售03  ,0,0,0,0,0,0,0,0,0,27000,0,0,0,27000,0,27000,27000
1909,榮成            ,472000,524000,-52000,0,0,0,0,0,0,79000,7000,7000,0,85000,6000,79000,27000
1783,和康生          ,145000,120000,25000,0,0,0,0,0,0,2000,2000,0,2000,0,0,0,27000
4526,東台            ,43000,16000,27000,0,0,0,0,0,0,0,0,0,0,0,0,0,27000
2704,國賓            ,35000,10000,25000,0,0,0,0,0,0,2000,2000,0,2000,0,0,0,27000
5519,隆大            ,150000,123000,27000,0,0,0,0,0,0,0,0,0,0,0,0,0,27000
6605,帝寶            ,29000,1000,28000,0,0,0,0,0,0,-1000,0,1000,-1000,0,0,0,27000
067410,聚陽兆豐01購01  ,0,0,0,0,0,0,0,0,0,26000,0,0,0,26000,0,26000,26000
067523,上証反群益06購01,0,0,0,0,0,0,0,0,0,26000,0,0,0,86000,60000,26000,26000
067510,嘉澤統一03購01  ,0,0,0,0,0,0,0,0,0,26000,0,0,0,26000,0,26000,26000
067679,奇鋐元大02購02  ,0,0,0,0,0,0,0,0,0,26000,0,0,0,509000,483000,26000,26000
08297P,寶成元大9C售01  ,0,0,0,0,0,0,0,0,0,26000,0,0,0,26000,0,26000,26000
07090P,台灣50凱基01售01,0,0,0,0,0,0,0,0,0,26000,0,0,0,26000,0,26000,26000
066700,瑞昱群益01購01  ,0,0,0,0,0,0,0,0,0,26000,0,0,0,112000,86000,26000,26000
066717,上証2X元大01購01,0,0,0,0,0,0,0,0,0,26000,0,0,0,29000,3000,26000,26000
066361,微星中信05購01  ,0,0,0,0,0,0,0,0,0,26000,0,0,0,46000,20000,26000,26000
066312,川湖永豐01購01  ,0,0,0,0,0,0,0,0,0,26000,0,0,0,26000,0,26000,26000
066271,東森元大01購01  ,0,0,0,0,0,0,0,0,0,26000,0,0,0,116000,90000,26000,26000
058592,聯發科統一9C購01,0,0,0,0,0,0,0,0,0,26000,0,0,0,53000,27000,26000,26000
057913,健策日盛98購01  ,0,0,0,0,0,0,0,0,0,26000,0,0,0,26000,0,26000,26000
059304,華新科兆豐99購06,0,0,0,0,0,0,0,0,0,26000,0,0,0,132000,106000,26000,26000
059073,元油2X元大9C購14,0,0,0,0,0,0,0,0,0,26000,0,0,0,33000,7000,26000,26000
058022,樺漢凱基99購02  ,0,0,0,0,0,0,0,0,0,26000,0,0,0,36000,10000,26000,26000
053797,台積電中信98購01,0,0,0,0,0,0,0,0,0,26000,0,0,0,34000,8000,26000,26000
00654R,富邦印度反1     ,33000,0,33000,0,0,0,0,0,0,-7000,0,0,0,0,7000,-7000,26000
035277,景碩台新97購01  ,0,0,0,0,0,0,0,0,0,26000,0,0,0,26000,0,26000,26000
058806,道瓊銀統一9B購01,0,0,0,0,0,0,0,0,0,26000,0,0,0,41000,15000,26000,26000
058950,國巨群益99購06  ,0,0,0,0,0,0,0,0,0,26000,0,0,0,26000,0,26000,26000
054569,GIS群益98購01   ,0,0,0,0,0,0,0,0,0,26000,0,0,0,60000,34000,26000,26000
062762,聯詠凱基9B購02  ,0,0,0,0,0,0,0,0,0,26000,0,0,0,66000,40000,26000,26000
062764,世芯凱基9B購02  ,0,0,0,0,0,0,0,0,0,26000,0,0,0,26000,0,26000,26000
062781,微星元大9C購01  ,0,0,0,0,0,0,0,0,0,26000,0,0,0,26000,0,26000,26000
061222,台灣50中信9A購02,0,0,0,0,0,0,0,0,0,26000,0,0,0,41000,15000,26000,26000
060815,茂林凱基9B購01  ,0,0,0,0,0,0,0,0,0,26000,0,0,0,90000,64000,26000,26000
061896,景碩永豐9B購01  ,0,0,0,0,0,0,0,0,0,26000,0,0,0,286000,260000,26000,26000
060490,華新科台新9A購01,0,0,0,0,0,0,0,0,0,26000,0,0,0,85000,59000,26000,26000
063185,聯發科凱基9C購03,0,0,0,0,0,0,0,0,0,26000,0,0,0,32000,6000,26000,26000
059731,康控元大99購04  ,0,0,0,0,0,0,0,0,0,26000,0,0,0,26000,0,26000,26000
063793,和大凱基9C購01  ,0,0,0,0,0,0,0,0,0,26000,0,0,0,26000,0,26000,26000
064488,台達電元大9C購01,0,0,0,0,0,0,0,0,0,26000,0,0,0,36000,10000,26000,26000
064421,技嘉兆豐01購01  ,0,0,0,0,0,0,0,0,0,26000,0,0,0,111000,85000,26000,26000
064826,南亞科統一01購03,0,0,0,0,0,0,0,0,0,26000,0,0,0,67000,41000,26000,26000
065398,國泰金群益9C購01,0,0,0,0,0,0,0,0,0,26000,0,0,0,76000,50000,26000,26000
3031,佰鴻            ,37000,11000,26000,0,0,0,0,0,0,0,0,0,0,0,0,0,26000
2851,中再保          ,53000,12000,41000,0,0,0,0,1000,-1000,-14000,13000,27000,-14000,0,0,0,26000
4720,德淵            ,46000,20000,26000,0,0,0,0,0,0,0,0,0,0,0,0,0,26000
08753P,群創群益01售01  ,0,0,0,0,0,0,0,0,0,26000,0,0,0,44000,18000,26000,26000
066176,華擎凱基01購01  ,0,0,0,0,0,0,0,0,0,25000,0,0,0,25000,0,25000,25000
066699,台積電群益01購08,0,0,0,0,0,0,0,0,0,25000,0,0,0,182000,157000,25000,25000
066783,友達中信01購04  ,0,0,0,0,0,0,0,0,0,25000,0,0,0,25000,0,25000,25000
066842,卜蜂元大01購01  ,0,0,0,0,0,0,0,0,0,25000,0,0,0,25000,0,25000,25000
07149P,健鼎元大99售03  ,0,0,0,0,0,0,0,0,0,25000,0,0,0,25000,0,25000,25000
07129P,華新科元大99售14,0,0,0,0,0,0,0,0,0,25000,0,0,0,25000,0,25000,25000
07789P,緯穎群益9A售03  ,0,0,0,0,0,0,0,0,0,25000,0,0,0,40000,15000,25000,25000
067379,新日興統一03購01,0,0,0,0,0,0,0,0,0,25000,0,0,0,25000,0,25000,25000
067259,聯茂國票02購01  ,0,0,0,0,0,0,0,0,0,25000,0,0,0,90000,65000,25000,25000
055336,茂林兆豐98購01  ,0,0,0,0,0,0,0,0,0,25000,0,0,0,25000,0,25000,25000
056390,台積電富邦9B購01,0,0,0,0,0,0,0,0,0,25000,0,0,0,60000,35000,25000,25000
056345,嘉聯益凱基99購01,0,0,0,0,0,0,0,0,0,25000,0,0,0,25000,0,25000,25000
058872,元油2X國票9B購01,0,0,0,0,0,0,0,0,0,25000,0,0,0,25000,0,25000,25000
058761,欣興群益99購02  ,0,0,0,0,0,0,0,0,0,25000,0,0,0,50000,25000,25000,25000
056764,友達元大9A購03  ,0,0,0,0,0,0,0,0,0,25000,0,0,0,127000,102000,25000,25000
054377,臺股指中信99購09,0,1000,-1000,0,0,0,0,0,0,26000,0,0,0,26000,0,26000,25000
054192,國巨中信98購01  ,0,0,0,0,0,0,0,0,0,25000,0,0,0,25000,0,25000,25000
057696,聯電群益9A購01  ,0,0,0,0,0,0,0,0,0,25000,0,0,0,85000,60000,25000,25000
057665,技嘉元大99購01  ,0,0,0,0,0,0,0,0,0,25000,0,0,0,28000,3000,25000,25000
058988,大立光凱基9A購02,0,0,0,0,0,0,0,0,0,25000,0,0,0,27000,2000,25000,25000
057581,元大金中信9A購01,0,0,0,0,0,0,0,0,0,25000,0,0,0,25000,0,25000,25000
057964,緯穎元大99購03  ,0,0,0,0,0,0,0,0,0,25000,0,0,0,79000,54000,25000,25000
061816,長榮航群益9B購02,0,0,0,0,0,0,0,0,0,25000,0,0,0,25000,0,25000,25000
061711,台積電凱基9A購27,0,0,0,0,0,0,0,0,0,25000,0,0,0,25000,0,25000,25000
061599,元金反中信9C購01,0,0,0,0,0,0,0,0,0,25000,0,0,0,36000,11000,25000,25000
063179,群創兆豐9B購01  ,0,0,0,0,0,0,0,0,0,25000,0,0,0,25000,0,25000,25000
063307,同欣電凱基9B購02,0,0,0,0,0,0,0,0,0,25000,0,0,0,104000,79000,25000,25000
063017,台光電元大9B購07,0,0,0,0,0,0,0,0,0,25000,0,0,0,28000,3000,25000,25000
063018,聯發科元大9B購14,0,0,0,0,0,0,0,0,0,25000,0,0,0,25000,0,25000,25000
061114,南電元大9A購04  ,0,0,0,0,0,0,0,0,0,25000,0,0,0,25000,0,25000,25000
061195,健策永豐9B購02  ,0,0,0,0,0,0,0,0,0,25000,0,0,0,25000,0,25000,25000
062498,華通群益9C購04  ,0,0,0,0,0,0,0,0,0,25000,0,0,0,51000,26000,25000,25000
062625,華通國票9B購02  ,0,0,0,0,0,0,0,0,0,25000,0,0,0,25000,0,25000,25000
061979,友達元大9C購08  ,0,0,0,0,0,0,0,0,0,25000,0,0,0,25000,0,25000,25000
064861,緯創富邦9C購01  ,0,0,0,0,0,0,0,0,0,25000,0,0,0,65000,40000,25000,25000
065079,致茂元大9C購01  ,0,0,0,0,0,0,0,0,0,25000,0,0,0,531000,506000,25000,25000
065096,世芯元大9C購03  ,0,0,0,0,0,0,0,0,0,25000,0,0,0,81000,56000,25000,25000
065539,瑞儀統一01購01  ,0,0,0,0,0,0,0,0,0,25000,0,0,0,73000,48000,25000,25000
064438,大立光凱基01購03,0,0,0,0,0,0,0,0,0,25000,0,0,0,25000,0,25000,25000
064630,巨大元大9C購01  ,0,0,0,0,0,0,0,0,0,25000,0,0,0,25000,0,25000,25000
064657,和大元大9C購02  ,0,0,0,0,0,0,0,0,0,25000,0,0,0,25000,0,25000,25000
064080,宏達電中信06購01,0,0,0,0,0,0,0,0,0,25000,0,0,0,30000,5000,25000,25000
064068,義隆永豐9C購01  ,0,0,0,0,0,0,0,0,0,25000,0,0,0,114000,89000,25000,25000
063940,國巨元大01購02  ,0,0,0,0,0,0,0,0,0,25000,0,0,0,121000,96000,25000,25000
08709P,台積電台新01售02,0,0,0,0,0,0,0,0,0,25000,0,0,0,65000,40000,25000,25000
08783P,台積電元大01售18,0,0,0,0,0,0,0,0,0,25000,0,0,0,55000,30000,25000,25000
08396P,鴻海元富9C售04  ,0,0,0,0,0,0,0,0,0,25000,0,0,0,25000,0,25000,25000
4144,康聯-KY         ,42000,18000,24000,0,0,0,0,0,0,1000,1000,0,1000,0,0,0,25000
8028,昇陽半導體      ,115000,82000,33000,0,0,0,0,0,0,-8000,1000,1000,0,5000,13000,-8000,25000
07903P,台積電群益9B售03,0,0,0,0,0,0,0,0,0,24000,0,0,0,26000,2000,24000,24000
066907,聯發科凱基03購04,0,0,0,0,0,0,0,0,0,24000,0,0,0,24000,0,24000,24000
066179,智伸科凱基01購01,0,0,0,0,0,0,0,0,0,24000,0,0,0,54000,30000,24000,24000
066097,英業達中信02購01,0,0,0,0,0,0,0,0,0,24000,0,0,0,30000,6000,24000,24000
066319,聯強永豐01購01  ,0,0,0,0,0,0,0,0,0,24000,0,0,0,35000,11000,24000,24000
058474,鴻海凱基9A購06  ,0,0,0,0,0,0,0,0,0,24000,0,0,0,266000,242000,24000,24000
058049,帆宣元大98購01  ,0,0,0,0,0,0,0,0,0,24000,0,0,0,41000,17000,24000,24000
00743,國泰中國A150    ,0,0,0,0,0,0,0,0,0,24000,0,0,0,39000,15000,24000,24000
056777,矽力元大98購02  ,0,0,0,0,0,0,0,0,0,24000,0,0,0,25000,1000,24000,24000
054468,台郡凱基98購01  ,0,0,0,0,0,0,0,0,0,24000,0,0,0,24000,0,24000,24000
058934,台灣50中信03購03,0,0,0,0,0,0,0,0,0,24000,0,0,0,24000,0,24000,24000
055910,瑞昱凱基98購01  ,0,0,0,0,0,0,0,0,0,24000,0,0,0,24000,0,24000,24000
062837,復盛群益9B購01  ,0,0,0,0,0,0,0,0,0,24000,0,0,0,99000,75000,24000,24000
060243,潤泰全元大9C購02,0,0,0,0,0,0,0,0,0,24000,0,0,0,175000,151000,24000,24000
060760,南亞科元大9A購04,0,0,0,0,0,0,0,0,0,24000,0,0,0,26000,2000,24000,24000
060471,台勝科元大9B購01,0,0,0,0,0,0,0,0,0,24000,0,0,0,25000,1000,24000,24000
061520,健策中信9A購01  ,0,0,0,0,0,0,0,0,0,24000,0,0,0,34000,10000,24000,24000
063971,健鼎國票01購01  ,0,0,0,0,0,0,0,0,0,24000,0,0,0,122000,98000,24000,24000
064104,TPK群益9C購02   ,0,0,0,0,0,0,0,0,0,24000,0,0,0,31000,7000,24000,24000
063841,國巨元大01購01  ,0,0,0,0,0,0,0,0,0,24000,0,0,0,41000,17000,24000,24000
063603,友達凱基9B購05  ,0,0,0,0,0,0,0,0,0,24000,0,0,0,24000,0,24000,24000
064585,中壽永豐9C購01  ,0,0,0,0,0,0,0,0,0,24000,0,0,0,24000,0,24000,24000
06453P,群創元大9B售02  ,0,0,0,0,0,0,0,0,0,24000,0,0,0,70000,46000,24000,24000
064360,台積電統一9C購12,0,0,0,0,0,0,0,0,0,24000,0,0,0,24000,0,24000,24000
064303,新光金兆豐01購01,0,0,0,0,0,0,0,0,0,24000,0,0,0,83000,59000,24000,24000
065609,嘉澤元大01購02  ,0,0,0,0,0,0,0,0,0,24000,0,0,0,186000,162000,24000,24000
066039,台積電元大01購08,0,0,0,0,0,0,0,0,0,24000,0,0,0,24000,0,24000,24000
6525,捷敏-KY         ,24000,0,24000,0,0,0,0,0,0,0,0,0,0,0,0,0,24000
8463,潤泰材          ,60000,36000,24000,0,0,0,0,0,0,0,0,0,0,0,0,0,24000
066162,泰豐凱基01購01  ,0,0,0,0,0,0,0,0,0,23000,0,0,0,31000,8000,23000,23000
066847,群創元大01購03  ,0,0,0,0,0,0,0,0,0,23000,0,0,0,73000,50000,23000,23000
067181,華通凱基01購02  ,0,0,0,0,0,0,0,0,0,23000,0,0,0,186000,163000,23000,23000
07293P,臺股指凱基99售45,0,0,0,0,0,0,0,0,0,23000,0,0,0,23000,0,23000,23000
067547,儒鴻中信01購01  ,0,0,0,0,0,0,0,0,0,23000,0,0,0,25000,2000,23000,23000
054640,健策中信9B購01  ,0,0,0,0,0,0,0,0,0,23000,0,0,0,37000,14000,23000,23000
058085,景碩群益9A購01  ,0,0,0,0,0,0,0,0,0,23000,0,0,0,23000,0,23000,23000
059113,群光永豐99購01  ,0,0,0,0,0,0,0,0,0,23000,0,0,0,23000,0,23000,23000
057183,玉晶光元大99購07,0,0,0,0,0,0,0,0,0,23000,0,0,0,33000,10000,23000,23000
058520,智易元大99購03  ,0,0,0,0,0,0,0,0,0,23000,0,0,0,23000,0,23000,23000
061776,晶技國票9B購01  ,0,0,0,0,0,0,0,0,0,23000,0,0,0,49000,26000,23000,23000
060295,貿聯元大9A購03  ,0,0,0,0,0,0,0,0,0,23000,0,0,0,23000,0,23000,23000
063334,復盛國票9B購01  ,0,0,0,0,0,0,0,0,0,23000,0,0,0,23000,0,23000,23000
063100,聚陽群益9C購02  ,0,0,0,0,0,0,0,0,0,23000,0,0,0,23000,0,23000,23000
060951,元黃金群益9A購01,0,0,0,0,0,0,0,0,0,23000,0,0,0,23000,0,23000,23000
060967,鈺齊凱基9A購02  ,0,0,0,0,0,0,0,0,0,23000,0,0,0,63000,40000,23000,23000
061269,嘉澤凱基9A購01  ,0,0,0,0,0,0,0,0,0,23000,0,0,0,53000,30000,23000,23000
064923,牧德統一02購01  ,0,0,0,0,0,0,0,0,0,23000,0,0,0,43000,20000,23000,23000
064758,可成凱基02購02  ,0,0,0,0,0,0,0,0,0,23000,0,0,0,68000,45000,23000,23000
064148,瑞昱統一02購01  ,0,0,0,0,0,0,0,0,0,23000,0,0,0,124000,101000,23000,23000
9941,裕融            ,38000,14000,24000,0,0,0,0,0,0,-1000,0,1000,-1000,0,0,0,23000
5225,東科-KY         ,42000,18000,24000,0,0,0,0,1000,-1000,0,0,0,0,0,0,0,23000
5234,達興材料        ,26000,8000,18000,0,0,0,0,0,0,5000,5000,0,5000,0,0,0,23000
5531,鄉林            ,104000,80000,24000,0,0,0,0,0,0,-1000,9000,10000,-1000,0,0,0,23000
2007,燁興            ,23000,0,23000,0,0,0,0,0,0,0,0,0,0,0,0,0,23000
2059,川湖            ,53000,25000,28000,0,0,0,0,2000,-2000,-3000,0,1000,-1000,0,2000,-2000,23000
08705P,臺股指群益01售02,0,0,0,0,0,0,0,0,0,23000,0,0,0,70000,47000,23000,23000
08695P,嘉晶群益01售01  ,0,0,0,0,0,0,0,0,0,23000,0,0,0,33000,10000,23000,23000
067254,華擎國票02購02  ,0,0,0,0,0,0,0,0,0,22000,0,0,0,22000,0,22000,22000
067667,台積電元大02購05,0,0,0,0,0,0,0,0,0,22000,0,0,0,632000,610000,22000,22000
07011P,宏達電凱基99售02,0,0,0,0,0,0,0,0,0,22000,0,0,0,66000,44000,22000,22000
066861,致新國票02購01  ,0,0,0,0,0,0,0,0,0,22000,0,0,0,39000,17000,22000,22000
066810,瀚宇博凱基02購01,0,0,0,0,0,0,0,0,0,22000,0,0,0,100000,78000,22000,22000
066302,卜蜂永豐01購01  ,0,0,0,0,0,0,0,0,0,22000,0,0,0,22000,0,22000,22000
056410,康控國票99購01  ,0,0,0,0,0,0,0,0,0,22000,0,0,0,151000,129000,22000,22000
056591,S&P正2元富9A購01,0,0,0,0,0,0,0,0,0,22000,0,0,0,22000,0,22000,22000
050890,南電富邦99購01  ,0,0,0,0,0,0,0,0,0,22000,0,0,0,22000,0,22000,22000
00739,元大MSCI A股    ,18000,34000,-16000,0,0,0,0,0,0,38000,0,0,0,967000,929000,38000,22000
060455,葡萄王元大9A購02,0,0,0,0,0,0,0,0,0,22000,0,0,0,68000,46000,22000,22000
060183,南亞科元富9A購01,0,0,0,0,0,0,0,0,0,22000,0,0,0,41000,19000,22000,22000
060734,華通統一9C購01  ,0,0,0,0,0,0,0,0,0,22000,0,0,0,41000,19000,22000,22000
062780,旺宏元大01購01  ,0,0,0,0,0,0,0,0,0,22000,0,0,0,22000,0,22000,22000
061435,元金2X凱基9C購03,0,0,0,0,0,0,0,0,0,22000,0,0,0,23000,1000,22000,22000
061644,健策元大9C購02  ,0,0,0,0,0,0,0,0,0,22000,0,0,0,56000,34000,22000,22000
063433,臻鼎元富9B購01  ,0,0,0,0,0,0,0,0,0,22000,0,0,0,115000,93000,22000,22000
063249,祥碩元大9B購06  ,0,0,0,0,0,0,0,0,0,22000,0,0,0,22000,0,22000,22000
061015,旺宏麥證9A購03  ,0,0,0,37000,15000,22000,0,0,0,22000,0,0,0,37000,15000,22000,22000
059488,大立光兆豐99購03,0,0,0,0,0,0,0,0,0,22000,0,0,0,22000,0,22000,22000
060105,牧德元大9B購01  ,0,0,0,0,0,0,0,0,0,22000,0,0,0,52000,30000,22000,22000
063847,聯發科元大9C購03,0,0,0,0,0,0,0,0,0,22000,0,0,0,23000,1000,22000,22000
064426,群創兆豐9C購01  ,0,0,0,0,0,0,0,0,0,22000,0,0,0,125000,103000,22000,22000
065228,南亞科凱基01購03,0,0,0,0,0,0,0,0,0,22000,0,0,0,22000,0,22000,22000
065981,超眾元大02購01  ,0,0,0,0,0,0,0,0,0,22000,0,0,0,221000,199000,22000,22000
08619P,國巨群益9C售21  ,0,0,0,0,0,0,0,0,0,22000,0,0,0,30000,8000,22000,22000
08406P,緯穎元大9C售01  ,0,0,0,0,0,0,0,0,0,22000,0,0,0,42000,20000,22000,22000
1809,中釉            ,34000,12000,22000,0,0,0,0,0,0,0,0,0,0,0,0,0,22000
2374,佳能            ,54000,32000,22000,0,0,0,0,0,0,0,0,0,0,0,0,0,22000
3543,州巧            ,25000,3000,22000,0,0,0,0,0,0,0,0,0,0,0,0,0,22000
4942,嘉彰            ,69000,47000,22000,0,0,0,0,0,0,0,0,0,0,0,0,0,22000
066754,南電國泰02購01  ,0,0,0,0,0,0,0,0,0,21000,0,0,0,108000,87000,21000,21000
067746,瀚宇博元大01購04,0,0,0,0,0,0,0,0,0,21000,0,0,0,236000,215000,21000,21000
00702,國泰標普低波高息,0,0,0,0,0,0,0,0,0,21000,0,0,0,33000,12000,21000,21000
058449,台積電永豐99購01,0,0,0,0,0,0,0,0,0,21000,0,0,0,21000,0,21000,21000
058803,世紀鋼元大99購03,0,0,0,0,0,0,0,0,0,21000,0,0,0,21000,0,21000,21000
054587,玉晶光國泰99購01,0,0,0,0,0,0,0,0,0,21000,0,0,0,23000,2000,21000,21000
057667,可成元大99購01  ,0,0,0,0,0,0,0,0,0,21000,0,0,0,118000,97000,21000,21000
057267,康控兆豐99購01  ,0,0,0,0,0,0,0,0,0,21000,0,0,0,122000,101000,21000,21000
058360,台光電凱基9A購02,0,0,0,0,0,0,0,0,0,21000,0,0,0,21000,0,21000,21000
057928,鈺齊凱基98購02  ,0,0,0,0,0,0,0,0,0,21000,0,0,0,69000,48000,21000,21000
063079,儒鴻凱基9B購01  ,0,0,0,0,0,0,0,0,0,21000,0,0,0,21000,0,21000,21000
061010,上銀麥證9A購02  ,0,0,0,21000,0,21000,0,0,0,21000,0,0,0,21000,0,21000,21000
061565,滬深2X元大9A購08,0,0,0,0,0,0,0,0,0,21000,0,0,0,21000,0,21000,21000
063093,國產國票9B購01  ,0,0,0,0,0,0,0,0,0,21000,0,0,0,24000,3000,21000,21000
061651,世紀鋼元大9C購02,0,0,0,0,0,0,0,0,0,21000,0,0,0,28000,7000,21000,21000
062642,帆宣國票9B購01  ,0,0,0,0,0,0,0,0,0,21000,0,0,0,21000,0,21000,21000
062188,貿聯元大9B購02  ,0,0,0,0,0,0,0,0,0,21000,0,0,0,21000,0,21000,21000
062526,友達統一01購01  ,0,0,0,0,0,0,0,0,0,21000,0,0,0,56000,35000,21000,21000
060923,全新永豐9A購01  ,0,0,0,0,0,0,0,0,0,21000,0,0,0,21000,0,21000,21000
060962,義隆凱基9B購01  ,0,0,0,0,0,0,0,0,0,21000,0,0,0,46000,25000,21000,21000
061236,台積電元大9A購24,0,0,0,0,0,0,0,0,0,21000,0,0,0,24000,3000,21000,21000
065758,嘉澤元大9C購03  ,0,0,0,0,0,0,0,0,0,21000,0,0,0,34000,13000,21000,21000
06552P,茂林元大99售02  ,0,0,0,0,0,0,0,0,0,21000,0,0,0,21000,0,21000,21000
065586,嘉聯益富邦03購01,0,0,0,0,0,0,0,0,0,21000,0,0,0,21000,0,21000,21000
065187,聯發科統一02購02,0,0,0,0,0,0,0,0,0,21000,0,0,0,49000,28000,21000,21000
064922,玉晶光統一01購10,0,0,0,0,0,0,0,0,0,21000,0,0,0,66000,45000,21000,21000
065025,健策永豐9C購02  ,0,0,0,0,0,0,0,0,0,21000,0,0,0,21000,0,21000,21000
064651,GIS凱基9C購02   ,0,0,0,0,0,0,0,0,0,21000,0,0,0,448000,427000,21000,21000
064173,國產元富9C購01  ,0,0,0,0,0,0,0,0,0,21000,0,0,0,43000,22000,21000,21000
063635,漢唐元大9B購04  ,0,0,0,0,0,0,0,0,0,21000,0,0,0,108000,87000,21000,21000
063733,聯發科元大9B購27,0,0,0,0,0,0,0,0,0,21000,0,0,0,21000,0,21000,21000
6133,金橋            ,36000,15000,21000,0,0,0,0,0,0,0,0,0,0,0,0,0,21000
3645,達邁            ,60000,39000,21000,0,0,0,0,0,0,0,0,0,0,0,0,0,21000
2849,安泰銀          ,76000,43000,33000,0,0,0,0,3000,-3000,-9000,0,9000,-9000,0,0,0,21000
2731,雄獅            ,55000,34000,21000,0,0,0,0,0,0,0,0,0,0,0,0,0,21000
2609,陽明            ,103000,82000,21000,0,0,0,0,0,0,0,0,0,0,0,0,0,21000
2233,宇隆            ,55000,34000,21000,0,0,0,0,0,0,0,0,0,0,0,0,0,21000
1603,華電            ,26000,5000,21000,0,0,0,0,0,0,0,1000,1000,0,0,0,0,21000
1710,東聯            ,247000,228000,19000,0,0,0,0,0,0,2000,2000,0,2000,0,0,0,21000
1410,南染            ,21000,0,21000,0,0,0,0,0,0,0,0,0,0,0,0,0,21000
6115,鎰勝            ,15150,1000,14150,0,0,0,0,0,0,6000,6000,0,6000,0,0,0,20150
5871,中租-KY         ,642347,629300,13047,0,0,0,14000,6000,8000,-1000,24000,5000,19000,0,20000,-20000,20047
067643,台郡統一03購01  ,0,0,0,0,0,0,0,0,0,20000,0,0,0,88000,68000,20000,20000
067273,台積電統一02購05,0,0,0,0,0,0,0,0,0,20000,0,0,0,70000,50000,20000,20000
067323,美利達元大01購04,0,0,0,0,0,0,0,0,0,20000,0,0,0,228000,208000,20000,20000
06744P,嘉聯益永豐98售03,0,0,0,0,0,0,0,0,0,20000,0,0,0,20000,0,20000,20000
06956P,國巨日盛99售04  ,0,0,0,0,0,0,0,0,0,20000,0,0,0,120000,100000,20000,20000
06977P,臺股指元大9A售15,0,0,0,0,0,0,0,0,0,20000,0,0,0,20000,0,20000,20000
07040P,台灣50元大9C售02,0,0,0,0,0,0,0,0,0,20000,0,0,0,600000,580000,20000,20000
07130P,台郡元大9B售01  ,0,0,0,0,0,0,0,0,0,20000,0,0,0,20000,0,20000,20000
07127P,精元元大99售01  ,0,0,0,0,0,0,0,0,0,20000,0,0,0,20000,0,20000,20000
07220P,台灣50中信03售05,0,0,0,0,0,0,0,0,0,20000,0,0,0,20000,0,20000,20000
07780P,美律凱基9A售02  ,0,0,0,0,0,0,0,0,0,20000,0,0,0,20000,0,20000,20000
07700P,臺股指元大9A售53,0,0,0,0,0,0,0,0,0,20000,0,0,0,20000,0,20000,20000
07655P,台灣50凱基01售09,0,0,0,0,0,0,0,0,0,20000,0,0,0,20000,0,20000,20000
07498P,台積電元大9A售09,0,0,0,0,0,0,0,0,0,20000,0,0,0,20000,0,20000,20000
07513P,台積電元大9A售13,0,0,0,0,0,0,0,0,0,20000,0,0,0,20000,0,20000,20000
07514P,台積電元大9A售14,0,0,0,0,0,0,0,0,0,20000,0,0,0,20000,0,20000,20000
07515P,台積電元大9A售15,0,0,0,0,0,0,0,0,0,20000,0,0,0,20000,0,20000,20000
07547P,緯穎凱基9A售05  ,0,0,0,0,0,0,0,0,0,20000,0,0,0,20000,0,20000,20000
07468P,聯電元大9A售02  ,0,0,0,0,0,0,0,0,0,20000,0,0,0,150000,130000,20000,20000
07475P,A50正2群益9C售02,0,0,0,0,0,0,0,0,0,20000,0,0,0,20000,0,20000,20000
07421P,國泰金元大99售01,0,0,0,0,0,0,0,0,0,20000,0,0,0,20000,0,20000,20000
08240P,華通中信06售03  ,0,0,0,0,0,0,0,0,0,20000,0,0,0,30000,10000,20000,20000
066760,大立光永豐01購01,0,0,0,0,0,0,0,0,0,20000,0,0,0,20000,0,20000,20000
066672,瑞祺凱基03購01  ,0,0,0,0,0,0,0,0,0,20000,0,0,0,20000,0,20000,20000
066384,訊芯康和01購01  ,0,0,0,0,0,0,0,0,0,20000,0,0,0,40000,20000,20000,20000
066409,勤誠凱基01購01  ,0,0,0,0,0,0,0,0,0,20000,0,0,0,20000,0,20000,20000
066387,FBVIX凱基03購03 ,0,0,0,0,0,0,0,0,0,20000,0,0,0,20000,0,20000,20000
06658P,台灣50富邦9C售01,0,0,0,0,0,0,0,0,0,20000,0,0,0,133000,113000,20000,20000
066607,台郡永豐01購01  ,0,0,0,0,0,0,0,0,0,20000,0,0,0,45000,25000,20000,20000
062235,億光凱基9B購01  ,0,0,0,0,0,0,0,0,0,20000,0,0,0,43000,23000,20000,20000
062238,臻鼎凱基9C購01  ,0,0,0,0,0,0,0,0,0,20000,0,0,0,80000,60000,20000,20000
062387,健策國泰01購01  ,0,0,0,0,0,0,0,0,0,20000,0,0,0,20000,0,20000,20000
062371,健策元大9B購08  ,0,0,0,0,0,0,0,0,0,20000,0,0,0,20000,0,20000,20000
058401,華航元大9A購01  ,0,0,0,0,0,0,0,0,0,20000,0,0,0,20000,0,20000,20000
057962,超眾元大99購03  ,0,0,0,0,0,0,0,0,0,20000,0,0,0,32000,12000,20000,20000
05793P,臺股指中信99售08,0,0,0,0,0,0,0,0,0,20000,0,0,0,20000,0,20000,20000
058557,健策第一01購01  ,0,0,0,0,0,0,0,0,0,20000,0,0,0,20000,0,20000,20000
057314,全新麥證98購01  ,0,0,0,20000,0,20000,0,0,0,20000,0,0,0,20000,0,20000,20000
057321,台泥群益98購01  ,0,0,0,0,0,0,0,0,0,20000,0,0,0,20000,0,20000,20000
057368,微星元大98購02  ,0,0,0,0,0,0,0,0,0,20000,0,0,0,20000,0,20000,20000
057486,美律元大98購04  ,0,0,0,0,0,0,0,0,0,20000,0,0,0,20000,0,20000,20000
057511,健策統一98購02  ,0,0,0,0,0,0,0,0,0,20000,0,0,0,20000,0,20000,20000
058205,神達凱基9B購01  ,0,0,0,0,0,0,0,0,0,20000,0,0,0,30000,10000,20000,20000
058158,台積電台新99購01,0,0,0,0,0,0,0,0,0,20000,0,0,0,20000,0,20000,20000
058528,世紀鋼元大99購02,0,0,0,0,0,0,0,0,0,20000,0,0,0,20000,0,20000,20000
057244,鈺齊凱基99購01  ,0,0,0,0,0,0,0,0,0,20000,0,0,0,130000,110000,20000,20000
057530,奇鋐元大99購01  ,0,0,0,0,0,0,0,0,0,20000,0,0,0,30000,10000,20000,20000
054873,帆宣群益99購01  ,0,0,0,0,0,0,0,0,0,20000,0,0,0,20000,0,20000,20000
055006,晶相光元富9A購01,0,0,0,0,0,0,0,0,0,20000,0,0,0,30000,10000,20000,20000
055160,玉晶光元大99購03,0,0,0,0,0,0,0,0,0,20000,0,0,0,20000,0,20000,20000
056921,京元電兆豐98購01,0,0,0,0,0,0,0,0,0,20000,0,0,0,20000,0,20000,20000
055377,揚明光元大98購01,0,0,0,0,0,0,0,0,0,20000,0,0,0,20000,0,20000,20000
056204,嘉澤永豐97購01  ,0,0,0,0,0,0,0,0,0,20000,0,0,0,20000,0,20000,20000
056189,樺漢統一97購02  ,0,0,0,0,0,0,0,0,0,20000,0,0,0,20000,0,20000,20000
056212,台光電國票98購03,0,0,0,0,0,0,0,0,0,20000,0,0,0,20000,0,20000,20000
058773,和碩兆豐99購01  ,0,0,0,0,0,0,0,0,0,20000,0,0,0,30000,10000,20000,20000
056417,欣興中信98購01  ,0,0,0,0,0,0,0,0,0,20000,0,0,0,20000,0,20000,20000
056467,上証2X元大98購02,0,0,0,0,0,0,0,0,0,20000,0,0,0,20000,0,20000,20000
055424,聚陽群益98購01  ,0,0,0,0,0,0,0,0,0,20000,0,0,0,20000,0,20000,20000
054293,健策元大98購02  ,0,0,0,0,0,0,0,0,0,20000,0,0,0,24000,4000,20000,20000
054309,禾伸堂凱基98購01,0,0,0,0,0,0,0,0,0,20000,0,0,0,40000,20000,20000,20000
052775,滬深2X國票99購02,0,0,0,0,0,0,0,0,0,20000,0,0,0,20000,0,20000,20000
053403,彩晶群益98購01  ,0,0,0,0,0,0,0,0,0,20000,0,0,0,20000,0,20000,20000
053651,台光電凱基98購01,0,0,0,0,0,0,0,0,0,20000,0,0,0,20000,0,20000,20000
054040,中石化元大9C購01,0,0,0,0,0,0,0,0,0,20000,0,0,0,20000,0,20000,20000
056542,緯創凱基98購01  ,0,0,0,0,0,0,0,0,0,20000,0,0,0,20000,0,20000,20000
046385,群創凱基98購03  ,0,0,0,0,0,0,0,0,0,20000,0,0,0,20000,0,20000,20000
057056,立積元大99購02  ,0,0,0,0,0,0,0,0,0,20000,0,0,0,20000,0,20000,20000
057138,亞德客兆豐98購01,0,0,0,0,0,0,0,0,0,20000,0,0,0,30000,10000,20000,20000
056619,強茂永豐98購01  ,0,0,0,0,0,0,0,0,0,20000,0,0,0,20000,0,20000,20000
056636,台積電日盛9A購01,0,0,0,0,0,0,0,0,0,20000,0,0,0,20000,0,20000,20000
060944,國泰金國票9A購01,0,0,0,0,0,0,0,0,0,20000,0,0,0,20000,0,20000,20000
060444,滬深2X元大9A購04,0,0,0,0,0,0,0,0,0,20000,0,0,0,20000,0,20000,20000
060169,群電永豐9A購01  ,0,0,0,0,0,0,0,0,0,20000,0,0,0,20000,0,20000,20000
060260,京鼎凱基9C購01  ,0,0,0,0,0,0,0,0,0,20000,0,0,0,20000,0,20000,20000
060722,矽格永豐9A購01  ,0,0,0,0,0,0,0,0,0,20000,0,0,0,139000,119000,20000,20000
060704,台積電富邦01購01,0,0,0,0,0,0,0,0,0,20000,0,0,0,20000,0,20000,20000
063016,微星元大9C購02  ,0,0,0,0,0,0,0,0,0,20000,0,0,0,20000,0,20000,20000
062134,國巨群益9B購04  ,0,0,0,0,0,0,0,0,0,20000,0,0,0,40000,20000,20000,20000
062471,國泰金凱基9B購02,0,0,0,0,0,0,0,0,0,20000,0,0,0,20000,0,20000,20000
062608,智易凱基9B購01  ,0,0,0,0,0,0,0,0,0,20000,0,0,0,20000,0,20000,20000
062098,億光永豐9B購01  ,0,0,0,0,0,0,0,0,0,20000,0,0,0,43000,23000,20000,20000
062427,嘉澤統一01購01  ,0,0,0,0,0,0,0,0,0,20000,0,0,0,20000,0,20000,20000
061923,友達凱基9B購04  ,0,0,0,0,0,0,0,0,0,20000,0,0,0,20000,0,20000,20000
063428,矽創凱基9B購02  ,0,0,0,0,0,0,0,0,0,20000,0,0,0,20000,0,20000,20000
063416,台積電凱基9B購10,0,0,0,0,0,0,0,0,0,20000,0,0,0,31000,11000,20000,20000
063118,中鋼元大9C購01  ,0,0,0,0,0,0,0,0,0,20000,0,0,0,45000,25000,20000,20000
060304,大立光富邦9C購05,0,0,0,0,0,0,0,0,0,20000,0,0,0,20000,0,20000,20000
061849,國巨國票9B購08  ,0,0,0,0,0,0,0,0,0,20000,0,0,0,20000,0,20000,20000
063173,矽格中信9B購01  ,0,0,0,0,0,0,0,0,0,20000,0,0,0,150000,130000,20000,20000
061546,大立光群益9A購05,0,0,0,0,0,0,0,0,0,20000,0,0,0,24000,4000,20000,20000
061693,華新科群益9B購02,0,0,0,0,0,0,0,0,0,20000,0,0,0,37000,17000,20000,20000
059631,京元電凱基99購02,0,0,0,0,0,0,0,0,0,20000,0,0,0,30000,10000,20000,20000
059967,聯發科凱基99購20,0,0,0,0,0,0,0,0,0,20000,0,0,0,20000,0,20000,20000
059954,華新科康和99購01,0,0,0,0,0,0,0,0,0,20000,0,0,0,124000,104000,20000,20000
060032,利勤永豐99購01  ,0,0,0,0,0,0,0,0,0,20000,0,0,0,20000,0,20000,20000
060017,全新康和99購01  ,0,0,0,0,0,0,0,0,0,20000,0,0,0,20000,0,20000,20000
059686,上証2X永豐9A購01,0,0,0,0,0,0,0,0,0,20000,0,0,0,20000,0,20000,20000
059852,康控永豐99購02  ,0,0,0,0,0,0,0,0,0,20000,0,0,0,20000,0,20000,20000
059869,友達凱基99購07  ,0,0,0,0,0,0,0,0,0,20000,0,0,0,20000,0,20000,20000
064099,億光群益9C購01  ,0,0,0,0,0,0,0,0,0,20000,0,0,0,56000,36000,20000,20000
064046,聯發科統一9C購12,0,0,0,0,0,0,0,0,0,20000,0,0,0,20000,0,20000,20000
063857,臺股指元大9C購10,0,0,0,0,0,0,0,0,0,20000,0,0,0,20000,0,20000,20000
063843,台積電元大9C購03,0,0,0,0,0,0,0,0,0,20000,0,0,0,20000,0,20000,20000
063954,世芯元大01購02  ,0,0,0,0,0,0,0,0,0,20000,0,0,0,20000,0,20000,20000
064014,貿聯國票01購01  ,0,0,0,0,0,0,0,0,0,20000,0,0,0,20000,0,20000,20000
064549,神基凱基9C購01  ,0,0,0,0,0,0,0,0,0,20000,0,0,0,20000,0,20000,20000
064752,台達電凱基01購01,0,0,0,0,0,0,0,0,0,20000,0,0,0,95000,75000,20000,20000
064331,微星元大9C購03  ,0,0,0,0,0,0,0,0,0,20000,0,0,0,20000,0,20000,20000
065018,台達電富邦03購01,0,0,0,0,0,0,0,0,0,20000,0,0,0,79000,59000,20000,20000
065268,嘉澤元大9C購02  ,0,0,0,0,0,0,0,0,0,20000,0,0,0,27000,7000,20000,20000
065476,聯發科元大9C購14,0,0,0,0,0,0,0,0,0,20000,0,0,0,20000,0,20000,20000
06564P,國巨富邦9A售04  ,0,0,0,0,0,0,0,0,0,20000,0,0,0,120000,100000,20000,20000
065690,台苯群益9C購01  ,0,0,0,0,0,0,0,0,0,20000,0,0,0,51000,31000,20000,20000
065691,國巨群益9C購16  ,0,0,0,0,0,0,0,0,0,20000,0,0,0,20000,0,20000,20000
065806,貿聯群益9C購05  ,0,0,0,0,0,0,0,0,0,20000,0,0,0,20000,0,20000,20000
065886,中磊元富9C購01  ,0,0,0,0,0,0,0,0,0,20000,0,0,0,70000,50000,20000,20000
065993,立積永豐01購02  ,0,0,0,0,0,0,0,0,0,20000,0,0,0,20000,0,20000,20000
6452,康友-KY         ,120000,131000,-11000,0,0,0,0,0,0,31000,0,0,0,42000,11000,31000,20000
6541,泰福-KY         ,67000,47000,20000,0,0,0,0,0,0,0,0,0,0,0,0,0,20000
08939P,緯穎元大01售06  ,0,0,0,0,0,0,0,0,0,20000,0,0,0,45000,25000,20000,20000
08725P,臺股指元大01售06,0,0,0,0,0,0,0,0,0,20000,0,0,0,20000,0,20000,20000
08818P,台灣50凱基01售18,0,0,0,0,0,0,0,0,0,20000,0,0,0,20000,0,20000,20000
08845P,友訊元大01售05  ,0,0,0,0,0,0,0,0,0,20000,0,0,0,20000,0,20000,20000
08487P,同欣電群益01售01,0,0,0,0,0,0,0,0,0,20000,0,0,0,40000,20000,20000,20000
08468P,台郡統一9C售02  ,0,0,0,0,0,0,0,0,0,20000,0,0,0,60000,40000,20000,20000
08691P,鎧勝中信05售02  ,0,0,0,0,0,0,0,0,0,20000,0,0,0,20000,0,20000,20000
08567P,台勝科群益9C售01,0,0,0,0,0,0,0,0,0,20000,0,0,0,20000,0,20000,20000
08509P,臺股指國票9C售10,0,0,0,0,0,0,0,0,0,20000,0,0,0,112000,92000,20000,20000
2038,海光            ,50000,30000,20000,0,0,0,0,0,0,0,0,0,0,0,0,0,20000
2302,麗正            ,29000,9000,20000,0,0,0,0,0,0,0,0,0,0,0,0,0,20000
4566,時碩工業        ,20000,0,20000,0,0,0,0,0,0,0,0,0,0,0,0,0,20000
066296,昇陽半元大01購02,0,0,0,0,0,0,0,0,0,19000,0,0,0,200000,181000,19000,19000
066781,滬深2X中信04購01,0,0,0,0,0,0,0,0,0,19000,0,0,0,240000,221000,19000,19000
066859,華擎國票02購01  ,0,0,0,0,0,0,0,0,0,19000,0,0,0,25000,6000,19000,19000
066860,健策國票02購02  ,0,0,0,0,0,0,0,0,0,19000,0,0,0,49000,30000,19000,19000
067226,台灣50群益01購09,0,0,0,0,0,0,0,0,0,19000,0,0,0,19000,0,19000,19000
067236,聯發科群益01購06,0,0,0,0,0,0,0,0,0,19000,0,0,0,71000,52000,19000,19000
067005,盟立永豐01購04  ,0,0,0,0,0,0,0,0,0,19000,0,0,0,210000,191000,19000,19000
067021,正崴中信01購01  ,0,0,0,0,0,0,0,0,0,19000,0,0,0,55000,36000,19000,19000
07106P,國巨統一9B售05  ,0,0,0,0,0,0,0,0,0,19000,0,0,0,20000,1000,19000,19000
067414,嘉澤康和01購01  ,0,0,0,0,0,0,0,0,0,19000,0,0,0,37000,18000,19000,19000
067337,欣興凱基01購01  ,0,0,0,0,0,0,0,0,0,19000,0,0,0,433000,414000,19000,19000
067729,台灣50元大01購29,0,0,0,0,0,0,0,0,0,19000,0,0,0,20000,1000,19000,19000
048070,聯發科元富99購03,0,0,0,0,0,0,0,0,0,19000,0,0,0,19000,0,19000,19000
03454B,臺股指元大04熊06,0,0,0,0,0,0,0,0,0,19000,0,0,0,75000,56000,19000,19000
059054,國巨凱基99購11  ,0,0,0,0,0,0,0,0,0,19000,0,0,0,36000,17000,19000,19000
062369,創意元大9B購01  ,0,0,0,0,0,0,0,0,0,19000,0,0,0,21000,2000,19000,19000
061702,奇鋐國票9A購02  ,0,0,0,0,0,0,0,0,0,19000,0,0,0,118000,99000,19000,19000
061395,健策統一9C購02  ,0,0,0,0,0,0,0,0,0,19000,0,0,0,31000,12000,19000,19000
063463,瑞昱元大9B購05  ,0,0,0,0,0,0,0,0,0,19000,0,0,0,21000,2000,19000,19000
063357,聯發科國泰01購04,0,0,0,0,0,0,0,0,0,19000,0,0,0,19000,0,19000,19000
060878,奇力新中信9C購01,0,0,0,0,0,0,0,0,0,19000,0,0,0,21000,2000,19000,19000
060741,滬深2X國票9A購05,0,0,0,0,0,0,0,0,0,19000,0,0,0,20000,1000,19000,19000
060819,國巨統一9C購04  ,0,0,0,0,0,0,0,0,0,19000,0,0,0,19000,0,19000,19000
065878,麗豐群益02購01  ,0,0,0,0,0,0,0,0,0,19000,0,0,0,54000,35000,19000,19000
065335,玉晶光台新9C購03,0,0,0,0,0,0,0,0,0,19000,0,0,0,629000,610000,19000,19000
065369,瑞昱元大9C購01  ,0,0,0,0,0,0,0,0,0,19000,0,0,0,20000,1000,19000,19000
064886,燿華中信01購01  ,0,0,0,0,0,0,0,0,0,19000,0,0,0,20000,1000,19000,19000
064288,瀚宇博元大9C購02,0,0,0,0,0,0,0,0,0,19000,0,0,0,40000,21000,19000,19000
064791,友達國票9C購01  ,0,0,0,0,0,0,0,0,0,19000,0,0,0,19000,0,19000,19000
063805,技嘉兆豐9C購01  ,0,0,0,0,0,0,0,0,0,19000,0,0,0,19000,0,19000,19000
063557,聚陽元大9B購01  ,0,0,0,0,0,0,0,0,0,19000,0,0,0,21000,2000,19000,19000
3050,鈺德            ,39000,20000,19000,0,0,0,0,0,0,0,0,0,0,0,0,0,19000
1712,興農            ,106000,108000,-2000,0,0,0,0,0,0,21000,21000,0,21000,0,0,0,19000
08414P,超眾凱基9C售02  ,0,0,0,0,0,0,0,0,0,19000,0,0,0,50000,31000,19000,19000
08304P,大立光中信02售01,0,0,0,0,0,0,0,0,0,19000,0,0,0,20000,1000,19000,19000
08861P,台積電統一01售10,0,0,0,0,0,0,0,0,0,19000,0,0,0,479000,460000,19000,19000
067009,樺漢永豐01購01  ,0,0,0,0,0,0,0,0,0,18000,0,0,0,68000,50000,18000,18000
066093,世紀鋼永豐01購01,0,0,0,0,0,0,0,0,0,18000,0,0,0,34000,16000,18000,18000
057774,台光電群益99購02,0,0,0,0,0,0,0,0,0,18000,0,0,0,18000,0,18000,18000
057887,智原群益98購04  ,0,0,0,0,0,0,0,0,0,18000,0,0,0,18000,0,18000,18000
057878,台郡元大99購04  ,0,0,0,0,0,0,0,0,0,18000,0,0,0,18000,0,18000,18000
058396,力山元大99購01  ,0,0,0,0,0,0,0,0,0,18000,0,0,0,18000,0,18000,18000
059095,訊芯元大99購01  ,0,0,0,0,0,0,0,0,0,18000,0,0,0,100000,82000,18000,18000
054514,道瓊銀元大98購01,0,0,0,0,0,0,0,0,0,18000,0,0,0,80000,62000,18000,18000
056726,友達日盛9A購01  ,0,0,0,0,0,0,0,0,0,18000,0,0,0,18000,0,18000,18000
054272,華通中信98購01  ,0,0,0,0,0,0,0,0,0,18000,0,0,0,36000,18000,18000,18000
058944,元石油群益9C購02,0,0,0,0,0,0,0,0,0,18000,0,0,0,51000,33000,18000,18000
060401,世紀鋼國票9B購01,0,0,0,0,0,0,0,0,0,18000,0,0,0,321000,303000,18000,18000
060874,中鋼中信02購01  ,0,0,0,0,0,0,0,0,0,18000,0,0,0,20000,2000,18000,18000
061497,大立光國票9A購09,0,0,0,0,0,0,0,0,0,18000,0,0,0,18000,0,18000,18000
063364,聯發科富邦01購02,0,0,0,0,0,0,0,0,0,18000,0,0,0,19000,1000,18000,18000
061403,滬深2X國票9A購06,0,0,0,0,0,0,0,0,0,18000,0,0,0,20000,2000,18000,18000
061427,旭富元大9A購02  ,0,0,0,0,0,0,0,0,0,18000,0,0,0,100000,82000,18000,18000
063519,聚陽凱基9B購02  ,0,0,0,0,0,0,0,0,0,18000,0,0,0,20000,2000,18000,18000
063821,南亞科麥證9C購01,0,0,0,18000,0,18000,0,0,0,18000,0,0,0,18000,0,18000,18000
064064,義隆富邦03購01  ,0,0,0,0,0,0,0,0,0,18000,0,0,0,19000,1000,18000,18000
064432,台積電凱基9C購04,0,0,0,0,0,0,0,0,0,18000,0,0,0,22000,4000,18000,18000
064378,群創元富9C購01  ,0,0,0,0,0,0,0,0,0,18000,0,0,0,38000,20000,18000,18000
065075,葡萄王元大01購01,0,0,0,0,0,0,0,0,0,18000,0,0,0,147000,129000,18000,18000
065147,寶成凱基01購01  ,0,0,0,0,0,0,0,0,0,18000,0,0,0,32000,14000,18000,18000
066016,台表科元富01購02,0,0,0,0,0,0,0,0,0,18000,0,0,0,18000,0,18000,18000
065657,智邦富邦9C購01  ,0,0,0,0,0,0,0,0,0,18000,0,0,0,45000,27000,18000,18000
08697P,臺股指麥證01售03,0,0,0,20000,2000,18000,0,0,0,18000,0,0,0,20000,2000,18000,18000
2528,皇普            ,17000,2000,15000,0,0,0,0,0,0,3000,3000,0,3000,0,0,0,18000
2524,京城            ,33000,15000,18000,0,0,0,0,0,0,0,0,0,0,0,0,0,18000
2516,新建            ,94000,76000,18000,0,0,0,0,0,0,0,0,0,0,0,0,0,18000
066100,鎧勝中信05購01  ,0,0,0,0,0,0,0,0,0,17000,0,0,0,37000,20000,17000,17000
066169,晶豪科凱基01購01,0,0,0,0,0,0,0,0,0,17000,0,0,0,37000,20000,17000,17000
066593,奇鋐群益01購01  ,0,0,0,0,0,0,0,0,0,17000,0,0,0,72000,55000,17000,17000
066442,華碩群益01購01  ,0,0,0,0,0,0,0,0,0,17000,0,0,0,49000,32000,17000,17000
066955,新日興元大01購01,0,0,0,0,0,0,0,0,0,17000,0,0,0,68000,51000,17000,17000
067356,欣興群益01購01  ,0,0,0,0,0,0,0,0,0,17000,0,0,0,132000,115000,17000,17000
067487,京鼎元大01購06  ,0,0,0,0,0,0,0,0,0,17000,0,0,0,47000,30000,17000,17000
05887P,友達元富99售03  ,0,0,0,0,0,0,0,0,0,17000,0,0,0,82000,65000,17000,17000
058750,緯穎凱基9A購03  ,0,0,0,0,0,0,0,0,0,17000,0,0,0,30000,13000,17000,17000
059268,鎧勝中信01購01  ,0,0,0,0,0,0,0,0,0,17000,0,0,0,22000,5000,17000,17000
053361,友達元富99購01  ,0,0,0,0,0,0,0,0,0,17000,0,0,0,120000,103000,17000,17000
053396,漢唐中信9A購01  ,0,0,0,0,0,0,0,0,0,17000,0,0,0,100000,83000,17000,17000
03669C,滬深2X元富09牛01,0,0,0,0,0,0,0,0,0,17000,0,0,0,67000,50000,17000,17000
058615,矽創元大99購01  ,0,0,0,0,0,0,0,0,0,17000,0,0,0,112000,95000,17000,17000
059630,美律凱基99購07  ,0,0,0,0,0,0,0,0,0,17000,0,0,0,33000,16000,17000,17000
061977,國巨元大9B購02  ,0,0,0,0,0,0,0,0,0,17000,0,0,0,69000,52000,17000,17000
062178,上銀元大9B購03  ,0,0,0,0,0,0,0,0,0,17000,0,0,0,50000,33000,17000,17000
062457,京元電群益9B購01,0,0,0,0,0,0,0,0,0,17000,0,0,0,24000,7000,17000,17000
062761,嘉晶凱基9C購01  ,0,0,0,0,0,0,0,0,0,17000,0,0,0,438000,421000,17000,17000
062834,立積群益9B購02  ,0,0,0,0,0,0,0,0,0,17000,0,0,0,28000,11000,17000,17000
060957,SP黃豆凱基9A購04,0,0,0,0,0,0,0,0,0,17000,0,0,0,30000,13000,17000,17000
060993,健策元大9B購03  ,0,0,0,0,0,0,0,0,0,17000,0,0,0,18000,1000,17000,17000
061094,彩晶統一9B購02  ,0,0,0,0,0,0,0,0,0,17000,0,0,0,688000,671000,17000,17000
061132,志超永豐9A購01  ,0,0,0,0,0,0,0,0,0,17000,0,0,0,17000,0,17000,17000
065518,聯鈞群益9C購02  ,0,0,0,0,0,0,0,0,0,17000,0,0,0,72000,55000,17000,17000
065829,嘉晶凱基9C購05  ,0,0,0,0,0,0,0,0,0,17000,0,0,0,378000,361000,17000,17000
065818,奇鋐元富9C購01  ,0,0,0,0,0,0,0,0,0,17000,0,0,0,269000,252000,17000,17000
065241,南電凱基01購02  ,0,0,0,0,0,0,0,0,0,17000,0,0,0,108000,91000,17000,17000
064996,T50反1國票01購03,0,0,0,0,0,0,0,0,0,17000,0,0,0,17000,0,17000,17000
064441,嘉澤凱基9C購02  ,0,0,0,0,0,0,0,0,0,17000,0,0,0,78000,61000,17000,17000
064291,南六元大9C購04  ,0,0,0,0,0,0,0,0,0,17000,0,0,0,239000,222000,17000,17000
064539,玉晶光麥證01購01,0,0,0,21000,4000,17000,0,0,0,17000,0,0,0,21000,4000,17000,17000
064520,京鼎群益02購01  ,0,0,0,0,0,0,0,0,0,17000,0,0,0,20000,3000,17000,17000
064503,日電貿元大9C購01,0,0,0,0,0,0,0,0,0,17000,0,0,0,17000,0,17000,17000
063784,華通中信06購01  ,0,0,0,0,0,0,0,0,0,17000,0,0,0,17000,0,17000,17000
063728,國巨元大9B購21  ,0,0,0,0,0,0,0,0,0,17000,0,0,0,132000,115000,17000,17000
2727,王品            ,62000,65000,-3000,0,0,0,0,0,0,20000,20000,0,20000,0,0,0,17000
3454,晶睿            ,21000,4000,17000,0,0,0,0,0,0,0,0,0,0,0,0,0,17000
08517P,奇力新群益9C售03,0,0,0,0,0,0,0,0,0,17000,0,0,0,17000,0,17000,17000
08534P,玉晶光元富06售02,0,0,0,0,0,0,0,0,0,17000,0,0,0,375000,358000,17000,17000
8940,新天地          ,19000,2000,17000,0,0,0,0,0,0,0,0,0,0,0,0,0,17000
066367,緯創中信05購01  ,0,0,0,0,0,0,0,0,0,16000,0,0,0,33000,17000,16000,16000
057747,致新永豐98購01  ,0,0,0,0,0,0,0,0,0,16000,0,0,0,26000,10000,16000,16000
062562,瑞儀凱基9B購02  ,0,0,0,0,0,0,0,0,0,16000,0,0,0,16000,0,16000,16000
057566,欣興富邦99購01  ,0,0,0,0,0,0,0,0,0,16000,0,0,0,16000,0,16000,16000
058721,立積元富9C購01  ,0,0,0,0,0,0,0,0,0,16000,0,0,0,16000,0,16000,16000
058727,嘉晶富邦9A購01  ,0,0,0,0,0,0,0,0,0,16000,0,0,0,201000,185000,16000,16000
058693,旭富國票9A購01  ,0,0,0,0,0,0,0,0,0,16000,0,0,0,16000,0,16000,16000
058237,嘉晶元大99購04  ,0,0,0,0,0,0,0,0,0,16000,0,0,0,26000,10000,16000,16000
053449,超眾凱基98購01  ,0,0,0,0,0,0,0,0,0,16000,0,0,0,36000,20000,16000,16000
00733,富邦臺灣中小    ,0,0,0,0,0,0,0,0,0,16000,0,0,0,245000,229000,16000,16000
0054,元大台商50      ,0,0,0,0,0,0,0,0,0,16000,0,0,0,16000,0,16000,16000
056490,台積電國泰99購01,0,0,0,0,0,0,0,0,0,16000,0,0,0,82000,66000,16000,16000
054756,世紀鋼凱基99購01,0,0,0,0,0,0,0,0,0,16000,0,0,0,16000,0,16000,16000
063041,貿聯凱基9B購01  ,0,0,0,0,0,0,0,0,0,16000,0,0,0,16000,0,16000,16000
062637,智易國票9B購01  ,0,0,0,0,0,0,0,0,0,16000,0,0,0,16000,0,16000,16000
061431,鈺齊元大9A購01  ,0,0,0,0,0,0,0,0,0,16000,0,0,0,36000,20000,16000,16000
059923,緯穎元大99購09  ,0,0,0,0,0,0,0,0,0,16000,0,0,0,16000,0,16000,16000
061689,國巨群益9A購12  ,0,0,0,0,0,0,0,0,0,16000,0,0,0,29000,13000,16000,16000
062717,華邦電凱基9C購01,0,0,0,0,0,0,0,0,0,16000,0,0,0,36000,20000,16000,16000
063347,祥碩統一01購03  ,0,0,0,0,0,0,0,0,0,16000,0,0,0,398000,382000,16000,16000
063623,祥碩兆豐9B購02  ,0,0,0,0,0,0,0,0,0,16000,0,0,0,80000,64000,16000,16000
063899,同欣電群益9C購01,0,0,0,0,0,0,0,0,0,16000,0,0,0,40000,24000,16000,16000
064225,健策國票01購02  ,0,0,0,0,0,0,0,0,0,16000,0,0,0,33000,17000,16000,16000
064475,台積電國泰02購03,0,0,0,0,0,0,0,0,0,16000,0,0,0,19000,3000,16000,16000
064941,台積電台新9C購04,0,0,0,0,0,0,0,0,0,16000,0,0,0,16000,0,16000,16000
065216,群創國泰01購02  ,0,0,0,0,0,0,0,0,0,16000,0,0,0,103000,87000,16000,16000
066048,奇鋐元大01購01  ,0,0,0,0,0,0,0,0,0,16000,0,0,0,68000,52000,16000,16000
065545,華通兆豐9C購03  ,0,0,0,0,0,0,0,0,0,16000,0,0,0,36000,20000,16000,16000
065685,同欣電統一01購04,0,0,0,0,0,0,0,0,0,16000,0,0,0,458000,442000,16000,16000
08821P,旺宏凱基01售01  ,0,0,0,0,0,0,0,0,0,16000,0,0,0,16000,0,16000,16000
066596,健策群益02購01  ,0,0,0,0,0,0,0,0,0,15000,0,0,0,68000,53000,15000,15000
066173,泰碩凱基02購01  ,0,0,0,0,0,0,0,0,0,15000,0,0,0,20000,5000,15000,15000
066061,超眾元大01購04  ,0,0,0,0,0,0,0,0,0,15000,0,0,0,167000,152000,15000,15000
066258,台積電元大01購10,0,0,0,0,0,0,0,0,0,15000,0,0,0,15000,0,15000,15000
066806,京鼎凱基02購01  ,0,0,0,0,0,0,0,0,0,15000,0,0,0,33000,18000,15000,15000
066929,國巨國票02購03  ,0,0,0,0,0,0,0,0,0,15000,0,0,0,136000,121000,15000,15000
066669,華擎凱基02購02  ,0,0,0,0,0,0,0,0,0,15000,0,0,0,75000,60000,15000,15000
07768P,緯穎群益9A售02  ,0,0,0,0,0,0,0,0,0,15000,0,0,0,15000,0,15000,15000
08002P,大毅國票9B售03  ,0,0,0,0,0,0,0,0,0,15000,0,0,0,15000,0,15000,15000
07968P,國巨元大9B售09  ,0,0,0,0,0,0,0,0,0,15000,0,0,0,15000,0,15000,15000
056946,國巨統一98購05  ,0,0,0,0,0,0,0,0,0,15000,0,0,0,31000,16000,15000,15000
056202,國揚永豐97購01  ,0,0,0,0,0,0,0,0,0,15000,0,0,0,15000,0,15000,15000
056422,全新統一98購02  ,0,0,0,0,0,0,0,0,0,15000,0,0,0,15000,0,15000,15000
058746,華通凱基9A購02  ,0,0,0,0,0,0,0,0,0,15000,0,0,0,41000,26000,15000,15000
053364,友達國泰98購01  ,0,0,0,0,0,0,0,0,0,15000,0,0,0,15000,0,15000,15000
052888,台表科中信9A購01,0,0,0,0,0,0,0,0,0,15000,0,0,0,15000,0,15000,15000
057659,台表科兆豐98購01,0,0,0,0,0,0,0,0,0,15000,0,0,0,15000,0,15000,15000
058078,景碩國票99購01  ,0,0,0,0,0,0,0,0,0,15000,0,0,0,15000,0,15000,15000
058493,台積電群益9A購01,0,0,0,0,0,0,0,0,0,15000,0,0,0,15000,0,15000,15000
058644,元黃金富邦03購01,0,0,0,0,0,0,0,0,0,15000,0,0,0,15000,0,15000,15000
062007,台光電國泰9C購01,0,0,0,0,0,0,0,0,0,15000,0,0,0,15000,0,15000,15000
063226,康控群益9B購03  ,0,0,0,0,0,0,0,0,0,15000,0,0,0,15000,0,15000,15000
063087,南六凱基9C購02  ,0,0,0,0,0,0,0,0,0,15000,0,0,0,95000,80000,15000,15000
060541,正隆凱基9A購01  ,0,0,0,0,0,0,0,0,0,15000,0,0,0,25000,10000,15000,15000
060502,國巨元大9A購07  ,0,0,0,0,0,0,0,0,0,15000,0,0,0,36000,21000,15000,15000
061743,祥碩凱基9B購02  ,0,0,0,0,0,0,0,0,0,15000,0,0,0,15000,0,15000,15000
062113,瑞祺國票9B購01  ,0,0,0,0,0,0,0,0,0,15000,0,0,0,15000,0,15000,15000
062087,瑞祺元大9B購02  ,0,0,0,0,0,0,0,0,0,15000,0,0,0,55000,40000,15000,15000
062141,遠東新國票9B購01,0,0,0,0,0,0,0,0,0,15000,0,0,0,53000,38000,15000,15000
062778,國巨元大9B購17  ,0,0,0,0,0,0,0,0,0,15000,0,0,0,90000,75000,15000,15000
061127,美食永豐9A購01  ,0,0,0,0,0,0,0,0,0,15000,0,0,0,15000,0,15000,15000
060696,道瓊反國泰9C購01,0,0,0,0,0,0,0,0,0,15000,0,0,0,15000,0,15000,15000
060767,世紀鋼元大9A購02,0,0,0,0,0,0,0,0,0,15000,0,0,0,75000,60000,15000,15000
060959,金像電凱基9A購01,0,0,0,0,0,0,0,0,0,15000,0,0,0,35000,20000,15000,15000
064518,華新科群益02購01,0,0,0,0,0,0,0,0,0,15000,0,0,0,90000,75000,15000,15000
063914,和碩凱基9C購01  ,0,0,0,0,0,0,0,0,0,15000,0,0,0,15000,0,15000,15000
063710,光寶科凱基9C購01,0,0,0,0,0,0,0,0,0,15000,0,0,0,15000,0,15000,15000
08769P,上証2X凱基01售02,0,0,0,0,0,0,0,0,0,15000,0,0,0,15000,0,15000,15000
08654P,台積電群益9C售13,0,0,0,0,0,0,0,0,0,15000,0,0,0,15000,0,15000,15000
3501,維熹            ,29000,14000,15000,0,0,0,0,0,0,0,0,0,0,0,0,0,15000
4141,龍燈-KY         ,34000,19000,15000,0,0,0,0,0,0,0,0,0,0,0,0,0,15000
3013,晟銘電          ,111000,93000,18000,0,0,0,0,0,0,-3000,0,3000,-3000,0,0,0,15000
2514,龍邦            ,16000,1000,15000,0,0,0,0,0,0,0,0,0,0,0,0,0,15000
2832,台產            ,16000,1000,15000,0,0,0,0,0,0,0,1000,1000,0,0,0,0,15000
1540,喬福            ,16000,1000,15000,0,0,0,0,0,0,0,0,0,0,0,0,0,15000
08120P,南亞科國票9C售01,0,0,0,0,0,0,0,0,0,14000,0,0,0,14000,0,14000,14000
07801P,上銀永豐9A售02  ,0,0,0,0,0,0,0,0,0,14000,0,0,0,14000,0,14000,14000
06797P,臺股指凱基98售07,0,0,0,0,0,0,0,0,0,14000,0,0,0,14000,0,14000,14000
058584,百和群益9A購01  ,0,0,0,0,0,0,0,0,0,14000,0,0,0,131000,117000,14000,14000
058424,滬深2X元富99購04,0,0,0,0,0,0,0,0,0,14000,0,0,0,14000,0,14000,14000
058009,智易國票99購01  ,0,0,0,0,0,0,0,0,0,14000,0,0,0,14000,0,14000,14000
059055,旺宏凱基9B購02  ,0,0,0,0,0,0,0,0,0,14000,0,0,0,15000,1000,14000,14000
058048,群創元大9B購07  ,0,0,0,0,0,0,0,0,0,14000,0,0,0,64000,50000,14000,14000
057670,欣興元大99購02  ,0,0,0,0,0,0,0,0,0,14000,0,0,0,18000,4000,14000,14000
058227,台灣50元大9C購01,0,0,0,0,0,0,0,0,0,14000,0,0,0,14000,0,14000,14000
058146,勤誠元大99購01  ,0,0,0,0,0,0,0,0,0,14000,0,0,0,14000,0,14000,14000
053082,聯電元大98購03  ,0,0,0,0,0,0,0,0,0,14000,0,0,0,25000,11000,14000,14000
056519,創意國票99購01  ,0,0,0,0,0,0,0,0,0,14000,0,0,0,14000,0,14000,14000
050014,國巨富邦98購01  ,0,0,0,0,0,0,0,0,0,14000,0,0,0,14000,0,14000,14000
051695,元金2X中信98購01,0,0,0,0,0,0,0,0,0,14000,0,0,0,15000,1000,14000,14000
054470,緯穎國票97購04  ,0,0,0,0,0,0,0,0,0,14000,0,0,0,14000,0,14000,14000
056638,臺股指日盛98購01,0,0,0,0,0,0,0,0,0,14000,0,0,0,17000,3000,14000,14000
058856,新光金兆豐99購01,0,0,0,0,0,0,0,0,0,14000,0,0,0,120000,106000,14000,14000
055290,玉晶光元大98購08,0,0,0,0,0,0,0,0,0,14000,0,0,0,14000,0,14000,14000
061292,玉晶光統一01購06,0,0,0,0,0,0,0,0,0,14000,0,0,0,16000,2000,14000,14000
062987,祥碩中信01購01  ,0,0,0,0,0,0,0,0,0,14000,0,0,0,49000,35000,14000,14000
062189,康控元大9B購02  ,0,0,0,0,0,0,0,0,0,14000,0,0,0,14000,0,14000,14000
062191,台郡元大9B購05  ,0,0,0,0,0,0,0,0,0,14000,0,0,0,14000,0,14000,14000
061789,群創群益9B購01  ,0,0,0,0,0,0,0,0,0,14000,0,0,0,14000,0,14000,14000
059841,國巨富邦9C購01  ,0,0,0,0,0,0,0,0,0,14000,0,0,0,123000,109000,14000,14000
059707,健策凱基9A購03  ,0,0,0,0,0,0,0,0,0,14000,0,0,0,18000,4000,14000,14000
060477,和潤元大9A購01  ,0,0,0,0,0,0,0,0,0,14000,0,0,0,14000,0,14000,14000
061912,台積電中信05購05,0,0,0,0,0,0,0,0,0,14000,0,0,0,14000,0,14000,14000
059675,大立光元富99購08,0,0,0,0,0,0,0,0,0,14000,0,0,0,32000,18000,14000,14000
063147,東元元富9B購01  ,0,0,0,0,0,0,0,0,0,14000,0,0,0,72000,58000,14000,14000
063839,華通元大9C購02  ,0,0,0,0,0,0,0,0,0,14000,0,0,0,54000,40000,14000,14000
063619,聯發科兆豐01購01,0,0,0,0,0,0,0,0,0,14000,0,0,0,81000,67000,14000,14000
063893,微星群益9C購01  ,0,0,0,0,0,0,0,0,0,14000,0,0,0,36000,22000,14000,14000
064163,康控統一01購01  ,0,0,0,0,0,0,0,0,0,14000,0,0,0,109000,95000,14000,14000
064134,瑞祺元大9C購02  ,0,0,0,0,0,0,0,0,0,14000,0,0,0,14000,0,14000,14000
064623,創意元大9C購04  ,0,0,0,0,0,0,0,0,0,14000,0,0,0,45000,31000,14000,14000
064803,智邦元大9C購05  ,0,0,0,0,0,0,0,0,0,14000,0,0,0,128000,114000,14000,14000
064362,友達統一01購02  ,0,0,0,0,0,0,0,0,0,14000,0,0,0,58000,44000,14000,14000
065598,微星元大01購02  ,0,0,0,0,0,0,0,0,0,14000,0,0,0,25000,11000,14000,14000
065497,台積電富邦03購03,0,0,0,0,0,0,0,0,0,14000,0,0,0,20000,6000,14000,14000
065140,國巨凱基01購02  ,0,0,0,0,0,0,0,0,0,14000,0,0,0,88000,74000,14000,14000
1614,三洋電          ,38000,20000,18000,0,0,0,0,0,0,-4000,0,4000,-4000,0,0,0,14000
2482,連宇            ,16000,2000,14000,0,0,0,0,0,0,0,0,0,0,0,0,0,14000
2701,萬企            ,14000,0,14000,0,0,0,0,0,0,0,0,0,0,0,0,0,14000
4190,佐登-KY         ,19000,4000,15000,0,0,0,0,0,0,-1000,0,0,0,0,1000,-1000,14000
08626P,臺股指群益9C售21,0,0,0,0,0,0,0,0,0,14000,0,0,0,14000,0,14000,14000
1527,鑽全            ,48249,33000,15249,0,0,0,0,0,0,-2000,0,2000,-2000,0,0,0,13249
07328P,FBVIX國泰9B售01 ,0,0,0,0,0,0,0,0,0,13000,0,0,0,13000,0,13000,13000
08239P,南六永豐9B售03  ,0,0,0,0,0,0,0,0,0,13000,0,0,0,13000,0,13000,13000
08074P,緯穎元富9B售02  ,0,0,0,0,0,0,0,0,0,13000,0,0,0,78000,65000,13000,13000
067098,台積電群益01購10,0,0,0,0,0,0,0,0,0,13000,0,0,0,195000,182000,13000,13000
066257,台積電元大01購09,0,0,0,0,0,0,0,0,0,13000,0,0,0,16000,3000,13000,13000
066137,智易群益01購01  ,0,0,0,0,0,0,0,0,0,13000,0,0,0,94000,81000,13000,13000
066647,聯發科麥證01購04,0,0,0,13000,0,13000,0,0,0,13000,0,0,0,13000,0,13000,13000
066501,鴻海富邦03購01  ,0,0,0,0,0,0,0,0,0,13000,0,0,0,13000,0,13000,13000
056906,玉晶光元大9B購01,0,0,0,0,0,0,0,0,0,13000,0,0,0,105000,92000,13000,13000
058824,晶技富邦9A購01  ,0,0,0,0,0,0,0,0,0,13000,0,0,0,15000,2000,13000,13000
058775,台積電國票9A購02,0,0,0,0,0,0,0,0,0,13000,0,0,0,13000,0,13000,13000
053584,友達元大9B購02  ,0,0,0,0,0,0,0,0,0,13000,0,0,0,165000,152000,13000,13000
00682U,元大美元指數    ,0,0,0,0,0,0,0,0,0,13000,0,0,0,21000,8000,13000,13000
01003T,兆豐新光R1      ,13000,0,13000,0,0,0,0,0,0,0,0,0,0,0,0,0,13000
057236,聯詠凱基98購03  ,0,0,0,0,0,0,0,0,0,13000,0,0,0,43000,30000,13000,13000
058610,欣興元大99購05  ,0,0,0,0,0,0,0,0,0,13000,0,0,0,15000,2000,13000,13000
062234,廣達凱基9B購01  ,0,0,0,0,0,0,0,0,0,13000,0,0,0,89000,76000,13000,13000
060463,台積電元大9A購10,0,0,0,0,0,0,0,0,0,13000,0,0,0,16000,3000,13000,13000
061871,瑞昱元大9B購01  ,0,0,0,0,0,0,0,0,0,13000,0,0,0,17000,4000,13000,13000
061872,友達元大9C購06  ,0,0,0,0,0,0,0,0,0,13000,0,0,0,30000,17000,13000,13000
059706,嘉晶凱基99購01  ,0,0,0,0,0,0,0,0,0,13000,0,0,0,114000,101000,13000,13000
060114,緯穎元大99購10  ,0,0,0,0,0,0,0,0,0,13000,0,0,0,13000,0,13000,13000
061573,義隆元大9A購02  ,0,0,0,0,0,0,0,0,0,13000,0,0,0,13000,0,13000,13000
062196,聯發科中信01購02,0,0,0,0,0,0,0,0,0,13000,0,0,0,13000,0,13000,13000
062652,上証2X永豐9B購01,0,0,0,0,0,0,0,0,0,13000,0,0,0,43000,30000,13000,13000
063038,富邦金凱基9B購02,0,0,0,0,0,0,0,0,0,13000,0,0,0,96000,83000,13000,13000
060730,台積電群益9A購03,0,0,0,0,0,0,0,0,0,13000,0,0,0,13000,0,13000,13000
065002,致茂國票01購01  ,0,0,0,0,0,0,0,0,0,13000,0,0,0,201000,188000,13000,13000
06496P,台灣50日盛98售01,0,0,0,0,0,0,0,0,0,13000,0,0,0,182000,169000,13000,13000
065498,台積電富邦04購02,0,0,0,0,0,0,0,0,0,13000,0,0,0,27000,14000,13000,13000
065689,群創元富9C購04  ,0,0,0,0,0,0,0,0,0,13000,0,0,0,13000,0,13000,13000
064459,創意統一02購01  ,0,0,0,0,0,0,0,0,0,13000,0,0,0,121000,108000,13000,13000
064295,聚陽國票01購01  ,0,0,0,0,0,0,0,0,0,13000,0,0,0,13000,0,13000,13000
064702,百和群益01購01  ,0,0,0,0,0,0,0,0,0,13000,0,0,0,137000,124000,13000,13000
063641,泰鼎元大9B購04  ,0,0,0,0,0,0,0,0,0,13000,0,0,0,13000,0,13000,13000
063523,微星凱基9B購03  ,0,0,0,0,0,0,0,0,0,13000,0,0,0,13000,0,13000,13000
1532,勤美            ,37000,24000,13000,0,0,0,0,0,0,0,0,0,0,0,0,0,13000
2022,聚亨            ,38000,26000,12000,0,0,0,0,0,0,1000,1000,0,1000,0,0,0,13000
2491,吉祥全          ,15000,2000,13000,0,0,0,0,0,0,0,0,0,0,0,0,0,13000
2450,神腦            ,20000,10000,10000,0,0,0,0,0,0,3000,4000,1000,3000,0,0,0,13000
2707,晶華            ,37000,24000,13000,0,0,0,0,0,0,0,0,0,0,0,0,0,13000
08426P,奇力新國票01售01,0,0,0,0,0,0,0,0,0,13000,0,0,0,13000,0,13000,13000
08728P,緯穎群益01售01  ,0,0,0,0,0,0,0,0,0,13000,0,0,0,13000,0,13000,13000
08833P,緯穎群益01售03  ,0,1000,-1000,0,0,0,0,0,0,14000,0,0,0,44000,30000,14000,13000
08922P,京元電永豐01售01,0,0,0,0,0,0,0,0,0,13000,0,0,0,13000,0,13000,13000
8473,山林水          ,13000,0,13000,0,0,0,0,0,0,0,0,0,0,0,0,0,13000
066557,京鼎元大01購01  ,0,0,0,0,0,0,0,0,0,12000,0,0,0,20000,8000,12000,12000
066155,華碩康和01購01  ,0,0,0,0,0,0,0,0,0,12000,0,0,0,298000,286000,12000,12000
067238,大立光群益02購03,0,0,0,0,0,0,0,0,0,12000,0,0,0,12000,0,12000,12000
067164,台虹國票02購01  ,0,0,0,0,0,0,0,0,0,12000,0,0,0,143000,131000,12000,12000
066727,鴻海元大01購12  ,0,0,0,0,0,0,0,0,0,12000,0,0,0,12000,0,12000,12000
066829,奇力新群益01購01,0,0,0,0,0,0,0,0,0,12000,0,0,0,189000,177000,12000,12000
08262P,茂林元大9C售01  ,0,0,0,0,0,0,0,0,0,12000,0,0,0,50000,38000,12000,12000
07067P,旺宏台新99售02  ,0,0,0,0,0,0,0,0,0,12000,0,0,0,12000,0,12000,12000
06891P,緯穎富邦99售03  ,0,0,0,0,0,0,0,0,0,12000,0,0,0,15000,3000,12000,12000
07739P,緯穎永豐9A售01  ,0,0,0,0,0,0,0,0,0,12000,0,0,0,12000,0,12000,12000
06777P,鴻海元大99售06  ,0,0,0,0,0,0,0,0,0,12000,0,0,0,12000,0,12000,12000
067489,華擎元大01購06  ,0,0,0,0,0,0,0,0,0,12000,0,0,0,12000,0,12000,12000
067292,大立光兆豐01購01,0,0,0,0,0,0,0,0,0,12000,0,0,0,12000,0,12000,12000
062322,元金2X統一01購01,0,0,0,0,0,0,0,0,0,12000,0,0,0,12000,0,12000,12000
062312,大立光凱基9B購03,0,0,0,0,0,0,0,0,0,12000,0,0,0,12000,0,12000,12000
058625,旺宏國票9A購01  ,0,0,0,0,0,0,0,0,0,12000,0,0,0,12000,0,12000,12000
057891,華新科統一9A購01,0,0,0,0,0,0,0,0,0,12000,0,0,0,12000,0,12000,12000
057221,華通國票98購03  ,0,0,0,0,0,0,0,0,0,12000,0,0,0,25000,13000,12000,12000
058634,可成兆豐99購03  ,0,0,0,0,0,0,0,0,0,12000,0,0,0,17000,5000,12000,12000
057596,聯茂兆豐99購01  ,0,0,0,0,0,0,0,0,0,12000,0,0,0,14000,2000,12000,12000
057599,技嘉群益9A購01  ,0,0,0,0,0,0,0,0,0,12000,0,0,0,14000,2000,12000,12000
053401,臺股指中信99購01,0,0,0,0,0,0,0,0,0,12000,0,0,0,12000,0,12000,12000
057011,日月光中信99購01,0,0,0,0,0,0,0,0,0,12000,0,0,0,70000,58000,12000,12000
055409,元黃金富邦01購01,0,0,0,0,0,0,0,0,0,12000,0,0,0,12000,0,12000,12000
055570,華通統一98購03  ,0,0,0,0,0,0,0,0,0,12000,0,0,0,53000,41000,12000,12000
055106,台積電凱基98購05,0,0,0,0,0,0,0,0,0,12000,0,0,0,12000,0,12000,12000
055265,玉晶光永豐98購03,0,0,0,0,0,0,0,0,0,12000,0,0,0,221000,209000,12000,12000
056164,聯茂凱基98購03  ,0,0,0,0,0,0,0,0,0,12000,0,0,0,20000,8000,12000,12000
060646,南電永豐9A購01  ,0,0,0,0,0,0,0,0,0,12000,0,0,0,12000,0,12000,12000
062932,滬深2X凱基01購01,0,0,0,0,0,0,0,0,0,12000,0,0,0,63000,51000,12000,12000
062083,健策元大9C購03  ,0,0,0,0,0,0,0,0,0,12000,0,0,0,12000,0,12000,12000
059911,國巨元大99購27  ,0,0,0,0,0,0,0,0,0,12000,0,0,0,105000,93000,12000,12000
063842,國巨元大9C購10  ,0,0,0,0,0,0,0,0,0,12000,0,0,0,127000,115000,12000,12000
063704,麗豐群益9B購01  ,0,0,0,0,0,0,0,0,0,12000,0,0,0,27000,15000,12000,12000
064777,南亞科群益9C購01,0,0,0,0,0,0,0,0,0,12000,0,0,0,16000,4000,12000,12000
064629,和潤元大9C購01  ,0,0,0,0,0,0,0,0,0,12000,0,0,0,102000,90000,12000,12000
064643,瑞昱凱基04購01  ,0,0,0,0,0,0,0,0,0,12000,0,0,0,12000,0,12000,12000
064374,旺宏元富9C購01  ,0,0,0,0,0,0,0,0,0,12000,0,0,0,12000,0,12000,12000
065913,光寶科凱基01購01,0,0,0,0,0,0,0,0,0,12000,0,0,0,12000,0,12000,12000
065120,臺股指富邦9C購03,0,0,0,0,0,0,0,0,0,12000,0,0,0,12000,0,12000,12000
5907,大洋-KY         ,23000,11000,12000,0,0,0,0,0,0,0,0,0,0,0,0,0,12000
5706,鳳凰            ,18000,10000,8000,0,0,0,0,0,0,4000,5000,1000,4000,0,0,0,12000
08785P,滬深2X元富01售04,0,0,0,0,0,0,0,0,0,12000,0,0,0,25000,13000,12000,12000
08447P,緯穎永豐9C售02  ,0,0,0,0,0,0,0,0,0,12000,0,0,0,25000,13000,12000,12000
08621P,景碩群益9C售01  ,0,0,0,0,0,0,0,0,0,12000,0,0,0,12000,0,12000,12000
1473,台南            ,23000,9000,14000,0,0,0,0,0,0,-2000,0,2000,-2000,0,0,0,12000
067313,欣興元大03購01  ,0,0,0,0,0,0,0,0,0,11000,0,0,0,143000,132000,11000,11000
067497,康控元大01購04  ,0,0,0,0,0,0,0,0,0,11000,0,0,0,11000,0,11000,11000
067626,聚陽永豐01購01  ,0,0,0,0,0,0,0,0,0,11000,0,0,0,21000,10000,11000,11000
07366P,國巨康和99售02  ,0,0,0,0,0,0,0,0,0,11000,0,0,0,116000,105000,11000,11000
056118,聯詠群益97購03  ,0,0,0,0,0,0,0,0,0,11000,0,0,0,11000,0,11000,11000
054800,訊芯群益99購01  ,0,0,0,0,0,0,0,0,0,11000,0,0,0,12000,1000,11000,11000
056926,日月光兆豐98購01,0,0,0,0,0,0,0,0,0,11000,0,0,0,13000,2000,11000,11000
059006,樺漢元大99購01  ,0,0,0,0,0,0,0,0,0,11000,0,0,0,11000,0,11000,11000
057019,台積電凱基98購14,0,0,0,0,0,0,0,0,0,11000,0,0,0,37000,26000,11000,11000
057021,台積電凱基9A購02,0,0,0,0,0,0,0,0,0,11000,0,0,0,58000,47000,11000,11000
057043,台積電元大99購02,0,0,0,0,0,0,0,0,0,11000,0,0,0,11000,0,11000,11000
054472,道瓊反中信9A購01,0,0,0,0,0,0,0,0,0,11000,0,0,0,177000,166000,11000,11000
049200,元黃金群益98購01,0,0,0,0,0,0,0,0,0,11000,0,0,0,11000,0,11000,11000
052619,茂林國泰99購01  ,0,0,0,0,0,0,0,0,0,11000,0,0,0,15000,4000,11000,11000
03039X,元展36          ,0,0,0,0,0,0,0,0,0,11000,0,0,0,11000,0,11000,11000
00735,國泰臺韓科技    ,0,0,0,0,0,0,0,0,0,11000,0,0,0,115000,104000,11000,11000
00731,FH富時高息低波  ,0,0,0,0,0,0,0,0,0,11000,0,0,0,1012000,1001000,11000,11000
057467,祥碩永豐98購04  ,0,0,0,0,0,0,0,0,0,11000,0,0,0,11000,0,11000,11000
057876,隆達元大98購01  ,0,0,0,0,0,0,0,0,0,11000,0,0,0,11000,0,11000,11000
058611,欣興元大99購06  ,0,0,0,0,0,0,0,0,0,11000,0,0,0,25000,14000,11000,11000
062237,緯創凱基9B購01  ,0,0,0,0,0,0,0,0,0,11000,0,0,0,17000,6000,11000,11000
059726,華新科元大99購18,0,0,0,0,0,0,0,0,0,11000,0,0,0,42000,31000,11000,11000
061557,台積電國票9C購02,0,0,0,0,0,0,0,0,0,11000,0,0,0,11000,0,11000,11000
06028P,智邦台新97售01  ,0,0,0,0,0,0,0,0,0,11000,0,0,0,11000,0,11000,11000
059530,華新科凱基9A購05,0,0,0,0,0,0,0,0,0,11000,0,0,0,121000,110000,11000,11000
063403,鈺齊群益9B購01  ,0,0,0,0,0,0,0,0,0,11000,0,0,0,56000,45000,11000,11000
063497,東元永豐9B購01  ,0,0,0,0,0,0,0,0,0,11000,0,0,0,11000,0,11000,11000
063235,台積電元大9B購06,0,0,0,0,0,0,0,0,0,11000,0,0,0,11000,0,11000,11000
060889,國泰金統一9C購01,0,0,0,0,0,0,0,0,0,11000,0,0,0,299000,288000,11000,11000
061275,臺股指凱基9A購25,0,0,0,0,0,0,0,0,0,11000,0,0,0,19000,8000,11000,11000
060995,泰鼎元大9A購03  ,0,0,0,0,0,0,0,0,0,11000,0,0,0,11000,0,11000,11000
065864,光寶科群益9C購01,0,0,0,0,0,0,0,0,0,11000,0,0,0,11000,0,11000,11000
065666,旺宏凱基9C購03  ,0,0,0,0,0,0,0,0,0,11000,0,0,0,11000,0,11000,11000
064535,國產國票01購01  ,0,0,0,0,0,0,0,0,0,11000,0,0,0,66000,55000,11000,11000
063904,大立光麥證01購01,0,0,0,16000,5000,11000,0,0,0,11000,0,0,0,16000,5000,11000,11000
2358,廷鑫            ,25000,8000,17000,0,0,0,0,0,0,-6000,0,6000,-6000,0,0,0,11000
3058,立德            ,11000,0,11000,0,0,0,0,0,0,0,0,0,0,0,0,0,11000
08590P,智邦凱基9C售04  ,0,0,0,0,0,0,0,0,0,11000,0,0,0,93000,82000,11000,11000
08819P,上証2X凱基02售01,0,0,0,0,0,0,0,0,0,11000,0,0,0,11000,0,11000,11000
08814P,世紀鋼群益01售04,0,0,0,0,0,0,0,0,0,11000,0,0,0,11000,0,11000,11000
1441,大東            ,11000,0,11000,0,0,0,0,0,0,0,0,0,0,0,0,0,11000
1451,年興            ,19000,7000,12000,0,0,0,0,0,0,-1000,0,1000,-1000,0,0,0,11000
07385P,緯穎群益99售04  ,0,0,0,0,0,0,0,0,0,10000,0,0,0,10000,0,10000,10000
07523P,台積電中信9C售05,0,0,0,0,0,0,0,0,0,10000,0,0,0,10000,0,10000,10000
07741P,滬深2X凱基9B售04,0,0,0,0,0,0,0,0,0,10000,0,0,0,10000,0,10000,10000
07639P,緯穎國票9A售01  ,0,0,0,0,0,0,0,0,0,10000,0,0,0,10000,0,10000,10000
07669P,華新科元大9A售14,0,0,0,0,0,0,0,0,0,10000,0,0,0,10000,0,10000,10000
07001P,國巨元大99售12  ,0,0,0,0,0,0,0,0,0,10000,0,0,0,10000,0,10000,10000
07342P,大立光凱基99售14,0,0,0,0,0,0,0,0,0,10000,0,0,0,30000,20000,10000,10000
07304P,臺股指元大9A售37,0,0,0,0,0,0,0,0,0,10000,0,0,0,10000,0,10000,10000
07283P,華新科凱基99售07,0,0,0,0,0,0,0,0,0,10000,0,0,0,10000,0,10000,10000
07224P,鴻海元大9A售02  ,0,0,0,0,0,0,0,0,0,10000,0,0,0,10000,0,10000,10000
07233P,台灣50元大99售04,0,0,0,0,0,0,0,0,0,10000,0,0,0,10000,0,10000,10000
07147P,高鐵元大99售01  ,0,0,0,0,0,0,0,0,0,10000,0,0,0,10000,0,10000,10000
07124P,台積電元大99售21,0,0,0,0,0,0,0,0,0,10000,0,0,0,10000,0,10000,10000
08038P,臺股指群益9B售11,0,0,0,0,0,0,0,0,0,10000,0,0,0,10000,0,10000,10000
067634,高鐵永豐01購01  ,0,0,0,0,0,0,0,0,0,10000,0,0,0,10000,0,10000,10000
067635,超眾永豐01購02  ,0,0,0,0,0,0,0,0,0,10000,0,0,0,10000,0,10000,10000
06813P,友訊元富98售03  ,0,0,0,0,0,0,0,0,0,10000,0,0,0,10000,0,10000,10000
067525,滬深2X群益02購03,0,0,0,0,0,0,0,0,0,10000,0,0,0,10000,0,10000,10000
066805,泰碩凱基02購03  ,0,0,0,0,0,0,0,0,0,10000,0,0,0,10000,0,10000,10000
066858,聯鈞國票02購01  ,0,0,0,0,0,0,0,0,0,10000,0,0,0,30000,20000,10000,10000
066871,台表科元富07購01,0,0,0,0,0,0,0,0,0,10000,0,0,0,10000,0,10000,10000
066875,臺指反富邦03購01,0,0,0,0,0,0,0,0,0,10000,0,0,0,10000,0,10000,10000
066658,卜蜂凱基01購01  ,0,0,0,0,0,0,0,0,0,10000,0,0,0,10000,0,10000,10000
066671,TPK凱基02購02   ,0,0,0,0,0,0,0,0,0,10000,0,0,0,40000,30000,10000,10000
066674,達方凱基01購01  ,0,0,0,0,0,0,0,0,0,10000,0,0,0,10000,0,10000,10000
067234,正崴群益01購01  ,0,0,0,0,0,0,0,0,0,10000,0,0,0,10000,0,10000,10000
067230,國巨群益01購05  ,0,0,0,0,0,0,0,0,0,10000,0,0,0,10000,0,10000,10000
067197,上証2X元大01購05,0,0,0,0,0,0,0,0,0,10000,0,0,0,10000,0,10000,10000
067080,群創元大01購04  ,0,0,0,0,0,0,0,0,0,10000,0,0,0,180000,170000,10000,10000
06696P,台灣50國票99售01,0,0,0,0,0,0,0,0,0,10000,0,0,0,10000,0,10000,10000
066094,元黃金中信03購01,0,0,0,0,0,0,0,0,0,10000,0,0,0,10000,0,10000,10000
066090,泰鼎永豐01購01  ,0,0,0,0,0,0,0,0,0,10000,0,0,0,10000,0,10000,10000
066092,億豐永豐01購01  ,0,0,0,0,0,0,0,0,0,10000,0,0,0,68000,58000,10000,10000
066321,華碩永豐01購01  ,0,0,0,0,0,0,0,0,0,10000,0,0,0,264000,254000,10000,10000
066643,旺宏麥證01購01  ,0,0,0,10000,0,10000,0,0,0,10000,0,0,0,10000,0,10000,10000
06657P,寶成元大98售01  ,0,0,0,0,0,0,0,0,0,10000,0,0,0,10000,0,10000,10000
062373,泰鼎元大9B購01  ,0,0,0,0,0,0,0,0,0,10000,0,0,0,10000,0,10000,10000
062566,嘉晶中信9C購01  ,0,0,0,0,0,0,0,0,0,10000,0,0,0,10000,0,10000,10000
062221,奇力新統一01購01,0,0,0,0,0,0,0,0,0,10000,0,0,0,10000,0,10000,10000
062588,國巨統一9B購14  ,0,0,0,0,0,0,0,0,0,10000,0,0,0,10000,0,10000,10000
057861,台積電凱基98購16,0,0,0,0,0,0,0,0,0,10000,0,0,0,10000,0,10000,10000
057866,玉山金凱基98購01,0,0,0,0,0,0,0,0,0,10000,0,0,0,10000,0,10000,10000
057738,旺宏富邦9A購01  ,0,0,0,0,0,0,0,0,0,10000,0,0,0,10000,0,10000,10000
057751,神達國票99購02  ,0,0,0,0,0,0,0,0,0,10000,0,0,0,10000,0,10000,10000
058006,台郡群益98購04  ,0,0,0,0,0,0,0,0,0,10000,0,0,0,10000,0,10000,10000
058324,嘉聯益永豐9A購01,0,0,0,0,0,0,0,0,0,10000,0,0,0,11000,1000,10000,10000
057428,正崴兆豐98購01  ,0,0,0,0,0,0,0,0,0,10000,0,0,0,10000,0,10000,10000
057330,台積電國票99購03,0,0,0,0,0,0,0,0,0,10000,0,0,0,12000,2000,10000,10000
057390,台表科永豐98購01,0,0,0,0,0,0,0,0,0,10000,0,0,0,10000,0,10000,10000
058137,玉晶光元大99購11,0,0,0,0,0,0,0,0,0,10000,0,0,0,10000,0,10000,10000
058150,中502X統一9B購01,0,0,0,0,0,0,0,0,0,10000,0,0,0,10000,0,10000,10000
058173,台積電凱基99購04,0,0,0,0,0,0,0,0,0,10000,0,0,0,10000,0,10000,10000
058183,國巨富邦9A購06  ,0,0,0,0,0,0,0,0,0,10000,0,0,0,10000,0,10000,10000
058244,神達元大99購02  ,0,0,0,0,0,0,0,0,0,10000,0,0,0,10000,0,10000,10000
058202,鴻海凱基9A購04  ,0,0,0,0,0,0,0,0,0,10000,0,0,0,177000,167000,10000,10000
058211,國巨群益9A購02  ,0,0,0,0,0,0,0,0,0,10000,0,0,0,10000,0,10000,10000
058096,南電元大98購04  ,0,0,0,0,0,0,0,0,0,10000,0,0,0,10000,0,10000,10000
058649,健策永豐99購01  ,0,0,0,0,0,0,0,0,0,10000,0,0,0,10000,0,10000,10000
058720,旭富元富99購01  ,0,0,0,0,0,0,0,0,0,10000,0,0,0,10000,0,10000,10000
058659,力成中信99購01  ,0,0,0,0,0,0,0,0,0,10000,0,0,0,10000,0,10000,10000
057225,華新凱基98購01  ,0,0,0,0,0,0,0,0,0,10000,0,0,0,30000,20000,10000,10000
057228,友達凱基9B購01  ,0,0,0,0,0,0,0,0,0,10000,0,0,0,10000,0,10000,10000
057234,宏達電凱基98購05,0,0,0,0,0,0,0,0,0,10000,0,0,0,10000,0,10000,10000
059066,道瓊指國票04購01,0,0,0,0,0,0,0,0,0,10000,0,0,0,10000,0,10000,10000
059103,旭富元富99購03  ,0,0,0,0,0,0,0,0,0,10000,0,0,0,10000,0,10000,10000
057558,致新凱基98購01  ,0,0,0,0,0,0,0,0,0,10000,0,0,0,10000,0,10000,10000
053378,台積電元大98購02,0,0,0,0,0,0,0,0,0,10000,0,0,0,71000,61000,10000,10000
053739,A50正2國票9A購01,0,0,0,0,0,0,0,0,0,10000,0,0,0,10000,0,10000,10000
052927,友達元大98購02  ,0,0,0,0,0,0,0,0,0,10000,0,0,0,10000,0,10000,10000
053174,同欣電群益98購02,0,0,0,0,0,0,0,0,0,10000,0,0,0,10000,0,10000,10000
054271,中石化中信99購01,0,0,0,0,0,0,0,0,0,10000,0,0,0,10000,0,10000,10000
054325,奇力新台新97購03,0,0,0,0,0,0,0,0,0,10000,0,0,0,10000,0,10000,10000
052730,華新科國泰98購01,0,0,0,0,0,0,0,0,0,10000,0,0,0,10000,0,10000,10000
046903,友達凱基99購01  ,0,0,0,0,0,0,0,0,0,10000,0,0,0,10000,0,10000,10000
052505,友達日盛9B購02  ,0,0,0,0,0,0,0,0,0,10000,0,0,0,10000,0,10000,10000
056506,晶豪科永豐98購02,0,0,0,0,0,0,0,0,0,10000,0,0,0,10000,0,10000,10000
056540,聯詠凱基98購02  ,0,0,0,0,0,0,0,0,0,10000,0,0,0,10000,0,10000,10000
051911,大立光元大98購02,0,0,0,0,0,0,0,0,0,10000,0,0,0,10000,0,10000,10000
056675,聯發科元富02購01,0,0,0,0,0,0,0,0,0,10000,0,0,0,10000,0,10000,10000
056702,欣興國泰9A購01  ,0,0,0,0,0,0,0,0,0,10000,0,0,0,10000,0,10000,10000
056704,健策國泰99購01  ,0,0,0,0,0,0,0,0,0,10000,0,0,0,10000,0,10000,10000
056705,超眾國泰99購01  ,0,0,0,0,0,0,0,0,0,10000,0,0,0,10000,0,10000,10000
056709,華通永豐98購01  ,0,0,0,0,0,0,0,0,0,10000,0,0,0,10000,0,10000,10000
056755,聯茂兆豐98購01  ,0,0,0,0,0,0,0,0,0,10000,0,0,0,20000,10000,10000,10000
057024,義隆凱基99購01  ,0,0,0,0,0,0,0,0,0,10000,0,0,0,10000,0,10000,10000
057128,台光電凱基98購03,0,0,0,0,0,0,0,0,0,10000,0,0,0,10000,0,10000,10000
057083,立積統一98購01  ,0,0,0,0,0,0,0,0,0,10000,0,0,0,10000,0,10000,10000
056607,貿聯富邦99購02  ,0,0,0,0,0,0,0,0,0,10000,0,0,0,10000,0,10000,10000
058958,台表科國票9A購03,0,0,0,0,0,0,0,0,0,10000,0,0,0,10000,0,10000,10000
058778,聯發科國票9A購01,0,0,0,0,0,0,0,0,0,10000,0,0,0,10000,0,10000,10000
055507,樺漢元大98購02  ,0,0,0,0,0,0,0,0,0,10000,0,0,0,10000,0,10000,10000
055589,台光電元大98購04,0,0,0,0,0,0,0,0,0,10000,0,0,0,10000,0,10000,10000
056482,貿聯元大99購01  ,0,0,0,0,0,0,0,0,0,10000,0,0,0,10000,0,10000,10000
056450,可成凱基98購05  ,0,0,0,0,0,0,0,0,0,10000,0,0,0,10000,0,10000,10000
059254,台表科凱基9A購02,0,0,0,0,0,0,0,0,0,10000,0,0,0,10000,0,10000,10000
059146,貿聯國票9A購02  ,0,0,0,0,0,0,0,0,0,10000,0,0,0,10000,0,10000,10000
055759,技嘉群益98購02  ,0,0,0,0,0,0,0,0,0,10000,0,0,0,10000,0,10000,10000
055775,友達凱基9A購01  ,0,0,0,0,0,0,0,0,0,10000,0,0,0,10000,0,10000,10000
055780,禾伸堂凱基99購01,0,0,0,0,0,0,0,0,0,10000,0,0,0,30000,20000,10000,10000
059166,友達凱基99購05  ,0,0,0,0,0,0,0,0,0,10000,0,0,0,10000,0,10000,10000
056899,可成元大98購01  ,0,0,0,0,0,0,0,0,0,10000,0,0,0,10000,0,10000,10000
056875,亞光凱基98購03  ,0,0,0,0,0,0,0,0,0,10000,0,0,0,10000,0,10000,10000
056843,冠德元富98購01  ,0,0,0,0,0,0,0,0,0,10000,0,0,0,10000,0,10000,10000
054924,景碩凱基98購01  ,0,0,0,0,0,0,0,0,0,10000,0,0,0,14000,4000,10000,10000
054961,玉晶光元大99購01,0,0,0,0,0,0,0,0,0,10000,0,0,0,10000,0,10000,10000
054893,帆宣統一99購01  ,0,0,0,0,0,0,0,0,0,10000,0,0,0,10000,0,10000,10000
055924,深中小群益9B購01,0,0,0,0,0,0,0,0,0,10000,0,0,0,10000,0,10000,10000
056033,T50正2凱基99購02,0,0,0,0,0,0,0,0,0,10000,0,0,0,10000,0,10000,10000
056034,華通凱基98購01  ,0,0,0,0,0,0,0,0,0,10000,0,0,0,10000,0,10000,10000
056342,中工凱基98購01  ,0,0,0,0,0,0,0,0,0,10000,0,0,0,10000,0,10000,10000
056317,華通群益99購02  ,0,0,0,0,0,0,0,0,0,10000,0,0,0,10000,0,10000,10000
060981,旺宏元大9A購08  ,0,0,0,0,0,0,0,0,0,10000,0,0,0,10000,0,10000,10000
061213,群創元大9A購05  ,0,0,0,0,0,0,0,0,0,10000,0,0,0,13000,3000,10000,10000
061225,台積電中信9A購04,0,0,0,0,0,0,0,0,0,10000,0,0,0,10000,0,10000,10000
061278,和大統一9A購01  ,0,0,0,0,0,0,0,0,0,10000,0,0,0,10000,0,10000,10000
061285,大立光統一9A購04,0,0,0,0,0,0,0,0,0,10000,0,0,0,10000,0,10000,10000
061286,大立光統一9A購05,0,0,0,0,0,0,0,0,0,10000,0,0,0,39000,29000,10000,10000
061316,台積電凱基9A購24,0,0,0,0,0,0,0,0,0,10000,0,0,0,10000,0,10000,10000
061356,南電元大9A購06  ,0,0,0,0,0,0,0,0,0,10000,0,0,0,10000,0,10000,10000
060394,欣興麥證9A購01  ,0,0,0,10000,0,10000,0,0,0,10000,0,0,0,10000,0,10000,10000
060412,儒鴻永豐9A購01  ,0,0,0,0,0,0,0,0,0,10000,0,0,0,10000,0,10000,10000
060947,台積電統一9C購03,0,0,0,0,0,0,0,0,0,10000,0,0,0,20000,10000,10000,10000
060916,金像電國泰9C購01,0,0,0,0,0,0,0,0,0,10000,0,0,0,10000,0,10000,10000
060217,國巨凱基9A購10  ,0,0,0,0,0,0,0,0,0,10000,0,0,0,10000,0,10000,10000
060226,道瓊反元大9A購01,0,0,0,0,0,0,0,0,0,10000,0,0,0,10000,0,10000,10000
060380,T50反1凱基9A購08,0,0,0,0,0,0,0,0,0,10000,0,0,0,10000,0,10000,10000
060383,葡萄王凱基9A購01,0,0,0,0,0,0,0,0,0,10000,0,0,0,10000,0,10000,10000
060235,瑞昱元大9A購01  ,0,0,0,0,0,0,0,0,0,10000,0,0,0,10000,0,10000,10000
063037,聯發科凱基9C購02,0,0,0,0,0,0,0,0,0,10000,0,0,0,10000,0,10000,10000
061143,道瓊指中信9C購04,0,0,0,0,0,0,0,0,0,10000,0,0,0,10000,0,10000,10000
060649,國巨第一9A購01  ,0,0,0,0,0,0,0,0,0,10000,0,0,0,10000,0,10000,10000
060664,聯詠凱基9A購01  ,0,0,0,0,0,0,0,0,0,10000,0,0,0,10000,0,10000,10000
060597,華通凱基9A購04  ,0,0,0,0,0,0,0,0,0,10000,0,0,0,20000,10000,10000,10000
060601,技嘉凱基9A購02  ,0,0,0,0,0,0,0,0,0,10000,0,0,0,38000,28000,10000,10000
060602,京元電凱基9A購01,0,0,0,0,0,0,0,0,0,10000,0,0,0,10000,0,10000,10000
060603,聯發科凱基9A購12,0,0,0,0,0,0,0,0,0,10000,0,0,0,20000,10000,10000,10000
060732,玉晶光群益9C購02,0,0,0,0,0,0,0,0,0,10000,0,0,0,10000,0,10000,10000
060707,台郡富邦9A購01  ,0,0,0,0,0,0,0,0,0,10000,0,0,0,10000,0,10000,10000
060908,金像電元大9A購03,0,0,0,0,0,0,0,0,0,10000,0,0,0,10000,0,10000,10000
061924,聯發科凱基9C購01,0,0,0,0,0,0,0,0,0,10000,0,0,0,10000,0,10000,10000
061643,嘉澤元大9A購05  ,0,0,0,0,0,0,0,0,0,10000,0,0,0,10000,0,10000,10000
061447,鴻海中信04購02  ,0,0,0,0,0,0,0,0,0,10000,0,0,0,50000,40000,10000,10000
061624,中租群益9A購01  ,0,0,0,0,0,0,0,0,0,10000,0,0,0,10000,0,10000,10000
062746,致伸永豐9B購01  ,0,0,0,0,0,0,0,0,0,10000,0,0,0,20000,10000,10000,10000
062671,國泰金中信03購01,0,0,0,0,0,0,0,0,0,10000,0,0,0,20000,10000,10000,10000
062893,元金2X元大9C購01,0,0,0,0,0,0,0,0,0,10000,0,0,0,10000,0,10000,10000
062180,瑞昱元大9B購03  ,0,0,0,0,0,0,0,0,0,10000,0,0,0,10000,0,10000,10000
063306,聯茂凱基9C購01  ,0,0,0,0,0,0,0,0,0,10000,0,0,0,20000,10000,10000,10000
063303,聯發科凱基9B購14,0,0,0,0,0,0,0,0,0,10000,0,0,0,48000,38000,10000,10000
063457,臺指反元大02購17,0,0,0,0,0,0,0,0,0,10000,0,0,0,10000,0,10000,10000
060549,聯發科凱基9B購03,0,0,0,0,0,0,0,0,0,10000,0,0,0,10000,0,10000,10000
060553,祥碩凱基9A購01  ,0,0,0,0,0,0,0,0,0,10000,0,0,0,10000,0,10000,10000
060558,億豐凱基9A購01  ,0,0,0,0,0,0,0,0,0,10000,0,0,0,10000,0,10000,10000
063152,健策元富9C購01  ,0,0,0,0,0,0,0,0,0,10000,0,0,0,10000,0,10000,10000
063468,聯詠元大9B購04  ,0,0,0,0,0,0,0,0,0,10000,0,0,0,10000,0,10000,10000
063182,國巨凱基9B購10  ,0,0,0,0,0,0,0,0,0,10000,0,0,0,10000,0,10000,10000
063176,南亞科兆豐9B購01,0,0,0,0,0,0,0,0,0,10000,0,0,0,10000,0,10000,10000
063177,友達兆豐9B購01  ,0,0,0,0,0,0,0,0,0,10000,0,0,0,10000,0,10000,10000
059649,矽力凱基99購02  ,0,0,0,0,0,0,0,0,0,10000,0,0,0,10000,0,10000,10000
060321,元金2X群益9B購01,0,0,0,0,0,0,0,0,0,10000,0,0,0,10000,0,10000,10000
060329,鎧勝群益9B購01  ,0,0,0,0,0,0,0,0,0,10000,0,0,0,10000,0,10000,10000
060341,國巨統一9C購02  ,0,0,0,0,0,0,0,0,0,10000,0,0,0,10000,0,10000,10000
060475,瑞祺元大9A購01  ,0,0,0,0,0,0,0,0,0,10000,0,0,0,10000,0,10000,10000
061579,京鼎元大9A購02  ,0,0,0,0,0,0,0,0,0,10000,0,0,0,10000,0,10000,10000
061543,南亞科群益9A購01,0,0,0,0,0,0,0,0,0,10000,0,0,0,10000,0,10000,10000
061528,超眾凱基9A購04  ,0,0,0,0,0,0,0,0,0,10000,0,0,0,10000,0,10000,10000
061065,神基凱基9A購01  ,0,0,0,0,0,0,0,0,0,10000,0,0,0,10000,0,10000,10000
061068,祥碩凱基9B購01  ,0,0,0,0,0,0,0,0,0,10000,0,0,0,10000,0,10000,10000
061783,友達群益9B購01  ,0,0,0,0,0,0,0,0,0,10000,0,0,0,10000,0,10000,10000
061738,聯發科凱基9B購04,0,0,0,0,0,0,0,0,0,10000,0,0,0,10000,0,10000,10000
061705,健策國票9A購06  ,0,0,0,0,0,0,0,0,0,10000,0,0,0,10000,0,10000,10000
062691,T50反1元大9B購04,0,0,0,0,0,0,0,0,0,10000,0,0,0,10000,0,10000,10000
059772,可成群益9A購05  ,0,0,0,0,0,0,0,0,0,10000,0,0,0,10000,0,10000,10000
059699,華通凱基99購04  ,0,0,0,0,0,0,0,0,0,10000,0,0,0,10000,0,10000,10000
059438,群創元大99購06  ,0,0,0,0,0,0,0,0,0,10000,0,0,0,10000,0,10000,10000
061829,T50反1凱基9C購02,0,0,0,0,0,0,0,0,0,10000,0,0,0,10000,0,10000,10000
061834,華新科凱基02購02,0,0,0,0,0,0,0,0,0,10000,0,0,0,110000,100000,10000,10000
059913,台積電元大99購44,0,0,0,0,0,0,0,0,0,10000,0,0,0,20000,10000,10000,10000
059866,國巨凱基99購18  ,0,0,0,0,0,0,0,0,0,10000,0,0,0,10000,0,10000,10000
059878,聯茂凱基99購07  ,0,0,0,0,0,0,0,0,0,10000,0,0,0,10000,0,10000,10000
060128,健策永豐99購06  ,0,0,0,0,0,0,0,0,0,10000,0,0,0,10000,0,10000,10000
059626,台積電凱基01購01,0,0,0,0,0,0,0,0,0,10000,0,0,0,20000,10000,10000,10000
059629,友達凱基99購06  ,0,0,0,0,0,0,0,0,0,10000,0,0,0,10000,0,10000,10000
059633,聯發科凱基9A購07,0,0,0,0,0,0,0,0,0,10000,0,0,0,10000,0,10000,10000
059644,茂林凱基99購03  ,0,0,0,0,0,0,0,0,0,10000,0,0,0,10000,0,10000,10000
060027,元金2X永豐99購02,0,0,0,0,0,0,0,0,0,10000,0,0,0,10000,0,10000,10000
060029,嘉晶永豐99購03  ,0,0,0,0,0,0,0,0,0,10000,0,0,0,145000,135000,10000,10000
060053,聯發科凱基9B購02,0,0,0,0,0,0,0,0,0,10000,0,0,0,10000,0,10000,10000
063865,旺宏永豐9C購01  ,0,0,0,0,0,0,0,0,0,10000,0,0,0,10000,0,10000,10000
064015,立積國票01購01  ,0,0,0,0,0,0,0,0,0,10000,0,0,0,10000,0,10000,10000
063981,貿聯兆豐9C購01  ,0,0,0,0,0,0,0,0,0,10000,0,0,0,10000,0,10000,10000
064105,南茂群益9C購01  ,0,0,0,0,0,0,0,0,0,10000,0,0,0,43000,33000,10000,10000
064177,立積國泰01購01  ,0,0,0,0,0,0,0,0,0,10000,0,0,0,46000,36000,10000,10000
064169,南電統一9C購01  ,0,0,0,0,0,0,0,0,0,10000,0,0,0,12000,2000,10000,10000
064184,矽格富邦02購01  ,0,0,0,0,0,0,0,0,0,10000,0,0,0,10000,0,10000,10000
064082,緯創中信06購01  ,0,0,0,0,0,0,0,0,0,10000,0,0,0,10000,0,10000,10000
064076,台積電中信06購02,0,0,0,0,0,0,0,0,0,10000,0,0,0,20000,10000,10000,10000
063719,T50反1元大9B購11,0,0,0,0,0,0,0,0,0,10000,0,0,0,10000,0,10000,10000
063524,瑞昱凱基9B購05  ,0,0,0,0,0,0,0,0,0,10000,0,0,0,11000,1000,10000,10000
063629,台積電元大9B購08,0,0,0,0,0,0,0,0,0,10000,0,0,0,10000,0,10000,10000
064541,元黃金凱基01購02,0,0,0,0,0,0,0,0,0,10000,0,0,0,10000,0,10000,10000
064521,群創群益02購01  ,0,0,0,0,0,0,0,0,0,10000,0,0,0,20000,10000,10000,10000
064638,儒鴻凱基9C購03  ,0,0,0,0,0,0,0,0,0,10000,0,0,0,10000,0,10000,10000
064298,台灣50兆豐01購02,0,0,0,0,0,0,0,0,0,10000,0,0,0,10000,0,10000,10000
064311,新光金群益01購02,0,0,0,0,0,0,0,0,0,10000,0,0,0,10000,0,10000,10000
064202,景碩兆豐9C購01  ,0,0,0,0,0,0,0,0,0,10000,0,0,0,10000,0,10000,10000
065487,臺股指元大9C購25,0,0,0,0,0,0,0,0,0,10000,0,0,0,10000,0,10000,10000
065425,國巨凱基01購03  ,0,0,0,0,0,0,0,0,0,10000,0,0,0,10000,0,10000,10000
065882,景碩台新9C購03  ,0,0,0,0,0,0,0,0,0,10000,0,0,0,93000,83000,10000,10000
065843,瑞昱元大9C購03  ,0,0,0,0,0,0,0,0,0,10000,0,0,0,184000,174000,10000,10000
065966,國巨元大01購06  ,0,0,0,0,0,0,0,0,0,10000,0,0,0,110000,100000,10000,10000
066027,華擎群益02購01  ,0,0,0,0,0,0,0,0,0,10000,0,0,0,10000,0,10000,10000
065971,金像電元大02購01,0,0,0,0,0,0,0,0,0,10000,0,0,0,10000,0,10000,10000
065093,新日興元大9C購03,0,0,0,0,0,0,0,0,0,10000,0,0,0,11000,1000,10000,10000
065057,臺股指凱基9C購21,0,0,0,0,0,0,0,0,0,10000,0,0,0,17000,7000,10000,10000
065029,微星兆豐9C購01  ,0,0,0,0,0,0,0,0,0,10000,0,0,0,10000,0,10000,10000
064943,聚陽凱基9C購01  ,0,0,0,0,0,0,0,0,0,10000,0,0,0,10000,0,10000,10000
064934,南電統一01購02  ,0,0,0,0,0,0,0,0,0,10000,0,0,0,10000,0,10000,10000
064973,智邦元大9C購06  ,0,0,0,0,0,0,0,0,0,10000,0,0,0,45000,35000,10000,10000
064957,台表科凱基02購02,0,0,0,0,0,0,0,0,0,10000,0,0,0,111000,101000,10000,10000
064876,旺宏兆豐9C購01  ,0,0,0,0,0,0,0,0,0,10000,0,0,0,12000,2000,10000,10000
064832,長榮航統一01購01,0,0,0,0,0,0,0,0,0,10000,0,0,0,10000,0,10000,10000
065373,聯發科元大01購03,0,0,0,0,0,0,0,0,0,10000,0,0,0,28000,18000,10000,10000
06527P,T50正2富邦9C售01,0,0,0,0,0,0,0,0,0,10000,0,0,0,10000,0,10000,10000
065282,國巨群益9C購14  ,0,0,0,0,0,0,0,0,0,10000,0,0,0,10000,0,10000,10000
065291,日電貿群益01購01,0,0,0,0,0,0,0,0,0,10000,0,0,0,10000,0,10000,10000
1219,福壽            ,15000,5000,10000,0,0,0,0,0,0,0,0,0,0,0,0,0,10000
08740P,創意康和01售03  ,0,0,0,0,0,0,0,0,0,10000,0,0,0,200000,190000,10000,10000
08598P,立積元大9C售04  ,0,0,0,0,0,0,0,0,0,10000,0,0,0,150000,140000,10000,10000
08524P,奇力新元大9C售01,0,0,0,0,0,0,0,0,0,10000,0,0,0,10000,0,10000,10000
08612P,嘉晶凱基9C售03  ,0,0,0,0,0,0,0,0,0,10000,0,0,0,20000,10000,10000,10000
08615P,同欣電統一9C售02,0,0,0,0,0,0,0,0,0,10000,0,0,0,130000,120000,10000,10000
08657P,牧德群益9C售02  ,0,0,0,0,0,0,0,0,0,10000,0,0,0,30000,20000,10000,10000
08641P,台灣50群益9C售08,0,0,0,0,0,0,0,0,0,10000,0,0,0,30000,20000,10000,10000
08489P,臺股指群益9C售20,0,0,0,0,0,0,0,0,0,10000,0,0,0,10000,0,10000,10000
08495P,同欣電元大9C售08,0,0,0,0,0,0,0,0,0,10000,0,0,0,10000,0,10000,10000
08349P,南六元大9C售03  ,0,0,0,0,0,0,0,0,0,10000,0,0,0,285000,275000,10000,10000
08331P,義隆元富9C售02  ,0,0,0,0,0,0,0,0,0,10000,0,0,0,51000,41000,10000,10000
08362P,國巨凱基02售01  ,0,0,0,0,0,0,0,0,0,10000,0,0,0,10000,0,10000,10000
4155,訊映            ,14000,4000,10000,0,0,0,0,0,0,0,0,0,0,0,0,0,10000
4164,承業醫          ,220000,181000,39000,0,0,0,0,0,0,-29000,0,29000,-29000,0,0,0,10000
2506,太設            ,10000,0,10000,0,0,0,0,0,0,0,0,0,0,0,0,0,10000
1533,車王電          ,15000,6000,9000,0,0,0,0,0,0,1000,1000,0,1000,0,0,0,10000
1524,耿鼎            ,21000,11000,10000,0,0,0,0,0,0,0,0,0,0,0,0,0,10000
1616,億泰            ,12000,2000,10000,0,0,0,0,0,0,0,0,0,0,0,0,0,10000
8367,建新國際        ,11000,1000,10000,0,0,0,0,0,0,0,0,0,0,0,0,0,10000
8374,羅昇            ,18000,8000,10000,0,0,0,0,0,0,0,0,0,0,0,0,0,10000
8072,陞泰            ,148000,135000,13000,0,0,0,0,0,0,-3000,0,3000,-3000,0,0,0,10000
911608,明輝-DR         ,10000,0,10000,0,0,0,0,0,0,0,0,0,0,0,0,0,10000
912000,晨訊科-DR       ,10000,0,10000,0,0,0,0,0,0,0,0,0,0,0,0,0,10000
8422,可寧衛          ,19188,11000,8188,0,0,0,0,0,0,1000,1000,0,1000,0,0,0,9188
066994,聯發科國泰03購02,0,0,0,0,0,0,0,0,0,9000,0,0,0,169000,160000,9000,9000
067217,康控元大01購02  ,0,0,0,0,0,0,0,0,0,9000,0,0,0,9000,0,9000,9000
067475,微星元大01購05  ,5000,0,5000,0,0,0,0,0,0,4000,0,0,0,160000,156000,4000,9000
067364,緯穎群益01購05  ,0,0,0,0,0,0,0,0,0,9000,0,0,0,19000,10000,9000,9000
07945P,上銀國票9B售02  ,0,0,0,0,0,0,0,0,0,9000,0,0,0,9000,0,9000,9000
08290P,高鐵統一01售01  ,0,0,0,0,0,0,0,0,0,9000,0,0,0,20000,11000,9000,9000
06999P,玉晶光國票9B售01,0,0,0,0,0,0,0,0,0,9000,0,0,0,10000,1000,9000,9000
056320,京鼎群益99購01  ,0,0,0,0,0,0,0,0,0,9000,0,0,0,9000,0,9000,9000
05629P,聯發科永昌99售02,0,0,0,0,0,0,0,0,0,9000,0,0,0,9000,0,9000,9000
056797,台積電麥證98購01,0,0,0,9000,0,9000,0,0,0,9000,0,0,0,9000,0,9000,9000
056963,建準永豐98購01  ,0,0,0,0,0,0,0,0,0,9000,0,0,0,59000,50000,9000,9000
059170,康控凱基9B購01  ,0,0,0,0,0,0,0,0,0,9000,0,0,0,9000,0,9000,9000
059259,FBVIX中信03購06 ,0,0,0,0,0,0,0,0,0,9000,0,0,0,12000,3000,9000,9000
058836,FBVIX中信03購05 ,0,0,0,0,0,0,0,0,0,9000,0,0,0,19000,10000,9000,9000
046383,群創凱基98購01  ,0,0,0,0,0,0,0,0,0,9000,0,0,0,29000,20000,9000,9000
054101,茂林國票97購04  ,0,0,0,0,0,0,0,0,0,9000,0,0,0,9000,0,9000,9000
05756P,臺股指中信99售05,0,0,0,0,0,0,0,0,0,9000,0,0,0,10000,1000,9000,9000
059037,宏達電群益99購02,0,0,0,0,0,0,0,0,0,9000,0,0,0,75000,66000,9000,9000
059080,亞泥元大99購01  ,0,0,0,0,0,0,0,0,0,9000,0,0,0,249000,240000,9000,9000
058182,日電貿國泰9A購01,0,0,0,0,0,0,0,0,0,9000,0,0,0,9000,0,9000,9000
057273,智邦元大98購05  ,0,0,0,0,0,0,0,0,0,9000,0,0,0,9000,0,9000,9000
057812,友達元大9A購05  ,0,0,0,0,0,0,0,0,0,9000,0,0,0,129000,120000,9000,9000
060093,友達元大03購01  ,0,0,0,0,0,0,0,0,0,9000,0,0,0,19000,10000,9000,9000
059850,日電貿永豐99購01,0,0,0,0,0,0,0,0,0,9000,0,0,0,9000,0,9000,9000
059786,全新元大99購06  ,0,0,0,0,0,0,0,0,0,9000,0,0,0,31000,22000,9000,9000
059723,美律元大9A購02  ,0,0,0,0,0,0,0,0,0,9000,0,0,0,9000,0,9000,9000
061397,上銀台新9A購01  ,0,0,0,0,0,0,0,0,0,9000,0,0,0,11000,2000,9000,9000
060361,南亞科元富9A購03,0,0,0,0,0,0,0,0,0,9000,0,0,0,13000,4000,9000,9000
063144,超眾統一9C購02  ,0,0,0,0,0,0,0,0,0,9000,0,0,0,9000,0,9000,9000
063298,統一凱基9B購01  ,0,0,0,0,0,0,0,0,0,9000,0,0,0,16000,7000,9000,9000
063312,台積電群益9B購07,0,0,0,0,0,0,0,0,0,9000,0,0,0,38000,29000,9000,9000
062982,同欣電元富9B購01,0,0,0,0,0,0,0,0,0,9000,0,0,0,155000,146000,9000,9000
065232,健策凱基02購01  ,0,0,0,0,0,0,0,0,0,9000,0,0,0,63000,54000,9000,9000
06485P,玉晶光群益9A售02,0,0,0,0,0,0,0,0,0,9000,0,0,0,29000,20000,9000,9000
065783,友訊永豐9C購02  ,0,0,0,0,0,0,0,0,0,9000,0,0,0,99000,90000,9000,9000
065556,旭富凱基9C購02  ,0,0,0,0,0,0,0,0,0,9000,0,0,0,20000,11000,9000,9000
065740,聯發科麥證9C購05,0,0,0,9000,0,9000,0,0,0,9000,0,0,0,9000,0,9000,9000
065644,義隆元大9C購08  ,0,0,0,0,0,0,0,0,0,9000,0,0,0,21000,12000,9000,9000
064501,大立光元大01購02,0,0,0,0,0,0,0,0,0,9000,0,0,0,20000,11000,9000,9000
064734,大立光元富9C購05,0,0,0,0,0,0,0,0,0,9000,0,0,0,28000,19000,9000,9000
063730,台積電元大9B購09,0,0,0,0,0,0,0,0,0,9000,0,0,0,9000,0,9000,9000
063683,大成鋼永豐9B購01,0,0,0,0,0,0,0,0,0,9000,0,0,0,40000,31000,9000,9000
064115,高股息元大9C購01,0,0,0,0,0,0,0,0,0,9000,0,0,0,9000,0,9000,9000
8467,波力-KY         ,17000,8000,9000,0,0,0,0,0,0,0,0,0,0,0,0,0,9000
911868,同方友友-DR     ,10000,1000,9000,0,0,0,0,0,0,0,0,0,0,0,0,0,9000
4912,聯德控股-KY     ,97000,83000,14000,0,0,0,0,0,0,-5000,0,5000,-5000,0,0,0,9000
2114,鑫永銓          ,7000,2000,5000,0,0,0,0,0,0,4000,4000,0,4000,0,0,0,9000
2722,夏都            ,14000,5000,9000,0,0,0,0,0,0,0,0,0,0,0,0,0,9000
2891B,中信金乙特      ,0,0,0,0,0,0,0,0,0,9000,9000,0,9000,0,0,0,9000
08366P,祥碩凱基9C售04  ,0,0,0,0,0,0,0,0,0,9000,0,0,0,29000,20000,9000,9000
08376P,南亞科元富9C售03,0,0,0,0,0,0,0,0,0,9000,0,0,0,9000,0,9000,9000
08742P,友達凱基01售02  ,0,0,0,0,0,0,0,0,0,9000,0,0,0,9000,0,9000,9000
07255P,國巨凱基99售15  ,0,0,0,0,0,0,0,0,0,8000,0,0,0,8000,0,8000,8000
07670P,茂林元大9A售02  ,0,0,0,0,0,0,0,0,0,8000,0,0,0,8000,0,8000,8000
067449,微星國票02購02  ,0,0,0,0,0,0,0,0,0,8000,0,0,0,62000,54000,8000,8000
06828P,臺股指國票98售04,0,0,0,0,0,0,0,0,0,8000,0,0,0,8000,0,8000,8000
066804,緯創凱基01購01  ,0,0,0,0,0,0,0,0,0,8000,0,0,0,114000,106000,8000,8000
066415,台積電元大01購11,0,0,0,0,0,0,0,0,0,8000,0,0,0,8000,0,8000,8000
057896,嘉晶元富98購01  ,0,0,0,0,0,0,0,0,0,8000,0,0,0,8000,0,8000,8000
063073,瑞昱永豐9B購01  ,0,0,0,0,0,0,0,0,0,8000,0,0,0,100000,92000,8000,8000
057408,台郡群益98購01  ,0,0,0,0,0,0,0,0,0,8000,0,0,0,8000,0,8000,8000
057505,健策麥證98購01  ,0,0,0,8000,0,8000,0,0,0,8000,0,0,0,8000,0,8000,8000
059128,友達中信99購02  ,0,0,0,0,0,0,0,0,0,8000,0,0,0,8000,0,8000,8000
00771,元大US高息特別股,0,0,0,0,0,0,0,0,0,8000,0,0,0,10000,2000,8000,8000
051843,聯發科富邦99購01,0,0,0,0,0,0,0,0,0,8000,0,0,0,8000,0,8000,8000
056637,台光電日盛9A購01,0,0,0,0,0,0,0,0,0,8000,0,0,0,8000,0,8000,8000
057042,台積電元大98購10,0,0,0,0,0,0,0,0,0,8000,0,0,0,8000,0,8000,8000
054444,緯穎台新97購01  ,0,0,0,0,0,0,0,0,0,8000,0,0,0,8000,0,8000,8000
058861,國巨凱基9A購08  ,0,0,0,0,0,0,0,0,0,8000,0,0,0,90000,82000,8000,8000
058777,台光電國票9A購01,0,0,0,0,0,0,0,0,0,8000,0,0,0,8000,0,8000,8000
059277,群創元大99購05  ,0,0,0,0,0,0,0,0,0,8000,0,0,0,21000,13000,8000,8000
056471,台光電元大99購01,0,0,0,0,0,0,0,0,0,8000,0,0,0,8000,0,8000,8000
054624,台積電凱基98購03,0,0,0,0,0,0,0,0,0,8000,0,0,0,8000,0,8000,8000
054742,京鼎凱基99購01  ,0,0,0,0,0,0,0,0,0,8000,0,0,0,13000,5000,8000,8000
055382,台郡元大99購01  ,0,0,0,0,0,0,0,0,0,8000,0,0,0,10000,2000,8000,8000
061263,微星凱基9A購01  ,0,0,0,0,0,0,0,0,0,8000,0,0,0,13000,5000,8000,8000
060990,新光金元大9B購03,0,0,0,0,0,0,0,0,0,8000,0,0,0,8000,0,8000,8000
062479,TPK國票9B購01   ,0,0,0,0,0,0,0,0,0,8000,0,0,0,19000,11000,8000,8000
062898,華通元大9B購05  ,0,0,0,0,0,0,0,0,0,8000,0,0,0,49000,41000,8000,8000
062869,帆宣中信9B購01  ,0,0,0,0,0,0,0,0,0,8000,0,0,0,8000,0,8000,8000
062763,華擎凱基9C購02  ,0,0,0,0,0,0,0,0,0,8000,0,0,0,8000,0,8000,8000
062801,宏達電統一01購01,0,0,0,0,0,0,0,0,0,8000,0,0,0,8000,0,8000,8000
063318,京鼎群益9C購02  ,0,0,0,0,0,0,0,0,0,8000,0,0,0,8000,0,8000,8000
060547,瑞昱凱基9A購01  ,0,0,0,0,0,0,0,0,0,8000,0,0,0,8000,0,8000,8000
060314,元翎永豐9A購01  ,0,0,0,0,0,0,0,0,0,8000,0,0,0,53000,45000,8000,8000
060289,京元電元大9A購01,0,0,0,0,0,0,0,0,0,8000,0,0,0,8000,0,8000,8000
061701,友達國票9B購02  ,0,0,0,0,0,0,0,0,0,8000,0,0,0,8000,0,8000,8000
059538,健策凱基99購03  ,0,0,0,0,0,0,0,0,0,8000,0,0,0,8000,0,8000,8000
059611,台積電永豐99購05,0,0,0,0,0,0,0,0,0,8000,0,0,0,18000,10000,8000,8000
059573,健策凱基9A購02  ,0,0,0,0,0,0,0,0,0,8000,0,0,0,8000,0,8000,8000
064155,大立光統一01購05,0,0,0,0,0,0,0,0,0,8000,0,0,0,8000,0,8000,8000
063887,香港2X中信02購01,0,0,0,0,0,0,0,0,0,8000,0,0,0,12000,4000,8000,8000
064686,鴻海群益01購03  ,0,0,0,0,0,0,0,0,0,8000,0,0,0,30000,22000,8000,8000
064394,全新永豐9C購02  ,0,0,0,0,0,0,0,0,0,8000,0,0,0,23000,15000,8000,8000
065873,信邦群益02購01  ,0,0,0,0,0,0,0,0,0,8000,0,0,0,38000,30000,8000,8000
064869,景碩永豐9C購01  ,0,0,0,0,0,0,0,0,0,8000,0,0,0,57000,49000,8000,8000
064893,金像電群益01購02,0,0,0,0,0,0,0,0,0,8000,0,0,0,93000,85000,8000,8000
06529P,貿聯富邦99售03  ,0,0,0,0,0,0,0,0,0,8000,0,0,0,8000,0,8000,8000
065287,華新科群益01購03,0,0,0,0,0,0,0,0,0,8000,0,0,0,127000,119000,8000,8000
065411,旺宏永豐9C購02  ,0,0,0,0,0,0,0,0,0,8000,0,0,0,8000,0,8000,8000
1323,永裕            ,5000,1000,4000,0,0,0,0,0,0,4000,4000,0,4000,0,0,0,8000
1110,東泥            ,8000,0,8000,0,0,0,0,0,0,0,0,0,0,0,0,0,8000
2427,三商電          ,8000,0,8000,0,0,0,0,0,0,0,0,0,0,0,0,0,8000
5285,界霖            ,24000,16000,8000,0,0,0,0,0,0,0,0,0,0,0,0,0,8000
066490,創意元富07購01  ,0,0,0,0,0,0,0,0,0,7000,0,0,0,20000,13000,7000,7000
067138,正文永豐01購02  ,0,0,0,0,0,0,0,0,0,7000,0,0,0,193000,186000,7000,7000
067608,嘉澤凱基01購02  ,0,0,0,0,0,0,0,0,0,7000,0,0,0,7000,0,7000,7000
067686,矽格元大01購04  ,0,0,0,0,0,0,0,0,0,7000,0,0,0,39000,32000,7000,7000
07173P,臺股指國票99售10,0,0,0,0,0,0,0,0,0,7000,0,0,0,7000,0,7000,7000
08201P,祥碩元大9B售09  ,0,0,0,0,0,0,0,0,0,7000,0,0,0,17000,10000,7000,7000
055384,緯穎元大98購02  ,0,0,0,0,0,0,0,0,0,7000,0,0,0,7000,0,7000,7000
056182,台光電統一97購03,0,0,0,0,0,0,0,0,0,7000,0,0,0,7000,0,7000,7000
055523,道瓊銀群益9A購01,0,0,0,0,0,0,0,0,0,7000,0,0,0,179000,172000,7000,7000
056776,聯茂元大99購01  ,0,0,0,0,0,0,0,0,0,7000,0,0,0,7000,0,7000,7000
051218,聯發科元富9B購02,0,0,0,0,0,0,0,0,0,7000,0,0,0,7000,0,7000,7000
00656R,國泰中國A50反1  ,0,0,0,0,0,0,0,0,0,7000,0,0,0,404000,397000,7000,7000
054080,微星中信98購01  ,0,0,0,0,0,0,0,0,0,7000,0,0,0,7000,0,7000,7000
053069,同欣電群益98購01,0,0,0,0,0,0,0,0,0,7000,0,0,0,7000,0,7000,7000
053027,玉晶光富邦98購01,0,0,0,0,0,0,0,0,0,7000,0,0,0,7000,0,7000,7000
057549,台光電凱基98購05,0,0,0,0,0,0,0,0,0,7000,0,0,0,17000,10000,7000,7000
057320,玉晶光凱基98購01,0,0,0,0,0,0,0,0,0,7000,0,0,0,25000,18000,7000,7000
058061,貿聯元富9B購01  ,0,0,0,0,0,0,0,0,0,7000,0,0,0,32000,25000,7000,7000
058276,道瓊指中信9C購01,0,0,0,0,0,0,0,0,0,7000,0,0,0,7000,0,7000,7000
057959,欣興元大98購14  ,0,0,0,0,0,0,0,0,0,7000,0,0,0,29000,22000,7000,7000
05961P,鴻海群益97售01  ,0,0,0,0,0,0,0,0,0,7000,0,0,0,7000,0,7000,7000
059952,旺宏康和99購01  ,0,0,0,0,0,0,0,0,0,7000,0,0,0,7000,0,7000,7000
061542,旺宏群益9A購04  ,0,0,0,0,0,0,0,0,0,7000,0,0,0,7000,0,7000,7000
061567,華通元大9A購11  ,0,0,0,0,0,0,0,0,0,7000,0,0,0,30000,23000,7000,7000
060344,聯發科統一01購01,0,0,0,0,0,0,0,0,0,7000,0,0,0,8000,1000,7000,7000
063217,元金2X群益9B購03,10000,0,10000,0,0,0,0,0,0,-3000,0,0,0,10000,13000,-3000,7000
063089,巨大凱基9C購01  ,0,0,0,0,0,0,0,0,0,7000,0,0,0,7000,0,7000,7000
062921,GIS元大9B購01   ,0,0,0,0,0,0,0,0,0,7000,0,0,0,10000,3000,7000,7000
062206,緯創國票9B購01  ,0,0,0,0,0,0,0,0,0,7000,0,0,0,9000,2000,7000,7000
061611,南六統一01購01  ,0,0,0,0,0,0,0,0,0,7000,0,0,0,9000,2000,7000,7000
061453,台達電凱基9B購01,0,0,0,0,0,0,0,0,0,7000,0,0,0,20000,13000,7000,7000
061343,大立光元大9A購04,0,0,0,0,0,0,0,0,0,7000,0,0,0,7000,0,7000,7000
060806,華新科群益9A購03,0,0,0,0,0,0,0,0,0,7000,0,0,0,78000,71000,7000,7000
061095,台積電台新9B購03,0,0,0,0,0,0,0,0,0,7000,0,0,0,7000,0,7000,7000
065865,光寶科群益9C購02,0,0,0,0,0,0,0,0,0,7000,0,0,0,7000,0,7000,7000
064199,南六群益01購01  ,0,0,0,0,0,0,0,0,0,7000,0,0,0,7000,0,7000,7000
063848,大立光元大9C購09,0,0,0,0,0,0,0,0,0,7000,0,0,0,11000,4000,7000,7000
064059,新日興麥證01購01,0,0,0,7000,0,7000,0,0,0,7000,0,0,0,7000,0,7000,7000
063747,國巨國票9C購06  ,0,0,0,0,0,0,0,0,0,7000,0,0,0,7000,0,7000,7000
063514,南電麥證9C購01  ,0,0,0,7000,0,7000,0,0,0,7000,0,0,0,7000,0,7000,7000
4999,鑫禾            ,16000,10000,6000,0,0,0,0,0,0,1000,1000,0,1000,0,0,0,7000
9943,好樂迪          ,11000,10000,1000,0,0,0,0,0,0,6000,6000,0,6000,0,0,0,7000
8114,振樺電          ,7000,0,7000,0,0,0,0,0,0,0,0,0,0,0,0,0,7000
8104,錸寶            ,145000,135000,10000,0,0,0,0,0,0,-3000,0,3000,-3000,0,0,0,7000
6552,易華電          ,109000,107000,2000,0,0,0,0,0,0,5000,0,0,0,5000,0,5000,7000
2431,聯昌            ,108000,101000,7000,0,0,0,0,0,0,0,0,0,0,0,0,0,7000
2444,兆勁            ,10000,3000,7000,0,0,0,0,0,0,0,0,0,0,0,0,0,7000
1817,凱撒衛          ,6000,0,6000,0,0,0,0,0,0,1000,4000,3000,1000,0,0,0,7000
1454,台富            ,8000,2000,6000,0,0,0,0,0,0,1000,1000,0,1000,0,0,0,7000
4572,駐龍            ,9000,2000,7000,0,0,0,0,0,0,0,0,0,0,0,0,0,7000
3376,新日興          ,180000,298000,-118000,0,0,0,0,0,0,125000,210000,98000,112000,20000,7000,13000,7000
08789P,A50正2元富01售04,0,0,0,0,0,0,0,0,0,7000,0,0,0,7000,0,7000,7000
08518P,世芯群益9C售03  ,0,0,0,0,0,0,0,0,0,7000,0,0,0,7000,0,7000,7000
08271P,華通元富9C售01  ,0,0,0,0,0,0,0,0,0,6000,0,0,0,11000,5000,6000,6000
08123P,台表科國票9C售01,0,0,0,0,0,0,0,0,0,6000,0,0,0,46000,40000,6000,6000
08125P,聯茂群益9B售02  ,0,0,0,0,0,0,0,0,0,6000,0,0,0,6000,0,6000,6000
07414P,台積電元大99售51,0,0,0,0,0,0,0,0,0,6000,0,0,0,16000,10000,6000,6000
066932,京元電國票02購01,0,0,0,0,0,0,0,0,0,6000,0,0,0,11000,5000,6000,6000
066779,上証2X中信03購01,0,0,0,0,0,0,0,0,0,6000,0,0,0,11000,5000,6000,6000
058433,台積電統一9B購04,0,0,0,0,0,0,0,0,0,6000,0,0,0,6000,0,6000,6000
057725,台達電國泰9A購01,0,0,0,0,0,0,0,0,0,6000,0,0,0,6000,0,6000,6000
062374,茂林元大9B購03  ,0,0,0,0,0,0,0,0,0,6000,0,0,0,100000,94000,6000,6000
062278,聯發科群益9C購01,0,0,0,0,0,0,0,0,0,6000,0,0,0,6000,0,6000,6000
058248,聯茂元大99購05  ,0,0,0,0,0,0,0,0,0,6000,0,0,0,100000,94000,6000,6000
057363,華通元大99購02  ,0,0,0,0,0,0,0,0,0,6000,0,0,0,17000,11000,6000,6000
059057,聯發科凱基99購10,0,0,0,0,0,0,0,0,0,6000,0,0,0,9000,3000,6000,6000
053186,健策中信9C購01  ,0,0,0,0,0,0,0,0,0,6000,0,0,0,28000,22000,6000,6000
053294,聯發科中信9C購01,0,0,0,0,0,0,0,0,0,6000,0,0,0,52000,46000,6000,6000
00675L,富邦臺灣加權正2 ,108000,71000,37000,0,0,0,0,0,0,-31000,0,0,0,0,31000,-31000,6000
0051,元大中型100     ,2000,0,2000,0,0,0,0,0,0,4000,0,0,0,33000,29000,4000,6000
056498,A50正2富邦9B購01,0,0,0,0,0,0,0,0,0,6000,0,0,0,6000,0,6000,6000
056658,美食元大98購01  ,0,0,0,0,0,0,0,0,0,6000,0,0,0,6000,0,6000,6000
056260,鴻海統一98購07  ,0,0,0,0,0,0,0,0,0,6000,0,0,0,6000,0,6000,6000
055151,台積電元大98購05,0,0,0,0,0,0,0,0,0,6000,0,0,0,6000,0,6000,6000
056953,智邦富邦98購02  ,0,0,0,0,0,0,0,0,0,6000,0,0,0,6000,0,6000,6000
061134,大成鋼統一9C購01,0,0,0,0,0,0,0,0,0,6000,0,0,0,6000,0,6000,6000
060611,同欣電凱基9A購02,0,0,0,0,0,0,0,0,0,6000,0,0,0,86000,80000,6000,6000
061349,嘉澤元大9A購02  ,0,0,0,0,0,0,0,0,0,6000,0,0,0,16000,10000,6000,6000
061287,大立光統一9B購06,0,0,0,0,0,0,0,0,0,6000,0,0,0,6000,0,6000,6000
062410,台積電第一9B購02,0,0,0,0,0,0,0,0,0,6000,0,0,0,6000,0,6000,6000
060837,上銀國票9A購04  ,0,0,0,0,0,0,0,0,0,6000,0,0,0,8000,2000,6000,6000
062485,華通國泰01購01  ,0,0,0,0,0,0,0,0,0,6000,0,0,0,107000,101000,6000,6000
062861,世芯國票9C購01  ,0,0,0,0,0,0,0,0,0,6000,0,0,0,7000,1000,6000,6000
062881,緯創兆豐9C購01  ,0,0,0,0,0,0,0,0,0,6000,0,0,0,6000,0,6000,6000
062743,微星國泰01購01  ,0,0,0,0,0,0,0,0,0,6000,0,0,0,6000,0,6000,6000
063256,鴻海國泰01購02  ,0,0,0,0,0,0,0,0,0,6000,0,0,0,6000,0,6000,6000
063281,京元電元大9B購01,0,0,0,0,0,0,0,0,0,6000,0,0,0,12000,6000,6000,6000
063286,嘉澤元大9B購04  ,0,0,0,0,0,0,0,0,0,6000,0,0,0,45000,39000,6000,6000
061915,T50反1凱基02購02,0,0,0,0,0,0,0,0,0,6000,0,0,0,61000,55000,6000,6000
061916,元金2X凱基02購01,0,0,0,0,0,0,0,0,0,6000,0,0,0,59000,53000,6000,6000
062694,遠東新元大9B購01,0,0,0,0,0,0,0,0,0,6000,0,0,0,39000,33000,6000,6000
061683,台灣50群益9B購09,0,0,0,0,0,0,0,0,0,6000,0,0,0,6000,0,6000,6000
059924,世紀鋼元大99購06,0,0,0,0,0,0,0,0,0,6000,0,0,0,163000,157000,6000,6000
063731,台積電元大9B購10,0,0,0,0,0,0,0,0,0,6000,0,0,0,6000,0,6000,6000
063677,台光電國泰9C購02,0,0,0,0,0,0,0,0,0,6000,0,0,0,44000,38000,6000,6000
064345,創意元大9C購03  ,0,0,0,0,0,0,0,0,0,6000,0,0,0,20000,14000,6000,6000
064343,健鼎元大9C購01  ,0,0,0,0,0,0,0,0,0,6000,0,0,0,21000,15000,6000,6000
065746,光寶科元大9C購01,0,0,0,0,0,0,0,0,0,6000,0,0,0,11000,5000,6000,6000
065628,台積電國票01購03,0,0,0,0,0,0,0,0,0,6000,0,0,0,6000,0,6000,6000
065562,同欣電麥證9C購04,0,0,0,16000,10000,6000,0,0,0,6000,0,0,0,16000,10000,6000,6000
065527,巨大群益9C購03  ,0,0,0,0,0,0,0,0,0,6000,0,0,0,53000,47000,6000,6000
065427,台積電凱基02購04,0,0,0,0,0,0,0,0,0,6000,0,0,0,6000,0,6000,6000
065283,台積電群益01購01,0,0,0,0,0,0,0,0,0,6000,0,0,0,51000,45000,6000,6000
065073,亞德客元大01購02,0,0,0,0,0,0,0,0,0,6000,0,0,0,6000,0,6000,6000
08576P,嘉澤凱基9C售03  ,0,0,0,0,0,0,0,0,0,6000,0,0,0,6000,0,6000,6000
08390P,旺宏凱基9C售02  ,0,0,0,0,0,0,0,0,0,6000,0,0,0,6000,0,6000,6000
08493P,嘉澤元大9C售01  ,0,0,0,0,0,0,0,0,0,6000,0,0,0,11000,5000,6000,6000
08779P,旺宏群益01售04  ,0,0,0,0,0,0,0,0,0,6000,0,0,0,6000,0,6000,6000
08720P,台光電元大01售03,0,0,0,0,0,0,0,0,0,6000,0,0,0,6000,0,6000,6000
1438,裕豐            ,7000,1000,6000,0,0,0,0,0,0,0,0,0,0,0,0,0,6000
1445,大宇            ,8000,5000,3000,0,0,0,0,0,0,3000,3000,0,3000,0,0,0,6000
3296,勝德            ,14000,8000,6000,0,0,0,0,0,0,0,0,0,0,0,0,0,6000
4562,穎漢            ,6000,0,6000,0,0,0,0,0,0,0,0,0,0,0,0,0,6000
2109,華豐            ,18000,13000,5000,0,0,0,0,0,0,1000,1000,0,1000,0,0,0,6000
2428,興勤            ,56000,4000,52000,0,0,0,0,45000,-45000,-1000,0,2000,-2000,10000,9000,1000,6000
9942,茂順            ,13000,7000,6000,0,0,0,0,0,0,0,0,0,0,0,0,0,6000
5533,皇鼎            ,7000,1000,6000,0,0,0,0,0,0,0,0,0,0,0,0,0,6000
066676,A50正2兆豐03購01,0,0,0,0,0,0,0,0,0,5000,0,0,0,20000,15000,5000,5000
066721,臺指反元大04購03,0,0,0,0,0,0,0,0,0,5000,0,0,0,5000,0,5000,5000
066867,A50正2元富01購02,0,0,0,0,0,0,0,0,0,5000,0,0,0,5000,0,5000,5000
066438,南紡群益01購01  ,0,0,0,0,0,0,0,0,0,5000,0,0,0,20000,15000,5000,5000
07603P,台積電統一9B售08,0,0,0,0,0,0,0,0,0,5000,0,0,0,5000,0,5000,5000
07285P,上証2X群益01售02,0,0,0,0,0,0,0,0,0,5000,0,0,0,5000,0,5000,5000
07310P,大立光凱基99售12,0,0,0,0,0,0,0,0,0,5000,0,0,0,5000,0,5000,5000
08128P,聯發科元大9B售22,0,0,0,0,0,0,0,0,0,5000,0,0,0,5000,0,5000,5000
08129P,聯發科元大9B售23,0,0,0,0,0,0,0,0,0,5000,0,0,0,15000,10000,5000,5000
08118P,嘉澤元富9B售02  ,0,0,0,0,0,0,0,0,0,5000,0,0,0,5000,0,5000,5000
08199P,大毅元大9B售02  ,0,0,0,0,0,0,0,0,0,5000,0,0,0,5000,0,5000,5000
08224P,臺股指凱基9B售19,0,0,0,0,0,0,0,0,0,5000,0,0,0,85000,80000,5000,5000
07977P,華新科群益01售01,0,0,0,0,0,0,0,0,0,5000,0,0,0,5000,0,5000,5000
08018P,牧德國票9B售04  ,0,0,0,0,0,0,0,0,0,5000,0,0,0,5000,0,5000,5000
067617,臺股指凱基01購12,0,0,0,0,0,0,0,0,0,5000,0,0,0,70000,65000,5000,5000
06783P,亞光元大98售03  ,0,0,0,0,0,0,0,0,0,5000,0,0,0,5000,0,5000,5000
06750P,聯發科元富02售03,0,0,0,0,0,0,0,0,0,5000,0,0,0,5000,0,5000,5000
067291,可成兆豐01購01  ,0,0,0,0,0,0,0,0,0,5000,0,0,0,10000,5000,5000,5000
056790,彩晶群益98購03  ,0,0,0,0,0,0,0,0,0,5000,0,0,0,5000,0,5000,5000
054757,南亞國票98購01  ,0,0,0,0,0,0,0,0,0,5000,0,0,0,5000,0,5000,5000
054771,茂林國票98購02  ,0,0,0,0,0,0,0,0,0,5000,0,0,0,5000,0,5000,5000
056330,玉晶光國票99購03,0,0,0,0,0,0,0,0,0,5000,0,0,0,21000,16000,5000,5000
056399,上証2X群益9C購01,0,0,0,0,0,0,0,0,0,5000,0,0,0,5000,0,5000,5000
055272,國巨元大98購04  ,0,0,0,0,0,0,0,0,0,5000,0,0,0,10000,5000,5000,5000
059214,國巨元大99購20  ,0,0,0,0,0,0,0,0,0,5000,0,0,0,5000,0,5000,5000
059156,台灣50凱基01購03,0,0,0,0,0,0,0,0,0,5000,0,0,0,5000,0,5000,5000
058956,健策國票9A購02  ,0,0,0,0,0,0,0,0,0,5000,0,0,0,5000,0,5000,5000
058995,台達電元大99購01,0,0,0,0,0,0,0,0,0,5000,0,0,0,35000,30000,5000,5000
056597,宏碁元富98購01  ,0,0,0,0,0,0,0,0,0,5000,0,0,0,5000,0,5000,5000
056718,GIS永豐98購01   ,0,0,0,0,0,0,0,0,0,5000,0,0,0,5000,0,5000,5000
056511,超眾永豐98購01  ,0,0,0,0,0,0,0,0,0,5000,0,0,0,5000,0,5000,5000
056593,台積電元富98購02,0,0,0,0,0,0,0,0,0,5000,0,0,0,5000,0,5000,5000
046384,群創凱基98購02  ,0,0,0,0,0,0,0,0,0,5000,0,0,0,55000,50000,5000,5000
045053,聯發科元富98購01,0,0,0,0,0,0,0,0,0,5000,0,0,0,77000,72000,5000,5000
054425,聯發科富邦99購03,0,0,0,0,0,0,0,0,0,5000,0,0,0,2075000,2070000,5000,5000
052689,玉晶光元大98購03,0,0,0,0,0,0,0,0,0,5000,0,0,0,5000,0,5000,5000
054348,康控國票97購03  ,0,0,0,0,0,0,0,0,0,5000,0,0,0,5000,0,5000,5000
059065,南電凱基9A購01  ,0,0,0,0,0,0,0,0,0,5000,0,0,0,25000,20000,5000,5000
057545,國巨凱基99購05  ,0,0,0,0,0,0,0,0,0,5000,0,0,0,20000,15000,5000,5000
057190,立積元大9A購02  ,0,0,0,0,0,0,0,0,0,5000,0,0,0,5000,0,5000,5000
057259,台積電兆豐98購03,0,0,0,0,0,0,0,0,0,5000,0,0,0,5000,0,5000,5000
057479,致茂元大98購03  ,0,0,0,0,0,0,0,0,0,5000,0,0,0,105000,100000,5000,5000
058069,美律凱基99購05  ,0,0,0,0,0,0,0,0,0,5000,0,0,0,45000,40000,5000,5000
062223,大立光統一9C購04,0,0,0,0,0,0,0,0,0,5000,0,0,0,5000,0,5000,5000
062274,台積電群益9B購04,0,0,0,0,0,0,0,0,0,5000,0,0,0,5000,0,5000,5000
062000,臺股指元大9B購24,0,0,0,0,0,0,0,0,0,5000,0,0,0,5000,0,5000,5000
057739,新日興富邦9B購01,0,0,0,0,0,0,0,0,0,5000,0,0,0,5000,0,5000,5000
057858,T50正2康和98購01,0,0,0,0,0,0,0,0,0,5000,0,0,0,5000,0,5000,5000
057862,智邦凱基99購01  ,0,0,0,0,0,0,0,0,0,5000,0,0,0,15000,10000,5000,5000
057945,京鼎國票99購03  ,0,0,0,0,0,0,0,0,0,5000,0,0,0,40000,35000,5000,5000
058305,華邦電元大99購02,0,0,0,0,0,0,0,0,0,5000,0,0,0,5000,0,5000,5000
058385,創意中信99購01  ,0,0,0,0,0,0,0,0,0,5000,0,0,0,5000,0,5000,5000
058402,欣興元大99購04  ,0,0,0,0,0,0,0,0,0,5000,0,0,0,15000,10000,5000,5000
059784,台光電元大9A購01,0,0,0,0,0,0,0,0,0,5000,0,0,0,10000,5000,5000,5000
059844,大立光富邦9C購04,0,0,0,0,0,0,0,0,0,5000,0,0,0,5000,0,5000,5000
059719,台積電元大99購42,0,0,0,0,0,0,0,0,0,5000,0,0,0,6000,1000,5000,5000
060051,台積電凱基9B購01,0,0,0,0,0,0,0,0,0,5000,0,0,0,10000,5000,5000,5000
060013,S&P正2康和99購01,0,0,0,0,0,0,0,0,0,5000,0,0,0,5000,0,5000,5000
059639,大立光凱基9A購06,0,0,0,0,0,0,0,0,0,5000,0,0,0,15000,10000,5000,5000
061551,GIS群益9A購01   ,0,0,0,0,0,0,0,0,0,5000,0,0,0,5000,0,5000,5000
061000,旺宏兆豐9A購02  ,0,0,0,0,0,0,0,0,0,5000,0,0,0,5000,0,5000,5000
063183,國巨凱基9B購12  ,0,0,0,0,0,0,0,0,0,5000,0,0,0,10000,5000,5000,5000
063313,南亞科群益9B購02,0,0,0,0,0,0,0,0,0,5000,0,0,0,49000,44000,5000,5000
063426,茂林凱基9B購03  ,0,0,0,0,0,0,0,0,0,5000,0,0,0,15000,10000,5000,5000
062874,微星兆豐9B購01  ,0,0,0,0,0,0,0,0,0,5000,0,0,0,15000,10000,5000,5000
062478,牧德國票9B購03  ,0,0,0,0,0,0,0,0,0,5000,0,0,0,5000,0,5000,5000
062128,祥碩統一01購01  ,0,0,0,0,0,0,0,0,0,5000,0,0,0,31000,26000,5000,5000
062129,世紀鋼統一02購01,0,0,0,0,0,0,0,0,0,5000,0,0,0,15000,10000,5000,5000
062164,禾伸堂國泰01購01,0,0,0,0,0,0,0,0,0,5000,0,0,0,10000,5000,5000,5000
062626,台積電國票9C購04,0,0,0,0,0,0,0,0,0,5000,0,0,0,5000,0,5000,5000
060844,大立光國票9A購07,0,0,0,0,0,0,0,0,0,5000,0,0,0,54000,49000,5000,5000
062424,聯發科統一9C購08,0,0,0,0,0,0,0,0,0,5000,0,0,0,5000,0,5000,5000
061634,遠東新元大9A購01,0,0,0,0,0,0,0,0,0,5000,0,0,0,56000,51000,5000,5000
062104,上証2X國票9B購03,0,0,0,0,0,0,0,0,0,5000,0,0,0,5000,0,5000,5000
06125P,楠梓電元富99售01,0,0,0,0,0,0,0,0,0,5000,0,0,0,5000,0,5000,5000
061209,聯發科元大9A購10,0,0,0,0,0,0,0,0,0,5000,0,0,0,5000,0,5000,5000
060421,華擎永豐9A購01  ,0,0,0,0,0,0,0,0,0,5000,0,0,0,25000,20000,5000,5000
060595,台灣50凱基04購04,0,0,0,0,0,0,0,0,0,5000,0,0,0,5000,0,5000,5000
060633,玉晶光富邦02購01,0,0,0,0,0,0,0,0,0,5000,0,0,0,5000,0,5000,5000
060695,同欣電麥證9A購01,0,0,0,118000,54000,64000,0,0,0,5000,0,0,0,118000,113000,5000,5000
060777,茂林凱基9C購01  ,0,0,0,0,0,0,0,0,0,5000,0,0,0,5000,0,5000,5000
060566,聯詠富邦9C購01  ,0,0,0,0,0,0,0,0,0,5000,0,0,0,5000,0,5000,5000
063045,國巨兆豐9C購02  ,0,0,0,0,0,0,0,0,0,5000,0,0,0,5000,0,5000,5000
063047,大立光兆豐9B購03,0,0,0,0,0,0,0,0,0,5000,0,0,0,5000,0,5000,5000
06510P,燿華永豐98售03  ,0,0,0,0,0,0,0,0,0,5000,0,0,0,5000,0,5000,5000
064991,友達兆豐9C購01  ,0,0,0,0,0,0,0,0,0,5000,0,0,0,15000,10000,5000,5000
064851,勤誠元富03購01  ,0,0,0,0,0,0,0,0,0,5000,0,0,0,5000,0,5000,5000
065362,華通元大9C購06  ,0,0,0,0,0,0,0,0,0,5000,0,0,0,31000,26000,5000,5000
065618,電子類元大9C購01,0,0,0,0,0,0,0,0,0,5000,0,0,0,5000,0,5000,5000
065833,中租凱基02購01  ,0,0,0,0,0,0,0,0,0,5000,0,0,0,5000,0,5000,5000
064434,微星凱基02購01  ,0,0,0,0,0,0,0,0,0,5000,0,0,0,18000,13000,5000,5000
064229,台表科國票01購01,0,0,0,0,0,0,0,0,0,5000,0,0,0,5000,0,5000,5000
064667,大立光元大02購01,0,0,0,0,0,0,0,0,0,5000,0,0,0,10000,5000,5000,5000
064554,儒鴻群益9C購01  ,0,0,0,0,0,0,0,0,0,5000,0,0,0,5000,0,5000,5000
063676,上銀國泰9C購02  ,0,0,0,0,0,0,0,0,0,5000,0,0,0,5000,0,5000,5000
063645,瑞儀元大9B購02  ,0,0,0,0,0,0,0,0,0,5000,0,0,0,5000,0,5000,5000
063600,燿華凱基9B購04  ,0,0,0,0,0,0,0,0,0,5000,0,0,0,203000,198000,5000,5000
064168,南電統一01購01  ,0,0,0,0,0,0,0,0,0,5000,0,0,0,5000,0,5000,5000
064181,景碩富邦9C購01  ,0,0,0,0,0,0,0,0,0,5000,0,0,0,5000,0,5000,5000
8341,日友            ,22000,14000,8000,0,0,0,0,0,0,-3000,0,3000,-3000,0,0,0,5000
2402,毅嘉            ,168000,160000,8000,0,0,0,0,0,0,-3000,0,3000,-3000,0,0,0,5000
2115,六暉-KY         ,2000,0,2000,0,0,0,0,0,0,3000,3000,0,3000,0,0,0,5000
2012,春雨            ,5000,0,5000,0,0,0,0,0,0,0,0,0,0,0,0,0,5000
2033,佳大            ,5000,2000,3000,0,0,0,0,0,0,2000,2000,0,2000,0,0,0,5000
1474,弘裕            ,345000,339000,6000,0,0,0,0,0,0,-1000,0,1000,-1000,0,0,0,5000
1568,倉佑            ,9000,2000,7000,0,0,0,0,0,0,-2000,0,2000,-2000,0,0,0,5000
3669,圓展            ,537000,531000,6000,0,0,0,0,0,0,-1000,0,1000,-1000,0,0,0,5000
2923,鼎固-KY         ,5000,0,5000,0,0,0,0,0,0,0,0,0,0,0,0,0,5000
2612,中航            ,16000,12000,4000,0,0,0,0,0,0,1000,1000,0,1000,0,0,0,5000
1468,昶和            ,5000,0,5000,0,0,0,0,0,0,0,0,0,0,0,0,0,5000
1234,黑松            ,7000,2000,5000,0,0,0,0,0,0,0,0,0,0,0,0,0,5000
08733P,臺股指麥證01售05,0,0,0,25000,20000,5000,0,0,0,5000,0,0,0,25000,20000,5000,5000
08869P,緯穎凱基01售02  ,0,0,0,0,0,0,0,0,0,5000,0,0,0,5000,0,5000,5000
08883P,台積電國票02售02,0,0,0,0,0,0,0,0,0,5000,0,0,0,40000,35000,5000,5000
08582P,臺股指元大9C售30,0,0,0,0,0,0,0,0,0,5000,0,0,0,45000,40000,5000,5000
08594P,台積電群益01售05,0,0,0,0,0,0,0,0,0,5000,0,0,0,20000,15000,5000,5000
08613P,同欣電凱基9C售04,0,0,0,0,0,0,0,0,0,5000,0,0,0,23000,18000,5000,5000
067263,台汽電國票01購01,0,0,0,0,0,0,0,0,0,4000,0,0,0,66000,62000,4000,4000
067557,可成國票01購01  ,0,0,0,0,0,0,0,0,0,4000,0,0,0,39000,35000,4000,4000
067462,台灣50元大01購27,0,0,0,0,0,0,0,0,0,4000,0,0,0,5000,1000,4000,4000
067699,奇鋐國票02購03  ,0,0,0,0,0,0,0,0,0,4000,0,0,0,9000,5000,4000,4000
07892P,臺股指國票9B售02,0,0,0,0,0,0,0,0,0,4000,0,0,0,4000,0,4000,4000
08207P,金像電群益9B售05,0,0,0,0,0,0,0,0,0,4000,0,0,0,84000,80000,4000,4000
07660P,聯茂凱基9A售03  ,0,0,0,0,0,0,0,0,0,4000,0,0,0,4000,0,4000,4000
07752P,台灣50元大9C售33,0,0,0,0,0,0,0,0,0,4000,0,0,0,7000,3000,4000,4000
066936,新日興國票02購01,0,0,0,0,0,0,0,0,0,4000,0,0,0,5000,1000,4000,4000
057748,華通國票98購04  ,0,0,0,0,0,0,0,0,0,4000,0,0,0,4000,0,4000,4000
057834,聯發科元富02購07,0,0,0,0,0,0,0,0,0,4000,0,0,0,4000,0,4000,4000
063063,泰鼎元富9B購01  ,0,0,0,0,0,0,0,0,0,4000,0,0,0,4000,0,4000,4000
057297,新日興永豐98購01,0,0,0,0,0,0,0,0,0,4000,0,0,0,4000,0,4000,4000
057326,景碩群益99購02  ,0,0,0,0,0,0,0,0,0,4000,0,0,0,4000,0,4000,4000
057227,台積電凱基98購15,0,0,0,0,0,0,0,0,0,4000,0,0,0,4000,0,4000,4000
03012X,元展12          ,0,0,0,0,0,0,0,0,0,4000,0,0,0,4000,0,4000,4000
00680L,元大美債20正2   ,0,0,0,0,0,0,0,0,0,4000,0,0,0,16000,12000,4000,4000
03682C,臺股指凱基9C牛07,0,0,0,0,0,0,0,0,0,4000,0,0,0,11000,7000,4000,4000
057126,台積電凱基99購03,0,0,0,0,0,0,0,0,0,4000,0,0,0,8000,4000,4000,4000
057135,立積凱基98購01  ,0,0,0,0,0,0,0,0,0,4000,0,0,0,4000,0,4000,4000
057086,立積統一9C購01  ,0,0,0,0,0,0,0,0,0,4000,0,0,0,4000,0,4000,4000
057082,玉晶光統一9A購04,0,0,0,0,0,0,0,0,0,4000,0,0,0,7000,3000,4000,4000
061093,華新科統一9B購03,0,0,0,0,0,0,0,0,0,4000,0,0,0,30000,26000,4000,4000
062948,台積電富邦01購02,0,0,0,0,0,0,0,0,0,4000,0,0,0,5000,1000,4000,4000
060713,聯詠永豐9A購01  ,0,0,0,0,0,0,0,0,0,4000,0,0,0,21000,17000,4000,4000
060621,玉晶光元大9A購05,0,0,0,0,0,0,0,0,0,4000,0,0,0,6000,2000,4000,4000
060977,亞德客元大9A購04,0,0,0,0,0,0,0,0,0,4000,0,0,0,11000,7000,4000,4000
061298,華新科富邦01購02,0,0,0,0,0,0,0,0,0,4000,0,0,0,24000,20000,4000,4000
061464,瑞昱群益9A購01  ,0,0,0,0,0,0,0,0,0,4000,0,0,0,4000,0,4000,4000
060845,欣興國票9A購01  ,0,0,0,0,0,0,0,0,0,4000,0,0,0,4000,0,4000,4000
060843,大立光國票9A購06,0,0,0,0,0,0,0,0,0,4000,0,0,0,4000,0,4000,4000
062779,台積電元大9B購03,0,0,0,0,0,0,0,0,0,4000,0,0,0,4000,0,4000,4000
063401,中租群益9B購03  ,0,0,0,0,0,0,0,0,0,4000,0,0,0,4000,0,4000,4000
063212,聯發科國票9C購02,0,0,0,0,0,0,0,0,0,4000,0,0,0,4000,0,4000,4000
060548,友達凱基9B購03  ,0,0,0,0,0,0,0,0,0,4000,0,0,0,14000,10000,4000,4000
060478,南電元大9A購01  ,0,0,0,0,0,0,0,0,0,4000,0,0,0,4000,0,4000,4000
062724,可成凱基9B購04  ,0,0,0,0,0,0,0,0,0,4000,0,0,0,4000,0,4000,4000
062709,帆宣元大9B購01  ,0,0,0,0,0,0,0,0,0,4000,0,0,0,4000,0,4000,4000
060011,臺股指群益9C購06,0,0,0,0,0,0,0,0,0,4000,0,0,0,4000,0,4000,4000
061832,聯發科凱基9B購06,0,0,0,0,0,0,0,0,0,4000,0,0,0,10000,6000,4000,4000
059905,A50正2元大9C購06,0,0,0,0,0,0,0,0,0,4000,0,0,0,12000,8000,4000,4000
059872,華新科凱基01購01,0,0,0,0,0,0,0,0,0,4000,0,0,0,69000,65000,4000,4000
063905,健策麥證02購01  ,0,0,0,4000,0,4000,0,0,0,4000,0,0,0,4000,0,4000,4000
063972,緯創國票9C購01  ,0,0,0,0,0,0,0,0,0,4000,0,0,0,4000,0,4000,4000
063961,世紀鋼元大9C購05,0,0,0,0,0,0,0,0,0,4000,0,0,0,216000,212000,4000,4000
063943,台光電元大9C購02,0,0,0,0,0,0,0,0,0,4000,0,0,0,145000,141000,4000,4000
063535,聯發科統一9B購13,0,0,0,0,0,0,0,0,0,4000,0,0,0,4000,0,4000,4000
063804,華邦電兆豐01購01,0,0,0,0,0,0,0,0,0,4000,0,0,0,8000,4000,4000,4000
063751,祥碩國票9C購02  ,0,0,0,0,0,0,0,0,0,4000,0,0,0,4000,0,4000,4000
064784,祥碩群益9C購01  ,0,0,0,0,0,0,0,0,0,4000,0,0,0,182000,178000,4000,4000
064227,和碩國票01購01  ,0,0,0,0,0,0,0,0,0,4000,0,0,0,4000,0,4000,4000
064450,致茂統一01購01  ,0,0,0,0,0,0,0,0,0,4000,0,0,0,106000,102000,4000,4000
064405,美食凱基01購02  ,0,0,0,0,0,0,0,0,0,4000,0,0,0,4000,0,4000,4000
065848,聯詠元大9C購03  ,0,0,0,0,0,0,0,0,0,4000,0,0,0,231000,227000,4000,4000
065172,義隆元大9C購05  ,0,0,0,0,0,0,0,0,0,4000,0,0,0,129000,125000,4000,4000
08701P,景碩康和01售02  ,0,0,0,0,0,0,0,0,0,4000,0,0,0,65000,61000,4000,4000
08488P,臺股指群益9C售19,0,0,0,0,0,0,0,0,0,4000,0,0,0,4000,0,4000,4000
08445P,臺股指麥證9C售03,0,0,0,8000,4000,4000,0,0,0,4000,0,0,0,8000,4000,4000,4000
08424P,群創元富9C售03  ,0,0,0,0,0,0,0,0,0,4000,0,0,0,6000,2000,4000,4000
1463,強盛            ,0,0,0,0,0,0,0,0,0,4000,4000,0,4000,0,0,0,4000
1414,東和            ,4000,0,4000,0,0,0,0,0,0,0,0,0,0,0,0,0,4000
1203,味王            ,4000,0,4000,0,0,0,0,0,0,0,0,0,0,0,0,0,4000
2936,客思達-KY       ,4000,0,4000,0,0,0,0,0,0,0,0,0,0,0,0,0,4000
2904,匯僑            ,0,0,0,0,0,0,0,0,0,4000,4000,0,4000,0,0,0,4000
3701,大眾控          ,4000,0,4000,0,0,0,0,0,0,0,0,0,0,0,0,0,4000
3432,台端            ,4000,0,4000,0,0,0,0,0,0,0,0,0,0,0,0,0,4000
3054,立萬利          ,3000,0,3000,0,0,0,0,0,0,1000,2000,1000,1000,0,0,0,4000
1618,合機            ,7000,3000,4000,0,0,0,0,0,0,0,0,0,0,0,0,0,4000
2009,第一銅          ,12000,8000,4000,0,0,0,0,0,0,0,0,0,0,0,0,0,4000
2429,銘旺科          ,4000,0,4000,0,0,0,0,0,0,0,0,0,0,0,0,0,4000
8201,無敵            ,27000,21000,6000,0,0,0,0,0,0,-2000,0,2000,-2000,0,0,0,4000
6581,鋼聯            ,7000,3000,4000,0,0,0,0,0,0,0,0,0,0,0,0,0,4000
4930,燦星網          ,9000,5000,4000,0,0,0,0,0,0,0,0,0,0,0,0,0,4000
6164,華興            ,7000,3000,4000,0,0,0,0,0,0,0,0,0,0,0,0,0,4000
6216,居易            ,1000,2000,-1000,0,0,0,0,0,0,5000,6000,1000,5000,0,0,0,4000
6201,亞弘電          ,2000,0,2000,0,0,0,0,0,0,2000,2000,0,2000,0,0,0,4000
066838,致新群益02購02  ,0,0,0,0,0,0,0,0,0,3000,0,0,0,3000,0,3000,3000
066715,台灣50元大01購23,0,0,0,0,0,0,0,0,0,3000,0,0,0,3000,0,3000,3000
06679P,旺宏元大98售09  ,0,0,0,0,0,0,0,0,0,3000,0,0,0,3000,0,3000,3000
066401,智伸科凱基01購02,0,0,0,0,0,0,0,0,0,3000,0,0,0,3000,0,3000,3000
066054,創意元大01購02  ,0,0,0,0,0,0,0,0,0,3000,0,0,0,3000,0,3000,3000
07291P,臺股指凱基99售43,0,0,0,0,0,0,0,0,0,3000,0,0,0,3000,0,3000,3000
07134P,臺股指元大9A售28,0,0,0,0,0,0,0,0,0,3000,0,0,0,3000,0,3000,3000
06902P,聯電凱基98售02  ,0,0,0,0,0,0,0,0,0,3000,0,0,0,3000,0,3000,3000
067397,欣興永豐01購03  ,0,0,0,0,0,0,0,0,0,3000,0,0,0,121000,118000,3000,3000
057049,新日興元大98購02,0,0,0,0,0,0,0,0,0,3000,0,0,0,3000,0,3000,3000
056609,楠梓電永豐98購02,0,0,0,0,0,0,0,0,0,3000,0,0,0,33000,30000,3000,3000
03427B,臺股指元大9A熊02,0,0,0,0,0,0,0,0,0,3000,0,0,0,223000,220000,3000,3000
042793,台積電台新9C購01,0,0,0,0,0,0,0,0,0,3000,0,0,0,5000,2000,3000,3000
045189,大立光元富98購01,0,0,0,0,0,0,0,0,0,3000,0,0,0,3000,0,3000,3000
052470,華新科亞東97購01,0,0,0,0,0,0,0,0,0,3000,0,0,0,3000,0,3000,3000
00684R,元大美元指數反1 ,0,0,0,0,0,0,0,0,0,3000,0,0,0,4000,1000,3000,3000
00685L,群益臺灣加權正2 ,0,0,0,0,0,0,0,0,0,3000,0,0,0,22000,19000,3000,3000
00651R,FH香港反1       ,0,0,0,0,0,0,0,0,0,3000,0,0,0,231000,228000,3000,3000
058937,仁寶中信99購01  ,0,0,0,0,0,0,0,0,0,3000,0,0,0,23000,20000,3000,3000
058808,大成鋼統一9B購01,0,0,0,0,0,0,0,0,0,3000,0,0,0,3000,0,3000,3000
058825,同欣電富邦9A購01,0,0,0,0,0,0,0,0,0,3000,0,0,0,3000,0,3000,3000
059144,嘉晶國票9A購02  ,0,0,0,0,0,0,0,0,0,3000,0,0,0,3000,0,3000,3000
056015,華通群益99購01  ,0,0,0,0,0,0,0,0,0,3000,0,0,0,3000,0,3000,3000
055021,亞德客國泰98購01,0,0,0,0,0,0,0,0,0,3000,0,0,0,3000,0,3000,3000
057207,立積元富98購02  ,0,0,0,0,0,0,0,0,0,3000,0,0,0,3000,0,3000,3000
058640,台灣50麥證9A購01,0,0,0,3000,0,3000,0,0,0,3000,0,0,0,3000,0,3000,3000
058536,群創統一9B購01  ,0,0,0,0,0,0,0,0,0,3000,0,0,0,39000,36000,3000,3000
059107,南茂國泰9A購01  ,0,0,0,0,0,0,0,0,0,3000,0,0,0,3000,0,3000,3000
057383,玉晶光富邦9A購01,0,0,0,0,0,0,0,0,0,3000,0,0,0,8000,5000,3000,3000
057651,矽力元大98購03  ,0,0,0,0,0,0,0,0,0,3000,0,0,0,3000,0,3000,3000
058257,聯陽國泰9B購01  ,0,0,0,0,0,0,0,0,0,3000,0,0,0,3000,0,3000,3000
062346,智邦群益9B購02  ,0,0,0,0,0,0,0,0,0,3000,0,0,0,21000,18000,3000,3000
058564,元金2X凱基9C購01,0,0,0,0,0,0,0,0,0,3000,0,0,0,3000,0,3000,3000
057963,緯穎元大98購08  ,0,0,0,0,0,0,0,0,0,3000,0,0,0,98000,95000,3000,3000
057981,臻鼎永豐98購01  ,0,0,0,0,0,0,0,0,0,3000,0,0,0,13000,10000,3000,3000
060016,廣達康和99購01  ,0,0,0,0,0,0,0,0,0,3000,0,0,0,3000,0,3000,3000
060060,台積電兆豐99購05,0,0,0,0,0,0,0,0,0,3000,0,0,0,5000,2000,3000,3000
059641,群創凱基99購06  ,0,0,0,0,0,0,0,0,0,3000,0,0,0,23000,20000,3000,3000
060124,奇力新永豐99購03,0,0,0,0,0,0,0,0,0,3000,0,0,0,261000,258000,3000,3000
060514,南電元大9A購02  ,0,0,0,0,0,0,0,0,0,3000,0,0,0,3000,0,3000,3000
059528,華新科凱基99購06,0,0,0,0,0,0,0,0,0,3000,0,0,0,48000,45000,3000,3000
063440,上銀統一01購02  ,0,0,0,0,0,0,0,0,0,3000,0,0,0,5000,2000,3000,3000
062784,世芯元大9B購01  ,0,0,0,0,0,0,0,0,0,3000,0,0,0,3000,0,3000,3000
062931,上証2X凱基01購01,0,0,0,0,0,0,0,0,0,3000,0,0,0,3000,0,3000,3000
062477,聯詠國票9B購01  ,0,0,0,0,0,0,0,0,0,3000,0,0,0,3000,0,3000,3000
061482,健策元大9C購01  ,0,0,0,0,0,0,0,0,0,3000,0,0,0,3000,0,3000,3000
061628,緯穎群益9A購04  ,0,0,0,0,0,0,0,0,0,3000,0,0,0,3000,0,3000,3000
061282,台積電統一9C購06,0,0,0,0,0,0,0,0,0,3000,0,0,0,3000,0,3000,3000
060975,滬深2X元大01購02,0,0,0,0,0,0,0,0,0,3000,0,0,0,3000,0,3000,3000
060569,台積電永豐9A購01,0,0,0,0,0,0,0,0,0,3000,0,0,0,3000,0,3000,3000
060572,景碩永豐9A購01  ,0,0,0,0,0,0,0,0,0,3000,0,0,0,42000,39000,3000,3000
065412,金像電永豐9C購01,0,0,0,0,0,0,0,0,0,3000,0,0,0,3000,0,3000,3000
065021,貿聯富邦03購01  ,0,0,0,0,0,0,0,0,0,3000,0,0,0,3000,0,3000,3000
065869,微星群益02購01  ,0,0,0,0,0,0,0,0,0,3000,0,0,0,5000,2000,3000,3000
065931,瑞祺國票02購01  ,0,0,0,0,0,0,0,0,0,3000,0,0,0,49000,46000,3000,3000
065638,台灣50元大9C購51,0,0,0,0,0,0,0,0,0,3000,0,0,0,3000,0,3000,3000
06569P,可成永豐98售01  ,0,0,0,0,0,0,0,0,0,3000,0,0,0,3000,0,3000,3000
065426,台積電凱基01購09,0,0,0,0,0,0,0,0,0,3000,0,0,0,7000,4000,3000,3000
064351,中租元大9C購01  ,0,0,0,0,0,0,0,0,0,3000,0,0,0,53000,50000,3000,3000
064230,上銀統一01購04  ,0,0,0,0,0,0,0,0,0,3000,0,0,0,115000,112000,3000,3000
064312,大立光群益01購01,0,0,0,0,0,0,0,0,0,3000,0,0,0,10000,7000,3000,3000
064763,祥碩凱基02購01  ,0,0,0,0,0,0,0,0,0,3000,0,0,0,278000,275000,3000,3000
064596,台表科統一01購03,0,0,0,0,0,0,0,0,0,3000,0,0,0,3000,0,3000,3000
063772,智邦富邦9B購02  ,0,0,0,0,0,0,0,0,0,3000,0,0,0,208000,205000,3000,3000
063701,燿華群益9B購02  ,0,0,0,0,0,0,0,0,0,3000,0,0,0,120000,117000,3000,3000
063935,上証2X元大9C購05,0,0,0,0,0,0,0,0,0,3000,0,0,0,3000,0,3000,3000
063986,聯發科富邦02購01,0,0,0,0,0,0,0,0,0,3000,0,0,0,3000,0,3000,3000
064062,創意國泰01購01  ,0,0,0,0,0,0,0,0,0,3000,0,0,0,3000,0,3000,3000
9941A,裕融甲特        ,0,0,0,0,0,0,0,0,0,3000,5000,2000,3000,0,0,0,3000
2430,燦坤            ,4000,1000,3000,0,0,0,0,0,0,0,0,0,0,0,0,0,3000
2509,全坤建          ,3000,0,3000,0,0,0,0,0,0,0,0,0,0,0,0,0,3000
2465,麗臺            ,14000,11000,3000,0,0,0,0,0,0,0,0,0,0,0,0,0,3000
2460,建通            ,4000,1000,3000,0,0,0,0,0,0,0,0,0,0,0,0,0,3000
2397,友通            ,7000,4000,3000,0,0,0,0,0,0,0,0,0,0,0,0,0,3000
1713,國化            ,3000,0,3000,0,0,0,0,0,0,0,0,0,0,0,0,0,3000
1535,中宇            ,3000,0,3000,0,0,0,0,0,0,0,0,0,0,0,0,0,3000
3130,一零四          ,3000,0,3000,0,0,0,0,0,0,0,0,0,0,0,0,0,3000
4581,光隆精密-KY     ,9000,6000,3000,0,0,0,0,0,0,0,0,0,0,0,0,0,3000
3002,歐格            ,3000,0,3000,0,0,0,0,0,0,0,0,0,0,0,0,0,3000
3011,今皓            ,4000,1000,3000,0,0,0,0,0,0,0,0,0,0,0,0,0,3000
2546,根基            ,11000,9000,2000,0,0,0,0,0,0,1000,1000,0,1000,0,0,0,3000
1453,大將            ,4000,1000,3000,0,0,0,0,0,0,0,0,0,0,0,0,0,3000
06788P,臺股指元大98售05,0,0,0,0,0,0,0,0,0,2000,0,0,0,2000,0,2000,2000
07284P,大立光凱基99售10,0,0,0,0,0,0,0,0,0,2000,0,0,0,2000,0,2000,2000
07491P,臺股指國票9A售09,0,0,0,0,0,0,0,0,0,2000,0,0,0,2000,0,2000,2000
08282P,南六群益9C售01  ,0,0,0,0,0,0,0,0,0,2000,0,0,0,10000,8000,2000,2000
08170P,緯穎群益9B售03  ,0,0,0,0,0,0,0,0,0,2000,0,0,0,2000,0,2000,2000
08145P,台灣50群益9B售11,0,0,0,0,0,0,0,0,0,2000,0,0,0,2000,0,2000,2000
08135P,玉晶光國泰01售02,0,0,0,0,0,0,0,0,0,2000,0,0,0,24000,22000,2000,2000
066641,台郡凱基03購01  ,0,0,0,0,0,0,0,0,0,2000,0,0,0,53000,51000,2000,2000
066550,國泰金元大01購01,0,0,0,0,0,0,0,0,0,2000,0,0,0,125000,123000,2000,2000
058579,聯發科群益99購04,0,0,0,0,0,0,0,0,0,2000,0,0,0,3000,1000,2000,2000
057784,台積電國票9B購01,0,0,0,0,0,0,0,0,0,2000,0,0,0,2000,0,2000,2000
058591,台灣50統一9B購02,0,0,0,0,0,0,0,0,0,2000,0,0,0,2000,0,2000,2000
062591,新日興統一9C購01,0,0,0,0,0,0,0,0,0,2000,0,0,0,2000,0,2000,2000
062048,義隆台新9B購01  ,0,0,0,0,0,0,0,0,0,2000,0,0,0,2000,0,2000,2000
058170,國巨凱基9A購06  ,0,0,0,0,0,0,0,0,0,2000,0,0,0,2000,0,2000,2000
058195,鈺齊永豐99購01  ,0,0,0,0,0,0,0,0,0,2000,0,0,0,52000,50000,2000,2000
057671,群創元大9B購06  ,0,0,0,0,0,0,0,0,0,2000,0,0,0,83000,81000,2000,2000
057355,彩晶統一98購03  ,0,0,0,0,0,0,0,0,0,2000,0,0,0,2000,0,2000,2000
058685,TPK凱基99購01   ,0,0,0,0,0,0,0,0,0,2000,0,0,0,72000,70000,2000,2000
054966,貿聯元大98購02  ,0,0,0,0,0,0,0,0,0,2000,0,0,0,2000,0,2000,2000
055228,聯發科國票98購03,0,0,0,0,0,0,0,0,0,2000,0,0,0,5000,3000,2000,2000
054679,台積電康和99購01,0,0,0,0,0,0,0,0,0,2000,0,0,0,2000,0,2000,2000
056825,深中小富邦9B購01,0,0,0,0,0,0,0,0,0,2000,0,0,0,2000,0,2000,2000
054628,可成凱基98購01  ,0,0,0,0,0,0,0,0,0,2000,0,0,0,2000,0,2000,2000
054552,聯發科凱基98購03,0,0,0,0,0,0,0,0,0,2000,0,0,0,2000,0,2000,2000
056356,台積電元大99購01,0,0,0,0,0,0,0,0,0,2000,0,0,0,41000,39000,2000,2000
059151,臺股指國票99購14,0,0,0,0,0,0,0,0,0,2000,0,0,0,3000,1000,2000,2000
059240,台積電凱基9A購09,0,0,0,0,0,0,0,0,0,2000,0,0,0,2000,0,2000,2000
058875,台表科國票9A購02,0,0,0,0,0,0,0,0,0,2000,0,0,0,7000,5000,2000,2000
00645,富邦日本        ,0,0,0,0,0,0,0,0,0,2000,0,0,0,104000,102000,2000,2000
00775B,新光投等債15+   ,1000,0,1000,0,0,0,0,0,0,1000,0,0,0,3000,2000,1000,2000
020011,統一微波高息20N ,0,0,0,0,0,0,0,0,0,2000,0,0,0,23000,21000,2000,2000
00689R,國泰20年美債反1 ,2000,0,2000,0,0,0,0,0,0,0,0,0,0,100000,100000,0,2000
052766,玉晶光群益9A購01,0,0,0,0,0,0,0,0,0,2000,0,0,0,2000,0,2000,2000
053400,緯穎中信9A購01  ,0,0,0,0,0,0,0,0,0,2000,0,0,0,2000,0,2000,2000
051375,道瓊反群益9A購01,0,0,0,0,0,0,0,0,0,2000,0,0,0,2000,0,2000,2000
049759,元黃金富邦9A購01,0,0,0,0,0,0,0,0,0,2000,0,0,0,10000,8000,2000,2000
050306,聯發科中信97購01,0,0,0,0,0,0,0,0,0,2000,0,0,0,2000,0,2000,2000
056545,TPK凱基98購02   ,0,0,0,0,0,0,0,0,0,2000,0,0,0,2000,0,2000,2000
052437,聯發科富邦99購02,0,0,0,0,0,0,0,0,0,2000,0,0,0,2000,0,2000,2000
047571,滬深2X群益99購01,0,0,0,0,0,0,0,0,0,2000,0,0,0,2000,0,2000,2000
03027X,元展24          ,0,0,0,0,0,0,0,0,0,2000,0,0,0,2000,0,2000,2000
056772,欣興元大99購01  ,0,0,0,0,0,0,0,0,0,2000,0,0,0,2000,0,2000,2000
060631,微星富邦9B購01  ,0,0,0,0,0,0,0,0,0,2000,0,0,0,2000,0,2000,2000
060702,玉晶光國泰9C購02,0,0,0,0,0,0,0,0,0,2000,0,0,0,2000,0,2000,2000
062980,康控元富9B購01  ,0,0,0,0,0,0,0,0,0,2000,0,0,0,96000,94000,2000,2000
061088,國巨統一9C購05  ,0,0,0,0,0,0,0,0,0,2000,0,0,0,2000,0,2000,2000
060941,台積電國票9B購04,0,0,0,0,0,0,0,0,0,2000,0,0,0,2000,0,2000,2000
061607,台表科凱基9B購02,0,0,0,0,0,0,0,0,0,2000,0,0,0,2000,0,2000,2000
061614,亞德客群益9A購01,0,0,0,0,0,0,0,0,0,2000,0,0,0,2000,0,2000,2000
062066,元黃金元大9B購01,0,0,0,0,0,0,0,0,0,2000,0,0,0,2000,0,2000,2000
062486,瑞昱富邦9B購01  ,0,0,0,0,0,0,0,0,0,2000,0,0,0,2000,0,2000,2000
062143,大成鋼國票9B購01,0,0,0,0,0,0,0,0,0,2000,0,0,0,2000,0,2000,2000
062629,聯發科國票9C購01,0,0,0,0,0,0,0,0,0,2000,0,0,0,2000,0,2000,2000
062168,大毅永豐9B購01  ,0,0,0,0,0,0,0,0,0,2000,0,0,0,2000,0,2000,2000
062600,可成台新9B購01  ,0,0,0,0,0,0,0,0,0,2000,0,0,0,2000,0,2000,2000
062144,華通國票9B購01  ,0,0,0,0,0,0,0,0,0,2000,0,0,0,2000,0,2000,2000
062181,義隆元大9B購03  ,0,0,0,0,0,0,0,0,0,2000,0,0,0,2000,0,2000,2000
062786,立積元大9C購03  ,0,0,0,0,0,0,0,0,0,2000,0,0,0,2000,0,2000,2000
060511,群創元大9B購08  ,0,0,0,0,0,0,0,0,0,2000,0,0,0,5000,3000,2000,2000
063170,智邦第一9B購01  ,0,0,0,0,0,0,0,0,0,2000,0,0,0,2000,0,2000,2000
060369,滬深2X元富01購01,0,0,0,0,0,0,0,0,0,2000,0,0,0,2000,0,2000,2000
059661,大立光元大99購22,0,0,0,0,0,0,0,0,0,2000,0,0,0,15000,13000,2000,2000
063361,台表科國泰01購02,0,0,0,0,0,0,0,0,0,2000,0,0,0,2000,0,2000,2000
063329,健策國票9C購01  ,0,0,0,0,0,0,0,0,0,2000,0,0,0,2000,0,2000,2000
060151,旺宏富邦9A購02  ,0,0,0,0,0,0,0,0,0,2000,0,0,0,2000,0,2000,2000
060104,新日興元大99購03,0,0,0,0,0,0,0,0,0,2000,0,0,0,2000,0,2000,2000
059889,華新科國票99購04,0,0,0,0,0,0,0,0,0,2000,0,0,0,4000,2000,2000,2000
059475,元石油群益99購02,0,0,0,0,0,0,0,0,0,2000,0,0,0,3000,1000,2000,2000
061811,A50正2群益01購03,0,0,0,0,0,0,0,0,0,2000,0,0,0,3000,1000,2000,2000
060999,國巨兆豐9A購01  ,0,0,0,0,0,0,0,0,0,2000,0,0,0,42000,40000,2000,2000
061422,台積電元大9A購30,0,0,0,0,0,0,0,0,0,2000,0,0,0,2000,0,2000,2000
061531,奇鋐台新9A購01  ,0,0,0,0,0,0,0,0,0,2000,0,0,0,30000,28000,2000,2000
064138,亞德客統一01購02,0,0,0,0,0,0,0,0,0,2000,0,0,0,2000,0,2000,2000
064140,台達電統一01購01,0,0,0,0,0,0,0,0,0,2000,0,0,0,2000,0,2000,2000
063996,貿聯群益9C購01  ,0,0,0,0,0,0,0,0,0,2000,0,0,0,2000,0,2000,2000
063990,世芯永豐01購01  ,0,0,0,0,0,0,0,0,0,2000,0,0,0,2000,0,2000,2000
063960,南電元大9C購03  ,0,0,0,0,0,0,0,0,0,2000,0,0,0,2000,0,2000,2000
063932,世芯統一01購01  ,0,0,0,0,0,0,0,0,0,2000,0,0,0,22000,20000,2000,2000
063722,遠東新元大9B購02,0,0,0,0,0,0,0,0,0,2000,0,0,0,27000,25000,2000,2000
063845,旺宏元大9C購03  ,0,0,0,0,0,0,0,0,0,2000,0,0,0,2000,0,2000,2000
064797,道瓊反元大01購01,0,0,0,0,0,0,0,0,0,2000,0,0,0,2000,0,2000,2000
064743,聯詠國票01購01  ,0,0,0,0,0,0,0,0,0,2000,0,0,0,19000,17000,2000,2000
064772,FBVIX群益9C購04 ,0,0,0,0,0,0,0,0,0,2000,0,0,0,2000,0,2000,2000
065489,臺股指元大9C購31,0,0,0,0,0,0,0,0,0,2000,0,0,0,2000,0,2000,2000
066007,大立光統一02購06,0,0,0,0,0,0,0,0,0,2000,0,0,0,106000,104000,2000,2000
065874,智原群益9C購01  ,0,0,0,0,0,0,0,0,0,2000,0,0,0,2000,0,2000,2000
065070,臺股指群益9C購18,0,0,0,0,0,0,0,0,0,2000,0,0,0,5000,3000,2000,2000
064962,台灣50元大9C購45,0,0,0,0,0,0,0,0,0,2000,0,0,0,5000,3000,2000,2000
065350,華擎統一01購04  ,0,0,0,0,0,0,0,0,0,2000,0,0,0,7000,5000,2000,2000
1423,利華            ,0,5000,-5000,0,0,0,0,0,0,7000,7000,0,7000,0,0,0,2000
1225,福懋油          ,4000,2000,2000,0,0,0,0,0,0,0,0,0,0,0,0,0,2000
08402P,台灣50元大9C售40,0,0,0,0,0,0,0,0,0,2000,0,0,0,2000,0,2000,2000
08352P,大立光群益01售02,0,0,0,0,0,0,0,0,0,2000,0,0,0,2000,0,2000,2000
08687P,南六永豐01售02  ,0,0,0,0,0,0,0,0,0,2000,0,0,0,4000,2000,2000,2000
2613,中櫃            ,2000,0,2000,0,0,0,0,0,0,0,0,0,0,0,0,0,2000
2539,櫻花建          ,14000,8000,6000,0,0,0,0,0,0,-4000,0,4000,-4000,0,0,0,2000
2911,麗嬰房          ,3000,1000,2000,0,0,0,0,0,0,0,0,0,0,0,0,0,2000
3046,建碁            ,2000,0,2000,0,0,0,0,0,0,0,0,0,0,0,0,0,2000
3346,麗清            ,15000,13000,2000,0,0,0,0,0,0,0,0,0,0,0,0,0,2000
3528,安馳            ,6000,4000,2000,0,0,0,0,0,0,0,0,0,0,0,0,0,2000
1721,三晃            ,7000,5000,2000,0,0,0,0,0,0,0,0,0,0,0,0,0,2000
1906,寶隆            ,3000,1000,2000,0,0,0,0,0,0,0,0,0,0,0,0,0,2000
9937,全國            ,3000,1000,2000,0,0,0,0,0,0,0,0,0,0,0,0,0,2000
9930,中聯資源        ,2000,0,2000,0,0,0,0,0,0,0,0,0,0,0,0,0,2000
6671,三能-KY         ,0,0,0,0,0,0,0,0,0,2000,2000,0,2000,0,0,0,2000
6655,科定            ,3000,1000,2000,0,0,0,0,0,0,0,0,0,0,0,0,0,2000
8478,東哥遊艇        ,4000,2000,2000,0,0,0,0,0,0,0,0,0,0,0,0,0,2000
6152,百一            ,2000,0,2000,0,0,0,0,0,0,0,0,0,0,0,0,0,2000
6405,悅城            ,2000,0,2000,0,0,0,0,0,0,0,0,0,0,0,0,0,2000
6281,全國電          ,2000,2000,0,0,0,0,0,0,0,2000,2000,0,2000,0,0,0,2000
6442,光聖            ,3000,1000,2000,0,0,0,0,0,0,0,0,0,0,0,0,0,2000
5284,jpp-KY          ,2000,0,2000,0,0,0,0,0,0,0,0,0,0,0,0,0,2000
008201,BP上證50        ,0,0,0,0,0,0,0,0,0,1300,0,0,0,1300,0,1300,1300
066404,瑞祺凱基02購01  ,0,0,0,0,0,0,0,0,0,1000,0,0,0,1000,0,1000,1000
066233,華碩富邦02購01  ,0,0,0,0,0,0,0,0,0,1000,0,0,0,1000,0,1000,1000
066716,高股息元大01購01,0,0,0,0,0,0,0,0,0,1000,0,0,0,1000,0,1000,1000
066711,臺股指群益01購03,0,0,0,0,0,0,0,0,0,1000,0,0,0,5000,4000,1000,1000
066728,台積電元大01購15,0,0,0,0,0,0,0,0,0,1000,0,0,0,37000,36000,1000,1000
066880,上証2X永豐01購01,0,0,0,0,0,0,0,0,0,1000,0,0,0,1000,0,1000,1000
067173,京鼎兆豐01購01  ,0,0,0,0,0,0,0,0,0,1000,0,0,0,1000,0,1000,1000
08119P,南亞科統一9C售03,0,0,0,0,0,0,0,0,0,1000,0,0,0,11000,10000,1000,1000
08277P,嘉晶元富9C售02  ,0,0,0,0,0,0,0,0,0,1000,0,0,0,1000,0,1000,1000
07509P,牧德國票9A售03  ,0,0,0,0,0,0,0,0,0,1000,0,0,0,1000,0,1000,1000
07612P,國巨國泰9B售06  ,0,0,0,0,0,0,0,0,0,1000,0,0,0,1000,0,1000,1000
06839P,玉晶光統一9A售05,0,0,0,0,0,0,0,0,0,1000,0,0,0,1000,0,1000,1000
06843P,鴻海元大98售11  ,0,0,0,0,0,0,0,0,0,1000,0,0,0,1000,0,1000,1000
067795,臺股指群益01購07,0,0,0,0,0,0,0,0,0,1000,0,0,0,2000,1000,1000,1000
067743,緯創元大01購02  ,0,0,0,0,0,0,0,0,0,1000,0,0,0,5000,4000,1000,1000
06755P,大立光永豐98售03,0,0,0,0,0,0,0,0,0,1000,0,0,0,1000,0,1000,1000
067579,道瓊銀群益01購03,0,0,0,0,0,0,0,0,0,1000,0,0,0,1000,0,1000,1000
006204,永豐臺灣加權    ,0,0,0,0,0,0,0,0,0,1000,0,0,0,2000,1000,1000,1000
0055,元大MSCI金融    ,0,0,0,0,0,0,0,0,0,1000,0,0,0,1000,0,1000,1000
0057,富邦摩台        ,0,0,0,0,0,0,0,0,0,1000,0,0,0,21000,20000,1000,1000
053391,嘉聯益元大99購01,0,0,0,0,0,0,0,0,0,1000,0,0,0,1000,0,1000,1000
053565,台光電富邦98購01,0,0,0,0,0,0,0,0,0,1000,0,0,0,1000,0,1000,1000
054223,大立光統一98購04,0,0,0,0,0,0,0,0,0,1000,0,0,0,1000,0,1000,1000
053163,上証2X群益9A購02,0,0,0,0,0,0,0,0,0,1000,0,0,0,1000,0,1000,1000
053036,聯電凱基98購01  ,0,0,0,0,0,0,0,0,0,1000,0,0,0,1000,0,1000,1000
054532,強茂國泰98購01  ,0,0,0,0,0,0,0,0,0,1000,0,0,0,2000,1000,1000,1000
054477,聯發科中信9C購02,0,0,0,0,0,0,0,0,0,1000,0,0,0,1000,0,1000,1000
056595,台積電元富98購04,0,0,0,0,0,0,0,0,0,1000,0,0,0,1000,0,1000,1000
056605,台積電富邦9B購02,0,0,0,0,0,0,0,0,0,1000,0,0,0,3000,2000,1000,1000
057050,群創元大99購03  ,0,0,0,0,0,0,0,0,0,1000,0,0,0,40000,39000,1000,1000
057074,立積永豐98購01  ,0,0,0,0,0,0,0,0,0,1000,0,0,0,1000,0,1000,1000
057142,力成兆豐98購01  ,0,0,0,0,0,0,0,0,0,1000,0,0,0,1000,0,1000,1000
057118,欣興日盛9A購01  ,0,0,0,0,0,0,0,0,0,1000,0,0,0,1000,0,1000,1000
057109,信邦群益98購01  ,0,0,0,0,0,0,0,0,0,1000,0,0,0,1000,0,1000,1000
03680C,臺股指凱基9A牛26,0,0,0,0,0,0,0,0,0,1000,0,0,0,5000,4000,1000,1000
052659,上証2X國票99購01,0,0,0,0,0,0,0,0,0,1000,0,0,0,6000,5000,1000,1000
056552,台表科凱基99購01,0,0,0,0,0,0,0,0,0,1000,0,0,0,11000,10000,1000,1000
049842,道瓊反中信98購01,0,0,0,0,0,0,0,0,0,1000,0,0,0,1000,0,1000,1000
050801,元金2X群益98購01,0,0,0,0,0,0,0,0,0,1000,0,0,0,1382000,1381000,1000,1000
051432,群創元富99購03  ,0,0,0,0,0,0,0,0,0,1000,0,0,0,1000,0,1000,1000
052396,台積電凱基97購01,0,0,0,0,0,0,0,0,0,1000,0,0,0,1000,0,1000,1000
058925,旭富元富99購02  ,0,0,0,0,0,0,0,0,0,1000,0,0,0,1000,0,1000,1000
058999,台積電元大99購24,0,0,0,0,0,0,0,0,0,1000,0,0,0,1000,0,1000,1000
059014,SGBR2X元富03購01,0,0,0,0,0,0,0,0,0,1000,0,0,0,2000,1000,1000,1000
058951,南電群益99購01  ,0,0,0,0,0,0,0,0,0,1000,0,0,0,1000,0,1000,1000
059241,旺宏凱基99購07  ,0,0,0,0,0,0,0,0,0,1000,0,0,0,1000,0,1000,1000
059215,台積電元大99購28,0,0,0,0,0,0,0,0,0,1000,0,0,0,1000,0,1000,1000
059224,大立光元大99購15,0,0,0,0,0,0,0,0,0,1000,0,0,0,3000,2000,1000,1000
059208,SGBR2X元大99購02,0,0,0,0,0,0,0,0,0,1000,0,0,0,2000,1000,1000,1000
059281,創意永豐99購02  ,0,0,0,0,0,0,0,0,0,1000,0,0,0,1000,0,1000,1000
059145,創意國票99購02  ,0,0,0,0,0,0,0,0,0,1000,0,0,0,8000,7000,1000,1000
055689,台郡凱基99購01  ,0,0,0,0,0,0,0,0,0,1000,0,0,0,9000,8000,1000,1000
055541,聚陽凱基98購01  ,0,0,0,0,0,0,0,0,0,1000,0,0,0,6000,5000,1000,1000
056451,可成凱基99購01  ,0,0,0,0,0,0,0,0,0,1000,0,0,0,50000,49000,1000,1000
056270,群創統一98購04  ,0,0,0,0,0,0,0,0,0,1000,0,0,0,1000,0,1000,1000
056193,聯發科富邦99購08,0,0,0,0,0,0,0,0,0,1000,0,0,0,1000,0,1000,1000
056214,義隆國票99購01  ,0,0,0,0,0,0,0,0,0,1000,0,0,0,11000,10000,1000,1000
055232,泰碩國票98購01  ,0,0,0,0,0,0,0,0,0,1000,0,0,0,1000,0,1000,1000
055796,南電國泰98購01  ,0,0,0,0,0,0,0,0,0,1000,0,0,0,1000,0,1000,1000
055820,矽力國票98購02  ,0,0,0,0,0,0,0,0,0,1000,0,0,0,1000,0,1000,1000
054632,緯穎凱基9A購01  ,0,0,0,0,0,0,0,0,0,1000,0,0,0,2000,1000,1000,1000
056852,矽格元富98購01  ,0,0,0,0,0,0,0,0,0,1000,0,0,0,1000,0,1000,1000
056917,國巨兆豐98購03  ,0,0,0,0,0,0,0,0,0,1000,0,0,0,1000,0,1000,1000
054930,群電凱基98購01  ,0,0,0,0,0,0,0,0,0,1000,0,0,0,1000,0,1000,1000
054931,緯穎凱基98購01  ,0,0,0,0,0,0,0,0,0,1000,0,0,0,1000,0,1000,1000
058703,台積電元大99購16,0,0,0,0,0,0,0,0,0,1000,0,0,0,1000,0,1000,1000
057164,國巨元大98購14  ,0,0,0,0,0,0,0,0,0,1000,0,0,0,1000,0,1000,1000
059112,上銀永豐99購01  ,0,0,0,0,0,0,0,0,0,1000,0,0,0,11000,10000,1000,1000
059118,晶技永豐9A購01  ,0,0,0,0,0,0,0,0,0,1000,0,0,0,3000,2000,1000,1000
059056,技嘉凱基99購02  ,0,0,0,0,0,0,0,0,0,1000,0,0,0,26000,25000,1000,1000
057541,台灣50康和9A購04,0,0,0,0,0,0,0,0,0,1000,0,0,0,1000,0,1000,1000
057573,京鼎永豐98購02  ,0,0,0,0,0,0,0,0,0,1000,0,0,0,1000,0,1000,1000
057589,超眾國票9A購01  ,0,0,0,0,0,0,0,0,0,1000,0,0,0,17000,16000,1000,1000
057260,微星兆豐98購01  ,0,0,0,0,0,0,0,0,0,1000,0,0,0,1000,0,1000,1000
057483,微星元大98購04  ,0,0,0,0,0,0,0,0,0,1000,0,0,0,1000,0,1000,1000
057488,聯發科元大99購02,0,0,0,0,0,0,0,0,0,1000,0,0,0,1000,0,1000,1000
057468,台郡永豐98購01  ,0,0,0,0,0,0,0,0,0,1000,0,0,0,90000,89000,1000,1000
057652,欣興永昌9C購01  ,0,0,0,0,0,0,0,0,0,1000,0,0,0,1000,0,1000,1000
057664,台積電元大9A購03,0,0,0,0,0,0,0,0,0,1000,0,0,0,10000,9000,1000,1000
057693,臺股指凱基98購11,0,0,0,0,0,0,0,0,0,1000,0,0,0,1000,0,1000,1000
058037,台灣50元大9B購02,0,0,0,0,0,0,0,0,0,1000,0,0,0,11000,10000,1000,1000
058160,奇鋐元富99購01  ,0,0,0,0,0,0,0,0,0,1000,0,0,0,1000,0,1000,1000
058135,景碩元大99購01  ,0,0,0,0,0,0,0,0,0,1000,0,0,0,1000,0,1000,1000
058273,同欣電永豐99購01,0,0,0,0,0,0,0,0,0,1000,0,0,0,1000,0,1000,1000
063085,嘉澤凱基9C購01  ,0,0,0,0,0,0,0,0,0,1000,0,0,0,55000,54000,1000,1000
062578,超眾群益9B購01  ,0,0,0,0,0,0,0,0,0,1000,0,0,0,61000,60000,1000,1000
062251,旺宏元大9B購06  ,0,0,0,0,0,0,0,0,0,1000,0,0,0,1000,0,1000,1000
058603,台積電元大99購12,0,0,0,0,0,0,0,0,0,1000,0,0,0,1000,0,1000,1000
058604,華邦電元大99購03,0,0,0,0,0,0,0,0,0,1000,0,0,0,1000,0,1000,1000
058631,鈺齊國票9A購01  ,0,0,0,0,0,0,0,0,0,1000,0,0,0,1000,0,1000,1000
057842,緯穎富邦99購02  ,0,0,0,0,0,0,0,0,0,1000,0,0,0,1000,0,1000,1000
058571,緯穎凱基9A購02  ,0,0,0,0,0,0,0,0,0,1000,0,0,0,1000,0,1000,1000
058012,鈺齊國票99購01  ,0,0,0,0,0,0,0,0,0,1000,0,0,0,1000,0,1000,1000
057940,和大國票99購01  ,0,0,0,0,0,0,0,0,0,1000,0,0,0,1000,0,1000,1000
061059,世芯國票9B購01  ,0,0,0,0,0,0,0,0,0,1000,0,0,0,1000,0,1000,1000
061569,旺宏元大9A購14  ,0,0,0,0,0,0,0,0,0,1000,0,0,0,1000,0,1000,1000
061728,華新科麥證9A購02,0,0,0,1000,0,1000,0,0,0,1000,0,0,0,1000,0,1000,1000
062679,技嘉統一01購01  ,0,0,0,0,0,0,0,0,0,1000,0,0,0,4000,3000,1000,1000
062690,華擎統一9B購01  ,0,0,0,0,0,0,0,0,0,1000,0,0,0,1000,0,1000,1000
062726,華擎凱基9B購02  ,0,0,0,0,0,0,0,0,0,1000,0,0,0,1000,0,1000,1000
061685,道瓊反群益9A購03,0,0,0,0,0,0,0,0,0,1000,0,0,0,1000,0,1000,1000
061692,聯發科群益9A購04,0,0,0,0,0,0,0,0,0,1000,0,0,0,1000,0,1000,1000
059451,國巨永豐99購05  ,0,0,0,0,0,0,0,0,0,1000,0,0,0,1000,0,1000,1000
059505,上証2X永豐99購02,0,0,0,0,0,0,0,0,0,1000,0,0,0,1000,0,1000,1000
059758,滬深2X永豐99購05,0,0,0,0,0,0,0,0,0,1000,0,0,0,1000,0,1000,1000
060099,宏達電元大99購09,0,0,0,0,0,0,0,0,0,1000,0,0,0,1000,0,1000,1000
063394,金像電群益9B購01,0,0,0,0,0,0,0,0,0,1000,0,0,0,1000,0,1000,1000
063389,大立光兆豐9C購02,0,0,0,0,0,0,0,0,0,1000,0,0,0,31000,30000,1000,1000
059664,立積元大9C購01  ,0,0,0,0,0,0,0,0,0,1000,0,0,0,1000,0,1000,1000
059680,台積電國泰9A購03,0,0,0,0,0,0,0,0,0,1000,0,0,0,1000,0,1000,1000
060301,國巨富邦9C購02  ,0,0,0,0,0,0,0,0,0,1000,0,0,0,1000,0,1000,1000
060546,旺宏凱基9A購02  ,0,0,0,0,0,0,0,0,0,1000,0,0,0,1000,0,1000,1000
06343P,臺股指統一98售01,0,0,0,0,0,0,0,0,0,1000,0,0,0,1000,0,1000,1000
062841,臺股指群益9B購08,0,0,0,0,0,0,0,0,0,1000,0,0,0,1000,0,1000,1000
062843,臺股指群益9B購10,0,0,0,0,0,0,0,0,0,1000,0,0,0,8000,7000,1000,1000
062114,GIS國票9C購01   ,0,0,0,0,0,0,0,0,0,1000,0,0,0,1000,0,1000,1000
061650,南電元大9A購07  ,0,0,0,0,0,0,0,0,0,1000,0,0,0,1000,0,1000,1000
061635,台積電元大9A購34,0,0,0,0,0,0,0,0,0,1000,0,0,0,1000,0,1000,1000
061512,國巨永豐9A購04  ,0,0,0,0,0,0,0,0,0,1000,0,0,0,1000,0,1000,1000
061468,神達群益9A購01  ,0,0,0,0,0,0,0,0,0,1000,0,0,0,4000,3000,1000,1000
060909,金像電元大9B購01,0,0,0,0,0,0,0,0,0,1000,0,0,0,21000,20000,1000,1000
060907,金像電元大9A購02,0,0,0,0,0,0,0,0,0,1000,0,0,0,1000,0,1000,1000
060400,南電國票9A購03  ,0,0,0,0,0,0,0,0,0,1000,0,0,0,1000,0,1000,1000
060186,義隆元富9A購01  ,0,0,0,0,0,0,0,0,0,1000,0,0,0,1000,0,1000,1000
060254,世紀鋼元大9A購01,0,0,0,0,0,0,0,0,0,1000,0,0,0,1000,0,1000,1000
060800,華新科第一9A購01,0,0,0,0,0,0,0,0,0,1000,0,0,0,1000,0,1000,1000
060666,聯茂凱基9A購02  ,0,0,0,0,0,0,0,0,0,1000,0,0,0,11000,10000,1000,1000
060672,鴻海元大9A購14  ,0,0,0,0,0,0,0,0,0,1000,0,0,0,2000,1000,1000,1000
065284,旺宏群益9C購03  ,0,0,0,0,0,0,0,0,0,1000,0,0,0,1000,0,1000,1000
065181,南電元大01購01  ,0,0,0,0,0,0,0,0,0,1000,0,0,0,1000,0,1000,1000
065247,聯發科麥證9C購02,0,0,0,1000,0,1000,0,0,0,1000,0,0,0,1000,0,1000,1000
065249,聯發科麥證9C購04,0,0,0,4000,3000,1000,0,0,0,1000,0,0,0,4000,3000,1000,1000
065192,臺股指統一9C購03,0,0,0,0,0,0,0,0,0,1000,0,0,0,1000,0,1000,1000
065056,臺股指凱基9C購20,0,0,0,0,0,0,0,0,0,1000,0,0,0,1000,0,1000,1000
06500P,臺股指元大9A售05,0,0,0,0,0,0,0,0,0,1000,0,0,0,1000,0,1000,1000
065881,京元電台新9C購01,0,0,0,0,0,0,0,0,0,1000,0,0,0,1000,0,1000,1000
06581P,南亞科凱基98售04,0,0,0,0,0,0,0,0,0,1000,0,0,0,11000,10000,1000,1000
066024,金像電群益01購04,0,0,0,0,0,0,0,0,0,1000,0,0,0,3000,2000,1000,1000
066018,南六元富03購02  ,0,0,0,0,0,0,0,0,0,1000,0,0,0,70000,69000,1000,1000
065494,滬深2X富邦01購01,0,0,0,0,0,0,0,0,0,1000,0,0,0,1000,0,1000,1000
065436,力成凱基02購01  ,0,0,0,0,0,0,0,0,0,1000,0,0,0,91000,90000,1000,1000
065636,台表科國票01購03,0,0,0,0,0,0,0,0,0,1000,0,0,0,11000,10000,1000,1000
064562,友達群益9C購03  ,0,0,0,0,0,0,0,0,0,1000,0,0,0,1000,0,1000,1000
064497,可成元大01購02  ,0,0,0,0,0,0,0,0,0,1000,0,0,0,5000,4000,1000,1000
064526,臺股指群益9C購11,0,0,0,0,0,0,0,0,0,1000,0,0,0,16000,15000,1000,1000
064332,聯發科元大01購01,0,0,0,0,0,0,0,0,0,1000,0,0,0,10000,9000,1000,1000
064263,貿聯永豐9C購01  ,0,0,0,0,0,0,0,0,0,1000,0,0,0,1000,0,1000,1000
064254,景碩台新9C購02  ,0,0,0,0,0,0,0,0,0,1000,0,0,0,11000,10000,1000,1000
064220,力山國票01購01  ,0,0,0,0,0,0,0,0,0,1000,0,0,0,51000,50000,1000,1000
063610,儒鴻群益9B購02  ,0,0,0,0,0,0,0,0,0,1000,0,0,0,11000,10000,1000,1000
063868,嘉晶永豐9C購01  ,0,0,0,0,0,0,0,0,0,1000,0,0,0,8000,7000,1000,1000
063973,緯穎國票9C購01  ,0,0,0,0,0,0,0,0,0,1000,0,0,0,150000,149000,1000,1000
064009,超眾凱基01購01  ,0,0,0,0,0,0,0,0,0,1000,0,0,0,111000,110000,1000,1000
064052,創意統一01購02  ,0,0,0,0,0,0,0,0,0,1000,0,0,0,3000,2000,1000,1000
064053,祥碩統一02購01  ,0,0,0,0,0,0,0,0,0,1000,0,0,0,1000,0,1000,1000
064101,可成群益01購01  ,0,0,0,0,0,0,0,0,0,1000,0,0,0,11000,10000,1000,1000
5484,慧友            ,1000,0,1000,0,0,0,0,0,0,0,0,0,0,0,0,0,1000
8481,政伸            ,1000,0,1000,0,0,0,0,0,0,0,0,0,0,0,0,0,1000
8442,威宏-KY         ,1000,0,1000,0,0,0,0,0,0,0,0,0,0,0,0,0,1000
8443,阿瘦            ,2000,1000,1000,0,0,0,0,0,0,0,0,0,0,0,0,0,1000
8411,福貞-KY         ,1000,0,1000,0,0,0,0,0,0,0,0,0,0,0,0,0,1000
8462,柏文            ,17000,14000,3000,0,0,0,0,0,0,-2000,0,0,0,0,2000,-2000,1000
6641,基士德-KY       ,1000,0,1000,0,0,0,0,0,0,0,0,0,0,0,0,0,1000
9927,泰銘            ,9000,17000,-8000,0,0,0,0,0,0,9000,9000,0,9000,0,0,0,1000
9918,欣天然          ,1000,0,1000,0,0,0,0,0,0,0,0,0,0,0,0,0,1000
9912,偉聯            ,1000,0,1000,0,0,0,0,0,0,0,0,0,0,0,0,0,1000
9110,越南控-DR       ,1000,0,1000,0,0,0,0,0,0,0,0,0,0,0,0,0,1000
2002A,中鋼特          ,0,0,0,0,0,0,0,0,0,1000,1000,0,1000,0,0,0,1000
1776,展宇            ,1000,0,1000,0,0,0,0,0,0,0,0,0,0,0,0,0,1000
1805,寶徠            ,1000,0,1000,0,0,0,0,0,0,0,0,0,0,0,0,0,1000
2029,盛餘            ,1000,0,1000,0,0,0,0,0,0,0,0,0,0,0,0,0,1000
1539,巨庭            ,2000,1000,1000,0,0,0,0,0,0,0,0,0,0,0,0,0,1000
2477,美隆電          ,4000,3000,1000,0,0,0,0,0,0,0,0,0,0,0,0,0,1000
2440,太空梭          ,1000,0,1000,0,0,0,0,0,0,0,0,0,0,0,0,0,1000
3383,新世紀          ,1000,0,1000,0,0,0,0,0,0,0,0,0,0,0,0,0,1000
4557,永新-KY         ,1000,0,1000,0,0,0,0,0,0,0,0,0,0,0,0,0,1000
4571,鈞興-KY         ,1000,0,1000,0,0,0,0,0,0,0,0,0,0,0,0,0,1000
2882B,國泰金乙特      ,0,0,0,0,0,0,0,0,0,1000,1000,0,1000,0,0,0,1000
3021,鴻名            ,1000,0,1000,0,0,0,0,0,0,0,0,0,0,0,0,0,1000
2706,第一店          ,3000,2000,1000,0,0,0,0,0,0,0,0,0,0,0,0,0,1000
08656P,大立光群益9C售07,0,0,0,0,0,0,0,0,0,1000,0,0,0,1000,0,1000,1000
08532P,國巨元富06售02  ,0,0,0,0,0,0,0,0,0,1000,0,0,0,1000,0,1000,1000
08392P,上銀群益9C售01  ,0,0,0,0,0,0,0,0,0,1000,0,0,0,12000,11000,1000,1000
1443,立益            ,1000,0,1000,0,0,0,0,0,0,0,0,0,0,0,0,0,1000
1465,偉全            ,1000,0,1000,0,0,0,0,0,0,0,0,0,0,0,0,0,1000
1235,興泰            ,1000,0,1000,0,0,0,0,0,0,0,0,0,0,0,0,0,1000
1232,大統益          ,4000,3000,1000,0,0,0,0,0,0,0,0,0,0,0,0,0,1000
08867P,欣興凱基01售03  ,0,0,0,0,0,0,0,0,0,1000,0,0,0,50000,49000,1000,1000
08877P,臺股指中信04售03,0,0,0,0,0,0,0,0,0,1000,0,0,0,2000,1000,1000,1000
08715P,創意元富07售02  ,0,0,0,0,0,0,0,0,0,1000,0,0,0,1000,0,1000,1000
06757P,台灣50元大9B售01,0,0,0,0,0,0,0,0,0,0,0,0,0,265000,265000,0,0
067564,訊芯國票02購01  ,0,0,0,0,0,0,0,0,0,0,0,0,0,35000,35000,0,0
067527,遠東新群益01購01,0,0,0,0,0,0,0,0,0,0,0,0,0,10000,10000,0,0
067459,微星永豐01購01  ,0,0,0,0,0,0,0,0,0,0,0,0,0,76000,76000,0,0
067490,嘉澤元大01購04  ,0,0,0,0,0,0,0,0,0,0,0,0,0,100000,100000,0,0
067353,可成群益02購01  ,0,0,0,0,0,0,0,0,0,0,0,0,0,4000,4000,0,0
067335,國產凱基02購02  ,0,0,0,0,0,0,0,0,0,0,0,0,0,10000,10000,0,0
067343,嘉澤凱基01購01  ,0,0,0,0,0,0,0,0,0,0,0,0,0,50000,50000,0,0
067786,緯創群益04購01  ,0,0,0,0,0,0,0,0,0,0,0,0,0,117000,117000,0,0
06776P,鴻海元大99售05  ,0,0,0,0,0,0,0,0,0,0,0,0,0,65000,65000,0,0
067789,和碩群益01購01  ,0,0,0,0,0,0,0,0,0,0,0,0,0,5000,5000,0,0
067827,富邦金兆豐03購01,0,0,0,0,0,0,0,0,0,0,0,0,0,4000,4000,0,0
067814,緯創凱基01購02  ,0,0,0,0,0,0,0,0,0,0,0,0,0,9000,9000,0,0
067820,和碩凱基01購01  ,0,0,0,0,0,0,0,0,0,0,0,0,0,10000,10000,0,0
06911P,鴻海元大99售09  ,0,0,0,0,0,0,0,0,0,0,0,0,0,100000,100000,0,0
06912P,台光電元大99售02,0,0,0,0,0,0,0,0,0,0,0,0,0,150000,150000,0,0
067907,緯創國泰03購01  ,0,0,0,0,0,0,0,0,0,0,0,0,0,16000,16000,0,0
067674,可成元大01購08  ,0,0,0,0,0,0,0,0,0,0,0,0,0,4000,4000,0,0
067727,聯茂凱基01購02  ,0,0,0,0,0,0,0,0,0,0,0,0,0,12000,12000,0,0
067720,瑞昱凱基01購02  ,0,0,0,0,0,0,0,0,0,0,0,0,0,10000,10000,0,0
067724,大立光凱基01購08,0,0,0,0,0,0,0,0,0,0,0,0,0,5000,5000,0,0
06773P,台灣50兆豐9A售01,0,0,0,0,0,0,0,0,0,0,0,0,0,423000,423000,0,0
067649,台積電元富07購05,0,0,0,0,0,0,0,0,0,0,0,0,0,7000,7000,0,0
067611,拓凱凱基02購01  ,0,0,0,0,0,0,0,0,0,0,0,0,0,10000,10000,0,0
06758P,鴻海元大98售10  ,0,0,0,0,0,0,0,0,0,0,0,0,0,161000,161000,0,0
07575P,瑞昱元大9A售02  ,0,0,0,0,0,0,0,0,0,0,0,0,0,10000,10000,0,0
07544P,大立光凱基9A售09,0,0,0,0,0,0,0,0,0,0,0,0,0,1000,1000,0,0
07415P,台積電元大99售52,0,0,0,0,0,0,0,0,0,0,0,0,0,100000,100000,0,0
07473P,祥碩元大9A售01  ,0,0,0,0,0,0,0,0,0,0,0,0,0,59000,59000,0,0
07245P,台積電凱基99售16,0,0,0,0,0,0,0,0,0,0,0,0,0,70000,70000,0,0
07164P,臺股指群益99售15,0,0,0,0,0,0,0,0,0,0,0,0,0,100000,100000,0,0
07198P,臺股指元大99售14,0,0,0,0,0,0,0,0,0,0,0,0,0,104000,104000,0,0
07033P,大立光統一9B售03,0,0,0,0,0,0,0,0,0,0,0,0,0,1000,1000,0,0
07913P,友達元大01售01  ,20000,0,20000,0,0,0,0,0,0,-20000,0,0,0,0,20000,-20000,0
07884P,華新科凱基9B售08,0,0,0,0,0,0,0,0,0,0,0,0,0,20000,20000,0,0
08015P,可成凱基9B售05  ,0,0,0,0,0,0,0,0,0,0,0,0,0,60000,60000,0,0
08010P,大成鋼元大9B售01,0,0,0,0,0,0,0,0,0,0,0,0,0,50000,50000,0,0
07998P,聯電凱基9C售01  ,0,0,0,0,0,0,0,0,0,0,0,0,0,40000,40000,0,0
067167,鴻海麥證01購02  ,0,0,0,52000,0,52000,0,0,0,0,0,0,0,52000,52000,0,0
067189,牧德凱基02購02  ,0,0,0,0,0,0,0,0,0,0,0,0,0,10000,10000,0,0
067190,智伸科凱基02購01,0,0,0,0,0,0,0,0,0,0,0,0,0,70000,70000,0,0
067245,康控群益01購03  ,0,0,0,0,0,0,0,0,0,0,0,0,0,50000,50000,0,0
067010,訊芯永豐01購01  ,0,0,0,0,0,0,0,0,0,0,0,0,0,1000,1000,0,0
067086,中磊元大01購01  ,0,0,0,0,0,0,0,0,0,0,0,0,0,105000,105000,0,0
067089,瑞祺元大01購04  ,0,0,0,0,0,0,0,0,0,0,0,0,0,78000,78000,0,0
066882,A50正2永豐01購01,0,0,0,0,0,0,0,0,0,0,0,0,0,20000,20000,0,0
066814,健鼎兆豐01購01  ,0,0,0,0,0,0,0,0,0,0,0,0,0,29000,29000,0,0
066650,宏達電康和01購01,0,0,0,0,0,0,0,0,0,0,0,0,0,34000,34000,0,0
06675P,國巨國票99售02  ,0,0,0,0,0,0,0,0,0,0,0,0,0,100000,100000,0,0
06627P,華新科元富99售01,0,0,0,0,0,0,0,0,0,0,0,0,0,10000,10000,0,0
066065,東元凱基04購01  ,0,0,0,0,0,0,0,0,0,0,0,0,0,9000,9000,0,0
066353,台塑化永豐01購01,0,0,0,0,0,0,0,0,0,0,0,0,0,22000,22000,0,0
057965,臺股指元大98購14,2000,0,2000,0,0,0,0,0,0,-2000,0,0,0,0,2000,-2000,0
057961,茂林元大9A購01  ,0,0,0,0,0,0,0,0,0,0,0,0,0,304000,304000,0,0
057943,可成國票99購03  ,0,0,0,0,0,0,0,0,0,0,0,0,0,20000,20000,0,0
057984,聯發科台新98購01,0,0,0,0,0,0,0,0,0,0,0,0,0,344000,344000,0,0
057978,聯發科永豐98購05,0,0,0,0,0,0,0,0,0,0,0,0,0,175000,175000,0,0
058418,台積電麥證99購01,0,0,0,20000,0,20000,0,0,0,0,0,0,0,20000,20000,0,0
058374,玉晶光凱基9A購03,0,0,0,0,0,0,0,0,0,0,0,0,0,1000,1000,0,0
058568,宏達電凱基9A購02,0,0,0,0,0,0,0,0,0,0,0,0,0,16000,16000,0,0
058574,台積電群益99購03,0,0,0,0,0,0,0,0,0,0,0,0,0,2000,2000,0,0
057759,聯發科凱基98購17,0,0,0,0,0,0,0,0,0,0,0,0,0,15000,15000,0,0
05862P,大立光國泰98售01,0,0,0,0,0,0,0,0,0,0,0,0,0,25000,25000,0,0
057859,神達康和98購01  ,0,0,0,0,0,0,0,0,0,0,0,0,0,68000,68000,0,0
057918,旺宏凱基99購01  ,0,0,0,0,0,0,0,0,0,0,0,0,0,20000,20000,0,0
062291,力成富邦9B購01  ,0,0,0,0,0,0,0,0,0,0,0,0,0,131000,131000,0,0
062299,台積電第一9B購01,0,0,0,0,0,0,0,0,0,0,0,0,0,15000,15000,0,0
062400,晶豪科永豐9B購02,0,0,0,0,0,0,0,0,0,0,0,0,0,2000,2000,0,0
062553,台積電凱基9B購07,0,0,0,0,0,0,0,0,0,0,0,0,0,4000,4000,0,0
063064,台表科元富9B購01,0,0,0,0,0,0,0,0,0,0,0,0,0,5000,5000,0,0
062538,台積電國泰9C購02,0,0,0,0,0,0,0,0,0,0,0,0,0,23000,23000,0,0
061987,大立光元大9B購03,0,0,0,0,0,0,0,0,0,0,0,0,0,50000,50000,0,0
058186,聯發科永豐99購01,0,0,0,0,0,0,0,0,0,0,0,0,0,14000,14000,0,0
058075,貿聯凱基99購02  ,0,0,0,0,0,0,0,0,0,0,0,0,0,10000,10000,0,0
058080,台積電群益98購06,0,0,0,0,0,0,0,0,0,0,0,0,0,1000,1000,0,0
057456,道瓊銀富邦9C購01,0,0,0,0,0,0,0,0,0,0,0,0,0,2000,2000,0,0
057348,台積電統一98購09,0,0,0,0,0,0,0,0,0,0,0,0,0,99000,99000,0,0
057349,聯發科統一98購04,0,0,0,0,0,0,0,0,0,0,0,0,0,634000,634000,0,0
057411,臺股指群益99購05,0,0,0,0,0,0,0,0,0,0,0,0,0,3000,3000,0,0
058454,嘉晶永豐99購01  ,0,0,0,0,0,0,0,0,0,0,0,0,0,8000,8000,0,0
057584,國巨亞東99購01  ,0,0,0,0,0,0,0,0,0,0,0,0,0,100000,100000,0,0
058470,台灣50日盛9B購02,0,0,0,0,0,0,0,0,0,0,0,0,0,150000,150000,0,0
058487,晶技國票9A購01  ,0,0,0,0,0,0,0,0,0,0,0,0,0,5000,5000,0,0
059058,可成凱基9B購01  ,0,0,0,0,0,0,0,0,0,0,0,0,0,4000,4000,0,0
059129,麗豐中信99購01  ,0,0,0,0,0,0,0,0,0,0,0,0,0,20000,20000,0,0
059301,華新科群益99購04,0,0,0,0,0,0,0,0,0,0,0,0,0,10000,10000,0,0
057179,可成元大98購04  ,0,0,0,0,0,0,0,0,0,0,0,0,0,100000,100000,0,0
057230,建準凱基98購02  ,0,0,0,0,0,0,0,0,0,0,0,0,0,10000,10000,0,0
057240,茂林凱基9A購01  ,0,0,0,0,0,0,0,0,0,0,0,0,0,50000,50000,0,0
058675,康控群益9B購01  ,0,0,0,0,0,0,0,0,0,0,0,0,0,10000,10000,0,0
058698,華通元大99購05  ,0,0,0,0,0,0,0,0,0,0,0,0,0,1000,1000,0,0
058713,國巨統一9B購02  ,0,0,0,0,0,0,0,0,0,0,0,0,0,10000,10000,0,0
058709,臺股指元大9A購22,0,0,0,0,0,0,0,0,0,0,0,0,0,1000,1000,0,0
058665,台灣50群益9B購02,0,0,0,0,0,0,0,0,0,0,0,0,0,200000,200000,0,0
058658,瑞儀中信99購01  ,0,0,0,0,0,0,0,0,0,0,0,0,0,20000,20000,0,0
058633,台灣50兆豐99購01,0,0,0,0,0,0,0,0,0,0,0,0,0,31000,31000,0,0
058502,鴻海元大99購13  ,0,0,0,0,0,0,0,0,0,0,0,0,0,20000,20000,0,0
055205,京鼎中信99購01  ,0,0,0,0,0,0,0,0,0,0,0,0,0,80000,80000,0,0
055135,聯發科富邦99購05,0,0,0,0,0,0,0,0,0,0,0,0,0,400000,400000,0,0
056918,台積電兆豐98購01,0,0,0,0,0,0,0,0,0,0,0,0,0,222000,222000,0,0
056856,華通群益9A購01  ,0,0,0,0,0,0,0,0,0,0,0,0,0,11000,11000,0,0
056990,聯發科兆豐98購01,0,0,0,0,0,0,0,0,0,0,0,0,0,24000,24000,0,0
054551,聯發科凱基98購02,0,0,0,0,0,0,0,0,0,0,0,0,0,2000,2000,0,0
055892,國巨統一99購01  ,0,0,0,0,0,0,0,0,0,0,0,0,0,20000,20000,0,0
056012,勤誠中信99購01  ,0,0,0,0,0,0,0,0,0,0,0,0,0,10000,10000,0,0
056124,華通國票98購02  ,0,0,0,0,0,0,0,0,0,0,0,0,0,20000,20000,0,0
056041,禾伸堂凱基98購03,0,0,0,0,0,0,0,0,0,0,0,0,0,40000,40000,0,0
056455,群創凱基9A購01  ,0,0,0,0,0,0,0,0,0,0,0,0,0,3000,3000,0,0
055590,聯發科元大98購02,0,0,0,0,0,0,0,0,0,0,0,0,0,130000,130000,0,0
059168,奇力新凱基99購05,0,0,0,0,0,0,0,0,0,0,0,0,0,10000,10000,0,0
059188,京元電富邦9B購01,0,0,0,0,0,0,0,0,0,0,0,0,0,2000,2000,0,0
059253,康控凱基9B購02  ,0,0,0,0,0,0,0,0,0,0,0,0,0,20000,20000,0,0
059196,聯發科永豐99購02,0,0,0,0,0,0,0,0,0,0,0,0,0,132000,132000,0,0
059230,滬深2X國票9B購02,0,0,0,0,0,0,0,0,0,0,0,0,0,4000,4000,0,0
058961,台灣50兆豐9C購01,0,0,0,0,0,0,0,0,0,0,0,0,0,224000,224000,0,0
058896,中環元大99購03  ,0,0,0,0,0,0,0,0,0,0,0,0,0,20000,20000,0,0
058938,台積電中信01購03,0,0,0,0,0,0,0,0,0,0,0,0,0,25000,25000,0,0
058942,南茂中信99購01  ,0,0,0,0,0,0,0,0,0,0,0,0,0,10000,10000,0,0
058839,瑞儀中信99購02  ,0,0,0,0,0,0,0,0,0,0,0,0,0,20000,20000,0,0
051849,旺宏中信98購01  ,0,0,0,0,0,0,0,0,0,0,0,0,0,65000,65000,0,0
051597,T50反1中信99購02,0,0,0,0,0,0,0,0,0,0,0,0,0,8000,8000,0,0
050508,上証2X元大97購01,0,0,0,0,0,0,0,0,0,0,0,0,0,500000,500000,0,0
056594,台積電元富98購03,0,0,0,0,0,0,0,0,0,0,0,0,0,257000,257000,0,0
056505,聯發科永豐98購01,0,0,0,0,0,0,0,0,0,0,0,0,0,233000,233000,0,0
048505,滬深2X群益99購03,0,0,0,0,0,0,0,0,0,0,0,0,0,50000,50000,0,0
046942,友達元大99購01  ,0,0,0,0,0,0,0,0,0,0,0,0,0,3000,3000,0,0
045054,聯發科元富98購02,0,0,0,0,0,0,0,0,0,0,0,0,0,10000,10000,0,0
057013,聯發科麥證98購01,0,0,0,200000,0,200000,0,0,0,0,0,0,0,200000,200000,0,0
056700,華新科國泰99購03,0,0,0,0,0,0,0,0,0,0,0,0,0,137000,137000,0,0
056771,嘉晶元大99購01  ,0,0,0,0,0,0,0,0,0,0,0,0,0,4000,4000,0,0
056768,宏達電元大99購03,0,0,0,0,0,0,0,0,0,0,0,0,0,83000,83000,0,0
02001L,富邦蘋果正二N   ,0,0,0,0,0,0,0,0,0,0,0,0,0,11000,11000,0,0
054259,健策元大97購03  ,0,0,0,0,0,0,0,0,0,0,0,0,0,22000,22000,0,0
054209,台積電國票97購08,0,0,0,0,0,0,0,0,0,0,0,0,0,20000,20000,0,0
054212,聯詠國票97購03  ,60000,0,60000,0,0,0,0,0,0,-60000,0,0,0,0,60000,-60000,0
054217,台表科國票97購05,0,40000,-40000,0,0,0,0,0,0,40000,0,0,0,40000,0,40000,0
054218,S&P反1統一98購02,0,0,0,0,0,0,0,0,0,0,0,0,0,1000,1000,0,0
052692,滬深2X中信99購02,0,0,0,0,0,0,0,0,0,0,0,0,0,2000,2000,0,0
054387,台積電統一98購02,0,0,0,0,0,0,0,0,0,0,0,0,0,10000,10000,0,0
053402,A50正2群益9A購02,0,0,0,0,0,0,0,0,0,0,0,0,0,5000,5000,0,0
053366,樺漢國泰98購01  ,0,0,0,0,0,0,0,0,0,0,0,0,0,15000,15000,0,0
053965,聯電元大98購04  ,0,0,0,0,0,0,0,0,0,0,0,0,0,18000,18000,0,0
053734,友達中信98購02  ,0,0,0,0,0,0,0,0,0,0,0,0,0,110000,110000,0,0
00625K,富邦上証+R      ,0,0,0,0,0,0,0,0,0,0,0,0,0,50000,50000,0,0
00657,國泰日經225     ,0,0,0,0,0,0,0,0,0,0,0,0,0,100000,100000,0,0
00657K,國泰日經225+U   ,0,0,0,0,0,0,0,0,0,0,0,0,0,100,100,0,0
00668K,國泰美國道瓊+U  ,0,0,0,0,0,0,0,0,0,0,0,0,0,100,100,0,0
00688L,國泰20年美債正2 ,0,0,0,0,0,0,0,0,0,0,0,0,0,100000,100000,0,0
00774B,新光中國政金綠債,0,0,0,0,0,0,0,0,0,0,0,0,0,2000,2000,0,0
00865B,國泰US短期公債  ,0,0,0,0,0,0,0,0,0,0,0,0,0,100000,100000,0,0
00732,國泰RMB短期報酬 ,0,0,0,0,0,0,0,0,0,0,0,0,0,100000,100000,0,0
060606,玉晶光凱基9A購05,0,0,0,0,0,0,0,0,0,0,0,0,0,1000,1000,0,0
060607,玉晶光凱基9A購06,0,0,0,0,0,0,0,0,0,0,0,0,0,1000,1000,0,0
060609,玉晶光凱基9B購01,0,0,0,0,0,0,0,0,0,0,0,0,0,1000,1000,0,0
060610,玉晶光凱基9B購02,0,0,0,0,0,0,0,0,0,0,0,0,0,1000,1000,0,0
060706,群創富邦9A購01  ,0,0,0,0,0,0,0,0,0,0,0,0,0,3000,3000,0,0
06110P,國巨國泰98售02  ,0,0,0,0,0,0,0,0,0,0,0,0,0,400000,400000,0,0
063043,台灣50兆豐9B購02,0,0,0,0,0,0,0,0,0,0,0,0,0,300000,300000,0,0
062969,旺宏元富9B購01  ,0,0,0,0,0,0,0,0,0,0,0,0,0,14000,14000,0,0
063033,台積電凱基9B購09,0,0,0,0,0,0,0,0,0,0,0,0,0,3000,3000,0,0
063008,華通元大9B購06  ,0,0,0,0,0,0,0,0,0,0,0,0,0,13000,13000,0,0
060220,華新科凱基9A購08,0,0,0,0,0,0,0,0,0,0,0,0,0,14000,14000,0,0
060190,國泰金元富9A購01,0,0,0,0,0,0,0,0,0,0,0,0,0,5000,5000,0,0
060409,味全永豐9A購01  ,0,0,0,0,0,0,0,0,0,0,0,0,0,25000,25000,0,0
060953,富邦金群益9A購01,0,0,0,0,0,0,0,0,0,0,0,0,0,11000,11000,0,0
060979,國巨元大9A購14  ,0,0,0,0,0,0,0,0,0,0,0,0,0,25000,25000,0,0
062446,聯詠元大9B購02  ,0,0,0,0,0,0,0,0,0,0,0,0,0,24000,24000,0,0
061927,玉晶光凱基9C購01,0,0,0,0,0,0,0,0,0,0,0,0,0,1000,1000,0,0
061474,瑞昱元大9A購04  ,0,0,0,0,0,0,0,0,0,0,0,0,0,5000,5000,0,0
061601,台積電凱基9A購26,0,0,0,0,0,0,0,0,0,0,0,0,0,10000,10000,0,0
062782,聯發科元大9B購12,0,0,0,0,0,0,0,0,0,0,0,0,0,11000,11000,0,0
062758,國巨凱基9B購09  ,0,0,0,0,0,0,0,0,0,0,0,0,0,10000,10000,0,0
062747,立積永豐9B購01  ,0,0,0,0,0,0,0,0,0,0,0,0,0,10000,10000,0,0
062639,臻鼎國票9C購01  ,0,0,0,0,0,0,0,0,0,0,0,0,0,5000,5000,0,0
062669,微星中信03購01  ,0,0,0,0,0,0,0,0,0,0,0,0,0,20000,20000,0,0
062630,全新國票9B購02  ,0,0,0,0,0,0,0,0,0,0,0,0,0,5000,5000,0,0
062496,矽創中信9B購01  ,0,0,0,0,0,0,0,0,0,0,0,0,0,100000,100000,0,0
062501,台積電群益9C購03,0,0,0,0,0,0,0,0,0,0,0,0,0,8000,8000,0,0
060544,國巨凱基9B購03  ,0,0,0,0,0,0,0,0,0,0,0,0,0,10000,10000,0,0
059511,宏達電永豐99購02,0,0,0,0,0,0,0,0,0,0,0,0,0,7000,7000,0,0
063199,台積電統一01購07,0,0,0,0,0,0,0,0,0,0,0,0,0,2000,2000,0,0
063204,高鐵統一9C購01  ,0,0,0,0,0,0,0,0,0,0,0,0,0,20000,20000,0,0
060293,緯創元大9A購01  ,0,0,0,0,0,0,0,0,0,0,0,0,0,9000,9000,0,0
060287,燿華元大9A購01  ,0,0,0,0,0,0,0,0,0,0,0,0,0,10000,10000,0,0
059681,華新科國泰9B購02,0,0,0,0,0,0,0,0,0,0,0,0,0,34000,34000,0,0
059662,旭富元大9C購01  ,0,0,0,0,0,0,0,0,0,0,0,0,0,35000,35000,0,0
060368,緯穎元富9A購03  ,0,0,0,0,0,0,0,0,0,0,0,0,0,1000,1000,0,0
061848,國巨國票9B購07  ,0,0,0,0,0,0,0,0,0,0,0,0,0,6000,6000,0,0
061844,T50反1國票9C購02,0,0,0,0,0,0,0,0,0,0,0,0,0,170000,170000,0,0
060488,台灣50群益9C購01,0,0,0,0,0,0,0,0,0,0,0,0,0,7000,7000,0,0
063385,可成中信9C購01  ,0,0,0,0,0,0,0,0,0,0,0,0,0,3000,3000,0,0
063386,國巨兆豐9B購04  ,0,0,0,0,0,0,0,0,0,0,0,0,0,23000,23000,0,0
063424,新日興凱基01購01,0,0,0,0,0,0,0,0,0,0,0,0,0,1000,1000,0,0
063107,矽創群益9B購01  ,0,0,0,0,0,0,0,0,0,0,0,0,0,25000,25000,0,0
063356,台表科元富02購01,0,0,0,0,0,0,0,0,0,0,0,0,0,6000,6000,0,0
059637,大立光凱基01購01,0,0,0,0,0,0,0,0,0,0,0,0,0,20000,20000,0,0
060077,台積電台新9B購01,0,0,0,0,0,0,0,0,0,0,0,0,0,1000,1000,0,0
060083,和大元大99購02  ,0,0,0,0,0,0,0,0,0,0,0,0,0,13000,13000,0,0
060055,宏達電凱基99購06,0,0,0,0,0,0,0,0,0,0,0,0,0,10000,10000,0,0
060009,南亞科群益99購03,0,0,0,0,0,0,0,0,0,0,0,0,0,30000,30000,0,0
059986,宏達電元大99購08,0,0,0,0,0,0,0,0,0,0,0,0,0,6000,6000,0,0
059762,禾伸堂永豐99購02,0,0,0,0,0,0,0,0,0,0,0,0,0,30000,30000,0,0
059704,聯發科凱基9A購08,0,0,0,0,0,0,0,0,0,0,0,0,0,20000,20000,0,0
059387,華通凱基9A購03  ,0,0,0,0,0,0,0,0,0,0,0,0,0,10000,10000,0,0
059456,智易永豐99購01  ,0,0,0,0,0,0,0,0,0,0,0,0,0,17000,17000,0,0
059466,國巨元大99購26  ,0,0,0,0,0,0,0,0,0,0,0,0,0,3000,3000,0,0
061822,和潤群益9B購01  ,0,0,0,0,0,0,0,0,0,0,0,0,0,100000,100000,0,0
061827,台灣50凱基02購01,0,0,0,0,0,0,0,0,0,0,0,0,0,7000,7000,0,0
059885,台積電國票99購12,0,0,0,0,0,0,0,0,0,0,0,0,0,1000,1000,0,0
059925,可成國泰9B購01  ,0,0,0,0,0,0,0,0,0,0,0,0,0,5000,5000,0,0
059902,滬深2X元大9C購08,0,0,0,0,0,0,0,0,0,0,0,0,0,2000,2000,0,0
059788,華新科元大9A購05,0,0,0,0,0,0,0,0,0,0,0,0,0,48000,48000,0,0
062713,台灣50凱基02購03,0,0,0,0,0,0,0,0,0,0,0,0,0,7000,7000,0,0
062687,華擎統一01購02  ,0,0,0,0,0,0,0,0,0,0,0,0,0,5000,5000,0,0
061793,上銀永豐9B購01  ,0,0,0,0,0,0,0,0,0,0,0,0,0,68000,68000,0,0
061067,貿聯凱基9A購03  ,0,0,0,0,0,0,0,0,0,0,0,0,0,60000,60000,0,0
061056,臺指反國票02購01,0,0,0,0,0,0,0,0,0,0,0,0,0,50000,50000,0,0
061524,華通凱基9A購07  ,0,0,0,0,0,0,0,0,0,0,0,0,0,39000,39000,0,0
061382,台灣50群益9C購02,0,0,0,0,0,0,0,0,0,0,0,0,0,7000,7000,0,0
064086,旺宏凱基9C購01  ,0,0,0,0,0,0,0,0,0,0,0,0,0,50000,50000,0,0
064126,聯發科元大9C購05,0,0,0,0,0,0,0,0,0,0,0,0,0,1000,1000,0,0
064018,儒鴻元大9C購02  ,0,0,0,0,0,0,0,0,0,0,0,0,0,47000,47000,0,0
063983,麗豐兆豐9C購01  ,0,0,0,0,0,0,0,0,0,0,0,0,0,110000,110000,0,0
063878,國巨元富9C購01  ,0,0,0,0,0,0,0,0,0,0,0,0,0,100000,100000,0,0
063912,信邦凱基01購01  ,0,0,0,0,0,0,0,0,0,0,0,0,0,20000,20000,0,0
063627,上銀元大9B購09  ,0,0,0,0,0,0,0,0,0,0,0,0,0,68000,68000,0,0
063530,同欣電凱基9C購02,0,0,0,0,0,0,0,0,0,0,0,0,0,87000,87000,0,0
063577,台表科元大9C購04,0,0,0,0,0,0,0,0,0,0,0,0,0,6000,6000,0,0
063832,矽創國票01購01  ,0,0,0,0,0,0,0,0,0,0,0,0,0,50000,50000,0,0
063800,玉晶光凱基9C購02,0,0,0,0,0,0,0,0,0,0,0,0,0,1000,1000,0,0
064226,TPK國票01購01   ,0,0,0,0,0,0,0,0,0,0,0,0,0,60000,60000,0,0
064316,貿聯群益9C購02  ,0,0,0,0,0,0,0,0,0,0,0,0,0,26000,26000,0,0
064339,大立光元大01購01,0,0,0,0,0,0,0,0,0,0,0,0,0,50000,50000,0,0
064436,聯發科凱基03購02,0,0,0,0,0,0,0,0,0,0,0,0,0,10000,10000,0,0
064519,聯詠群益9C購01  ,0,0,0,0,0,0,0,0,0,0,0,0,0,10000,10000,0,0
064574,達方群益01購01  ,0,0,0,0,0,0,0,0,0,0,0,0,0,30000,30000,0,0
064609,滬深2X元大9C購12,0,0,0,0,0,0,0,0,0,0,0,0,0,2000,2000,0,0
064610,儒鴻元大9C購03  ,0,0,0,0,0,0,0,0,0,0,0,0,0,48000,48000,0,0
064663,鴻海元大9C購11  ,0,0,0,0,0,0,0,0,0,0,0,0,0,59000,59000,0,0
065714,矽創群益9C購02  ,0,0,0,0,0,0,0,0,0,0,0,0,0,10000,10000,0,0
065679,聯發科統一03購01,0,0,0,0,0,0,0,0,0,0,0,0,0,209000,209000,0,0
065573,新日興群益01購02,0,0,0,0,0,0,0,0,0,0,0,0,0,11000,11000,0,0
066037,華通元大01購03  ,0,0,0,0,0,0,0,0,0,0,0,0,0,154000,154000,0,0
065926,金像電國票02購01,0,0,0,0,0,0,0,0,0,0,0,0,0,3000,3000,0,0
065922,鴻海麥證01購01  ,0,0,0,50000,0,50000,0,0,0,0,0,0,0,50000,50000,0,0
065763,台表科元大9C購14,0,0,0,0,0,0,0,0,0,0,0,0,0,44000,44000,0,0
06585P,鴻海元大99售04  ,0,0,0,0,0,0,0,0,0,0,0,0,0,199000,199000,0,0
065821,億豐元富03購01  ,0,0,0,0,0,0,0,0,0,0,0,0,0,23000,23000,0,0
064985,台表科元大9C購09,0,0,0,0,0,0,0,0,0,0,0,0,0,7000,7000,0,0
064949,南亞科凱基9C購01,0,0,0,0,0,0,0,0,0,0,0,0,0,13000,13000,0,0
065231,宏達電凱基01購01,0,0,0,0,0,0,0,0,0,0,0,0,0,6000,6000,0,0
065162,台灣50元大9C購47,0,0,0,0,0,0,0,0,0,0,0,0,0,7000,7000,0,0
065131,晶技兆豐01購01  ,0,0,0,0,0,0,0,0,0,0,0,0,0,8000,8000,0,0
065115,臺股指國票9C購12,0,0,0,0,0,0,0,0,0,0,0,0,0,10000,10000,0,0
065276,台灣50群益02購03,0,0,0,0,0,0,0,0,0,0,0,0,0,7000,7000,0,0
065316,大成鋼凱基9C購01,0,0,0,0,0,0,0,0,0,0,0,0,0,10000,10000,0,0
065358,台灣50元大9C購48,0,0,0,0,0,0,0,0,0,0,0,0,0,8000,8000,0,0
08750P,台灣50群益01售04,0,0,0,0,0,0,0,0,0,0,0,0,0,18000,18000,0,0
1419,新紡            ,4000,4000,0,0,0,0,0,0,0,0,0,0,0,0,0,0,0
08935P,鴻海元大01售19  ,0,0,0,0,0,0,0,0,0,0,0,0,0,100000,100000,0,0
08959P,國巨凱基01售07  ,0,0,0,0,0,0,0,0,0,0,0,0,0,100000,100000,0,0
08961P,大毅凱基01售03  ,0,0,0,0,0,0,0,0,0,0,0,0,0,48000,48000,0,0
08541P,景碩國票01售02  ,0,0,0,0,0,0,0,0,0,0,0,0,0,5000,5000,0,0
08569P,玉晶光永豐9C售09,0,0,0,0,0,0,0,0,0,0,0,0,0,5000,5000,0,0
2617,台航            ,71000,71000,0,0,0,0,0,0,0,0,0,0,0,0,0,0,0
1521,大億            ,1000,1000,0,0,0,0,0,0,0,0,0,0,0,0,0,0,0
2032,新鋼            ,1000,1000,0,0,0,0,0,0,0,0,0,0,0,0,0,0,0
9188,精熙-DR         ,5000,5000,0,0,0,0,0,0,0,0,0,0,0,0,0,0,0
066488,聯詠元富07購01  ,0,0,0,0,0,0,0,0,0,-1000,0,0,0,19000,20000,-1000,-1000
066064,T50反1凱基03購03,0,0,0,0,0,0,0,0,0,-1000,0,0,0,0,1000,-1000,-1000
066787,聯發科麥證01購06,0,0,0,0,1000,-1000,0,0,0,-1000,0,0,0,0,1000,-1000,-1000
066864,上証2X元富07購02,0,0,0,0,0,0,0,0,0,-1000,0,0,0,1000,2000,-1000,-1000
066886,T50反1中信05購01,0,0,0,0,0,0,0,0,0,-1000,0,0,0,0,1000,-1000,-1000
066970,T50反1群益01購05,0,0,0,0,0,0,0,0,0,-1000,0,0,0,0,1000,-1000,-1000
067151,聯發科統一02購06,0,0,0,0,0,0,0,0,0,-1000,0,0,0,14000,15000,-1000,-1000
07992P,玉晶光群益01售04,0,0,0,0,0,0,0,0,0,-1000,0,0,0,60000,61000,-1000,-1000
07876P,台灣50國泰01售01,0,0,0,0,0,0,0,0,0,-1000,0,0,0,0,1000,-1000,-1000
07820P,臺股指國票9A售11,0,0,0,0,0,0,0,0,0,-1000,0,0,0,0,1000,-1000,-1000
07925P,台積電凱基9B售05,0,0,0,0,0,0,0,0,0,-1000,0,0,0,0,1000,-1000,-1000
08162P,台灣50台新9C售06,0,0,0,0,0,0,0,0,0,-1000,0,0,0,0,1000,-1000,-1000
07020P,玉晶光台新99售02,0,0,0,0,0,0,0,0,0,-1000,0,0,0,0,1000,-1000,-1000
06992P,玉晶光日盛9B售01,0,0,0,0,0,0,0,0,0,-1000,0,0,0,0,1000,-1000,-1000
07068P,欣興台新99售01  ,0,0,0,0,0,0,0,0,0,-1000,0,0,0,10000,11000,-1000,-1000
07079P,台積電群益99售06,0,0,0,0,0,0,0,0,0,-1000,0,0,0,1000,2000,-1000,-1000
07209P,台積電凱基9A售10,0,0,0,0,0,0,0,0,0,-1000,0,0,0,0,1000,-1000,-1000
07190P,臺股指富邦9C售02,0,0,0,0,0,0,0,0,0,-1000,0,0,0,0,1000,-1000,-1000
07353P,大立光國票99售02,0,0,0,0,0,0,0,0,0,-1000,0,0,0,0,1000,-1000,-1000
07478P,南電康和9A售02  ,0,0,0,0,0,0,0,0,0,-1000,0,0,0,0,1000,-1000,-1000
07484P,台灣50凱基04售02,0,0,0,0,0,0,0,0,0,-1000,0,0,0,0,1000,-1000,-1000
07546P,玉晶光凱基9A售09,0,0,0,0,0,0,0,0,0,-1000,0,0,0,49000,50000,-1000,-1000
067588,欣興群益01購04  ,0,0,0,0,0,0,0,0,0,-1000,0,0,0,92000,93000,-1000,-1000
067913,華城永豐01購03  ,0,0,0,0,0,0,0,0,0,-1000,0,0,0,0,1000,-1000,-1000
067864,台光電元大01購05,0,0,0,0,0,0,0,0,0,-1000,0,0,0,39000,40000,-1000,-1000
067873,神達元大01購03  ,0,0,0,0,0,0,0,0,0,-1000,0,0,0,0,1000,-1000,-1000
06879P,長榮航凱基98售02,0,0,0,0,0,0,0,0,0,-1000,0,0,0,11000,12000,-1000,-1000
06807P,臺股指群益98售13,0,0,0,0,0,0,0,0,0,-1000,0,0,0,0,1000,-1000,-1000
00636K,國泰中國A50+U   ,0,0,0,0,0,0,0,0,0,-1000,0,0,0,100,1100,-1000,-1000
053559,台積電國泰98購01,0,0,0,0,0,0,0,0,0,-1000,0,0,0,745000,746000,-1000,-1000
03026X,元展23          ,0,0,0,0,0,0,0,0,0,-1000,0,0,0,0,1000,-1000,-1000
056727,滬深反凱基9B購01,0,0,0,0,0,0,0,0,0,-1000,0,0,0,0,1000,-1000,-1000
056742,玉晶光凱基9A購01,0,0,0,0,0,0,0,0,0,-1000,0,0,0,0,1000,-1000,-1000
056604,鴻海富邦9A購01  ,0,0,0,0,0,0,0,0,0,-1000,0,0,0,0,1000,-1000,-1000
057077,國巨統一98購06  ,0,0,0,0,0,0,0,0,0,-1000,0,0,0,0,1000,-1000,-1000
03686C,臺股指元大04牛05,0,0,0,0,0,0,0,0,0,-1000,0,0,0,0,1000,-1000,-1000
03052X,元展49          ,0,0,0,0,0,0,0,0,0,-1000,0,0,0,0,1000,-1000,-1000
056579,麗豐元大99購01  ,0,0,0,0,0,0,0,0,0,-1000,0,0,0,118000,119000,-1000,-1000
056569,T50正2元大9B購02,0,0,0,0,0,0,0,0,0,-1000,0,0,0,0,1000,-1000,-1000
058855,台積電兆豐99購02,0,0,0,0,0,0,0,0,0,-1000,0,0,0,130000,131000,-1000,-1000
058776,台積電國票9A購03,0,0,0,0,0,0,0,0,0,-1000,0,0,0,0,1000,-1000,-1000
058745,元金2X凱基9C購02,0,0,0,0,0,0,0,0,0,-1000,0,0,0,0,1000,-1000,-1000
056066,奇鋐元大98購02  ,0,0,0,0,0,0,0,0,0,-1000,0,0,0,0,1000,-1000,-1000
055989,矽力元富9A購01  ,0,0,0,0,0,0,0,0,0,-1000,0,0,0,1000,2000,-1000,-1000
056138,群創元大9B購01  ,0,0,0,0,0,0,0,0,0,-1000,0,0,0,119000,120000,-1000,-1000
05589P,大立光中信9A售01,0,0,0,0,0,0,0,0,0,-1000,0,0,0,0,1000,-1000,-1000
056277,上銀富邦99購02  ,0,0,0,0,0,0,0,0,0,-1000,0,0,0,0,1000,-1000,-1000
056266,開發金統一9A購01,0,0,0,0,0,0,0,0,0,-1000,0,0,0,89000,90000,-1000,-1000
056355,台積電元大98購08,0,0,0,0,0,0,0,0,0,-1000,0,0,0,3000,4000,-1000,-1000
056969,智易永豐98購01  ,0,0,0,0,0,0,0,0,0,-1000,0,0,0,0,1000,-1000,-1000
056922,全新兆豐99購01  ,0,0,0,0,0,0,0,0,0,-1000,0,0,0,0,1000,-1000,-1000
054977,SP黃豆元富9B購01,0,0,0,0,0,0,0,0,0,-1000,0,0,0,0,1000,-1000,-1000
054923,晶技凱基98購01  ,0,0,0,0,0,0,0,0,0,-1000,0,0,0,0,1000,-1000,-1000
058541,T50反1富邦01購01,0,0,0,0,0,0,0,0,0,-1000,0,0,0,0,1000,-1000,-1000
057187,群創元大9B購04  ,0,0,0,0,0,0,0,0,0,-1000,0,0,0,0,1000,-1000,-1000
058731,貿聯永豐99購02  ,0,0,0,0,0,0,0,0,0,-1000,0,0,0,0,1000,-1000,-1000
059356,滬深2X永豐99購02,0,0,0,0,0,0,0,0,0,-1000,0,0,0,0,1000,-1000,-1000
059131,國巨群益99購07  ,0,0,0,0,0,0,0,0,0,-1000,0,0,0,9000,10000,-1000,-1000
058483,道瓊指國票9A購01,0,0,0,0,0,0,0,0,0,-1000,0,0,0,0,1000,-1000,-1000
058462,台積電兆豐99購01,0,0,0,0,0,0,0,0,0,-1000,0,0,0,123000,124000,-1000,-1000
057266,TPK兆豐98購02   ,0,0,0,0,0,0,0,0,0,-1000,0,0,0,0,1000,-1000,-1000
057281,大立光元大98購16,0,0,0,0,0,0,0,0,0,-1000,0,0,0,0,1000,-1000,-1000
057325,可成群益9A購01  ,0,0,0,0,0,0,0,0,0,-1000,0,0,0,0,1000,-1000,-1000
057458,TPK富邦9A購01   ,0,0,0,0,0,0,0,0,0,-1000,0,0,0,0,1000,-1000,-1000
057619,玉晶光凱基98購02,0,0,0,0,0,0,0,0,0,-1000,0,0,0,7000,8000,-1000,-1000
058099,鴻海國泰9A購02  ,0,0,0,0,0,0,0,0,0,-1000,0,0,0,43000,44000,-1000,-1000
061994,瑞儀元大9B購01  ,0,0,0,0,0,0,0,0,0,-1000,0,0,0,0,1000,-1000,-1000
062314,玉晶光凱基9B購06,0,0,0,0,0,0,0,0,0,-1000,0,0,0,24000,25000,-1000,-1000
057882,華通群益9A購03  ,0,0,0,0,0,0,0,0,0,-1000,0,0,0,20000,21000,-1000,-1000
058278,FBVIX中信03購02 ,0,0,0,0,0,0,0,0,0,-1000,0,0,0,0,1000,-1000,-1000
061388,台積電群益9A購05,0,0,0,0,0,0,0,0,0,-1000,0,0,0,3000,4000,-1000,-1000
061017,國泰金麥證9A購01,0,0,0,10000,11000,-1000,0,0,0,-1000,0,0,0,10000,11000,-1000,-1000
061781,台積電群益9C購01,0,0,0,0,0,0,0,0,0,-1000,0,0,0,0,1000,-1000,-1000
061704,景碩國票9A購01  ,0,0,0,0,0,0,0,0,0,-1000,0,0,0,32000,33000,-1000,-1000
062689,華擎統一02購01  ,0,0,0,0,0,0,0,0,0,-1000,0,0,0,0,1000,-1000,-1000
059941,聯發科永豐99購04,0,0,0,0,0,0,0,0,0,-1000,0,0,0,0,1000,-1000,-1000
060018,國產康和99購01  ,0,0,0,0,0,0,0,0,0,-1000,0,0,0,8000,9000,-1000,-1000
060075,台積電元富99購05,0,0,0,0,0,0,0,0,0,-1000,0,0,0,0,1000,-1000,-1000
063430,台積電台新9B購07,0,0,0,0,0,0,0,0,0,-1000,0,0,0,9000,10000,-1000,-1000
063435,儒鴻統一01購02  ,0,0,0,0,0,0,0,0,0,-1000,0,0,0,64000,65000,-1000,-1000
061846,元金2X國票9C購01,0,0,0,0,0,0,0,0,0,-1000,0,0,0,0,1000,-1000,-1000
062520,晶豪科元大9B購02,0,0,0,0,0,0,0,0,0,-1000,0,0,0,156000,157000,-1000,-1000
062853,大毅永豐9B購03  ,0,0,0,0,0,0,0,0,0,-1000,0,0,0,0,1000,-1000,-1000
061653,上証2X國票9A購02,0,0,0,0,0,0,0,0,0,-1000,0,0,0,0,1000,-1000,-1000
061176,聯發科凱基9A購14,0,0,0,0,0,0,0,0,0,-1000,0,0,0,0,1000,-1000,-1000
061258,華通凱基9A購06  ,0,0,0,0,0,0,0,0,0,-1000,0,0,0,49000,50000,-1000,-1000
061310,華新科麥證9A購01,0,0,0,0,1000,-1000,0,0,0,-1000,0,0,0,0,1000,-1000,-1000
060392,華擎群益9C購02  ,0,0,0,0,0,0,0,0,0,-1000,0,0,0,0,1000,-1000,-1000
060189,宏達電元富9B購03,0,0,0,0,0,0,0,0,0,-1000,0,0,0,99000,100000,-1000,-1000
060219,聯發科凱基9A購09,0,0,0,0,0,0,0,0,0,-1000,0,0,0,0,1000,-1000,-1000
060568,SP黃豆永豐9A購01,0,0,0,0,0,0,0,0,0,-1000,0,0,0,0,1000,-1000,-1000
060791,聯茂富邦9A購02  ,0,0,0,0,0,0,0,0,0,-1000,0,0,0,0,1000,-1000,-1000
060678,聯詠元大9A購03  ,0,0,0,0,0,0,0,0,0,-1000,0,0,0,29000,30000,-1000,-1000
060652,滬深2X群益9C購04,0,0,0,0,0,0,0,0,0,-1000,0,0,0,0,1000,-1000,-1000
065270,TPK元大01購01   ,0,0,0,0,0,0,0,0,0,-1000,0,0,0,67000,68000,-1000,-1000
064884,台表科第一9C購01,0,0,0,0,0,0,0,0,0,-1000,0,0,0,0,1000,-1000,-1000
065122,電子類富邦9C購01,0,0,0,0,0,0,0,0,0,-1000,0,0,0,9000,10000,-1000,-1000
06582P,可成凱基98售06  ,0,0,0,0,0,0,0,0,0,-1000,0,0,0,0,1000,-1000,-1000
065989,泰碩永豐01購01  ,0,0,0,0,0,0,0,0,0,-1000,0,0,0,30000,31000,-1000,-1000
065590,元黃金元大9C購01,0,0,0,0,0,0,0,0,0,-1000,0,0,0,0,1000,-1000,-1000
065646,健鼎元大9C購04  ,0,0,0,0,0,0,0,0,0,-1000,0,0,0,66000,67000,-1000,-1000
065595,鴻海元大9C購15  ,0,0,0,0,0,0,0,0,0,-1000,0,0,0,0,1000,-1000,-1000
064694,玉晶光群益02購02,0,0,0,0,0,0,0,0,0,-1000,0,0,0,0,1000,-1000,-1000
064646,群創凱基02購01  ,0,0,0,0,0,0,0,0,0,-1000,0,0,0,39000,40000,-1000,-1000
064533,技嘉國票01購01  ,0,0,0,0,0,0,0,0,0,-1000,0,0,0,27000,28000,-1000,-1000
064344,緯創元大9C購01  ,0,0,0,0,0,0,0,0,0,-1000,0,0,0,2000,3000,-1000,-1000
064396,創意永豐9C購01  ,0,0,0,0,0,0,0,0,0,-1000,0,0,0,66000,67000,-1000,-1000
063713,麗豐凱基9B購01  ,0,0,0,0,0,0,0,0,0,-1000,0,0,0,0,1000,-1000,-1000
063709,上銀凱基9B購07  ,0,0,0,0,0,0,0,0,0,-1000,0,0,0,0,1000,-1000,-1000
063516,香港反凱基03購01,0,0,0,0,0,0,0,0,0,-1000,0,0,0,0,1000,-1000,-1000
063537,華擎統一9C購03  ,0,0,0,0,0,0,0,0,0,-1000,0,0,0,0,1000,-1000,-1000
063979,健鼎兆豐9C購01  ,0,0,0,0,0,0,0,0,0,-1000,0,0,0,57000,58000,-1000,-1000
6666,羅麗芬-KY       ,0,1000,-1000,0,0,0,0,0,0,0,0,0,0,0,0,0,-1000
8480,泰昇-KY         ,73000,74000,-1000,0,0,0,0,0,0,0,0,0,0,0,0,0,-1000
1735,日勝化          ,0,1000,-1000,0,0,0,0,0,0,0,0,0,0,0,0,0,-1000
1525,江申            ,0,0,0,0,0,0,0,0,0,-1000,0,1000,-1000,0,0,0,-1000
2497,怡利電          ,0,0,0,0,0,0,0,0,0,-1000,0,1000,-1000,0,0,0,-1000
2511,太子            ,119000,126000,-7000,0,0,0,0,0,0,6000,6000,0,6000,0,0,0,-1000
2495,普安            ,16000,16000,0,0,0,0,0,0,0,-1000,0,1000,-1000,0,0,0,-1000
2616,山隆            ,2000,6000,-4000,0,0,0,0,0,0,3000,3000,0,3000,0,0,0,-1000
3025,星通            ,0,1000,-1000,0,0,0,0,0,0,0,0,0,0,0,0,0,-1000
2887F,台新戊特二      ,0,0,0,0,0,0,0,0,0,-1000,0,1000,-1000,0,0,0,-1000
2881B,富邦金乙特      ,0,0,0,0,0,0,0,0,0,-1000,8000,9000,-1000,0,0,0,-1000
4439,冠星-KY         ,1000,2000,-1000,0,0,0,0,0,0,0,0,0,0,0,0,0,-1000
3266,昇陽            ,1000,2000,-1000,0,0,0,0,0,0,0,0,0,0,0,0,0,-1000
3167,大量            ,32000,32000,0,0,0,0,0,0,0,-1000,0,1000,-1000,0,0,0,-1000
08639P,聯發科永豐9C售03,0,0,0,0,0,0,0,0,0,-1000,0,0,0,4000,5000,-1000,-1000
08674P,嘉晶元富07售02  ,0,0,0,0,0,0,0,0,0,-1000,0,0,0,0,1000,-1000,-1000
08330P,聯發科統一9C售13,0,0,0,0,0,0,0,0,0,-1000,0,0,0,0,1000,-1000,-1000
08407P,臺股指元大9C售13,0,0,0,0,0,0,0,0,0,-1000,0,0,0,0,1000,-1000,-1000
08934P,鴻海元大01售18  ,0,0,0,0,0,0,0,0,0,-1000,0,0,0,0,1000,-1000,-1000
08976P,臺股指群益01售10,0,0,0,0,0,0,0,0,0,-1000,0,0,0,0,1000,-1000,-1000
1452,宏益            ,2000,3000,-1000,0,0,0,0,0,0,0,0,0,0,0,0,0,-1000
1233,天仁            ,0,1000,-1000,0,0,0,0,0,0,0,0,0,0,0,0,0,-1000
1236,宏亞            ,2000,3000,-1000,0,0,0,0,0,0,0,0,0,0,0,0,0,-1000
08870P,鴻海群益01售09  ,0,0,0,0,0,0,0,0,0,-1000,0,0,0,0,1000,-1000,-1000
08844P,滬深2X元大03售03,0,0,0,0,0,0,0,0,0,-1000,0,0,0,10000,11000,-1000,-1000
067918,玉晶光永豐01購02,0,0,0,0,0,0,0,0,0,-2000,0,0,0,0,2000,-2000,-2000
067874,台郡元大01購05  ,0,0,0,0,0,0,0,0,0,-2000,0,0,0,0,2000,-2000,-2000
067914,鴻海永豐01購01  ,0,0,0,0,0,0,0,0,0,-2000,0,0,0,0,2000,-2000,-2000
067881,香港2X群益01購02,0,0,0,0,0,0,0,0,0,-2000,0,0,0,0,2000,-2000,-2000
067799,玉晶光康和01購01,0,0,0,0,0,0,0,0,0,-2000,0,0,0,3000,5000,-2000,-2000
067619,臺股指凱基04購02,0,0,0,0,0,0,0,0,0,-2000,0,0,0,126000,128000,-2000,-2000
06771P,台灣50中信02售01,0,0,0,0,0,0,0,0,0,-2000,0,0,0,0,2000,-2000,-2000
067457,FBVIX國泰03購01 ,0,0,0,0,0,0,0,0,0,-2000,0,0,0,0,2000,-2000,-2000
07782P,寶成凱基9A售02  ,0,0,0,0,0,0,0,0,0,-2000,0,0,0,0,2000,-2000,-2000
07790P,台灣50元大9A售19,0,0,0,0,0,0,0,0,0,-2000,0,0,0,0,2000,-2000,-2000
07276P,臺股指群益99售19,0,0,0,0,0,0,0,0,0,-2000,0,0,0,0,2000,-2000,-2000
07089P,臺指2X中信01售01,0,0,0,0,0,0,0,0,0,-2000,0,0,0,0,2000,-2000,-2000
08043P,電子類群益9B售01,0,0,0,0,0,0,0,0,0,-2000,0,0,0,0,2000,-2000,-2000
066839,台灣50元大01購24,0,0,0,0,0,0,0,0,0,-2000,0,0,0,0,2000,-2000,-2000
066344,拓凱永豐01購01  ,0,0,0,0,0,0,0,0,0,-2000,0,0,0,207000,209000,-2000,-2000
066614,貿聯麥證01購01  ,0,0,0,0,2000,-2000,0,0,0,-2000,0,0,0,0,2000,-2000,-2000
066579,臺股指元大01購08,0,0,0,0,0,0,0,0,0,-2000,0,0,0,20000,22000,-2000,-2000
066583,上証2X群益03購01,0,0,0,0,0,0,0,0,0,-2000,0,0,0,14000,16000,-2000,-2000
066492,台郡元富01購01  ,0,0,0,0,0,0,0,0,0,-2000,0,0,0,108000,110000,-2000,-2000
066495,技嘉國泰03購01  ,0,0,0,0,0,0,0,0,0,-2000,0,0,0,22000,24000,-2000,-2000
066477,鴻海元富07購01  ,0,0,0,0,0,0,0,0,0,-2000,0,0,0,0,2000,-2000,-2000
058448,滬深2X永豐9A購01,0,0,0,0,0,0,0,0,0,-2000,0,0,0,2000,4000,-2000,-2000
057949,南電國票99購01  ,0,0,0,0,0,0,0,0,0,-2000,0,0,0,0,2000,-2000,-2000
057937,神達群益98購02  ,0,0,0,0,0,0,0,0,0,-2000,0,0,0,0,2000,-2000,-2000
057894,華通元富02購02  ,0,0,0,0,0,0,0,0,0,-2000,0,0,0,69000,71000,-2000,-2000
062354,台達電元大9B購01,0,0,0,0,0,0,0,0,0,-2000,0,0,0,0,2000,-2000,-2000
063066,同欣電麥證9B購01,0,0,0,0,2000,-2000,0,0,0,-2000,0,0,0,0,2000,-2000,-2000
057472,T50正2元大9B購03,0,0,0,0,0,0,0,0,0,-2000,0,0,0,0,2000,-2000,-2000
057454,上銀國泰99購02  ,0,0,0,0,0,0,0,0,0,-2000,0,0,0,0,2000,-2000,-2000
058471,台積電日盛9C購01,0,0,0,0,0,0,0,0,0,-2000,0,0,0,3000,5000,-2000,-2000
058464,矽創兆豐9A購01  ,0,0,0,0,0,0,0,0,0,-2000,0,0,0,23000,25000,-2000,-2000
056867,華通麥證98購01  ,0,0,0,0,10000,-10000,0,0,0,-2000,0,0,0,8000,10000,-2000,-2000
056333,台積電日盛9B購01,0,0,0,0,0,0,0,0,0,-2000,0,0,0,30000,32000,-2000,-2000
056269,新日興統一98購01,0,0,0,0,0,0,0,0,0,-2000,0,0,0,0,2000,-2000,-2000
056286,奇鋐永豐97購01  ,0,0,0,0,0,0,0,0,0,-2000,0,0,0,0,2000,-2000,-2000
055812,台積電國票99購02,0,0,0,0,0,0,0,0,0,-2000,0,0,0,3000,5000,-2000,-2000
058933,FBVIX台新9B購01 ,0,0,0,0,0,0,0,0,0,-2000,0,0,0,0,2000,-2000,-2000
059251,大立光凱基9A購04,0,0,0,0,0,0,0,0,0,-2000,0,0,0,0,2000,-2000,-2000
059153,臺股指國票99購16,0,0,0,0,0,0,0,0,0,-2000,0,0,0,0,2000,-2000,-2000
05643P,大立光中信98售01,0,0,0,0,0,0,0,0,0,-2000,0,0,0,0,2000,-2000,-2000
03006P,華通永豐01售01  ,0,0,0,0,0,0,0,0,0,-2000,0,0,0,0,2000,-2000,-2000
006203,元大MSCI台灣    ,0,0,0,0,0,0,0,0,0,-2000,0,0,0,10000,12000,-2000,-2000
00707R,元大S&P日圓反1  ,0,0,0,0,0,0,0,0,0,-2000,0,0,0,1000,3000,-2000,-2000
01002T,土銀國泰R1      ,0,2000,-2000,0,0,0,0,0,0,0,0,0,0,0,0,0,-2000
060618,玉晶光元大9A購02,0,0,0,0,0,0,0,0,0,-2000,0,0,0,10000,12000,-2000,-2000
060810,滬深2X凱基9B購03,0,0,0,0,0,0,0,0,0,-2000,0,0,0,0,2000,-2000,-2000
060746,玉晶光國票9B購02,0,0,0,0,0,0,0,0,0,-2000,0,0,0,0,2000,-2000,-2000
060567,華擎富邦9C購01  ,0,0,0,0,0,0,0,0,0,-2000,0,0,0,0,2000,-2000,-2000
063007,儒鴻元大9B購01  ,0,0,0,0,0,0,0,0,0,-2000,0,0,0,50000,52000,-2000,-2000
063015,微星元大9B購01  ,0,0,0,0,0,0,0,0,0,-2000,0,0,0,17000,19000,-2000,-2000
062990,台積電群益9B購06,0,0,0,0,0,0,0,0,0,-2000,0,0,0,49000,51000,-2000,-2000
061202,和大元大9A購02  ,0,0,0,0,0,0,0,0,0,-2000,0,0,0,3000,5000,-2000,-2000
061655,微星國票9A購01  ,0,0,0,0,0,0,0,0,0,-2000,0,0,0,0,2000,-2000,-2000
062070,金寶元大9B購01  ,0,0,0,0,0,0,0,0,0,-2000,0,0,0,0,2000,-2000,-2000
062075,智邦元大9B購03  ,0,0,0,0,0,0,0,0,0,-2000,0,0,0,28000,30000,-2000,-2000
061615,鴻海群益9A購06  ,0,0,0,0,0,0,0,0,0,-2000,0,0,0,0,2000,-2000,-2000
061501,嘉澤國票9A購01  ,0,0,0,0,0,0,0,0,0,-2000,0,0,0,0,2000,-2000,-2000
061502,嘉澤國票9A購02  ,0,0,0,0,0,0,0,0,0,-2000,0,0,0,0,2000,-2000,-2000
060905,台積電元大9A購20,0,0,0,0,0,0,0,0,0,-2000,0,0,0,0,2000,-2000,-2000
062503,玉晶光群益01購03,0,0,0,0,0,0,0,0,0,-2000,0,0,0,0,2000,-2000,-2000
062512,美食國票9B購01  ,0,0,0,0,0,0,0,0,0,-2000,0,0,0,0,2000,-2000,-2000
060485,華新科富邦9C購04,0,0,0,0,0,0,0,0,0,-2000,0,0,0,0,2000,-2000,-2000
060464,台積電元大9A購11,0,0,0,0,0,0,0,0,0,-2000,0,0,0,0,2000,-2000,-2000
061855,台郡國票9B購01  ,0,0,0,0,0,0,0,0,0,-2000,0,0,0,0,2000,-2000,-2000
063437,聚陽統一01購01  ,0,0,0,0,0,0,0,0,0,-2000,0,0,0,0,2000,-2000,-2000
063332,矽格國票9B購01  ,0,0,0,0,0,0,0,0,0,-2000,0,0,0,6000,8000,-2000,-2000
063241,聯發科元大9B購18,0,0,0,0,0,0,0,0,0,-2000,0,0,0,2000,4000,-2000,-2000
060100,新光金元大9C購01,0,0,0,0,0,0,0,0,0,-2000,0,0,0,15000,17000,-2000,-2000
059901,滬深2X元大9C購07,0,0,0,0,0,0,0,0,0,-2000,0,0,0,0,2000,-2000,-2000
059712,滬深2X元大9C購03,0,0,0,0,0,0,0,0,0,-2000,0,0,0,0,2000,-2000,-2000
064182,臻鼎富邦01購01  ,0,0,0,0,0,0,0,0,0,-2000,0,0,0,0,2000,-2000,-2000
063699,國巨群益9B購07  ,0,0,0,0,0,0,0,0,0,-2000,0,0,0,34000,36000,-2000,-2000
063812,智邦群益9C購02  ,0,0,0,0,0,0,0,0,0,-2000,0,0,0,43000,45000,-2000,-2000
063830,智伸科國票01購01,0,0,0,0,0,0,0,0,0,-2000,0,0,0,0,2000,-2000,-2000
064411,台表科凱基02購01,0,0,0,0,0,0,0,0,0,-2000,0,0,0,11000,13000,-2000,-2000
064272,鴻海元大9C購09  ,0,0,0,0,0,0,0,0,0,-2000,0,0,0,0,2000,-2000,-2000
064209,燿華凱基01購01  ,0,0,0,0,0,0,0,0,0,-2000,0,0,0,231000,233000,-2000,-2000
064637,元金2X凱基01購02,0,0,0,0,0,0,0,0,0,-2000,0,0,0,5000,7000,-2000,-2000
064688,國巨群益9C購11  ,0,0,0,0,0,0,0,0,0,-2000,0,0,0,0,2000,-2000,-2000
064749,巨大國票01購01  ,0,0,0,0,0,0,0,0,0,-2000,0,0,0,2000,4000,-2000,-2000
065557,中磊凱基9C購01  ,0,0,0,0,0,0,0,0,0,-2000,0,0,0,41000,43000,-2000,-2000
065850,緯創元大9C購06  ,0,0,0,0,0,0,0,0,0,-2000,0,0,0,92000,94000,-2000,-2000
065863,臺股指元大9C購37,0,0,0,0,0,0,0,0,0,-2000,0,0,0,0,2000,-2000,-2000
065810,台表科群益9C購05,0,0,0,0,0,0,0,0,0,-2000,0,0,0,34000,36000,-2000,-2000
064815,台表科元大01購01,0,0,0,0,0,0,0,0,0,-2000,0,0,0,0,2000,-2000,-2000
064900,景碩群益01購01  ,0,0,0,0,0,0,0,0,0,-2000,0,0,0,71000,73000,-2000,-2000
065128,大成鋼兆豐9C購01,0,0,0,0,0,0,0,0,0,-2000,0,0,0,0,2000,-2000,-2000
065215,義隆國泰02購02  ,0,0,0,0,0,0,0,0,0,-2000,0,0,0,396000,398000,-2000,-2000
08787P,滬深2X元富01售06,0,0,0,0,0,0,0,0,0,-2000,0,0,0,0,2000,-2000,-2000
1413,宏洲            ,2000,4000,-2000,0,0,0,0,0,0,0,0,0,0,0,0,0,-2000
1456,怡華            ,0,2000,-2000,0,0,0,0,0,0,0,0,0,0,0,0,0,-2000
1459,聯發            ,2000,4000,-2000,0,0,0,0,0,0,0,0,0,0,0,0,0,-2000
1436,華友聯          ,1000,4000,-3000,0,0,0,0,0,0,1000,1000,0,1000,0,0,0,-2000
1446,宏和            ,5000,7000,-2000,0,0,0,0,0,0,0,0,0,0,0,0,0,-2000
08975P,欣興群益01售05  ,0,0,0,0,0,0,0,0,0,-2000,0,0,0,0,2000,-2000,-2000
08957P,聯電凱基03售02  ,0,0,0,0,0,0,0,0,0,-2000,0,0,0,0,2000,-2000,-2000
08411P,技嘉凱基9C售01  ,0,0,0,0,0,0,0,0,0,-2000,0,0,0,20000,22000,-2000,-2000
08652P,鴻海群益9C售09  ,0,0,0,0,0,0,0,0,0,-2000,0,0,0,0,2000,-2000,-2000
08623P,健策群益01售04  ,0,0,0,0,0,0,0,0,0,-2000,0,0,0,75000,77000,-2000,-2000
08579P,臺股指元大9C售27,0,0,0,0,0,0,0,0,0,-2000,0,0,0,0,2000,-2000,-2000
2540,愛山林          ,1000,3000,-2000,0,0,0,0,0,0,0,0,0,0,0,0,0,-2000
2642,宅配通          ,26000,28000,-2000,0,0,0,0,0,0,0,0,0,0,0,0,0,-2000
2488,漢平            ,0,2000,-2000,0,0,0,0,0,0,0,0,0,0,0,0,0,-2000
2433,互盛電          ,5000,7000,-2000,0,0,0,0,0,0,0,0,0,0,0,0,0,-2000
1726,永記            ,1000,3000,-2000,0,0,0,0,0,0,0,0,0,0,0,0,0,-2000
2010,春源            ,5000,11000,-6000,0,0,0,0,0,0,4000,4000,0,4000,0,0,0,-2000
9908,大台北          ,2000,0,2000,0,0,0,0,0,0,-4000,0,4000,-4000,0,0,0,-2000
9929,秋雨            ,2000,4000,-2000,0,0,0,0,0,0,0,0,0,0,0,0,0,-2000
5288,豐祥-KY         ,23000,15000,8000,0,0,0,0,1000,-1000,-9000,1000,10000,-9000,0,0,0,-2000
5283,禾聯碩          ,2000,2000,0,0,0,0,0,0,0,-2000,0,0,0,0,2000,-2000,-2000
6112,聚碩            ,29000,36000,-7000,0,0,0,0,0,0,5000,0,0,0,5000,0,5000,-2000
4807,日成-KY         ,0,2000,-2000,0,0,0,0,0,0,0,0,0,0,0,0,0,-2000
6283,淳安            ,25000,27000,-2000,0,0,0,0,0,0,0,1000,1000,0,0,0,0,-2000
6183,關貿            ,18000,20000,-2000,0,0,0,0,0,0,0,0,0,0,0,0,0,-2000
066527,泰鼎統一03購01  ,0,0,0,0,0,0,0,0,0,-3000,0,0,0,432000,435000,-3000,-3000
066068,台積電凱基02購06,0,0,0,0,0,0,0,0,0,-3000,0,0,0,2000,5000,-3000,-3000
07865P,可成元大9B售02  ,0,0,0,0,0,0,0,0,0,-3000,0,0,0,100000,103000,-3000,-3000
07596P,上証2X中信01售01,0,0,0,0,0,0,0,0,0,-3000,0,0,0,0,3000,-3000,-3000
067801,台達電凱基01購03,0,0,0,0,0,0,0,0,0,-3000,0,0,0,39000,42000,-3000,-3000
067850,台郡元富07購01  ,0,0,0,0,0,0,0,0,0,-3000,0,0,0,0,3000,-3000,-3000
06824P,台灣50國票99售02,0,0,0,0,0,0,0,0,0,-3000,0,0,0,0,3000,-3000,-3000
054152,漢唐國泰98購02  ,0,0,0,0,0,0,0,0,0,-3000,0,0,0,1000,4000,-3000,-3000
056721,台灣50永昌9A購01,0,0,0,0,0,0,0,0,0,-3000,0,0,0,0,3000,-3000,-3000
059142,道瓊指國票9B購02,0,0,0,0,0,0,0,0,0,-3000,0,0,0,0,3000,-3000,-3000
059143,國巨國票9A購04  ,0,0,0,0,0,0,0,0,0,-3000,0,0,0,102000,105000,-3000,-3000
058743,可成康和99購01  ,0,0,0,0,0,0,0,0,0,-3000,0,0,0,0,3000,-3000,-3000
058874,聯鈞國票9A購01  ,0,0,0,0,0,0,0,0,0,-3000,0,0,0,60000,63000,-3000,-3000
056292,統一元大97購01  ,0,0,0,0,0,0,0,0,0,-3000,0,0,0,0,3000,-3000,-3000
056295,國巨元大97購16  ,0,0,0,0,0,0,0,0,0,-3000,0,0,0,0,3000,-3000,-3000
056197,友訊永豐97購01  ,0,0,0,0,0,0,0,0,0,-3000,0,0,0,10000,13000,-3000,-3000
056980,建準群益98購02  ,0,0,0,0,0,0,0,0,0,-3000,0,0,0,0,3000,-3000,-3000
058473,上銀凱基9A購03  ,0,0,0,0,0,0,0,0,0,-3000,0,0,0,0,3000,-3000,-3000
058475,台積電凱基99購06,0,0,0,0,0,0,0,0,0,-3000,0,0,0,32000,35000,-3000,-3000
057856,聯鈞國票99購03  ,0,0,0,0,0,0,0,0,0,-3000,0,0,0,58000,61000,-3000,-3000
059721,旺宏元大99購16  ,0,0,0,0,0,0,0,0,0,-3000,0,0,0,0,3000,-3000,-3000
059391,立積凱基9A購01  ,0,0,0,0,0,0,0,0,0,-3000,0,0,0,0,3000,-3000,-3000
060052,宏碁凱基99購01  ,0,0,0,0,0,0,0,0,0,-3000,0,0,0,0,3000,-3000,-3000
060065,大立光兆豐9B購01,0,0,0,0,0,0,0,0,0,-3000,0,0,0,0,3000,-3000,-3000
062676,南六台新9B購01  ,0,0,0,0,0,0,0,0,0,-3000,0,0,0,45000,48000,-3000,-3000
063419,聯發科凱基03購01,0,0,0,0,0,0,0,0,0,-3000,0,0,0,103000,106000,-3000,-3000
06340P,鴻海統一98售06  ,0,0,0,0,0,0,0,0,0,-3000,0,0,0,47000,50000,-3000,-3000
062894,道瓊銀元大9B購02,0,0,0,0,0,0,0,0,0,-3000,0,0,0,0,3000,-3000,-3000
061194,聯鈞永豐9A購02  ,0,0,0,0,0,0,0,0,0,-3000,0,0,0,7000,10000,-3000,-3000
061283,智邦統一9A購01  ,0,0,0,0,0,0,0,0,0,-3000,0,0,0,0,3000,-3000,-3000
062941,大立光凱基9B購07,0,0,0,0,0,0,0,0,0,-3000,0,0,0,32000,35000,-3000,-3000
061157,聯鈞群益9A購02  ,0,0,0,0,0,0,0,0,0,-3000,0,0,0,0,3000,-3000,-3000
060591,富邦金台新9A購01,0,0,0,0,0,0,0,0,0,-3000,0,0,0,216000,219000,-3000,-3000
065297,旺宏統一02購01  ,0,0,0,0,0,0,0,0,0,-3000,0,0,0,0,3000,-3000,-3000
065406,緯穎富邦9C購02  ,0,0,0,0,0,0,0,0,0,-3000,0,0,0,0,3000,-3000,-3000
065997,元黃金國票03購01,0,0,0,0,0,0,0,0,0,-3000,0,0,0,0,3000,-3000,-3000
065597,旺宏元大01購03  ,6000,0,6000,0,0,0,0,0,0,-9000,0,0,0,0,9000,-9000,-3000
065673,嘉晶凱基01購02  ,0,0,0,0,0,0,0,0,0,-3000,0,0,0,329000,332000,-3000,-3000
065683,嘉聯益統一03購01,0,0,0,0,0,0,0,0,0,-3000,0,0,0,0,3000,-3000,-3000
064755,南亞科凱基01購02,0,0,0,0,0,0,0,0,0,-3000,0,0,0,44000,47000,-3000,-3000
063884,台表科元富03購01,0,0,0,0,0,0,0,0,0,-3000,0,0,0,2000,5000,-3000,-3000
6184,大豐電          ,2000,5000,-3000,0,0,0,0,0,0,0,0,0,0,0,0,0,-3000
6128,上福            ,1000,4000,-3000,0,0,0,0,0,0,0,0,0,0,0,0,0,-3000
4916,事欣科          ,5000,8000,-3000,0,0,0,0,0,0,0,0,0,0,0,0,0,-3000
8482,商億-KY         ,0,1000,-1000,0,0,0,0,0,0,-2000,0,2000,-2000,0,0,0,-3000
8222,寶一            ,7000,10000,-3000,0,0,0,0,0,0,0,0,0,0,0,0,0,-3000
1727,中華化          ,2000,5000,-3000,0,0,0,0,0,0,0,0,0,0,0,0,0,-3000
1558,伸興            ,5000,12000,-7000,0,0,0,0,0,0,4000,4000,0,4000,0,0,0,-3000
2365,昆盈            ,33000,36000,-3000,0,0,0,0,0,0,0,0,0,0,0,0,0,-3000
2239,英利-KY         ,11000,14000,-3000,0,0,0,0,0,0,0,0,0,0,0,0,0,-3000
2227,裕日車          ,2000,1000,1000,0,0,0,0,1000,-1000,-3000,0,1000,-1000,0,2000,-2000,-3000
2712,遠雄來          ,0,2000,-2000,0,0,0,0,0,0,-1000,0,1000,-1000,0,0,0,-3000
3550,聯穎            ,6000,2000,4000,0,0,0,0,0,0,-7000,0,7000,-7000,0,0,0,-3000
4438,廣越            ,1000,4000,-3000,0,0,0,0,0,0,0,0,0,0,0,0,0,-3000
4148,全宇生技-KY     ,7000,10000,-3000,0,0,0,0,0,0,0,0,0,0,0,0,0,-3000
4555,氣立            ,1000,4000,-3000,0,0,0,0,0,0,0,0,0,0,0,0,0,-3000
3593,力銘            ,0,3000,-3000,0,0,0,0,0,0,0,0,0,0,0,0,0,-3000
08995P,台灣50群益01售12,0,0,0,0,0,0,0,0,0,-3000,0,0,0,0,3000,-3000,-3000
08853P,嘉晶群益02售02  ,0,0,0,0,0,0,0,0,0,-3000,0,0,0,0,3000,-3000,-3000
08829P,滬深2X群益01售07,0,0,0,0,0,0,0,0,0,-3000,0,0,0,2000,5000,-3000,-3000
067919,玉晶光永豐01購03,0,0,0,0,0,0,0,0,0,-4000,0,0,0,0,4000,-4000,-4000
067920,玉晶光永豐01購04,0,0,0,0,0,0,0,0,0,-4000,0,0,0,0,4000,-4000,-4000
067865,友達元大01購02  ,0,0,0,0,0,0,0,0,0,-4000,0,0,0,0,4000,-4000,-4000
067705,遠東新元富01購01,0,0,0,0,0,0,0,0,0,-4000,0,0,0,30000,34000,-4000,-4000
07788P,華新科群益9A售08,0,0,0,0,0,0,0,0,0,-4000,0,0,0,0,4000,-4000,-4000
08003P,國巨國泰9B售07  ,0,0,0,0,0,0,0,0,0,-4000,0,0,0,5000,9000,-4000,-4000
08171P,嘉澤國票9C售01  ,0,0,0,0,0,0,0,0,0,-4000,0,0,0,150000,154000,-4000,-4000
08287P,茂林凱基9C售02  ,0,0,0,0,0,0,0,0,0,-4000,0,0,0,40000,44000,-4000,-4000
066187,瑞祺凱基01購01  ,0,0,0,0,0,0,0,0,0,-4000,0,0,0,29000,33000,-4000,-4000
066259,聯強元大01購01  ,0,0,0,0,0,0,0,0,0,-4000,0,0,0,0,4000,-4000,-4000
066581,臺股指元大01購10,0,0,0,0,0,0,0,0,0,-4000,0,0,0,0,4000,-4000,-4000
066444,華擎群益01購03  ,0,0,0,0,0,0,0,0,0,-4000,0,0,0,1000,5000,-4000,-4000
066392,聯強凱基01購01  ,0,0,0,0,0,0,0,0,0,-4000,0,0,0,106000,110000,-4000,-4000
066393,華碩凱基01購01  ,0,0,0,0,0,0,0,0,0,-4000,0,0,0,4000,8000,-4000,-4000
067158,T50反1國票02購02,0,0,0,0,0,0,0,0,0,-4000,0,0,0,0,4000,-4000,-4000
067166,華通麥證01購01  ,0,0,0,21000,25000,-4000,0,0,0,-4000,0,0,0,21000,25000,-4000,-4000
066984,總太群益02購01  ,0,0,0,0,0,0,0,0,0,-4000,0,0,0,0,4000,-4000,-4000
067044,華碩凱基02購01  ,0,0,0,0,0,0,0,0,0,-4000,0,0,0,1000,5000,-4000,-4000
057877,神達元大99購01  ,0,0,0,0,0,0,0,0,0,-4000,0,0,0,0,4000,-4000,-4000
058552,欣興永豐99購01  ,0,0,0,0,0,0,0,0,0,-4000,0,0,0,99000,103000,-4000,-4000
058347,玉晶光群益9B購01,0,0,0,0,0,0,0,0,0,-4000,0,0,0,10000,14000,-4000,-4000
062038,鴻海凱基9B購05  ,0,0,0,0,0,0,0,0,0,-4000,0,0,0,0,4000,-4000,-4000
057586,台積電國票99購06,0,0,0,0,0,0,0,0,0,-4000,0,0,0,3000,7000,-4000,-4000
057546,台積電凱基02購01,0,0,0,0,0,0,0,0,0,-4000,0,0,0,21000,25000,-4000,-4000
059036,可成群益9B購03  ,0,0,0,0,0,0,0,0,0,-4000,0,0,0,4000,8000,-4000,-4000
059288,旺宏元富99購03  ,0,0,0,0,0,0,0,0,0,-4000,0,0,0,6000,10000,-4000,-4000
057198,智伸科統一9B購01,0,0,0,0,0,0,0,0,0,-4000,0,0,0,0,4000,-4000,-4000
057299,立積永豐98購02  ,0,0,0,0,0,0,0,0,0,-4000,0,0,0,6000,10000,-4000,-4000
056375,玉晶光統一01購01,0,0,0,0,0,0,0,0,0,-4000,0,0,0,1000,5000,-4000,-4000
056011,矽力中信99購01  ,0,0,0,0,0,0,0,0,0,-4000,0,0,0,0,4000,-4000,-4000
058849,奇力新群益99購02,0,0,0,0,0,0,0,0,0,-4000,0,0,0,0,4000,-4000,-4000
059160,華通凱基99購03  ,0,0,0,0,0,0,0,0,0,-4000,0,0,0,15000,19000,-4000,-4000
053411,深中小國票9B購01,0,0,0,0,0,0,0,0,0,-4000,0,0,0,0,4000,-4000,-4000
00711B,FH彭博新興債    ,0,0,0,0,0,0,0,0,0,-4000,0,0,0,158000,162000,-4000,-4000
061325,晶技凱基9A購03  ,0,0,0,0,0,0,0,0,0,-4000,0,0,0,31000,35000,-4000,-4000
062902,智邦元大9B購07  ,0,0,0,0,0,0,0,0,0,-4000,0,0,0,77000,81000,-4000,-4000
062878,宏達電兆豐9B購01,0,0,0,0,0,0,0,0,0,-4000,0,0,0,51000,55000,-4000,-4000
062858,微星國票9B購01  ,0,0,0,0,0,0,0,0,0,-4000,0,0,0,0,4000,-4000,-4000
062468,台積電凱基9B購06,0,0,0,0,0,0,0,0,0,-4000,0,0,0,1000,5000,-4000,-4000
061973,上銀元大9B購01  ,0,0,0,0,0,0,0,0,0,-4000,0,0,0,6000,10000,-4000,-4000
062452,A50正2群益01購04,0,0,0,0,0,0,0,0,0,-4000,0,0,0,0,4000,-4000,-4000
063368,遠東新永豐9B購01,0,0,0,0,0,0,0,0,0,-4000,0,0,0,55000,59000,-4000,-4000
063443,金像電統一01購02,0,6000,-6000,0,0,0,0,0,0,2000,0,0,0,26000,24000,2000,-4000
059515,牧德永豐99購01  ,0,0,0,0,0,0,0,0,0,-4000,0,0,0,26000,30000,-4000,-4000
060552,群創凱基9B購05  ,0,0,0,0,0,0,0,0,0,-4000,0,0,0,41000,45000,-4000,-4000
060557,南電凱基9A購02  ,0,0,0,0,0,0,0,0,0,-4000,0,0,0,64000,68000,-4000,-4000
061906,統一中信9B購01  ,0,0,0,0,0,0,0,0,0,-4000,0,0,0,6000,10000,-4000,-4000
061698,智邦國票9A購04  ,0,0,0,0,0,0,0,0,0,-4000,0,0,0,0,4000,-4000,-4000
061710,國巨凱基9A購18  ,0,0,0,0,0,0,0,0,0,-4000,0,0,0,16000,20000,-4000,-4000
061772,健策元大9B購06  ,0,0,0,0,0,0,0,0,0,-4000,0,0,0,9000,13000,-4000,-4000
061794,國巨永豐9B購01  ,0,0,0,0,0,0,0,0,0,-4000,0,0,0,0,4000,-4000,-4000
059705,華新科凱基9A購07,0,0,0,0,0,0,0,0,0,-4000,0,0,0,28000,32000,-4000,-4000
064109,上銀國票01購01  ,0,0,0,0,0,0,0,0,0,-4000,0,0,0,25000,29000,-4000,-4000
063547,大立光兆豐9B購04,0,0,0,0,0,0,0,0,0,-4000,0,0,0,10000,14000,-4000,-4000
064744,創意國票01購02  ,0,0,0,0,0,0,0,0,0,-4000,0,0,0,0,4000,-4000,-4000
064794,牧德國票01購01  ,0,0,0,0,0,0,0,0,0,-4000,0,0,0,6000,10000,-4000,-4000
064544,國巨凱基9C購09  ,0,0,0,0,0,0,0,0,0,-4000,0,0,0,42000,46000,-4000,-4000
064214,群創凱基03購01  ,0,0,0,0,0,0,0,0,0,-4000,0,0,0,41000,45000,-4000,-4000
064381,道瓊銀國泰02購01,0,0,0,0,0,0,0,0,0,-4000,0,0,0,17000,21000,-4000,-4000
065963,鴻海元大01購05  ,0,0,0,0,0,0,0,0,0,-4000,0,0,0,0,4000,-4000,-4000
065797,臺指反群益9C購02,0,0,0,0,0,0,0,0,0,-4000,0,0,0,0,4000,-4000,-4000
065418,緯創國票01購01  ,0,0,0,0,0,0,0,0,0,-4000,0,0,0,95000,99000,-4000,-4000
065393,旺宏群益9C購04  ,0,0,0,0,0,0,0,0,0,-4000,0,0,0,7000,11000,-4000,-4000
065378,嘉澤元大01購01  ,0,0,0,0,0,0,0,0,0,-4000,0,0,0,12000,16000,-4000,-4000
08903P,台積電兆豐01售04,0,0,0,0,0,0,0,0,0,-4000,0,0,0,0,4000,-4000,-4000
1432,大魯閣          ,1000,5000,-4000,0,0,0,0,0,0,0,0,0,0,0,0,0,-4000
1339,昭輝            ,8000,12000,-4000,0,0,0,0,0,0,0,0,0,0,0,0,0,-4000
08324P,大立光凱基9C售05,0,0,0,0,0,0,0,0,0,-4000,0,0,0,0,4000,-4000,-4000
08356P,聯發科元大9C售08,0,0,0,0,0,0,0,0,0,-4000,0,0,0,0,4000,-4000,-4000
3057,喬鼎            ,24000,28000,-4000,0,0,0,0,0,0,0,0,0,0,0,0,0,-4000
2373,震旦行          ,0,3000,-3000,0,0,0,0,0,0,-1000,0,1000,-1000,0,0,0,-4000
2348,海悅            ,23000,42000,-19000,0,0,0,0,0,0,15000,15000,0,15000,0,0,0,-4000
8499,鼎炫-KY         ,49000,43000,6000,0,0,0,10000,0,10000,-20000,0,20000,-20000,0,0,0,-4000
066339,總太永豐01購01  ,0,0,0,0,0,0,0,0,0,-5000,0,0,0,0,5000,-5000,-5000
066152,大立光麥證01購03,0,0,0,10000,15000,-5000,0,0,0,-5000,0,0,0,10000,15000,-5000,-5000
08256P,台積電元大9C售02,0,0,0,0,0,0,0,0,0,-5000,0,0,0,170000,175000,-5000,-5000
08261P,玉晶光元大9C售08,0,10000,-10000,0,0,0,0,0,0,5000,0,0,0,10000,5000,5000,-5000
08220P,華邦電凱基9B售02,0,0,0,0,0,0,0,0,0,-5000,0,0,0,3000,8000,-5000,-5000
08172P,台積電凱基03售02,0,0,0,0,0,0,0,0,0,-5000,0,0,0,5000,10000,-5000,-5000
08115P,聯發科凱基9B售13,0,0,0,0,0,0,0,0,0,-5000,0,0,0,0,5000,-5000,-5000
08097P,嘉澤永豐9B售03  ,0,0,0,0,0,0,0,0,0,-5000,0,0,0,0,5000,-5000,-5000
08009P,華擎統一9B售02  ,0,0,0,0,0,0,0,0,0,-5000,0,0,0,0,5000,-5000,-5000
07982P,全新群益9B售04  ,0,0,0,0,0,0,0,0,0,-5000,0,0,0,0,5000,-5000,-5000
08065P,瑞昱凱基9B售03  ,0,0,0,0,0,0,0,0,0,-5000,0,0,0,0,5000,-5000,-5000
07923P,元金2X凱基02售02,0,0,0,0,0,0,0,0,0,-5000,0,0,0,0,5000,-5000,-5000
07935P,臺股指國票9B售07,0,0,0,0,0,0,0,0,0,-5000,0,0,0,0,5000,-5000,-5000
07485P,台灣50凱基04售03,0,0,0,0,0,0,0,0,0,-5000,0,0,0,0,5000,-5000,-5000
07058P,台積電凱基9A售07,0,0,0,0,0,0,0,0,0,-5000,0,0,0,15000,20000,-5000,-5000
067599,台積電凱基01購14,0,0,0,0,0,0,0,0,0,-5000,0,0,0,0,5000,-5000,-5000
067862,泰豐元大01購02  ,0,0,0,0,0,0,0,0,0,-5000,0,0,0,0,5000,-5000,-5000
06878P,台灣50日盛9B售01,0,0,0,0,0,0,0,0,0,-5000,0,0,0,0,5000,-5000,-5000
067830,帆宣兆豐03購01  ,0,0,0,0,0,0,0,0,0,-5000,0,0,0,0,5000,-5000,-5000
067831,聯電統一03購01  ,0,0,0,0,0,0,0,0,0,-5000,0,0,0,0,5000,-5000,-5000
00681R,元大美債20反1   ,0,0,0,0,0,0,0,0,0,-5000,0,0,0,0,5000,-5000,-5000
054128,台積電元大97購10,0,0,0,0,0,0,0,0,0,-5000,0,0,0,0,5000,-5000,-5000
053153,大立光元大99購02,0,0,0,0,0,0,0,0,0,-5000,0,0,0,0,5000,-5000,-5000
053063,力山群益98購01  ,0,0,0,0,0,0,0,0,0,-5000,0,0,0,0,5000,-5000,-5000
03430B,臺股指元大9B熊01,0,0,0,0,0,0,0,0,0,-5000,0,0,0,0,5000,-5000,-5000
03678C,臺股指凱基01牛02,0,0,0,0,0,0,0,0,0,-5000,0,0,0,0,5000,-5000,-5000
059187,國巨富邦9B購02  ,0,0,0,0,0,0,0,0,0,-5000,0,0,0,26000,31000,-5000,-5000
058854,樺漢群益9B購01  ,0,0,0,0,0,0,0,0,0,-5000,0,0,0,0,5000,-5000,-5000
058899,旺宏元大99購10  ,0,0,0,0,0,0,0,0,0,-5000,0,0,0,5000,10000,-5000,-5000
058882,晶相光永豐99購01,0,0,0,0,0,0,0,0,0,-5000,0,0,0,0,5000,-5000,-5000
055969,彩晶元大99購02  ,0,0,0,0,0,0,0,0,0,-5000,0,0,0,0,5000,-5000,-5000
056144,GIS元大98購01   ,0,0,0,0,0,0,0,0,0,-5000,0,0,0,25000,30000,-5000,-5000
057391,樺漢永豐98購01  ,0,0,0,0,0,0,0,0,0,-5000,0,0,0,251000,256000,-5000,-5000
057453,矽創元富98購01  ,0,0,0,0,0,0,0,0,0,-5000,0,0,0,0,5000,-5000,-5000
057617,國巨凱基99購06  ,0,0,0,0,0,0,0,0,0,-5000,0,0,0,100000,105000,-5000,-5000
057692,臺股指凱基98購10,0,0,0,0,0,0,0,0,0,-5000,0,0,0,0,5000,-5000,-5000
059077,FBVIX元大99購05 ,0,0,0,0,0,0,0,0,0,-5000,0,0,0,0,5000,-5000,-5000
058492,華通群益9B購01  ,0,0,0,0,0,0,0,0,0,-5000,0,0,0,0,5000,-5000,-5000
058361,美律凱基99購06  ,0,0,0,0,0,0,0,0,0,-5000,0,0,0,11000,16000,-5000,-5000
058299,同欣電凱基9A購01,0,0,0,0,0,0,0,0,0,-5000,0,0,0,302000,307000,-5000,-5000
058010,帆宣國票98購01  ,0,0,0,0,0,0,0,0,0,-5000,0,0,0,15000,20000,-5000,-5000
057724,亞德客國泰99購01,0,0,0,0,0,0,0,0,0,-5000,0,0,0,1000,6000,-5000,-5000
061839,華新科凱基05購04,0,0,0,0,0,0,0,0,0,-5000,0,0,0,52000,57000,-5000,-5000
059935,國巨永豐99購07  ,0,0,0,0,0,0,0,0,0,-5000,0,0,0,0,5000,-5000,-5000
061731,旺宏統一9B購06  ,0,0,0,0,0,0,0,0,0,-5000,0,0,0,0,5000,-5000,-5000
062683,可成統一9B購04  ,0,0,0,0,0,0,0,0,0,-5000,0,0,0,35000,40000,-5000,-5000
061537,SP黃豆群益9A購02,0,0,0,0,0,0,0,0,0,-5000,0,0,0,0,5000,-5000,-5000
061038,TPK永豐9A購01   ,0,0,0,0,0,0,0,0,0,-5000,0,0,0,81000,86000,-5000,-5000
060350,元黃金元富9B購01,0,0,0,0,0,0,0,0,0,-5000,0,0,0,5000,10000,-5000,-5000
060322,卜蜂群益9A購01  ,0,0,0,0,0,0,0,0,0,-5000,0,0,0,0,5000,-5000,-5000
063396,金像電群益9C購01,0,0,0,0,0,0,0,0,0,-5000,0,0,0,136000,141000,-5000,-5000
063105,健策群益9C購01  ,0,0,0,0,0,0,0,0,0,-5000,0,0,0,7000,12000,-5000,-5000
063333,同欣電國票9C購01,0,0,0,0,0,0,0,0,0,-5000,0,0,0,24000,29000,-5000,-5000
062423,聯發科統一9C購07,0,0,0,0,0,0,0,0,0,-5000,0,0,0,0,5000,-5000,-5000
060871,台灣50中信01購03,0,0,0,0,0,0,0,0,0,-5000,0,0,0,5000,10000,-5000,-5000
061475,漢唐元大9A購01  ,0,0,0,0,0,0,0,0,0,-5000,0,0,0,0,5000,-5000,-5000
061648,緯穎元大9A購04  ,0,0,0,0,0,0,0,0,0,-5000,0,0,0,5000,10000,-5000,-5000
061649,緯穎元大9A購06  ,0,0,0,0,0,0,0,0,0,-5000,0,0,0,1000,6000,-5000,-5000
061334,華通元大9A購09  ,0,0,0,0,0,0,0,0,0,-5000,0,0,0,5000,10000,-5000,-5000
061335,國巨元大9A購19  ,0,0,0,0,0,0,0,0,0,-5000,0,0,0,0,5000,-5000,-5000
061240,華新科兆豐9A購01,0,0,0,0,0,0,0,0,0,-5000,0,0,0,0,5000,-5000,-5000
060940,國巨國票9B購03  ,0,0,0,0,0,0,0,0,0,-5000,0,0,0,13000,18000,-5000,-5000
060624,玉晶光元大9C購02,0,0,0,0,0,0,0,0,0,-5000,0,0,0,0,5000,-5000,-5000
060736,旺宏統一01購01  ,0,0,0,0,0,0,0,0,0,-5000,0,0,0,0,5000,-5000,-5000
061090,奇力新統一9C購01,0,0,0,0,0,0,0,0,0,-5000,0,0,0,0,5000,-5000,-5000
063035,燿華凱基9B購02  ,0,0,0,0,0,0,0,0,0,-5000,0,0,0,176000,181000,-5000,-5000
062997,嘉晶國票9B購03  ,0,0,0,0,0,0,0,0,0,-5000,0,0,0,0,5000,-5000,-5000
065292,緯創群益9C購01  ,0,0,0,0,0,0,0,0,0,-5000,0,0,0,20000,25000,-5000,-5000
065144,大立光凱基01購06,0,0,0,0,0,0,0,0,0,-5000,0,0,0,0,5000,-5000,-5000
065581,寶成群益9C購01  ,0,0,0,0,0,0,0,0,0,-5000,0,0,0,26000,31000,-5000,-5000
064365,美食統一01購02  ,0,0,0,0,0,0,0,0,0,-5000,0,0,0,0,5000,-5000,-5000
064711,國喬統一02購01  ,0,0,0,0,0,0,0,0,0,-5000,0,0,0,60000,65000,-5000,-5000
063646,帆宣元大9B購02  ,0,0,0,0,0,0,0,0,0,-5000,0,0,0,5000,10000,-5000,-5000
064123,台積電元大9C購09,0,0,0,0,0,0,0,0,0,-5000,0,0,0,2000,7000,-5000,-5000
064047,義隆統一02購01  ,0,0,0,0,0,0,0,0,0,-5000,0,0,0,5000,10000,-5000,-5000
5525,順天            ,4000,9000,-5000,0,0,0,0,0,0,0,0,0,0,0,0,0,-5000
6172,互億            ,2000,7000,-5000,0,0,0,0,0,0,0,0,0,0,0,0,0,-5000
6243,迅杰            ,62000,67000,-5000,0,0,0,0,0,0,0,0,0,0,0,0,0,-5000
1507,永大            ,1000,4000,-3000,0,0,0,0,0,0,-2000,0,2000,-2000,0,0,0,-5000
2017,官田鋼          ,15000,20000,-5000,0,0,0,0,0,0,0,0,0,0,0,0,0,-5000
3229,晟鈦            ,0,5000,-5000,0,0,0,0,0,0,0,0,0,0,0,0,0,-5000
2597,潤弘            ,3000,8000,-5000,0,0,0,0,0,0,0,0,0,0,0,0,0,-5000
08308P,聯發科凱基01售03,0,0,0,0,0,0,0,0,0,-5000,0,0,0,0,5000,-5000,-5000
08335P,香港2X中信03售01,0,0,0,0,0,0,0,0,0,-5000,0,0,0,0,5000,-5000,-5000
08417P,聯發科元大9C售12,0,0,0,0,0,0,0,0,0,-5000,0,0,0,0,5000,-5000,-5000
08559P,瑞昱國票9C售01  ,0,0,0,0,0,0,0,0,0,-5000,0,0,0,0,5000,-5000,-5000
08649P,聯發科元大9C售21,0,0,0,0,0,0,0,0,0,-5000,0,0,0,0,5000,-5000,-5000
1256,鮮活果汁-KY     ,1000,5000,-4000,0,0,0,0,0,0,-1000,0,1000,-1000,0,0,0,-5000
1101B,台泥乙特        ,0,0,0,0,0,0,0,0,0,-5000,4000,9000,-5000,0,0,0,-5000
08986P,聯發科元富07售06,0,0,0,0,0,0,0,0,0,-5000,0,0,0,0,5000,-5000,-5000
08776P,上証2X群益03售02,0,0,0,0,0,0,0,0,0,-5000,0,0,0,5000,10000,-5000,-5000
067882,A50正2群益01購06,0,0,0,0,0,0,0,0,0,-6000,0,0,0,0,6000,-6000,-6000
067886,台積電群益02購03,0,0,0,0,0,0,0,0,0,-6000,0,0,0,0,6000,-6000,-6000
067553,上証2X國票02購03,0,0,0,0,0,0,0,0,0,-6000,0,0,0,0,6000,-6000,-6000
07145P,為升元大99售03  ,0,0,0,0,0,0,0,0,0,-6000,0,0,0,4000,10000,-6000,-6000
07557P,玉晶光元大9A售09,0,0,0,0,0,0,0,0,0,-6000,0,0,0,0,6000,-6000,-6000
066964,T50反1元富07購04,0,0,0,0,0,0,0,0,0,-6000,0,0,0,0,6000,-6000,-6000
067143,台灣50統一04購01,0,0,0,0,0,0,0,0,0,-6000,0,0,0,0,6000,-6000,-6000
066653,矽格康和01購01  ,0,0,0,0,0,0,0,0,0,-6000,0,0,0,0,6000,-6000,-6000
057988,鈺齊元富98購02  ,0,0,0,0,0,0,0,0,0,-6000,0,0,0,10000,16000,-6000,-6000
058429,欣興元富99購01  ,0,0,0,0,0,0,0,0,0,-6000,0,0,0,0,6000,-6000,-6000
058585,S&P正2中信9B購02,0,0,0,0,0,0,0,0,0,-6000,0,0,0,0,6000,-6000,-6000
062032,崇越群益9B購01  ,0,0,0,0,0,0,0,0,0,-6000,0,0,0,0,6000,-6000,-6000
062581,鴻海統一01購02  ,0,0,0,0,0,0,0,0,0,-6000,0,0,0,10000,16000,-6000,-6000
062323,上銀統一9B購03  ,0,0,0,0,0,0,0,0,0,-6000,0,0,0,21000,27000,-6000,-6000
057583,啟碁中信9A購01  ,0,0,0,0,0,0,0,0,0,-6000,0,0,0,0,6000,-6000,-6000
058704,台積電元大99購17,0,0,0,0,0,0,0,0,0,-6000,0,0,0,0,6000,-6000,-6000
057438,禾伸堂國票99購01,0,0,0,0,0,0,0,0,0,-6000,0,0,0,0,6000,-6000,-6000
058741,欣興日盛99購01  ,0,0,0,0,0,0,0,0,0,-6000,0,0,0,0,6000,-6000,-6000
060946,世紀鋼國票9A購02,0,0,0,0,0,0,0,0,0,-6000,0,0,0,46000,52000,-6000,-6000
060895,華新科凱基9B購05,0,0,0,0,0,0,0,0,0,-6000,0,0,0,50000,56000,-6000,-6000
062142,喬山國票9B購01  ,0,0,0,0,0,0,0,0,0,-6000,0,0,0,15000,21000,-6000,-6000
063130,聯茂元大9B購02  ,0,0,0,0,0,0,0,0,0,-6000,0,0,0,69000,75000,-6000,-6000
060317,台灣50群益02購01,0,0,0,0,0,0,0,0,0,-6000,0,0,0,2000,8000,-6000,-6000
059571,奇力新凱基99購06,0,0,0,0,0,0,0,0,0,-6000,0,0,0,50000,56000,-6000,-6000
059415,台灣50元大9A購03,0,0,0,0,0,0,0,0,0,-6000,0,0,0,0,6000,-6000,-6000
063965,漢唐國票01購01  ,0,0,0,0,0,0,0,0,0,-6000,0,0,0,9000,15000,-6000,-6000
063653,儒鴻元富9B購01  ,0,0,0,0,0,0,0,0,0,-6000,0,0,0,33000,39000,-6000,-6000
063559,力山元大9B購04  ,0,0,0,0,0,0,0,0,0,-6000,0,0,0,393000,399000,-6000,-6000
064224,玉晶光國票01購04,0,0,0,0,0,0,0,0,0,-6000,0,0,0,2000,8000,-6000,-6000
065693,國巨群益9C購18  ,0,0,0,0,0,0,0,0,0,-6000,0,0,0,31000,37000,-6000,-6000
065711,矽格群益9C購02  ,0,0,0,0,0,0,0,0,0,-6000,0,0,0,36000,42000,-6000,-6000
065885,神達元富9C購01  ,0,0,0,0,0,0,0,0,0,-6000,0,0,0,0,6000,-6000,-6000
065934,智邦群益01購02  ,0,0,0,0,0,0,0,0,0,-6000,0,0,0,7000,13000,-6000,-6000
065980,中租元大02購01  ,0,0,0,0,0,0,0,0,0,-6000,0,0,0,0,6000,-6000,-6000
08798P,聯發科國票01售03,0,0,0,0,0,0,0,0,0,-6000,0,0,0,0,6000,-6000,-6000
08969P,臺股指元大01售12,0,0,0,0,0,0,0,0,0,-6000,0,0,0,0,6000,-6000,-6000
08648P,健策凱基9C售05  ,0,0,0,0,0,0,0,0,0,-6000,0,0,0,5000,11000,-6000,-6000
08577P,臺指2X中信03售01,0,0,0,0,0,0,0,0,0,-6000,0,0,0,15000,21000,-6000,-6000
08496P,金像電國票01售02,0,0,0,0,0,0,0,0,0,-6000,0,0,0,0,6000,-6000,-6000
08332P,智邦台新9C售03  ,0,0,0,0,0,0,0,0,0,-6000,0,0,0,60000,66000,-6000,-6000
3028,增你強          ,8000,14000,-6000,0,0,0,0,0,0,0,0,0,0,0,0,0,-6000
1730,花仙子          ,7000,13000,-6000,0,0,0,0,0,0,0,0,0,0,0,0,0,-6000
1626,艾美特-KY       ,1000,7000,-6000,0,0,0,0,0,0,0,0,0,0,0,0,0,-6000
8105,凌巨            ,520000,524000,-4000,0,0,0,0,0,0,-2000,0,2000,-2000,0,0,0,-6000
6409,旭隼            ,30411,32000,-1589,0,0,0,0,5000,-5000,0,0,0,0,0,0,0,-6589
066655,上証2X凱基03購03,0,0,0,0,0,0,0,0,0,-7000,0,0,0,0,7000,-7000,-7000
067159,上証2X國票02購01,0,0,0,0,0,0,0,0,0,-7000,0,0,0,5000,12000,-7000,-7000
067139,訊連永豐01購01  ,0,0,0,0,0,0,0,0,0,-7000,0,0,0,615000,622000,-7000,-7000
066430,台郡元大01購01  ,0,0,0,0,0,0,0,0,0,-7000,0,0,0,66000,73000,-7000,-7000
07898P,國巨國泰9C售02  ,0,0,0,0,0,0,0,0,0,-7000,0,0,0,103000,110000,-7000,-7000
08019P,緯穎國票9B售02  ,0,0,0,0,0,0,0,0,0,-7000,0,0,0,111000,118000,-7000,-7000
08087P,聯發科凱基9B售12,0,0,0,0,0,0,0,0,0,-7000,0,0,0,0,7000,-7000,-7000
067486,新日興元大01購03,0,0,0,0,0,0,0,0,0,-7000,0,0,0,10000,17000,-7000,-7000
067661,大成元大01購01  ,0,0,0,0,0,0,0,0,0,-7000,0,0,0,8000,15000,-7000,-7000
059031,元石油中信03購01,0,0,0,0,0,0,0,0,0,-7000,0,0,0,14000,21000,-7000,-7000
057269,鈺齊兆豐98購01  ,0,0,0,0,0,0,0,0,0,-7000,0,0,0,0,7000,-7000,-7000
057682,台積電日盛9A購03,0,0,0,0,0,0,0,0,0,-7000,0,0,0,14000,21000,-7000,-7000
062233,神隆凱基9B購01  ,0,0,0,0,0,0,0,0,0,-7000,0,0,0,70000,77000,-7000,-7000
062577,泰鼎群益9B購01  ,0,0,0,0,0,0,0,0,0,-7000,0,0,0,13000,20000,-7000,-7000
057773,技嘉群益9A購02  ,0,0,0,0,0,0,0,0,0,-7000,0,0,0,1000,8000,-7000,-7000
057863,美律凱基9A購01  ,0,0,0,0,0,0,0,0,0,-7000,0,0,0,74000,81000,-7000,-7000
058600,國巨元大99購15  ,0,0,0,0,0,0,0,0,0,-7000,0,0,0,53000,60000,-7000,-7000
059761,國巨永豐99購06  ,0,0,0,0,0,0,0,0,0,-7000,0,0,0,1000,8000,-7000,-7000
061053,國巨群益9A購08  ,0,0,0,0,0,0,0,0,0,-7000,0,0,0,0,7000,-7000,-7000
063462,金像電元大9C購01,0,0,0,0,0,0,0,0,0,-7000,0,0,0,4000,11000,-7000,-7000
060915,旭富元大9A購01  ,0,0,0,0,0,0,0,0,0,-7000,0,0,0,100000,107000,-7000,-7000
061626,超眾群益9A購02  ,0,0,0,0,0,0,0,0,0,-7000,0,0,0,23000,30000,-7000,-7000
060225,S&P反1元大9A購02,0,0,0,0,0,0,0,0,0,-7000,0,0,0,0,7000,-7000,-7000
060159,健和興永豐9A購01,0,0,0,0,0,0,0,0,0,-7000,0,0,0,3000,10000,-7000,-7000
061234,國巨元大9A購18  ,0,0,0,0,0,0,0,0,0,-7000,0,0,0,116000,123000,-7000,-7000
060980,台積電元大9A購21,0,0,0,0,0,0,0,0,0,-7000,0,0,0,0,7000,-7000,-7000
065822,緯創台新9C購01  ,0,0,0,0,0,0,0,0,0,-7000,0,0,0,0,7000,-7000,-7000
065218,世芯國泰02購02  ,0,0,0,0,0,0,0,0,0,-7000,0,0,0,43000,50000,-7000,-7000
065327,台表科凱基9C購02,0,0,0,0,0,0,0,0,0,-7000,0,0,0,3000,10000,-7000,-7000
064213,大立光凱基03購01,0,0,0,0,0,0,0,0,0,-7000,0,0,0,15000,22000,-7000,-7000
064340,大立光元大9C購17,0,0,0,0,0,0,0,0,0,-7000,0,0,0,0,7000,-7000,-7000
064722,大立光統一02購03,0,0,0,0,0,0,0,0,0,-7000,0,0,0,43000,50000,-7000,-7000
063604,群創凱基01購02  ,0,0,0,0,0,0,0,0,0,-7000,0,0,0,46000,53000,-7000,-7000
063827,國巨國票02購01  ,0,0,0,0,0,0,0,0,0,-7000,0,0,0,58000,65000,-7000,-7000
063686,國巨永豐9B購04  ,0,0,0,0,0,0,0,0,0,-7000,0,0,0,0,7000,-7000,-7000
064078,台積電中信06購04,0,0,0,0,0,0,0,0,0,-7000,0,0,0,104000,111000,-7000,-7000
8033,雷虎            ,2000,9000,-7000,0,0,0,0,0,0,0,0,0,0,0,0,0,-7000
2069,運錩            ,0,7000,-7000,0,0,0,0,0,0,0,0,0,0,0,0,0,-7000
2405,浩鑫            ,47000,54000,-7000,0,0,0,0,0,0,0,0,0,0,0,0,0,-7000
2891C,中信金丙特      ,0,0,0,0,0,0,0,0,0,-7000,3000,10000,-7000,0,0,0,-7000
2748,雲品            ,1000,8000,-7000,0,0,0,0,0,0,0,0,0,0,0,0,0,-7000
08586P,台積電第一9C售02,0,0,0,0,0,0,0,0,0,-7000,0,0,0,0,7000,-7000,-7000
08964P,美律台新01售01  ,0,0,0,0,0,0,0,0,0,-7000,0,0,0,0,7000,-7000,-7000
08858P,台積電國票01售05,0,0,0,0,0,0,0,0,0,-7000,0,0,0,83000,90000,-7000,-7000
3010,華立            ,33180,52000,-18820,0,0,0,0,0,0,11000,12000,1000,11000,0,0,0,-7820
067805,宏碁凱基01購02  ,0,0,0,0,0,0,0,0,0,-8000,0,0,0,0,8000,-8000,-8000
067793,鈺齊群益01購02  ,0,0,0,0,0,0,0,0,0,-8000,0,0,0,26000,34000,-8000,-8000
08210P,健策元富9B售02  ,0,0,0,0,0,0,0,0,0,-8000,0,0,0,0,8000,-8000,-8000
07558P,玉晶光元大9A售10,0,0,0,0,0,0,0,0,0,-8000,0,0,0,28000,36000,-8000,-8000
07800P,華新科國泰9B售04,0,0,0,0,0,0,0,0,0,-8000,0,0,0,8000,16000,-8000,-8000
066601,上証2X富邦02購01,0,0,0,0,0,0,0,0,0,-8000,0,0,0,0,8000,-8000,-8000
066141,盛群群益01購01  ,0,0,0,0,0,0,0,0,0,-8000,0,0,0,61000,69000,-8000,-8000
067231,台積電群益01購12,0,0,0,0,0,0,0,0,0,-8000,0,0,0,82000,90000,-8000,-8000
067055,上証2X元大01購03,0,0,0,0,0,0,0,0,0,-8000,0,0,0,51000,59000,-8000,-8000
058632,世紀鋼國票9A購01,0,0,0,0,0,0,0,0,0,-8000,0,0,0,0,8000,-8000,-8000
057848,台表科永豐98購02,0,0,0,0,0,0,0,0,0,-8000,0,0,0,38000,46000,-8000,-8000
057999,智邦亞東99購02  ,0,0,0,0,0,0,0,0,0,-8000,0,0,0,0,8000,-8000,-8000
058118,瑞昱群益99購01  ,0,0,0,0,0,0,0,0,0,-8000,0,0,0,2000,10000,-8000,-8000
058246,帆宣元大99購01  ,0,0,0,0,0,0,0,0,0,-8000,0,0,0,2000,10000,-8000,-8000
058249,緯穎元大99購04  ,0,0,0,0,0,0,0,0,0,-8000,0,0,0,1000,9000,-8000,-8000
057402,嘉晶群益98購02  ,0,0,0,0,0,0,0,0,0,-8000,0,0,0,2000,10000,-8000,-8000
058820,致茂國泰9B購01  ,0,0,0,0,0,0,0,0,0,-8000,0,0,0,0,8000,-8000,-8000
059267,群創中信01購02  ,0,0,0,0,0,0,0,0,0,-8000,0,0,0,10000,18000,-8000,-8000
055810,T50反1國票99購01,0,0,0,0,0,0,0,0,0,-8000,0,0,0,0,8000,-8000,-8000
056688,聯詠統一98購01  ,0,0,0,0,0,0,0,0,0,-8000,0,0,0,0,8000,-8000,-8000
053095,台光電統一98購01,0,0,0,0,0,0,0,0,0,-8000,0,0,0,124000,132000,-8000,-8000
061178,晶技凱基9B購01  ,0,0,0,0,0,0,0,0,0,-8000,0,0,0,1000,9000,-8000,-8000
06136P,華新科國泰99售02,0,0,0,0,0,0,0,0,0,-8000,0,0,0,0,8000,-8000,-8000
063042,同欣電凱基9C購01,0,0,0,0,0,0,0,0,0,-8000,0,0,0,30000,38000,-8000,-8000
060761,南亞科元大9A購05,0,0,0,0,0,0,0,0,0,-8000,0,0,0,10000,18000,-8000,-8000
061606,景碩凱基9A購02  ,0,0,0,0,0,0,0,0,0,-8000,0,0,0,55000,63000,-8000,-8000
062806,世芯統一02購01  ,0,0,0,0,0,0,0,0,0,-8000,0,0,0,6000,14000,-8000,-8000
063300,華通凱基9B購05  ,0,0,0,0,0,0,0,0,0,-8000,0,0,0,12000,20000,-8000,-8000
061039,台表科永豐9A購03,0,0,0,0,0,0,0,0,0,-8000,0,0,0,2000,10000,-8000,-8000
061541,旺宏群益9A購03  ,0,0,0,0,0,0,0,0,0,-8000,0,0,0,2000,10000,-8000,-8000
061737,南亞科凱基9B購01,0,0,0,0,0,0,0,0,0,-8000,0,0,0,42000,50000,-8000,-8000
061762,台塑元大9B購01  ,0,0,0,0,0,0,0,0,0,-8000,0,0,0,12000,20000,-8000,-8000
059494,國巨國票9C購01  ,0,0,0,0,0,0,0,0,0,-8000,0,0,0,5000,13000,-8000,-8000
059572,華新科凱基99購08,0,0,0,0,0,0,0,0,0,-8000,0,0,0,14000,22000,-8000,-8000
059622,上銀凱基99購10  ,0,0,0,0,0,0,0,0,0,-8000,0,0,0,12000,20000,-8000,-8000
059943,信邦永豐99購01  ,0,0,0,0,0,0,0,0,0,-8000,0,0,0,38000,46000,-8000,-8000
059990,健策元大9A購01  ,0,0,0,0,0,0,0,0,0,-8000,0,0,0,2000,10000,-8000,-8000
064683,台表科兆豐9C購02,0,0,0,0,0,0,0,0,0,-8000,0,0,0,34000,42000,-8000,-8000
064774,聚陽群益9C購04  ,0,0,0,0,0,0,0,0,0,-8000,0,0,0,46000,54000,-8000,-8000
064506,康控元大9C購02  ,0,0,0,0,0,0,0,0,0,-8000,0,0,0,14000,22000,-8000,-8000
064452,微星統一01購02  ,0,0,0,0,0,0,0,0,0,-8000,0,0,0,2000,10000,-8000,-8000
064253,貿聯元富9C購01  ,0,0,0,0,0,0,0,0,0,-8000,0,0,0,10000,18000,-8000,-8000
065330,億豐凱基9C購03  ,0,0,0,0,0,0,0,0,0,-8000,0,0,0,40000,48000,-8000,-8000
064992,玉晶光兆豐01購01,0,0,0,0,0,0,0,0,0,-8000,0,0,0,2000,10000,-8000,-8000
2362,藍天            ,66000,57000,9000,0,0,0,0,0,0,-17000,0,10000,-10000,0,7000,-7000,-8000
08864P,欣興元大01售01  ,0,0,0,0,0,0,0,0,0,-8000,0,0,0,29000,37000,-8000,-8000
08993P,彩晶元大01售02  ,0,0,0,0,0,0,0,0,0,-8000,0,0,0,0,8000,-8000,-8000
08371P,京元電凱基9C售01,0,0,0,0,0,0,0,0,0,-8000,0,0,0,2000,10000,-8000,-8000
08432P,台勝科凱基9C售02,0,0,0,0,0,0,0,0,0,-8000,0,0,0,2000,10000,-8000,-8000
6136,富爾特          ,1000,9000,-8000,0,0,0,0,0,0,0,0,0,0,0,0,0,-8000
066398,京鼎凱基01購02  ,0,0,0,0,0,0,0,0,0,-9000,0,0,0,86000,95000,-9000,-9000
07054P,華新科兆豐99售04,0,0,0,0,0,0,0,0,0,-9000,0,0,0,11000,20000,-9000,-9000
08159P,日月光元富9B售01,0,0,0,0,0,0,0,0,0,-9000,0,0,0,130000,139000,-9000,-9000
067751,臺股指元大01購15,0,0,0,0,0,0,0,0,0,-9000,0,0,0,0,9000,-9000,-9000
06877P,台積電兆豐98售04,0,0,0,0,0,0,0,0,0,-9000,0,0,0,0,9000,-9000,-9000
067445,台積電國票01購06,0,0,0,0,0,0,0,0,0,-9000,0,0,0,0,9000,-9000,-9000
067554,聚陽國票02購02  ,0,0,0,0,0,0,0,0,0,-9000,0,0,0,36000,45000,-9000,-9000
067493,健策元大01購12  ,0,0,0,0,0,0,0,0,0,-9000,0,0,0,191000,200000,-9000,-9000
053730,樺漢凱基98購01  ,0,0,0,0,0,0,0,0,0,-9000,0,0,0,10000,19000,-9000,-9000
00663L,國泰臺灣加權正2 ,1000,1000,0,0,0,0,0,0,0,-9000,0,0,0,6000,15000,-9000,-9000
056377,智伸科統一9A購01,0,0,0,0,0,0,0,0,0,-9000,0,0,0,0,9000,-9000,-9000
059274,國巨元大99購22  ,0,0,0,0,0,0,0,0,0,-9000,0,0,0,1000,10000,-9000,-9000
058673,華新科群益9A購02,0,0,0,0,0,0,0,0,0,-9000,0,0,0,41000,50000,-9000,-9000
058343,台積電群益99購02,0,0,0,0,0,0,0,0,0,-9000,0,0,0,9000,18000,-9000,-9000
058286,道瓊指國票9B購01,0,0,0,0,0,0,0,0,0,-9000,0,0,0,1000,10000,-9000,-9000
058389,聯茂國票9A購01  ,0,0,0,0,0,0,0,0,0,-9000,0,0,0,0,9000,-9000,-9000
060072,國巨元富99購04  ,0,0,0,0,0,0,0,0,0,-9000,0,0,0,20000,29000,-9000,-9000
059755,宏達電國泰9A購01,0,0,0,0,0,0,0,0,0,-9000,0,0,0,44000,53000,-9000,-9000
059855,緯穎永豐99購04  ,0,0,0,0,0,0,0,0,0,-9000,0,0,0,30000,39000,-9000,-9000
062699,台積電元大01購02,0,0,0,0,0,0,0,0,0,-9000,0,0,0,1000,10000,-9000,-9000
061023,茂林國泰9B購02  ,0,0,0,0,0,0,0,0,0,-9000,0,0,0,1000,10000,-9000,-9000
063371,南亞科永豐9B購01,0,0,0,0,0,0,0,0,0,-9000,0,0,0,0,9000,-9000,-9000
063459,華通元大9B購08  ,0,0,0,0,0,0,0,0,0,-9000,0,0,0,3000,12000,-9000,-9000
062849,中興電永豐9B購02,0,0,0,0,0,0,0,0,0,-9000,0,0,0,71000,80000,-9000,-9000
062910,亞光元大9B購01  ,0,0,0,0,0,0,0,0,0,-9000,0,0,0,175000,184000,-9000,-9000
062146,大毅國票9B購01  ,0,0,0,0,0,0,0,0,0,-9000,0,0,0,5000,14000,-9000,-9000
062156,美律凱基9B購01  ,0,0,0,0,0,0,0,0,0,-9000,0,0,0,7000,16000,-9000,-9000
062632,嘉晶國票9B購01  ,0,0,0,0,0,0,0,0,0,-9000,0,0,0,86000,95000,-9000,-9000
062623,元金2X國票01購01,0,0,0,0,0,0,0,0,0,-9000,0,0,0,1000,10000,-9000,-9000
061663,南六永豐9A購05  ,0,0,0,0,0,0,0,0,0,-9000,0,0,0,55000,64000,-9000,-9000
061499,嘉晶國票9A購03  ,0,0,0,0,0,0,0,0,0,-9000,0,0,0,51000,60000,-9000,-9000
061953,台積電台新9B購04,0,0,0,0,0,0,0,0,0,-9000,0,0,0,1000,10000,-9000,-9000
060449,元金2X元大9A購02,0,0,0,0,0,0,0,0,0,-9000,0,0,0,5000,14000,-9000,-9000
065086,可成元大01購04  ,0,0,0,0,0,0,0,0,0,-9000,0,0,0,31000,40000,-9000,-9000
065849,景碩元大9C購03  ,0,0,0,0,0,0,0,0,0,-9000,0,0,0,208000,217000,-9000,-9000
065984,緯創富邦03購01  ,0,0,0,0,0,0,0,0,0,-9000,0,0,0,35000,44000,-9000,-9000
065632,正崴國票01購01  ,0,0,0,0,0,0,0,0,0,-9000,0,0,0,0,9000,-9000,-9000
065528,FBVIX中信04購01 ,0,0,0,0,0,0,0,0,0,-9000,0,0,0,1000,10000,-9000,-9000
064603,和碩元富9C購01  ,0,0,0,0,0,0,0,0,0,-9000,0,0,0,98000,107000,-9000,-9000
064685,裕隆群益9C購01  ,0,0,0,0,0,0,0,0,0,-9000,0,0,0,129000,138000,-9000,-9000
063946,聯發科元大9C購04,0,0,0,0,0,0,0,0,0,-9000,0,0,0,1000,10000,-9000,-9000
9946,三發地產        ,0,9000,-9000,0,0,0,0,0,0,0,0,0,0,0,0,0,-9000
08797P,健策凱基02售03  ,0,0,0,0,0,0,0,0,0,-9000,0,0,0,15000,24000,-9000,-9000
3094,聯傑            ,25000,34000,-9000,0,0,0,0,0,0,0,0,0,0,0,0,0,-9000
067570,台積電麥證01購11,0,0,0,0,10000,-10000,0,0,0,-10000,0,0,0,0,10000,-10000,-10000
06919P,臺股指日盛98售02,0,0,0,0,0,0,0,0,0,-10000,0,0,0,30000,40000,-10000,-10000
067877,T50反1群益01購07,0,0,0,0,0,0,0,0,0,-10000,0,0,0,0,10000,-10000,-10000
067910,玉晶光國泰03購03,0,0,0,0,0,0,0,0,0,-10000,0,0,0,0,10000,-10000,-10000
067912,上証2X永豐01購03,0,0,0,0,0,0,0,0,0,-10000,0,0,0,0,10000,-10000,-10000
067859,滬深2X元大01購12,0,0,0,0,0,0,0,0,0,-10000,0,0,0,0,10000,-10000,-10000
067788,致伸群益03購02  ,0,0,0,0,0,0,0,0,0,-10000,0,0,0,0,10000,-10000,-10000
067832,鴻海統一02購04  ,0,0,0,0,0,0,0,0,0,-10000,0,0,0,0,10000,-10000,-10000
08183P,聯發科永豐9B售04,0,0,0,0,0,0,0,0,0,-10000,0,0,0,0,10000,-10000,-10000
08195P,臺指反元大03售01,0,0,0,0,0,0,0,0,0,-10000,0,0,0,0,10000,-10000,-10000
08088P,義隆凱基9B售03  ,0,0,0,0,0,0,0,0,0,-10000,0,0,0,0,10000,-10000,-10000
08081P,台灣50元大9B售20,0,0,0,0,0,0,0,0,0,-10000,0,0,0,0,10000,-10000,-10000
08101P,超眾群益9B售02  ,0,0,0,0,0,0,0,0,0,-10000,0,0,0,0,10000,-10000,-10000
08243P,祥碩凱基9C售02  ,0,0,0,0,0,0,0,0,0,-10000,0,0,0,119000,129000,-10000,-10000
08253P,鴻海元大9C售06  ,0,0,0,0,0,0,0,0,0,-10000,0,0,0,0,10000,-10000,-10000
08264P,南電元大9C售02  ,0,0,0,0,0,0,0,0,0,-10000,0,0,0,0,10000,-10000,-10000
08016P,臺股指凱基02售02,0,0,0,0,0,0,0,0,0,-10000,0,0,0,0,10000,-10000,-10000
08014P,微星凱基9B售02  ,0,0,0,0,0,0,0,0,0,-10000,0,0,0,0,10000,-10000,-10000
07899P,和大凱基9B售01  ,0,0,0,0,0,0,0,0,0,-10000,0,0,0,0,10000,-10000,-10000
07863P,華新科凱基9B售07,0,0,0,0,0,0,0,0,0,-10000,0,0,0,10000,20000,-10000,-10000
07932P,國巨元大9B售04  ,0,0,0,0,0,0,0,0,0,-10000,0,0,0,0,10000,-10000,-10000
07053P,台灣50兆豐01售01,0,0,0,0,0,0,0,0,0,-10000,0,0,0,0,10000,-10000,-10000
07065P,臺股指元大9A售26,0,0,0,0,0,0,0,0,0,-10000,0,0,0,0,10000,-10000,-10000
07294P,滬深2X元富9C售08,0,0,0,0,0,0,0,0,0,-10000,0,0,0,0,10000,-10000,-10000
07271P,台灣50元大9C售04,0,0,0,0,0,0,0,0,0,-10000,0,0,0,0,10000,-10000,-10000
07822P,滬深2X元大9A售09,0,0,0,0,0,0,0,0,0,-10000,0,0,0,0,10000,-10000,-10000
07758P,台積電國票9A售06,0,0,0,0,0,0,0,0,0,-10000,0,0,0,0,10000,-10000,-10000
07651P,道瓊指中信01售01,0,0,0,0,0,0,0,0,0,-10000,0,0,0,0,10000,-10000,-10000
07734P,台積電富邦9C售10,0,0,0,0,0,0,0,0,0,-10000,0,0,0,0,10000,-10000,-10000
07634P,金像電元大9A售01,0,0,0,0,0,0,0,0,0,-10000,0,0,0,0,10000,-10000,-10000
07435P,台積電富邦9C售07,0,0,0,0,0,0,0,0,0,-10000,0,0,0,0,10000,-10000,-10000
066605,盟立永豐01購02  ,0,0,0,0,0,0,0,0,0,-10000,0,0,0,100000,110000,-10000,-10000
066230,南帝富邦02購01  ,0,0,0,0,0,0,0,0,0,-10000,0,0,0,0,10000,-10000,-10000
067038,滬深2X凱基04購02,0,0,0,0,0,0,0,0,0,-10000,0,0,0,0,10000,-10000,-10000
067033,新日興康和01購01,0,0,0,0,0,0,0,0,0,-10000,0,0,0,0,10000,-10000,-10000
066996,拓凱國泰03購02  ,0,0,0,0,0,0,0,0,0,-10000,0,0,0,80000,90000,-10000,-10000
067126,康控富邦03購02  ,0,0,0,0,0,0,0,0,0,-10000,0,0,0,0,10000,-10000,-10000
067123,京鼎富邦05購01  ,0,0,0,0,0,0,0,0,0,-10000,0,0,0,0,10000,-10000,-10000
067112,泰碩群益01購02  ,0,0,0,0,0,0,0,0,0,-10000,0,0,0,0,10000,-10000,-10000
066673,緯穎凱基02購01  ,0,0,0,0,0,0,0,0,0,-10000,0,0,0,10000,20000,-10000,-10000
066726,鴻海元大01購11  ,0,0,0,0,0,0,0,0,0,-10000,0,0,0,2000,12000,-10000,-10000
066909,義隆凱基01購04  ,0,0,0,0,0,0,0,0,0,-10000,0,0,0,80000,90000,-10000,-10000
058378,南電凱基99購01  ,0,0,0,0,0,0,0,0,0,-10000,0,0,0,0,10000,-10000,-10000
058376,貿聯凱基9A購01  ,0,0,0,0,0,0,0,0,0,-10000,0,0,0,10000,20000,-10000,-10000
058294,華新科凱基9A購01,0,0,0,0,0,0,0,0,0,-10000,0,0,0,0,10000,-10000,-10000
057971,華新科富邦9B購02,0,0,0,0,0,0,0,0,0,-10000,0,0,0,0,10000,-10000,-10000
058612,健策元大99購02  ,0,0,0,0,0,0,0,0,0,-10000,0,0,0,1000,11000,-10000,-10000
057772,台積電群益99購01,0,0,0,0,0,0,0,0,0,-10000,0,0,0,0,10000,-10000,-10000
058576,南亞科群益99購01,0,0,0,0,0,0,0,0,0,-10000,0,0,0,0,10000,-10000,-10000
057819,新日興元大99購01,0,0,0,0,0,0,0,0,0,-10000,0,0,0,0,10000,-10000,-10000
062542,南電國泰9C購01  ,0,0,0,0,0,0,0,0,0,-10000,0,0,0,0,10000,-10000,-10000
063062,群創元富9B購01  ,0,0,0,0,0,0,0,0,0,-10000,0,0,0,0,10000,-10000,-10000
062248,國巨元大9B購08  ,0,0,0,0,0,0,0,0,0,-10000,0,0,0,72000,82000,-10000,-10000
062356,國巨元大9B購10  ,0,0,0,0,0,0,0,0,0,-10000,0,0,0,68000,78000,-10000,-10000
058654,鴻海中信03購01  ,0,0,0,0,0,0,0,0,0,-10000,0,0,0,0,10000,-10000,-10000
059375,道瓊反群益9C購02,0,0,0,0,0,0,0,0,0,-10000,0,0,0,10000,20000,-10000,-10000
057226,上銀凱基98購06  ,0,0,0,0,0,0,0,0,0,-10000,0,0,0,0,10000,-10000,-10000
059290,全新元富99購01  ,0,0,0,0,0,0,0,0,0,-10000,0,0,0,0,10000,-10000,-10000
058463,宏達電兆豐99購02,0,0,0,0,0,0,0,0,0,-10000,0,0,0,0,10000,-10000,-10000
058481,玉晶光凱基9A購04,0,0,0,0,0,0,0,0,0,-10000,0,0,0,1000,11000,-10000,-10000
057547,技嘉凱基99購01  ,0,0,0,0,0,0,0,0,0,-10000,0,0,0,2000,12000,-10000,-10000
059086,國巨元大99購18  ,0,0,0,0,0,0,0,0,0,-10000,0,0,0,10000,20000,-10000,-10000
059047,元油2X凱基9A購10,0,0,0,0,0,0,0,0,0,-10000,0,0,0,0,10000,-10000,-10000
057381,微星國泰9A購01  ,0,0,0,0,0,0,0,0,0,-10000,0,0,0,0,10000,-10000,-10000
057364,國巨元大98購18  ,0,0,0,0,0,0,0,0,0,-10000,0,0,0,1000,11000,-10000,-10000
057329,緯穎群益98購02  ,0,0,0,0,0,0,0,0,0,-10000,0,0,0,0,10000,-10000,-10000
057323,智邦群益98購01  ,0,0,0,0,0,0,0,0,0,-10000,0,0,0,0,10000,-10000,-10000
057477,智邦元大98購09  ,0,0,0,0,0,0,0,0,0,-10000,0,0,0,20000,30000,-10000,-10000
058263,大成鋼永豐99購01,0,0,0,0,0,0,0,0,0,-10000,0,0,0,0,10000,-10000,-10000
058203,信邦凱基99購01  ,0,0,0,0,0,0,0,0,0,-10000,0,0,0,0,10000,-10000,-10000
058196,台塑中信99購01  ,0,0,0,0,0,0,0,0,0,-10000,0,0,0,0,10000,-10000,-10000
058074,欣興凱基99購01  ,0,0,0,0,0,0,0,0,0,-10000,0,0,0,0,10000,-10000,-10000
058044,鴻海元大99購07  ,0,0,0,0,0,0,0,0,0,-10000,0,0,0,0,10000,-10000,-10000
057699,可成群益9A購02  ,0,0,0,0,0,0,0,0,0,-10000,0,0,0,98000,108000,-10000,-10000
059203,勤誠永豐99購02  ,0,0,0,0,0,0,0,0,0,-10000,0,0,0,0,10000,-10000,-10000
059174,訊芯凱基99購01  ,0,0,0,0,0,0,0,0,0,-10000,0,0,0,0,10000,-10000,-10000
059159,上銀凱基99購05  ,0,0,0,0,0,0,0,0,0,-10000,0,0,0,0,10000,-10000,-10000
055786,彩晶凱基99購02  ,0,0,0,0,0,0,0,0,0,-10000,0,0,0,0,10000,-10000,-10000
056453,禾伸堂凱基99購02,0,0,0,0,0,0,0,0,0,-10000,0,0,0,0,10000,-10000,-10000
056432,鴻海凱基98購08  ,0,0,0,0,0,0,0,0,0,-10000,0,0,0,0,10000,-10000,-10000
056468,鴻海元大98購07  ,0,0,0,0,0,0,0,0,0,-10000,0,0,0,0,10000,-10000,-10000
055414,奇力新富邦9B購01,0,0,0,0,0,0,0,0,0,-10000,0,0,0,0,10000,-10000,-10000
056497,GIS國泰99購01   ,0,0,0,0,0,0,0,0,0,-10000,0,0,0,132000,142000,-10000,-10000
055615,宏達電國票99購02,0,0,0,0,0,0,0,0,0,-10000,0,0,0,0,10000,-10000,-10000
055406,大毅國泰99購01  ,0,0,0,0,0,0,0,0,0,-10000,0,0,0,0,10000,-10000,-10000
058833,台表科永豐99購01,0,0,0,0,0,0,0,0,0,-10000,0,0,0,0,10000,-10000,-10000
058864,欣興凱基99購04  ,0,0,0,0,0,0,0,0,0,-10000,0,0,0,5000,15000,-10000,-10000
059032,元石油群益9C購03,0,0,0,0,0,0,0,0,0,-10000,0,0,0,0,10000,-10000,-10000
058972,新日興永豐9A購01,0,0,0,0,0,0,0,0,0,-10000,0,0,0,0,10000,-10000,-10000
058906,晶相光元大99購01,0,0,0,0,0,0,0,0,0,-10000,0,0,0,0,10000,-10000,-10000
056325,群創兆豐9A購01  ,0,0,0,0,0,0,0,0,0,-10000,0,0,0,0,10000,-10000,-10000
056217,A50正2中信99購02,0,0,0,0,0,0,0,0,0,-10000,0,0,0,0,10000,-10000,-10000
056219,T50反1日盛02購01,0,0,0,0,0,0,0,0,0,-10000,0,0,0,0,10000,-10000,-10000
055242,道瓊銀統一98購01,0,0,0,0,0,0,0,0,0,-10000,0,0,0,240000,250000,-10000,-10000
055339,緯穎兆豐98購01  ,0,0,0,0,0,0,0,0,0,-10000,0,0,0,0,10000,-10000,-10000
055948,道瓊銀元大98購02,0,0,0,0,0,0,0,0,0,-10000,0,0,0,10000,20000,-10000,-10000
054565,玉晶光群益99購02,0,0,0,0,0,0,0,0,0,-10000,0,0,0,2000,12000,-10000,-10000
056892,旺宏元大9A購02  ,0,0,0,0,0,0,0,0,0,-10000,0,0,0,0,10000,-10000,-10000
055108,智邦凱基98購01  ,0,0,0,0,0,0,0,0,0,-10000,0,0,0,0,10000,-10000,-10000
054871,明泰群益98購01  ,0,0,0,0,0,0,0,0,0,-10000,0,0,0,0,10000,-10000,-10000
054780,中石化群益99購01,0,0,0,0,0,0,0,0,0,-10000,0,0,0,0,10000,-10000,-10000
00678,群益NBI生技     ,0,0,0,0,0,0,0,0,0,-10000,0,0,0,300000,310000,-10000,-10000
00673R,元大S&P原油反1  ,12000,3000,9000,0,0,0,0,0,0,-19000,0,0,0,89000,108000,-19000,-10000
00742,新光內需收益    ,0,0,0,0,0,0,0,0,0,-10000,250000,250000,0,356000,366000,-10000,-10000
053813,友達群益9A購03  ,0,0,0,0,0,0,0,0,0,-10000,0,0,0,0,10000,-10000,-10000
053901,T50反1凱基99購03,0,0,0,0,0,0,0,0,0,-10000,0,0,0,10000,20000,-10000,-10000
053593,晶技元大98購01  ,0,0,0,0,0,0,0,0,0,-10000,0,0,0,0,10000,-10000,-10000
053601,台表科元大98購01,0,0,0,0,0,0,0,0,0,-10000,0,0,0,0,10000,-10000,-10000
052987,華新科元大99購01,0,0,0,0,0,0,0,0,0,-10000,0,0,0,0,10000,-10000,-10000
053220,瀚宇博凱基98購01,0,0,0,0,0,0,0,0,0,-10000,0,0,0,0,10000,-10000,-10000
056676,國產元富98購01  ,0,0,0,0,0,0,0,0,0,-10000,0,0,0,30000,40000,-10000,-10000
056703,群創國泰9A購01  ,0,0,0,0,0,0,0,0,0,-10000,0,0,0,0,10000,-10000,-10000
056747,致新凱基99購01  ,0,0,0,0,0,0,0,0,0,-10000,0,0,0,10000,20000,-10000,-10000
057078,國巨統一9A購02  ,0,0,0,0,0,0,0,0,0,-10000,0,0,0,100000,110000,-10000,-10000
03455B,臺股指凱基03熊06,0,0,0,0,0,0,0,0,0,-10000,0,0,0,14000,24000,-10000,-10000
03686P,大立光統一98售02,0,0,0,0,0,0,0,0,0,-10000,0,0,0,0,10000,-10000,-10000
03692C,T50反1元大05牛01,0,0,0,0,0,0,0,0,0,-10000,0,0,0,0,10000,-10000,-10000
03421B,臺股指元大99熊01,0,0,0,0,0,0,0,0,0,-10000,0,0,0,75000,85000,-10000,-10000
048414,滬深2X統一98購01,0,0,0,0,0,0,0,0,0,-10000,0,0,0,10000,20000,-10000,-10000
056516,晶豪科兆豐98購01,0,0,0,0,0,0,0,0,0,-10000,0,0,0,0,10000,-10000,-10000
052328,台表科中信99購01,0,0,0,0,0,0,0,0,0,-10000,0,0,0,10000,20000,-10000,-10000
060162,碩天永豐9A購01  ,0,0,0,0,0,0,0,0,0,-10000,0,0,0,55000,65000,-10000,-10000
060389,世紀鋼凱基9B購02,0,0,0,0,0,0,0,0,0,-10000,0,0,0,0,10000,-10000,-10000
061267,玉山金凱基9B購01,0,0,0,0,0,0,0,0,0,-10000,0,0,0,6000,16000,-10000,-10000
061324,華新科凱基9C購01,0,0,0,0,0,0,0,0,0,-10000,0,0,0,0,10000,-10000,-10000
061179,華擎凱基9A購01  ,0,0,0,0,0,0,0,0,0,-10000,0,0,0,0,10000,-10000,-10000
061191,可成永豐9A購02  ,0,0,0,0,0,0,0,0,0,-10000,0,0,0,0,10000,-10000,-10000
061243,麗豐兆豐9A購01  ,0,0,0,0,0,0,0,0,0,-10000,0,0,0,9000,19000,-10000,-10000
060757,台積電元大9A購18,0,0,0,0,0,0,0,0,0,-10000,0,0,0,0,10000,-10000,-10000
060772,FBVIX凱基9A購03 ,0,0,0,0,0,0,0,0,0,-10000,0,0,0,0,10000,-10000,-10000
060774,南亞科凱基9A購01,0,0,0,0,0,0,0,0,0,-10000,0,0,0,0,10000,-10000,-10000
060752,上銀元大9A購04  ,0,0,0,0,0,0,0,0,0,-10000,0,0,0,0,10000,-10000,-10000
060717,康控永豐9A購01  ,0,0,0,0,0,0,0,0,0,-10000,0,0,0,0,10000,-10000,-10000
060616,宏碁元大9A購02  ,0,0,0,0,0,0,0,0,0,-10000,0,0,0,0,10000,-10000,-10000
060617,華新科元大9A購08,0,0,0,0,0,0,0,0,0,-10000,0,0,0,243000,253000,-10000,-10000
060590,台積電台新9C購02,0,0,0,0,0,0,0,0,0,-10000,0,0,0,0,10000,-10000,-10000
060644,泰鼎永豐9A購02  ,0,0,0,0,0,0,0,0,0,-10000,0,0,0,0,10000,-10000,-10000
060679,聯詠元大9A購04  ,0,0,0,0,0,0,0,0,0,-10000,0,0,0,9000,19000,-10000,-10000
062998,泰碩國票01購01  ,0,0,0,0,0,0,0,0,0,-10000,0,0,0,0,10000,-10000,-10000
062935,華通凱基9C購02  ,0,0,0,0,0,0,0,0,0,-10000,0,0,0,0,10000,-10000,-10000
062953,大立光永豐9B購01,0,0,0,0,0,0,0,0,0,-10000,0,0,0,0,10000,-10000,-10000
061151,友訊群益9A購01  ,0,0,0,0,0,0,0,0,0,-10000,0,0,0,0,10000,-10000,-10000
061965,台積電統一02購02,0,0,0,0,0,0,0,0,0,-10000,0,0,0,0,10000,-10000,-10000
061935,台積電國票9B購07,0,0,0,0,0,0,0,0,0,-10000,0,0,0,122000,132000,-10000,-10000
061925,禾伸堂凱基9C購01,0,0,0,0,0,0,0,0,0,-10000,0,0,0,5000,15000,-10000,-10000
060887,台積電統一01購01,0,0,0,0,0,0,0,0,0,-10000,0,0,0,0,10000,-10000,-10000
061974,光寶科元大9B購01,0,0,0,0,0,0,0,0,0,-10000,0,0,0,15000,25000,-10000,-10000
061975,華通元大9B購01  ,0,0,0,0,0,0,0,0,0,-10000,0,0,0,1000,11000,-10000,-10000
061619,大立光群益9B購01,0,0,0,0,0,0,0,0,0,-10000,0,0,0,5000,15000,-10000,-10000
061456,玉晶光凱基9B購05,0,0,0,0,0,0,0,0,0,-10000,0,0,0,1000,11000,-10000,-10000
061481,嘉澤元大9A購03  ,0,0,0,0,0,0,0,0,0,-10000,0,0,0,0,10000,-10000,-10000
061662,瑞儀永豐9A購02  ,0,0,0,0,0,0,0,0,0,-10000,0,0,0,30000,40000,-10000,-10000
061669,崇越中信9A購01  ,0,0,0,0,0,0,0,0,0,-10000,0,0,0,35000,45000,-10000,-10000
062209,台積電台新9B購05,0,0,0,0,0,0,0,0,0,-10000,0,0,0,0,10000,-10000,-10000
062136,南亞科群益9B購01,0,0,0,0,0,0,0,0,0,-10000,0,0,0,0,10000,-10000,-10000
062903,燿華元大9B購04  ,0,0,0,0,0,0,0,0,0,-10000,0,0,0,0,10000,-10000,-10000
062783,大立光元大9C購03,0,0,0,0,0,0,0,0,0,-10000,0,0,0,0,10000,-10000,-10000
062673,台新金中信03購01,0,0,0,0,0,0,0,0,0,-10000,0,0,0,10000,20000,-10000,-10000
062675,台積電台新9B購06,0,0,0,0,0,0,0,0,0,-10000,0,0,0,0,10000,-10000,-10000
063454,瑞儀統一9B購01  ,0,0,0,0,0,0,0,0,0,-10000,0,0,0,5000,15000,-10000,-10000
060550,可成凱基9A購02  ,0,0,0,0,0,0,0,0,0,-10000,0,0,0,0,10000,-10000,-10000
060520,臺指2X中信01購02,0,0,0,0,0,0,0,0,0,-10000,0,0,0,0,10000,-10000,-10000
060521,鴻海中信01購03  ,0,0,0,0,0,0,0,0,0,-10000,0,0,0,10000,20000,-10000,-10000
060542,上銀凱基9A購04  ,0,0,0,0,0,0,0,0,0,-10000,0,0,0,0,10000,-10000,-10000
063192,技嘉台新9B購01  ,0,0,0,0,0,0,0,0,0,-10000,0,0,0,0,10000,-10000,-10000
063141,聯發科統一9C購10,0,0,0,0,0,0,0,0,0,-10000,0,0,0,0,10000,-10000,-10000
061842,牧德凱基9C購01  ,0,0,0,0,0,0,0,0,0,-10000,0,0,0,0,10000,-10000,-10000
061869,智邦元大9B購01  ,0,0,0,0,0,0,0,0,0,-10000,0,0,0,65000,75000,-10000,-10000
060460,鴻海元大9A購08  ,0,0,0,0,0,0,0,0,0,-10000,0,0,0,0,10000,-10000,-10000
060501,鴻海元大9A購13  ,0,0,0,0,0,0,0,0,0,-10000,0,0,0,0,10000,-10000,-10000
063429,南電凱基01購01  ,0,0,0,0,0,0,0,0,0,-10000,0,0,0,1000,11000,-10000,-10000
063099,臺指反群益9B購05,0,0,0,0,0,0,0,0,0,-10000,0,0,0,0,10000,-10000,-10000
063115,台積電麥證9B購02,0,0,0,30000,40000,-10000,0,0,0,-10000,0,0,0,30000,40000,-10000,-10000
063502,南電永豐9B購02  ,0,0,0,0,0,0,0,0,0,-10000,0,0,0,20000,30000,-10000,-10000
063505,奇力新群益9B購03,0,0,0,0,0,0,0,0,0,-10000,0,0,0,0,10000,-10000,-10000
063315,京元電群益9B購03,0,0,0,0,0,0,0,0,0,-10000,0,0,0,12000,22000,-10000,-10000
063316,聯發科群益9C購03,0,0,0,0,0,0,0,0,0,-10000,0,0,0,0,10000,-10000,-10000
063246,嘉晶元大9C購01  ,0,0,0,0,0,0,0,0,0,-10000,0,0,0,107000,117000,-10000,-10000
063211,道瓊銀國票9B購01,0,0,0,0,0,0,0,0,0,-10000,0,0,0,6000,16000,-10000,-10000
063214,康控國票9C購01  ,0,0,0,0,0,0,0,0,0,-10000,0,0,0,5000,15000,-10000,-10000
063222,群創群益9B購03  ,0,0,0,0,0,0,0,0,0,-10000,0,0,0,0,10000,-10000,-10000
063223,牧德群益9B購04  ,0,0,0,0,0,0,0,0,0,-10000,0,0,0,0,10000,-10000,-10000
063253,巨大元大9B購03  ,0,0,0,0,0,0,0,0,0,-10000,0,0,0,0,10000,-10000,-10000
061025,創意富邦9B購01  ,0,0,0,0,0,0,0,0,0,-10000,0,0,0,0,10000,-10000,-10000
061026,南電富邦9B購01  ,0,0,0,0,0,0,0,0,0,-10000,0,0,0,0,10000,-10000,-10000
061419,國巨元大9A購21  ,0,0,0,0,0,0,0,0,0,-10000,0,0,0,0,10000,-10000,-10000
061522,元黃金凱基01購01,0,0,0,0,0,0,0,0,0,-10000,0,0,0,0,10000,-10000,-10000
061559,南亞科國票9A購02,0,0,0,0,0,0,0,0,0,-10000,0,0,0,0,10000,-10000,-10000
062681,全新統一01購01  ,0,0,0,0,0,0,0,0,0,-10000,0,0,0,0,10000,-10000,-10000
062693,中石化元大02購01,0,0,0,0,0,0,0,0,0,-10000,0,0,0,0,10000,-10000,-10000
062698,台積電元大01購01,0,0,0,0,0,0,0,0,0,-10000,0,0,0,0,10000,-10000,-10000
061807,元金2X統一9B購01,0,0,0,0,0,0,0,0,0,-10000,0,0,0,0,10000,-10000,-10000
061709,SP黃豆凱基01購02,0,0,0,0,0,0,0,0,0,-10000,0,0,0,0,10000,-10000,-10000
059817,華通凱基99購05  ,0,0,0,0,0,0,0,0,0,-10000,0,0,0,10000,20000,-10000,-10000
059780,滬深2X元大9C購06,0,0,0,0,0,0,0,0,0,-10000,0,0,0,0,10000,-10000,-10000
059880,世紀鋼凱基99購02,0,0,0,0,0,0,0,0,0,-10000,0,0,0,10000,20000,-10000,-10000
059700,鴻海凱基9A購16  ,0,0,0,0,0,0,0,0,0,-10000,0,0,0,0,10000,-10000,-10000
060084,聯電元大99購02  ,0,0,0,0,0,0,0,0,0,-10000,0,0,0,0,10000,-10000,-10000
060048,元金2X凱基99購03,0,0,0,0,0,0,0,0,0,-10000,0,0,0,0,10000,-10000,-10000
060036,上証2X國票99購03,0,0,0,0,0,0,0,0,0,-10000,0,0,0,0,10000,-10000,-10000
059613,泰鼎永豐99購02  ,0,0,0,0,0,0,0,0,0,-10000,0,0,0,0,10000,-10000,-10000
059634,可成凱基99購07  ,0,0,0,0,0,0,0,0,0,-10000,0,0,0,3000,13000,-10000,-10000
059537,大立光凱基99購09,0,0,0,0,0,0,0,0,0,-10000,0,0,0,0,10000,-10000,-10000
064003,台積電凱基01購03,0,0,0,0,0,0,0,0,0,-10000,0,0,0,0,10000,-10000,-10000
063909,旺宏凱基02購01  ,0,0,0,0,0,0,0,0,0,-10000,0,0,0,0,10000,-10000,-10000
06407P,創意元富97售02  ,0,0,0,0,0,0,0,0,0,-10000,0,0,0,0,10000,-10000,-10000
064027,義隆元大9C購01  ,0,0,0,0,0,0,0,0,0,-10000,0,0,0,10000,20000,-10000,-10000
064012,泰碩國票01購02  ,0,0,0,0,0,0,0,0,0,-10000,0,0,0,70000,80000,-10000,-10000
063734,可成元大9B購04  ,0,0,0,0,0,0,0,0,0,-10000,0,0,0,0,10000,-10000,-10000
063628,華通元大9B購09  ,0,0,0,0,0,0,0,0,0,-10000,0,0,0,11000,21000,-10000,-10000
063567,漢唐元大9B購03  ,0,0,0,0,0,0,0,0,0,-10000,0,0,0,197000,207000,-10000,-10000
063518,儒鴻凱基9B購02  ,0,0,0,0,0,0,0,0,0,-10000,0,0,0,0,10000,-10000,-10000
064687,國巨群益9C購10  ,0,0,0,0,0,0,0,0,0,-10000,0,0,0,20000,30000,-10000,-10000
06477P,緯穎國票99售02  ,0,0,0,0,0,0,0,0,0,-10000,0,0,0,0,10000,-10000,-10000
064499,可成元大9C購07  ,0,0,0,0,0,0,0,0,0,-10000,0,0,0,0,10000,-10000,-10000
064258,臻鼎國泰01購02  ,0,0,0,0,0,0,0,0,0,-10000,0,0,0,0,10000,-10000,-10000
064215,康控凱基02購01  ,0,0,0,0,0,0,0,0,0,-10000,0,0,0,0,10000,-10000,-10000
064440,大立光凱基03購03,0,0,0,0,0,0,0,0,0,-10000,0,0,0,0,10000,-10000,-10000
064361,旺宏統一01購06  ,0,0,0,0,0,0,0,0,0,-10000,0,0,0,0,10000,-10000,-10000
065567,台積電群益01購03,0,0,0,0,0,0,0,0,0,-10000,0,0,0,22000,32000,-10000,-10000
065694,國巨群益9C購19  ,0,0,0,0,0,0,0,0,0,-10000,0,0,0,1000,11000,-10000,-10000
065930,矽格國票02購01  ,0,0,0,0,0,0,0,0,0,-10000,0,0,0,25000,35000,-10000,-10000
065958,T50反1元大01購01,0,0,0,0,0,0,0,0,0,-10000,0,0,0,200000,210000,-10000,-10000
065800,技嘉群益9C購01  ,0,0,0,0,0,0,0,0,0,-10000,0,0,0,10000,20000,-10000,-10000
065757,新日興元大9C購06,0,0,0,0,0,0,0,0,0,-10000,0,0,0,1000,11000,-10000,-10000
065047,群創凱基9C購01  ,0,0,0,0,0,0,0,0,0,-10000,0,0,0,3000,13000,-10000,-10000
064983,力成元大9C購04  ,0,0,0,0,0,0,0,0,0,-10000,0,0,0,0,10000,-10000,-10000
065043,新光金凱基02購01,0,0,0,0,0,0,0,0,0,-10000,0,0,0,0,10000,-10000,-10000
064964,T50反1元大9C購10,0,0,0,0,0,0,0,0,0,-10000,0,0,0,0,10000,-10000,-10000
065339,旺宏統一01購08  ,0,0,0,0,0,0,0,0,0,-10000,0,0,0,0,10000,-10000,-10000
065248,聯發科麥證9C購03,0,0,0,0,10000,-10000,0,0,0,-10000,0,0,0,0,10000,-10000,-10000
065112,台表科國票02購01,0,0,0,0,0,0,0,0,0,-10000,0,0,0,0,10000,-10000,-10000
065137,中鋼凱基01購01  ,0,0,0,0,0,0,0,0,0,-10000,0,0,0,0,10000,-10000,-10000
065163,香港反元大03購01,0,0,0,0,0,0,0,0,0,-10000,0,0,0,0,10000,-10000,-10000
4536,拓凱            ,185000,125000,60000,0,0,0,0,0,0,-70000,7000,65000,-58000,13000,25000,-12000,-10000
08832P,台表科群益01售01,0,0,0,0,0,0,0,0,0,-10000,0,0,0,13000,23000,-10000,-10000
08796P,晶技凱基01售01  ,0,0,0,0,0,0,0,0,0,-10000,0,0,0,0,10000,-10000,-10000
08727P,健策群益01售07  ,0,0,0,0,0,0,0,0,0,-10000,0,0,0,5000,15000,-10000,-10000
08980P,華通凱基01售03  ,0,0,0,0,0,0,0,0,0,-10000,0,0,0,0,10000,-10000,-10000
08965P,台灣50元大01售30,0,0,0,0,0,0,0,0,0,-10000,0,0,0,0,10000,-10000,-10000
08918P,臺股指凱基01售09,0,0,0,0,0,0,0,0,0,-10000,0,0,0,0,10000,-10000,-10000
08433P,臺股指凱基03售01,0,0,0,0,0,0,0,0,0,-10000,0,0,0,10000,20000,-10000,-10000
08306P,台積電凱基01售04,0,0,0,0,0,0,0,0,0,-10000,0,0,0,0,10000,-10000,-10000
08351P,南六國票01售02  ,0,0,0,0,0,0,0,0,0,-10000,0,0,0,0,10000,-10000,-10000
08348P,貿聯元大9C售01  ,0,0,0,0,0,0,0,0,0,-10000,0,0,0,0,10000,-10000,-10000
08593P,聯發科凱基9C售13,0,0,0,0,0,0,0,0,0,-10000,0,0,0,10000,20000,-10000,-10000
08556P,臺股指中信01售08,0,0,0,0,0,0,0,0,0,-10000,0,0,0,0,10000,-10000,-10000
08650P,臺股指元大9C售36,0,0,0,0,0,0,0,0,0,-10000,0,0,0,100000,110000,-10000,-10000
08671P,友訊國票01售01  ,0,0,0,0,0,0,0,0,0,-10000,0,0,0,0,10000,-10000,-10000
2412,中華電          ,2034408,2216313,-181905,0,0,0,358000,48000,310000,-139000,0,36000,-36000,0,103000,-103000,-10905
066745,瀚宇博元大01購01,0,0,0,0,0,0,0,0,0,-11000,0,0,0,384000,395000,-11000,-11000
066732,可成元大01購06  ,0,0,0,0,0,0,0,0,0,-11000,0,0,0,4000,15000,-11000,-11000
053185,友達中信99購01  ,0,0,0,0,0,0,0,0,0,-11000,0,0,0,74000,85000,-11000,-11000
054744,晶相光凱基99購01,0,0,0,0,0,0,0,0,0,-11000,0,0,0,0,11000,-11000,-11000
059051,和大凱基9A購01  ,0,0,0,0,0,0,0,0,0,-11000,0,0,0,60000,71000,-11000,-11000
062229,南六統一9B購01  ,0,0,0,0,0,0,0,0,0,-11000,0,0,0,179000,190000,-11000,-11000
059987,大立光元大99購28,0,0,0,0,0,0,0,0,0,-11000,0,0,0,0,11000,-11000,-11000
063493,金像電富邦01購01,0,0,0,0,0,0,0,0,0,-11000,0,0,0,11000,22000,-11000,-11000
060339,國巨統一01購01  ,0,0,0,0,0,0,0,0,0,-11000,0,0,0,0,11000,-11000,-11000
059650,緯穎凱基99購04  ,0,0,0,0,0,0,0,0,0,-11000,0,0,0,10000,21000,-11000,-11000
063171,光寶科中信9B購01,0,0,0,0,0,0,0,0,0,-11000,0,0,0,21000,32000,-11000,-11000
062828,聯詠群益9B購02  ,0,0,0,0,0,0,0,0,0,-11000,0,0,0,68000,79000,-11000,-11000
061085,聯茂兆豐9A購01  ,0,0,0,0,0,0,0,0,0,-11000,0,0,0,136000,147000,-11000,-11000
060682,牧德元大9A購03  ,0,0,0,0,0,0,0,0,0,-11000,0,0,0,8000,19000,-11000,-11000
060988,華新科元大9A購12,0,0,0,0,0,0,0,0,0,-11000,0,0,0,165000,176000,-11000,-11000
061336,國巨元大9A購20  ,0,0,0,0,0,0,0,0,0,-11000,0,0,0,90000,101000,-11000,-11000
065166,台達電元大9C購04,0,0,0,0,0,0,0,0,0,-11000,0,0,0,14000,25000,-11000,-11000
065332,漢唐國票01購02  ,0,0,0,0,0,0,0,0,0,-11000,0,0,0,16000,27000,-11000,-11000
065317,上銀凱基9C購03  ,0,0,0,0,0,0,0,0,0,-11000,0,0,0,20000,31000,-11000,-11000
064864,金像電永豐01購01,0,0,0,0,0,0,0,0,0,-11000,0,0,0,33000,44000,-11000,-11000
065774,旭富國票01購01  ,0,0,0,0,0,0,0,0,0,-11000,0,0,0,0,11000,-11000,-11000
064431,台積電凱基01購05,0,0,0,0,0,0,0,0,0,-11000,0,0,0,0,11000,-11000,-11000
064200,華通兆豐01購01  ,0,0,0,0,0,0,0,0,0,-11000,0,0,0,11000,22000,-11000,-11000
064315,創意群益9C購01  ,0,0,0,0,0,0,0,0,0,-11000,0,0,0,31000,42000,-11000,-11000
064568,聯鈞群益9C購01  ,0,0,0,0,0,0,0,0,0,-11000,0,0,0,15000,26000,-11000,-11000
063544,華新科台新9B購02,0,0,0,0,0,0,0,0,0,-11000,0,0,0,219000,230000,-11000,-11000
063538,神達統一9C購01  ,0,0,0,0,0,0,0,0,0,-11000,0,0,0,0,11000,-11000,-11000
063689,可成永豐9B購04  ,0,0,0,0,0,0,0,0,0,-11000,0,0,0,62000,73000,-11000,-11000
2305,全友            ,8000,17000,-9000,0,0,0,0,0,0,-2000,0,2000,-2000,0,0,0,-11000
08955P,台灣50凱基04售09,0,0,0,0,0,0,0,0,0,-11000,0,0,0,0,11000,-11000,-11000
08997P,台積電群益01售17,0,0,0,0,0,0,0,0,0,-11000,0,0,0,0,11000,-11000,-11000
08723P,臺股指元大01售04,0,0,0,0,0,0,0,0,0,-11000,0,0,0,5000,16000,-11000,-11000
9924,福興            ,6000,27000,-21000,0,0,0,0,0,0,10000,10000,0,10000,0,0,0,-11000
8454,富邦媒          ,69000,80000,-11000,0,0,0,0,0,0,0,0,0,0,0,0,0,-11000
6165,捷泰            ,17000,28000,-11000,0,0,0,0,0,0,0,0,0,0,0,0,0,-11000
2207,和泰車          ,106047,97877,8170,0,0,0,0,18000,-18000,-2000,0,2000,-2000,0,0,0,-11830
066987,旭富群益01購01  ,0,0,0,0,0,0,0,0,0,-12000,0,0,0,0,12000,-12000,-12000
066566,康控元大01購01  ,0,0,0,0,0,0,0,0,0,-12000,0,0,0,38000,50000,-12000,-12000
066381,景碩康和01購01  ,0,0,0,0,0,0,0,0,0,-12000,0,0,0,120000,132000,-12000,-12000
07392P,台積電國泰02售01,0,0,0,0,0,0,0,0,0,-12000,0,0,0,8000,20000,-12000,-12000
07833P,大立光群益9B售02,0,0,0,0,0,0,0,0,0,-12000,0,0,0,0,12000,-12000,-12000
08149P,祥碩群益9B售07  ,0,0,0,0,0,0,0,0,0,-12000,0,0,0,0,12000,-12000,-12000
06804P,臺股指群益98售10,0,0,0,0,0,0,0,0,0,-12000,0,0,0,0,12000,-12000,-12000
067538,晶技群益01購02  ,0,0,0,0,0,0,0,0,0,-12000,0,0,0,1000,13000,-12000,-12000
063078,元金2X凱基02購03,0,0,0,0,0,0,0,0,0,-12000,0,0,0,41000,53000,-12000,-12000
057600,大立光群益99購03,0,0,0,0,0,0,0,0,0,-12000,0,0,0,0,12000,-12000,-12000
055923,矽力凱基98購01  ,0,0,0,0,0,0,0,0,0,-12000,0,0,0,8000,20000,-12000,-12000
058850,華新科群益99購03,0,0,0,0,0,0,0,0,0,-12000,0,0,0,4000,16000,-12000,-12000
061373,華通富邦9A購02  ,0,0,0,0,0,0,0,0,0,-12000,0,0,0,167000,179000,-12000,-12000
060232,友訊元大9C購01  ,0,0,0,0,0,0,0,0,0,-12000,0,0,0,0,12000,-12000,-12000
060565,大立光富邦01購01,0,0,0,0,0,0,0,0,0,-12000,0,0,0,0,12000,-12000,-12000
062951,鴻海永豐9B購02  ,0,0,0,0,0,0,0,0,0,-12000,0,0,0,0,12000,-12000,-12000
062862,瑞儀國票9B購01  ,0,0,0,0,0,0,0,0,0,-12000,0,0,0,0,12000,-12000,-12000
062889,可成群益9C購01  ,0,0,0,0,0,0,0,0,0,-12000,0,0,0,4000,16000,-12000,-12000
062616,玉晶光元大9C購06,0,0,0,0,0,0,0,0,0,-12000,0,0,0,77000,89000,-12000,-12000
062414,臻鼎中信01購01  ,0,0,0,0,0,0,0,0,0,-12000,0,0,0,18000,30000,-12000,-12000
059532,華新科凱基9B購03,0,0,0,0,0,0,0,0,0,-12000,0,0,0,55000,67000,-12000,-12000
061735,上銀凱基9B購01  ,0,0,0,0,0,0,0,0,0,-12000,0,0,0,0,12000,-12000,-12000
063566,台光電元大9B購08,0,0,0,0,0,0,0,0,0,-12000,0,0,0,184000,196000,-12000,-12000
064110,國巨國票01購01  ,0,0,0,0,0,0,0,0,0,-12000,0,0,0,17000,29000,-12000,-12000
064005,義隆凱基01購01  ,0,0,0,0,0,0,0,0,0,-12000,0,0,0,27000,39000,-12000,-12000
064573,復盛群益9C購01  ,0,0,0,0,0,0,0,0,0,-12000,0,0,0,159000,171000,-12000,-12000
064768,仁寶中信03購01  ,0,0,0,0,0,0,0,0,0,-12000,0,0,0,3000,15000,-12000,-12000
064754,漢唐凱基02購01  ,0,0,0,0,0,0,0,0,0,-12000,0,0,0,28000,40000,-12000,-12000
064203,康控兆豐9C購02  ,0,0,0,0,0,0,0,0,0,-12000,0,0,0,0,12000,-12000,-12000
066032,矽格群益01購01  ,0,0,0,0,0,0,0,0,0,-12000,0,0,0,12000,24000,-12000,-12000
066017,南六元富03購01  ,0,0,0,0,0,0,0,0,0,-12000,0,0,0,100000,112000,-12000,-12000
065305,泰鼎元富9C購01  ,0,0,0,0,0,0,0,0,0,-12000,0,0,0,92000,104000,-12000,-12000
065203,FBVIX國票9C購01 ,0,0,0,0,0,0,0,0,0,-12000,0,0,0,0,12000,-12000,-12000
2739,寒舍            ,3000,15000,-12000,0,0,0,0,0,0,0,0,0,0,0,0,0,-12000
08837P,牧德國票03售01  ,0,0,0,0,0,0,0,0,0,-12000,0,0,0,0,12000,-12000,-12000
08666P,智邦國票02售01  ,0,0,0,0,0,0,0,0,0,-12000,0,0,0,0,12000,-12000,-12000
08684P,禾伸堂凱基01售01,0,0,0,0,0,0,0,0,0,-12000,0,0,0,28000,40000,-12000,-12000
08321P,世芯永豐9C售01  ,0,0,0,0,0,0,0,0,0,-12000,0,0,0,0,12000,-12000,-12000
067513,南六統一01購04  ,0,0,0,0,0,0,0,0,0,-13000,0,0,0,5000,18000,-13000,-13000
067689,惠特元大01購03  ,0,0,0,0,0,0,0,0,0,-13000,0,0,0,275000,288000,-13000,-13000
07902P,玉晶光國票01售01,0,0,0,0,0,0,0,0,0,-13000,0,0,0,14000,27000,-13000,-13000
066220,矽格台新01購01  ,0,0,0,0,0,0,0,0,0,-13000,0,0,0,10000,23000,-13000,-13000
067165,世紀鋼國票02購02,0,0,0,0,0,0,0,0,0,-13000,0,0,0,25000,38000,-13000,-13000
059004,嘉晶元大99購05  ,0,0,0,0,0,0,0,0,0,-13000,0,0,0,7000,20000,-13000,-13000
056241,緯創群益97購01  ,0,0,0,0,0,0,0,0,0,-13000,0,0,0,7000,20000,-13000,-13000
056954,聯詠富邦9A購01  ,0,0,0,0,0,0,0,0,0,-13000,0,0,0,171000,184000,-13000,-13000
058261,大立光富邦03購01,0,0,0,0,0,0,0,0,0,-13000,0,0,0,0,13000,-13000,-13000
059084,鴻海元大99購24  ,0,0,0,0,0,0,0,0,0,-13000,0,0,0,0,13000,-13000,-13000
059339,上銀凱基99購06  ,0,0,0,0,0,0,0,0,0,-13000,0,0,0,0,13000,-13000,-13000
062582,鴻海統一9C購11  ,0,0,0,0,0,0,0,0,0,-13000,0,0,0,64000,77000,-13000,-13000
062568,緯穎中信9C購01  ,0,0,0,0,0,0,0,0,0,-13000,0,0,0,42000,55000,-13000,-13000
062294,盛群永豐9B購01  ,0,0,0,0,0,0,0,0,0,-13000,0,0,0,0,13000,-13000,-13000
060152,上証2X永豐9A購02,0,0,0,0,0,0,0,0,0,-13000,0,0,0,2000,15000,-13000,-13000
059474,元石油群益99購01,0,0,0,0,0,0,0,0,0,-13000,0,0,0,12000,25000,-13000,-13000
063450,華新科統一02購01,0,0,0,0,0,0,0,0,0,-13000,0,0,0,460000,473000,-13000,-13000
061469,瑞祺群益9A購02  ,0,0,0,0,0,0,0,0,0,-13000,0,0,0,47000,60000,-13000,-13000
062482,台表科國票9B購01,0,0,0,0,0,0,0,0,0,-13000,0,0,0,10000,23000,-13000,-13000
060630,國巨富邦9C購03  ,0,0,0,0,0,0,0,0,0,-13000,0,0,0,7000,20000,-13000,-13000
06037P,超眾國票98售02  ,0,0,0,0,0,0,0,0,0,-13000,0,0,0,0,13000,-13000,-13000
064970,東元元大9C購01  ,0,0,0,0,0,0,0,0,0,-13000,0,0,0,45000,58000,-13000,-13000
064586,緯創永豐9C購01  ,0,0,0,0,0,0,0,0,0,-13000,0,0,0,3000,16000,-13000,-13000
064151,義隆統一01購01  ,0,0,0,0,0,0,0,0,0,-13000,0,0,0,0,13000,-13000,-13000
2929,淘帝-KY         ,463000,480000,-17000,0,0,0,0,0,0,4000,1000,1000,0,4000,0,4000,-13000
1732,毛寶            ,134000,147000,-13000,0,0,0,0,0,0,0,0,0,0,0,0,0,-13000
1560,中砂            ,74000,157000,-83000,0,0,0,0,0,0,70000,70000,0,70000,0,0,0,-13000
2420,新巨            ,4000,17000,-13000,0,0,0,0,0,0,0,0,0,0,0,0,0,-13000
067160,燿華國票03購01  ,0,0,0,0,0,0,0,0,0,-14000,0,0,0,159000,173000,-14000,-14000
066452,晶碩群益01購01  ,0,0,0,0,0,0,0,0,0,-14000,0,0,0,20000,34000,-14000,-14000
066517,智伸科永豐01購01,0,0,0,0,0,0,0,0,0,-14000,0,0,0,0,14000,-14000,-14000
06799P,臺股指凱基98售09,0,0,0,0,0,0,0,0,0,-14000,0,0,0,3000,17000,-14000,-14000
067813,晶技凱基01購03  ,0,0,0,0,0,0,0,0,0,-14000,0,0,0,3000,17000,-14000,-14000
067256,新唐國票02購01  ,0,0,0,0,0,0,0,0,0,-14000,0,0,0,0,14000,-14000,-14000
057740,茂林富邦9A購01  ,0,0,0,0,0,0,0,0,0,-14000,0,0,0,33000,47000,-14000,-14000
058292,上銀凱基9A購01  ,0,0,0,0,0,0,0,0,0,-14000,0,0,0,26000,40000,-14000,-14000
058408,華通兆豐99購02  ,0,0,0,0,0,0,0,0,0,-14000,0,0,0,12000,26000,-14000,-14000
058694,鈺齊國票9A購02  ,0,0,0,0,0,0,0,0,0,-14000,0,0,0,3000,17000,-14000,-14000
059116,晶豪科永豐99購01,0,0,0,0,0,0,0,0,0,-14000,0,0,0,10000,24000,-14000,-14000
058208,百和凱基99購01  ,0,0,0,0,0,0,0,0,0,-14000,0,0,0,50000,64000,-14000,-14000
057605,旺宏統一99購03  ,0,0,0,0,0,0,0,0,0,-14000,0,0,0,0,14000,-14000,-14000
056378,欣興元富98購01  ,0,0,0,0,0,0,0,0,0,-14000,0,0,0,80000,94000,-14000,-14000
053764,A50正2富邦99購01,0,0,0,0,0,0,0,0,0,-14000,0,0,0,11000,25000,-14000,-14000
00737,國泰AI+Robo     ,4000,4000,0,0,0,0,0,0,0,-14000,0,0,0,45000,59000,-14000,-14000
057152,緯穎國票99購03  ,0,0,0,0,0,0,0,0,0,-14000,0,0,0,0,14000,-14000,-14000
062952,台積電永豐9B購02,0,0,0,0,0,0,0,0,0,-14000,0,0,0,34000,48000,-14000,-14000
061154,可成群益9B購04  ,0,0,0,0,0,0,0,0,0,-14000,0,0,0,15000,29000,-14000,-14000
061128,大立光永豐9A購02,0,0,0,0,0,0,0,0,0,-14000,0,0,0,0,14000,-14000,-14000
060836,上銀國票9A購03  ,0,0,0,0,0,0,0,0,0,-14000,0,0,0,0,14000,-14000,-14000
060559,世紀鋼凱基9C購01,0,0,0,0,0,0,0,0,0,-14000,0,0,0,7000,21000,-14000,-14000
063499,金像電永豐9B購03,0,0,0,0,0,0,0,0,0,-14000,0,0,0,56000,70000,-14000,-14000
059424,SGBR2X元大9A購01,0,0,0,0,0,0,0,0,0,-14000,0,0,0,0,14000,-14000,-14000
061808,聯發科統一01購02,0,0,0,0,0,0,0,0,0,-14000,0,0,0,48000,62000,-14000,-14000
062718,技嘉凱基9B購01  ,0,0,0,0,0,0,0,0,0,-14000,0,0,0,4000,18000,-14000,-14000
061580,華擎元大9A購06  ,0,0,0,0,0,0,0,0,0,-14000,0,0,0,0,14000,-14000,-14000
064142,國巨統一9C購13  ,0,0,0,0,0,0,0,0,0,-14000,0,0,0,51000,65000,-14000,-14000
063984,華邦電國泰02購01,0,0,0,0,0,0,0,0,0,-14000,0,0,0,6000,20000,-14000,-14000
063891,國巨群益9C購07  ,0,0,0,0,0,0,0,0,0,-14000,0,0,0,5000,19000,-14000,-14000
063673,GIS統一9C購02   ,0,0,0,0,0,0,0,0,0,-14000,0,0,0,901000,915000,-14000,-14000
064584,英業達永豐9C購01,0,0,0,0,0,0,0,0,0,-14000,0,0,0,85000,99000,-14000,-14000
064598,國巨元富9C購03  ,0,0,0,0,0,0,0,0,0,-14000,0,0,0,117000,131000,-14000,-14000
064807,義隆元大9C購03  ,0,0,0,0,0,0,0,0,0,-14000,0,0,0,215000,229000,-14000,-14000
064425,華新科兆豐9C購01,0,0,0,0,0,0,0,0,0,-14000,0,0,0,0,14000,-14000,-14000
065004,瑞昱國票01購02  ,0,0,0,0,0,0,0,0,0,-14000,0,0,0,11000,25000,-14000,-14000
065635,智伸科國票01購02,0,0,0,0,0,0,0,0,0,-14000,0,0,0,34000,48000,-14000,-14000
3015,全漢            ,324000,347000,-23000,0,0,0,0,0,0,9000,10000,1000,9000,0,0,0,-14000
3164,景岳            ,1000,15000,-14000,0,0,0,0,0,0,0,0,0,0,0,0,0,-14000
08773P,瑞昱凱基01售01  ,0,0,0,0,0,0,0,0,0,-14000,0,0,0,0,14000,-14000,-14000
6598,ABC-KY          ,57000,71000,-14000,0,0,0,0,0,0,0,0,0,0,0,0,0,-14000
9934,成霖            ,46000,60000,-14000,0,0,0,0,0,0,0,0,0,0,0,0,0,-14000
08186P,泰碩永豐9B售03  ,0,0,0,0,0,0,0,0,0,-15000,0,0,0,65000,80000,-15000,-15000
07416P,台積電元大99售53,0,0,0,0,0,0,0,0,0,-15000,0,0,0,0,15000,-15000,-15000
07618P,大立光中信9A售06,0,0,0,0,0,0,0,0,0,-15000,0,0,0,0,15000,-15000,-15000
066069,英業達凱基02購01,0,0,0,0,0,0,0,0,0,-15000,0,0,0,30000,45000,-15000,-15000
066074,文曄凱基01購01  ,0,0,0,0,0,0,0,0,0,-15000,0,0,0,73000,88000,-15000,-15000
067253,精元國票01購01  ,0,0,0,0,0,0,0,0,0,-15000,0,0,0,113000,128000,-15000,-15000
066966,國巨元富07購07  ,0,0,0,0,0,0,0,0,0,-15000,0,0,0,8000,23000,-15000,-15000
066751,矽創元大01購03  ,0,0,0,0,0,0,0,0,0,-15000,0,0,0,85000,100000,-15000,-15000
066690,瑞昱台新01購01  ,0,0,0,0,0,0,0,0,0,-15000,0,0,0,206000,221000,-15000,-15000
066925,滬深2X國票02購03,0,0,0,0,0,0,0,0,0,-15000,0,0,0,20000,35000,-15000,-15000
057161,亞德客元大98購02,0,0,0,0,0,0,0,0,0,-15000,0,0,0,170000,185000,-15000,-15000
054159,T50正2凱基99購01,0,0,0,0,0,0,0,0,0,-15000,0,0,0,0,15000,-15000,-15000
058923,華新科元富99購06,0,0,0,0,0,0,0,0,0,-15000,0,0,0,0,15000,-15000,-15000
058947,SGBR2X群益9B購02,0,0,0,0,0,0,0,0,0,-15000,0,0,0,5000,20000,-15000,-15000
058783,臺股指國票99購02,0,0,0,0,0,0,0,0,0,-15000,0,0,0,5000,20000,-15000,-15000
058210,臺股指凱基9C購04,0,0,0,0,0,0,0,0,0,-15000,0,0,0,5000,20000,-15000,-15000
058128,FBVIX元大9C購02 ,0,0,0,0,0,0,0,0,0,-15000,0,0,0,0,15000,-15000,-15000
059320,華新科元大99購15,0,0,0,0,0,0,0,0,0,-15000,0,0,0,0,15000,-15000,-15000
058375,群創凱基9B購04  ,0,0,0,0,0,0,0,0,0,-15000,0,0,0,92000,107000,-15000,-15000
058434,旺宏統一9B購01  ,0,0,0,0,0,0,0,0,0,-15000,0,0,0,0,15000,-15000,-15000
058586,鴻海中信01購02  ,0,0,0,0,0,0,0,0,0,-15000,0,0,0,15000,30000,-15000,-15000
062316,康控凱基9B購03  ,0,0,0,0,0,0,0,0,0,-15000,0,0,0,5000,20000,-15000,-15000
062222,華新科統一9B購04,0,0,0,0,0,0,0,0,0,-15000,0,0,0,0,15000,-15000,-15000
061566,華通元大9A購10  ,0,0,0,0,0,0,0,0,0,-15000,0,0,0,2000,17000,-15000,-15000
061409,力成國票9A購02  ,0,0,0,0,0,0,0,0,0,-15000,0,0,0,0,15000,-15000,-15000
062730,致伸凱基9B購01  ,0,0,0,0,0,0,0,0,0,-15000,0,0,0,5000,20000,-15000,-15000
061773,和潤元大9B購01  ,0,0,0,0,0,0,0,0,0,-15000,0,0,0,94000,109000,-15000,-15000
059965,鴻海凱基99購16  ,0,0,0,0,0,0,0,0,0,-15000,0,0,0,0,15000,-15000,-15000
063279,國巨元大9C購05  ,0,0,0,0,0,0,0,0,0,-15000,0,0,0,10000,25000,-15000,-15000
06327P,台積電中信01售01,0,0,0,0,0,0,0,0,0,-15000,0,0,0,0,15000,-15000,-15000
061458,臻鼎凱基9A購02  ,0,0,0,0,0,0,0,0,0,-15000,0,0,0,10000,25000,-15000,-15000
061620,禾伸堂群益9A購02,0,0,0,0,0,0,0,0,0,-15000,0,0,0,5000,20000,-15000,-15000
061665,旺宏中信9C購01  ,0,0,0,0,0,0,0,0,0,-15000,0,0,0,0,15000,-15000,-15000
062166,致新國泰01購01  ,0,0,0,0,0,0,0,0,0,-15000,0,0,0,0,15000,-15000,-15000
062879,美食兆豐9B購01  ,0,0,0,0,0,0,0,0,0,-15000,0,0,0,0,15000,-15000,-15000
062741,立積國票9B購02  ,0,0,0,0,0,0,0,0,0,-15000,0,0,0,10000,25000,-15000,-15000
061092,可成統一9C購02  ,0,0,0,0,0,0,0,0,0,-15000,0,0,0,0,15000,-15000,-15000
060599,國巨凱基9C購01  ,0,0,0,0,0,0,0,0,0,-15000,0,0,0,65000,80000,-15000,-15000
060430,和潤永豐9A購01  ,0,0,0,0,0,0,0,0,0,-15000,0,0,0,26000,41000,-15000,-15000
061351,智伸科元大9A購01,0,0,0,0,0,0,0,0,0,-15000,0,0,0,10000,25000,-15000,-15000
065986,金像電永豐01購03,0,0,0,0,0,0,0,0,0,-15000,0,0,0,2000,17000,-15000,-15000
065905,聯茂富邦02購01  ,0,0,0,0,0,0,0,0,0,-15000,0,0,0,0,15000,-15000,-15000
065803,大立光群益01購03,0,0,0,0,0,0,0,0,0,-15000,0,0,0,81000,96000,-15000,-15000
064885,T50反1中信04購01,0,0,0,0,0,0,0,0,0,-15000,0,0,0,60000,75000,-15000,-15000
065357,立積元富03購01  ,0,0,0,0,0,0,0,0,0,-15000,0,0,0,0,15000,-15000,-15000
064588,玉晶光永豐9C購05,0,0,0,0,0,0,0,0,0,-15000,0,0,0,200000,215000,-15000,-15000
064576,世紀鋼群益01購01,0,0,0,0,0,0,0,0,0,-15000,0,0,0,0,15000,-15000,-15000
064564,義隆群益9C購02  ,0,0,0,0,0,0,0,0,0,-15000,0,0,0,0,15000,-15000,-15000
064532,聯茂兆豐01購01  ,0,0,0,0,0,0,0,0,0,-15000,0,0,0,13000,28000,-15000,-15000
063833,致新國票01購01  ,0,0,0,0,0,0,0,0,0,-15000,0,0,0,23000,38000,-15000,-15000
064077,台積電中信06購03,0,0,0,0,0,0,0,0,0,-15000,0,0,0,35000,50000,-15000,-15000
08508P,臺股指國票9C售09,0,0,0,0,0,0,0,0,0,-15000,0,0,0,0,15000,-15000,-15000
08668P,燿華群益01售01  ,0,0,0,0,0,0,0,0,0,-15000,0,0,0,5000,20000,-15000,-15000
2913,農林            ,188000,200000,-12000,0,0,0,0,0,0,-3000,0,3000,-3000,0,0,0,-15000
2836,高雄銀          ,51000,76000,-25000,0,0,0,0,0,0,10000,10000,0,10000,0,0,0,-15000
066948,聯發科元大01購16,0,0,0,0,0,0,0,0,0,-16000,0,0,0,310000,326000,-16000,-16000
066236,潤泰全富邦01購01,0,0,0,0,0,0,0,0,0,-16000,0,0,0,384000,400000,-16000,-16000
07671P,超眾元大9A售04  ,0,0,0,0,0,0,0,0,0,-16000,0,0,0,0,16000,-16000,-16000
067283,南亞科國票02購01,0,0,0,0,0,0,0,0,0,-16000,0,0,0,0,16000,-16000,-16000
067875,百和元大01購01  ,0,0,0,0,0,0,0,0,0,-16000,0,0,0,0,16000,-16000,-16000
067725,旭富凱基01購03  ,0,0,0,0,0,0,0,0,0,-16000,0,0,0,0,16000,-16000,-16000
062594,祥碩統一01購02  ,0,0,0,0,0,0,0,0,0,-16000,0,0,0,29000,45000,-16000,-16000
062540,茂林國泰9C購01  ,0,0,0,0,0,0,0,0,0,-16000,0,0,0,62000,78000,-16000,-16000
062252,華邦電元大9C購01,0,0,0,0,0,0,0,0,0,-16000,0,0,0,163000,179000,-16000,-16000
058510,全新元大9B購02  ,0,0,0,0,0,0,0,0,0,-16000,0,0,0,0,16000,-16000,-16000
058204,世芯凱基9A購01  ,0,0,0,0,0,0,0,0,0,-16000,0,0,0,14000,30000,-16000,-16000
057331,台積電國票99購04,0,0,0,0,0,0,0,0,0,-16000,0,0,0,21000,37000,-16000,-16000
053377,台積電元大98購01,0,0,0,0,0,0,0,0,0,-16000,0,0,0,11000,27000,-16000,-16000
056500,大立光富邦9B購02,0,0,0,0,0,0,0,0,0,-16000,0,0,0,0,16000,-16000,-16000
047694,SP黃豆國票9B購01,0,0,0,0,0,0,0,0,0,-16000,0,0,0,0,16000,-16000,-16000
062086,瑞祺元大9B購01  ,0,0,0,0,0,0,0,0,0,-16000,0,0,0,34000,50000,-16000,-16000
061942,亞德客群益9B購01,0,0,0,0,0,0,0,0,0,-16000,0,0,0,101000,117000,-16000,-16000
063362,台表科國泰01購03,0,0,0,0,0,0,0,0,0,-16000,0,0,0,5000,21000,-16000,-16000
059864,亞德客凱基99購01,0,0,0,0,0,0,0,0,0,-16000,0,0,0,0,16000,-16000,-16000
059818,鴻海凱基99購14  ,0,0,0,0,0,0,0,0,0,-16000,0,0,0,0,16000,-16000,-16000
061376,瑞昱永豐9A購02  ,0,0,0,0,0,0,0,0,0,-16000,0,0,0,73000,89000,-16000,-16000
064083,群創中信06購01  ,0,0,0,0,0,0,0,0,0,-16000,0,0,0,0,16000,-16000,-16000
064559,旺宏群益01購02  ,0,0,0,0,0,0,0,0,0,-16000,0,0,0,0,16000,-16000,-16000
064279,新光金元大01購01,0,0,0,0,0,0,0,0,0,-16000,0,0,0,184000,200000,-16000,-16000
065385,億豐元大03購01  ,0,0,0,0,0,0,0,0,0,-16000,0,0,0,15000,31000,-16000,-16000
065087,可成元大9C購08  ,0,0,0,0,0,0,0,0,0,-16000,0,0,0,42000,58000,-16000,-16000
065764,康友元大9C購02  ,0,0,0,0,0,0,0,0,0,-16000,0,0,0,200000,216000,-16000,-16000
065978,臻鼎元大02購01  ,0,0,0,0,0,0,0,0,0,-16000,0,0,0,340000,356000,-16000,-16000
065735,矽格凱基01購02  ,0,0,0,0,0,0,0,0,0,-16000,0,0,0,34000,50000,-16000,-16000
065437,台表科凱基9C購03,0,0,0,0,0,0,0,0,0,-16000,0,0,0,19000,35000,-16000,-16000
08670P,健策統一01售01  ,0,0,0,0,0,0,0,0,0,-16000,0,0,0,0,16000,-16000,-16000
08642P,華新科群益9C售06,0,0,0,0,0,0,0,0,0,-16000,0,0,0,250000,266000,-16000,-16000
08528P,台勝科元大9C售02,0,0,0,0,0,0,0,0,0,-16000,0,0,0,0,16000,-16000,-16000
08871P,大立光群益01售08,0,0,0,0,0,0,0,0,0,-16000,0,0,0,0,16000,-16000,-16000
6672,騰輝電子-KY     ,17000,33000,-16000,0,0,0,0,0,0,0,0,0,0,0,0,0,-16000
5007,三星            ,5000,21000,-16000,0,0,0,0,0,0,0,0,0,0,0,0,0,-16000
067733,力山元大01購01  ,0,0,0,0,0,0,0,0,0,-17000,0,0,0,94000,111000,-17000,-17000
067704,台表科麥證01購02,0,0,0,0,17000,-17000,0,0,0,-17000,0,0,0,0,17000,-17000,-17000
067817,玉晶光凱基02購01,0,0,0,0,0,0,0,0,0,-17000,0,0,0,0,17000,-17000,-17000
067326,世紀鋼元大01購02,0,0,0,0,0,0,0,0,0,-17000,0,0,0,250000,267000,-17000,-17000
067451,嘉晶國票02購01  ,0,0,0,0,0,0,0,0,0,-17000,0,0,0,78000,95000,-17000,-17000
07940P,國巨群益9B售06  ,0,0,0,0,0,0,0,0,0,-17000,0,0,0,0,17000,-17000,-17000
08085P,華通凱基9B售04  ,0,0,0,0,0,0,0,0,0,-17000,0,0,0,0,17000,-17000,-17000
08086P,燿華凱基9B售03  ,0,0,0,0,0,0,0,0,0,-17000,0,0,0,3000,20000,-17000,-17000
066159,寶成康和01購01  ,0,0,0,0,0,0,0,0,0,-17000,0,0,0,0,17000,-17000,-17000
066683,和碩兆豐01購01  ,0,0,0,0,0,0,0,0,0,-17000,0,0,0,0,17000,-17000,-17000
067171,聯發科麥證01購08,0,0,0,35000,52000,-17000,0,0,0,-17000,0,0,0,35000,52000,-17000,-17000
03033X,元展30          ,0,0,0,0,0,0,0,0,0,-17000,0,0,0,6000,23000,-17000,-17000
052755,滬深2X群益9A購01,0,0,0,0,0,0,0,0,0,-17000,0,0,0,0,17000,-17000,-17000
057675,同欣電元大98購02,0,0,0,0,0,0,0,0,0,-17000,0,0,0,30000,47000,-17000,-17000
058687,聯茂凱基9A購01  ,0,0,0,0,0,0,0,0,0,-17000,0,0,0,36000,53000,-17000,-17000
057792,群創統一99購01  ,0,0,0,0,0,0,0,0,0,-17000,0,0,0,47000,64000,-17000,-17000
061406,華通國票9A購06  ,0,0,0,0,0,0,0,0,0,-17000,0,0,0,3000,20000,-17000,-17000
061740,華新科凱基03購01,0,0,0,0,0,0,0,0,0,-17000,0,0,0,2000,19000,-17000,-17000
062684,華新科統一01購02,0,0,0,0,0,0,0,0,0,-17000,0,0,0,75000,92000,-17000,-17000
060306,台肥永豐9A購01  ,0,0,0,0,0,0,0,0,0,-17000,0,0,0,47000,64000,-17000,-17000
061955,FANG+統一9B購01 ,0,0,0,0,0,0,0,0,0,-17000,0,0,0,10000,27000,-17000,-17000
060161,牧德永豐9A購02  ,0,0,0,0,0,0,0,0,0,-17000,0,0,0,0,17000,-17000,-17000
061087,國巨統一01購04  ,0,0,0,0,0,0,0,0,0,-17000,0,0,0,105000,122000,-17000,-17000
065262,義隆元大9C購06  ,0,0,0,0,0,0,0,0,0,-17000,0,0,0,101000,118000,-17000,-17000
06376P,上銀統一99售01  ,0,0,0,0,0,0,0,0,0,-17000,0,0,0,23000,40000,-17000,-17000
063652,國泰金台新9B購01,0,0,0,0,0,0,0,0,0,-17000,0,0,0,0,17000,-17000,-17000
08449P,華新科群益9C售03,0,0,0,0,0,0,0,0,0,-17000,0,0,0,46000,63000,-17000,-17000
07962P,聯詠中信05售03  ,0,0,0,0,0,0,0,0,0,-18000,0,0,0,2000,20000,-18000,-18000
07611P,大立光國票9A售05,0,0,0,0,0,0,0,0,0,-18000,0,0,0,0,18000,-18000,-18000
07085P,超眾元富9C售01  ,0,0,0,0,0,0,0,0,0,-18000,0,0,0,100000,118000,-18000,-18000
057919,技嘉凱基98購03  ,0,0,0,0,0,0,0,0,0,-18000,0,0,0,13000,31000,-18000,-18000
057279,國揚元大98購01  ,0,0,0,0,0,0,0,0,0,-18000,0,0,0,10000,28000,-18000,-18000
055921,新唐凱基98購01  ,0,0,0,0,0,0,0,0,0,-18000,0,0,0,0,18000,-18000,-18000
060656,國巨統一9C購03  ,0,0,0,0,0,0,0,0,0,-18000,0,0,0,0,18000,-18000,-18000
060671,亞德客元大9A購03,0,0,0,0,0,0,0,0,0,-18000,0,0,0,110000,128000,-18000,-18000
060247,牧德元大9A購02  ,0,0,0,0,0,0,0,0,0,-18000,0,0,0,2000,20000,-18000,-18000
060984,南亞科元大9A購07,0,0,0,0,0,0,0,0,0,-18000,0,0,0,50000,68000,-18000,-18000
061928,群創凱基9B購06  ,0,0,0,0,0,0,0,0,0,-18000,0,0,0,22000,40000,-18000,-18000
062609,帆宣凱基9B購01  ,0,0,0,0,0,0,0,0,0,-18000,0,0,0,12000,30000,-18000,-18000
059663,旭富元大9C購02  ,0,0,0,0,0,0,0,0,0,-18000,0,0,0,21000,39000,-18000,-18000
060467,神基元大9A購01  ,0,0,0,0,0,0,0,0,0,-18000,0,0,0,34000,52000,-18000,-18000
061851,智邦國票9B購01  ,0,0,0,0,0,0,0,0,0,-18000,0,0,0,0,18000,-18000,-18000
061703,信邦國票9A購01  ,0,0,0,0,0,0,0,0,0,-18000,0,0,0,20000,38000,-18000,-18000
061421,台積電元大9A購29,0,0,0,0,0,0,0,0,0,-18000,0,0,0,67000,85000,-18000,-18000
063836,台塑元大9C購01  ,0,0,0,0,0,0,0,0,0,-18000,0,0,0,0,18000,-18000,-18000
064071,台郡永豐9C購01  ,0,0,0,0,0,0,0,0,0,-18000,0,0,0,4000,22000,-18000,-18000
063967,華新科國票01購01,0,0,0,0,0,0,0,0,0,-18000,0,0,0,12000,30000,-18000,-18000
064569,群創群益9C購01  ,0,0,0,0,0,0,0,0,0,-18000,0,0,0,25000,43000,-18000,-18000
065458,立積元富03購02  ,0,0,0,0,0,0,0,0,0,-18000,0,0,0,46000,64000,-18000,-18000
065559,超眾凱基9C購03  ,0,0,0,0,0,0,0,0,0,-18000,0,0,0,50000,68000,-18000,-18000
065716,道瓊反中信03購01,0,0,0,0,0,0,0,0,0,-18000,0,0,0,0,18000,-18000,-18000
08323P,華新科凱基9C售04,0,0,0,0,0,0,0,0,0,-18000,0,0,0,12000,30000,-18000,-18000
08672P,聯發科統一01售09,0,0,0,0,0,0,0,0,0,-18000,0,0,0,0,18000,-18000,-18000
1109,信大            ,2000,20000,-18000,0,0,0,0,0,0,0,0,0,0,0,0,0,-18000
1437,勤益控          ,29000,47000,-18000,0,0,0,0,0,0,0,0,0,0,0,0,0,-18000
4426,利勤            ,34000,52000,-18000,0,0,0,0,0,0,0,0,0,0,0,0,0,-18000
2034,允強            ,25000,41000,-16000,0,0,0,0,0,0,-2000,0,2000,-2000,0,0,0,-18000
8466,美吉吉-KY       ,1000,21000,-20000,0,0,0,0,0,0,2000,2000,0,2000,0,0,0,-18000
8464,億豐            ,202354,216663,-14309,0,0,0,0,0,0,-4000,0,2000,-2000,0,2000,-2000,-18309
08067P,大立光凱基9B售08,0,0,0,0,0,0,0,0,0,-19000,0,0,0,0,19000,-19000,-19000
067587,欣興群益01購03  ,0,0,0,0,0,0,0,0,0,-19000,0,0,0,42000,61000,-19000,-19000
067141,台表科永豐01購01,0,0,0,0,0,0,0,0,0,-19000,0,0,0,32000,51000,-19000,-19000
067220,台郡元大01購04  ,0,0,0,0,0,0,0,0,0,-19000,0,0,0,168000,187000,-19000,-19000
067045,聯發科凱基02購05,0,0,0,0,0,0,0,0,0,-19000,0,0,0,31000,50000,-19000,-19000
066933,可成國票02購01  ,0,0,0,0,0,0,0,0,0,-19000,0,0,0,39000,58000,-19000,-19000
066892,台積電兆豐03購01,0,0,0,0,0,0,0,0,0,-19000,0,0,0,484000,503000,-19000,-19000
066368,聯鈞中信01購01  ,0,0,0,0,0,0,0,0,0,-19000,0,0,0,0,19000,-19000,-19000
055966,茂林元大99購01  ,0,0,0,0,0,0,0,0,0,-19000,0,0,0,5000,24000,-19000,-19000
058959,南茂國票9A購01  ,0,0,0,0,0,0,0,0,0,-19000,0,0,0,0,19000,-19000,-19000
054471,T50反1中信9C購01,0,0,0,0,0,0,0,0,0,-19000,0,0,0,337000,356000,-19000,-19000
057501,超眾群益98購04  ,0,0,0,0,0,0,0,0,0,-19000,0,0,0,0,19000,-19000,-19000
058036,南電永豐98購01  ,0,0,0,0,0,0,0,0,0,-19000,0,0,0,0,19000,-19000,-19000
059297,大立光元富9C購01,0,0,0,0,0,0,0,0,0,-19000,0,0,0,207000,226000,-19000,-19000
061894,台積電永豐9B購01,0,0,0,0,0,0,0,0,0,-19000,0,0,0,0,19000,-19000,-19000
062474,台表科凱基9C購01,0,0,0,0,0,0,0,0,0,-19000,0,0,0,0,19000,-19000,-19000
062071,華通元大9B購02  ,0,0,0,0,0,0,0,0,0,-19000,0,0,0,4000,23000,-19000,-19000
060952,滬深2X群益9C購05,0,0,0,0,0,0,0,0,0,-19000,0,0,0,1000,20000,-19000,-19000
060919,滬深2X富邦9B購01,0,0,0,0,0,0,0,0,0,-19000,0,0,0,1000,20000,-19000,-19000
060776,世芯凱基9B購01  ,0,0,0,0,0,0,0,0,0,-19000,0,0,0,24000,43000,-19000,-19000
060600,台積電凱基9C購01,0,0,0,0,0,0,0,0,0,-19000,0,0,0,1000,20000,-19000,-19000
060583,南亞科元富9A購05,0,0,0,0,0,0,0,0,0,-19000,0,0,0,10000,29000,-19000,-19000
065623,瑞昱中信04購01  ,0,0,0,0,0,0,0,0,0,-19000,0,0,0,21000,40000,-19000,-19000
065641,台積電元大9C購12,0,0,0,0,0,0,0,0,0,-19000,0,0,0,11000,30000,-19000,-19000
064669,健策元大01購03  ,0,0,0,0,0,0,0,0,0,-19000,0,0,0,85000,104000,-19000,-19000
063599,智邦凱基9B購04  ,0,0,0,0,0,0,0,0,0,-19000,0,0,0,0,19000,-19000,-19000
6153,嘉聯益          ,709000,284000,425000,0,0,0,0,49000,-49000,-395000,1000,69000,-68000,14000,341000,-327000,-19000
08603P,電子類元大9C售02,0,0,0,0,0,0,0,0,0,-19000,0,0,0,0,19000,-19000,-19000
066456,全新統一02購01  ,0,0,0,0,0,0,0,0,0,-20000,0,0,0,0,20000,-20000,-20000
066637,瀚宇博凱基01購02,0,0,0,0,0,0,0,0,0,-20000,0,0,0,76000,96000,-20000,-20000
066109,南電國票02購01  ,0,0,0,0,0,0,0,0,0,-20000,0,0,0,0,20000,-20000,-20000
066226,惠特國泰03購01  ,0,0,0,0,0,0,0,0,0,-20000,0,0,0,85000,105000,-20000,-20000
06626P,大立光統一9A售01,0,0,0,0,0,0,0,0,0,-20000,0,0,0,0,20000,-20000,-20000
06688P,鴻海中信02售01  ,0,0,0,0,0,0,0,0,0,-20000,0,0,0,10000,30000,-20000,-20000
066934,宏達電國票02購01,0,0,0,0,0,0,0,0,0,-20000,0,0,0,18000,38000,-20000,-20000
066911,牧德凱基02購01  ,0,0,0,0,0,0,0,0,0,-20000,0,0,0,0,20000,-20000,-20000
066874,A50正2富邦02購01,0,0,0,0,0,0,0,0,0,-20000,0,0,0,0,20000,-20000,-20000
066663,達欣工凱基01購01,0,0,0,0,0,0,0,0,0,-20000,0,0,0,0,20000,-20000,-20000
066963,T50反1元富07購03,0,0,0,0,0,0,0,0,0,-20000,0,0,0,0,20000,-20000,-20000
066973,香港2X群益01購01,0,0,0,0,0,0,0,0,0,-20000,0,0,0,0,20000,-20000,-20000
067026,群創兆豐03購01  ,0,0,0,0,0,0,0,0,0,-20000,0,0,0,0,20000,-20000,-20000
067235,正崴群益02購02  ,0,0,0,0,0,0,0,0,0,-20000,0,0,0,10000,30000,-20000,-20000
067728,南亞科台新01購01,0,0,0,0,0,0,0,0,0,-20000,0,0,0,0,20000,-20000,-20000
067731,SP黃豆元大01購01,0,0,0,0,0,0,0,0,0,-20000,0,0,0,0,20000,-20000,-20000
067697,致茂國票02購01  ,0,0,0,0,0,0,0,0,0,-20000,0,0,0,0,20000,-20000,-20000
067659,滬深2X元大03購05,0,0,0,0,0,0,0,0,0,-20000,0,0,0,0,20000,-20000,-20000
067821,力成凱基01購02  ,0,0,0,0,0,0,0,0,0,-20000,0,0,0,0,20000,-20000,-20000
067810,聯發科凱基02購06,0,0,0,0,0,0,0,0,0,-20000,0,0,0,0,20000,-20000,-20000
067776,巨大統一03購02  ,0,0,0,0,0,0,0,0,0,-20000,0,0,0,0,20000,-20000,-20000
067768,鴻海統一03購05  ,0,0,0,0,0,0,0,0,0,-20000,0,0,0,0,20000,-20000,-20000
067742,大立光元大01購16,0,0,0,0,0,0,0,0,0,-20000,0,0,0,3000,23000,-20000,-20000
067900,玉晶光群益02購14,0,0,0,0,0,0,0,0,0,-20000,0,0,0,0,20000,-20000,-20000
06801P,技嘉群益99售02  ,0,0,0,0,0,0,0,0,0,-20000,0,0,0,0,20000,-20000,-20000
067455,T50反1國泰03購01,0,0,0,0,0,0,0,0,0,-20000,0,0,0,0,20000,-20000,-20000
067532,台積電群益01購14,0,0,0,0,0,0,0,0,0,-20000,0,0,0,43000,63000,-20000,-20000
067578,SP黃豆群益01購01,0,0,0,0,0,0,0,0,0,-20000,0,0,0,0,20000,-20000,-20000
08028P,臺股指元大9B售30,0,0,0,0,0,0,0,0,0,-20000,0,0,0,0,20000,-20000,-20000
07939P,台積電統一9B售14,0,0,0,0,0,0,0,0,0,-20000,0,0,0,0,20000,-20000,-20000
08181P,華新科國泰9C售02,0,0,0,0,0,0,0,0,0,-20000,0,0,0,0,20000,-20000,-20000
08161P,台表科元富9B售02,0,0,0,0,0,0,0,0,0,-20000,0,0,0,1000,21000,-20000,-20000
08168P,金像電群益9B售03,0,0,0,0,0,0,0,0,0,-20000,0,0,0,130000,150000,-20000,-20000
08280P,臺股指中信02售01,0,0,0,0,0,0,0,0,0,-20000,0,0,0,0,20000,-20000,-20000
08244P,同欣電凱基9C售03,0,0,0,0,0,0,0,0,0,-20000,0,0,0,0,20000,-20000,-20000
08202P,台表科國泰01售04,0,0,0,0,0,0,0,0,0,-20000,0,0,0,40000,60000,-20000,-20000
07306P,台灣50凱基9A售09,0,0,0,0,0,0,0,0,0,-20000,0,0,0,0,20000,-20000,-20000
07317P,T50正2凱基9B售02,0,0,0,0,0,0,0,0,0,-20000,0,0,0,0,20000,-20000,-20000
07121P,華新科凱基99售03,0,0,0,0,0,0,0,0,0,-20000,0,0,0,0,20000,-20000,-20000
07616P,瑞昱中信02售01  ,0,0,0,0,0,0,0,0,0,-20000,0,0,0,0,20000,-20000,-20000
07568P,鴻海凱基9A售22  ,0,0,0,0,0,0,0,0,0,-20000,0,0,0,0,20000,-20000,-20000
059293,宏達電元富9B購01,0,0,0,0,0,0,0,0,0,-20000,0,0,0,0,20000,-20000,-20000
059294,宏達電元富9B購02,0,0,0,0,0,0,0,0,0,-20000,0,0,0,0,20000,-20000,-20000
057232,京元電凱基98購02,0,0,0,0,0,0,0,0,0,-20000,0,0,0,0,20000,-20000,-20000
057181,亞光元大98購02  ,0,0,0,0,0,0,0,0,0,-20000,0,0,0,80000,100000,-20000,-20000
058655,鴻海中信03購02  ,0,0,0,0,0,0,0,0,0,-20000,0,0,0,0,20000,-20000,-20000
058652,SGBR2X中信01購01,0,0,0,0,0,0,0,0,0,-20000,0,0,0,0,20000,-20000,-20000
058517,景碩元大99購06  ,0,0,0,0,0,0,0,0,0,-20000,0,0,0,48000,68000,-20000,-20000
059097,世紀鋼元大99購05,0,0,0,0,0,0,0,0,0,-20000,0,0,0,190000,210000,-20000,-20000
059067,上銀國票9A購02  ,0,0,0,0,0,0,0,0,0,-20000,0,0,0,0,20000,-20000,-20000
059052,為升凱基99購01  ,0,0,0,0,0,0,0,0,0,-20000,0,0,0,0,20000,-20000,-20000
058127,FBVIX元大9C購01 ,0,0,0,0,0,0,0,0,0,-20000,0,0,0,0,20000,-20000,-20000
058260,華新科富邦9C購01,0,0,0,0,0,0,0,0,0,-20000,0,0,0,0,20000,-20000,-20000
057635,中鋼元大98購01  ,0,0,0,0,0,0,0,0,0,-20000,0,0,0,0,20000,-20000,-20000
057481,技嘉元大98購04  ,0,0,0,0,0,0,0,0,0,-20000,0,0,0,0,20000,-20000,-20000
057396,健鼎中信99購01  ,0,0,0,0,0,0,0,0,0,-20000,0,0,0,0,20000,-20000,-20000
057886,聯詠群益98購01  ,0,0,0,0,0,0,0,0,0,-20000,0,0,0,10000,30000,-20000,-20000
057807,友訊元大98購02  ,0,0,0,0,0,0,0,0,0,-20000,0,0,0,0,20000,-20000,-20000
057744,健策永豐98購02  ,0,0,0,0,0,0,0,0,0,-20000,0,0,0,0,20000,-20000,-20000
057763,康控凱基99購02  ,0,0,0,0,0,0,0,0,0,-20000,0,0,0,0,20000,-20000,-20000
058018,南亞科凱基99購03,0,0,0,0,0,0,0,0,0,-20000,0,0,0,20000,40000,-20000,-20000
058358,技嘉凱基9A購01  ,0,0,0,0,0,0,0,0,0,-20000,0,0,0,12000,32000,-20000,-20000
057022,智邦凱基98購04  ,0,0,0,0,0,0,0,0,0,-20000,0,0,0,0,20000,-20000,-20000
052203,T50反1中信99購03,0,0,0,0,0,0,0,0,0,-20000,0,0,0,20000,40000,-20000,-20000
054368,鴻海中信9A購02  ,0,0,0,0,0,0,0,0,0,-20000,0,0,0,0,20000,-20000,-20000
054297,台郡元大98購01  ,0,0,0,0,0,0,0,0,0,-20000,0,0,0,20000,40000,-20000,-20000
053316,友達群益9A購01  ,0,0,0,0,0,0,0,0,0,-20000,0,0,0,0,20000,-20000,-20000
053394,鴻海中信9A購01  ,0,0,0,0,0,0,0,0,0,-20000,0,0,0,0,20000,-20000,-20000
053609,華新中信9A購01  ,0,0,0,0,0,0,0,0,0,-20000,0,0,0,0,20000,-20000,-20000
054138,晶技元大98購02  ,0,0,0,0,0,0,0,0,0,-20000,0,0,0,120000,140000,-20000,-20000
00714,群益道瓊美國地產,0,0,0,0,0,0,0,0,0,-20000,0,0,0,17000,37000,-20000,-20000
05894P,友達群益98售02  ,0,0,0,0,0,0,0,0,0,-20000,0,0,0,20000,40000,-20000,-20000
058939,台積電中信9B購01,0,0,0,0,0,0,0,0,0,-20000,0,0,0,20000,40000,-20000,-20000
058814,南亞科台新99購01,0,0,0,0,0,0,0,0,0,-20000,0,0,0,0,20000,-20000,-20000
058865,群創凱基01購01  ,0,0,0,0,0,0,0,0,0,-20000,0,0,0,3000,23000,-20000,-20000
058877,T50反1國泰9B購01,0,0,0,0,0,0,0,0,0,-20000,0,0,0,0,20000,-20000,-20000
055522,道瓊反群益01購01,0,0,0,0,0,0,0,0,0,-20000,0,0,0,0,20000,-20000,-20000
055670,矽創群益98購02  ,0,0,0,0,0,0,0,0,0,-20000,0,0,0,0,20000,-20000,-20000
055399,超眾統一99購01  ,0,0,0,0,0,0,0,0,0,-20000,0,0,0,0,20000,-20000,-20000
056475,宏達電元大99購02,0,0,0,0,0,0,0,0,0,-20000,0,0,0,150000,170000,-20000,-20000
056421,鴻海統一98購08  ,0,0,0,0,0,0,0,0,0,-20000,0,0,0,0,20000,-20000,-20000
056413,上証反中信9A購01,0,0,0,0,0,0,0,0,0,-20000,0,0,0,0,20000,-20000,-20000
056232,瑞儀凱基98購01  ,0,0,0,0,0,0,0,0,0,-20000,0,0,0,0,20000,-20000,-20000
05692P,聯發科中信9A售02,0,0,0,0,0,0,0,0,0,-20000,0,0,0,0,20000,-20000,-20000
056841,友達元富98購03  ,0,0,0,0,0,0,0,0,0,-20000,0,0,0,0,20000,-20000,-20000
054589,聯鈞國泰99購01  ,0,0,0,0,0,0,0,0,0,-20000,0,0,0,15000,35000,-20000,-20000
055207,致新中信99購01  ,0,0,0,0,0,0,0,0,0,-20000,0,0,0,0,20000,-20000,-20000
055215,智邦凱基98購02  ,0,0,0,0,0,0,0,0,0,-20000,0,0,0,10000,30000,-20000,-20000
055230,大毅國票98購01  ,0,0,0,0,0,0,0,0,0,-20000,0,0,0,0,20000,-20000,-20000
055080,正崴中信99購01  ,0,0,0,0,0,0,0,0,0,-20000,0,0,0,0,20000,-20000,-20000
060764,華擎元大9A購03  ,0,0,0,0,0,0,0,0,0,-20000,0,0,0,0,20000,-20000,-20000
060804,T50反1群益9A購02,0,0,0,0,0,0,0,0,0,-20000,0,0,0,0,20000,-20000,-20000
060744,鴻海國票9A購04  ,0,0,0,0,0,0,0,0,0,-20000,0,0,0,0,20000,-20000,-20000
062942,嘉澤凱基9B購02  ,0,0,0,0,0,0,0,0,0,-20000,0,0,0,50000,70000,-20000,-20000
060966,台表科凱基9B購01,0,0,0,0,0,0,0,0,0,-20000,0,0,0,0,20000,-20000,-20000
061182,南六凱基9A購01  ,0,0,0,0,0,0,0,0,0,-20000,0,0,0,0,20000,-20000,-20000
061177,大立光凱基9A購10,0,0,0,0,0,0,0,0,0,-20000,0,0,0,20000,40000,-20000,-20000
061446,鴻海中信04購01  ,0,0,0,0,0,0,0,0,0,-20000,0,0,0,0,20000,-20000,-20000
060868,致伸永豐9A購01  ,0,0,0,0,0,0,0,0,0,-20000,0,0,0,0,20000,-20000,-20000
060898,世芯凱基9A購03  ,0,0,0,0,0,0,0,0,0,-20000,0,0,0,28000,48000,-20000,-20000
060904,臺指反元大9C購07,0,0,0,0,0,0,0,0,0,-20000,0,0,0,0,20000,-20000,-20000
060857,旭富富邦9B購01  ,0,0,0,0,0,0,0,0,0,-20000,0,0,0,0,20000,-20000,-20000
062804,玉晶光統一9C購04,0,0,0,0,0,0,0,0,0,-20000,0,0,0,0,20000,-20000,-20000
062912,新日興元大9B購01,0,0,0,0,0,0,0,0,0,-20000,0,0,0,0,20000,-20000,-20000
062927,同欣電國票9B購02,0,0,0,0,0,0,0,0,0,-20000,0,0,0,10000,30000,-20000,-20000
060297,和碩元大9A購02  ,0,0,0,0,0,0,0,0,0,-20000,0,0,0,0,20000,-20000,-20000
060523,鴻海中信9C購03  ,0,0,0,0,0,0,0,0,0,-20000,0,0,0,0,20000,-20000,-20000
063323,同欣電群益9B購03,0,0,0,0,0,0,0,0,0,-20000,0,0,0,0,20000,-20000,-20000
06138P,台積電中信99售01,0,0,0,0,0,0,0,0,0,-20000,0,0,0,0,20000,-20000,-20000
061813,鴻海群益9B購02  ,0,0,0,0,0,0,0,0,0,-20000,0,0,0,50000,70000,-20000,-20000
062696,國巨元大9B購16  ,0,0,0,0,0,0,0,0,0,-20000,0,0,0,0,20000,-20000,-20000
059843,華新科富邦9B購03,0,0,0,0,0,0,0,0,0,-20000,0,0,0,0,20000,-20000,-20000
059848,智邦永豐99購01  ,0,0,0,0,0,0,0,0,0,-20000,0,0,0,0,20000,-20000,-20000
059926,世紀鋼國泰9B購01,0,0,0,0,0,0,0,0,0,-20000,0,0,0,10000,30000,-20000,-20000
059728,聯鈞元大99購01  ,0,0,0,0,0,0,0,0,0,-20000,0,0,0,0,20000,-20000,-20000
059974,臺指反元大9C購05,0,0,0,0,0,0,0,0,0,-20000,0,0,0,0,20000,-20000,-20000
060039,大立光國票99購04,0,0,0,0,0,0,0,0,0,-20000,0,0,0,0,20000,-20000,-20000
063522,技嘉凱基9B購03  ,0,0,0,0,0,0,0,0,0,-20000,0,0,0,1000,21000,-20000,-20000
06352P,臺股指富邦99售02,0,0,0,0,0,0,0,0,0,-20000,0,0,0,0,20000,-20000,-20000
063814,嘉晶群益9C購01  ,0,0,0,0,0,0,0,0,0,-20000,0,0,0,159000,179000,-20000,-20000
063797,台積電凱基02購02,0,0,0,0,0,0,0,0,0,-20000,0,0,0,0,20000,-20000,-20000
063768,華新科國泰9C購03,0,0,0,0,0,0,0,0,0,-20000,0,0,0,0,20000,-20000,-20000
063942,台積電元大01購03,0,0,0,0,0,0,0,0,0,-20000,0,0,0,0,20000,-20000,-20000
063991,南六永豐9C購02  ,0,0,0,0,0,0,0,0,0,-20000,0,0,0,0,20000,-20000,-20000
064114,南茂國票01購01  ,0,0,0,0,0,0,0,0,0,-20000,0,0,0,0,20000,-20000,-20000
064691,友達群益9C購04  ,0,0,0,0,0,0,0,0,0,-20000,0,0,0,0,20000,-20000,-20000
064762,致伸凱基9C購02  ,0,0,0,0,0,0,0,0,0,-20000,0,0,0,5000,25000,-20000,-20000
064571,帆宣群益9C購01  ,0,0,0,0,0,0,0,0,0,-20000,0,0,0,59000,79000,-20000,-20000
065626,華新科兆豐9C購02,0,0,0,0,0,0,0,0,0,-20000,0,0,0,352000,372000,-20000,-20000
065602,聯發科元大9C購15,0,0,0,0,0,0,0,0,0,-20000,0,0,0,52000,72000,-20000,-20000
065600,友達元大9C購11  ,0,0,0,0,0,0,0,0,0,-20000,0,0,0,50000,70000,-20000,-20000
065697,旺宏群益9C購07  ,0,0,0,0,0,0,0,0,0,-20000,0,0,0,0,20000,-20000,-20000
065583,超眾國泰02購01  ,0,0,0,0,0,0,0,0,0,-20000,0,0,0,0,20000,-20000,-20000
065428,旺宏凱基03購01  ,0,0,0,0,0,0,0,0,0,-20000,0,0,0,0,20000,-20000,-20000
065245,國泰金兆豐9C購01,0,0,0,0,0,0,0,0,0,-20000,0,0,0,113000,133000,-20000,-20000
065236,旭富凱基9C購01  ,0,0,0,0,0,0,0,0,0,-20000,0,0,0,0,20000,-20000,-20000
065134,中石化凱基01購01,0,0,0,0,0,0,0,0,0,-20000,0,0,0,40000,60000,-20000,-20000
08575P,長榮航凱基9C售02,0,0,0,0,0,0,0,0,0,-20000,0,0,0,0,20000,-20000,-20000
08326P,臺股指凱基9C售09,0,0,0,0,0,0,0,0,0,-20000,0,0,0,0,20000,-20000,-20000
08373P,大立光凱基01售05,0,0,0,0,0,0,0,0,0,-20000,0,0,0,6000,26000,-20000,-20000
08364P,聯發科凱基02售02,0,0,0,0,0,0,0,0,0,-20000,0,0,0,0,20000,-20000,-20000
08375P,聯電元富9C售02  ,0,0,0,0,0,0,0,0,0,-20000,0,0,0,182000,202000,-20000,-20000
08505P,臺股指國票9C售07,0,0,0,0,0,0,0,0,0,-20000,0,0,0,30000,50000,-20000,-20000
08413P,臻鼎凱基9C售03  ,0,0,0,0,0,0,0,0,0,-20000,0,0,0,0,20000,-20000,-20000
1464,得力            ,40000,61000,-21000,0,0,0,0,0,0,1000,1000,0,1000,0,0,0,-20000
08971P,臺股指元大01售14,0,0,0,0,0,0,0,0,0,-20000,0,0,0,0,20000,-20000,-20000
08908P,義隆凱基01售05  ,0,0,0,0,0,0,0,0,0,-20000,0,0,0,0,20000,-20000,-20000
08909P,華新科凱基01售04,0,0,0,0,0,0,0,0,0,-20000,0,0,0,0,20000,-20000,-20000
08791P,滬深2X中信03售01,0,0,0,0,0,0,0,0,0,-20000,0,0,0,0,20000,-20000,-20000
08714P,華碩元富01售03  ,0,0,0,0,0,0,0,0,0,-20000,0,0,0,126000,146000,-20000,-20000
08734P,創意康和01售02  ,0,0,0,0,0,0,0,0,0,-20000,0,0,0,0,20000,-20000,-20000
9136,巨騰-DR         ,31000,66000,-35000,0,0,0,0,0,0,15000,15000,0,15000,0,0,0,-20000
067822,同欣電凱基01購02,0,0,0,0,0,0,0,0,0,-21000,0,0,0,0,21000,-21000,-21000
067676,大立光元大01購12,0,0,0,0,0,0,0,0,0,-21000,0,0,0,63000,84000,-21000,-21000
066784,滬深反中信03購01,0,0,0,0,0,0,0,0,0,-21000,0,0,0,6000,27000,-21000,-21000
053291,旺宏中信9A購01  ,0,0,0,0,0,0,0,0,0,-21000,0,0,0,0,21000,-21000,-21000
047211,華新科富邦99購01,0,0,0,0,0,0,0,0,0,-21000,0,0,0,5000,26000,-21000,-21000
056671,台灣50元富9A購01,0,0,0,0,0,0,0,0,0,-21000,0,0,0,110000,131000,-21000,-21000
058325,昇陽半永豐99購01,0,0,0,0,0,0,0,0,0,-21000,0,0,0,0,21000,-21000,-21000
058016,智邦凱基98購06  ,0,0,0,0,0,0,0,0,0,-21000,0,0,0,0,21000,-21000,-21000
058485,智邦國票9A購01  ,0,0,0,0,0,0,0,0,0,-21000,0,0,0,12000,33000,-21000,-21000
063159,嘉澤國泰01購01  ,0,0,0,0,0,0,0,0,0,-21000,0,0,0,10000,31000,-21000,-21000
062901,台積電元大9B購05,0,0,0,0,0,0,0,0,0,-21000,0,0,0,0,21000,-21000,-21000
062674,百和中信03購01  ,0,0,0,0,0,0,0,0,0,-21000,0,0,0,10000,31000,-21000,-21000
062072,國巨元大9B購05  ,0,0,0,0,0,0,0,0,0,-21000,0,0,0,108000,129000,-21000,-21000
065273,南電元大9C購06  ,0,0,0,0,0,0,0,0,0,-21000,0,0,0,9000,30000,-21000,-21000
064965,臺指反元大03購02,0,0,0,0,0,0,0,0,0,-21000,0,0,0,0,21000,-21000,-21000
065505,健鼎永豐9C購01  ,0,0,0,0,0,0,0,0,0,-21000,0,0,0,0,21000,-21000,-21000
08990P,台積電元大01售28,0,0,0,0,0,0,0,0,0,-21000,0,0,0,4979000,5000000,-21000,-21000
08498P,大立光國票01售02,0,0,0,0,0,0,0,0,0,-21000,0,0,0,0,21000,-21000,-21000
08635P,大成鋼國票01售01,0,0,0,0,0,0,0,0,0,-21000,0,0,0,12000,33000,-21000,-21000
4137,麗豐-KY         ,61000,84000,-23000,0,0,0,0,0,0,2000,0,1000,-1000,8000,5000,3000,-21000
3018,同開            ,9000,30000,-21000,0,0,0,0,0,0,0,0,0,0,0,0,0,-21000
2850,新產            ,19273,31000,-11727,0,0,0,0,0,0,-10000,0,10000,-10000,0,0,0,-21727
066105,松翰國票01購01  ,0,0,0,0,0,0,0,0,0,-22000,0,0,0,0,22000,-22000,-22000
06613P,華新科富邦9A售03,0,0,0,0,0,0,0,0,0,-22000,0,0,0,0,22000,-22000,-22000
067796,臺股指群益01購08,0,0,0,0,0,0,0,0,0,-22000,0,0,0,0,22000,-22000,-22000
07797P,大立光國票9A售08,0,0,0,0,0,0,0,0,0,-22000,0,0,0,0,22000,-22000,-22000
08059P,京鼎元大9B售02  ,0,0,0,0,0,0,0,0,0,-22000,0,0,0,0,22000,-22000,-22000
058499,滬深2X元大9C購01,0,0,0,0,0,0,0,0,0,-22000,0,0,0,6000,28000,-22000,-22000
058526,鈺齊元大99購02  ,0,0,0,0,0,0,0,0,0,-22000,0,0,0,219000,241000,-22000,-22000
058428,大立光元富99購02,0,0,0,0,0,0,0,0,0,-22000,0,0,0,18000,40000,-22000,-22000
058572,百和凱基9A購01  ,0,0,0,0,0,0,0,0,0,-22000,0,0,0,60000,82000,-22000,-22000
062288,南六群益9B購01  ,0,0,0,0,0,0,0,0,0,-22000,0,0,0,0,22000,-22000,-22000
01001T,土銀富邦R1      ,0,0,0,0,0,0,0,0,0,-22000,0,22000,-22000,0,0,0,-22000
055320,建準國票98購01  ,0,0,0,0,0,0,0,0,0,-22000,0,0,0,22000,44000,-22000,-22000
062757,華通凱基9B購02  ,0,0,0,0,0,0,0,0,0,-22000,0,0,0,55000,77000,-22000,-22000
062604,東元凱基9B購01  ,0,0,0,0,0,0,0,0,0,-22000,0,0,0,0,22000,-22000,-22000
061244,和碩兆豐9A購01  ,0,0,0,0,0,0,0,0,0,-22000,0,0,0,0,22000,-22000,-22000
060431,復盛永豐9A購01  ,0,0,0,0,0,0,0,0,0,-22000,0,0,0,0,22000,-22000,-22000
060213,牧德康和9A購01  ,0,0,0,0,0,0,0,0,0,-22000,0,0,0,20000,42000,-22000,-22000
063006,道瓊反元大9C購01,0,0,0,0,0,0,0,0,0,-22000,0,0,0,0,22000,-22000,-22000
060307,南港永豐9A購01  ,0,0,0,0,0,0,0,0,0,-22000,0,0,0,40000,62000,-22000,-22000
063479,南六元大9B購06  ,0,0,0,0,0,0,0,0,0,-22000,0,0,0,35000,57000,-22000,-22000
065306,泰鼎元富9C購02  ,0,0,0,0,0,0,0,0,0,-22000,0,0,0,4000,26000,-22000,-22000
064558,台積電群益9C購08,0,0,0,0,0,0,0,0,0,-22000,0,0,0,144000,166000,-22000,-22000
064241,貿聯統一02購02  ,0,0,0,0,0,0,0,0,0,-22000,0,0,0,0,22000,-22000,-22000
063609,南電凱基9B購05  ,0,0,0,0,0,0,0,0,0,-22000,0,0,0,0,22000,-22000,-22000
2351,順德            ,130000,78000,52000,0,0,0,0,0,0,-74000,0,0,0,0,74000,-74000,-22000
08355P,智邦元大9C售03  ,0,0,0,0,0,0,0,0,0,-22000,0,0,0,2000,24000,-22000,-22000
1466,聚隆            ,219000,241000,-22000,0,0,0,0,0,0,0,0,0,0,0,0,0,-22000
08859P,奇鋐國票03售01  ,0,0,0,0,0,0,0,0,0,-22000,0,0,0,24000,46000,-22000,-22000
08808P,台灣50群益01售06,0,0,0,0,0,0,0,0,0,-22000,0,0,0,18000,40000,-22000,-22000
6269,台郡            ,815000,568000,247000,0,0,0,0,82000,-82000,-187000,186000,367000,-181000,22000,28000,-6000,-22000
07957P,晶技群益9B售02  ,0,0,0,0,0,0,0,0,0,-23000,0,0,0,6000,29000,-23000,-23000
08292P,華新科台新9C售01,0,0,0,0,0,0,0,0,0,-23000,0,0,0,19000,42000,-23000,-23000
07131P,緯穎元大99售06  ,0,0,0,0,0,0,0,0,0,-23000,0,0,0,30000,53000,-23000,-23000
066780,上証反中信04購01,0,0,0,0,0,0,0,0,0,-23000,0,0,0,0,23000,-23000,-23000
066679,微星兆豐01購01  ,0,0,0,0,0,0,0,0,0,-23000,0,0,0,75000,98000,-23000,-23000
066797,台積電凱基02購09,0,0,0,0,0,0,0,0,0,-23000,0,0,0,2000,25000,-23000,-23000
058977,SGBR2X凱基03購01,0,0,0,0,0,0,0,0,0,-23000,0,0,0,11000,34000,-23000,-23000
056667,上銀國票99購01  ,0,0,0,0,0,0,0,0,0,-23000,0,0,0,1000,24000,-23000,-23000
058015,旺宏凱基99購02  ,0,0,0,0,0,0,0,0,0,-23000,0,0,0,0,23000,-23000,-23000
058007,南電群益98購02  ,0,0,0,0,0,0,0,0,0,-23000,0,0,0,1000,24000,-23000,-23000
057165,國巨元大99購05  ,0,0,0,0,0,0,0,0,0,-23000,0,0,0,61000,84000,-23000,-23000
059085,鴻海元大99購25  ,0,0,0,0,0,0,0,0,0,-23000,0,0,0,0,23000,-23000,-23000
063154,南六元富9B購02  ,0,0,0,0,0,0,0,0,0,-23000,0,0,0,7000,30000,-23000,-23000
059688,燿華永豐99購01  ,0,0,0,0,0,0,0,0,0,-23000,0,0,0,124000,147000,-23000,-23000
062739,嘉晶國票9B購02  ,0,0,0,0,0,0,0,0,0,-23000,0,0,0,99000,122000,-23000,-23000
06178P,大立光第一99售01,0,0,0,0,0,0,0,0,0,-23000,0,0,0,140000,163000,-23000,-23000
061732,智邦中信9B購01  ,0,0,0,0,0,0,0,0,0,-23000,0,0,0,114000,137000,-23000,-23000
061106,群創元大9B購09  ,0,0,0,0,0,0,0,0,0,-23000,0,0,0,3000,26000,-23000,-23000
061320,奇力新凱基9A購04,0,0,0,0,0,0,0,0,0,-23000,0,0,0,0,23000,-23000,-23000
064270,華通元大9C購03  ,0,0,0,0,0,0,0,0,0,-23000,0,0,0,65000,88000,-23000,-23000
064491,金像電元大9C購03,0,0,0,0,0,0,0,0,0,-23000,0,0,0,9000,32000,-23000,-23000
064741,南亞科國票01購01,0,0,0,0,0,0,0,0,0,-23000,0,0,0,9000,32000,-23000,-23000
065196,技嘉元富06購01  ,0,0,0,0,0,0,0,0,0,-23000,0,0,0,0,23000,-23000,-23000
064907,緯穎群益9C購02  ,0,0,0,0,0,0,0,0,0,-23000,0,0,0,142000,165000,-23000,-23000
066006,大立光統一01購07,0,0,0,0,0,0,0,0,0,-23000,0,0,0,179000,202000,-23000,-23000
08458P,南電元大9C售04  ,0,0,0,0,0,0,0,0,0,-23000,0,0,0,0,23000,-23000,-23000
08631P,臺股指麥證9C售06,0,0,0,0,23000,-23000,0,0,0,-23000,0,0,0,0,23000,-23000,-23000
2906,高林            ,17000,40000,-23000,0,0,0,0,0,0,0,2000,2000,0,0,0,0,-23000
3518,柏騰            ,24000,47000,-23000,0,0,0,0,0,0,0,0,0,0,0,0,0,-23000
6192,巨路            ,31000,54096,-23096,0,0,0,0,0,0,0,0,0,0,0,0,0,-23096
066900,和潤康和07購01  ,0,0,0,0,0,0,0,0,0,-24000,0,0,0,0,24000,-24000,-24000
066988,新唐群益02購01  ,0,0,0,0,0,0,0,0,0,-24000,0,0,0,86000,110000,-24000,-24000
08246P,亞德客群益01售01,0,0,0,0,0,0,0,0,0,-24000,0,0,0,157000,181000,-24000,-24000
067696,欣興兆豐03購01  ,0,0,0,0,0,0,0,0,0,-24000,0,0,0,0,24000,-24000,-24000
057570,技嘉永豐98購02  ,0,0,0,0,0,0,0,0,0,-24000,0,0,0,33000,57000,-24000,-24000
05750P,臺股指群益99售04,0,0,0,0,0,0,0,0,0,-24000,0,0,0,20000,44000,-24000,-24000
058055,華擎統一9A購01  ,0,0,0,0,0,0,0,0,0,-24000,0,0,0,0,24000,-24000,-24000
062293,麗豐永豐9B購01  ,0,0,0,0,0,0,0,0,0,-24000,0,0,0,58000,82000,-24000,-24000
062037,華新凱基9B購01  ,0,0,0,0,0,0,0,0,0,-24000,0,0,0,10000,34000,-24000,-24000
057513,智邦台新98購01  ,0,0,0,0,0,0,0,0,0,-24000,0,0,0,0,24000,-24000,-24000
060942,智邦國票9A購02  ,0,0,0,0,0,0,0,0,0,-24000,0,0,0,4000,28000,-24000,-24000
061140,華擎統一9C購01  ,0,0,0,0,0,0,0,0,0,-24000,0,0,0,0,24000,-24000,-24000
060775,世芯凱基9A購02  ,0,0,0,0,0,0,0,0,0,-24000,0,0,0,27000,51000,-24000,-24000
062470,智邦凱基9C購01  ,0,0,0,0,0,0,0,0,0,-24000,0,0,0,63000,87000,-24000,-24000
062481,同欣電國票9B購01,0,0,0,0,0,0,0,0,0,-24000,0,0,0,0,24000,-24000,-24000
063186,聯發科凱基9C購04,0,0,0,0,0,0,0,0,0,-24000,0,0,0,30000,54000,-24000,-24000
059512,晶豪科永豐99購02,0,0,0,0,0,0,0,0,0,-24000,0,0,0,13000,37000,-24000,-24000
060333,金寶康和9A購01  ,0,0,0,0,0,0,0,0,0,-24000,0,0,0,59000,83000,-24000,-24000
060347,大立光統一02購01,0,0,0,0,0,0,0,0,0,-24000,0,0,0,10000,34000,-24000,-24000
065906,瑞昱永豐9C購01  ,0,0,0,0,0,0,0,0,0,-24000,0,0,0,80000,104000,-24000,-24000
064830,可成統一9C購04  ,0,0,0,0,0,0,0,0,0,-24000,0,0,0,0,24000,-24000,-24000
065033,和碩兆豐9C購01  ,0,0,0,0,0,0,0,0,0,-24000,0,0,0,0,24000,-24000,-24000
065045,信邦凱基9C購01  ,0,0,0,0,0,0,0,0,0,-24000,0,0,0,46000,70000,-24000,-24000
065175,大立光元大01購05,0,0,0,0,0,0,0,0,0,-24000,0,0,0,51000,75000,-24000,-24000
065161,矽格群益9C購01  ,0,0,0,0,0,0,0,0,0,-24000,0,0,0,21000,45000,-24000,-24000
064534,京元電國票01購01,0,0,0,0,0,0,0,0,0,-24000,0,0,0,50000,74000,-24000,-24000
2462,良得電          ,2000,26000,-24000,0,0,0,0,0,0,0,0,0,0,0,0,0,-24000
067812,國泰金凱基01購01,0,0,0,0,0,0,0,0,0,-25000,0,0,0,0,25000,-25000,-25000
067802,台積電凱基07購01,0,0,0,0,0,0,0,0,0,-25000,0,0,0,0,25000,-25000,-25000
067803,台積電凱基07購02,0,0,0,0,0,0,0,0,0,-25000,0,0,0,0,25000,-25000,-25000
067431,新光金凱基01購01,0,0,0,0,0,0,0,0,0,-25000,0,0,0,0,25000,-25000,-25000
08052P,臺股指國票9B售17,0,0,0,0,0,0,0,0,0,-25000,0,0,0,0,25000,-25000,-25000
07359P,台積電元大99售45,0,0,0,0,0,0,0,0,0,-25000,0,0,0,0,25000,-25000,-25000
07292P,臺股指凱基99售44,0,0,0,0,0,0,0,0,0,-25000,0,0,0,0,25000,-25000,-25000
07649P,金像電永豐9A售02,0,0,0,0,0,0,0,0,0,-25000,0,0,0,0,25000,-25000,-25000
067060,A50正2元大01購02,0,0,0,0,0,0,0,0,0,-25000,0,0,0,0,25000,-25000,-25000
067244,康控群益01購02  ,0,0,0,0,0,0,0,0,0,-25000,0,0,0,0,25000,-25000,-25000
066151,大立光麥證01購02,0,0,0,0,25000,-25000,0,0,0,-25000,0,0,0,0,25000,-25000,-25000
066505,可成富邦03購01  ,0,0,0,0,0,0,0,0,0,-25000,0,0,0,20000,45000,-25000,-25000
056668,光磊國票99購01  ,0,0,0,0,0,0,0,0,0,-25000,0,0,0,0,25000,-25000,-25000
057057,立積元大9A購01  ,0,0,0,0,0,0,0,0,0,-25000,0,0,0,0,25000,-25000,-25000
057151,易華電國票99購01,0,0,0,0,0,0,0,0,0,-25000,0,0,0,0,25000,-25000,-25000
046061,中石化凱基98購01,0,0,0,0,0,0,0,0,0,-25000,0,0,0,5000,30000,-25000,-25000
00710B,FH彭博高收益債  ,0,0,0,0,0,0,0,0,0,-25000,0,0,0,41000,66000,-25000,-25000
062358,國巨元大9B購12  ,0,0,0,0,0,0,0,0,0,-25000,0,0,0,50000,75000,-25000,-25000
058166,鴻海凱基9A購01  ,0,0,0,0,0,0,0,0,0,-25000,0,0,0,0,25000,-25000,-25000
057620,康控凱基99購01  ,0,0,0,0,0,0,0,0,0,-25000,0,0,0,0,25000,-25000,-25000
057582,亞光中信9A購02  ,0,0,0,0,0,0,0,0,0,-25000,0,0,0,80000,105000,-25000,-25000
058531,華通元富99購01  ,0,0,0,0,0,0,0,0,0,-25000,0,0,0,11000,36000,-25000,-25000
061881,緯穎元大9B購02  ,0,0,0,0,0,0,0,0,0,-25000,0,0,0,25000,50000,-25000,-25000
063191,台表科凱基9B購03,0,0,0,0,0,0,0,0,0,-25000,0,0,0,102000,127000,-25000,-25000
063308,緯穎凱基9B購05  ,0,0,0,0,0,0,0,0,0,-25000,0,0,0,0,25000,-25000,-25000
061745,南電凱基9B購02  ,0,0,0,0,0,0,0,0,0,-25000,0,0,0,101000,126000,-25000,-25000
062695,華通元大9C購01  ,0,0,0,0,0,0,0,0,0,-25000,0,0,0,0,25000,-25000,-25000
061019,大毅國票9A購01  ,0,0,0,0,0,0,0,0,0,-25000,0,0,0,20000,45000,-25000,-25000
062158,禾伸堂凱基9B購01,0,0,0,0,0,0,0,0,0,-25000,0,0,0,0,25000,-25000,-25000
062208,旭富國票9C購01  ,0,0,0,0,0,0,0,0,0,-25000,0,0,0,22000,47000,-25000,-25000
062436,國巨元大9B購14  ,0,0,0,0,0,0,0,0,0,-25000,0,0,0,50000,75000,-25000,-25000
064334,可成元大01購01  ,0,0,0,0,0,0,0,0,0,-25000,0,0,0,39000,64000,-25000,-25000
064212,可成凱基03購01  ,0,0,0,0,0,0,0,0,0,-25000,0,0,0,138000,163000,-25000,-25000
064166,和潤統一02購01  ,0,0,0,0,0,0,0,0,0,-25000,0,0,0,0,25000,-25000,-25000
063850,玉晶光元大9C購07,0,0,0,0,0,0,0,0,0,-25000,0,0,0,3000,28000,-25000,-25000
065235,旭富凱基02購01  ,0,0,0,0,0,0,0,0,0,-25000,0,0,0,0,25000,-25000,-25000
065088,可成元大9C購09  ,0,0,0,0,0,0,0,0,0,-25000,0,0,0,0,25000,-25000,-25000
064857,T50反1富邦01購02,0,0,0,0,0,0,0,0,0,-25000,0,0,0,0,25000,-25000,-25000
065961,東元元大04購01  ,0,0,0,0,0,0,0,0,0,-25000,0,0,0,34000,59000,-25000,-25000
065744,華新元大9C購01  ,0,0,0,0,0,0,0,0,0,-25000,0,0,0,12000,37000,-25000,-25000
065629,台積電國票01購04,0,0,0,0,0,0,0,0,0,-25000,0,0,0,8000,33000,-25000,-25000
1541,錩泰            ,5000,28000,-23000,0,0,0,0,0,0,-2000,0,2000,-2000,0,0,0,-25000
08512P,玉晶光永豐9C售06,0,0,0,0,0,0,0,0,0,-25000,0,0,0,5000,30000,-25000,-25000
08775P,台灣50群益01售05,0,0,0,0,0,0,0,0,0,-25000,0,0,0,75000,100000,-25000,-25000
066168,強茂凱基01購02  ,0,0,0,0,0,0,0,0,0,-26000,0,0,0,90000,116000,-26000,-26000
066725,華通元大01購05  ,0,0,0,0,0,0,0,0,0,-26000,0,0,0,81000,107000,-26000,-26000
066789,聯詠麥證01購01  ,0,0,0,28000,54000,-26000,0,0,0,-26000,0,0,0,28000,54000,-26000,-26000
07856P,力成凱基9A售02  ,0,0,0,0,0,0,0,0,0,-26000,0,0,0,0,26000,-26000,-26000
08091P,A50正2元富9B售02,0,0,0,0,0,0,0,0,0,-26000,0,0,0,25000,51000,-26000,-26000
067329,巨大康和01購02  ,0,0,0,0,0,0,0,0,0,-26000,0,0,0,4000,30000,-26000,-26000
057564,台積電富邦9B購03,0,0,0,0,0,0,0,0,0,-26000,0,0,0,4000,30000,-26000,-26000
00660,元大歐洲50      ,0,0,0,0,0,0,0,0,0,-26000,0,0,0,2000,28000,-26000,-26000
056682,鴻海統一98購10  ,0,0,0,0,0,0,0,0,0,-26000,0,0,0,20000,46000,-26000,-26000
056304,創意元大97購03  ,0,0,0,0,0,0,0,0,0,-26000,0,0,0,49000,75000,-26000,-26000
059886,可成國票99購04  ,0,0,0,0,0,0,0,0,0,-26000,0,0,0,24000,50000,-26000,-26000
060153,A50正2永豐9A購01,0,0,0,0,0,0,0,0,0,-26000,0,0,0,18000,44000,-26000,-26000
061857,康友國票9B購01  ,0,0,0,0,0,0,0,0,0,-26000,0,0,0,30000,56000,-26000,-26000
065622,鴻海中信06購01  ,0,0,0,0,0,0,0,0,0,-26000,0,0,0,10000,36000,-26000,-26000
065707,聯詠群益9C購02  ,0,0,0,0,0,0,0,0,0,-26000,0,0,0,40000,66000,-26000,-26000
064960,世紀鋼凱基03購01,0,0,0,0,0,0,0,0,0,-26000,0,0,0,28000,54000,-26000,-26000
064952,國泰金凱基9C購01,0,0,0,0,0,0,0,0,0,-26000,0,0,0,0,26000,-26000,-26000
06499P,臺股指元大9A售04,0,0,0,0,0,0,0,0,0,-26000,0,0,0,0,26000,-26000,-26000
064353,力成元大9C購02  ,0,0,0,0,0,0,0,0,0,-26000,0,0,0,60000,86000,-26000,-26000
08967P,聯電元大01售03  ,0,0,0,0,0,0,0,0,0,-26000,0,0,0,0,26000,-26000,-26000
08513P,聯發科凱基9C售08,0,0,0,0,0,0,0,0,0,-26000,0,0,0,0,26000,-26000,-26000
1506,正道            ,35000,61000,-26000,0,0,0,0,0,0,0,0,0,0,0,0,0,-26000
1708,東鹼            ,28000,51000,-23000,0,0,0,0,0,0,-3000,0,3000,-3000,0,0,0,-26000
3588,通嘉            ,236000,262000,-26000,0,0,0,0,0,0,0,0,0,0,0,0,0,-26000
6573,虹揚-KY         ,29000,13000,16000,0,0,0,0,0,0,-42000,0,42000,-42000,0,0,0,-26000
067871,玉晶光元大01購08,0,0,0,0,0,0,0,0,0,-27000,0,0,0,0,27000,-27000,-27000
066876,大立光富邦05購01,0,0,0,0,0,0,0,0,0,-27000,0,0,0,193000,220000,-27000,-27000
066979,國巨群益01購04  ,0,0,0,0,0,0,0,0,0,-27000,0,0,0,12000,39000,-27000,-27000
066553,大立光元大01購09,0,0,0,0,0,0,0,0,0,-27000,0,0,0,140000,167000,-27000,-27000
056915,上銀兆豐99購01  ,0,0,0,0,0,0,0,0,0,-27000,0,0,0,40000,67000,-27000,-27000
046905,新光金凱基99購01,0,0,0,0,0,0,0,0,0,-27000,0,0,0,0,27000,-27000,-27000
0052,富邦科技        ,1000,2000,-1000,0,0,0,0,0,0,-26000,0,0,0,105000,131000,-26000,-27000
00762,元大全球AI      ,0,0,0,0,0,0,0,0,0,-27000,0,0,0,140000,167000,-27000,-27000
062297,億豐永豐9B購01  ,0,0,0,0,0,0,0,0,0,-27000,0,0,0,0,27000,-27000,-27000
059386,上銀凱基99購07  ,0,0,0,0,0,0,0,0,0,-27000,0,0,0,3000,30000,-27000,-27000
062721,美律凱基9B購02  ,0,0,0,0,0,0,0,0,0,-27000,0,0,0,0,27000,-27000,-27000
060705,台光電富邦9B購01,0,0,0,0,0,0,0,0,0,-27000,0,0,0,16000,43000,-27000,-27000
060721,瑞儀永豐9A購01  ,0,0,0,0,0,0,0,0,0,-27000,0,0,0,0,27000,-27000,-27000
064621,大立光元大9C購20,0,0,0,0,0,0,0,0,0,-27000,0,0,0,10000,37000,-27000,-27000
063715,鈺齊凱基9C購01  ,0,0,0,0,0,0,0,0,0,-27000,0,0,0,35000,62000,-27000,-27000
066222,生達國泰02購01  ,0,0,0,0,0,0,0,0,0,-28000,0,0,0,2000,30000,-28000,-28000
066866,滬深2X元富01購03,0,0,0,0,0,0,0,0,0,-28000,0,0,0,0,28000,-28000,-28000
07835P,台表科群益9A售02,0,0,0,0,0,0,0,0,0,-28000,0,0,0,0,28000,-28000,-28000
08006P,長榮航中信03售01,0,0,0,0,0,0,0,0,0,-28000,0,0,0,0,28000,-28000,-28000
07196P,大立光元大99售13,0,0,0,0,0,0,0,0,0,-28000,0,0,0,0,28000,-28000,-28000
062055,鴻海統一9C購07  ,0,0,0,0,0,0,0,0,0,-28000,0,0,0,0,28000,-28000,-28000
052890,FB上証群益9B購01,0,0,0,0,0,0,0,0,0,-28000,0,0,0,2000,30000,-28000,-28000
058983,旺宏凱基99購05  ,0,0,0,0,0,0,0,0,0,-28000,0,0,0,0,28000,-28000,-28000
061101,道瓊銀元大9A購02,0,0,0,0,0,0,0,0,0,-28000,0,0,0,40000,68000,-28000,-28000
063013,技嘉元大9B購02  ,0,0,0,0,0,0,0,0,0,-28000,0,0,0,27000,55000,-28000,-28000
061186,牧德國泰9C購01  ,0,0,0,0,0,0,0,0,0,-28000,0,0,0,97000,125000,-28000,-28000
062434,華通元大9B購04  ,0,0,0,0,0,0,0,0,0,-28000,0,0,0,47000,75000,-28000,-28000
060890,大立光統一01購01,0,0,0,0,0,0,0,0,0,-28000,0,0,0,165000,193000,-28000,-28000
062509,SP黃豆國票9B購03,0,0,0,0,0,0,0,0,0,-28000,0,0,0,0,28000,-28000,-28000
059890,大立光國票99購03,0,0,0,0,0,0,0,0,0,-28000,0,0,0,57000,85000,-28000,-28000
063724,亞德客元大9B購03,0,0,0,0,0,0,0,0,0,-28000,0,0,0,102000,130000,-28000,-28000
064007,嘉澤凱基02購01  ,0,0,0,0,0,0,0,0,0,-28000,0,0,0,76000,104000,-28000,-28000
064727,群創統一02購03  ,0,0,0,0,0,0,0,0,0,-28000,0,0,0,191000,219000,-28000,-28000
06433P,大立光群益99售01,0,0,0,0,0,0,0,0,0,-28000,0,0,0,12000,40000,-28000,-28000
064328,華通元大9C購04  ,0,0,0,0,0,0,0,0,0,-28000,0,0,0,1000,29000,-28000,-28000
065260,金像電元大9C購07,0,0,0,0,0,0,0,0,0,-28000,0,0,0,0,28000,-28000,-28000
065554,群創凱基02購02  ,0,0,0,0,0,0,0,0,0,-28000,0,0,0,50000,78000,-28000,-28000
065747,華通元大9C購07  ,0,0,0,0,0,0,0,0,0,-28000,0,0,0,0,28000,-28000,-28000
066005,國巨統一03購01  ,0,0,0,0,0,0,0,0,0,-28000,0,0,0,0,28000,-28000,-28000
2496,卓越            ,12000,40000,-28000,0,0,0,0,0,0,0,0,0,0,0,0,0,-28000
1435,中福            ,5000,33000,-28000,0,0,0,0,0,0,0,0,0,0,0,0,0,-28000
1340,勝悅-KY         ,8000,35000,-27000,0,0,0,0,0,0,-1000,0,1000,-1000,0,0,0,-28000
07912P,玉晶光統一9B售02,0,0,0,0,0,0,0,0,0,-29000,0,0,0,2000,31000,-29000,-29000
08160P,茂林元富9B售03  ,0,0,0,0,0,0,0,0,0,-29000,0,0,0,94000,123000,-29000,-29000
08200P,祥碩元大9B售08  ,0,0,0,0,0,0,0,0,0,-29000,0,0,0,90000,119000,-29000,-29000
067917,冠德永豐01購01  ,0,0,0,0,0,0,0,0,0,-29000,0,0,0,0,29000,-29000,-29000
067395,金像電永豐01購04,0,0,0,0,0,0,0,0,0,-29000,0,0,0,57000,86000,-29000,-29000
067377,欣興統一02購01  ,0,0,0,0,0,0,0,0,0,-29000,0,0,0,135000,164000,-29000,-29000
066767,敦泰永豐01購02  ,0,0,0,0,0,0,0,0,0,-29000,0,0,0,42000,71000,-29000,-29000
066762,總太永豐01購02  ,0,0,0,0,0,0,0,0,0,-29000,0,0,0,0,29000,-29000,-29000
066340,敦泰永豐01購01  ,0,0,0,0,0,0,0,0,0,-29000,0,0,0,86000,115000,-29000,-29000
066642,臺股指凱基04購01,0,0,0,0,0,0,0,0,0,-29000,0,0,0,20000,49000,-29000,-29000
055437,禾伸堂中信99購01,0,0,0,0,0,0,0,0,0,-29000,0,0,0,1000,30000,-29000,-29000
056165,矽力凱基98購02  ,0,0,0,0,0,0,0,0,0,-29000,0,0,0,20000,49000,-29000,-29000
062551,緯穎永豐9B購02  ,0,0,0,0,0,0,0,0,0,-29000,0,0,0,1000,30000,-29000,-29000
062307,華通凱基9C購01  ,0,0,0,0,0,0,0,0,0,-29000,0,0,0,99000,128000,-29000,-29000
057275,友達元大9A購04  ,0,0,0,0,0,0,0,0,0,-29000,0,0,0,0,29000,-29000,-29000
063224,泰鼎群益9B購02  ,0,0,0,0,0,0,0,0,0,-29000,0,0,0,102000,131000,-29000,-29000
063498,金像電永豐9B購02,0,0,0,0,0,0,0,0,0,-29000,0,0,0,22000,51000,-29000,-29000
062797,瑞昱統一9B購01  ,0,0,0,0,0,0,0,0,0,-29000,0,0,0,23000,52000,-29000,-29000
061204,國巨元大9A購16  ,0,0,0,0,0,0,0,0,0,-29000,0,0,0,8000,37000,-29000,-29000
061150,國巨群益9A購09  ,0,0,0,0,0,0,0,0,0,-29000,0,0,0,30000,59000,-29000,-29000
060747,聯鈞國票9A購02  ,0,0,0,0,0,0,0,0,0,-29000,0,0,0,11000,40000,-29000,-29000
065718,健策中信9C購02  ,0,0,0,0,0,0,0,0,0,-29000,0,0,0,53000,82000,-29000,-29000
064619,南亞科元大9C購05,0,0,0,0,0,0,0,0,0,-29000,0,0,0,196000,225000,-29000,-29000
064548,漢翔凱基9C購01  ,0,0,0,0,0,0,0,0,0,-29000,0,0,0,0,29000,-29000,-29000
08911P,力成凱基01售01  ,0,0,0,0,0,0,0,0,0,-29000,0,0,0,0,29000,-29000,-29000
3591,艾笛森          ,6000,35000,-29000,0,0,0,0,0,0,0,0,0,0,0,0,0,-29000
2607,榮運            ,32000,78000,-46000,0,0,0,0,0,0,17000,18000,1000,17000,0,0,0,-29000
4994,傳奇            ,22000,51000,-29000,0,0,0,0,0,0,0,0,0,0,0,0,0,-29000
066602,滬深2X富邦03購01,0,0,0,0,0,0,0,0,0,-30000,0,0,0,0,30000,-30000,-30000
066399,聯鈞凱基01購02  ,0,0,0,0,0,0,0,0,0,-30000,0,0,0,0,30000,-30000,-30000
066800,晶豪科凱基02購01,0,0,0,0,0,0,0,0,0,-30000,0,0,0,0,30000,-30000,-30000
066684,T50反1元富07購01,0,0,0,0,0,0,0,0,0,-30000,0,0,0,0,30000,-30000,-30000
066888,長榮航中信07購01,0,0,0,0,0,0,0,0,0,-30000,0,0,0,0,30000,-30000,-30000
066974,SP黃豆群益03購01,0,0,0,0,0,0,0,0,0,-30000,0,0,0,0,30000,-30000,-30000
067370,南亞科統一03購03,0,0,0,0,0,0,0,0,0,-30000,0,0,0,0,30000,-30000,-30000
067446,台積電國票02購03,0,0,0,0,0,0,0,0,0,-30000,0,0,0,36000,66000,-30000,-30000
067567,瀚宇博康和01購01,0,0,0,0,0,0,0,0,0,-30000,0,0,0,0,30000,-30000,-30000
06789P,鴻海凱基98售12  ,0,0,0,0,0,0,0,0,0,-30000,0,0,0,0,30000,-30000,-30000
067824,鈺齊凱基01購02  ,0,0,0,0,0,0,0,0,0,-30000,0,0,0,0,30000,-30000,-30000
067753,臺股指元大01購17,0,0,0,0,0,0,0,0,0,-30000,0,0,0,0,30000,-30000,-30000
067772,超眾統一03購02  ,0,0,0,0,0,0,0,0,0,-30000,0,0,0,0,30000,-30000,-30000
067778,A50群益01購01   ,0,0,0,0,0,0,0,0,0,-30000,0,0,0,0,30000,-30000,-30000
067656,新日興元富07購01,0,0,0,0,0,0,0,0,0,-30000,0,0,0,0,30000,-30000,-30000
08033P,台灣50兆豐9C售03,0,0,0,0,0,0,0,0,0,-30000,0,0,0,0,30000,-30000,-30000
08046P,臺股指國票9B售11,0,0,0,0,0,0,0,0,0,-30000,0,0,0,0,30000,-30000,-30000
07132P,臺股指元大99售11,0,0,0,0,0,0,0,0,0,-30000,0,0,0,20000,50000,-30000,-30000
07226P,貿聯富邦9B售01  ,0,0,0,0,0,0,0,0,0,-30000,0,0,0,0,30000,-30000,-30000
07251P,台灣50元富01售04,0,0,0,0,0,0,0,0,0,-30000,0,0,0,0,30000,-30000,-30000
07305P,T50正2群益99售02,0,0,0,0,0,0,0,0,0,-30000,0,0,0,0,30000,-30000,-30000
07035P,大立光元富99售04,0,0,0,0,0,0,0,0,0,-30000,0,0,0,92000,122000,-30000,-30000
07014P,華通元大99售04  ,0,0,0,0,0,0,0,0,0,-30000,0,0,0,10000,40000,-30000,-30000
07765P,台積電群益9A售06,0,0,0,0,0,0,0,0,0,-30000,0,0,0,20000,50000,-30000,-30000
07766P,美律群益9A售03  ,0,0,0,0,0,0,0,0,0,-30000,0,0,0,0,30000,-30000,-30000
07773P,台灣50群益9A售15,0,0,0,0,0,0,0,0,0,-30000,0,0,0,0,30000,-30000,-30000
07536P,華新科元富9A售04,0,0,0,0,0,0,0,0,0,-30000,0,0,0,5000,35000,-30000,-30000
059062,群創凱基99購05  ,0,0,0,0,0,0,0,0,0,-30000,0,0,0,13000,43000,-30000,-30000
059124,台積電第一03購01,0,0,0,0,0,0,0,0,0,-30000,0,0,0,0,30000,-30000,-30000
058651,FBVIX中信9C購01 ,0,0,0,0,0,0,0,0,0,-30000,0,0,0,0,30000,-30000,-30000
059327,南茂元大99購01  ,0,0,0,0,0,0,0,0,0,-30000,0,0,0,0,30000,-30000,-30000
062311,奇力新凱基9B購01,0,0,0,0,0,0,0,0,0,-30000,0,0,0,40000,70000,-30000,-30000
062261,嘉晶元大9B購02  ,0,0,0,0,0,0,0,0,0,-30000,0,0,0,11000,41000,-30000,-30000
062269,葡萄王群益9B購01,0,0,0,0,0,0,0,0,0,-30000,0,0,0,0,30000,-30000,-30000
062563,緯穎凱基9B購03  ,0,0,0,0,0,0,0,0,0,-30000,0,0,0,0,30000,-30000,-30000
061989,晶技元大9B購04  ,0,0,0,0,0,0,0,0,0,-30000,0,0,0,22000,52000,-30000,-30000
060824,旺宏元大9A購06  ,0,0,0,0,0,0,0,0,0,-30000,0,0,0,0,30000,-30000,-30000
062019,嘉澤永豐9B購01  ,0,0,0,0,0,0,0,0,0,-30000,0,0,0,123000,153000,-30000,-30000
062016,美食永豐9B購01  ,0,0,0,0,0,0,0,0,0,-30000,0,0,0,0,30000,-30000,-30000
057957,嘉晶元大98購01  ,0,0,0,0,0,0,0,0,0,-30000,0,0,0,9000,39000,-30000,-30000
058310,大立光元大99購10,0,0,0,0,0,0,0,0,0,-30000,0,0,0,10000,40000,-30000,-30000
058560,T50反1凱基9A購04,0,0,0,0,0,0,0,0,0,-30000,0,0,0,0,30000,-30000,-30000
057757,鴻海凱基98購13  ,0,0,0,0,0,0,0,0,0,-30000,0,0,0,0,30000,-30000,-30000
057758,鴻海凱基99購03  ,0,0,0,0,0,0,0,0,0,-30000,0,0,0,0,30000,-30000,-30000
057785,智邦國票99購02  ,0,0,0,0,0,0,0,0,0,-30000,0,0,0,1000,31000,-30000,-30000
058589,群創中信01購01  ,0,0,0,0,0,0,0,0,0,-30000,0,0,0,8000,38000,-30000,-30000
056173,廣達元富97購01  ,0,0,0,0,0,0,0,0,0,-30000,0,0,0,0,30000,-30000,-30000
055337,超眾兆豐98購01  ,0,0,0,0,0,0,0,0,0,-30000,0,0,0,0,30000,-30000,-30000
055842,建準元大98購01  ,0,0,0,0,0,0,0,0,0,-30000,0,0,0,0,30000,-30000,-30000
056326,TPK兆豐98購01   ,0,0,0,0,0,0,0,0,0,-30000,0,0,0,0,30000,-30000,-30000
054586,健鼎國泰99購01  ,0,0,0,0,0,0,0,0,0,-30000,0,0,0,0,30000,-30000,-30000
056859,台積電群益98購02,0,0,0,0,0,0,0,0,0,-30000,0,0,0,0,30000,-30000,-30000
055622,群創國泰99購01  ,0,0,0,0,0,0,0,0,0,-30000,0,0,0,0,30000,-30000,-30000
056466,臺股指凱基99購08,0,0,0,0,0,0,0,0,0,-30000,0,0,0,0,30000,-30000,-30000
059195,國巨永豐99購04  ,0,0,0,0,0,0,0,0,0,-30000,0,0,0,1000,31000,-30000,-30000
059005,嘉晶元大99購06  ,0,0,0,0,0,0,0,0,0,-30000,0,0,0,10000,40000,-30000,-30000
058946,SGBR2X群益9B購01,0,0,0,0,0,0,0,0,0,-30000,0,0,0,338000,368000,-30000,-30000
058860,SGBR2X凱基9A購01,0,0,0,0,0,0,0,0,0,-30000,0,0,0,0,30000,-30000,-30000
03017X,元展17          ,0,0,0,0,0,0,0,0,0,-30000,0,0,0,0,30000,-30000,-30000
061187,瀚宇博國泰9C購01,0,0,0,0,0,0,0,0,0,-30000,0,0,0,0,30000,-30000,-30000
060459,鴻海元大9A購07  ,0,0,0,0,0,0,0,0,0,-30000,0,0,0,0,30000,-30000,-30000
060221,大立光凱基9A購07,0,0,0,0,0,0,0,0,0,-30000,0,0,0,0,30000,-30000,-30000
062095,旺宏富邦9C購03  ,0,0,0,0,0,0,0,0,0,-30000,0,0,0,0,30000,-30000,-30000
062455,鴻海群益9C購01  ,0,0,0,0,0,0,0,0,0,-30000,0,0,0,0,30000,-30000,-30000
063487,國巨國泰01購02  ,0,0,0,0,0,0,0,0,0,-30000,0,0,0,40000,70000,-30000,-30000
063410,南六國票9C購01  ,0,0,0,0,0,0,0,0,0,-30000,0,0,0,0,30000,-30000,-30000
063366,台表科富邦9C購02,0,0,0,0,0,0,0,0,0,-30000,0,0,0,10000,40000,-30000,-30000
063215,台表科國票9C購02,0,0,0,0,0,0,0,0,0,-30000,0,0,0,12000,42000,-30000,-30000
063236,旺宏元大9B購07  ,0,0,0,0,0,0,0,0,0,-30000,0,0,0,0,30000,-30000,-30000
060296,和碩元大9A購01  ,0,0,0,0,0,0,0,0,0,-30000,0,0,0,0,30000,-30000,-30000
060551,大立光凱基9B購02,0,0,0,0,0,0,0,0,0,-30000,0,0,0,20000,50000,-30000,-30000
060522,鴻海中信9A購03  ,0,0,0,0,0,0,0,0,0,-30000,0,0,0,0,30000,-30000,-30000
060086,鴻海元大99購42  ,0,0,0,0,0,0,0,0,0,-30000,0,0,0,0,30000,-30000,-30000
059977,鴻海元大99購40  ,0,0,0,0,0,0,0,0,0,-30000,0,0,0,0,30000,-30000,-30000
061042,致新永豐9A購02  ,0,0,0,0,0,0,0,0,0,-30000,0,0,0,121000,151000,-30000,-30000
064513,T50反1群益9C購01,0,0,0,0,0,0,0,0,0,-30000,0,0,0,179000,209000,-30000,-30000
064531,旭富兆豐9C購01  ,0,0,0,0,0,0,0,0,0,-30000,0,0,0,101000,131000,-30000,-30000
064592,同欣電永豐9C購01,0,0,0,0,0,0,0,0,0,-30000,0,0,0,0,30000,-30000,-30000
064696,群創群益9C購02  ,0,0,0,0,0,0,0,0,0,-30000,0,0,0,0,30000,-30000,-30000
064756,友達凱基02購02  ,0,0,0,0,0,0,0,0,0,-30000,0,0,0,20000,50000,-30000,-30000
064211,友達凱基02購01  ,0,0,0,0,0,0,0,0,0,-30000,0,0,0,35000,65000,-30000,-30000
064390,台塑永豐9C購01  ,0,0,0,0,0,0,0,0,0,-30000,0,0,0,18000,48000,-30000,-30000
064420,台積電兆豐9C購03,0,0,0,0,0,0,0,0,0,-30000,0,0,0,0,30000,-30000,-30000
064455,美食統一01購03  ,0,0,0,0,0,0,0,0,0,-30000,0,0,0,0,30000,-30000,-30000
063910,漢唐凱基9C購01  ,0,0,0,0,0,0,0,0,0,-30000,0,0,0,30000,60000,-30000,-30000
065668,南亞科凱基9C購02,0,0,0,0,0,0,0,0,0,-30000,0,0,0,10000,40000,-30000,-30000
065899,神基麥證9C購02  ,0,0,0,65000,95000,-30000,0,0,0,-30000,0,0,0,65000,95000,-30000,-30000
065921,GIS凱基01購02   ,0,0,0,0,0,0,0,0,0,-30000,0,0,0,166000,196000,-30000,-30000
065770,元黃金國票01購01,0,0,0,0,0,0,0,0,0,-30000,0,0,0,0,30000,-30000,-30000
065836,T50反1元大9C購11,0,0,0,0,0,0,0,0,0,-30000,0,0,0,0,30000,-30000,-30000
065226,華通凱基01購01  ,0,0,0,0,0,0,0,0,0,-30000,0,0,0,20000,50000,-30000,-30000
065223,旺宏中信01購01  ,0,0,0,0,0,0,0,0,0,-30000,0,0,0,0,30000,-30000,-30000
065107,道瓊反國票9C購03,0,0,0,0,0,0,0,0,0,-30000,0,0,0,0,30000,-30000,-30000
1503,士電            ,23000,37000,-14000,0,0,0,0,0,0,-16000,0,16000,-16000,0,0,0,-30000
08940P,聯發科第一01售01,0,0,0,0,0,0,0,0,0,-30000,0,0,0,0,30000,-30000,-30000
08989P,玉晶光國票03售01,0,0,0,0,0,0,0,0,0,-30000,0,0,0,0,30000,-30000,-30000
08751P,友達群益01售01  ,0,0,0,0,0,0,0,0,0,-30000,0,0,0,10000,40000,-30000,-30000
08724P,臺股指元大01售05,0,0,0,0,0,0,0,0,0,-30000,0,0,0,0,30000,-30000,-30000
08630P,臺股指麥證9C售05,0,0,0,0,30000,-30000,0,0,0,-30000,0,0,0,0,30000,-30000,-30000
08624P,力成群益9C售01  ,0,0,0,0,0,0,0,0,0,-30000,0,0,0,0,30000,-30000,-30000
08645P,臺股指中信03售01,0,0,0,0,0,0,0,0,0,-30000,0,0,0,0,30000,-30000,-30000
08457P,大毅元大9C售03  ,0,0,0,0,0,0,0,0,0,-30000,0,0,0,0,30000,-30000,-30000
08504P,臺股指國票9C售06,0,0,0,0,0,0,0,0,0,-30000,0,0,0,15000,45000,-30000,-30000
08437P,台郡群益9C售01  ,0,0,0,0,0,0,0,0,0,-30000,0,0,0,0,30000,-30000,-30000
06952P,大立光統一9A售03,0,0,0,0,0,0,0,0,0,-31000,0,0,0,14000,45000,-31000,-31000
067584,技嘉群益02購01  ,0,0,0,0,0,0,0,0,0,-31000,0,0,0,10000,41000,-31000,-31000
067228,華新群益01購01  ,0,0,0,0,0,0,0,0,0,-31000,0,0,0,212000,243000,-31000,-31000
066359,潤泰新永豐01購01,0,0,0,0,0,0,0,0,0,-31000,0,0,0,169000,200000,-31000,-31000
066622,南帝凱基01購01  ,0,0,0,0,0,0,0,0,0,-31000,0,0,0,70000,101000,-31000,-31000
053328,滬深2X永豐99購01,0,0,0,0,0,0,0,0,0,-31000,0,0,0,0,31000,-31000,-31000
0053,元大電子        ,0,0,0,0,0,0,0,0,0,-31000,0,0,0,3000,34000,-31000,-31000
057096,緯穎元富98購01  ,0,0,0,0,0,0,0,0,0,-31000,0,0,0,10000,41000,-31000,-31000
058351,上銀凱基9A購02  ,0,0,0,0,0,0,0,0,0,-31000,0,0,0,5000,36000,-31000,-31000
057542,上銀凱基99購01  ,0,0,0,0,0,0,0,0,0,-31000,0,0,0,30000,61000,-31000,-31000
060500,鴻海元大9A購12  ,0,0,0,0,0,0,0,0,0,-31000,0,0,0,0,31000,-31000,-31000
061976,國巨元大9B購01  ,0,0,0,0,0,0,0,0,0,-31000,0,0,0,19000,50000,-31000,-31000
060450,南亞元大9A購02  ,0,0,0,0,0,0,0,0,0,-31000,0,0,0,19000,50000,-31000,-31000
060756,鴻海元大9A購16  ,0,0,0,0,0,0,0,0,0,-31000,0,0,0,10000,41000,-31000,-31000
065944,大成鋼統一02購01,0,0,0,0,0,0,0,0,0,-31000,0,0,0,1000,32000,-31000,-31000
065513,旺宏群益9C購05  ,0,0,0,0,0,0,0,0,0,-31000,0,0,0,0,31000,-31000,-31000
064600,技嘉元富9C購01  ,0,0,0,0,0,0,0,0,0,-31000,0,0,0,1000,32000,-31000,-31000
064611,亞德客元大9C購02,0,0,0,0,0,0,0,0,0,-31000,0,0,0,13000,44000,-31000,-31000
08699P,南電元大01售05  ,0,0,0,0,0,0,0,0,0,-31000,0,0,0,0,31000,-31000,-31000
08693P,宏達電群益01售02,0,0,0,0,0,0,0,0,0,-31000,0,0,0,29000,60000,-31000,-31000
2015,豐興            ,84000,110000,-26000,0,0,0,0,0,0,-5000,0,5000,-5000,0,0,0,-31000
067132,瑞昱永豐01購01  ,0,0,0,0,0,0,0,0,0,-32000,0,0,0,10000,42000,-32000,-32000
067607,聯鈞凱基01購04  ,0,0,0,0,0,0,0,0,0,-32000,0,0,0,0,32000,-32000,-32000
07235P,T50正2元大9C售02,0,0,0,0,0,0,0,0,0,-32000,0,0,0,18000,50000,-32000,-32000
08124P,臻鼎群益9B售02  ,0,0,0,0,0,0,0,0,0,-32000,0,0,0,0,32000,-32000,-32000
058516,健鼎元大99購02  ,0,0,0,0,0,0,0,0,0,-32000,0,0,0,60000,92000,-32000,-32000
058201,華通凱基9A購01  ,0,0,0,0,0,0,0,0,0,-32000,0,0,0,30000,62000,-32000,-32000
058105,旺宏統一9A購02  ,0,0,0,0,0,0,0,0,0,-32000,0,0,0,0,32000,-32000,-32000
056943,華通統一99購01  ,0,0,0,0,0,0,0,0,0,-32000,0,0,0,371000,403000,-32000,-32000
060685,康友元大9A購01  ,0,0,0,0,0,0,0,0,0,-32000,0,0,0,68000,100000,-32000,-32000
063030,華通凱基9B購03  ,0,0,0,0,0,0,0,0,0,-32000,0,0,0,46000,78000,-32000,-32000
061198,世紀鋼永豐9A購03,0,0,0,0,0,0,0,0,0,-32000,0,0,0,104000,136000,-32000,-32000
062915,嘉澤元大9B購03  ,0,0,0,0,0,0,0,0,0,-32000,0,0,0,175000,207000,-32000,-32000
061867,旺宏元大9B購02  ,0,0,0,0,0,0,0,0,0,-32000,0,0,0,0,32000,-32000,-32000
059985,華新科元大99購22,0,0,0,0,0,0,0,0,0,-32000,0,0,0,101000,133000,-32000,-32000
060106,旭富元大99購02  ,0,0,0,0,0,0,0,0,0,-32000,0,0,0,68000,100000,-32000,-32000
064545,智邦凱基9C購02  ,0,0,0,0,0,0,0,0,0,-32000,0,0,0,6000,38000,-32000,-32000
065355,聯發科元富03購05,0,0,0,0,0,0,0,0,0,-32000,0,0,0,74000,106000,-32000,-32000
08692P,國巨兆豐01售02  ,0,0,0,0,0,0,0,0,0,-32000,0,0,0,118000,150000,-32000,-32000
08664P,金像電凱基01售02,0,0,0,0,0,0,0,0,0,-32000,0,0,0,0,32000,-32000,-32000
9935,慶豐富          ,66000,98000,-32000,0,0,0,0,0,0,0,0,0,0,0,0,0,-32000
07195P,大立光元大99售12,0,0,0,0,0,0,0,0,0,-33000,0,0,0,0,33000,-33000,-33000
07531P,大立光國泰9B售03,0,0,0,0,0,0,0,0,0,-33000,0,0,0,0,33000,-33000,-33000
067703,臺股指國票01購11,0,0,0,0,0,0,0,0,0,-33000,0,0,0,0,33000,-33000,-33000
067385,申豐統一02購04  ,0,0,0,0,0,0,0,0,0,-33000,0,0,0,0,33000,-33000,-33000
067133,正崴永豐01購01  ,0,0,0,0,0,0,0,0,0,-33000,0,0,0,30000,63000,-33000,-33000
067198,滬深2X元大04購01,0,0,0,0,0,0,0,0,0,-33000,0,0,0,0,33000,-33000,-33000
067043,佳世達凱基01購01,0,0,0,0,0,0,0,0,0,-33000,0,0,0,105000,138000,-33000,-33000
066820,南茂兆豐03購01  ,0,0,0,0,0,0,0,0,0,-33000,0,0,0,0,33000,-33000,-33000
066571,矽格元大01購02  ,0,0,0,0,0,0,0,0,0,-33000,0,0,0,228000,261000,-33000,-33000
066077,健策凱基01購01  ,0,0,0,0,0,0,0,0,0,-33000,0,0,0,215000,248000,-33000,-33000
051887,上証2X元富98購01,0,0,0,0,0,0,0,0,0,-33000,0,0,0,0,33000,-33000,-33000
061572,奇力新元大9A購04,0,0,0,0,0,0,0,0,0,-33000,0,0,0,146000,179000,-33000,-33000
060265,宏達電國票9A購02,0,0,0,0,0,0,0,0,0,-33000,0,0,0,0,33000,-33000,-33000
063406,麗豐國票9C購01  ,0,0,0,0,0,0,0,0,0,-33000,0,0,0,12000,45000,-33000,-33000
062147,大毅國票9B購02  ,0,0,0,0,0,0,0,0,0,-33000,0,0,0,15000,48000,-33000,-33000
062160,南六凱基9B購01  ,0,0,0,0,0,0,0,0,0,-33000,0,0,0,63000,96000,-33000,-33000
065988,晶技永豐01購01  ,0,0,0,0,0,0,0,0,0,-33000,0,0,0,39000,72000,-33000,-33000
065855,瀚宇博元大9C購03,0,0,0,0,0,0,0,0,0,-33000,0,0,0,367000,400000,-33000,-33000
064747,彩晶國票01購01  ,0,0,0,0,0,0,0,0,0,-33000,0,0,0,224000,257000,-33000,-33000
063949,大立光元大9C購10,0,0,0,0,0,0,0,0,0,-33000,0,0,0,22000,55000,-33000,-33000
063969,晶豪科國票01購01,0,0,0,0,0,0,0,0,0,-33000,0,0,0,110000,143000,-33000,-33000
8070,長華*           ,17000,50000,-33000,0,0,0,0,0,0,0,0,0,0,0,0,0,-33000
066075,景碩凱基02購01  ,0,0,0,0,0,0,0,0,0,-34000,0,0,0,152000,186000,-34000,-34000
066190,惠特凱基01購01  ,0,0,0,0,0,0,0,0,0,-34000,0,0,0,26000,60000,-34000,-34000
066535,台積電兆豐01購01,0,0,0,0,0,0,0,0,0,-34000,0,0,0,27000,61000,-34000,-34000
067065,為升元大01購03  ,0,0,0,0,0,0,0,0,0,-34000,0,0,0,164000,198000,-34000,-34000
08027P,嘉晶元大9B售03  ,0,0,0,0,0,0,0,0,0,-34000,0,0,0,3000,37000,-34000,-34000
00709,富邦歐洲        ,0,0,0,0,0,0,0,0,0,-34000,0,0,0,110000,144000,-34000,-34000
058831,茂林永豐99購01  ,0,0,0,0,0,0,0,0,0,-34000,0,0,0,12000,46000,-34000,-34000
058979,上銀凱基99購04  ,0,0,0,0,0,0,0,0,0,-34000,0,0,0,0,34000,-34000,-34000
058583,臻鼎群益99購01  ,0,0,0,0,0,0,0,0,0,-34000,0,0,0,0,34000,-34000,-34000
062272,鴻海群益9B購05  ,0,0,0,0,0,0,0,0,0,-34000,0,0,0,21000,55000,-34000,-34000
061945,華通群益9B購04  ,0,0,0,0,0,0,0,0,0,-34000,0,0,0,28000,62000,-34000,-34000
060718,中磊永豐9A購01  ,0,0,0,0,0,0,0,0,0,-34000,0,0,0,21000,55000,-34000,-34000
060489,世紀鋼群益9A購01,0,0,0,0,0,0,0,0,0,-34000,0,0,0,125000,159000,-34000,-34000
059879,GIS凱基99購03   ,0,0,0,0,0,0,0,0,0,-34000,0,0,0,102000,136000,-34000,-34000
064000,台郡兆豐9C購01  ,0,0,0,0,0,0,0,0,0,-34000,0,0,0,10000,44000,-34000,-34000
08920P,臺股指凱基03售07,0,0,0,0,0,0,0,0,0,-34000,0,0,0,0,34000,-34000,-34000
1531,高林股          ,8000,42000,-34000,0,0,0,0,0,0,0,0,0,0,0,0,0,-34000
2816,旺旺保          ,28000,62000,-34000,0,0,0,0,0,0,0,0,0,0,0,0,0,-34000
2887E,台新戊特        ,0,0,0,0,0,0,0,41000,-41000,7000,7000,0,7000,0,0,0,-34000
6166,凌華            ,31700,50000,-18300,0,0,0,0,0,0,-16000,1000,0,1000,8000,25000,-17000,-34300
07505P,台勝科元大9A售01,0,0,0,0,0,0,0,0,0,-35000,0,0,0,0,35000,-35000,-35000
07382P,台積電群益9B售01,0,0,0,0,0,0,0,0,0,-35000,0,0,0,749000,784000,-35000,-35000
06935P,神達元大98售02  ,0,0,0,0,0,0,0,0,0,-35000,0,0,0,65000,100000,-35000,-35000
067384,南六統一01購03  ,0,0,0,0,0,0,0,0,0,-35000,0,0,0,12000,47000,-35000,-35000
067713,聚陽凱基01購02  ,0,0,0,0,0,0,0,0,0,-35000,0,0,0,0,35000,-35000,-35000
067034,台郡康和01購01  ,0,0,0,0,0,0,0,0,0,-35000,0,0,0,33000,68000,-35000,-35000
066603,台達電富邦05購01,0,0,0,0,0,0,0,0,0,-35000,0,0,0,149000,184000,-35000,-35000
066261,華碩元大01購01  ,0,0,0,0,0,0,0,0,0,-35000,0,0,0,94000,129000,-35000,-35000
062259,可成元大9B購03  ,0,0,0,0,0,0,0,0,0,-35000,0,0,0,25000,60000,-35000,-35000
062529,可成統一9C購03  ,0,0,0,0,0,0,0,0,0,-35000,0,0,0,0,35000,-35000,-35000
058630,日月光國票9A購01,0,0,0,0,0,0,0,0,0,-35000,0,0,0,35000,70000,-35000,-35000
058167,鴻海凱基9A購03  ,0,0,0,0,0,0,0,0,0,-35000,0,0,0,0,35000,-35000,-35000
057494,玉晶光元大99購09,0,0,0,0,0,0,0,0,0,-35000,0,0,0,36000,71000,-35000,-35000
055521,S&P反1群益01購01,0,0,0,0,0,0,0,0,0,-35000,0,0,0,0,35000,-35000,-35000
055363,緯穎凱基98購03  ,0,0,0,0,0,0,0,0,0,-35000,0,0,0,0,35000,-35000,-35000
055249,大毅統一99購01  ,0,0,0,0,0,0,0,0,0,-35000,0,0,0,0,35000,-35000,-35000
054160,華泰凱基98購01  ,0,0,0,0,0,0,0,0,0,-35000,0,0,0,0,35000,-35000,-35000
054353,世紀鋼國泰98購01,0,0,0,0,0,0,0,0,0,-35000,0,0,0,35000,70000,-35000,-35000
059533,富邦金凱基99購01,0,0,0,0,0,0,0,0,0,-35000,0,0,0,77000,112000,-35000,-35000
060015,國巨康和99購03  ,0,0,0,0,0,0,0,0,0,-35000,0,0,0,16000,51000,-35000,-35000
061720,智邦國泰9C購01  ,0,0,0,0,0,0,0,0,0,-35000,0,0,0,0,35000,-35000,-35000
061787,華新科群益9C購01,0,0,0,0,0,0,0,0,0,-35000,0,0,0,24000,59000,-35000,-35000
060562,旺宏富邦9C購02  ,0,0,0,0,0,0,0,0,0,-35000,0,0,0,0,35000,-35000,-35000
062444,大立光元大9C購01,0,0,0,0,0,0,0,0,0,-35000,0,0,0,20000,55000,-35000,-35000
064130,創意元大9C購02  ,0,0,0,0,0,0,0,0,0,-35000,0,0,0,67000,102000,-35000,-35000
063753,矽創國票9C購01  ,0,0,0,0,0,0,0,0,0,-35000,0,0,0,0,35000,-35000,-35000
064306,和潤兆豐01購01  ,0,0,0,0,0,0,0,0,0,-35000,0,0,0,134000,169000,-35000,-35000
064267,南六永豐9C購03  ,0,0,0,0,0,0,0,0,0,-35000,0,0,0,10000,45000,-35000,-35000
066029,神達群益02購01  ,0,0,0,0,0,0,0,0,0,-35000,0,0,0,45000,80000,-35000,-35000
065209,國泰金國票01購01,0,0,0,0,0,0,0,0,0,-35000,0,0,0,3000,38000,-35000,-35000
064868,嘉晶永豐9C購02  ,0,0,0,0,0,0,0,0,0,-35000,0,0,0,135000,170000,-35000,-35000
08549P,大立光元大9C售25,0,0,0,0,0,0,0,0,0,-35000,0,0,0,0,35000,-35000,-35000
067096,滬深2X群益01購06,0,0,0,0,0,0,0,0,0,-36000,0,0,0,0,36000,-36000,-36000
066802,亞光凱基02購01  ,0,0,0,0,0,0,0,0,0,-36000,0,0,0,101000,137000,-36000,-36000
067841,A50正2元富04購01,0,0,0,0,0,0,0,0,0,-36000,0,0,0,0,36000,-36000,-36000
067260,台郡國票02購02  ,0,0,0,0,0,0,0,0,0,-36000,0,0,0,12000,48000,-36000,-36000
07069P,欣興元富99售02  ,0,0,0,0,0,0,0,0,0,-36000,0,0,0,14000,50000,-36000,-36000
054892,彩晶統一99購01  ,0,0,0,0,0,0,0,0,0,-36000,0,0,0,0,36000,-36000,-36000
059147,矽創國票99購01  ,0,0,0,0,0,0,0,0,0,-36000,0,0,0,0,36000,-36000,-36000
059326,康友元大99購01  ,0,0,0,0,0,0,0,0,0,-36000,0,0,0,181000,217000,-36000,-36000
057783,台積電國票9A購01,0,0,0,0,0,0,0,0,0,-36000,0,0,0,2000,38000,-36000,-36000
061642,創意元大9A購04  ,0,0,0,0,0,0,0,0,0,-36000,0,0,0,23000,59000,-36000,-36000
061507,南電國票9A購05  ,0,0,0,0,0,0,0,0,0,-36000,0,0,0,5000,41000,-36000,-36000
061122,敬鵬永豐9A購01  ,0,0,0,0,0,0,0,0,0,-36000,0,0,0,309000,345000,-36000,-36000
060212,華航康和9A購01  ,0,0,0,0,0,0,0,0,0,-36000,0,0,0,0,36000,-36000,-36000
064882,同欣電兆豐9C購01,0,0,0,0,0,0,0,0,0,-36000,0,0,0,66000,102000,-36000,-36000
063625,儒鴻元大9B購03  ,0,0,0,0,0,0,0,0,0,-36000,0,0,0,59000,95000,-36000,-36000
063968,新光金國票01購01,0,0,0,0,0,0,0,0,0,-36000,0,0,0,59000,95000,-36000,-36000
08999P,玉晶光群益02售16,0,0,0,0,0,0,0,0,0,-36000,0,0,0,0,36000,-36000,-36000
3059,華晶科          ,338000,374000,-36000,0,0,0,0,0,0,0,1000,1000,0,0,0,0,-36000
2466,冠西電          ,17000,53000,-36000,0,0,0,0,0,0,0,0,0,0,0,0,0,-36000
08095P,大立光元富9B售03,0,0,0,0,0,0,0,0,0,-37000,0,0,0,23000,60000,-37000,-37000
067648,國巨元富07購09  ,0,0,0,0,0,0,0,0,0,-37000,0,0,0,51000,88000,-37000,-37000
067015,義隆富邦04購01  ,0,0,0,0,0,0,0,0,0,-37000,0,0,0,10000,47000,-37000,-37000
066441,聯強群益01購01  ,0,0,0,0,0,0,0,0,0,-37000,0,0,0,56000,93000,-37000,-37000
057907,台達電亞東99購01,0,0,0,0,0,0,0,0,0,-37000,0,0,0,0,37000,-37000,-37000
057307,瀚宇博兆豐99購01,0,0,0,0,0,0,0,0,0,-37000,0,0,0,15000,52000,-37000,-37000
057352,大立光統一9A購02,0,0,0,0,0,0,0,0,0,-37000,0,0,0,0,37000,-37000,-37000
056811,健策統一9B購01  ,0,0,0,0,0,0,0,0,0,-37000,0,0,0,3000,40000,-37000,-37000
055318,華通國票98購01  ,0,0,0,0,0,0,0,0,0,-37000,0,0,0,1000,38000,-37000,-37000
060424,中租永豐9A購01  ,0,0,0,0,0,0,0,0,0,-37000,0,0,0,3000,40000,-37000,-37000
062943,世芯凱基9B購03  ,0,0,0,0,0,0,0,0,0,-37000,0,0,0,18000,55000,-37000,-37000
059912,國巨元大99購28  ,0,0,0,0,0,0,0,0,0,-37000,0,0,0,13000,50000,-37000,-37000
059754,訊芯群益9A購01  ,0,0,0,0,0,0,0,0,0,-37000,0,0,0,1000,38000,-37000,-37000
061917,亞德客凱基9B購02,0,0,0,0,0,0,0,0,0,-37000,0,0,0,44000,81000,-37000,-37000
064021,國巨元大9C購15  ,0,0,0,0,0,0,0,0,0,-37000,0,0,0,64000,101000,-37000,-37000
063655,華通元富9B購01  ,0,0,0,0,0,0,0,0,0,-37000,0,0,0,62000,99000,-37000,-37000
064437,可成凱基02購01  ,0,0,0,0,0,0,0,0,0,-37000,0,0,0,54000,91000,-37000,-37000
064780,義隆群益9C購04  ,0,0,0,0,0,0,0,0,0,-37000,0,0,0,2000,39000,-37000,-37000
065309,亞光國票01購01  ,0,0,0,0,0,0,0,0,0,-37000,0,0,0,51000,88000,-37000,-37000
065787,奇鋐永豐9C購01  ,0,0,0,0,0,0,0,0,0,-37000,0,0,0,0,37000,-37000,-37000
065552,聯發科凱基9C購12,0,0,0,0,0,0,0,0,0,-37000,0,0,0,88000,125000,-37000,-37000
1526,日馳            ,49000,86000,-37000,0,0,0,0,0,0,0,0,0,0,0,0,0,-37000
1449,佳和            ,59000,76000,-17000,0,0,0,0,0,0,-20000,0,20000,-20000,0,0,0,-37000
6277,宏正            ,46000,83000,-37000,0,0,0,0,0,0,0,0,0,0,0,0,0,-37000
066406,南六凱基01購02  ,0,0,0,0,0,0,0,0,0,-38000,0,0,0,0,38000,-38000,-38000
066561,健策元大01購04  ,0,0,0,0,0,0,0,0,0,-38000,0,0,0,213000,251000,-38000,-38000
066084,國巨富邦05購01  ,0,0,0,0,0,0,0,0,0,-38000,0,0,0,270000,308000,-38000,-38000
067149,瑞昱統一03購01  ,0,0,0,0,0,0,0,0,0,-38000,0,0,0,73000,111000,-38000,-38000
067150,聯發科統一02購05,0,0,0,0,0,0,0,0,0,-38000,0,0,0,32000,70000,-38000,-38000
066939,TPK國票02購02   ,0,0,0,0,0,0,0,0,0,-38000,0,0,0,43000,81000,-38000,-38000
066747,台郡元大01購03  ,0,0,0,0,0,0,0,0,0,-38000,0,0,0,50000,88000,-38000,-38000
067596,國巨凱基02購05  ,0,0,0,0,0,0,0,0,0,-38000,0,0,0,9000,47000,-38000,-38000
067443,國巨國票02購04  ,0,0,0,0,0,0,0,0,0,-38000,0,0,0,120000,158000,-38000,-38000
08157P,大立光元富9B售06,0,0,0,0,0,0,0,0,0,-38000,0,0,0,37000,75000,-38000,-38000
058963,華新科兆豐99購05,0,0,0,0,0,0,0,0,0,-38000,0,0,0,0,38000,-38000,-38000
057892,上証2X元富02購01,0,0,0,0,0,0,0,0,0,-38000,0,0,0,2000,40000,-38000,-38000
058628,宏達電國票9A購01,0,0,0,0,0,0,0,0,0,-38000,0,0,0,0,38000,-38000,-38000
057930,旺宏群益99購04  ,0,0,0,0,0,0,0,0,0,-38000,0,0,0,0,38000,-38000,-38000
061998,緯穎元大9B購03  ,0,0,0,0,0,0,0,0,0,-38000,0,0,0,1000,39000,-38000,-38000
063452,創意統一01購01  ,0,0,0,0,0,0,0,0,0,-38000,0,0,0,33000,71000,-38000,-38000
063108,世紀鋼群益9C購01,0,0,0,0,0,0,0,0,0,-38000,0,0,0,0,38000,-38000,-38000
063350,台表科統一02購02,0,0,0,0,0,0,0,0,0,-38000,0,0,0,71000,109000,-38000,-38000
061746,國巨統一9C購07  ,0,0,0,0,0,0,0,0,0,-38000,0,0,0,10000,48000,-38000,-38000
062738,可成國票9B購02  ,0,0,0,0,0,0,0,0,0,-38000,0,0,0,0,38000,-38000,-38000
060978,國巨元大9A購13  ,0,0,0,0,0,0,0,0,0,-38000,0,0,0,92000,130000,-38000,-38000
061932,上銀國票9B購01  ,0,0,0,0,0,0,0,0,0,-38000,0,0,0,10000,48000,-38000,-38000
062768,南電凱基9B購04  ,0,0,0,0,0,0,0,0,0,-38000,0,0,0,29000,67000,-38000,-38000
065451,台表科統一02購04,0,0,0,0,0,0,0,0,0,-38000,0,0,0,381000,419000,-38000,-38000
065898,神基麥證9C購01  ,0,0,0,27000,65000,-38000,0,0,0,-38000,0,0,0,27000,65000,-38000,-38000
065234,旭富凱基01購01  ,0,0,0,0,0,0,0,0,0,-38000,0,0,0,2000,40000,-38000,-38000
064866,義隆永豐9C購02  ,0,0,0,0,0,0,0,0,0,-38000,0,0,0,73000,111000,-38000,-38000
065094,新日興元大9C購04,0,0,0,0,0,0,0,0,0,-38000,0,0,0,0,38000,-38000,-38000
064251,緯創元富9C購01  ,0,0,0,0,0,0,0,0,0,-38000,0,0,0,82000,120000,-38000,-38000
08835P,聯發科統一01售12,0,0,0,0,0,0,0,0,0,-38000,0,0,0,0,38000,-38000,-38000
08363P,南亞科凱基01售01,0,0,0,0,0,0,0,0,0,-38000,0,0,0,40000,78000,-38000,-38000
08367P,臺股指凱基9C售11,0,0,0,0,0,0,0,0,0,-38000,0,0,0,0,38000,-38000,-38000
067424,美律凱基02購02  ,0,0,0,0,0,0,0,0,0,-39000,0,0,0,25000,64000,-39000,-39000
067658,矽格元富04購01  ,0,0,0,0,0,0,0,0,0,-39000,0,0,0,16000,55000,-39000,-39000
066587,台船群益01購01  ,0,0,0,0,0,0,0,0,0,-39000,0,0,0,149000,188000,-39000,-39000
062596,緯穎統一01購02  ,0,0,0,0,0,0,0,0,0,-39000,0,0,0,0,39000,-39000,-39000
062302,聯詠中信05購02  ,0,0,0,0,0,0,0,0,0,-39000,0,0,0,32000,71000,-39000,-39000
058608,華新科元大99購13,0,0,0,0,0,0,0,0,0,-39000,0,0,0,167000,206000,-39000,-39000
057972,群創富邦9C購01  ,0,0,0,0,0,0,0,0,0,-39000,0,0,0,44000,83000,-39000,-39000
06242P,大立光元富9A售02,0,0,0,0,0,0,0,0,0,-39000,0,0,0,0,39000,-39000,-39000
059756,奇力新富邦9C購01,0,0,0,0,0,0,0,0,0,-39000,0,0,0,35000,74000,-39000,-39000
063919,大立光元富03購01,0,0,0,0,0,0,0,0,0,-39000,0,0,0,12000,51000,-39000,-39000
065307,矽格元富9C購01  ,0,0,0,0,0,0,0,0,0,-39000,0,0,0,0,39000,-39000,-39000
08365P,貿聯凱基9C售01  ,0,0,0,0,0,0,0,0,0,-39000,0,0,0,0,39000,-39000,-39000
1905,華紙            ,182000,221000,-39000,0,0,0,0,0,0,0,0,2000,-2000,2000,0,2000,-39000
6491,晶碩            ,51000,38000,13000,0,0,0,0,45000,-45000,-7000,0,0,0,1000,8000,-7000,-39000
8404,百和興業-KY     ,97000,133000,-36000,0,0,0,0,0,0,-3000,0,3000,-3000,0,0,0,-39000
066624,燿華凱基01購02  ,0,0,0,0,0,0,0,0,0,-40000,0,0,0,249000,289000,-40000,-40000
066518,惠特永豐01購02  ,0,0,0,0,0,0,0,0,0,-40000,0,0,0,120000,160000,-40000,-40000
066175,聯鈞凱基01購01  ,0,0,0,0,0,0,0,0,0,-40000,0,0,0,0,40000,-40000,-40000
066171,德律凱基01購01  ,0,0,0,0,0,0,0,0,0,-40000,0,0,0,120000,160000,-40000,-40000
06631P,玉晶光群益9A售03,0,0,0,0,0,0,0,0,0,-40000,0,0,0,40000,80000,-40000,-40000
066937,群創國票03購01  ,0,0,0,0,0,0,0,0,0,-40000,0,0,0,0,40000,-40000,-40000
06700P,臺股指統一99售05,0,0,0,0,0,0,0,0,0,-40000,0,0,0,0,40000,-40000,-40000
066972,滬深2X群益03購04,0,0,0,0,0,0,0,0,0,-40000,0,0,0,0,40000,-40000,-40000
067037,美利達康和01購02,0,0,0,0,0,0,0,0,0,-40000,0,0,0,342000,382000,-40000,-40000
06827P,臺股指國票98售03,0,0,0,0,0,0,0,0,0,-40000,0,0,0,10000,50000,-40000,-40000
067545,矽格群益01購02  ,0,0,0,0,0,0,0,0,0,-40000,0,0,0,10000,50000,-40000,-40000
08147P,聯發科群益9B售10,0,0,0,0,0,0,0,0,0,-40000,0,0,0,90000,130000,-40000,-40000
07653P,華新科群益9A售05,0,0,0,0,0,0,0,0,0,-40000,0,0,0,0,40000,-40000,-40000
07672P,南電元大9A售05  ,0,0,0,0,0,0,0,0,0,-40000,0,0,0,0,40000,-40000,-40000
058398,中環元大99購02  ,0,0,0,0,0,0,0,0,0,-40000,0,0,0,30000,70000,-40000,-40000
062531,大立光統一9C購06,0,0,0,0,0,0,0,0,0,-40000,0,0,0,0,40000,-40000,-40000
057503,世紀鋼群益98購02,0,0,0,0,0,0,0,0,0,-40000,0,0,0,0,40000,-40000,-40000
057433,上銀國票98購04  ,0,0,0,0,0,0,0,0,0,-40000,0,0,0,0,40000,-40000,-40000
057166,國巨元大99購06  ,0,0,0,0,0,0,0,0,0,-40000,0,0,0,99000,139000,-40000,-40000
058479,亞光凱基9A購01  ,0,0,0,0,0,0,0,0,0,-40000,0,0,0,80000,120000,-40000,-40000
058863,可成凱基99購02  ,0,0,0,0,0,0,0,0,0,-40000,0,0,0,0,40000,-40000,-40000
058747,友達凱基9A購03  ,0,0,0,0,0,0,0,0,0,-40000,0,0,0,10000,50000,-40000,-40000
059249,大立光凱基99購05,0,0,0,0,0,0,0,0,0,-40000,0,0,0,0,40000,-40000,-40000
056386,TPK國泰99購01   ,0,0,0,0,0,0,0,0,0,-40000,0,0,0,99000,139000,-40000,-40000
03681C,台灣50凱基02牛02,0,0,0,0,0,0,0,0,0,-40000,0,0,0,0,40000,-40000,-40000
056720,世紀鋼永豐98購01,0,0,0,0,0,0,0,0,0,-40000,0,0,0,0,40000,-40000,-40000
061833,華新科凱基02購01,0,0,0,0,0,0,0,0,0,-40000,0,0,0,10000,50000,-40000,-40000
059425,SGBR2X元大9A購02,0,0,0,0,0,0,0,0,0,-40000,0,0,0,47000,87000,-40000,-40000
059909,鴻海元大99購36  ,0,0,0,0,0,0,0,0,0,-40000,0,0,0,0,40000,-40000,-40000
060087,鴻海元大99購43  ,0,0,0,0,0,0,0,0,0,-40000,0,0,0,0,40000,-40000,-40000
059559,T50反1凱基99購07,0,0,0,0,0,0,0,0,0,-40000,0,0,0,0,40000,-40000,-40000
062732,南六凱基9B購03  ,0,0,0,0,0,0,0,0,0,-40000,0,0,0,0,40000,-40000,-40000
061590,金寶永豐9A購01  ,0,0,0,0,0,0,0,0,0,-40000,0,0,0,0,40000,-40000,-40000
061530,智邦台新9A購02  ,0,0,0,0,0,0,0,0,0,-40000,0,0,0,0,40000,-40000,-40000
063488,金像電國泰01購01,0,0,0,0,0,0,0,0,0,-40000,0,0,0,219000,259000,-40000,-40000
063412,寶成國票9C購01  ,0,0,0,0,0,0,0,0,0,-40000,0,0,0,40000,80000,-40000,-40000
063102,旺宏群益9B購03  ,0,0,0,0,0,0,0,0,0,-40000,0,0,0,0,40000,-40000,-40000
060499,鴻海元大9A購11  ,0,0,0,0,0,0,0,0,0,-40000,0,0,0,0,40000,-40000,-40000
060290,興富發元大9C購01,0,0,0,0,0,0,0,0,0,-40000,0,0,0,246000,286000,-40000,-40000
062603,台化凱基9B購01  ,0,0,0,0,0,0,0,0,0,-40000,0,0,0,0,40000,-40000,-40000
062464,T50反1凱基9C購03,0,0,0,0,0,0,0,0,0,-40000,0,0,0,10000,50000,-40000,-40000
062937,旺宏凱基9B購08  ,0,0,0,0,0,0,0,0,0,-40000,0,0,0,7000,47000,-40000,-40000
065407,世紀鋼富邦01購01,0,0,0,0,0,0,0,0,0,-40000,0,0,0,0,40000,-40000,-40000
065214,友達國泰01購01  ,0,0,0,0,0,0,0,0,0,-40000,0,0,0,57000,97000,-40000,-40000
064859,南亞科富邦01購01,0,0,0,0,0,0,0,0,0,-40000,0,0,0,0,40000,-40000,-40000
065991,牧德永豐01購01  ,0,0,0,0,0,0,0,0,0,-40000,0,0,0,0,40000,-40000,-40000
065876,牧德群益02購01  ,0,0,0,0,0,0,0,0,0,-40000,0,0,0,60000,100000,-40000,-40000
065633,聯發科國票01購02,0,0,0,0,0,0,0,0,0,-40000,0,0,0,15000,55000,-40000,-40000
064085,儒鴻凱基9C購02  ,0,0,0,0,0,0,0,0,0,-40000,0,0,0,14000,54000,-40000,-40000
064158,健鼎統一02購01  ,0,0,0,0,0,0,0,0,0,-40000,0,0,0,0,40000,-40000,-40000
063601,金像電凱基01購01,0,0,0,0,0,0,0,0,0,-40000,0,0,0,288000,328000,-40000,-40000
063760,聯詠統一9C購02  ,0,0,0,0,0,0,0,0,0,-40000,0,0,0,10000,50000,-40000,-40000
063741,GIS元大9B購04   ,0,0,0,0,0,0,0,0,0,-40000,0,0,0,30000,70000,-40000,-40000
064208,智邦凱基02購01  ,0,0,0,0,0,0,0,0,0,-40000,0,0,0,128000,168000,-40000,-40000
064305,健鼎兆豐9C購02  ,0,0,0,0,0,0,0,0,0,-40000,0,0,0,41000,81000,-40000,-40000
064439,大立光凱基03購02,0,0,0,0,0,0,0,0,0,-40000,0,0,0,21000,61000,-40000,-40000
064516,華通群益02購01  ,0,0,0,0,0,0,0,0,0,-40000,0,0,0,84000,124000,-40000,-40000
6698,旭暉應材        ,128000,253000,-125000,0,0,0,85000,0,85000,0,0,0,0,0,0,0,-40000
2459,敦吉            ,2000,43000,-41000,0,0,0,0,0,0,1000,2000,1000,1000,0,0,0,-40000
08346P,大立光元大9C售15,0,0,0,0,0,0,0,0,0,-40000,0,0,0,0,40000,-40000,-40000
08461P,長榮航國票9C售01,0,0,0,0,0,0,0,0,0,-40000,0,0,0,35000,75000,-40000,-40000
08520P,和大元大9C售04  ,0,0,0,0,0,0,0,0,0,-40000,0,0,0,10000,50000,-40000,-40000
08900P,聯發科群益01售07,0,0,0,0,0,0,0,0,0,-40000,0,0,0,0,40000,-40000,-40000
08887P,聯發科富邦03售06,0,0,0,0,0,0,0,0,0,-40000,0,0,0,0,40000,-40000,-40000
1316,上曜            ,8000,48000,-40000,0,0,0,0,0,0,0,0,0,0,0,0,0,-40000
07051P,大立光中信99售02,0,0,0,0,0,0,0,0,0,-41000,0,0,0,0,41000,-41000,-41000
067404,盛群永豐01購01  ,0,0,0,0,0,0,0,0,0,-41000,0,0,0,2000,43000,-41000,-41000
067361,旭富群益01購02  ,0,0,0,0,0,0,0,0,0,-41000,0,0,0,0,41000,-41000,-41000
06723P,台灣50麥證99售01,0,0,0,9000,50000,-41000,0,0,0,-41000,0,0,0,9000,50000,-41000,-41000
066080,台光電國泰03購01,0,0,0,0,0,0,0,0,0,-41000,0,0,0,134000,175000,-41000,-41000
066570,力成元大02購01  ,0,0,0,0,0,0,0,0,0,-41000,0,0,0,250000,291000,-41000,-41000
00686R,群益臺灣加權反1 ,0,0,0,0,0,0,0,0,0,-41000,0,0,0,31000,72000,-41000,-41000
054658,道瓊銀元大9A購01,0,0,0,0,0,0,0,0,0,-41000,0,0,0,179000,220000,-41000,-41000
059162,國巨凱基99購12  ,0,0,0,0,0,0,0,0,0,-41000,0,0,0,92000,133000,-41000,-41000
057572,明泰永豐98購01  ,0,0,0,0,0,0,0,0,0,-41000,0,0,0,0,41000,-41000,-41000
058443,T50正2富邦01購01,0,0,0,0,0,0,0,0,0,-41000,0,0,0,1000,42000,-41000,-41000
060755,鴻海元大9A購15  ,0,0,0,0,0,0,0,0,0,-41000,0,0,0,0,41000,-41000,-41000
062845,微星富邦01購01  ,0,0,0,0,0,0,0,0,0,-41000,0,0,0,51000,92000,-41000,-41000
061633,統一元大9A購01  ,0,0,0,0,0,0,0,0,0,-41000,0,0,0,12000,53000,-41000,-41000
061616,鴻海群益9A購07  ,0,0,0,0,0,0,0,0,0,-41000,0,0,0,0,41000,-41000,-41000
061057,華新科國票9A購04,0,0,0,0,0,0,0,0,0,-41000,0,0,0,57000,98000,-41000,-41000
061555,聯電國票9B購01  ,0,0,0,0,0,0,0,0,0,-41000,0,0,0,50000,91000,-41000,-41000
061428,南六元大9A購01  ,0,0,0,0,0,0,0,0,0,-41000,0,0,0,65000,106000,-41000,-41000
061697,世紀鋼群益9A購03,0,0,0,0,0,0,0,0,0,-41000,0,0,0,2000,43000,-41000,-41000
06438P,玉晶光國票99售02,0,0,0,0,0,0,0,0,0,-41000,0,0,0,19000,60000,-41000,-41000
064274,燿華元大9C購01  ,0,0,0,0,0,0,0,0,0,-41000,0,0,0,35000,76000,-41000,-41000
063786,瑞昱中信06購01  ,0,0,0,0,0,0,0,0,0,-41000,0,0,0,11000,52000,-41000,-41000
065664,矽格永豐9C購01  ,0,0,0,0,0,0,0,0,0,-41000,0,0,0,25000,66000,-41000,-41000
065051,和碩凱基02購01  ,0,0,0,0,0,0,0,0,0,-41000,0,0,0,0,41000,-41000,-41000
08924P,鴻海元富07售10  ,0,0,0,0,0,0,0,0,0,-41000,0,0,0,9000,50000,-41000,-41000
08634P,大立光元大9C售26,0,0,0,0,0,0,0,0,0,-41000,0,0,0,37000,78000,-41000,-41000
08418P,大立光元大01售04,0,0,0,0,0,0,0,0,0,-41000,0,0,0,0,41000,-41000,-41000
08347P,大立光元大9C售16,0,0,0,0,0,0,0,0,0,-41000,0,0,0,0,41000,-41000,-41000
1760,寶齡富錦        ,1116000,1157000,-41000,0,0,0,0,0,0,0,0,0,0,0,0,0,-41000
066113,金像電兆豐01購01,0,0,0,0,0,0,0,0,0,-42000,0,0,0,4000,46000,-42000,-42000
066188,訊芯凱基01購01  ,0,0,0,0,0,0,0,0,0,-42000,0,0,0,1000,43000,-42000,-42000
066279,拓凱元大01購01  ,0,0,0,0,0,0,0,0,0,-42000,0,0,0,232000,274000,-42000,-42000
066652,聯鈞康和01購01  ,0,0,0,0,0,0,0,0,0,-42000,0,0,0,0,42000,-42000,-42000
067507,南亞科統一01購04,0,0,0,0,0,0,0,0,0,-42000,0,0,0,72000,114000,-42000,-42000
067429,國揚凱基02購01  ,0,0,0,0,0,0,0,0,0,-42000,0,0,0,13000,55000,-42000,-42000
08117P,聯發科元富9B售04,0,0,0,0,0,0,0,0,0,-42000,0,0,0,45000,87000,-42000,-42000
062023,寶成永豐9B購01  ,0,0,0,0,0,0,0,0,0,-42000,0,0,0,19000,61000,-42000,-42000
03690C,臺股指凱基01牛13,0,0,0,0,0,0,0,0,0,-42000,0,0,0,0,42000,-42000,-42000
061418,世紀鋼群益9A購02,0,0,0,0,0,0,0,0,0,-42000,0,0,0,120000,162000,-42000,-42000
059678,鴻海國泰9A購03  ,0,0,0,0,0,0,0,0,0,-42000,0,0,0,0,42000,-42000,-42000
063421,可成凱基9C購02  ,0,0,0,0,0,0,0,0,0,-42000,0,0,0,6000,48000,-42000,-42000
063496,儒鴻永豐9B購01  ,0,0,0,0,0,0,0,0,0,-42000,0,0,0,13000,55000,-42000,-42000
063274,鈺齊兆豐9B購01  ,0,0,0,0,0,0,0,0,0,-42000,0,0,0,147000,189000,-42000,-42000
062121,奇鋐台新9B購01  ,0,0,0,0,0,0,0,0,0,-42000,0,0,0,0,42000,-42000,-42000
062884,康控兆豐9C購01  ,0,0,0,0,0,0,0,0,0,-42000,0,0,0,22000,64000,-42000,-42000
062148,奇鋐國票9B購01  ,0,0,0,0,0,0,0,0,0,-42000,0,0,0,39000,81000,-42000,-42000
066003,台表科國票02購02,0,0,0,0,0,0,0,0,0,-42000,0,0,0,11000,53000,-42000,-42000
063561,上銀元大9B購08  ,0,0,0,0,0,0,0,0,0,-42000,0,0,0,1000,43000,-42000,-42000
064589,聯鈞永豐9C購01  ,0,0,0,0,0,0,0,0,0,-42000,0,0,0,0,42000,-42000,-42000
08669P,聯發科群益02售02,0,0,0,0,0,0,0,0,0,-42000,0,0,0,85000,127000,-42000,-42000
08581P,臺股指元大9C售29,0,0,0,0,0,0,0,0,0,-42000,0,0,0,0,42000,-42000,-42000
1321,大洋            ,23000,65000,-42000,0,0,0,0,0,0,0,3000,3000,0,0,0,0,-42000
08743P,群創凱基01售04  ,0,0,0,0,0,0,0,0,0,-42000,0,0,0,0,42000,-42000,-42000
07864P,可成元大9B售01  ,0,0,0,0,0,0,0,0,0,-43000,0,0,0,232000,275000,-43000,-43000
067472,台積電元大03購01,0,0,0,0,0,0,0,0,0,-43000,0,0,0,3671000,3714000,-43000,-43000
066301,大成永豐01購01  ,0,0,0,0,0,0,0,0,0,-43000,0,0,0,18000,61000,-43000,-43000
055176,大毅統一98購02  ,0,0,0,0,0,0,0,0,0,-43000,0,0,0,0,43000,-43000,-43000
062575,景碩群益9B購01  ,0,0,0,0,0,0,0,0,0,-43000,0,0,0,73000,116000,-43000,-43000
057902,嘉晶永豐98購02  ,0,0,0,0,0,0,0,0,0,-43000,0,0,0,255000,298000,-43000,-43000
060785,國巨富邦9B購04  ,0,0,0,0,0,0,0,0,0,-43000,0,0,0,0,43000,-43000,-43000
061407,鴻海國票9A購07  ,0,0,0,0,0,0,0,0,0,-43000,0,0,0,0,43000,-43000,-43000
063608,力成凱基9B購03  ,0,0,0,0,0,0,0,0,0,-43000,0,0,0,0,43000,-43000,-43000
063782,致新永豐9B購02  ,0,0,0,0,0,0,0,0,0,-43000,0,0,0,45000,88000,-43000,-43000
064073,南電永豐9C購01  ,0,0,0,0,0,0,0,0,0,-43000,0,0,0,14000,57000,-43000,-43000
063922,大立光元富9C購04,0,0,0,0,0,0,0,0,0,-43000,0,0,0,211000,254000,-43000,-43000
065987,大毅永豐01購01  ,0,0,0,0,0,0,0,0,0,-43000,0,0,0,68000,111000,-43000,-43000
065491,華新科國泰02購01,0,0,0,0,0,0,0,0,0,-43000,0,0,0,172000,215000,-43000,-43000
08981P,台積電凱基01售16,0,0,0,0,0,0,0,0,0,-43000,0,0,0,0,43000,-43000,-43000
08568P,臺股指富邦9C售05,0,0,0,0,0,0,0,0,0,-43000,0,0,0,0,43000,-43000,-43000
4545,銘鈺            ,8000,50000,-42000,0,0,0,0,0,0,-1000,1000,2000,-1000,0,0,0,-43000
066262,華碩元大01購02  ,0,0,0,0,0,0,0,0,0,-44000,0,0,0,126000,170000,-44000,-44000
067109,晶豪科群益01購01,0,0,0,0,0,0,0,0,0,-44000,0,0,0,113000,157000,-44000,-44000
067286,新日興國票02購02,0,0,0,0,0,0,0,0,0,-44000,0,0,0,1000,45000,-44000,-44000
067755,大立光國泰03購03,0,0,0,0,0,0,0,0,0,-44000,0,0,0,24000,68000,-44000,-44000
067582,華通群益02購04  ,0,0,0,0,0,0,0,0,0,-44000,0,0,0,51000,95000,-44000,-44000
07691P,宏達電元大9A售05,0,0,0,0,0,0,0,0,0,-44000,0,0,0,0,44000,-44000,-44000
057591,鴻海兆豐99購01  ,0,0,0,0,0,0,0,0,0,-44000,0,0,0,0,44000,-44000,-44000
058019,美律凱基99購04  ,0,0,0,0,0,0,0,0,0,-44000,0,0,0,0,44000,-44000,-44000
057700,新日興群益9A購01,0,0,0,0,0,0,0,0,0,-44000,0,0,0,0,44000,-44000,-44000
054808,東元元大9A購01  ,0,0,0,0,0,0,0,0,0,-44000,0,0,0,115000,159000,-44000,-44000
063407,泰鼎國票9C購01  ,0,0,0,0,0,0,0,0,0,-44000,0,0,0,58000,102000,-44000,-44000
063153,南六元富9B購01  ,0,0,0,0,0,0,0,0,0,-44000,0,0,0,8000,52000,-44000,-44000
062192,南六元大9B購01  ,0,0,0,0,0,0,0,0,0,-44000,0,0,0,55000,99000,-44000,-44000
061439,寶成凱基9A購01  ,0,0,0,0,0,0,0,0,0,-44000,0,0,0,15000,59000,-44000,-44000
065669,義隆凱基01購03  ,0,0,0,0,0,0,0,0,0,-44000,0,0,0,23000,67000,-44000,-44000
064490,金像電元大9C購02,0,0,0,0,0,0,0,0,0,-44000,0,0,0,270000,314000,-44000,-44000
08372P,大立光凱基01售04,0,0,0,0,0,0,0,0,0,-44000,0,0,0,0,44000,-44000,-44000
08459P,聯發科兆豐9C售04,0,0,0,0,0,0,0,0,0,-44000,0,0,0,0,44000,-44000,-44000
07708P,玉晶光元大9A售13,0,0,0,0,0,0,0,0,0,-45000,0,0,0,141000,186000,-45000,-45000
06954P,大立光元富99售01,0,0,0,0,0,0,0,0,0,-45000,0,0,0,54000,99000,-45000,-45000
067693,滬深2X中信04購02,0,0,0,0,0,0,0,0,0,-45000,0,0,0,0,45000,-45000,-45000
067798,GIS中信03購01   ,0,0,0,0,0,0,0,0,0,-45000,0,0,0,0,45000,-45000,-45000
066657,滬深2X凱基04購01,0,0,0,0,0,0,0,0,0,-45000,0,0,0,0,45000,-45000,-45000
066687,國巨元富07購05  ,0,0,0,0,0,0,0,0,0,-45000,0,0,0,0,45000,-45000,-45000
066531,智伸科元富01購01,0,0,0,0,0,0,0,0,0,-45000,0,0,0,53000,98000,-45000,-45000
058817,嘉聯益台新99購01,0,0,0,0,0,0,0,0,0,-45000,0,0,0,5000,50000,-45000,-45000
03687C,臺股指凱基9C牛22,0,0,0,0,0,0,0,0,0,-45000,0,0,0,44000,89000,-45000,-45000
058147,鈺齊元大99購01  ,0,0,0,0,0,0,0,0,0,-45000,0,0,0,135000,180000,-45000,-45000
057249,華邦電統一9A購01,0,0,0,0,0,0,0,0,0,-45000,0,0,0,0,45000,-45000,-45000
058373,晶技凱基99購02  ,0,0,0,0,0,0,0,0,0,-45000,0,0,0,0,45000,-45000,-45000
060896,晶技凱基9A購02  ,0,0,0,0,0,0,0,0,0,-45000,0,0,0,13000,58000,-45000,-45000
062641,瀚宇博國票9B購01,0,0,0,0,0,0,0,0,0,-45000,0,0,0,38000,83000,-45000,-45000
062776,鴻海元大9B購03  ,0,0,0,0,0,0,0,0,0,-45000,0,0,0,10000,55000,-45000,-45000
061192,奇鋐永豐9A購01  ,0,0,0,0,0,0,0,0,0,-45000,0,0,0,566000,611000,-45000,-45000
063507,奇鋐群益9B購02  ,0,0,0,0,0,0,0,0,0,-45000,0,0,0,69000,114000,-45000,-45000
064456,禾伸堂統一01購01,0,0,0,0,0,0,0,0,0,-45000,0,0,0,183000,228000,-45000,-45000
064707,群創富邦9C購02  ,0,0,0,0,0,0,0,0,0,-45000,0,0,0,0,45000,-45000,-45000
064666,華新科元大02購01,0,0,0,0,0,0,0,0,0,-45000,0,0,0,105000,150000,-45000,-45000
066019,T50反1群益01購03,0,0,0,0,0,0,0,0,0,-45000,0,0,0,0,45000,-45000,-45000
065925,鴻海國票04購01  ,0,0,0,0,0,0,0,0,0,-45000,0,0,0,5000,50000,-45000,-45000
064920,景碩統一01購02  ,0,0,0,0,0,0,0,0,0,-45000,0,0,0,362000,407000,-45000,-45000
065265,景碩元大9C購02  ,0,0,0,0,0,0,0,0,0,-45000,0,0,0,258000,303000,-45000,-45000
065325,亞光凱基9C購01  ,0,0,0,0,0,0,0,0,0,-45000,0,0,0,260000,305000,-45000,-45000
067285,欣興國票02購01  ,0,0,0,0,0,0,0,0,0,-46000,0,0,0,126000,172000,-46000,-46000
067421,華邦電凱基01購02,0,0,0,0,0,0,0,0,0,-46000,0,0,0,10000,56000,-46000,-46000
06925P,致茂群益9A售02  ,0,0,0,0,0,0,0,0,0,-46000,0,0,0,0,46000,-46000,-46000
058188,華擎永豐99購01  ,0,0,0,0,0,0,0,0,0,-46000,0,0,0,27000,73000,-46000,-46000
03684C,臺股指元大06牛01,0,0,0,0,0,0,0,0,0,-46000,0,0,0,5000,51000,-46000,-46000
063103,技嘉群益9B購01  ,0,0,0,0,0,0,0,0,0,-46000,0,0,0,51000,97000,-46000,-46000
060686,康友元大9A購02  ,0,0,0,0,0,0,0,0,0,-46000,0,0,0,16000,62000,-46000,-46000
061639,晶豪科元大9A購02,0,30000,-30000,0,0,0,0,0,0,-16000,0,0,0,147000,163000,-16000,-46000
064476,金像電國泰02購01,0,0,0,0,0,0,0,0,0,-46000,0,0,0,274000,320000,-46000,-46000
08792P,聯發科中信02售02,0,0,0,0,0,0,0,0,0,-46000,0,0,0,0,46000,-46000,-46000
08275P,南亞科元富9C售01,0,0,0,0,0,0,0,0,0,-47000,0,0,0,113000,160000,-47000,-47000
066481,華碩元富01購01  ,0,0,0,0,0,0,0,0,0,-47000,0,0,0,76000,123000,-47000,-47000
067250,中化國票02購01  ,0,0,0,0,0,0,0,0,0,-47000,0,0,0,0,47000,-47000,-47000
066981,聯發科群益02購07,0,0,0,0,0,0,0,0,0,-47000,0,0,0,82000,129000,-47000,-47000
057694,臺股指凱基98購12,0,0,0,0,0,0,0,0,0,-47000,0,0,0,59000,106000,-47000,-47000
057397,茂林中信9A購01  ,0,0,0,0,0,0,0,0,0,-47000,0,0,0,51000,98000,-47000,-47000
062863,聯茂國票9B購01  ,0,0,0,0,0,0,0,0,0,-47000,0,0,0,44000,91000,-47000,-47000
063012,技嘉元大9B購01  ,0,0,0,0,0,0,0,0,0,-47000,0,0,0,26000,73000,-47000,-47000
061308,元金2X中信9A購01,0,0,0,0,0,0,0,0,0,-47000,0,0,0,23000,70000,-47000,-47000
063104,大立光群益9C購02,0,0,0,0,0,0,0,0,0,-47000,0,0,0,6000,53000,-47000,-47000
059691,大立光永豐99購02,0,0,0,0,0,0,0,0,0,-47000,0,0,0,101000,148000,-47000,-47000
064614,友訊元大9C購02  ,0,0,0,0,0,0,0,0,0,-47000,0,0,0,285000,332000,-47000,-47000
063750,和鑫國票9B購01  ,0,0,0,0,0,0,0,0,0,-47000,0,0,0,80000,127000,-47000,-47000
063631,燿華元大9B購06  ,0,0,0,0,0,0,0,0,0,-47000,0,0,0,61000,108000,-47000,-47000
065365,國巨元大9C購19  ,0,0,0,0,0,0,0,0,0,-47000,0,0,0,174000,221000,-47000,-47000
065430,可成凱基02購03  ,0,0,0,0,0,0,0,0,0,-47000,0,0,0,8000,55000,-47000,-47000
066366,信邦中信02購01  ,0,0,0,0,0,0,0,0,0,-48000,0,0,0,28000,76000,-48000,-48000
066341,永信永豐01購01  ,0,0,0,0,0,0,0,0,0,-48000,0,0,0,0,48000,-48000,-48000
057538,緯穎元大98購07  ,0,0,0,0,0,0,0,0,0,-48000,0,0,0,20000,68000,-48000,-48000
057798,貿聯兆豐99購01  ,0,0,0,0,0,0,0,0,0,-48000,0,0,0,102000,150000,-48000,-48000
062579,華通統一01購02  ,0,0,0,0,0,0,0,0,0,-48000,0,0,0,99000,147000,-48000,-48000
055683,晶技凱基99購01  ,0,0,0,0,0,0,0,0,0,-48000,0,0,0,0,48000,-48000,-48000
054959,禾伸堂元大98購01,0,0,0,0,0,0,0,0,0,-48000,0,0,0,8000,56000,-48000,-48000
063267,台表科中信01購02,0,0,0,0,0,0,0,0,0,-48000,0,0,0,14000,62000,-48000,-48000
062767,GIS凱基9B購02   ,0,0,0,0,0,0,0,0,0,-48000,0,0,0,117000,165000,-48000,-48000
062602,華通麥證9C購01  ,0,0,0,69000,110000,-41000,0,0,0,-48000,0,0,0,69000,117000,-48000,-48000
061437,燿華凱基9A購01  ,0,0,0,0,0,0,0,0,0,-48000,0,0,0,189000,237000,-48000,-48000
064956,麗豐凱基9C購01  ,0,0,0,0,0,0,0,0,0,-48000,0,0,0,0,48000,-48000,-48000
064509,台表科元大9C購08,0,0,0,0,0,0,0,0,0,-48000,0,0,0,9000,57000,-48000,-48000
064537,健鼎國票01購02  ,0,0,0,0,0,0,0,0,0,-48000,0,0,0,62000,110000,-48000,-48000
1903,士紙            ,5000,83000,-78000,0,0,0,0,0,0,30000,30000,0,30000,0,0,0,-48000
066848,健策元大01購05  ,0,0,0,0,0,0,0,0,0,-49000,0,0,0,10000,59000,-49000,-49000
057843,晶技永豐98購02  ,0,0,0,0,0,0,0,0,0,-49000,0,0,0,31000,80000,-49000,-49000
058387,國巨國票9A購03  ,0,0,0,0,0,0,0,0,0,-49000,0,0,0,4000,53000,-49000,-49000
058014,上銀凱基99購02  ,0,0,0,0,0,0,0,0,0,-49000,0,0,0,0,49000,-49000,-49000
061498,大立光國票9A購10,0,0,0,0,0,0,0,0,0,-49000,0,0,0,38000,87000,-49000,-49000
062500,國巨群益01購01  ,0,0,0,0,0,0,0,0,0,-49000,0,0,0,11000,60000,-49000,-49000
060987,華新科元大9A購11,0,0,0,0,0,0,0,0,0,-49000,0,0,0,180000,229000,-49000,-49000
063137,瑞昱統一01購02  ,0,0,0,0,0,0,0,0,0,-49000,0,0,0,0,49000,-49000,-49000
065191,南電統一01購03  ,0,0,0,0,0,0,0,0,0,-49000,0,0,0,225000,274000,-49000,-49000
065484,康友元大9C購01  ,0,0,0,0,0,0,0,0,0,-49000,0,0,0,51000,100000,-49000,-49000
1537,廣隆            ,5000,57000,-52000,0,0,0,0,0,0,3000,3000,0,3000,0,0,0,-49000
08929P,可成元富07售04  ,0,0,0,0,0,0,0,0,0,-49000,0,0,0,0,49000,-49000,-49000
08974P,可成群益02售02  ,0,0,0,0,0,0,0,0,0,-49000,0,0,0,0,49000,-49000,-49000
6477,安集            ,6000,98000,-92000,0,0,0,0,0,0,43000,43000,0,43000,0,0,0,-49000
066840,臺指反元大04購05,0,0,0,0,0,0,0,0,0,-50000,0,0,0,0,50000,-50000,-50000
066891,鴻海兆豐04購01  ,0,0,0,0,0,0,0,0,0,-50000,0,0,0,0,50000,-50000,-50000
067188,日電貿凱基01購02,0,0,0,0,0,0,0,0,0,-50000,0,0,0,0,50000,-50000,-50000
066172,日電貿凱基01購01,0,0,0,0,0,0,0,0,0,-50000,0,0,0,0,50000,-50000,-50000
066574,康友元大01購01  ,0,0,0,0,0,0,0,0,0,-50000,0,0,0,103000,153000,-50000,-50000
066638,聚碩凱基01購01  ,0,0,0,0,0,0,0,0,0,-50000,0,0,0,0,50000,-50000,-50000
08194P,同欣電國票9C售03,0,0,0,0,0,0,0,0,0,-50000,0,0,0,60000,110000,-50000,-50000
07871P,台積電群益9C售02,0,0,0,0,0,0,0,0,0,-50000,0,0,0,0,50000,-50000,-50000
07832P,台積電群益9A售08,0,0,0,0,0,0,0,0,0,-50000,0,0,0,0,50000,-50000,-50000
07906P,中租群益9B售02  ,0,0,0,0,0,0,0,0,0,-50000,0,0,0,0,50000,-50000,-50000
07919P,創意永豐9B售01  ,0,0,0,0,0,0,0,0,0,-50000,0,0,0,0,50000,-50000,-50000
07948P,大成鋼凱基9B售01,0,0,0,0,0,0,0,0,0,-50000,0,0,0,0,50000,-50000,-50000
07650P,台灣50中信9A售01,0,0,0,0,0,0,0,0,0,-50000,0,0,0,0,50000,-50000,-50000
07527P,台灣50凱基9B售02,0,0,0,0,0,0,0,0,0,-50000,0,0,0,0,50000,-50000,-50000
067442,南港國票02購01  ,0,0,0,0,0,0,0,0,0,-50000,0,0,0,0,50000,-50000,-50000
067576,元金反群益04購01,0,0,0,0,0,0,0,0,0,-50000,0,0,0,0,50000,-50000,-50000
067562,牧德國票02購01  ,0,0,0,0,0,0,0,0,0,-50000,0,0,0,7000,57000,-50000,-50000
067861,聚陽元大01購04  ,0,0,0,0,0,0,0,0,0,-50000,0,0,0,0,50000,-50000,-50000
057980,聯詠永豐98購01  ,0,0,0,0,0,0,0,0,0,-50000,0,0,0,10000,60000,-50000,-50000
058298,聯茂凱基99購05  ,0,0,0,0,0,0,0,0,0,-50000,0,0,0,0,50000,-50000,-50000
058605,華邦電元大99購04,0,0,0,0,0,0,0,0,0,-50000,0,0,0,0,50000,-50000,-50000
057870,大立光凱基99購02,0,0,0,0,0,0,0,0,0,-50000,0,0,0,0,50000,-50000,-50000
057803,上銀元大98購08  ,0,0,0,0,0,0,0,0,0,-50000,0,0,0,0,50000,-50000,-50000
057794,T50反1兆豐99購02,0,0,0,0,0,0,0,0,0,-50000,0,0,0,0,50000,-50000,-50000
057202,TPK元富98購02   ,0,0,0,0,0,0,0,0,0,-50000,0,0,0,0,50000,-50000,-50000
058663,瑞儀兆豐9A購01  ,0,0,0,0,0,0,0,0,0,-50000,0,0,0,0,50000,-50000,-50000
057632,傳奇永豐98購01  ,0,0,0,0,0,0,0,0,0,-50000,0,0,0,0,50000,-50000,-50000
054768,泰碩國票99購02  ,0,0,0,0,0,0,0,0,0,-50000,0,0,0,0,50000,-50000,-50000
055244,國巨統一98購01  ,0,0,0,0,0,0,0,0,0,-50000,0,0,0,100000,150000,-50000,-50000
056483,TPK元大98購01   ,0,0,0,0,0,0,0,0,0,-50000,0,0,0,0,50000,-50000,-50000
063474,康控元大9B購04  ,0,0,0,0,0,0,0,0,0,-50000,0,0,0,0,50000,-50000,-50000
060487,盛群富邦9B購01  ,0,0,0,0,0,0,0,0,0,-50000,0,0,0,50000,100000,-50000,-50000
063278,國巨元大9C購04  ,0,0,0,0,0,0,0,0,0,-50000,0,0,0,0,50000,-50000,-50000
063234,國巨元大9C購03  ,0,0,0,0,0,0,0,0,0,-50000,0,0,0,0,50000,-50000,-50000
063292,致新元大9B購02  ,0,0,0,0,0,0,0,0,0,-50000,0,0,0,139000,189000,-50000,-50000
059778,上証2X元大9C購03,0,0,0,0,0,0,0,0,0,-50000,0,0,0,0,50000,-50000,-50000
059873,華新科凱基99購09,0,0,0,0,0,0,0,0,0,-50000,0,0,0,0,50000,-50000,-50000
059647,超眾凱基99購04  ,0,0,0,0,0,0,0,0,0,-50000,0,0,0,0,50000,-50000,-50000
061676,新光金元大9A購03,0,0,0,0,0,0,0,0,0,-50000,0,0,0,100000,150000,-50000,-50000
061766,華新科元大9B購02,0,0,0,0,0,0,0,0,0,-50000,0,0,0,0,50000,-50000,-50000
061180,華擎凱基9B購01  ,0,0,0,0,0,0,0,0,0,-50000,0,0,0,0,50000,-50000,-50000
061342,華新科元大9A購17,0,0,0,0,0,0,0,0,0,-50000,0,0,0,100000,150000,-50000,-50000
061104,華新科元大9A購13,0,0,0,0,0,0,0,0,0,-50000,0,0,0,100000,150000,-50000,-50000
060665,康控凱基9A購01  ,0,0,0,0,0,0,0,0,0,-50000,0,0,0,0,50000,-50000,-50000
060604,宏達電凱基9B購01,0,0,0,0,0,0,0,0,0,-50000,0,0,0,3000,53000,-50000,-50000
061605,華新科凱基9A購14,0,0,0,0,0,0,0,0,0,-50000,0,0,0,60000,110000,-50000,-50000
060899,超眾凱基9A購01  ,0,0,0,0,0,0,0,0,0,-50000,0,0,0,0,50000,-50000,-50000
060888,金像電統一9C購01,0,0,0,0,0,0,0,0,0,-50000,0,0,0,7000,57000,-50000,-50000
060870,旭富群益9A購01  ,0,0,0,0,0,0,0,0,0,-50000,0,0,0,0,50000,-50000,-50000
06082P,華通統一98售01  ,0,0,0,0,0,0,0,0,0,-50000,0,0,0,0,50000,-50000,-50000
065723,新日興兆豐01購01,0,0,0,0,0,0,0,0,0,-50000,0,0,0,7000,57000,-50000,-50000
065932,世紀鋼國票02購01,0,0,0,0,0,0,0,0,0,-50000,0,0,0,0,50000,-50000,-50000
065795,康友永豐9C購02  ,0,0,0,0,0,0,0,0,0,-50000,0,0,0,0,50000,-50000,-50000
065225,神隆凱基01購01  ,0,0,0,0,0,0,0,0,0,-50000,0,0,0,0,50000,-50000,-50000
065230,義隆凱基02購01  ,0,0,0,0,0,0,0,0,0,-50000,0,0,0,57000,107000,-50000,-50000
065337,華通統一01購03  ,0,0,0,0,0,0,0,0,0,-50000,0,0,0,322000,372000,-50000,-50000
065397,宏達電群益9C購03,0,0,0,0,0,0,0,0,0,-50000,0,0,0,20000,70000,-50000,-50000
064925,和碩統一02購01  ,0,0,0,0,0,0,0,0,0,-50000,0,0,0,0,50000,-50000,-50000
064903,新唐群益9C購01  ,0,0,0,0,0,0,0,0,0,-50000,0,0,0,3000,53000,-50000,-50000
065024,華擎永豐9C購01  ,0,0,0,0,0,0,0,0,0,-50000,0,0,0,0,50000,-50000,-50000
064626,聯茂元大9C購01  ,0,0,0,0,0,0,0,0,0,-50000,0,0,0,112000,162000,-50000,-50000
064660,華通元大9C購05  ,0,0,0,0,0,0,0,0,0,-50000,0,0,0,8000,58000,-50000,-50000
064404,奇力新凱基02購01,0,0,0,0,0,0,0,0,0,-50000,0,0,0,10000,60000,-50000,-50000
063712,高鐵凱基9C購01  ,0,0,0,0,0,0,0,0,0,-50000,0,0,0,0,50000,-50000,-50000
063818,矽創群益9C購01  ,0,0,0,0,0,0,0,0,0,-50000,0,0,0,72000,122000,-50000,-50000
06380P,臺股指統一98售02,0,0,0,0,0,0,0,0,0,-50000,0,0,0,50000,100000,-50000,-50000
063918,復盛凱基9C購01  ,0,0,0,0,0,0,0,0,0,-50000,0,0,0,0,50000,-50000,-50000
064102,宏達電群益9C購01,0,0,0,0,0,0,0,0,0,-50000,0,0,0,2000,52000,-50000,-50000
064133,力成元大9C購01  ,0,0,0,0,0,0,0,0,0,-50000,0,0,0,0,50000,-50000,-50000
08966P,臺指反元大04售07,0,0,0,0,0,0,0,0,0,-50000,0,0,0,0,50000,-50000,-50000
08784P,上証2X元富01售01,0,0,0,0,0,0,0,0,0,-50000,0,0,0,0,50000,-50000,-50000
08891P,國巨元大01售11  ,0,0,0,0,0,0,0,0,0,-50000,0,0,0,0,50000,-50000,-50000
08388P,台灣50中信03售09,0,0,0,0,0,0,0,0,0,-50000,0,0,0,68000,118000,-50000,-50000
08632P,聯發科元大9C售19,0,0,0,0,0,0,0,0,0,-50000,0,0,0,14000,64000,-50000,-50000
1707,葡萄王          ,32000,79000,-47000,0,0,0,0,0,0,-3000,0,0,0,0,3000,-3000,-50000
2881A,富邦特          ,0,6000,-6000,0,0,0,0,24000,-24000,-20000,0,20000,-20000,0,0,0,-50000
067692,鈺齊元大01購02  ,0,0,0,0,0,0,0,0,0,-51000,0,0,0,273000,324000,-51000,-51000
07720P,臺股指群益9A售09,0,0,0,0,0,0,0,0,0,-51000,0,0,0,0,51000,-51000,-51000
066631,聯詠凱基03購01  ,0,0,0,0,0,0,0,0,0,-51000,0,0,0,319000,370000,-51000,-51000
066645,聯發科麥證01購02,0,0,0,23000,74000,-51000,0,0,0,-51000,0,0,0,23000,74000,-51000,-51000
066595,敦泰群益01購01  ,0,0,0,0,0,0,0,0,0,-51000,0,0,0,48000,99000,-51000,-51000
066894,聯發科兆豐03購01,0,0,0,0,0,0,0,0,0,-51000,0,0,0,22000,73000,-51000,-51000
066698,川湖群益01購01  ,0,0,0,0,0,0,0,0,0,-51000,0,0,0,0,51000,-51000,-51000
056765,友達元大9B購05  ,0,0,0,0,0,0,0,0,0,-51000,0,0,0,50000,101000,-51000,-51000
00647L,元大S&P500正2   ,0,0,0,0,0,0,0,0,0,-51000,0,0,0,394000,445000,-51000,-51000
03007P,玉晶光永豐01售01,0,0,0,0,0,0,0,0,0,-51000,0,0,0,0,51000,-51000,-51000
058051,同欣電元大98購03,0,0,0,0,0,0,0,0,0,-51000,0,0,0,0,51000,-51000,-51000
058732,矽格永豐99購01  ,0,0,0,0,0,0,0,0,0,-51000,0,0,0,118000,169000,-51000,-51000
057514,華新科元富99購03,0,0,0,0,0,0,0,0,0,-51000,0,0,0,0,51000,-51000,-51000
058369,亞光凱基99購02  ,0,0,0,0,0,0,0,0,0,-51000,0,0,0,60000,111000,-51000,-51000
062628,廣達國票9B購01  ,0,0,0,0,0,0,0,0,0,-51000,0,0,0,21000,72000,-51000,-51000
062916,智易元大9B購01  ,0,0,0,0,0,0,0,0,0,-51000,0,0,0,79000,130000,-51000,-51000
061229,緯穎中信9B購01  ,0,0,0,0,0,0,0,0,0,-51000,0,0,0,0,51000,-51000,-51000
059921,大立光元大99購24,0,0,0,0,0,0,0,0,0,-51000,0,0,0,0,51000,-51000,-51000
063229,台表科群益9B購04,0,0,0,0,0,0,0,0,0,-51000,0,0,0,60000,111000,-51000,-51000
063764,上銀元富9B購08  ,0,0,0,0,0,0,0,0,0,-51000,0,0,0,53000,104000,-51000,-51000
064901,牧德群益9C購01  ,0,0,0,0,0,0,0,0,0,-51000,0,0,0,0,51000,-51000,-51000
064950,美律凱基02購01  ,0,0,0,0,0,0,0,0,0,-51000,0,0,0,55000,106000,-51000,-51000
08681P,台灣50凱基01售16,0,0,0,0,0,0,0,0,0,-51000,0,0,0,0,51000,-51000,-51000
066733,大立光元大01購10,0,0,0,0,0,0,0,0,0,-52000,0,0,0,30000,82000,-52000,-52000
066824,旺宏群益02購01  ,0,0,0,0,0,0,0,0,0,-52000,0,0,0,3000,55000,-52000,-52000
067161,嘉澤國票02購01  ,0,0,0,0,0,0,0,0,0,-52000,0,0,0,20000,72000,-52000,-52000
066450,松翰群益01購01  ,0,0,0,0,0,0,0,0,0,-52000,0,0,0,51000,103000,-52000,-52000
07490P,大立光國票9A售03,0,0,0,0,0,0,0,0,0,-52000,0,0,0,0,52000,-52000,-52000
067888,奇力新群益01購02,0,0,0,0,0,0,0,0,0,-52000,0,0,0,0,52000,-52000,-52000
055681,奇鋐凱基98購03  ,0,0,0,0,0,0,0,0,0,-52000,0,0,0,177000,229000,-52000,-52000
055667,致茂群益98購01  ,0,0,0,0,0,0,0,0,0,-52000,0,0,0,26000,78000,-52000,-52000
061696,南茂群益9A購01  ,0,0,0,0,0,0,0,0,0,-52000,0,0,0,25000,77000,-52000,-52000
062433,上銀元大9B購05  ,0,0,0,0,0,0,0,0,0,-52000,0,0,0,141000,193000,-52000,-52000
062105,國巨國票9C購03  ,0,0,0,0,0,0,0,0,0,-52000,0,0,0,0,52000,-52000,-52000
064958,GIS凱基02購03   ,0,0,0,0,0,0,0,0,0,-52000,0,0,0,452000,504000,-52000,-52000
065892,聯發科統一02購04,0,0,0,0,0,0,0,0,0,-52000,0,0,0,200000,252000,-52000,-52000
063664,漢唐統一9C購01  ,0,0,0,0,0,0,0,0,0,-52000,0,0,0,66000,118000,-52000,-52000
064377,宏達電元富9C購01,0,0,0,0,0,0,0,0,0,-52000,0,0,0,0,52000,-52000,-52000
064247,廣達元富9C購01  ,0,0,0,0,0,0,0,0,0,-52000,0,0,0,333000,385000,-52000,-52000
08526P,義隆元大9C售04  ,0,0,0,0,0,0,0,0,0,-52000,0,0,0,49000,101000,-52000,-52000
08441P,同欣電元富9C售01,0,0,0,0,0,0,0,0,0,-52000,0,0,0,50000,102000,-52000,-52000
08716P,台積電兆豐01售02,0,0,0,0,0,0,0,0,0,-52000,0,0,0,0,52000,-52000,-52000
067876,世紀鋼元大01購03,0,0,0,0,0,0,0,0,0,-53000,0,0,0,0,53000,-53000,-53000
066604,台郡富邦04購01  ,0,0,0,0,0,0,0,0,0,-53000,0,0,0,205000,258000,-53000,-53000
066072,華新科凱基01購03,0,0,0,0,0,0,0,0,0,-53000,0,0,0,259000,312000,-53000,-53000
066273,晶技元大01購02  ,1000,0,1000,0,0,0,0,0,0,-54000,0,0,0,133000,187000,-54000,-53000
066903,中興電凱基01購01,0,0,0,0,0,0,0,0,0,-53000,0,0,0,85000,138000,-53000,-53000
054976,上証2X元富9A購01,0,0,0,0,0,0,0,0,0,-53000,0,0,0,139000,192000,-53000,-53000
062807,和碩統一9B購01  ,0,0,0,0,0,0,0,0,0,-53000,0,0,0,137000,190000,-53000,-53000
059564,鴻海凱基9A購15  ,0,0,0,0,0,0,0,0,0,-53000,0,0,0,0,53000,-53000,-53000
063721,道瓊銀元大9B購03,0,0,0,0,0,0,0,0,0,-53000,0,0,0,0,53000,-53000,-53000
063799,華邦電凱基9C購02,0,0,0,0,0,0,0,0,0,-53000,0,0,0,54000,107000,-53000,-53000
066021,華通群益02購03  ,0,0,0,0,0,0,0,0,0,-53000,0,0,0,10000,63000,-53000,-53000
065456,義隆元富9C購03  ,0,0,0,0,0,0,0,0,0,-53000,0,0,0,223000,276000,-53000,-53000
065038,上銀凱基9C購02  ,0,0,0,0,0,0,0,0,0,-53000,0,0,0,85000,138000,-53000,-53000
1104,環泥            ,36000,89000,-53000,0,0,0,0,0,0,0,0,0,0,0,0,0,-53000
5305,敦南            ,92000,154000,-62000,0,0,0,0,0,0,9000,9000,0,9000,0,0,0,-53000
066522,建準中信01購01  ,0,0,0,0,0,0,0,0,0,-54000,0,0,0,122000,176000,-54000,-54000
054791,泰碩群益99購02  ,0,0,0,0,0,0,0,0,0,-54000,0,0,0,0,54000,-54000,-54000
058368,奇鋐凱基9A購01  ,0,0,0,0,0,0,0,0,0,-54000,0,0,0,48000,102000,-54000,-54000
057767,緯穎凱基98購06  ,0,0,0,0,0,0,0,0,0,-54000,0,0,0,44000,98000,-54000,-54000
058581,大立光群益99購05,0,0,0,0,0,0,0,0,0,-54000,0,0,0,0,54000,-54000,-54000
062275,燿華群益9B購01  ,0,0,0,0,0,0,0,0,0,-54000,0,0,0,156000,210000,-54000,-54000
057650,力成元大98購04  ,0,0,0,0,0,0,0,0,0,-54000,0,0,0,34000,88000,-54000,-54000
058193,緯穎永豐99購01  ,0,0,0,0,0,0,0,0,0,-54000,0,0,0,16000,70000,-54000,-54000
064990,世紀鋼元大01購01,0,0,0,0,0,0,0,0,0,-54000,0,0,0,296000,350000,-54000,-54000
065368,技嘉元大9C購04  ,0,0,0,0,0,0,0,0,0,-54000,0,0,0,48000,102000,-54000,-54000
066028,嘉澤群益01購01  ,0,0,0,0,0,0,0,0,0,-54000,0,0,0,76000,130000,-54000,-54000
065781,創意富邦01購01  ,0,0,0,0,0,0,0,0,0,-54000,0,0,0,0,54000,-54000,-54000
063659,世紀鋼元富9B購01,0,0,0,0,0,0,0,0,0,-54000,0,0,0,225000,279000,-54000,-54000
063921,大立光元富9C購03,0,0,0,0,0,0,0,0,0,-54000,0,0,0,162000,216000,-54000,-54000
064293,勤誠元大9C購01  ,0,0,0,0,0,0,0,0,0,-54000,0,0,0,11000,65000,-54000,-54000
064674,鈺齊元大9C購01  ,0,0,0,0,0,0,0,0,0,-54000,0,0,0,312000,366000,-54000,-54000
066497,大立光國泰03購02,0,0,0,0,0,0,0,0,0,-55000,0,0,0,47000,102000,-55000,-55000
066221,康友台新01購01  ,0,0,0,0,0,0,0,0,0,-55000,0,0,0,50000,105000,-55000,-55000
06888P,日月光元大98售02,0,0,0,0,0,0,0,0,0,-55000,0,0,0,0,55000,-55000,-55000
067764,寶成永豐01購01  ,0,0,0,0,0,0,0,0,0,-55000,0,0,0,0,55000,-55000,-55000
067598,台積電凱基01購13,0,0,0,0,0,0,0,0,0,-55000,0,0,0,0,55000,-55000,-55000
067450,聯發科國票02購01,0,0,0,0,0,0,0,0,0,-55000,0,0,0,95000,150000,-55000,-55000
07875P,祥碩群益9B售01  ,0,0,0,0,0,0,0,0,0,-55000,0,0,0,0,55000,-55000,-55000
058197,國巨中信99購02  ,0,0,0,0,0,0,0,0,0,-55000,0,0,0,0,55000,-55000,-55000
057369,奇力新元大99購05,0,0,0,0,0,0,0,0,0,-55000,0,0,0,0,55000,-55000,-55000
063081,技嘉凱基9B購02  ,0,0,0,0,0,0,0,0,0,-55000,0,0,0,65000,120000,-55000,-55000
056095,臻鼎元富9A購01  ,0,0,0,0,0,0,0,0,0,-55000,0,0,0,4000,59000,-55000,-55000
058881,全新永豐99購01  ,0,0,0,0,0,0,0,0,0,-55000,0,0,0,0,55000,-55000,-55000
060007,鴻海群益99購04  ,0,0,0,0,0,0,0,0,0,-55000,0,0,0,1000,56000,-55000,-55000
063133,喬山統一01購01  ,0,0,0,0,0,0,0,0,0,-55000,0,0,0,0,55000,-55000,-55000
062159,聯詠凱基9B購01  ,0,0,0,0,0,0,0,0,0,-55000,0,0,0,13000,68000,-55000,-55000
062443,大立光元大9B購05,0,0,0,0,0,0,0,0,0,-55000,0,0,0,0,55000,-55000,-55000
061946,鴻海群益9B購03  ,0,0,0,0,0,0,0,0,0,-55000,0,0,0,0,55000,-55000,-55000
063010,國巨元大9C購02  ,0,0,0,0,0,0,0,0,0,-55000,0,0,0,0,55000,-55000,-55000
064057,緯穎統一02購01  ,0,0,0,0,0,0,0,0,0,-55000,0,0,0,304000,359000,-55000,-55000
063541,華擎元富9B購02  ,0,0,0,0,0,0,0,0,0,-55000,0,0,0,44000,99000,-55000,-55000
065443,智邦統一9C購03  ,0,0,0,0,0,0,0,0,0,-55000,0,0,0,41000,96000,-55000,-55000
065504,宏達電永豐9C購01,0,0,0,0,0,0,0,0,0,-55000,0,0,0,13000,68000,-55000,-55000
6670,復盛應用        ,58000,116000,-58000,0,0,0,0,0,0,3000,0,1000,-1000,4000,0,4000,-55000
08745P,臺股指凱基02售06,0,0,0,0,0,0,0,0,0,-55000,0,0,0,0,55000,-55000,-55000
08838P,台灣50麥證01售02,0,0,0,10000,65000,-55000,0,0,0,-55000,0,0,0,10000,65000,-55000,-55000
08587P,聯發科中信01售05,0,0,0,0,0,0,0,0,0,-55000,0,0,0,0,55000,-55000,-55000
067469,國巨元大01購09  ,0,0,0,0,0,0,0,0,0,-56000,0,0,0,144000,200000,-56000,-56000
06885P,國巨國票99售06  ,0,0,0,0,0,0,0,0,0,-56000,0,0,0,69000,125000,-56000,-56000
066224,眾達國泰03購01  ,0,0,0,0,0,0,0,0,0,-56000,0,0,0,111000,167000,-56000,-56000
066514,盟立永豐01購01  ,0,0,0,0,0,0,0,0,0,-56000,0,0,0,32000,88000,-56000,-56000
066923,滬深2X國票02購01,0,0,0,0,0,0,0,0,0,-56000,0,0,0,3000,59000,-56000,-56000
061985,富邦金元大9B購01,0,0,0,0,0,0,0,0,0,-56000,0,0,0,55000,111000,-56000,-56000
060462,鴻海元大9A購10  ,0,0,0,0,0,0,0,0,0,-56000,0,0,0,0,56000,-56000,-56000
059536,新光金凱基99購05,0,0,0,0,0,0,0,0,0,-56000,0,0,0,0,56000,-56000,-56000
059840,鴻海富邦9A購02  ,0,0,0,0,0,0,0,0,0,-56000,0,0,0,0,56000,-56000,-56000
065650,旭富元大9C購07  ,0,0,0,0,0,0,0,0,0,-56000,0,0,0,112000,168000,-56000,-56000
065208,義隆國票01購01  ,0,0,0,0,0,0,0,0,0,-56000,0,0,0,0,56000,-56000,-56000
064261,力山永豐9C購01  ,0,0,0,0,0,0,0,0,0,-56000,0,0,0,151000,207000,-56000,-56000
064470,世紀鋼元富03購01,0,0,0,0,0,0,0,0,0,-56000,0,0,0,31000,87000,-56000,-56000
066993,世紀鋼群益01購03,0,0,0,0,0,0,0,0,0,-57000,0,0,0,64000,121000,-57000,-57000
066195,臺股指凱基03購04,0,0,0,0,0,0,0,0,0,-57000,0,0,0,21000,78000,-57000,-57000
067655,晶技元富07購01  ,0,0,0,0,0,0,0,0,0,-57000,0,0,0,98000,155000,-57000,-57000
062051,上銀統一9C購02  ,0,0,0,0,0,0,0,0,0,-57000,0,0,0,2000,59000,-57000,-57000
057789,上銀統一9A購01  ,0,0,0,0,0,0,0,0,0,-57000,0,0,0,0,57000,-57000,-57000
057690,美律凱基99購03  ,0,0,0,0,0,0,0,0,0,-57000,0,0,0,0,57000,-57000,-57000
061791,康友群益9B購01  ,0,0,0,0,0,0,0,0,0,-57000,0,0,0,0,57000,-57000,-57000
059507,鴻海永豐99購03  ,0,0,0,0,0,0,0,0,0,-57000,0,0,0,0,57000,-57000,-57000
063595,燿華中信9B購02  ,0,0,0,0,0,0,0,0,0,-57000,0,0,0,16000,73000,-57000,-57000
065323,聯發科凱基9C購09,0,0,0,0,0,0,0,0,0,-57000,0,0,0,113000,170000,-57000,-57000
065828,大立光凱基06購01,0,0,0,0,0,0,0,0,0,-57000,0,0,0,81000,138000,-57000,-57000
065929,TPK國票02購01   ,0,10000,-10000,0,0,0,0,0,0,-47000,0,0,0,81000,128000,-47000,-57000
08658P,聯發科統一9C售19,0,0,0,0,0,0,0,0,0,-57000,0,0,0,20000,77000,-57000,-57000
08462P,臻鼎國票9C售02  ,0,0,0,0,0,0,0,0,0,-57000,0,0,0,120000,177000,-57000,-57000
08337P,台灣50凱基01售15,0,0,0,0,0,0,0,0,0,-57000,0,0,0,8000,65000,-57000,-57000
1337,再生-KY         ,41000,98000,-57000,0,0,0,0,0,0,0,0,0,0,0,0,0,-57000
08092P,仁寶元富9B售02  ,0,0,0,0,0,0,0,0,0,-58000,0,0,0,48000,106000,-58000,-58000
066330,新興永豐01購01  ,0,0,0,0,0,0,0,0,0,-58000,0,0,0,0,58000,-58000,-58000
067007,拓凱永豐01購02  ,0,0,0,0,0,0,0,0,0,-58000,0,0,0,58000,116000,-58000,-58000
066889,元大金中信07購01,0,0,0,0,0,0,0,0,0,-58000,0,0,0,30000,88000,-58000,-58000
057534,旭富元大98購01  ,0,0,0,0,0,0,0,0,0,-58000,0,0,0,0,58000,-58000,-58000
058334,鴻海元富99購05  ,0,0,0,0,0,0,0,0,0,-58000,0,0,0,0,58000,-58000,-58000
062599,鴻海台新9B購01  ,0,0,0,0,0,0,0,0,0,-58000,0,0,0,0,58000,-58000,-58000
058796,可成元大99購04  ,0,0,0,0,0,0,0,0,0,-58000,0,0,0,0,58000,-58000,-58000
063378,茂林永豐9B購02  ,0,0,0,0,0,0,0,0,0,-58000,0,0,0,0,58000,-58000,-58000
062914,嘉澤元大9B購02  ,0,0,0,0,0,0,0,0,0,-58000,0,0,0,41000,99000,-58000,-58000
061358,世紀鋼元大9A購04,0,0,0,0,0,0,0,0,0,-58000,0,0,0,324000,382000,-58000,-58000
060191,亞光元富9A購02  ,0,0,0,0,0,0,0,0,0,-58000,0,0,0,103000,161000,-58000,-58000
060170,世紀鋼永豐9A購01,0,0,0,0,0,0,0,0,0,-58000,0,0,0,10000,68000,-58000,-58000
065999,燿華國票02購01  ,0,0,0,0,0,0,0,0,0,-58000,0,0,0,62000,120000,-58000,-58000
063620,奇力新兆豐9B購01,0,0,0,0,0,0,0,0,0,-58000,0,0,0,8000,66000,-58000,-58000
063616,上銀兆豐9C購01  ,0,0,0,0,0,0,0,0,0,-58000,0,0,0,0,58000,-58000,-58000
063533,緯穎凱基9B購06  ,0,0,0,0,0,0,0,0,0,-58000,0,0,0,0,58000,-58000,-58000
064221,華通國票01購01  ,0,0,0,0,0,0,0,0,0,-58000,0,0,0,121000,179000,-58000,-58000
064739,智邦國票01購01  ,0,0,0,0,0,0,0,0,0,-58000,0,0,0,54000,112000,-58000,-58000
064553,臺指反群益9C購01,0,0,0,0,0,0,0,0,0,-58000,0,0,0,472000,530000,-58000,-58000
08395P,燿華永豐9C售02  ,0,0,0,0,0,0,0,0,0,-58000,0,0,0,5000,63000,-58000,-58000
08380P,GIS元大9C售06   ,0,0,0,0,0,0,0,0,0,-58000,0,0,0,25000,83000,-58000,-58000
067237,國揚群益01購02  ,0,0,0,0,0,0,0,0,0,-59000,0,0,0,57000,116000,-59000,-59000
08173P,金像電凱基9B售02,0,0,0,0,0,0,0,0,0,-59000,0,0,0,6000,65000,-59000,-59000
07216P,大立光凱基99售08,0,0,0,0,0,0,0,0,0,-59000,0,0,0,0,59000,-59000,-59000
067735,聯電元大03購01  ,0,0,0,0,0,0,0,0,0,-59000,0,0,0,50000,109000,-59000,-59000
00683L,元大美元指數正2 ,0,0,0,0,0,0,0,0,0,-59000,0,0,0,2000,61000,-59000,-59000
057539,南茂元大98購02  ,0,0,0,0,0,0,0,0,0,-59000,0,0,0,250000,309000,-59000,-59000
060877,華邦電中信02購01,0,0,0,0,0,0,0,0,0,-59000,0,0,0,10000,69000,-59000,-59000
064287,日月光元大9C購01,0,0,0,0,0,0,0,0,0,-59000,0,0,0,80000,139000,-59000,-59000
064481,技嘉永豐9C購01  ,0,0,0,0,0,0,0,0,0,-59000,0,0,0,5000,64000,-59000,-59000
064041,國巨統一01購07  ,0,0,0,0,0,0,0,0,0,-59000,0,0,0,65000,124000,-59000,-59000
063934,寶成統一02購01  ,0,0,0,0,0,0,0,0,0,-59000,0,0,0,78000,137000,-59000,-59000
063911,大立光凱基9C購03,0,0,0,0,0,0,0,0,0,-59000,0,0,0,141000,200000,-59000,-59000
064016,南六國票01購01  ,0,0,0,0,0,0,0,0,0,-59000,0,0,0,0,59000,-59000,-59000
065725,技嘉凱基9C購03  ,0,0,0,0,0,0,0,0,0,-59000,0,0,0,38000,97000,-59000,-59000
08633P,聯發科元大9C售20,0,0,0,0,0,0,0,0,0,-59000,0,0,0,15000,74000,-59000,-59000
2845,遠東銀          ,422000,456431,-34431,0,0,0,1000,8000,-7000,-18000,2000,20000,-18000,0,0,0,-59431
067716,台船凱基01購01  ,0,0,0,0,0,0,0,0,0,-60000,0,0,0,0,60000,-60000,-60000
07737P,華通永豐9A售01  ,0,0,0,0,0,0,0,0,0,-60000,0,0,0,0,60000,-60000,-60000
07673P,電子類元大9A售01,0,0,0,0,0,0,0,0,0,-60000,0,0,0,0,60000,-60000,-60000
08054P,臺股指國票9B售19,0,0,0,0,0,0,0,0,0,-60000,0,0,0,60000,120000,-60000,-60000
067180,為升凱基02購01  ,0,0,0,0,0,0,0,0,0,-60000,0,0,0,20000,80000,-60000,-60000
066808,牧德凱基01購01  ,0,0,0,0,0,0,0,0,0,-60000,0,0,0,0,60000,-60000,-60000
066768,瀚宇博永豐01購01,0,0,0,0,0,0,0,0,0,-60000,0,0,0,28000,88000,-60000,-60000
066240,泰鼎富邦03購01  ,0,0,0,0,0,0,0,0,0,-60000,0,0,0,33000,93000,-60000,-60000
066062,同欣電元大01購02,0,0,0,0,0,0,0,0,0,-60000,0,0,0,227000,287000,-60000,-60000
058356,華邦電凱基99購01,0,0,0,0,0,0,0,0,0,-60000,0,0,0,40000,100000,-60000,-60000
057768,華新科中信9A購01,0,0,0,0,0,0,0,0,0,-60000,0,0,0,0,60000,-60000,-60000
057883,中環群益98購01  ,0,0,0,0,0,0,0,0,0,-60000,0,0,0,40000,100000,-60000,-60000
057888,貿聯群益98購02  ,0,0,0,0,0,0,0,0,0,-60000,0,0,0,0,60000,-60000,-60000
054280,牧德群益98購01  ,0,0,0,0,0,0,0,0,0,-60000,0,0,0,0,60000,-60000,-60000
053523,T50反1中信9A購01,0,0,0,0,0,0,0,0,0,-60000,0,0,0,0,60000,-60000,-60000
052475,滬深2X群益99購06,0,0,0,0,0,0,0,0,0,-60000,0,0,0,0,60000,-60000,-60000
056518,美律國票99購01  ,0,0,0,0,0,0,0,0,0,-60000,0,0,0,0,60000,-60000,-60000
055486,國巨元大98購06  ,0,0,0,0,0,0,0,0,0,-60000,0,0,0,0,60000,-60000,-60000
056331,聯鈞國票99購01  ,0,0,0,0,0,0,0,0,0,-60000,0,0,0,0,60000,-60000,-60000
054935,華通元大98購03  ,0,0,0,0,0,0,0,0,0,-60000,0,0,0,5000,65000,-60000,-60000
062099,牧德永豐9B購01  ,0,0,0,0,0,0,0,0,0,-60000,0,0,0,0,60000,-60000,-60000
062508,臺股指群益9B購03,0,0,0,0,0,0,0,0,0,-60000,0,0,0,0,60000,-60000,-60000
061374,力山永豐9A購04  ,0,0,0,0,0,0,0,0,0,-60000,0,0,0,108000,168000,-60000,-60000
061257,上銀凱基9A購06  ,0,0,0,0,0,0,0,0,0,-60000,0,0,0,0,60000,-60000,-60000
062993,華新科群益9B購05,0,0,0,0,0,0,0,0,0,-60000,0,0,0,14000,74000,-60000,-60000
063260,信邦富邦9B購01  ,0,0,0,0,0,0,0,0,0,-60000,0,0,0,0,60000,-60000,-60000
060556,緯穎凱基9A購04  ,0,0,0,0,0,0,0,0,0,-60000,0,0,0,60000,120000,-60000,-60000
061724,訊芯永豐9A購01  ,0,0,0,0,0,0,0,0,0,-60000,0,0,0,50000,110000,-60000,-60000
062719,微星凱基9B購01  ,0,0,0,0,0,0,0,0,0,-60000,0,0,0,10000,70000,-60000,-60000
061526,宏達電凱基9A購04,0,0,0,0,0,0,0,0,0,-60000,0,0,0,49000,109000,-60000,-60000
059827,晶技凱基99購03  ,0,0,0,0,0,0,0,0,0,-60000,0,0,0,0,60000,-60000,-60000
065970,燿華元大02購01  ,0,0,0,0,0,0,0,0,0,-60000,0,0,0,102000,162000,-60000,-60000
064838,旭富統一01購01  ,0,0,0,0,0,0,0,0,0,-60000,0,0,0,0,60000,-60000,-60000
063576,台表科元大9B購08,0,0,0,0,0,0,0,0,0,-60000,0,0,0,14000,74000,-60000,-60000
06371P,茂林國票98售04  ,0,0,0,0,0,0,0,0,0,-60000,0,0,0,0,60000,-60000,-60000
064397,旭富永豐9C購01  ,0,0,0,0,0,0,0,0,0,-60000,0,0,0,0,60000,-60000,-60000
1806,冠軍            ,9000,69000,-60000,0,0,0,0,0,0,0,0,0,0,0,0,0,-60000
2228,劍麟            ,55000,23000,32000,0,0,0,0,81000,-81000,-11000,0,0,0,0,11000,-11000,-60000
08679P,台灣50元大01售15,0,0,0,0,0,0,0,0,0,-60000,0,0,0,0,60000,-60000,-60000
08826P,健策元大01售08  ,0,0,0,0,0,0,0,0,0,-60000,0,0,0,25000,85000,-60000,-60000
9910,豐泰            ,202549,246500,-43951,0,0,0,0,1000,-1000,-16000,0,2000,-2000,0,14000,-14000,-60951
066499,台郡國泰02購01  ,0,0,0,0,0,0,0,0,0,-61000,0,0,0,84000,145000,-61000,-61000
066458,大毅統一02購02  ,0,0,0,0,0,0,0,0,0,-61000,0,0,0,245000,306000,-61000,-61000
066743,和碩元大01購01  ,0,0,0,0,0,0,0,0,0,-61000,0,0,0,107000,168000,-61000,-61000
067243,華擎群益01購04  ,0,0,0,0,0,0,0,0,0,-61000,0,0,0,95000,156000,-61000,-61000
067594,國巨凱基01購06  ,0,0,0,0,0,0,0,0,0,-61000,0,0,0,115000,176000,-61000,-61000
059265,美律中信01購01  ,0,0,0,0,0,0,0,0,0,-61000,0,0,0,40000,101000,-61000,-61000
062940,華新科凱基9C購02,0,0,0,0,0,0,0,0,0,-61000,0,0,0,31000,92000,-61000,-61000
062919,聯茂元大9B購01  ,0,0,0,0,0,0,0,0,0,-61000,0,0,0,25000,86000,-61000,-61000
062897,上銀元大9B購06  ,0,0,0,0,0,0,0,0,0,-61000,0,0,0,155000,216000,-61000,-61000
062883,智易兆豐9C購01  ,0,0,0,0,0,0,0,0,0,-61000,0,0,0,1000,62000,-61000,-61000
062812,國巨兆豐9B購03  ,0,0,0,0,0,0,0,0,0,-61000,0,0,0,59000,120000,-61000,-61000
064665,南亞科元大9C購06,0,0,0,0,0,0,0,0,0,-61000,0,0,0,39000,100000,-61000,-61000
063813,瑞昱群益9C購02  ,0,0,0,0,0,0,0,0,0,-61000,0,0,0,19000,80000,-61000,-61000
065006,景碩國票01購01  ,0,0,0,0,0,0,0,0,0,-61000,0,0,0,98000,159000,-61000,-61000
065728,嘉晶凱基9C購04  ,0,0,0,0,0,0,0,0,0,-61000,0,0,0,341000,402000,-61000,-61000
9907,統一實          ,115000,175000,-60000,0,0,0,0,0,0,-1000,3000,4000,-1000,0,0,0,-61000
08616P,聯發科元富9C售02,0,0,0,0,0,0,0,0,0,-61000,0,0,0,0,61000,-61000,-61000
07274P,上証2X群益01售01,0,0,0,0,0,0,0,0,0,-62000,0,0,0,0,62000,-62000,-62000
066796,台積電凱基02購08,0,0,0,0,0,0,0,0,0,-62000,0,0,0,0,62000,-62000,-62000
066200,建準統一02購01  ,0,0,0,0,0,0,0,0,0,-62000,0,0,0,73000,135000,-62000,-62000
058751,南茂凱基9A購01  ,0,0,0,0,0,0,0,0,0,-62000,0,0,0,11000,73000,-62000,-62000
054890,聯鈞統一99購01  ,0,0,0,0,0,0,0,0,0,-62000,0,0,0,0,62000,-62000,-62000
057990,美律統一99購02  ,0,0,0,0,0,0,0,0,0,-62000,0,0,0,40000,102000,-62000,-62000
060155,友訊永豐9A購01  ,0,0,0,0,0,0,0,0,0,-62000,0,0,0,0,62000,-62000,-62000
058218,緯穎群益99購01  ,0,0,0,0,0,0,0,0,0,-62000,0,0,0,8000,70000,-62000,-62000
057623,友訊國泰99購01  ,0,0,0,0,0,0,0,0,0,-62000,0,0,0,0,62000,-62000,-62000
060864,可成永豐9A購01  ,0,0,0,0,0,0,0,0,0,-62000,0,0,0,6000,68000,-62000,-62000
061961,台積電統一01購02,0,0,0,0,0,0,0,0,0,-62000,0,0,0,5000,67000,-62000,-62000
061309,鴻海統一9C購05  ,0,0,0,0,0,0,0,0,0,-62000,0,0,0,0,62000,-62000,-62000
060338,鴻海統一9C購02  ,0,0,0,0,0,0,0,0,0,-62000,0,0,0,0,62000,-62000,-62000
063245,富邦金元大9B購03,0,0,0,0,0,0,0,0,0,-62000,0,0,0,44000,106000,-62000,-62000
063289,台表科元大9B購07,0,0,0,0,0,0,0,0,0,-62000,0,0,0,16000,78000,-62000,-62000
063390,嘉晶兆豐9B購01  ,0,0,0,0,0,0,0,0,0,-62000,0,0,0,363000,425000,-62000,-62000
063135,國巨統一9B購16  ,0,0,0,0,0,0,0,0,0,-62000,0,0,0,174000,236000,-62000,-62000
065943,台表科元富01購01,0,0,0,0,0,0,0,0,0,-62000,0,0,0,19000,81000,-62000,-62000
065125,奇力新永豐9C購01,0,0,0,0,0,0,0,0,0,-62000,0,0,0,33000,95000,-62000,-62000
063970,大立光國票01購01,0,0,0,0,0,0,0,0,0,-62000,0,0,0,40000,102000,-62000,-62000
063950,信邦元大9C購01  ,0,0,0,0,0,0,0,0,0,-62000,0,0,0,95000,157000,-62000,-62000
08592P,聯發科凱基01售06,0,0,0,0,0,0,0,0,0,-62000,0,0,0,5000,67000,-62000,-62000
08596P,聯發科國泰02售02,0,0,0,0,0,0,0,0,0,-62000,0,0,0,40000,102000,-62000,-62000
08527P,大立光元大01售06,0,0,0,0,0,0,0,0,0,-62000,0,0,0,0,62000,-62000,-62000
6715,嘉基            ,119000,76000,43000,0,0,0,0,0,0,-106000,0,0,0,0,106000,-106000,-63000
054852,奇鋐國票98購01  ,0,0,0,0,0,0,0,0,0,-63000,0,0,0,0,63000,-63000,-63000
056635,亞德客日盛99購01,0,0,0,0,0,0,0,0,0,-63000,0,0,0,6000,69000,-63000,-63000
059503,大立光富邦9B購04,0,0,0,0,0,0,0,0,0,-63000,0,0,0,13000,76000,-63000,-63000
061365,國巨國票9B購05  ,0,0,0,0,0,0,0,0,0,-63000,0,0,0,13000,76000,-63000,-63000
060812,智邦凱基9A購01  ,0,0,0,0,0,0,0,0,0,-63000,0,0,0,0,63000,-63000,-63000
062085,同欣電元大9B購01,0,0,0,0,0,0,0,0,0,-63000,0,0,0,107000,170000,-63000,-63000
061637,華新科元大9A購22,0,0,0,0,0,0,0,0,0,-63000,0,0,0,47000,110000,-63000,-63000
063980,智易兆豐9C購02  ,0,0,0,0,0,0,0,0,0,-63000,0,0,0,166000,229000,-63000,-63000
063515,香港2X凱基01購01,0,0,0,0,0,0,0,0,0,-63000,0,0,0,44000,107000,-63000,-63000
064300,英業達兆豐9C購01,0,0,0,0,0,0,0,0,0,-63000,0,0,0,13000,76000,-63000,-63000
064337,大毅元大01購02  ,0,0,0,0,0,0,0,0,0,-63000,0,0,0,71000,134000,-63000,-63000
3533,嘉澤            ,124717,177000,-52283,0,0,0,0,10000,-10000,-1000,17000,33000,-16000,22000,7000,15000,-63283
067897,玉晶光群益02購11,0,0,0,0,0,0,0,0,0,-64000,0,0,0,1000,65000,-64000,-64000
07034P,大立光元富99售03,0,0,0,0,0,0,0,0,0,-64000,0,0,0,0,64000,-64000,-64000
066707,揚明光群益01購02,0,0,0,0,0,0,0,0,0,-64000,0,0,0,239000,303000,-64000,-64000
066978,國巨群益01購03  ,0,0,0,0,0,0,0,0,0,-64000,0,0,0,11000,75000,-64000,-64000
058897,國巨元大99購17  ,0,0,0,0,0,0,0,0,0,-64000,0,0,0,0,64000,-64000,-64000
059359,精元永豐99購01  ,0,0,0,0,0,0,0,0,0,-64000,0,0,0,0,64000,-64000,-64000
062598,華通台新9B購02  ,0,0,0,0,0,0,0,0,0,-64000,0,0,0,108000,172000,-64000,-64000
062661,華通群益9B購05  ,0,0,0,0,0,0,0,0,0,-64000,0,0,0,56000,120000,-64000,-64000
062920,康友元大9B購01  ,0,0,0,0,0,0,0,0,0,-64000,0,0,0,32000,96000,-64000,-64000
060712,建準永豐9A購01  ,0,0,0,0,0,0,0,0,0,-64000,0,0,0,160000,224000,-64000,-64000
063417,金像電凱基9B購03,0,0,0,0,0,0,0,0,0,-64000,0,0,0,109000,173000,-64000,-64000
063320,旭富群益9B購03  ,0,0,0,0,0,0,0,0,0,-64000,0,0,0,0,64000,-64000,-64000
064978,群創元大9C購07  ,0,0,0,0,0,0,0,0,0,-64000,0,0,0,138000,202000,-64000,-64000
065907,南亞科永豐9C購01,0,0,0,0,0,0,0,0,0,-64000,0,0,0,8000,72000,-64000,-64000
067105,全新群益02購02  ,0,0,0,0,0,0,0,0,0,-65000,0,0,0,230000,295000,-65000,-65000
067872,玉晶光元大02購03,0,0,0,0,0,0,0,0,0,-65000,0,0,0,0,65000,-65000,-65000
067600,台積電凱基01購15,0,0,0,0,0,0,0,0,0,-65000,0,0,0,14000,79000,-65000,-65000
067673,義隆元大01購06  ,0,0,0,0,0,0,0,0,0,-65000,0,0,0,6000,71000,-65000,-65000
063432,金寶元富9B購01  ,0,0,0,0,0,0,0,0,0,-65000,0,0,0,60000,125000,-65000,-65000
060315,易華電永豐9A購01,0,0,0,0,0,0,0,0,0,-65000,0,0,0,0,65000,-65000,-65000
059742,富邦金元富99購01,0,0,0,0,0,0,0,0,0,-65000,0,0,0,80000,145000,-65000,-65000
061423,廣達元大9A購01  ,0,0,0,0,0,0,0,0,0,-65000,0,0,0,3000,68000,-65000,-65000
061091,奇力新統一9C購02,0,0,0,0,0,0,0,0,0,-65000,0,0,0,0,65000,-65000,-65000
060238,強茂元大9C購01  ,0,0,0,0,0,0,0,0,0,-65000,0,0,0,60000,125000,-65000,-65000
061302,晶技永豐9A購04  ,0,0,0,0,0,0,0,0,0,-65000,0,0,0,5000,70000,-65000,-65000
061259,台積電凱基9A購21,0,0,0,0,0,0,0,0,0,-65000,0,0,0,9000,74000,-65000,-65000
065794,麗豐永豐9C購01  ,0,0,0,0,0,0,0,0,0,-65000,0,0,0,25000,90000,-65000,-65000
065446,宏達電統一9C購02,0,0,0,0,0,0,0,0,0,-65000,0,0,0,0,65000,-65000,-65000
064977,玉晶光元大01購03,0,0,0,0,0,0,0,0,0,-65000,0,0,0,330000,395000,-65000,-65000
063708,上銀凱基9B購06  ,0,0,0,0,0,0,0,0,0,-65000,0,0,0,0,65000,-65000,-65000
08511P,電子類富邦9C售02,0,0,0,0,0,0,0,0,0,-65000,0,0,0,0,65000,-65000,-65000
08780P,聯發科群益02售06,0,0,0,0,0,0,0,0,0,-65000,0,0,0,0,65000,-65000,-65000
6177,達麗            ,67000,124000,-57000,0,0,0,0,0,0,-8000,0,1000,-1000,0,7000,-7000,-65000
1460,宏遠            ,55789,122000,-66211,0,0,0,0,0,0,1000,4000,3000,1000,0,0,0,-65211
6415,矽力-KY         ,431351,459000,-27649,0,0,0,0,33000,-33000,-5000,0,6000,-6000,1000,0,1000,-65649
067732,遠東新元大01購01,0,0,0,0,0,0,0,0,0,-66000,0,0,0,0,66000,-66000,-66000
067595,國巨凱基02購04  ,0,0,0,0,0,0,0,0,0,-66000,0,0,0,107000,173000,-66000,-66000
07946P,華通統一9B售02  ,0,0,0,0,0,0,0,0,0,-66000,0,0,0,4000,70000,-66000,-66000
08189P,超眾群益9B售04  ,0,0,0,0,0,0,0,0,0,-66000,0,0,0,0,66000,-66000,-66000
066922,台表科麥證01購01,0,0,0,67000,133000,-66000,0,0,0,-66000,0,0,0,67000,133000,-66000,-66000
062398,建準永豐9B購01  ,0,0,0,0,0,0,0,0,0,-66000,0,0,0,165000,231000,-66000,-66000
058023,南電凱基98購02  ,0,0,0,0,0,0,0,0,0,-66000,0,0,0,0,66000,-66000,-66000
058769,友達兆豐99購01  ,0,0,0,0,0,0,0,0,0,-66000,0,0,0,128000,194000,-66000,-66000
062720,南亞科凱基9B購03,0,0,0,0,0,0,0,0,0,-66000,0,0,0,104000,170000,-66000,-66000
065174,華新科元大02購02,0,0,0,0,0,0,0,0,0,-66000,0,0,0,360000,426000,-66000,-66000
065421,康友國票01購01  ,0,0,0,0,0,0,0,0,0,-66000,0,0,0,128000,194000,-66000,-66000
9925,新保            ,11000,80000,-69000,0,0,0,0,0,0,3000,3000,0,3000,0,0,0,-66000
08729P,創意永豐01售01  ,0,0,0,0,0,0,0,0,0,-66000,0,0,0,137000,203000,-66000,-66000
058952,南茂群益99購01  ,0,0,0,0,0,0,0,0,0,-67000,0,0,0,0,67000,-67000,-67000
058267,奇鋐永豐99購01  ,0,0,0,0,0,0,0,0,0,-67000,0,0,0,455000,522000,-67000,-67000
062313,聯詠凱基9C購01  ,0,0,0,0,0,0,0,0,0,-67000,0,0,0,99000,166000,-67000,-67000
062319,南六凱基9B購02  ,0,0,0,0,0,0,0,0,0,-67000,0,0,0,66000,133000,-67000,-67000
061071,復盛凱基9A購01  ,0,0,0,0,0,0,0,0,0,-67000,0,0,0,0,67000,-67000,-67000
065066,南電群益9C購02  ,0,0,0,0,0,0,0,0,0,-67000,0,0,0,11000,78000,-67000,-67000
063831,帆宣國票01購01  ,0,0,0,0,0,0,0,0,0,-67000,0,0,0,36000,103000,-67000,-67000
063761,嘉澤統一02購01  ,0,0,0,0,0,0,0,0,0,-67000,0,0,0,171000,238000,-67000,-67000
064692,嘉晶群益9C購03  ,0,0,0,0,0,0,0,0,0,-67000,0,0,0,123000,190000,-67000,-67000
08379P,台積電國泰02售02,0,0,0,0,0,0,0,0,0,-67000,0,0,0,186000,253000,-67000,-67000
066325,可成永豐01購01  ,0,0,0,0,0,0,0,0,0,-68000,0,0,0,3000,71000,-68000,-68000
067741,中壽元大01購01  ,0,0,0,0,0,0,0,0,0,-68000,0,0,0,0,68000,-68000,-68000
058555,矽創永豐9A購01  ,0,0,0,0,0,0,0,0,0,-68000,0,0,0,0,68000,-68000,-68000
058271,訊連永豐99購01  ,0,0,0,0,0,0,0,0,0,-68000,0,0,0,0,68000,-68000,-68000
057524,旺宏元大99購04  ,0,0,0,0,0,0,0,0,0,-68000,0,0,0,0,68000,-68000,-68000
056907,群創元大9C購04  ,0,0,0,0,0,0,0,0,0,-68000,0,0,0,82000,150000,-68000,-68000
053381,友達元大9A購02  ,0,0,0,0,0,0,0,0,0,-68000,0,0,0,142000,210000,-68000,-68000
00851,台新全球AI      ,0,0,0,0,0,0,0,0,0,-68000,0,0,0,20000,88000,-68000,-68000
061899,復盛永豐9B購01  ,0,0,0,0,0,0,0,0,0,-68000,0,0,0,0,68000,-68000,-68000
064668,大立光元大9C購21,0,0,0,0,0,0,0,0,0,-68000,0,0,0,0,68000,-68000,-68000
063746,上銀國票9C購01  ,0,0,0,0,0,0,0,0,0,-68000,0,0,0,0,68000,-68000,-68000
064033,茂林元大9C購02  ,0,0,0,0,0,0,0,0,0,-68000,0,0,0,100000,168000,-68000,-68000
064020,華通元大01購01  ,0,0,0,0,0,0,0,0,0,-68000,0,0,0,33000,101000,-68000,-68000
065052,南六凱基02購02  ,0,0,0,0,0,0,0,0,0,-68000,0,0,0,2000,70000,-68000,-68000
065540,台表科統一02購05,0,0,0,0,0,0,0,0,0,-68000,0,0,0,10000,78000,-68000,-68000
08683P,大立光凱基02售03,0,0,0,0,0,0,0,0,0,-68000,0,0,0,0,68000,-68000,-68000
08855P,台灣50國票01售05,0,0,0,0,0,0,0,0,0,-68000,0,0,0,12000,80000,-68000,-68000
3617,碩天            ,27000,95000,-68000,0,0,0,0,0,0,0,0,0,0,0,0,0,-68000
2801,彰銀            ,2465898,2334326,131572,0,0,0,0,62000,-62000,-138000,0,140000,-140000,7000,5000,2000,-68428
066528,南電統一02購01  ,0,0,0,0,0,0,0,0,0,-69000,0,0,0,202000,271000,-69000,-69000
066823,國巨群益02購02  ,0,0,0,0,0,0,0,0,0,-69000,0,0,0,11000,80000,-69000,-69000
066755,永光永豐01購02  ,0,0,0,0,0,0,0,0,0,-69000,0,0,0,0,69000,-69000,-69000
067249,緯穎群益01購04  ,0,0,0,0,0,0,0,0,0,-69000,0,0,0,5000,74000,-69000,-69000
056744,麗豐凱基9A購01  ,0,0,0,0,0,0,0,0,0,-69000,0,0,0,0,69000,-69000,-69000
057580,玉山金中信9A購01,0,0,0,0,0,0,0,0,0,-69000,0,0,0,46000,115000,-69000,-69000
062381,上銀國泰9C購01  ,0,0,0,0,0,0,0,0,0,-69000,0,0,0,10000,79000,-69000,-69000
061858,南電國票9B購02  ,0,0,0,0,0,0,0,0,0,-69000,0,0,0,110000,179000,-69000,-69000
060571,京元電永豐9A購01,0,0,0,0,0,0,0,0,0,-69000,0,0,0,33000,102000,-69000,-69000
060675,南亞科元大9A購02,0,0,0,0,0,0,0,0,0,-69000,0,0,0,25000,94000,-69000,-69000
062088,緯穎元大9B購04  ,0,0,0,0,0,0,0,0,0,-69000,0,0,0,40000,109000,-69000,-69000
065383,南電元大01購02  ,0,0,0,0,0,0,0,0,0,-69000,0,0,0,131000,200000,-69000,-69000
064313,嘉晶群益9C購02  ,0,0,0,0,0,0,0,0,0,-69000,0,0,0,295000,364000,-69000,-69000
066724,台達電元大01購01,0,0,0,0,0,0,0,0,0,-70000,0,0,0,136000,206000,-70000,-70000
067816,玉晶光凱基01購05,0,0,0,0,0,0,0,0,0,-70000,0,0,0,0,70000,-70000,-70000
06746P,聯發科群益99售02,0,0,0,0,0,0,0,0,0,-70000,0,0,0,0,70000,-70000,-70000
08226P,台灣50元大9B售26,0,0,0,0,0,0,0,0,0,-70000,0,0,0,0,70000,-70000,-70000
07904P,聯發科群益9B售05,0,0,0,0,0,0,0,0,0,-70000,0,0,0,4000,74000,-70000,-70000
08026P,臺股指凱基9B售12,0,0,0,0,0,0,0,0,0,-70000,0,0,0,0,70000,-70000,-70000
07964P,大立光統一9B售12,0,0,0,0,0,0,0,0,0,-70000,0,0,0,1000,71000,-70000,-70000
07347P,上証2X凱基99售02,0,0,0,0,0,0,0,0,0,-70000,0,0,0,0,70000,-70000,-70000
062260,華新科元大9B購09,0,0,0,0,0,0,0,0,0,-70000,0,0,0,60000,130000,-70000,-70000
056259,T50反1統一9A購01,0,0,0,0,0,0,0,0,0,-70000,0,0,0,0,70000,-70000,-70000
058976,元油2X凱基9A購09,0,0,0,0,0,0,0,0,0,-70000,0,0,0,0,70000,-70000,-70000
058837,SGBR2X中信9C購01,0,0,0,0,0,0,0,0,0,-70000,0,0,0,0,70000,-70000,-70000
061436,上銀凱基9A購07  ,0,0,0,0,0,0,0,0,0,-70000,0,0,0,0,70000,-70000,-70000
062928,富邦金台新9B購02,0,0,0,0,0,0,0,0,0,-70000,0,0,0,39000,109000,-70000,-70000
060684,同欣電元大9A購01,0,0,0,0,0,0,0,0,0,-70000,0,0,0,0,70000,-70000,-70000
060660,國巨凱基9B購04  ,0,0,0,0,0,0,0,0,0,-70000,0,0,0,10000,80000,-70000,-70000
060759,南亞科元大9A購03,0,0,0,0,0,0,0,0,0,-70000,0,0,0,0,70000,-70000,-70000
060543,鴻海凱基9B購02  ,0,0,0,0,0,0,0,0,0,-70000,0,0,0,0,70000,-70000,-70000
063431,神隆元富9B購01  ,0,0,0,0,0,0,0,0,0,-70000,0,0,0,20000,90000,-70000,-70000
063395,金像電群益9B購02,0,0,0,0,0,0,0,0,0,-70000,0,0,0,30000,100000,-70000,-70000
063257,牧德國泰01購01  ,0,0,0,0,0,0,0,0,0,-70000,0,0,0,10000,80000,-70000,-70000
059390,華新科凱基99購05,0,0,0,0,0,0,0,0,0,-70000,0,0,0,50000,120000,-70000,-70000
059540,新光金日盛99購01,0,0,0,0,0,0,0,0,0,-70000,0,0,0,0,70000,-70000,-70000
063802,南茂凱基9C購01  ,0,0,0,0,0,0,0,0,0,-70000,0,0,0,4000,74000,-70000,-70000
063521,國巨凱基03購01  ,40000,0,40000,0,0,0,0,0,0,-110000,0,0,0,0,110000,-110000,-70000
065199,華擎元富03購01  ,0,0,0,0,0,0,0,0,0,-70000,0,0,0,106000,176000,-70000,-70000
064974,燿華元大9C購03  ,0,0,0,0,0,0,0,0,0,-70000,0,0,0,372000,442000,-70000,-70000
065672,嘉晶凱基01購01  ,0,0,0,0,0,0,0,0,0,-70000,0,0,0,386000,456000,-70000,-70000
065651,中磊元大9C購01  ,0,0,0,0,0,0,0,0,0,-70000,0,0,0,80000,150000,-70000,-70000
065665,鴻海凱基9C購04  ,0,0,0,0,0,0,0,0,0,-70000,0,0,0,100000,170000,-70000,-70000
08866P,旭富元大01售01  ,0,0,0,0,0,0,0,0,0,-70000,0,0,0,0,70000,-70000,-70000
07922P,大立光群益9B售05,0,0,0,0,0,0,0,0,0,-71000,0,0,0,0,71000,-71000,-71000
067282,金像電國票02購02,0,0,0,0,0,0,0,0,0,-71000,0,0,0,10000,81000,-71000,-71000
067125,健策富邦03購01  ,0,0,0,0,0,0,0,0,0,-71000,0,0,0,170000,241000,-71000,-71000
066525,創意統一03購01  ,0,0,0,0,0,0,0,0,0,-71000,0,0,0,35000,106000,-71000,-71000
066307,華城永豐01購01  ,0,0,0,0,0,0,0,0,0,-71000,0,0,0,18000,89000,-71000,-71000
053805,奇鋐凱基98購02  ,0,0,0,0,0,0,0,0,0,-71000,0,0,0,10000,81000,-71000,-71000
061836,華新科凱基05購01,0,0,0,0,0,0,0,0,0,-71000,0,0,0,50000,121000,-71000,-71000
063106,台表科群益9B購03,0,0,0,0,0,0,0,0,0,-71000,0,0,0,22000,93000,-71000,-71000
060788,嘉晶富邦9B購01  ,0,0,0,0,0,0,0,0,0,-71000,0,0,0,560000,631000,-71000,-71000
062132,神隆群益9B購01  ,0,0,0,0,0,0,0,0,0,-71000,0,0,0,56000,127000,-71000,-71000
062185,禾伸堂元大9B購01,0,0,0,0,0,0,0,0,0,-71000,0,0,0,68000,139000,-71000,-71000
062097,台光電永豐9B購01,0,0,0,0,0,0,0,0,0,-71000,0,0,0,341000,412000,-71000,-71000
065788,緯創永豐9C購02  ,0,0,0,0,0,0,0,0,0,-71000,0,0,0,12000,83000,-71000,-71000
065785,奇力新永豐9C購02,0,0,0,0,0,0,0,0,0,-71000,0,0,0,360000,431000,-71000,-71000
065101,力成元大9C購05  ,0,0,0,0,0,0,0,0,0,-71000,0,0,0,0,71000,-71000,-71000
065331,亞德客國票01購01,0,0,0,0,0,0,0,0,0,-71000,0,0,0,14000,85000,-71000,-71000
063755,上銀統一9C購03  ,0,0,0,0,0,0,0,0,0,-71000,0,0,0,0,71000,-71000,-71000
08936P,鴻海元大01售20  ,0,0,0,0,0,0,0,0,0,-71000,0,0,0,10000,81000,-71000,-71000
2820,華票            ,277000,376000,-99000,0,0,0,0,4000,-4000,32000,40000,8000,32000,0,0,0,-71000
058884,世紀鋼永豐99購02,0,0,0,0,0,0,0,0,0,-72000,0,0,0,10000,82000,-72000,-72000
059049,元油2X凱基9A購12,0,0,0,0,0,0,0,0,0,-72000,0,0,0,0,72000,-72000,-72000
057638,上銀元大99購01  ,0,0,0,0,0,0,0,0,0,-72000,0,0,0,101000,173000,-72000,-72000
061951,南電群益9B購01  ,0,0,0,0,0,0,0,0,0,-72000,0,0,0,234000,306000,-72000,-72000
059984,華新科元大99購21,0,0,0,0,0,0,0,0,0,-72000,0,0,0,101000,173000,-72000,-72000
064805,金像電元大9C購04,0,0,0,0,0,0,0,0,0,-72000,0,0,0,50000,122000,-72000,-72000
065699,南亞科群益9C購02,0,0,0,0,0,0,0,0,0,-72000,0,0,0,21000,93000,-72000,-72000
8429,金麗-KY         ,25000,97000,-72000,0,0,0,0,0,0,0,0,0,0,0,0,0,-72000
066127,劍麟群益03購01  ,0,0,0,0,0,0,0,0,0,-73000,0,0,0,39000,112000,-73000,-73000
066129,佳世達群益01購01,0,0,0,0,0,0,0,0,0,-73000,0,0,0,20000,93000,-73000,-73000
066449,瀚宇博群益01購01,0,0,0,0,0,0,0,0,0,-73000,0,0,0,0,73000,-73000,-73000
067272,鴻海統一01購05  ,0,0,0,0,0,0,0,0,0,-73000,0,0,0,0,73000,-73000,-73000
067478,興勤元大01購01  ,20000,0,20000,0,0,0,0,0,0,-93000,0,0,0,110000,203000,-93000,-73000
067867,冠德元大01購01  ,0,0,0,0,0,0,0,0,0,-73000,0,0,0,0,73000,-73000,-73000
059246,奇力新凱基9A購02,0,0,0,0,0,0,0,0,0,-73000,0,0,0,40000,113000,-73000,-73000
063423,聯詠凱基9C購02  ,0,0,0,0,0,0,0,0,0,-73000,0,0,0,64000,137000,-73000,-73000
063295,京元電麥證9B購01,0,0,0,89000,162000,-73000,0,0,0,-73000,0,0,0,89000,162000,-73000,-73000
063172,廣達中信9C購01  ,0,0,0,0,0,0,0,0,0,-73000,0,0,0,280000,353000,-73000,-73000
060251,易華電元大9C購01,0,0,0,0,0,0,0,0,0,-73000,0,0,0,98000,171000,-73000,-73000
065815,微星元富9C購01  ,0,0,0,0,0,0,0,0,0,-73000,0,0,0,105000,178000,-73000,-73000
065212,瑞儀國票01購01  ,0,0,0,0,0,0,0,0,0,-73000,0,0,0,0,73000,-73000,-73000
064618,南亞科元大9C購04,0,0,0,0,0,0,0,0,0,-73000,0,0,0,50000,123000,-73000,-73000
2347,聯強            ,1320031,1443983,-123952,0,0,0,892000,17000,875000,-825000,8000,312000,-304000,0,521000,-521000,-73952
067628,力山永豐01購01  ,0,0,0,0,0,0,0,0,0,-74000,0,0,0,92000,166000,-74000,-74000
066078,南電凱基02購02  ,0,0,0,0,0,0,0,0,0,-74000,0,0,0,5000,79000,-74000,-74000
055700,緯穎國泰98購02  ,0,0,0,0,0,0,0,0,0,-74000,0,0,0,30000,104000,-74000,-74000
057374,禾伸堂元大99購03,0,0,0,0,0,0,0,0,0,-74000,0,0,0,0,74000,-74000,-74000
057211,鴻海群益98購05  ,0,0,0,0,0,0,0,0,0,-74000,0,0,0,0,74000,-74000,-74000
061948,美食群益9B購01  ,0,0,0,0,0,0,0,0,0,-74000,0,0,0,59000,133000,-74000,-74000
062643,緯穎國票9B購01  ,0,0,0,0,0,0,0,0,0,-74000,0,0,0,0,74000,-74000,-74000
061870,智邦元大9B購02  ,0,0,0,0,0,0,0,0,0,-74000,0,0,0,40000,114000,-74000,-74000
061708,同欣電國票9A購02,0,0,0,0,0,0,0,0,0,-74000,0,0,0,16000,90000,-74000,-74000
064726,創意統一01購03  ,0,0,0,0,0,0,0,0,0,-74000,0,0,0,258000,332000,-74000,-74000
063997,泰鼎群益9C購01  ,0,0,0,0,0,0,0,0,0,-74000,0,0,0,84000,158000,-74000,-74000
065060,上銀群益9C購02  ,0,0,0,0,0,0,0,0,0,-74000,0,0,0,27000,101000,-74000,-74000
065731,群創凱基03購02  ,0,0,0,0,0,0,0,0,0,-74000,0,0,0,0,74000,-74000,-74000
066167,強茂凱基01購01  ,0,0,0,0,0,0,0,0,0,-75000,0,0,0,105000,180000,-75000,-75000
06659P,T50正2富邦9A售01,0,0,0,0,0,0,0,0,0,-75000,0,0,0,0,75000,-75000,-75000
067182,鴻海凱基02購05  ,0,0,0,0,0,0,0,0,0,-75000,0,0,0,114000,189000,-75000,-75000
067677,大立光元大01購13,0,0,0,0,0,0,0,0,0,-75000,0,0,0,0,75000,-75000,-75000
067454,矽格國票02購02  ,0,0,0,0,0,0,0,0,0,-75000,0,0,0,0,75000,-75000,-75000
07807P,聯茂永豐9A售02  ,0,0,0,0,0,0,0,0,0,-75000,0,0,0,1000,76000,-75000,-75000
062357,國巨元大9B購11  ,0,0,0,0,0,0,0,0,0,-75000,0,0,0,0,75000,-75000,-75000
058008,禾伸堂國票99購02,0,0,0,0,0,0,0,0,0,-75000,0,0,0,3000,78000,-75000,-75000
058929,可成統一9C購01  ,0,0,0,0,0,0,0,0,0,-75000,0,0,0,21000,96000,-75000,-75000
058810,國巨統一9B購04  ,0,0,0,0,0,0,0,0,0,-75000,0,0,0,100000,175000,-75000,-75000
039212,台達電台新9A購01,0,0,0,0,0,0,0,0,0,-75000,0,0,0,20000,95000,-75000,-75000
061597,南六永豐9A購04  ,0,0,0,0,0,0,0,0,0,-75000,0,0,0,23000,98000,-75000,-75000
059919,宏達電元大99購06,0,0,0,0,0,0,0,0,0,-75000,0,0,0,9000,84000,-75000,-75000
059917,華新科元大99購19,0,0,0,0,0,0,0,0,0,-75000,0,0,0,176000,251000,-75000,-75000
060363,美律元富9A購01  ,0,0,0,0,0,0,0,0,0,-75000,0,0,0,45000,120000,-75000,-75000
063938,上銀元大9C購03  ,0,0,0,0,0,0,0,0,0,-75000,0,0,0,0,75000,-75000,-75000
064336,可成元大9C購06  ,0,0,0,0,0,0,0,0,0,-75000,0,0,0,4000,79000,-75000,-75000
2908,特力            ,13000,86000,-73000,0,0,0,0,0,0,-2000,0,2000,-2000,0,0,0,-75000
08813P,聯發科群益01售02,0,0,0,0,0,0,0,0,0,-75000,0,0,0,0,75000,-75000,-75000
9939,宏全            ,87000,180000,-93000,0,0,0,0,0,0,18000,23000,5000,18000,0,0,0,-75000
067784,富邦金群益02購01,0,0,0,0,0,0,0,0,0,-76000,0,0,0,41000,117000,-76000,-76000
063175,燿華兆豐9C購01  ,0,0,0,0,0,0,0,0,0,-76000,0,0,0,296000,372000,-76000,-76000
063327,燿華國票9C購02  ,0,0,0,0,0,0,0,0,0,-76000,0,0,0,225000,301000,-76000,-76000
061536,華擎統一9C購02  ,0,0,0,0,0,0,0,0,0,-76000,0,0,0,0,76000,-76000,-76000
061410,緯穎國票9A購03  ,0,0,0,0,0,0,0,0,0,-76000,0,0,0,11000,87000,-76000,-76000
061400,可成兆豐9B購02  ,0,0,0,0,0,0,0,0,0,-76000,0,0,0,1000,77000,-76000,-76000
064449,金寶統一01購02  ,0,0,0,0,0,0,0,0,0,-76000,0,0,0,120000,196000,-76000,-76000
6197,佳必琪          ,49000,123000,-74000,0,0,0,0,0,0,-2000,0,2000,-2000,0,0,0,-76000
08336P,聯發科中信9C售05,0,0,0,0,0,0,0,0,0,-76000,0,0,0,0,76000,-76000,-76000
1227,佳格            ,348906,411000,-62094,0,0,0,0,0,0,-14000,0,6000,-6000,0,8000,-8000,-76094
07027P,台積電群益99售04,0,0,0,0,0,0,0,0,0,-77000,0,0,0,58000,135000,-77000,-77000
056200,大毅永豐98購01  ,0,0,0,0,0,0,0,0,0,-77000,0,0,0,20000,97000,-77000,-77000
062266,世紀鋼元大9B購02,0,0,0,0,0,0,0,0,0,-77000,0,0,0,158000,235000,-77000,-77000
062545,嘉晶永豐9B購01  ,0,0,0,0,0,0,0,0,0,-77000,0,0,0,161000,238000,-77000,-77000
064036,矽創元大9C購01  ,0,0,0,0,0,0,0,0,0,-77000,0,0,0,66000,143000,-77000,-77000
064938,華新科元富9C購01,0,0,0,0,0,0,0,0,0,-77000,0,0,0,143000,220000,-77000,-77000
065205,金寶國票01購01  ,0,0,0,0,0,0,0,0,0,-77000,0,0,0,33000,110000,-77000,-77000
3090,日電貿          ,69000,146000,-77000,0,0,0,0,0,0,0,0,0,0,0,0,0,-77000
067104,聯發科群益01購05,0,0,0,0,0,0,0,0,0,-78000,0,0,0,75000,153000,-78000,-78000
066180,正文凱基01購01  ,0,0,0,0,0,0,0,0,0,-78000,0,0,0,60000,138000,-78000,-78000
066067,台積電凱基02購05,0,0,0,0,0,0,0,0,0,-78000,0,0,0,2000,80000,-78000,-78000
057970,國巨富邦99購03  ,0,0,0,0,0,0,0,0,0,-78000,0,0,0,2000,80000,-78000,-78000
057298,旭富永豐98購01  ,0,0,0,0,0,0,0,0,0,-78000,0,0,0,10000,88000,-78000,-78000
057023,美律凱基99購02  ,0,0,0,0,0,0,0,0,0,-78000,0,0,0,0,78000,-78000,-78000
053181,滬深2X元富99購02,0,0,0,0,0,0,0,0,0,-78000,0,0,0,5000,83000,-78000,-78000
00753L,中信中國50正2   ,0,0,0,0,0,0,0,0,0,-78000,0,0,0,438000,516000,-78000,-78000
061552,南六群益9A購02  ,0,0,0,0,0,0,0,0,0,-78000,0,0,0,101000,179000,-78000,-78000
060286,佳世達元大9C購01,0,0,0,0,0,0,0,0,0,-78000,0,0,0,22000,100000,-78000,-78000
064119,上銀元大9C購06  ,0,0,0,0,0,0,0,0,0,-78000,0,0,0,45000,123000,-78000,-78000
08315P,台積電元大9C售08,0,0,0,0,0,0,0,0,0,-78000,0,0,0,12000,90000,-78000,-78000
058588,致茂中信9B購01  ,0,0,0,0,0,0,0,0,0,-79000,0,0,0,55000,134000,-79000,-79000
062320,南電凱基9B購03  ,0,0,0,0,0,0,0,0,0,-79000,0,0,0,2000,81000,-79000,-79000
062976,嘉澤元富9B購01  ,0,0,0,0,0,0,0,0,0,-79000,0,0,0,85000,164000,-79000,-79000
063525,廣達凱基9B購02  ,0,0,0,0,0,0,0,0,0,-79000,0,0,0,81000,160000,-79000,-79000
064485,儒鴻元大01購01  ,0,0,0,0,0,0,0,0,0,-79000,0,0,0,78000,157000,-79000,-79000
064222,玉山金國票01購01,0,0,0,0,0,0,0,0,0,-79000,0,0,0,126000,205000,-79000,-79000
064538,鈺齊國票01購01  ,0,0,0,0,0,0,0,0,0,-79000,0,0,0,179000,258000,-79000,-79000
065130,奇鋐兆豐9C購01  ,0,0,0,0,0,0,0,0,0,-79000,0,0,0,343000,422000,-79000,-79000
08305P,茂林群益9C售01  ,0,0,0,0,0,0,0,0,0,-79000,0,0,0,11000,90000,-79000,-79000
08834P,聯發科統一01售11,0,0,0,0,0,0,0,0,0,-79000,0,0,0,0,79000,-79000,-79000
1736,喬山            ,160000,226000,-66000,0,0,0,0,0,0,-13000,0,3000,-3000,1000,11000,-10000,-79000
6206,飛捷            ,9000,90000,-81000,0,0,0,0,0,0,2000,2000,0,2000,0,0,0,-79000
066291,惠特元大01購01  ,0,0,0,0,0,0,0,0,0,-80000,0,0,0,287000,367000,-80000,-80000
066507,和碩富邦03購01  ,0,0,0,0,0,0,0,0,0,-80000,0,0,0,0,80000,-80000,-80000
066989,聯茂群益01購01  ,0,0,0,0,0,0,0,0,0,-80000,0,0,0,22000,102000,-80000,-80000
07978P,茂林群益9B售02  ,0,0,0,0,0,0,0,0,0,-80000,0,0,0,20000,100000,-80000,-80000
062544,信錦永豐9B購01  ,0,0,0,0,0,0,0,0,0,-80000,0,0,0,0,80000,-80000,-80000
062045,崇越凱基9B購01  ,0,0,0,0,0,0,0,0,0,-80000,0,0,0,10000,90000,-80000,-80000
057997,旺宏第一9C購01  ,0,0,0,0,0,0,0,0,0,-80000,0,0,0,0,80000,-80000,-80000
057218,可成群益99購03  ,0,0,0,0,0,0,0,0,0,-80000,0,0,0,0,80000,-80000,-80000
00664R,國泰臺灣加權反1 ,0,0,0,0,0,0,0,0,0,-80000,0,0,0,838000,918000,-80000,-80000
02001R,富邦蘋果反一N   ,0,0,0,0,0,0,0,0,0,-80000,0,0,0,0,80000,-80000,-80000
056782,鴻海群益98購04  ,0,0,0,0,0,0,0,0,0,-80000,0,0,0,40000,120000,-80000,-80000
058768,南港兆豐99購01  ,0,0,0,0,0,0,0,0,0,-80000,0,0,0,0,80000,-80000,-80000
059165,南亞科凱基99購04,0,0,0,0,0,0,0,0,0,-80000,0,0,0,4000,84000,-80000,-80000
060731,奇力新群益9A購01,0,0,0,0,0,0,0,0,0,-80000,0,0,0,0,80000,-80000,-80000
060954,國泰金群益9A購02,0,0,0,0,0,0,0,0,0,-80000,0,0,0,0,80000,-80000,-80000
061265,富邦金凱基9B購01,0,0,0,0,0,0,0,0,0,-80000,0,0,0,24000,104000,-80000,-80000
062207,牧德國票9B購02  ,0,0,0,0,0,0,0,0,0,-80000,0,0,0,0,80000,-80000,-80000
063282,奇力新元大9B購06,0,0,0,0,0,0,0,0,0,-80000,0,0,0,127000,207000,-80000,-80000
063427,南六凱基9B購04  ,0,0,0,0,0,0,0,0,0,-80000,0,0,0,0,80000,-80000,-80000
065654,台表科元大9C購12,0,0,0,0,0,0,0,0,0,-80000,0,0,0,165000,245000,-80000,-80000
065891,聯發科統一02購03,0,0,0,0,0,0,0,0,0,-80000,0,0,0,117000,197000,-80000,-80000
064594,奇力新統一01購05,0,0,0,0,0,0,0,0,0,-80000,0,0,0,0,80000,-80000,-80000
064724,健鼎統一02購02  ,0,0,0,0,0,0,0,0,0,-80000,0,0,0,12000,92000,-80000,-80000
064277,可成元大9C購04  ,0,0,0,0,0,0,0,0,0,-80000,0,0,0,1000,81000,-80000,-80000
2393,億光            ,240000,360000,-120000,0,0,0,0,0,0,40000,71000,5000,66000,0,26000,-26000,-80000
4551,智伸科          ,21000,105000,-84000,0,0,0,20000,10000,10000,-6000,0,1000,-1000,5000,10000,-5000,-80000
08790P,聯發科元富01售01,0,0,0,0,0,0,0,0,0,-80000,0,0,0,0,80000,-80000,-80000
067657,日月光元富01購01,0,0,0,0,0,0,0,0,0,-81000,0,0,0,46000,127000,-81000,-81000
067162,康控國票02購01  ,0,0,0,0,0,0,0,0,0,-81000,0,0,0,52000,133000,-81000,-81000
066349,聚碩永豐01購01  ,0,0,0,0,0,0,0,0,0,-81000,0,0,0,1000,82000,-81000,-81000
066214,惠特統一03購02  ,0,0,0,0,0,0,0,0,0,-81000,0,0,0,40000,121000,-81000,-81000
062270,上銀群益9B購03  ,0,0,0,0,0,0,0,0,0,-81000,0,0,0,4000,85000,-81000,-81000
061391,晶技群益9A購02  ,0,0,0,0,0,0,0,0,0,-81000,0,0,0,0,81000,-81000,-81000
062832,嘉澤群益9B購02  ,0,0,0,0,0,0,0,0,0,-81000,0,0,0,14000,95000,-81000,-81000
062425,可成統一01購01  ,0,0,0,0,0,0,0,0,0,-81000,0,0,0,29000,110000,-81000,-81000
064546,燿華凱基02購01  ,0,0,0,0,0,0,0,0,0,-81000,0,0,0,236000,317000,-81000,-81000
063649,南六元大9C購02  ,0,0,0,0,0,0,0,0,0,-81000,0,0,0,81000,162000,-81000,-81000
066311,生達永豐01購01  ,0,0,0,0,0,0,0,0,0,-82000,0,0,0,0,82000,-82000,-82000
067583,金像電群益01購05,0,0,0,0,0,0,0,0,0,-82000,0,0,0,41000,123000,-82000,-82000
067787,致伸群益03購01  ,0,0,0,0,0,0,0,0,0,-82000,0,0,0,40000,122000,-82000,-82000
067760,旭富永豐01購01  ,0,0,0,0,0,0,0,0,0,-82000,0,0,0,10000,92000,-82000,-82000
055623,貿聯國泰99購01  ,0,0,0,0,0,0,0,0,0,-82000,0,0,0,18000,100000,-82000,-82000
055975,鴻海統一98購05  ,0,0,0,0,0,0,0,0,0,-82000,0,0,0,20000,102000,-82000,-82000
056503,楠梓電永豐98購01,0,0,0,0,0,0,0,0,0,-82000,0,0,0,0,82000,-82000,-82000
061304,創意永豐9A購02  ,0,0,0,0,0,0,0,0,0,-82000,0,0,0,34000,116000,-82000,-82000
063789,智邦台新9C購01  ,0,0,0,0,0,0,0,0,0,-82000,0,0,0,38000,120000,-82000,-82000
064122,國巨元大9C購17  ,0,0,0,0,0,0,0,0,0,-82000,0,0,0,74000,156000,-82000,-82000
063873,南六永豐9C購01  ,0,0,0,0,0,0,0,0,0,-82000,0,0,0,0,82000,-82000,-82000
065454,神隆元富9C購01  ,0,0,0,0,0,0,0,0,0,-82000,0,0,0,0,82000,-82000,-82000
065138,上銀凱基02購01  ,0,0,0,0,0,0,0,0,0,-82000,0,0,0,8000,90000,-82000,-82000
065170,智邦元大9C購07  ,0,0,0,0,0,0,0,0,0,-82000,0,0,0,229000,311000,-82000,-82000
064891,台達電群益9C購01,0,0,0,0,0,0,0,0,0,-82000,0,0,0,39000,121000,-82000,-82000
08250P,GIS群益9C售02   ,0,0,0,0,0,0,0,0,0,-83000,0,0,0,234000,317000,-83000,-83000
08094P,華新科元富9B售05,0,0,0,0,0,0,0,0,0,-83000,0,0,0,0,83000,-83000,-83000
061429,南六元大9A購02  ,0,0,0,0,0,0,0,0,0,-83000,0,0,0,0,83000,-83000,-83000
057182,禾伸堂元大99購02,0,0,0,0,0,0,0,0,0,-83000,0,0,0,167000,250000,-83000,-83000
062826,奇力新群益9C購01,0,0,0,0,0,0,0,0,0,-83000,0,0,0,0,83000,-83000,-83000
062810,華通兆豐9B購02  ,0,0,0,0,0,0,0,0,0,-83000,0,0,0,16000,99000,-83000,-83000
059920,宏達電元大99購07,0,0,0,0,0,0,0,0,0,-83000,0,0,0,84000,167000,-83000,-83000
063398,信邦群益9B購02  ,0,0,0,0,0,0,0,0,0,-83000,0,0,0,20000,103000,-83000,-83000
065177,旭富元大9C購05  ,0,0,0,0,0,0,0,0,0,-83000,0,0,0,68000,151000,-83000,-83000
065903,聯發科富邦02購02,0,0,0,0,0,0,0,0,0,-83000,0,0,0,362000,445000,-83000,-83000
063885,南六元富9C購01  ,0,0,0,0,0,0,0,0,0,-83000,0,0,0,0,83000,-83000,-83000
064641,神隆凱基9C購01  ,0,0,0,0,0,0,0,0,0,-83000,0,0,0,10000,93000,-83000,-83000
3056,總太            ,48000,147000,-99000,0,0,0,0,0,0,16000,28000,13000,15000,1000,0,1000,-83000
07840P,康控元大9A售02  ,0,0,0,0,0,0,0,0,0,-84000,0,0,0,16000,100000,-84000,-84000
066199,金像電統一02購01,0,0,0,0,0,0,0,0,0,-84000,0,0,0,16000,100000,-84000,-84000
057278,可成元大98購06  ,0,0,0,0,0,0,0,0,0,-84000,0,0,0,0,84000,-84000,-84000
00770,國泰北美科技    ,0,0,0,0,0,0,0,0,0,-84000,0,0,0,211000,295000,-84000,-84000
063216,元黃金群益9B購02,0,0,0,0,0,0,0,0,0,-84000,0,0,0,15000,99000,-84000,-84000
061962,台積電統一01購03,0,0,0,0,0,0,0,0,0,-84000,0,0,0,155000,239000,-84000,-84000
060850,康友國票9A購03  ,0,0,0,0,0,0,0,0,0,-84000,0,0,0,0,84000,-84000,-84000
060811,亞德客凱基9A購02,0,0,0,0,0,0,0,0,0,-84000,0,0,0,0,84000,-84000,-84000
063633,金像電元大9B購05,0,0,0,0,0,0,0,0,0,-84000,0,0,0,127000,211000,-84000,-84000
065909,大立光永豐9C購02,0,0,0,0,0,0,0,0,0,-84000,0,0,0,135000,219000,-84000,-84000
2369,菱生            ,467000,548000,-81000,0,0,0,0,0,0,-3000,0,3000,-3000,0,0,0,-84000
08611P,聯發科凱基01售08,0,0,0,0,0,0,0,0,0,-84000,0,0,0,150000,234000,-84000,-84000
07223P,鴻海元大99售29  ,0,0,0,0,0,0,0,0,0,-85000,0,0,0,0,85000,-85000,-85000
056736,國巨凱基99購03  ,0,0,0,0,0,0,0,0,0,-85000,0,0,0,81000,166000,-85000,-85000
057020,台積電凱基99購02,0,0,0,0,0,0,0,0,0,-85000,0,0,0,27000,112000,-85000,-85000
059291,華新科元富9B購01,0,0,0,0,0,0,0,0,0,-85000,0,0,0,25000,110000,-85000,-85000
058546,玉晶光富邦9B購01,0,0,0,0,0,0,0,0,0,-85000,0,0,0,5000,90000,-85000,-85000
060709,緯穎富邦9B購01  ,0,0,0,0,0,0,0,0,0,-85000,0,0,0,15000,100000,-85000,-85000
060612,世紀鋼凱基9A購01,0,0,0,0,0,0,0,0,0,-85000,0,0,0,10000,95000,-85000,-85000
063763,上銀元富9B購07  ,0,0,0,0,0,0,0,0,0,-85000,0,0,0,11000,96000,-85000,-85000
064615,智邦元大01購01  ,0,0,0,0,0,0,0,0,0,-85000,0,0,0,47000,132000,-85000,-85000
08923P,聯發科統一01售13,0,0,0,0,0,0,0,0,0,-85000,0,0,0,5000,90000,-85000,-85000
08907P,奇鋐群益01售03  ,0,0,0,0,0,0,0,0,0,-85000,0,0,0,0,85000,-85000,-85000
067899,玉晶光群益02購13,0,0,0,0,0,0,0,0,0,-86000,0,0,0,1000,87000,-86000,-86000
067709,大立光元富07購01,0,0,0,0,0,0,0,0,0,-86000,0,0,0,0,86000,-86000,-86000
067233,微星群益02購02  ,0,0,0,0,0,0,0,0,0,-86000,0,0,0,50000,136000,-86000,-86000
057388,奇鋐永豐98購02  ,0,0,0,0,0,0,0,0,0,-86000,0,0,0,9000,95000,-86000,-86000
063380,台表科永豐9B購03,0,0,0,0,0,0,0,0,0,-86000,0,0,0,40000,126000,-86000,-86000
061425,華新科元大9A購19,0,0,0,0,0,0,0,0,0,-86000,0,0,0,115000,201000,-86000,-86000
061768,晶技元大9B購02  ,0,0,0,0,0,0,0,0,0,-86000,0,0,0,48000,134000,-86000,-86000
063581,同欣電國泰9C購01,0,0,0,0,0,0,0,0,0,-86000,0,0,0,1562000,1648000,-86000,-86000
065755,日電貿元大9C購02,0,0,0,0,0,0,0,0,0,-86000,0,0,0,19000,105000,-86000,-86000
065584,華通富邦01購01  ,0,0,0,0,0,0,0,0,0,-86000,0,0,0,278000,364000,-86000,-86000
065059,神隆群益9C購01  ,0,0,0,0,0,0,0,0,0,-86000,0,0,0,11000,97000,-86000,-86000
08425P,世紀鋼元富9C售03,0,0,0,0,0,0,0,0,0,-86000,0,0,0,2000,88000,-86000,-86000
066862,台達電台新01購01,0,0,0,0,0,0,0,0,0,-87000,0,0,0,114000,201000,-87000,-87000
067632,台積電永豐01購03,0,0,0,0,0,0,0,0,0,-87000,0,0,0,172000,259000,-87000,-87000
061795,智邦永豐9B購01  ,0,0,0,0,0,0,0,0,0,-87000,0,0,0,1000,88000,-87000,-87000
063490,儒鴻富邦9C購01  ,0,0,0,0,0,0,0,0,0,-87000,0,0,0,69000,156000,-87000,-87000
060632,可成富邦9B購01  ,0,0,0,0,0,0,0,0,0,-87000,0,0,0,20000,107000,-87000,-87000
062076,美律元大9B購02  ,0,0,0,0,0,0,0,0,0,-87000,0,0,0,0,87000,-87000,-87000
062177,上銀元大9B購02  ,0,0,0,0,0,0,0,0,0,-87000,0,0,0,1000,88000,-87000,-87000
064341,聯詠元大9C購01  ,0,0,0,0,0,0,0,0,0,-87000,0,0,0,132000,219000,-87000,-87000
08607P,聯發科富邦03售04,0,0,0,0,0,0,0,0,0,-87000,0,0,0,23000,110000,-87000,-87000
08926P,台積電元富07售06,0,0,0,0,0,0,0,0,0,-87000,0,0,0,10000,97000,-87000,-87000
08928P,漢唐元富07售02  ,0,0,0,0,0,0,0,0,0,-87000,0,0,0,0,87000,-87000,-87000
08840P,臺股指麥證01售07,0,0,0,0,87000,-87000,0,0,0,-87000,0,0,0,0,87000,-87000,-87000
067241,信邦群益01購01  ,0,0,0,0,0,0,0,0,0,-88000,0,0,0,20000,108000,-88000,-88000
066142,超眾群益01購03  ,0,0,0,0,0,0,0,0,0,-88000,0,0,0,10000,98000,-88000,-88000
057222,鴻海國票99購04  ,0,0,0,0,0,0,0,0,0,-88000,0,0,0,0,88000,-88000,-88000
054079,鴻海中信98購02  ,0,0,0,0,0,0,0,0,0,-88000,0,0,0,42000,130000,-88000,-88000
062091,世紀鋼元大9B購01,0,0,0,0,0,0,0,0,0,-88000,0,0,0,435000,523000,-88000,-88000
063020,奇力新元大9B購04,0,0,0,0,0,0,0,0,0,-88000,0,0,0,130000,218000,-88000,-88000
064055,台郡統一02購01  ,0,0,0,0,0,0,0,0,0,-88000,0,0,0,76000,164000,-88000,-88000
065007,群創國票01購01  ,0,0,0,0,0,0,0,0,0,-88000,0,0,0,12000,100000,-88000,-88000
066694,深中小群益03購01,0,0,0,0,0,0,0,0,0,-89000,0,0,0,116000,205000,-89000,-89000
06782P,大立光元大99售07,0,0,0,0,0,0,0,0,0,-89000,0,0,0,0,89000,-89000,-89000
067488,群創元大03購01  ,0,0,0,0,0,0,0,0,0,-89000,0,0,0,71000,160000,-89000,-89000
08096P,大立光元富9B售04,0,0,0,0,0,0,0,0,0,-89000,0,0,0,22000,111000,-89000,-89000
020008,元大特股高息N   ,0,0,0,0,0,0,0,0,0,-89000,0,0,0,16000,105000,-89000,-89000
059248,華新科凱基99購04,0,0,0,0,0,0,0,0,0,-89000,0,0,0,56000,145000,-89000,-89000
058067,台積電第一9C購01,0,0,0,0,0,0,0,0,0,-89000,0,0,0,21000,110000,-89000,-89000
062622,南電元大9B購03  ,0,0,0,0,0,0,0,0,0,-89000,0,0,0,7000,96000,-89000,-89000
060028,國揚永豐99購01  ,0,0,0,0,0,0,0,0,0,-89000,0,0,0,0,89000,-89000,-89000
065106,S&P反1國票9C購02,0,0,0,0,0,0,0,0,0,-89000,0,0,0,0,89000,-89000,-89000
08535P,和大國票01售02  ,0,0,0,0,0,0,0,0,0,-89000,0,0,0,0,89000,-89000,-89000
2476,鉅祥            ,4000,93000,-89000,0,0,0,0,0,0,0,0,0,0,0,0,0,-89000
2536,宏普            ,53000,142000,-89000,0,0,0,0,0,0,0,0,0,0,0,0,0,-89000
08156P,大立光元富9B售05,0,0,0,0,0,0,0,0,0,-90000,0,0,0,4000,94000,-90000,-90000
08249P,聯發科群益9C售06,0,0,0,0,0,0,0,0,0,-90000,0,0,0,0,90000,-90000,-90000
07013P,玉晶光群益9A售06,0,0,0,0,0,0,0,0,0,-90000,0,0,0,160000,250000,-90000,-90000
06937P,GIS元大98售03   ,0,0,0,0,0,0,0,0,0,-90000,0,0,0,0,90000,-90000,-90000
067367,台積電統一01購11,0,0,0,0,0,0,0,0,0,-90000,0,0,0,77000,167000,-90000,-90000
066809,新唐凱基01購01  ,0,0,0,0,0,0,0,0,0,-90000,0,0,0,0,90000,-90000,-90000
06712P,臺股指台新99售09,0,0,0,0,0,0,0,0,0,-90000,0,0,0,40000,130000,-90000,-90000
057865,富邦金凱基98購01,0,0,0,0,0,0,0,0,0,-90000,0,0,0,0,90000,-90000,-90000
061066,嘉晶凱基9B購01  ,0,0,0,0,0,0,0,0,0,-90000,0,0,0,162000,252000,-90000,-90000
064391,亞德客永豐9C購01,0,0,0,0,0,0,0,0,0,-90000,0,0,0,115000,205000,-90000,-90000
060880,中壽中信9C購01  ,0,0,0,0,0,0,0,0,0,-90000,0,0,0,0,90000,-90000,-90000
060667,力成凱基9A購01  ,0,0,0,0,0,0,0,0,0,-90000,0,0,0,0,90000,-90000,-90000
061368,南六國票9A購01  ,0,0,0,0,0,0,0,0,0,-90000,0,0,0,36000,126000,-90000,-90000
2723,美食-KY         ,637000,797000,-160000,0,0,0,0,0,0,70000,0,0,0,72000,2000,70000,-90000
08404P,技嘉元大9C售02  ,0,0,0,0,0,0,0,0,0,-90000,0,0,0,10000,100000,-90000,-90000
067213,大立光元大01購11,0,0,0,0,0,0,0,0,0,-91000,0,0,0,15000,106000,-91000,-91000
067031,華擎元富01購01  ,0,0,0,0,0,0,0,0,0,-91000,0,0,0,30000,121000,-91000,-91000
066801,奇鋐凱基01購02  ,0,0,0,0,0,0,0,0,0,-91000,0,0,0,331000,422000,-91000,-91000
066786,聯發科麥證01購05,0,0,0,10000,101000,-91000,0,0,0,-91000,0,0,0,10000,101000,-91000,-91000
061279,鴻海統一9C購04  ,0,0,0,0,0,0,0,0,0,-91000,0,0,0,20000,111000,-91000,-91000
060817,華邦電台新9A購01,0,0,0,0,0,0,0,0,0,-91000,0,0,0,132000,223000,-91000,-91000
062745,聯詠永豐9B購01  ,0,0,0,0,0,0,0,0,0,-91000,0,0,0,27000,118000,-91000,-91000
063404,金像電國票9B購01,0,0,0,0,0,0,0,0,0,-91000,0,0,0,146000,237000,-91000,-91000
061792,和大永豐9B購01  ,0,0,0,0,0,0,0,0,0,-91000,0,0,0,14000,105000,-91000,-91000
065076,中橡元大9C購01  ,0,0,0,0,0,0,0,0,0,-91000,0,0,0,9000,100000,-91000,-91000
065992,立積永豐01購01  ,0,0,0,0,0,0,0,0,0,-91000,0,0,0,65000,156000,-91000,-91000
063687,金像電永豐9B購04,0,0,0,0,0,0,0,0,0,-91000,0,0,0,1000,92000,-91000,-91000
3338,泰碩            ,185000,220000,-35000,0,0,0,0,0,0,-56000,2000,2000,0,17000,73000,-56000,-91000
067100,華邦電群益01購01,0,0,0,0,0,0,0,0,0,-92000,0,0,0,1000,93000,-92000,-92000
066433,南六元大02購01  ,0,0,0,0,0,0,0,0,0,-92000,0,0,0,68000,160000,-92000,-92000
067622,同欣電國泰02購01,0,0,0,0,0,0,0,0,0,-92000,0,0,0,394000,486000,-92000,-92000
055578,群創統一98購03  ,0,0,0,0,0,0,0,0,0,-92000,0,0,0,0,92000,-92000,-92000
060098,華新科元大99購24,0,0,0,0,0,0,0,0,0,-92000,0,0,0,76000,168000,-92000,-92000
061838,華新科凱基05購03,0,0,0,0,0,0,0,0,0,-92000,0,0,0,151000,243000,-92000,-92000
063422,奇鋐凱基9B購04  ,0,0,0,0,0,0,0,0,0,-92000,0,0,0,92000,184000,-92000,-92000
060239,國揚元大9C購01  ,0,0,0,0,0,0,0,0,0,-92000,0,0,0,115000,207000,-92000,-92000
063032,國巨凱基9C購04  ,0,0,0,0,0,0,0,0,0,-92000,0,0,0,8000,100000,-92000,-92000
063928,可成統一01購02  ,0,0,0,0,0,0,0,0,0,-92000,0,0,0,3000,95000,-92000,-92000
063920,大立光元富03購02,0,0,0,0,0,0,0,0,0,-92000,0,0,0,74000,166000,-92000,-92000
063995,健鼎群益9C購01  ,0,0,0,0,0,0,0,0,0,-92000,0,0,0,66000,158000,-92000,-92000
064976,景碩元大9C購01  ,0,0,0,0,0,0,0,0,0,-92000,0,0,0,448000,540000,-92000,-92000
065308,葡萄王國票01購01,0,0,0,0,0,0,0,0,0,-92000,0,0,0,0,92000,-92000,-92000
08333P,大立光富邦02售03,0,0,0,0,0,0,0,0,0,-92000,0,0,0,3000,95000,-92000,-92000
08737P,聯詠凱基01售01  ,0,0,0,0,0,0,0,0,0,-92000,0,0,0,10000,102000,-92000,-92000
5607,遠雄港          ,17000,110000,-93000,0,0,0,0,0,0,1000,1000,0,1000,0,0,0,-92000
057771,鴻海群益99購01  ,0,0,0,0,0,0,0,0,0,-93000,0,0,0,0,93000,-93000,-93000
063273,緯穎兆豐9C購01  ,0,0,0,0,0,0,0,0,0,-93000,0,0,0,40000,133000,-93000,-93000
060097,華新科元大99購23,0,0,0,0,0,0,0,0,0,-93000,0,0,0,119000,212000,-93000,-93000
061035,亞光永豐9A購01  ,0,0,0,0,0,0,0,0,0,-93000,0,0,0,23000,116000,-93000,-93000
065914,智邦凱基02購03  ,0,0,0,0,0,0,0,0,0,-93000,0,0,0,42000,135000,-93000,-93000
3702A,大聯大甲特      ,0,3000,-3000,0,0,0,0,0,0,-90000,10000,100000,-90000,0,0,0,-93000
067204,國巨元大02購02  ,0,0,0,0,0,0,0,0,0,-94000,0,0,0,376000,470000,-94000,-94000
058565,鴻海凱基9A購07  ,0,0,0,0,0,0,0,0,0,-94000,0,0,0,3000,97000,-94000,-94000
065108,建準國票01購01  ,0,0,0,0,0,0,0,0,0,-94000,0,0,0,146000,240000,-94000,-94000
063692,華擎永豐9B購02  ,0,0,0,0,0,0,0,0,0,-94000,0,0,0,26000,120000,-94000,-94000
063648,台表科元大9C購05,0,0,0,0,0,0,0,0,0,-94000,0,0,0,11000,105000,-94000,-94000
08932P,矽格元富01售01  ,0,0,0,0,0,0,0,0,0,-94000,0,0,0,655000,749000,-94000,-94000
066709,聚碩群益01購01  ,0,0,0,0,0,0,0,0,0,-95000,0,0,0,60000,155000,-95000,-95000
067761,致伸永豐01購01  ,0,0,0,0,0,0,0,0,0,-95000,0,0,0,0,95000,-95000,-95000
058178,國巨國泰9A購02  ,0,0,0,0,0,0,0,0,0,-95000,0,0,0,0,95000,-95000,-95000
058664,百和兆豐99購01  ,0,0,0,0,0,0,0,0,0,-95000,0,0,0,0,95000,-95000,-95000
059262,致茂中信01購01  ,0,0,0,0,0,0,0,0,0,-95000,0,0,0,26000,121000,-95000,-95000
061682,南電元大9B購01  ,0,0,0,0,0,0,0,0,0,-95000,0,0,0,0,95000,-95000,-95000
059534,國泰金凱基99購01,0,0,0,0,0,0,0,0,0,-95000,0,0,0,45000,140000,-95000,-95000
063021,大立光元大9C購05,0,0,0,0,0,0,0,0,0,-95000,0,0,0,20000,115000,-95000,-95000
062215,華通統一9B購01  ,0,0,0,0,0,0,0,0,0,-95000,0,0,0,647000,742000,-95000,-95000
061516,力成永豐9A購02  ,0,0,0,0,0,0,0,0,0,-95000,0,0,0,3000,98000,-95000,-95000
08427P,義隆國票9C售01  ,0,0,0,0,0,0,0,0,0,-95000,0,0,0,0,95000,-95000,-95000
6189,豐藝            ,156000,251000,-95000,0,0,0,0,0,0,0,0,0,0,0,0,0,-95000
6668,中揚光          ,241000,336000,-95000,0,0,0,0,0,0,0,0,0,0,0,0,0,-95000
066600,瀚宇博國泰03購01,0,0,0,0,0,0,0,0,0,-96000,0,0,0,42000,138000,-96000,-96000
056891,國巨元大99購03  ,0,0,0,0,0,0,0,0,0,-96000,0,0,0,40000,136000,-96000,-96000
057662,上銀元大9A購01  ,0,0,0,0,0,0,0,0,0,-96000,0,0,0,86000,182000,-96000,-96000
063069,道瓊銀富邦05購01,0,0,0,0,0,0,0,0,0,-96000,0,0,0,15000,111000,-96000,-96000
062925,建準國票9B購01  ,0,0,0,0,0,0,0,0,0,-96000,0,0,0,59000,155000,-96000,-96000
060948,可成第一9A購01  ,0,0,0,0,0,0,0,0,0,-96000,0,0,0,0,96000,-96000,-96000
063617,鴻海兆豐01購01  ,0,0,0,0,0,0,0,0,0,-96000,0,0,0,3000,99000,-96000,-96000
065100,聯茂元大9C購04  ,0,0,0,0,0,0,0,0,0,-96000,0,0,0,176000,272000,-96000,-96000
064842,南六統一9C購04  ,0,0,0,0,0,0,0,0,0,-96000,0,0,0,169000,265000,-96000,-96000
065296,國巨統一01購10  ,0,0,0,0,0,0,0,0,0,-96000,0,0,0,167000,263000,-96000,-96000
065587,亞德客永豐9C購02,0,0,0,0,0,0,0,0,0,-96000,0,0,0,131000,227000,-96000,-96000
065548,台達電凱基01購02,0,0,0,0,0,0,0,0,0,-96000,0,0,0,23000,119000,-96000,-96000
6120,達運            ,321000,416000,-95000,0,0,0,0,0,0,-1000,0,1000,-1000,0,0,0,-96000
2548,華固            ,292000,276000,16000,0,0,0,0,1000,-1000,-111000,4000,115000,-111000,0,0,0,-96000
067467,鴻海元大01購16  ,0,0,0,0,0,0,0,0,0,-97000,0,0,0,10000,107000,-97000,-97000
006208,富邦台50        ,16000,16000,0,0,0,0,0,0,0,-97000,0,0,0,413000,510000,-97000,-97000
056673,中石化元富9B購01,0,0,0,0,0,0,0,0,0,-97000,0,0,0,0,97000,-97000,-97000
060157,致茂永豐9A購02  ,0,0,0,0,0,0,0,0,0,-97000,0,0,0,128000,225000,-97000,-97000
062432,上銀元大9B購04  ,0,0,0,0,0,0,0,0,0,-97000,0,0,0,0,97000,-97000,-97000
059929,華新科富邦9C購03,0,0,0,0,0,0,0,0,0,-97000,0,0,0,0,97000,-97000,-97000
065660,晶豪科永豐9C購01,0,0,0,0,0,0,0,0,0,-97000,0,0,0,172000,269000,-97000,-97000
065739,正崴麥證9C購01  ,0,0,0,0,97000,-97000,0,0,0,-97000,0,0,0,0,97000,-97000,-97000
065720,義隆兆豐9C購03  ,0,0,0,0,0,0,0,0,0,-97000,0,0,0,74000,171000,-97000,-97000
063520,上銀凱基9B購05  ,0,0,0,0,0,0,0,0,0,-97000,0,0,0,12000,109000,-97000,-97000
1810,和成            ,25000,122000,-97000,0,0,0,0,0,0,0,0,0,0,0,0,0,-97000
4927,泰鼎-KY         ,843000,669000,174000,0,0,0,0,126000,-126000,-145000,31000,40000,-9000,40000,176000,-136000,-97000
07253P,台灣50凱基9A售05,0,0,0,0,0,0,0,0,0,-98000,0,0,0,2000,100000,-98000,-98000
066209,聯鈞統一03購01  ,0,0,0,0,0,0,0,0,0,-98000,0,0,0,30000,128000,-98000,-98000
066708,嘉澤群益02購01  ,0,0,0,0,0,0,0,0,0,-98000,0,0,0,96000,194000,-98000,-98000
062586,國巨統一01購06  ,0,0,0,0,0,0,0,0,0,-98000,0,0,0,15000,113000,-98000,-98000
058079,鴻海群益98購08  ,0,0,0,0,0,0,0,0,0,-98000,0,0,0,41000,139000,-98000,-98000
058669,上銀群益99購01  ,0,0,0,0,0,0,0,0,0,-98000,0,0,0,0,98000,-98000,-98000
061647,南六元大9A購03  ,0,0,0,0,0,0,0,0,0,-98000,0,0,0,32000,130000,-98000,-98000
062885,臻鼎兆豐9C購01  ,0,0,0,0,0,0,0,0,0,-98000,0,0,0,30000,128000,-98000,-98000
062886,中興電群益9B購01,0,0,0,0,0,0,0,0,0,-98000,0,0,0,320000,418000,-98000,-98000
062666,和碩群益9B購01  ,0,0,0,0,0,0,0,0,0,-98000,0,0,0,0,98000,-98000,-98000
060240,富邦金元大9A購01,0,0,0,0,0,0,0,0,0,-98000,0,0,0,55000,153000,-98000,-98000
064522,華擎群益01購01  ,0,0,0,0,0,0,0,0,0,-98000,0,0,0,0,98000,-98000,-98000
065441,義隆麥證9C購01  ,0,0,0,0,98000,-98000,0,0,0,-98000,0,0,0,0,98000,-98000,-98000
065979,立積元大03購01  ,0,0,0,0,0,0,0,0,0,-98000,0,0,0,124000,222000,-98000,-98000
065261,技嘉元大9C購03  ,0,0,0,0,0,0,0,0,0,-98000,0,0,0,2000,100000,-98000,-98000
08400P,美律元富9C售02  ,0,0,0,0,0,0,0,0,0,-98000,0,0,0,60000,158000,-98000,-98000
066938,敦泰國票02購01  ,0,0,0,0,0,0,0,0,0,-99000,0,0,0,44000,143000,-99000,-99000
067024,旺宏兆豐03購01  ,0,0,0,0,0,0,0,0,0,-99000,0,0,0,799000,898000,-99000,-99000
066365,富邦金中信03購01,0,0,0,0,0,0,0,0,0,-99000,0,0,0,102000,201000,-99000,-99000
057195,南茂元大98購01  ,0,0,0,0,0,0,0,0,0,-99000,0,0,0,1000,100000,-99000,-99000
057987,大立光元富98購02,0,0,0,0,0,0,0,0,0,-99000,0,0,0,35000,134000,-99000,-99000
062475,道瓊反國票9B購02,0,0,0,0,0,0,0,0,0,-99000,0,0,0,0,99000,-99000,-99000
064735,群創元富9C購02  ,0,0,0,0,0,0,0,0,0,-99000,0,0,0,12000,111000,-99000,-99000
2486,一詮            ,89000,181000,-92000,0,0,0,0,0,0,-7000,0,7000,-7000,0,0,0,-99000
066314,台橡永豐01購01  ,0,0,0,0,0,0,0,0,0,-100000,0,0,0,0,100000,-100000,-100000
067018,FB上証中信02購01,0,0,0,0,0,0,0,0,0,-100000,0,0,0,0,100000,-100000,-100000
067088,啟碁元大01購01  ,0,0,0,0,0,0,0,0,0,-100000,0,0,0,362000,462000,-100000,-100000
06705P,臻鼎元富98售03  ,0,0,0,0,0,0,0,0,0,-100000,0,0,0,0,100000,-100000,-100000
067116,嘉澤群益01購02  ,0,0,0,0,0,0,0,0,0,-100000,0,0,0,135000,235000,-100000,-100000
066821,臺指反群益01購03,0,0,0,0,0,0,0,0,0,-100000,0,0,0,0,100000,-100000,-100000
07645P,華通元大9A售06  ,0,0,0,0,0,0,0,0,0,-100000,0,0,0,0,100000,-100000,-100000
07647P,健策國票9A售04  ,0,0,0,0,0,0,0,0,0,-100000,0,0,0,0,100000,-100000,-100000
07402P,瑞昱凱基99售02  ,0,0,0,0,0,0,0,0,0,-100000,0,0,0,0,100000,-100000,-100000
07365P,超眾元大99售07  ,0,0,0,0,0,0,0,0,0,-100000,0,0,0,0,100000,-100000,-100000
08223P,臺股指凱基9B售18,0,0,0,0,0,0,0,0,0,-100000,0,0,0,150000,250000,-100000,-100000
067756,奇鋐國泰03購01  ,0,0,0,0,0,0,0,0,0,-100000,0,0,0,0,100000,-100000,-100000
067721,義隆凱基01購06  ,0,0,0,0,0,0,0,0,0,-100000,0,0,0,34000,134000,-100000,-100000
062057,華邦電統一01購01,0,0,0,0,0,0,0,0,0,-100000,0,0,0,0,100000,-100000,-100000
057404,貿聯群益99購01  ,0,0,0,0,0,0,0,0,0,-100000,0,0,0,0,100000,-100000,-100000
054466,欣興凱基97購03  ,0,0,0,0,0,0,0,0,0,-100000,0,0,0,0,100000,-100000,-100000
054161,友訊凱基98購01  ,0,0,0,0,0,0,0,0,0,-100000,0,0,0,0,100000,-100000,-100000
053573,臺股指統一99購01,0,0,0,0,0,0,0,0,0,-100000,0,0,0,0,100000,-100000,-100000
056858,國巨群益99購03  ,0,0,0,0,0,0,0,0,0,-100000,0,0,0,0,100000,-100000,-100000
054826,復盛元大9A購01  ,0,0,0,0,0,0,0,0,0,-100000,0,0,0,100000,200000,-100000,-100000
055218,彩晶凱基99購01  ,0,0,0,0,0,0,0,0,0,-100000,0,0,0,0,100000,-100000,-100000
055122,國巨兆豐98購01  ,0,0,0,0,0,0,0,0,0,-100000,0,0,0,0,100000,-100000,-100000
059235,鴻海凱基99購08  ,0,0,0,0,0,0,0,0,0,-100000,0,0,0,0,100000,-100000,-100000
058987,華新科凱基9B購01,0,0,0,0,0,0,0,0,0,-100000,0,0,0,50000,150000,-100000,-100000
059033,元油2X群益9C購05,0,0,0,0,0,0,0,0,0,-100000,0,0,0,0,100000,-100000,-100000
062525,鴻海統一9C購10  ,0,0,0,0,0,0,0,0,0,-100000,0,0,0,0,100000,-100000,-100000
062182,華新科元大9B購07,0,0,0,0,0,0,0,0,0,-100000,0,0,0,53000,153000,-100000,-100000
062793,鴻海統一9B購06  ,0,0,0,0,0,0,0,0,0,-100000,0,0,0,0,100000,-100000,-100000
061983,華新科元大9B購04,0,0,0,0,0,0,0,0,0,-100000,0,0,0,101000,201000,-100000,-100000
061341,華新科元大9A購16,0,0,0,0,0,0,0,0,0,-100000,0,0,0,150000,250000,-100000,-100000
061205,旺宏元大9A購11  ,0,0,0,0,0,0,0,0,0,-100000,0,0,0,0,100000,-100000,-100000
060657,旺宏統一9B購05  ,0,0,0,0,0,0,0,0,0,-100000,0,0,0,0,100000,-100000,-100000
061411,T50反1群益9A購05,0,0,0,0,0,0,0,0,0,-100000,0,0,0,0,100000,-100000,-100000
061424,華新科元大9A購18,0,0,0,0,0,0,0,0,0,-100000,0,0,0,101000,201000,-100000,-100000
061575,華新科元大9A購20,0,0,0,0,0,0,0,0,0,-100000,0,0,0,0,100000,-100000,-100000
061576,華新科元大9A購21,0,0,0,0,0,0,0,0,0,-100000,0,0,0,101000,201000,-100000,-100000
064795,致伸國票01購01  ,0,0,0,0,0,0,0,0,0,-100000,0,0,0,0,100000,-100000,-100000
064550,南茂凱基01購01  ,0,0,0,0,0,0,0,0,0,-100000,0,0,0,12000,112000,-100000,-100000
063754,道瓊指統一9B購01,0,0,0,0,0,0,0,0,0,-100000,0,0,0,0,100000,-100000,-100000
065127,世芯永豐9C購03  ,0,0,0,0,0,0,0,0,0,-100000,0,0,0,18000,118000,-100000,-100000
065156,可成群益01購02  ,0,0,0,0,0,0,0,0,0,-100000,0,0,0,4000,104000,-100000,-100000
065348,中壽統一9C購02  ,0,0,0,0,0,0,0,0,0,-100000,0,0,0,105000,205000,-100000,-100000
064835,嘉晶統一02購01  ,0,0,0,0,0,0,0,0,0,-100000,0,0,0,441000,541000,-100000,-100000
064819,華新統一01購02  ,0,0,0,0,0,0,0,0,0,-100000,0,0,0,0,100000,-100000,-100000
064897,宏達電群益9C購02,0,0,0,0,0,0,0,0,0,-100000,0,0,0,0,100000,-100000,-100000
064980,牧德元大01購01  ,0,0,0,0,0,0,0,0,0,-100000,0,0,0,0,100000,-100000,-100000
066004,國巨統一01購11  ,0,0,0,0,0,0,0,0,0,-100000,0,0,0,100000,200000,-100000,-100000
066033,南六群益02購01  ,0,0,0,0,0,0,0,0,0,-100000,0,0,0,0,100000,-100000,-100000
065514,建準群益9C購01  ,0,0,0,0,0,0,0,0,0,-100000,0,0,0,87000,187000,-100000,-100000
08951P,臺股指國票01售08,0,0,0,0,0,0,0,0,0,-100000,0,0,0,0,100000,-100000,-100000
3034,聯詠            ,2281964,2123000,158964,0,0,0,77000,26000,51000,-310000,259000,628000,-369000,191000,132000,59000,-100036
067890,華新科群益01購06,0,0,0,0,0,0,0,0,0,-101000,0,0,0,10000,111000,-101000,-101000
067465,滬深2X元大03購04,0,0,0,0,0,0,0,0,0,-101000,0,0,0,0,101000,-101000,-101000
067194,惠特凱基01購03  ,0,0,0,0,0,0,0,0,0,-101000,0,0,0,75000,176000,-101000,-101000
056363,華新科元大99購04,0,0,0,0,0,0,0,0,0,-101000,0,0,0,0,101000,-101000,-101000
054370,台積電中信9A購01,0,0,0,0,0,0,0,0,0,-101000,0,0,0,36000,137000,-101000,-101000
059340,鴻海凱基9A購12  ,0,0,0,0,0,0,0,0,0,-101000,0,0,0,0,101000,-101000,-101000
065110,嘉澤國票01購01  ,0,0,0,0,0,0,0,0,0,-101000,0,0,0,149000,250000,-101000,-101000
064467,南亞科元富9C購02,0,0,0,0,0,0,0,0,0,-101000,0,0,0,20000,121000,-101000,-101000
08763P,健策永豐01售02  ,0,0,0,0,0,0,0,0,0,-101000,0,0,0,3000,104000,-101000,-101000
08378P,世紀鋼元富9C售02,0,0,0,0,0,0,0,0,0,-101000,0,0,0,1000,102000,-101000,-101000
066256,華通元大02購02  ,0,0,0,0,0,0,0,0,0,-102000,0,0,0,79000,181000,-102000,-102000
066597,緯穎群益02購01  ,0,0,0,0,0,0,0,0,0,-102000,0,0,0,57000,159000,-102000,-102000
067394,國巨永豐01購01  ,0,0,0,0,0,0,0,0,0,-102000,0,0,0,0,102000,-102000,-102000
067264,美利達國票02購01,0,0,0,0,0,0,0,0,0,-102000,0,0,0,100000,202000,-102000,-102000
062052,華通統一01購01  ,0,0,0,0,0,0,0,0,0,-102000,0,0,0,64000,166000,-102000,-102000
062332,大立光統一9B購11,0,0,0,0,0,0,0,0,0,-102000,0,0,0,134000,236000,-102000,-102000
063442,金像電統一01購01,0,0,0,0,0,0,0,0,0,-102000,0,0,0,56000,158000,-102000,-102000
062947,國巨富邦01購01  ,0,0,0,0,0,0,0,0,0,-102000,0,0,0,6000,108000,-102000,-102000
064461,致伸統一01購01  ,0,0,0,0,0,0,0,0,0,-102000,0,0,0,10000,112000,-102000,-102000
064508,力成元大9C購03  ,0,0,0,0,0,0,0,0,0,-102000,0,0,0,83000,185000,-102000,-102000
063757,鴻海統一9C購16  ,0,0,0,0,0,0,0,0,0,-102000,0,0,0,0,102000,-102000,-102000
065328,緯穎凱基9C購03  ,0,0,0,0,0,0,0,0,0,-102000,0,0,0,0,102000,-102000,-102000
065579,南茂群益9C購02  ,0,0,0,0,0,0,0,0,0,-102000,0,0,0,4000,106000,-102000,-102000
1762,中化生          ,316000,435000,-119000,0,0,0,0,1000,-1000,18000,18000,0,18000,0,0,0,-102000
060651,瑞儀中信9B購01  ,0,0,0,0,0,0,0,0,0,-103000,0,0,0,94000,197000,-103000,-103000
062415,聯茂中信9C購01  ,0,0,0,0,0,0,0,0,0,-103000,0,0,0,23000,126000,-103000,-103000
065706,奇鋐群益9C購02  ,0,0,0,0,0,0,0,0,0,-103000,0,0,0,197000,300000,-103000,-103000
08984P,玉晶光凱基02售03,0,0,0,0,0,0,0,0,0,-103000,0,0,0,0,103000,-103000,-103000
4943,康控-KY         ,70000,165000,-95000,0,0,0,0,0,0,-8000,4000,0,4000,7000,19000,-12000,-103000
5269,祥碩            ,173000,210000,-37000,0,0,0,10000,86000,-76000,10000,14000,0,14000,3000,7000,-4000,-103000
067763,鈺齊永豐01購01  ,0,0,0,0,0,0,0,0,0,-104000,0,0,0,0,104000,-104000,-104000
062108,晶豪科國票9B購01,0,0,0,0,0,0,0,0,0,-104000,0,0,0,19000,123000,-104000,-104000
059995,南亞科元富99購01,0,0,0,0,0,0,0,0,0,-104000,0,0,0,10000,114000,-104000,-104000
065102,同欣電元大9C購07,0,0,0,0,0,0,0,0,0,-104000,0,0,0,198000,302000,-104000,-104000
064135,復盛元大9C購01  ,0,0,0,0,0,0,0,0,0,-104000,0,0,0,96000,200000,-104000,-104000
5608,四維航          ,15000,119000,-104000,0,0,0,0,0,0,0,0,0,0,0,0,0,-104000
062324,上銀統一9B購04  ,0,0,0,0,0,0,0,0,0,-105000,0,0,0,0,105000,-105000,-105000
058677,矽格群益99購01  ,0,0,0,0,0,0,0,0,0,-105000,0,0,0,37000,142000,-105000,-105000
062081,華新科元大9B購06,0,0,0,0,0,0,0,0,0,-105000,0,0,0,200000,305000,-105000,-105000
060236,精元元大9C購01  ,0,0,0,0,0,0,0,0,0,-105000,0,0,0,11000,116000,-105000,-105000
064605,GIS元富9C購01   ,0,0,0,0,0,0,0,0,0,-105000,0,0,0,382000,487000,-105000,-105000
064304,信邦兆豐01購01  ,0,0,0,0,0,0,0,0,0,-105000,0,0,0,71000,176000,-105000,-105000
065246,旭富兆豐01購01  ,0,0,0,0,0,0,0,0,0,-105000,0,0,0,0,105000,-105000,-105000
065832,貿聯凱基02購03  ,0,0,0,0,0,0,0,0,0,-105000,0,0,0,91000,196000,-105000,-105000
6591,動力-KY         ,139000,248000,-109000,0,0,0,0,0,0,4000,4000,0,4000,0,0,0,-105000
067652,義隆元富01購01  ,0,0,0,0,0,0,0,0,0,-106000,0,0,0,123000,229000,-106000,-106000
066318,友訊永豐01購01  ,0,0,0,0,0,0,0,0,0,-106000,0,0,0,0,106000,-106000,-106000
066177,上緯控凱基01購01,0,0,0,0,0,0,0,0,0,-106000,0,0,0,73000,179000,-106000,-106000
059064,緯穎凱基99購02  ,0,0,0,0,0,0,0,0,0,-106000,0,0,0,1000,107000,-106000,-106000
051847,香港反中信99購01,0,0,0,0,0,0,0,0,0,-106000,0,0,0,0,106000,-106000,-106000
060926,宏達電永豐9A購01,0,0,0,0,0,0,0,0,0,-106000,0,0,0,4000,110000,-106000,-106000
063383,億豐永豐9B購02  ,0,0,0,0,0,0,0,0,0,-106000,0,0,0,0,106000,-106000,-106000
064547,宏達電凱基9C購01,0,0,0,0,0,0,0,0,0,-106000,0,0,0,17000,123000,-106000,-106000
064556,華通群益02購02  ,0,0,0,0,0,0,0,0,0,-106000,0,0,0,20000,126000,-106000,-106000
064778,美律群益9C購01  ,0,0,0,0,0,0,0,0,0,-106000,0,0,0,2000,108000,-106000,-106000
064029,宏達電元大9C購01,0,0,0,0,0,0,0,0,0,-106000,0,0,0,25000,131000,-106000,-106000
2380,虹光            ,3000,109000,-106000,0,0,0,0,0,0,0,0,0,0,0,0,0,-106000
3040,遠見            ,98000,201000,-103000,0,0,0,0,0,0,-3000,0,3000,-3000,0,0,0,-106000
066413,鴻海元大01購06  ,0,0,0,0,0,0,0,0,0,-107000,0,0,0,33000,140000,-107000,-107000
06766P,玉晶光元大99售10,0,0,0,0,0,0,0,0,0,-107000,0,0,0,84000,191000,-107000,-107000
067745,泰鼎元大01購03  ,0,0,0,0,0,0,0,0,0,-107000,0,0,0,162000,269000,-107000,-107000
03448B,臺股指元大9C熊11,0,0,0,0,0,0,0,0,0,-107000,0,0,0,181000,288000,-107000,-107000
060457,中橡元大9A購02  ,0,0,0,0,0,0,0,0,0,-107000,0,0,0,8000,115000,-107000,-107000
064144,智邦統一01購02  ,0,0,0,0,0,0,0,0,0,-107000,0,0,0,271000,378000,-107000,-107000
063988,華通永豐9C購01  ,0,0,0,0,0,0,0,0,0,-107000,0,0,0,81000,188000,-107000,-107000
064239,群創統一02購01  ,0,0,0,0,0,0,0,0,0,-107000,0,0,0,580000,687000,-107000,-107000
065736,同欣電凱基9C購05,0,0,0,0,0,0,0,0,0,-107000,0,0,0,121000,228000,-107000,-107000
065020,友達富邦01購02  ,0,0,0,0,0,0,0,0,0,-107000,0,0,0,99000,206000,-107000,-107000
2363,矽統            ,654000,761000,-107000,0,0,0,0,0,0,0,0,0,0,0,0,0,-107000
2451,創見            ,192000,101000,91000,0,0,0,0,4000,-4000,-194000,31000,9000,22000,0,216000,-216000,-107000
067561,晶技國票02購01  ,0,0,0,0,0,0,0,0,0,-108000,0,0,0,43000,151000,-108000,-108000
066843,台達電元大01購02,0,0,0,0,0,0,0,0,0,-108000,0,0,0,270000,378000,-108000,-108000
056829,台積電富邦9A購01,0,0,0,0,0,0,0,0,0,-108000,0,0,0,5191000,5299000,-108000,-108000
058477,億光凱基9A購01  ,0,0,0,0,0,0,0,0,0,-108000,0,0,0,114000,222000,-108000,-108000
057335,技嘉國票99購01  ,0,0,0,0,0,0,0,0,0,-108000,0,0,0,2000,110000,-108000,-108000
062561,瀚宇博凱基9B購01,0,0,0,0,0,0,0,0,0,-108000,0,0,0,113000,221000,-108000,-108000
061389,華新科群益9B購01,0,0,0,0,0,0,0,0,0,-108000,0,0,0,123000,231000,-108000,-108000
065985,金像電永豐01購02,0,0,0,0,0,0,0,0,0,-108000,0,0,0,77000,185000,-108000,-108000
8103,瀚荃            ,332000,402000,-70000,0,0,0,0,0,0,-38000,0,38000,-38000,0,0,0,-108000
066872,亞光國泰03購01  ,0,0,0,0,0,0,0,0,0,-109000,0,0,0,481000,590000,-109000,-109000
067294,中磊兆豐03購01  ,0,0,0,0,0,0,0,0,0,-109000,0,0,0,24000,133000,-109000,-109000
057576,南亞科第一9C購01,0,0,0,0,0,0,0,0,0,-109000,0,0,0,310000,419000,-109000,-109000
061586,智邦富邦9A購02  ,0,0,0,0,0,0,0,0,0,-109000,0,0,0,40000,149000,-109000,-109000
065773,鴻海國票03購01  ,0,0,0,0,0,0,0,0,0,-109000,0,0,0,28000,137000,-109000,-109000
064495,南亞科元大9C購03,0,0,0,0,0,0,0,0,0,-109000,0,0,0,0,109000,-109000,-109000
067770,台積電統一03購03,0,0,0,0,0,0,0,0,0,-110000,0,0,0,1000,111000,-110000,-110000
067840,滬深2X元富04購02,0,0,0,0,0,0,0,0,0,-110000,0,0,0,0,110000,-110000,-110000
07474P,滬深2X群益9C售03,0,0,0,0,0,0,0,0,0,-110000,0,0,0,50000,160000,-110000,-110000
066111,上銀兆豐02購01  ,0,0,0,0,0,0,0,0,0,-110000,0,0,0,33000,143000,-110000,-110000
059090,台新金元大99購01,0,0,0,0,0,0,0,0,0,-110000,0,0,0,0,110000,-110000,-110000
058365,奇力新凱基9A購01,0,0,0,0,0,0,0,0,0,-110000,0,0,0,0,110000,-110000,-110000
056650,彩晶凱基9A購01  ,0,0,0,0,0,0,0,0,0,-110000,0,0,0,114000,224000,-110000,-110000
054104,T50反1凱基9A購02,0,0,0,0,0,0,0,0,0,-110000,0,0,0,0,110000,-110000,-110000
061820,康控群益9B購02  ,0,0,0,0,0,0,0,0,0,-110000,0,0,0,0,110000,-110000,-110000
060058,牧德凱基9B購01  ,0,0,0,0,0,0,0,0,0,-110000,0,0,0,0,110000,-110000,-110000
063252,緯穎元大9B購07  ,0,0,0,0,0,0,0,0,0,-110000,0,0,0,40000,150000,-110000,-110000
061350,牧德元大9B購03  ,0,0,0,0,0,0,0,0,0,-110000,0,0,0,0,110000,-110000,-110000
060789,禾伸堂富邦9B購02,0,0,0,0,0,0,0,0,0,-110000,0,0,0,0,110000,-110000,-110000
061100,SP黃豆元大9A購04,0,0,0,0,0,0,0,0,0,-110000,0,0,0,0,110000,-110000,-110000
060912,華新科元大9A購10,0,0,0,0,0,0,0,0,0,-110000,0,0,0,100000,210000,-110000,-110000
06437P,玉晶光國票99售01,0,0,0,0,0,0,0,0,0,-110000,0,0,0,16000,126000,-110000,-110000
063756,鴻海統一9B購09  ,0,0,0,0,0,0,0,0,0,-110000,0,0,0,0,110000,-110000,-110000
063534,鴻海統一9B購07  ,0,0,0,0,0,0,0,0,0,-110000,0,0,0,0,110000,-110000,-110000
064852,智邦台新9C購04  ,0,0,0,0,0,0,0,0,0,-110000,0,0,0,8000,118000,-110000,-110000
2537,聯上發          ,56000,166000,-110000,0,0,0,0,0,0,0,0,0,0,0,0,0,-110000
066360,致茂中信05購01  ,0,0,0,0,0,0,0,0,0,-111000,0,0,0,80000,191000,-111000,-111000
066817,瀚宇博兆豐03購01,0,0,0,0,0,0,0,0,0,-111000,0,0,0,41000,152000,-111000,-111000
067257,帆宣國票02購01  ,0,0,0,0,0,0,0,0,0,-111000,0,0,0,65000,176000,-111000,-111000
056397,彩晶永豐99購01  ,0,0,0,0,0,0,0,0,0,-111000,0,0,0,40000,151000,-111000,-111000
058534,友達統一9B購01  ,0,0,0,0,0,0,0,0,0,-111000,0,0,0,189000,300000,-111000,-111000
058262,大立光富邦9C購02,0,0,0,0,0,0,0,0,0,-111000,0,0,0,0,111000,-111000,-111000
062712,晶技麥證9B購02  ,0,0,0,5000,116000,-111000,0,0,0,-111000,0,0,0,5000,116000,-111000,-111000
3708,上緯投控        ,406000,803000,-397000,0,0,0,138000,0,138000,148000,100000,1000,99000,65000,16000,49000,-111000
08309P,GIS凱基9C售01   ,0,0,0,0,0,0,0,0,0,-111000,0,0,0,30000,141000,-111000,-111000
067267,台積電富邦05購03,0,25000,-25000,0,0,0,0,0,0,-87000,0,0,0,578000,665000,-87000,-112000
067402,茂林永豐01購01  ,0,0,0,0,0,0,0,0,0,-112000,0,0,0,120000,232000,-112000,-112000
067415,大成凱基01購01  ,0,0,0,0,0,0,0,0,0,-112000,0,0,0,21000,133000,-112000,-112000
067670,微星元大01購06  ,0,0,0,0,0,0,0,0,0,-112000,0,0,0,78000,190000,-112000,-112000
056314,力成元大97購01  ,0,0,0,0,0,0,0,0,0,-112000,0,0,0,86000,198000,-112000,-112000
059950,百和永豐99購02  ,0,0,0,0,0,0,0,0,0,-112000,0,0,0,96000,208000,-112000,-112000
059454,亞光永豐99購01  ,0,0,0,0,0,0,0,0,0,-112000,0,0,0,91000,203000,-112000,-112000
063299,金寶凱基9B購01  ,0,0,0,0,0,0,0,0,0,-112000,0,0,0,0,112000,-112000,-112000
062936,鴻海凱基9B購07  ,0,0,0,0,0,0,0,0,0,-112000,0,0,0,121000,233000,-112000,-112000
065793,旭富永豐9C購02  ,0,0,0,0,0,0,0,0,0,-112000,0,0,0,0,112000,-112000,-112000
063602,金像電凱基9B購04,0,0,0,0,0,0,0,0,0,-112000,0,0,0,74000,186000,-112000,-112000
064141,國巨統一01購08  ,0,0,0,0,0,0,0,0,0,-112000,0,0,0,0,112000,-112000,-112000
1522,堤維西          ,202000,415000,-213000,0,0,0,0,0,0,101000,0,0,0,101000,0,101000,-112000
067765,百和永豐01購01  ,0,0,0,0,0,0,0,0,0,-113000,0,0,0,0,113000,-113000,-113000
066692,T50反1群益01購04,0,0,0,0,0,0,0,0,0,-113000,0,0,0,0,113000,-113000,-113000
067186,晶豪科凱基01購02,0,0,0,0,0,0,0,0,0,-113000,0,0,0,41000,154000,-113000,-113000
059189,國泰金富邦9B購01,0,0,0,0,0,0,0,0,0,-113000,0,0,0,151000,264000,-113000,-113000
056646,奇鋐凱基99購02  ,0,0,0,0,0,0,0,0,0,-113000,0,0,0,81000,194000,-113000,-113000
058422,百和麥證99購01  ,0,0,0,0,113000,-113000,0,0,0,-113000,0,0,0,0,113000,-113000,-113000
060782,道瓊指富邦9C購01,0,0,0,0,0,0,0,0,0,-113000,0,0,0,41000,154000,-113000,-113000
062851,建準永豐9B購02  ,0,0,0,0,0,0,0,0,0,-113000,0,0,0,106000,219000,-113000,-113000
059918,華新科元大99購20,0,0,0,0,0,0,0,0,0,-113000,0,0,0,101000,214000,-113000,-113000
063732,建準元大9B購02  ,0,0,0,0,0,0,0,0,0,-113000,0,0,0,735000,848000,-113000,-113000
064401,台達電凱基06購01,0,0,0,0,0,0,0,0,0,-113000,0,0,0,59000,172000,-113000,-113000
064765,緯穎凱基9C購02  ,0,0,0,0,0,0,0,0,0,-113000,0,0,0,107000,220000,-113000,-113000
066541,南電兆豐01購02  ,0,0,0,0,0,0,0,0,0,-114000,0,0,0,1000,115000,-114000,-114000
058941,華新科中信99購03,0,0,0,0,0,0,0,0,0,-114000,0,0,0,0,114000,-114000,-114000
061508,南六國泰9C購02  ,0,0,0,0,0,0,0,0,0,-114000,0,0,0,46000,160000,-114000,-114000
060681,華擎元大9A購02  ,0,0,0,0,0,0,0,0,0,-114000,0,0,0,1000,115000,-114000,-114000
063061,華新科元富9B購04,0,0,0,0,0,0,0,0,0,-114000,0,0,0,0,114000,-114000,-114000
063050,葡萄王統一01購01,0,0,0,0,0,0,0,0,0,-114000,0,0,0,135000,249000,-114000,-114000
061260,台積電凱基9A購23,0,0,0,0,0,0,0,0,0,-114000,0,0,0,38000,152000,-114000,-114000
066568,聚碩元大01購01  ,0,0,0,0,0,0,0,0,0,-115000,0,0,0,0,115000,-115000,-115000
066235,大毅富邦04購01  ,0,0,0,0,0,0,0,0,0,-115000,0,0,0,13000,128000,-115000,-115000
067915,宏碁永豐01購01  ,0,0,0,0,0,0,0,0,0,-115000,0,0,0,0,115000,-115000,-115000
08057P,京鼎群益9B售01  ,0,0,0,0,0,0,0,0,0,-115000,0,0,0,10000,125000,-115000,-115000
058207,南茂凱基99購01  ,0,0,0,0,0,0,0,0,0,-115000,0,0,0,37000,152000,-115000,-115000
059343,宏達電凱基99購04,0,0,0,0,0,0,0,0,0,-115000,0,0,0,7000,122000,-115000,-115000
061835,華新科凱基02購03,0,0,0,0,0,0,0,0,0,-115000,0,0,0,50000,165000,-115000,-115000
059938,凱美永豐99購01  ,0,0,0,0,0,0,0,0,0,-115000,0,0,0,8000,123000,-115000,-115000
060050,鴻海凱基9B購01  ,0,0,0,0,0,0,0,0,0,-115000,0,0,0,0,115000,-115000,-115000
064494,南亞科元大9C購02,0,0,0,0,0,0,0,0,0,-115000,0,0,0,15000,130000,-115000,-115000
065607,聯詠元大9C購02  ,0,0,0,0,0,0,0,0,0,-115000,0,0,0,106000,221000,-115000,-115000
1319,東陽            ,110913,221000,-110087,0,0,0,0,0,0,-5000,0,5000,-5000,0,0,0,-115087
07799P,南電國票9A售04  ,0,0,0,0,0,0,0,0,0,-116000,0,0,0,0,116000,-116000,-116000
00653L,富邦印度正2     ,52000,1228000,-1176000,0,0,0,0,0,0,1060000,0,0,0,3843000,2783000,1060000,-116000
061898,茂林永豐9B購01  ,0,0,0,0,0,0,0,0,0,-116000,0,0,0,0,116000,-116000,-116000
060625,華擎元大9A購01  ,0,0,0,0,0,0,0,0,0,-116000,0,0,0,0,116000,-116000,-116000
062171,中磊永豐9B購01  ,0,0,0,0,0,0,0,0,0,-116000,0,0,0,48000,164000,-116000,-116000
065594,華通元大01購02  ,0,0,0,0,0,0,0,0,0,-116000,0,0,0,0,116000,-116000,-116000
065384,南電元大9C購07  ,0,0,0,0,0,0,0,0,0,-116000,0,0,0,58000,174000,-116000,-116000
063788,矽創統一02購01  ,0,0,0,0,0,0,0,0,0,-116000,0,0,0,312000,428000,-116000,-116000
063550,可成國票9C購01  ,0,0,0,0,0,0,0,0,0,-116000,0,0,0,14000,130000,-116000,-116000
08557P,臺股指中信01售09,0,0,0,0,0,0,0,0,0,-116000,0,0,0,34000,150000,-116000,-116000
1476,儒鴻            ,151000,282000,-131000,0,0,0,22000,0,22000,-7000,0,4000,-4000,9000,12000,-3000,-116000
2852,第一保          ,22000,138000,-116000,0,0,0,0,0,0,0,0,0,0,0,0,0,-116000
6414,樺漢            ,62000,154000,-92000,0,0,0,0,0,0,-24000,11000,9000,2000,4000,30000,-26000,-116000
066662,建準凱基02購01  ,0,0,0,0,0,0,0,0,0,-117000,0,0,0,70000,187000,-117000,-117000
066869,聯發科元富07購02,0,0,0,0,0,0,0,0,0,-117000,0,0,0,136000,253000,-117000,-117000
065032,TPK兆豐01購01   ,0,0,0,0,0,0,0,0,0,-117000,0,0,0,294000,411000,-117000,-117000
065606,可成元大01購05  ,0,0,0,0,0,0,0,0,0,-117000,0,0,0,47000,164000,-117000,-117000
06901P,亞德客凱基98售02,0,0,0,0,0,0,0,0,0,-118000,0,0,0,301000,419000,-118000,-118000
063000,緯穎國票9B購03  ,0,0,0,0,0,0,0,0,0,-118000,0,0,0,0,118000,-118000,-118000
063907,華通凱基9C購03  ,0,0,0,0,0,0,0,0,0,-118000,0,0,0,112000,230000,-118000,-118000
07502P,美食元大9A售01  ,90000,0,90000,0,0,0,0,0,0,-209000,0,0,0,131000,340000,-209000,-119000
067252,智邦國票02購02  ,0,0,0,0,0,0,0,0,0,-119000,0,0,0,0,119000,-119000,-119000
066512,致茂永豐01購01  ,0,0,0,0,0,0,0,0,0,-119000,0,0,0,72000,191000,-119000,-119000
053891,欣興群益98購01  ,0,0,0,0,0,0,0,0,0,-119000,0,0,0,11000,130000,-119000,-119000
058656,燿華中信99購01  ,0,0,0,0,0,0,0,0,0,-119000,0,0,0,401000,520000,-119000,-119000
058558,鴻海日盛9A購02  ,0,0,0,0,0,0,0,0,0,-119000,0,0,0,90000,209000,-119000,-119000
061190,力山永豐9A購02  ,0,0,0,0,0,0,0,0,0,-119000,0,0,0,91000,210000,-119000,-119000
060432,達方永豐9A購01  ,0,0,0,0,0,0,0,0,0,-119000,0,0,0,281000,400000,-119000,-119000
060422,台勝科永豐9A購01,0,0,0,0,0,0,0,0,0,-119000,0,0,0,60000,179000,-119000,-119000
062638,茂林國票9C購01  ,0,0,0,0,0,0,0,0,0,-119000,0,0,0,13000,132000,-119000,-119000
061972,華新元大9B購01  ,0,0,0,0,0,0,0,0,0,-119000,0,0,0,62000,181000,-119000,-119000
064061,GIS麥證01購01   ,0,0,0,179000,298000,-119000,0,0,0,-119000,0,0,0,179000,298000,-119000,-119000
064705,新光金富邦01購01,0,0,0,0,0,0,0,0,0,-119000,0,0,0,116000,235000,-119000,-119000
064416,南亞科中信01購01,0,0,0,0,0,0,0,0,0,-119000,0,0,0,0,119000,-119000,-119000
065896,智易統一02購01  ,0,0,0,0,0,0,0,0,0,-119000,0,0,0,0,119000,-119000,-119000
064908,世紀鋼群益01購02,0,0,0,0,0,0,0,0,0,-119000,0,0,0,30000,149000,-119000,-119000
066396,可成凱基01購04  ,0,0,0,0,0,0,0,0,0,-120000,0,0,0,0,120000,-120000,-120000
066099,大立光中信05購01,0,0,0,0,0,0,0,0,0,-120000,0,0,0,162000,282000,-120000,-120000
066063,南電元大01購04  ,1000,0,1000,0,0,0,0,0,0,-121000,0,0,0,61000,182000,-121000,-120000
067122,眾達國泰03購02  ,0,0,0,0,0,0,0,0,0,-120000,0,0,0,0,120000,-120000,-120000
067059,A50正2元大01購01,0,0,0,0,0,0,0,0,0,-120000,0,0,0,0,120000,-120000,-120000
07319P,台積電凱基01售02,0,0,0,0,0,0,0,0,0,-120000,0,0,0,10000,130000,-120000,-120000
06803P,臺股指群益98售09,0,0,0,0,0,0,0,0,0,-120000,0,0,0,30000,150000,-120000,-120000
067868,欣興元大01購07  ,0,0,0,0,0,0,0,0,0,-120000,0,0,0,18000,138000,-120000,-120000
062359,旺宏元大9C購02  ,0,0,0,0,0,0,0,0,0,-120000,0,0,0,0,120000,-120000,-120000
057555,玉晶光凱基9A購02,0,0,0,0,0,0,0,0,0,-120000,0,0,0,998000,1118000,-120000,-120000
054164,強茂凱基98購01  ,0,0,0,0,0,0,0,0,0,-120000,0,0,0,10000,130000,-120000,-120000
056213,建準國票98購02  ,0,0,0,0,0,0,0,0,0,-120000,0,0,0,52000,172000,-120000,-120000
054811,裕隆元大9A購01  ,0,0,0,0,0,0,0,0,0,-120000,0,0,0,0,120000,-120000,-120000
061463,智邦群益9A購02  ,0,0,0,0,0,0,0,0,0,-120000,0,0,0,2000,122000,-120000,-120000
063325,SP黃豆國票9C購02,0,0,0,0,0,0,0,0,0,-120000,0,0,0,0,120000,-120000,-120000
063244,華新科元大9B購11,0,0,0,0,0,0,0,0,0,-120000,0,0,0,262000,382000,-120000,-120000
064383,SP黃豆富邦01購01,0,0,0,0,0,0,0,0,0,-120000,0,0,0,0,120000,-120000,-120000
064103,大立光群益9C購03,0,0,0,0,0,0,0,0,0,-120000,0,0,0,0,120000,-120000,-120000
064186,燿華永豐9C購01  ,0,0,0,0,0,0,0,0,0,-120000,0,0,0,196000,316000,-120000,-120000
8210,勤誠            ,78000,162000,-84000,0,0,0,0,31000,-31000,-5000,0,0,0,0,5000,-5000,-120000
08515P,鴻海群益9C售06  ,0,0,0,0,0,0,0,0,0,-120000,0,0,0,0,120000,-120000,-120000
08982P,泰碩凱基01售01  ,0,0,0,0,0,0,0,0,0,-120000,0,0,0,0,120000,-120000,-120000
08754P,臺股指群益01售04,0,0,0,0,0,0,0,0,0,-120000,0,0,0,150000,270000,-120000,-120000
067678,大立光元大02購02,0,0,0,0,0,0,0,0,0,-121000,0,0,0,0,121000,-121000,-121000
067460,晶技永豐01購02  ,0,0,0,0,0,0,0,0,0,-121000,0,0,0,11000,132000,-121000,-121000
066935,奇鋐國票02購02  ,0,0,0,0,0,0,0,0,0,-121000,0,0,0,93000,214000,-121000,-121000
066718,滬深2X元大01購05,0,0,0,0,0,0,0,0,0,-121000,0,0,0,121000,242000,-121000,-121000
066342,上緯控永豐01購01,0,0,0,0,0,0,0,0,0,-121000,0,0,0,10000,131000,-121000,-121000
058735,南茂永豐99購01  ,0,0,0,0,0,0,0,0,0,-121000,0,0,0,0,121000,-121000,-121000
064236,奇力新統一01購04,0,0,0,0,0,0,0,0,0,-121000,0,0,0,262000,383000,-121000,-121000
065320,技嘉凱基9C購02  ,0,0,0,0,0,0,0,0,0,-121000,0,0,0,35000,156000,-121000,-121000
066646,聯發科麥證01購03,0,0,0,5000,127000,-122000,0,0,0,-122000,0,0,0,5000,127000,-122000,-122000
066777,群創富邦01購01  ,0,0,0,0,0,0,0,0,0,-122000,0,0,0,0,122000,-122000,-122000
067185,宏達電凱基02購01,0,0,0,0,0,0,0,0,0,-122000,0,0,0,18000,140000,-122000,-122000
07991P,鴻海群益9C售02  ,0,0,0,0,0,0,0,0,0,-122000,0,0,0,0,122000,-122000,-122000
062012,燿華富邦9C購01  ,0,0,0,0,0,0,0,0,0,-122000,0,0,0,593000,715000,-122000,-122000
058421,國泰金麥證01購01,0,0,0,158000,280000,-122000,0,0,0,-122000,0,0,0,158000,280000,-122000,-122000
058794,旺宏元大99購09  ,0,0,0,0,0,0,0,0,0,-122000,0,0,0,34000,156000,-122000,-122000
065444,燿華統一02購02  ,0,0,0,0,0,0,0,0,0,-122000,0,0,0,163000,285000,-122000,-122000
2534,宏盛            ,41000,154000,-113000,0,0,0,0,0,0,-9000,0,9000,-9000,0,0,0,-122000
063481,緯穎元大9B購08  ,0,0,0,0,0,0,0,0,0,-123000,0,0,0,38000,161000,-123000,-123000
062924,世紀鋼元大9C購04,0,0,0,0,0,0,0,0,0,-123000,0,0,0,170000,293000,-123000,-123000
065547,同欣電兆豐01購01,0,0,0,0,0,0,0,0,0,-123000,0,0,0,236000,359000,-123000,-123000
08998P,玉晶光群益02售15,0,0,0,0,0,0,0,0,0,-123000,0,0,0,0,123000,-123000,-123000
2886,兆豐金          ,6077412,7682147,-1604735,0,0,0,2074000,104000,1970000,-489000,211000,57000,154000,0,643000,-643000,-123735
07989P,玉晶光凱基9B售07,0,0,0,0,0,0,0,0,0,-124000,0,0,0,0,124000,-124000,-124000
067368,技嘉統一03購01  ,0,0,0,0,0,0,0,0,0,-124000,0,0,0,40000,164000,-124000,-124000
056994,緯穎兆豐98購02  ,0,0,0,0,0,0,0,0,0,-124000,0,0,0,0,124000,-124000,-124000
062877,可成兆豐9C購01  ,0,0,0,0,0,0,0,0,0,-124000,0,0,0,0,124000,-124000,-124000
061986,晶豪科元大9B購01,0,0,0,0,0,0,0,0,0,-124000,0,0,0,134000,258000,-124000,-124000
060252,緯穎元大9A購02  ,0,0,0,0,0,0,0,0,0,-124000,0,0,0,6000,130000,-124000,-124000
065542,緯穎統一01購05  ,0,0,0,0,0,0,0,0,0,-124000,0,0,0,35000,159000,-124000,-124000
065973,嘉晶元大01購03  ,0,0,0,0,0,0,0,0,0,-124000,0,0,0,334000,458000,-124000,-124000
08471P,日月光凱基9C售02,0,0,0,0,0,0,0,0,0,-124000,0,0,0,0,124000,-124000,-124000
067281,T50反1國票01購05,0,0,0,0,0,0,0,0,0,-125000,0,0,0,231000,356000,-125000,-125000
058046,國巨元大9A購01  ,0,0,0,0,0,0,0,0,0,-125000,0,0,0,0,125000,-125000,-125000
062467,國巨凱基9B購08  ,0,0,0,0,0,0,0,0,0,-125000,0,0,0,10000,135000,-125000,-125000
065872,漢翔群益9C購01  ,0,0,0,0,0,0,0,0,0,-125000,0,0,0,0,125000,-125000,-125000
065173,可成元大9C購10  ,0,0,0,0,0,0,0,0,0,-125000,0,0,0,4000,129000,-125000,-125000
065111,瀚宇博國票01購01,0,40000,-40000,0,0,0,0,0,0,-85000,0,0,0,58000,143000,-85000,-125000
064662,鴻海元大9C購10  ,0,0,0,0,0,0,0,0,0,-125000,0,0,0,5000,130000,-125000,-125000
067738,技嘉元大01購02  ,0,0,0,0,0,0,0,0,0,-126000,0,0,0,3000,129000,-126000,-126000
058445,旺宏富邦9C購01  ,0,0,0,0,0,0,0,0,0,-126000,0,0,0,0,126000,-126000,-126000
060327,美律群益9A購02  ,0,0,0,0,0,0,0,0,0,-126000,0,0,0,4000,130000,-126000,-126000
064551,鈺齊凱基9C購02  ,0,0,0,0,0,0,0,0,0,-126000,0,0,0,110000,236000,-126000,-126000
2101,南港            ,194000,150000,44000,0,0,0,0,0,0,-170000,14000,83000,-69000,34000,135000,-101000,-126000
060513,緯穎元大9B購01  ,0,0,0,0,0,0,0,0,0,-127000,0,0,0,90000,217000,-127000,-127000
062909,大立光元大9C購04,0,0,0,0,0,0,0,0,0,-127000,0,0,0,3000,130000,-127000,-127000
067773,台郡統一02購04  ,0,0,0,0,0,0,0,0,0,-128000,0,0,0,0,128000,-128000,-128000
067444,國巨國票03購01  ,0,0,0,0,0,0,0,0,0,-128000,0,0,0,16000,144000,-128000,-128000
08175P,金像電統一9B售02,0,0,0,0,0,0,0,0,0,-128000,0,0,0,108000,236000,-128000,-128000
066440,南帝群益01購01  ,0,0,0,0,0,0,0,0,0,-128000,0,0,0,0,128000,-128000,-128000
062047,緯穎凱基9B購01  ,0,0,0,0,0,0,0,0,0,-128000,0,0,0,126000,254000,-128000,-128000
061237,晶技元大9A購01  ,0,0,0,0,0,0,0,0,0,-128000,0,0,0,12000,140000,-128000,-128000
060708,康友富邦9B購01  ,0,0,0,0,0,0,0,0,0,-128000,0,0,0,0,128000,-128000,-128000
063372,漢翔永豐9B購01  ,0,0,0,0,0,0,0,0,0,-128000,0,0,0,0,128000,-128000,-128000
066388,力山凱基01購02  ,0,0,0,0,0,0,0,0,0,-129000,0,0,0,237000,366000,-129000,-129000
066239,拓凱富邦02購01  ,0,0,0,0,0,0,0,0,0,-129000,0,0,0,328000,457000,-129000,-129000
067070,友訊元大01購04  ,0,0,0,0,0,0,0,0,0,-129000,0,0,0,189000,318000,-129000,-129000
053723,奇鋐凱基98購01  ,0,0,0,0,0,0,0,0,0,-129000,0,0,0,12000,141000,-129000,-129000
060933,南電永豐9A購02  ,0,0,0,0,0,0,0,0,0,-129000,0,0,0,10000,139000,-129000,-129000
064948,致茂凱基01購01  ,0,0,0,0,0,0,0,0,0,-129000,0,0,0,220000,349000,-129000,-129000
065649,牧德元大03購01  ,0,0,0,0,0,0,0,0,0,-129000,0,0,0,0,129000,-129000,-129000
3038,全台            ,363000,669000,-306000,0,0,0,0,0,0,177000,210000,33000,177000,0,0,0,-129000
6531,愛普            ,409000,539000,-130000,0,0,0,0,0,0,1000,20000,19000,1000,0,0,0,-129000
066166,大毅凱基02購01  ,0,0,0,0,0,0,0,0,0,-130000,0,0,0,153000,283000,-130000,-130000
066369,瀚宇博中信01購01,0,0,0,0,0,0,0,0,0,-130000,0,0,0,69000,199000,-130000,-130000
056763,國巨元大99購02  ,0,0,0,0,0,0,0,0,0,-130000,0,0,0,76000,206000,-130000,-130000
056301,開發金元大9A購01,0,0,0,0,0,0,0,0,0,-130000,0,0,0,0,130000,-130000,-130000
057485,友達元大9C購04  ,0,0,0,0,0,0,0,0,0,-130000,0,0,0,150000,280000,-130000,-130000
059074,元油2X元大9C購15,0,0,0,0,0,0,0,0,0,-130000,0,0,0,824000,954000,-130000,-130000
063379,帆宣永豐9B購01  ,0,0,0,0,0,0,0,0,0,-130000,0,0,0,80000,210000,-130000,-130000
064873,世紀鋼永豐9C購01,0,0,0,0,0,0,0,0,0,-130000,0,0,0,0,130000,-130000,-130000
065295,旭富群益9C購02  ,0,0,0,0,0,0,0,0,0,-130000,0,0,0,50000,180000,-130000,-130000
063917,南六凱基02購01  ,0,0,0,0,0,0,0,0,0,-130000,0,0,0,50000,180000,-130000,-130000
063765,上銀元富9B購09  ,0,0,0,0,0,0,0,0,0,-130000,0,0,0,0,130000,-130000,-130000
08357P,聯發科元大9C售09,0,0,0,0,0,0,0,0,0,-130000,0,0,0,0,130000,-130000,-130000
3008,大立光          ,152237,267212,-114975,0,0,0,0,15000,-15000,-1000,8000,4000,4000,3000,8000,-5000,-130975
067067,國巨元大01購08  ,0,0,0,0,0,0,0,0,0,-131000,0,0,0,73000,204000,-131000,-131000
067299,燿華元大01購03  ,0,0,0,0,0,0,0,0,0,-131000,0,0,0,604000,735000,-131000,-131000
062298,國巨第一9B購01  ,0,0,0,0,0,0,0,0,0,-131000,0,0,0,0,131000,-131000,-131000
061818,富邦金群益9C購01,0,0,0,0,0,0,0,0,0,-131000,0,0,0,48000,179000,-131000,-131000
061006,新光金兆豐9A購01,0,0,0,0,0,0,0,0,0,-131000,0,0,0,69000,200000,-131000,-131000
061344,禾伸堂元大9A購02,0,0,0,0,0,0,0,0,0,-131000,0,0,0,0,131000,-131000,-131000
061360,智邦兆豐9B購02  ,0,0,0,0,0,0,0,0,0,-131000,0,0,0,11000,142000,-131000,-131000
060745,京元電國票9A購01,0,0,0,0,0,0,0,0,0,-131000,0,0,0,176000,307000,-131000,-131000
063669,宏達電統一9C購01,0,0,0,0,0,0,0,0,0,-131000,0,0,0,0,131000,-131000,-131000
064011,嘉晶國票9C購01  ,0,0,0,0,0,0,0,0,0,-131000,0,0,0,118000,249000,-131000,-131000
063939,上銀元大9C購04  ,0,0,0,0,0,0,0,0,0,-131000,0,0,0,0,131000,-131000,-131000
067581,聯電群益03購01  ,0,0,0,0,0,0,0,0,0,-132000,0,0,0,268000,400000,-132000,-132000
067079,聯鈞元大02購01  ,0,0,0,0,0,0,0,0,0,-132000,0,0,0,0,132000,-132000,-132000
058287,國巨國票9A購02  ,0,0,0,0,0,0,0,0,0,-132000,0,0,0,28000,160000,-132000,-132000
057579,長榮航中信9A購01,0,0,0,0,0,0,0,0,0,-132000,0,0,0,10000,142000,-132000,-132000
057554,新日興凱基99購02,0,0,0,0,0,0,0,0,0,-132000,0,0,0,0,132000,-132000,-132000
062665,智易群益9B購01  ,0,0,0,0,0,0,0,0,0,-132000,0,0,0,0,132000,-132000,-132000
061984,華新科元大9B購05,0,0,0,0,0,0,0,0,0,-132000,0,0,0,0,132000,-132000,-132000
060130,瀚宇博永豐99購02,0,0,0,0,0,0,0,0,0,-132000,0,0,0,43000,175000,-132000,-132000
063630,智邦元大9B購09  ,0,0,0,0,0,0,0,0,0,-132000,0,0,0,83000,215000,-132000,-132000
064342,晶技元大9C購01  ,0,0,0,0,0,0,0,0,0,-132000,0,0,0,129000,261000,-132000,-132000
067071,燿華元大01購02  ,0,0,0,0,0,0,0,0,0,-133000,0,0,0,152000,285000,-133000,-133000
067247,瀚宇博群益01購02,0,0,0,0,0,0,0,0,0,-133000,0,0,0,22000,155000,-133000,-133000
066548,燿華元大02購02  ,0,0,0,0,0,0,0,0,0,-133000,0,0,0,152000,285000,-133000,-133000
067790,台表科群益01購03,0,0,0,0,0,0,0,0,0,-133000,0,0,0,3000,136000,-133000,-133000
067300,金像電元大02購02,0,0,0,0,0,0,0,0,0,-133000,0,0,0,25000,158000,-133000,-133000
058119,華新亞東99購01  ,0,0,0,0,0,0,0,0,0,-133000,0,0,0,0,133000,-133000,-133000
058315,TPK富邦9C購01   ,0,0,0,0,0,0,0,0,0,-133000,0,0,0,0,133000,-133000,-133000
057730,聯鈞國泰9A購01  ,0,0,0,0,0,0,0,0,0,-133000,0,0,0,43000,176000,-133000,-133000
063353,上銀元富9B購03  ,0,0,0,0,0,0,0,0,0,-133000,0,0,0,26000,159000,-133000,-133000
062499,鴻海群益01購01  ,0,0,0,0,0,0,0,0,0,-133000,0,0,0,2000,135000,-133000,-133000
061262,智邦凱基9A購02  ,0,0,0,0,0,0,0,0,0,-133000,0,0,0,50000,183000,-133000,-133000
064477,南六國泰02購01  ,0,0,0,0,0,0,0,0,0,-133000,0,0,0,174000,307000,-133000,-133000
066008,大立光統一03購02,0,0,0,0,0,0,0,0,0,-133000,0,0,0,178000,311000,-133000,-133000
2637,慧洋-KY         ,48000,168000,-120000,0,0,0,0,2000,-2000,-11000,0,4000,-4000,0,7000,-7000,-133000
3321,同泰            ,0,133000,-133000,0,0,0,0,0,0,0,0,0,0,0,0,0,-133000
067110,德律群益01購01  ,0,0,0,0,0,0,0,0,0,-134000,0,0,0,0,134000,-134000,-134000
066863,上証2X元富07購01,0,0,0,0,0,0,0,0,0,-134000,0,0,0,1000,135000,-134000,-134000
056109,彩晶永豐98購01  ,0,0,0,0,0,0,0,0,0,-134000,0,0,0,0,134000,-134000,-134000
00766L,台新MSCI中國正2 ,0,0,0,0,0,0,0,0,0,-134000,0,0,0,188000,322000,-134000,-134000
062151,世紀鋼國票01購01,0,0,0,0,0,0,0,0,0,-134000,0,0,0,26000,160000,-134000,-134000
064704,嘉晶國泰01購01  ,0,0,0,0,0,0,0,0,0,-134000,0,0,0,779000,913000,-134000,-134000
066982,嘉晶群益02購01  ,0,0,0,0,0,0,0,0,0,-135000,0,0,0,208000,343000,-135000,-135000
066424,晶技元大01購03  ,0,0,0,0,0,0,0,0,0,-135000,0,0,0,118000,253000,-135000,-135000
067417,力山凱基02購01  ,0,0,0,0,0,0,0,0,0,-135000,0,0,0,226000,361000,-135000,-135000
055271,鴻海元大98購03  ,0,0,0,0,0,0,0,0,0,-135000,0,0,0,0,135000,-135000,-135000
063088,緯穎凱基9B購04  ,0,0,0,0,0,0,0,0,0,-135000,0,0,0,0,135000,-135000,-135000
063667,全新統一01購02  ,0,0,0,0,0,0,0,0,0,-135000,0,0,0,158000,293000,-135000,-135000
064171,燿華元富9C購01  ,0,0,0,0,0,0,0,0,0,-135000,0,0,0,176000,311000,-135000,-135000
065380,緯穎元大9C購02  ,0,0,0,0,0,0,0,0,0,-135000,0,0,0,88000,223000,-135000,-135000
3026,禾伸堂          ,227000,386000,-159000,0,0,0,0,0,0,24000,0,2000,-2000,39000,13000,26000,-135000
08609P,世紀鋼永豐9C售03,0,0,0,0,0,0,0,0,0,-135000,0,0,0,39000,174000,-135000,-135000
055585,國巨元大98購08  ,0,0,0,0,0,0,0,0,0,-136000,0,0,0,0,136000,-136000,-136000
057347,國巨統一9A購03  ,0,0,0,0,0,0,0,0,0,-136000,0,0,0,172000,308000,-136000,-136000
063167,同欣電永豐9B購03,0,0,0,0,0,0,0,0,0,-136000,0,0,0,502000,638000,-136000,-136000
059787,奇力新元大9A購02,0,0,0,0,0,0,0,0,0,-136000,0,0,0,118000,254000,-136000,-136000
060697,鴻海國泰9C購01  ,0,0,0,0,0,0,0,0,0,-136000,0,0,0,0,136000,-136000,-136000
060654,大毅群益9B購01  ,0,0,0,0,0,0,0,0,0,-136000,0,0,0,0,136000,-136000,-136000
065438,緯穎凱基9C購04  ,0,0,0,0,0,0,0,0,0,-136000,0,0,0,20000,156000,-136000,-136000
064179,上銀富邦01購01  ,0,0,0,0,0,0,0,0,0,-136000,0,0,0,59000,195000,-136000,-136000
064672,同欣電元大01購01,5000,0,5000,0,0,0,0,0,0,-141000,0,0,0,251000,392000,-141000,-136000
067766,上銀統一02購02  ,0,0,0,0,0,0,0,0,0,-137000,0,0,0,20000,157000,-137000,-137000
066475,新光金麥證01購01,0,0,0,22000,159000,-137000,0,0,0,-137000,0,0,0,22000,159000,-137000,-137000
066575,緯穎元大01購03  ,0,0,0,0,0,0,0,0,0,-137000,0,0,0,275000,412000,-137000,-137000
066928,台達電國票01購02,0,0,0,0,0,0,0,0,0,-137000,0,0,0,100000,237000,-137000,-137000
066659,燿華凱基03購01  ,0,0,0,0,0,0,0,0,0,-137000,0,0,0,60000,197000,-137000,-137000
058259,訊連國泰9B購01  ,0,0,0,0,0,0,0,0,0,-137000,0,0,0,152000,289000,-137000,-137000
058544,FBVIX富邦9B購01 ,0,0,0,0,0,0,0,0,0,-137000,0,0,0,5000,142000,-137000,-137000
061003,南亞科兆豐9A購01,0,0,0,0,0,0,0,0,0,-137000,0,0,0,25000,162000,-137000,-137000
065526,台表科群益9C購03,0,0,0,0,0,0,0,0,0,-137000,0,0,0,150000,287000,-137000,-137000
064959,巨大凱基9C購02  ,0,0,0,0,0,0,0,0,0,-137000,0,0,0,17000,154000,-137000,-137000
08374P,緯穎凱基9C售01  ,0,0,0,0,0,0,0,0,0,-137000,0,0,0,6000,143000,-137000,-137000
08443P,臺股指麥證01售02,0,0,0,972000,1109000,-137000,0,0,0,-137000,0,0,0,972000,1109000,-137000,-137000
062702,可成元大9C購01  ,0,0,0,0,0,0,0,0,0,-138000,0,0,0,4000,142000,-138000,-138000
063220,建準群益9B購01  ,0,0,0,0,0,0,0,0,0,-138000,0,0,0,60000,198000,-138000,-138000
064310,華新科群益9C購02,0,0,0,0,0,0,0,0,0,-138000,0,0,0,0,138000,-138000,-138000
2547,日勝生          ,35000,169000,-134000,0,0,0,0,0,0,-4000,0,4000,-4000,0,0,0,-138000
066912,盛群凱基01購01  ,0,0,0,0,0,0,0,0,0,-139000,0,0,0,18000,157000,-139000,-139000
066977,鴻海群益02購01  ,0,0,0,0,0,0,0,0,0,-139000,0,0,0,72000,211000,-139000,-139000
066521,A50反1中信03購01,0,0,0,0,0,0,0,0,0,-139000,0,0,0,0,139000,-139000,-139000
066254,南帝元大01購01  ,0,0,0,0,0,0,0,0,0,-139000,0,0,0,53000,192000,-139000,-139000
067806,宏碁凱基02購01  ,0,0,0,0,0,0,0,0,0,-139000,0,0,0,0,139000,-139000,-139000
067736,國巨元大02購04  ,0,0,0,0,0,0,0,0,0,-139000,0,0,0,0,139000,-139000,-139000
064462,致伸統一02購01  ,0,0,0,0,0,0,0,0,0,-139000,0,0,0,35000,174000,-139000,-139000
064350,茂林元大01購01  ,0,0,0,0,0,0,0,0,0,-139000,0,0,0,434000,573000,-139000,-139000
063638,華新科元大9B購14,0,0,0,0,0,0,0,0,0,-139000,0,0,0,51000,190000,-139000,-139000
1723,中碳            ,46000,184000,-138000,0,0,0,0,0,0,-1000,0,1000,-1000,0,0,0,-139000
4967,十銓            ,467000,605000,-138000,0,0,0,0,0,0,-1000,0,1000,-1000,0,0,0,-139000
067516,美利達統一03購04,0,0,0,0,0,0,0,0,0,-140000,0,0,0,167000,307000,-140000,-140000
066161,力山凱基01購01  ,0,0,0,0,0,0,0,0,0,-140000,0,0,0,168000,308000,-140000,-140000
03449B,臺股指元大01熊01,0,0,0,0,0,0,0,0,0,-140000,0,0,0,70000,210000,-140000,-140000
061072,南電凱基9B購01  ,0,0,0,0,0,0,0,0,0,-140000,0,0,0,4000,144000,-140000,-140000
061162,南電群益9A購02  ,0,0,0,0,0,0,0,0,0,-140000,0,0,0,6000,146000,-140000,-140000
063880,可成元富9C購01  ,0,0,0,0,0,0,0,0,0,-140000,0,0,0,80000,220000,-140000,-140000
064413,世紀鋼凱基02購01,0,0,0,0,0,0,0,0,0,-140000,0,0,0,275000,415000,-140000,-140000
064492,技嘉元大9C購01  ,0,0,0,0,0,0,0,0,0,-140000,0,0,0,8000,148000,-140000,-140000
064911,光寶科統一02購01,0,0,0,0,0,0,0,0,0,-140000,0,0,0,0,140000,-140000,-140000
066082,康友國泰03購01  ,0,0,0,0,0,0,0,0,0,-141000,0,0,0,771000,912000,-141000,-141000
067073,國揚元大01購02  ,0,0,0,0,0,0,0,0,0,-141000,0,0,0,163000,304000,-141000,-141000
066927,亞德客國票02購01,0,0,0,0,0,0,0,0,0,-141000,0,0,0,73000,214000,-141000,-141000
066752,南電元大01購06  ,0,0,0,0,0,0,0,0,0,-141000,0,0,0,129000,270000,-141000,-141000
055976,台積電統一99購03,0,0,0,0,0,0,0,0,0,-141000,0,0,0,15000,156000,-141000,-141000
054778,世紀鋼國票99購01,0,0,0,0,0,0,0,0,0,-141000,0,0,0,49000,190000,-141000,-141000
061509,SP黃豆富邦9C購01,0,0,0,0,0,0,0,0,0,-141000,0,0,0,0,141000,-141000,-141000
059539,緯穎凱基99購03  ,0,0,0,0,0,0,0,0,0,-141000,0,0,0,0,141000,-141000,-141000
065179,同欣電元大02購01,0,0,0,0,0,0,0,0,0,-141000,0,0,0,158000,299000,-141000,-141000
08795P,聯發科凱基01售11,0,0,0,0,0,0,0,0,0,-141000,0,0,0,40000,181000,-141000,-141000
065103,南六元大9C購06  ,0,0,0,0,0,0,0,0,0,-142000,0,0,0,134000,276000,-142000,-142000
065515,大立光群益02購01,0,0,0,0,0,0,0,0,0,-142000,0,0,0,13000,155000,-142000,-142000
065866,鴻海群益9C購07  ,0,0,0,0,0,0,0,0,0,-142000,0,0,0,0,142000,-142000,-142000
065845,友達元大9C購12  ,0,0,0,0,0,0,0,0,0,-142000,0,0,0,110000,252000,-142000,-142000
067726,帆宣凱基01購01  ,0,0,0,0,0,0,0,0,0,-143000,0,0,0,0,143000,-143000,-143000
067791,康舒群益01購01  ,0,0,0,0,0,0,0,0,0,-143000,0,0,0,0,143000,-143000,-143000
056554,GIS凱基99購01   ,0,0,0,0,0,0,0,0,0,-143000,0,0,0,228000,371000,-143000,-143000
057626,技嘉富邦9A購01  ,0,0,0,0,0,0,0,0,0,-143000,0,0,0,180000,323000,-143000,-143000
061664,上銀中信9A購01  ,0,0,0,0,0,0,0,0,0,-143000,0,0,0,0,143000,-143000,-143000
065998,友訊國票01購02  ,0,0,0,0,0,0,0,0,0,-143000,0,0,0,0,143000,-143000,-143000
064552,巨大凱基01購01  ,0,0,0,0,0,0,0,0,0,-143000,0,0,0,31000,174000,-143000,-143000
064292,南茂元大01購01  ,0,0,0,0,0,0,0,0,0,-143000,0,0,0,65000,208000,-143000,-143000
07142P,台灣50元大01售01,0,0,0,0,0,0,0,0,0,-144000,0,0,0,25000,169000,-144000,-144000
062119,世紀鋼中信9B購01,0,0,0,0,0,0,0,0,0,-144000,0,0,0,0,144000,-144000,-144000
062489,可成永豐9B購02  ,0,0,0,0,0,0,0,0,0,-144000,0,0,0,0,144000,-144000,-144000
062939,奇力新凱基9B購02,0,0,0,0,0,0,0,0,0,-144000,0,0,0,229000,373000,-144000,-144000
061355,康友元大9A購03  ,0,0,0,0,0,0,0,0,0,-144000,0,0,0,22000,166000,-144000,-144000
059531,華新科凱基9B購02,0,0,0,0,0,0,0,0,0,-144000,0,0,0,60000,204000,-144000,-144000
064429,鴻海凱基03購03  ,0,0,0,0,0,0,0,0,0,-144000,0,0,0,365000,509000,-144000,-144000
063809,矽創兆豐01購01  ,0,0,0,0,0,0,0,0,0,-144000,0,0,0,102000,246000,-144000,-144000
065968,國巨元大02購01  ,0,0,0,0,0,0,0,0,0,-144000,0,0,0,0,144000,-144000,-144000
065713,緯穎群益9C購04  ,0,0,0,0,0,0,0,0,0,-144000,0,0,0,18000,162000,-144000,-144000
3060,銘異            ,226000,370000,-144000,0,0,0,0,0,0,0,0,0,0,0,0,0,-144000
08131P,立積元大9B售02  ,0,0,0,0,0,0,0,0,0,-145000,0,0,0,0,145000,-145000,-145000
065530,亞德客統一9C購02,0,0,0,0,0,0,0,0,0,-145000,0,0,0,136000,281000,-145000,-145000
064369,彩晶統一01購01  ,0,0,0,0,0,0,0,0,0,-145000,0,0,0,944000,1089000,-145000,-145000
067192,矽格凱基01購03  ,0,0,0,0,0,0,0,0,0,-146000,0,0,0,45000,191000,-146000,-146000
059526,鴻海凱基99購12  ,0,0,0,0,0,0,0,0,0,-146000,0,0,0,0,146000,-146000,-146000
065424,華新凱基02購01  ,0,0,0,0,0,0,0,0,0,-146000,0,0,0,111000,257000,-146000,-146000
8163,達方            ,98000,160000,-62000,0,0,0,0,0,0,-84000,0,3000,-3000,19000,100000,-81000,-146000
066104,鎧勝國票02購01  ,0,0,0,0,0,0,0,0,0,-147000,0,0,0,147000,294000,-147000,-147000
067792,GIS群益02購02   ,0,0,0,0,0,0,0,0,0,-147000,0,0,0,264000,411000,-147000,-147000
067771,新光金統一03購01,0,0,0,0,0,0,0,0,0,-147000,0,0,0,0,147000,-147000,-147000
054169,上緯控凱基98購01,0,0,0,0,0,0,0,0,0,-147000,0,0,0,60000,207000,-147000,-147000
064953,嘉晶凱基9C購02  ,0,0,0,0,0,0,0,0,0,-147000,0,0,0,304000,451000,-147000,-147000
064237,奇鋐統一01購01  ,0,0,0,0,0,0,0,0,0,-147000,0,0,0,849000,996000,-147000,-147000
064097,友訊群益9C購01  ,0,0,0,0,0,0,0,0,0,-147000,0,0,0,0,147000,-147000,-147000
1604,聲寶            ,107000,274000,-167000,0,0,0,0,0,0,20000,20000,0,20000,0,0,0,-147000
067843,聯發科元富07購05,0,0,0,0,0,0,0,0,0,-148000,0,0,0,0,148000,-148000,-148000
067597,國巨凱基02購06  ,0,0,0,0,0,0,0,0,0,-148000,0,0,0,6000,154000,-148000,-148000
066635,敦泰凱基01購01  ,0,0,0,0,0,0,0,0,0,-148000,0,0,0,33000,181000,-148000,-148000
057633,緯穎永豐98購02  ,0,0,0,0,0,0,0,0,0,-148000,0,0,0,33000,181000,-148000,-148000
058342,鴻海群益9A購01  ,0,0,0,0,0,0,0,0,0,-148000,0,0,0,0,148000,-148000,-148000
063208,鈺齊統一9C購01  ,0,0,0,0,0,0,0,0,0,-148000,0,0,0,50000,198000,-148000,-148000
062607,美食凱基9B購01  ,0,0,0,0,0,0,0,0,0,-148000,0,0,0,5000,153000,-148000,-148000
062161,南六凱基9C購01  ,0,0,0,0,0,0,0,0,0,-148000,0,0,0,58000,206000,-148000,-148000
062922,南六元大9B購03  ,0,0,0,0,0,0,0,0,0,-148000,0,0,0,57000,205000,-148000,-148000
064649,同欣電凱基01購01,0,0,0,0,0,0,0,0,0,-148000,0,0,0,115000,263000,-148000,-148000
07579P,聯茂元大9A售01  ,0,0,0,0,0,0,0,0,0,-149000,0,0,0,0,149000,-149000,-149000
062100,矽格永豐9B購01  ,0,0,0,0,0,0,0,0,0,-149000,0,0,0,63000,212000,-149000,-149000
062405,泰鼎永豐9B購02  ,0,0,0,0,0,0,0,0,0,-149000,0,0,0,60000,209000,-149000,-149000
060411,達新永豐9A購01  ,0,0,0,0,0,0,0,0,0,-149000,0,0,0,0,149000,-149000,-149000
061918,上銀凱基9B購02  ,0,0,0,0,0,0,0,0,0,-149000,0,0,0,1000,150000,-149000,-149000
061747,南亞科統一01購01,0,0,0,0,0,0,0,0,0,-149000,0,0,0,15000,164000,-149000,-149000
08545P,南電國泰01售02  ,0,0,0,0,0,0,0,0,0,-149000,0,0,0,27000,176000,-149000,-149000
07500P,微星元大9A售01  ,0,0,0,0,0,0,0,0,0,-150000,0,0,0,0,150000,-150000,-150000
08152P,祥碩統一9B售02  ,0,0,0,0,0,0,0,0,0,-150000,0,0,0,100000,250000,-150000,-150000
067631,上銀永豐01購01  ,0,0,0,0,0,0,0,0,0,-150000,0,0,0,9000,159000,-150000,-150000
067546,世紀鋼群益01購05,0,0,0,0,0,0,0,0,0,-150000,0,0,0,0,150000,-150000,-150000
067321,南六元大01購05  ,0,0,0,0,0,0,0,0,0,-150000,0,0,0,7000,157000,-150000,-150000
066831,亞光群益01購01  ,0,0,0,0,0,0,0,0,0,-150000,0,0,0,244000,394000,-150000,-150000
053413,台積電國票99購01,0,0,0,0,0,0,0,0,0,-150000,0,0,0,0,150000,-150000,-150000
057060,緯穎元大98購05  ,0,0,0,0,0,0,0,0,0,-150000,0,0,0,45000,195000,-150000,-150000
061036,晶技永豐9A購03  ,0,0,0,0,0,0,0,0,0,-150000,0,0,0,29000,179000,-150000,-150000
060629,鴻海富邦9B購01  ,0,0,0,0,0,0,0,0,0,-150000,0,0,0,0,150000,-150000,-150000
064987,勤誠元大9C購02  ,0,0,0,0,0,0,0,0,0,-150000,0,0,0,0,150000,-150000,-150000
065760,和碩元大9C購02  ,0,0,0,0,0,0,0,0,0,-150000,0,0,0,50000,200000,-150000,-150000
1517,利奇            ,214000,364000,-150000,0,0,0,0,0,0,0,0,0,0,0,0,0,-150000
066904,台積電凱基02購10,0,0,0,0,0,0,0,0,0,-151000,0,0,0,120000,271000,-151000,-151000
066648,可成麥證01購01  ,0,0,0,0,151000,-151000,0,0,0,-151000,0,0,0,0,151000,-151000,-151000
066592,大立光群益01購06,0,0,0,0,0,0,0,0,0,-151000,0,0,0,0,151000,-151000,-151000
067468,鴻海元大01購17  ,0,0,0,0,0,0,0,0,0,-151000,0,0,0,0,151000,-151000,-151000
067592,信錦凱基01購01  ,0,0,0,0,0,0,0,0,0,-151000,0,0,0,0,151000,-151000,-151000
057163,上銀元大98購04  ,0,0,0,0,0,0,0,0,0,-151000,0,0,0,0,151000,-151000,-151000
043442,大立光台新01購01,0,0,0,0,0,0,0,0,0,-151000,0,0,0,0,151000,-151000,-151000
062996,致茂國票9C購01  ,0,0,0,0,0,0,0,0,0,-151000,0,0,0,115000,266000,-151000,-151000
060922,金像電永豐9A購01,0,0,0,0,0,0,0,0,0,-151000,0,0,0,71000,222000,-151000,-151000
059833,緯穎康和99購01  ,0,0,0,0,0,0,0,0,0,-151000,0,0,0,4000,155000,-151000,-151000
065840,國巨元大03購01  ,0,0,0,0,0,0,0,0,0,-151000,0,0,0,4000,155000,-151000,-151000
066036,神隆元大02購01  ,0,0,0,0,0,0,0,0,0,-151000,0,0,0,26000,177000,-151000,-151000
064856,GIS國泰02購01   ,0,0,0,0,0,0,0,0,0,-151000,0,0,0,741000,892000,-151000,-151000
066225,松翰國泰03購01  ,0,0,0,0,0,0,0,0,0,-152000,0,0,0,0,152000,-152000,-152000
066284,松翰元大01購01  ,0,0,0,0,0,0,0,0,0,-152000,0,0,0,54000,206000,-152000,-152000
064579,大立光富邦03購02,0,0,0,0,0,0,0,0,0,-152000,0,0,0,30000,182000,-152000,-152000
066108,惠特國票02購02  ,0,0,0,0,0,0,0,0,0,-153000,0,0,0,103000,256000,-153000,-153000
059563,鴻海凱基9A購14  ,0,0,0,0,0,0,0,0,0,-153000,0,0,0,0,153000,-153000,-153000
062986,T50反1中信02購01,0,0,0,0,0,0,0,0,0,-153000,0,0,0,150000,303000,-153000,-153000
061613,南六統一9C購01  ,0,0,0,0,0,0,0,0,0,-153000,0,0,0,196000,349000,-153000,-153000
065382,緯穎元大9C購04  ,0,0,0,0,0,0,0,0,0,-153000,0,0,0,84000,237000,-153000,-153000
066389,南港凱基01購01  ,0,0,0,0,0,0,0,0,0,-154000,0,0,0,26000,180000,-154000,-154000
067560,聯詠國票02購01  ,0,0,0,0,0,0,0,0,0,-154000,0,0,0,0,154000,-154000,-154000
058335,鴻海元富99購06  ,0,0,0,0,0,0,0,0,0,-154000,0,0,0,0,154000,-154000,-154000
062033,瀚宇博群益9B購01,0,0,0,0,0,0,0,0,0,-154000,0,0,0,56000,210000,-154000,-154000
057609,友訊元富98購01  ,0,0,0,0,0,0,0,0,0,-154000,0,0,0,10000,164000,-154000,-154000
062476,神隆國票9B購01  ,0,0,0,0,0,0,0,0,0,-154000,0,0,0,124000,278000,-154000,-154000
063034,致茂凱基9B購01  ,0,0,0,0,0,0,0,0,0,-154000,0,0,0,77000,231000,-154000,-154000
061245,晶技群益9A購01  ,0,0,0,0,0,0,0,0,0,-154000,0,0,0,45000,199000,-154000,-154000
063291,緯穎元大01購01  ,0,0,0,0,0,0,0,0,0,-154000,0,0,0,2000,156000,-154000,-154000
065264,亞光元大9C購02  ,0,0,0,0,0,0,0,0,0,-154000,0,0,0,184000,338000,-154000,-154000
065011,智邦國泰02購01  ,0,0,0,0,0,0,0,0,0,-154000,0,0,0,75000,229000,-154000,-154000
064216,矽格凱基01購01  ,0,0,0,0,0,0,0,0,0,-154000,0,0,0,47000,201000,-154000,-154000
07076P,鴻海凱基9A售08  ,0,0,0,0,0,0,0,0,0,-155000,0,0,0,0,155000,-155000,-155000
062236,信邦凱基9B購01  ,0,0,0,0,0,0,0,0,0,-155000,0,0,0,75000,230000,-155000,-155000
057041,國巨元大99購04  ,80000,0,80000,0,0,0,0,0,0,-235000,0,0,0,5000,240000,-235000,-155000
064647,致伸凱基9C購01  ,0,0,0,0,0,0,0,0,0,-155000,0,0,0,0,155000,-155000,-155000
064092,世紀鋼凱基9C購03,0,0,0,0,0,0,0,0,0,-155000,0,0,0,7000,162000,-155000,-155000
065303,國泰金元富9C購01,0,0,0,0,0,0,0,0,0,-155000,0,0,0,47000,202000,-155000,-155000
065522,旭富群益9C購03  ,0,0,0,0,0,0,0,0,0,-155000,0,0,0,0,155000,-155000,-155000
07707P,玉山金元大9A售03,0,0,0,0,0,0,0,0,0,-156000,0,0,0,0,156000,-156000,-156000
067053,申豐凱基02購01  ,0,0,0,0,0,0,0,0,0,-156000,0,0,0,6000,162000,-156000,-156000
03688C,T50反1凱基03牛02,0,0,0,0,0,0,0,0,0,-156000,0,0,0,159000,315000,-156000,-156000
063335,道瓊銀統一9C購01,0,0,0,0,0,0,0,0,0,-156000,0,0,0,0,156000,-156000,-156000
063230,緯穎群益9B購02  ,0,0,0,0,0,0,0,0,0,-156000,0,0,0,78000,234000,-156000,-156000
063155,緯穎元富9B購03  ,0,0,0,0,0,0,0,0,0,-156000,0,0,0,0,156000,-156000,-156000
059624,鴻海凱基01購01  ,0,0,0,0,0,0,0,0,0,-156000,0,0,0,0,156000,-156000,-156000
065938,文曄群益01購01  ,0,0,0,0,0,0,0,0,0,-156000,0,0,0,30000,186000,-156000,-156000
063742,道瓊指國票9C購01,0,0,0,0,0,0,0,0,0,-156000,0,0,0,0,156000,-156000,-156000
1215,卜蜂            ,39000,194000,-155000,0,0,0,0,0,0,-1000,0,1000,-1000,0,0,0,-156000
066556,和鑫元大01購01  ,0,0,0,0,0,0,0,0,0,-157000,0,0,0,8000,165000,-157000,-157000
07754P,日月光元大9A售02,0,0,0,0,0,0,0,0,0,-157000,0,0,0,0,157000,-157000,-157000
061261,台積電凱基9B購03,0,0,0,0,0,0,0,0,0,-157000,0,0,0,5000,162000,-157000,-157000
062649,緯穎富邦9B購03  ,0,0,0,0,0,0,0,0,0,-157000,0,0,0,3000,160000,-157000,-157000
060855,華新科富邦01購01,0,0,0,0,0,0,0,0,0,-157000,0,0,0,320000,477000,-157000,-157000
065737,南茂凱基9C購02  ,0,0,0,0,0,0,0,0,0,-157000,0,0,0,118000,275000,-157000,-157000
057103,禾伸堂中信9A購01,0,0,0,0,0,0,0,0,0,-158000,0,0,0,30000,188000,-158000,-158000
057575,世紀鋼永豐98購02,0,0,0,0,0,0,0,0,0,-158000,0,0,0,105000,263000,-158000,-158000
066022,鴻海群益01購07  ,0,0,0,0,0,0,0,0,0,-158000,0,0,0,0,158000,-158000,-158000
065825,鴻海凱基02購02  ,0,0,0,0,0,0,0,0,0,-158000,0,0,0,138000,296000,-158000,-158000
064933,矽創統一01購01  ,0,0,0,0,0,0,0,0,0,-158000,0,0,0,166000,324000,-158000,-158000
063926,南亞科統一03購01,0,0,0,0,0,0,0,0,0,-158000,0,0,0,142000,300000,-158000,-158000
063963,鴻海國票01購01  ,0,0,0,0,0,0,0,0,0,-158000,0,0,0,0,158000,-158000,-158000
08105P,景碩元大9B售01  ,0,0,0,0,0,0,0,0,0,-159000,0,0,0,1000,160000,-159000,-159000
066830,國揚群益01購01  ,0,0,0,0,0,0,0,0,0,-159000,0,0,0,77000,236000,-159000,-159000
062289,緯穎群益9B購01  ,0,0,0,0,0,0,0,0,0,-159000,0,0,0,30000,189000,-159000,-159000
057110,立積群益98購01  ,0,0,0,0,0,0,0,0,0,-159000,0,0,0,0,159000,-159000,-159000
060303,宏達電富邦9B購01,0,0,0,0,0,0,0,0,0,-159000,0,0,0,30000,189000,-159000,-159000
063682,達新永豐9B購01  ,0,0,0,0,0,0,0,0,0,-159000,0,0,0,0,159000,-159000,-159000
064877,可成兆豐9C購02  ,0,0,0,0,0,0,0,0,0,-159000,0,0,0,0,159000,-159000,-159000
065729,聯詠凱基9C購04  ,0,0,0,0,0,0,0,0,0,-159000,0,0,0,109000,268000,-159000,-159000
065704,華新科群益9C購05,0,0,0,0,0,0,0,0,0,-159000,0,0,0,0,159000,-159000,-159000
07459P,緯穎元大9A售01  ,0,0,0,0,0,0,0,0,0,-160000,0,0,0,20000,180000,-160000,-160000
053799,矽創中信9A購01  ,0,0,0,0,0,0,0,0,0,-160000,0,0,0,99000,259000,-160000,-160000
065696,旺宏群益9C購06  ,0,0,0,0,0,0,0,0,0,-160000,0,0,0,0,160000,-160000,-160000
065080,燿華元大01購01  ,0,0,0,0,0,0,0,0,0,-160000,0,0,0,115000,275000,-160000,-160000
063691,聯鈞永豐9B購01  ,0,0,0,0,0,0,0,0,0,-160000,0,0,0,0,160000,-160000,-160000
064232,鴻海統一01購04  ,0,0,0,0,0,0,0,0,0,-160000,0,0,0,350000,510000,-160000,-160000
064460,健策統一9C購03  ,0,0,0,0,0,0,0,0,0,-160000,0,0,0,378000,538000,-160000,-160000
067685,瀚宇博元大01購03,0,0,0,0,0,0,0,0,0,-161000,0,0,0,280000,441000,-161000,-161000
067774,同欣電統一02購01,0,0,0,0,0,0,0,0,0,-161000,0,0,0,0,161000,-161000,-161000
059660,華新科元大9A購04,0,0,0,0,0,0,0,0,0,-161000,0,0,0,76000,237000,-161000,-161000
061660,禾伸堂永豐9A購01,0,0,0,0,0,0,0,0,0,-161000,0,0,0,10000,171000,-161000,-161000
064290,GIS元大9C購04   ,0,0,0,0,0,0,0,0,0,-161000,0,0,0,283000,444000,-161000,-161000
067647,鴻海元富07購09  ,0,0,0,0,0,0,0,0,0,-162000,0,0,0,0,162000,-162000,-162000
07225P,台積電元大99售33,0,0,0,0,0,0,0,0,0,-162000,0,0,0,0,162000,-162000,-162000
057636,上銀元大98購06  ,0,0,0,0,0,0,0,0,0,-162000,0,0,0,0,162000,-162000,-162000
064833,新光金統一02購01,0,0,0,0,0,0,0,0,0,-162000,0,0,0,114000,276000,-162000,-162000
065512,友訊群益01購01  ,0,0,0,0,0,0,0,0,0,-162000,0,0,0,45000,207000,-162000,-162000
067174,嘉澤兆豐01購01  ,0,0,0,0,0,0,0,0,0,-163000,0,0,0,0,163000,-163000,-163000
066156,建準康和01購01  ,0,0,0,0,0,0,0,0,0,-163000,0,0,0,140000,303000,-163000,-163000
059292,華新科元富9B購02,0,0,0,0,0,0,0,0,0,-163000,0,0,0,128000,291000,-163000,-163000
059635,華新科凱基9A購06,0,0,0,0,0,0,0,0,0,-163000,0,0,0,203000,366000,-163000,-163000
061799,奇鋐永豐9B購01  ,0,0,0,0,0,0,0,0,0,-163000,0,0,0,274000,437000,-163000,-163000
065712,緯穎群益9C購03  ,0,0,0,0,0,0,0,0,0,-163000,0,0,0,138000,301000,-163000,-163000
067624,微星富邦04購01  ,0,0,0,0,0,0,0,0,0,-164000,0,0,0,163000,327000,-164000,-164000
067586,奇鋐群益01購02  ,0,0,0,0,0,0,0,0,0,-164000,0,0,0,14000,178000,-164000,-164000
00757,統一FANG+       ,0,0,0,0,0,0,0,0,0,-164000,0,0,0,203000,367000,-164000,-164000
061681,南電元大9A購08  ,0,0,0,0,0,0,0,0,0,-164000,0,0,0,100000,264000,-164000,-164000
061378,南六永豐9A購03  ,0,0,0,0,0,0,0,0,0,-164000,0,0,0,40000,204000,-164000,-164000
065482,立積元大01購02  ,0,0,0,0,0,0,0,0,0,-164000,0,0,0,31000,195000,-164000,-164000
064831,宏達電統一02購01,0,0,0,0,0,0,0,0,0,-164000,0,0,0,54000,218000,-164000,-164000
064673,南茂元大9C購01  ,0,0,0,0,0,0,0,0,0,-164000,0,0,0,80000,244000,-164000,-164000
063680,寶成富邦9C購01  ,0,0,0,0,0,0,0,0,0,-164000,0,0,0,84000,248000,-164000,-164000
08069P,大立光國泰01售02,0,0,0,0,0,0,0,0,0,-165000,0,0,0,0,165000,-165000,-165000
066263,華碩元大02購01  ,0,0,0,0,0,0,0,0,0,-165000,0,0,0,99000,264000,-165000,-165000
067016,康控富邦04購01  ,0,0,0,0,0,0,0,0,0,-165000,0,0,0,0,165000,-165000,-165000
061782,智邦群益9B購01  ,0,0,0,0,0,0,0,0,0,-166000,0,0,0,2000,168000,-166000,-166000
065553,聯詠凱基9C購03  ,0,0,0,0,0,0,0,0,0,-166000,0,0,0,56000,222000,-166000,-166000
2636,台驊投控        ,14000,181000,-167000,0,0,0,0,0,0,1000,1000,0,1000,0,0,0,-166000
067108,大毅群益01購01  ,0,0,0,0,0,0,0,0,0,-167000,0,0,0,140000,307000,-167000,-167000
057000,亞德客國票99購01,0,0,0,0,0,0,0,0,0,-167000,0,0,0,0,167000,-167000,-167000
059480,美律群益9A購01  ,0,0,0,0,0,0,0,0,0,-167000,0,0,0,0,167000,-167000,-167000
061957,上銀統一01購01  ,0,0,0,0,0,0,0,0,0,-167000,0,0,0,130000,297000,-167000,-167000
062454,華通群益9C購03  ,0,0,0,0,0,0,0,0,0,-167000,0,0,0,44000,211000,-167000,-167000
065386,華通兆豐9C購02  ,0,0,0,0,0,0,0,0,0,-167000,0,0,0,146000,313000,-167000,-167000
064718,友達統一02購01  ,0,0,0,0,0,0,0,0,0,-167000,0,0,0,13000,180000,-167000,-167000
064812,旭富元大9C購04  ,0,0,0,0,0,0,0,0,0,-167000,0,0,0,0,167000,-167000,-167000
064409,彩晶凱基04購01  ,0,0,0,0,0,0,0,0,0,-167000,0,0,0,18000,185000,-167000,-167000
057112,立積群益99購01  ,0,0,0,0,0,0,0,0,0,-168000,0,0,0,26000,194000,-168000,-168000
062004,國巨國泰9C購03  ,0,0,0,0,0,0,0,0,0,-168000,0,0,0,6000,174000,-168000,-168000
062708,立積元大9B購01  ,0,0,0,0,0,0,0,0,0,-168000,0,0,0,40000,208000,-168000,-168000
063539,世紀鋼統一9B購02,0,0,0,0,0,0,0,0,0,-168000,0,0,0,91000,259000,-168000,-168000
065569,智邦群益01購01  ,0,0,0,0,0,0,0,0,0,-168000,0,0,0,60000,228000,-168000,-168000
066893,技嘉兆豐01購02  ,0,0,0,0,0,0,0,0,0,-169000,0,0,0,222000,391000,-169000,-169000
047482,新光金凱基99購03,0,0,0,0,0,0,0,0,0,-169000,0,0,0,0,169000,-169000,-169000
058801,致伸元大99購01  ,0,0,0,0,0,0,0,0,0,-169000,0,0,0,14000,183000,-169000,-169000
065565,神隆群益01購01  ,0,0,0,0,0,0,0,0,0,-169000,0,0,0,106000,275000,-169000,-169000
066665,聯詠凱基02購01  ,0,0,0,0,0,0,0,0,0,-170000,0,0,0,291000,461000,-170000,-170000
066712,台灣50元大01購20,0,0,0,0,0,0,0,0,0,-170000,0,0,0,52000,222000,-170000,-170000
067106,義隆群益01購01  ,0,0,0,0,0,0,0,0,0,-170000,0,0,0,26000,196000,-170000,-170000
067430,中工凱基05購01  ,0,0,0,0,0,0,0,0,0,-170000,0,0,0,90000,260000,-170000,-170000
063209,巨大統一01購01  ,0,0,0,0,0,0,0,0,0,-170000,0,0,0,2000,172000,-170000,-170000
060911,大毅元大9A購01  ,0,0,0,0,0,0,0,0,0,-170000,0,0,0,18000,188000,-170000,-170000
062824,國巨群益9C購03  ,0,0,0,0,0,0,0,0,0,-170000,0,0,0,35000,205000,-170000,-170000
060937,T50反1國票9A購10,0,0,0,0,0,0,0,0,0,-170000,0,0,0,0,170000,-170000,-170000
065507,亞德客群益01購02,0,0,0,0,0,0,0,0,0,-170000,0,0,0,70000,240000,-170000,-170000
064678,嘉晶兆豐01購01  ,0,0,0,0,0,0,0,0,0,-170000,0,0,0,149000,319000,-170000,-170000
08302P,長榮航國泰02售01,0,0,0,0,0,0,0,0,0,-170000,0,0,0,71000,241000,-170000,-170000
067682,上緯控元大01購02,0,0,0,0,0,0,0,0,0,-171000,0,0,0,0,171000,-171000,-171000
067046,聯發科凱基04購01,0,0,0,0,0,0,0,0,0,-171000,0,0,0,23000,194000,-171000,-171000
055022,精元國泰99購01  ,0,0,0,0,0,0,0,0,0,-171000,0,0,0,36000,207000,-171000,-171000
061197,矽創永豐9A購02  ,0,0,0,0,0,0,0,0,0,-171000,0,0,0,58000,229000,-171000,-171000
060360,南亞科元富9A購02,0,0,0,0,0,0,0,0,0,-171000,0,0,0,24000,195000,-171000,-171000
063360,茂林國泰9C購02  ,0,0,0,0,0,0,0,0,0,-171000,0,0,0,69000,240000,-171000,-171000
064067,美律永豐9C購01  ,0,0,0,0,0,0,0,0,0,-171000,0,0,0,4000,175000,-171000,-171000
08788P,A50正2元富01售03,0,0,0,0,0,0,0,0,0,-171000,0,0,0,0,171000,-171000,-171000
066615,長榮航康和01購01,0,0,0,0,0,0,0,0,0,-172000,0,0,0,28000,200000,-172000,-172000
058274,世紀鋼永豐99購01,0,0,0,0,0,0,0,0,0,-172000,0,0,0,45000,217000,-172000,-172000
066283,鎧勝元大01購02  ,8000,0,8000,0,0,0,0,0,0,-181000,0,0,0,296000,477000,-181000,-173000
06690P,玉晶光群益9A售05,0,0,0,0,0,0,0,0,0,-173000,0,0,0,444000,617000,-173000,-173000
07617P,聯發科中信9C售04,0,0,0,0,0,0,0,0,0,-173000,0,0,0,0,173000,-173000,-173000
063527,美食凱基01購01  ,0,0,0,0,0,0,0,0,0,-173000,0,0,0,0,173000,-173000,-173000
064625,健策元大01購02  ,0,0,0,0,0,0,0,0,0,-173000,0,0,0,133000,306000,-173000,-173000
065812,寶成群益9C購02  ,0,0,0,0,0,0,0,0,0,-173000,0,0,0,0,173000,-173000,-173000
065374,義隆元大9C購07  ,0,0,0,0,0,0,0,0,0,-173000,0,0,0,163000,336000,-173000,-173000
065081,金像電元大9C購05,0,0,0,0,0,0,0,0,0,-173000,0,0,0,246000,419000,-173000,-173000
08011P,玉晶光元大9B售05,0,0,0,0,0,0,0,0,0,-174000,0,0,0,40000,214000,-174000,-174000
067633,致茂永豐01購02  ,0,0,0,0,0,0,0,0,0,-174000,0,0,0,143000,317000,-174000,-174000
067427,奇力新凱基01購01,0,0,0,0,0,0,0,0,0,-174000,0,0,0,246000,420000,-174000,-174000
066627,大毅凱基03購01  ,0,0,0,0,0,0,0,0,0,-174000,0,0,0,169000,343000,-174000,-174000
058712,鴻海統一9B購03  ,0,0,0,0,0,0,0,0,0,-174000,0,0,0,0,174000,-174000,-174000
048105,滬深2X群益99購02,0,0,0,0,0,0,0,0,0,-174000,0,0,0,19000,193000,-174000,-174000
062451,瀚宇博元大9B購02,0,0,0,0,0,0,0,0,0,-174000,0,0,0,0,174000,-174000,-174000
064498,可成元大01購03  ,0,0,0,0,0,0,0,0,0,-174000,0,0,0,13000,187000,-174000,-174000
08831P,台積電群益01售11,0,0,0,0,0,0,0,0,0,-174000,0,0,0,195000,369000,-174000,-174000
08983P,玉晶光凱基01售06,0,0,0,0,0,0,0,0,0,-174000,0,0,0,0,174000,-174000,-174000
066559,聯鈞元大01購03  ,0,0,0,0,0,0,0,0,0,-175000,0,0,0,105000,280000,-175000,-175000
067419,鴻海凱基02購06  ,0,0,0,0,0,0,0,0,0,-175000,0,0,0,110000,285000,-175000,-175000
067296,A50正2元大01購03,0,0,0,0,0,0,0,0,0,-175000,0,0,0,0,175000,-175000,-175000
057729,華新科國泰99購04,0,0,0,0,0,0,0,0,0,-175000,0,0,0,0,175000,-175000,-175000
064297,台郡國票01購01  ,0,0,0,0,0,0,0,0,0,-175000,0,0,0,15000,190000,-175000,-175000
063837,亞德客元大01購01,0,0,0,0,0,0,0,0,0,-175000,0,0,0,10000,185000,-175000,-175000
065089,大立光元大9C購23,0,0,0,0,0,0,0,0,0,-175000,0,0,0,50000,225000,-175000,-175000
08660P,台灣50麥證9C售02,0,0,0,0,175000,-175000,0,0,0,-175000,0,0,0,0,175000,-175000,-175000
9955,佳龍            ,169000,345000,-176000,0,0,0,0,0,0,1000,1000,0,1000,0,0,0,-175000
062621,緯穎元大9B購05  ,0,0,0,0,0,0,0,0,0,-176000,0,0,0,0,176000,-176000,-176000
060423,智易永豐9A購01  ,0,0,0,0,0,0,0,0,0,-176000,0,0,0,0,176000,-176000,-176000
059849,興勤永豐99購01  ,0,0,0,0,0,0,0,0,0,-176000,0,0,0,55000,231000,-176000,-176000
065480,旭富元大9C購06  ,0,0,0,0,0,0,0,0,0,-176000,0,0,0,50000,226000,-176000,-176000
065367,技嘉元大01購01  ,0,0,0,0,0,0,0,0,0,-177000,0,0,0,27000,204000,-177000,-177000
1416,廣豐            ,357000,564000,-207000,0,0,0,0,0,0,30000,31000,1000,30000,0,0,0,-177000
08521P,台達電元大9C售03,0,0,0,0,0,0,0,0,0,-178000,0,0,0,0,178000,-178000,-178000
066664,嘉晶凱基02購01  ,0,0,0,0,0,0,0,0,0,-179000,0,0,0,169000,348000,-179000,-179000
058296,明泰凱基99購01  ,0,0,0,0,0,0,0,0,0,-179000,0,0,0,0,179000,-179000,-179000
055890,鴻海統一99購01  ,0,0,0,0,0,0,0,0,0,-179000,0,0,0,0,179000,-179000,-179000
061767,信邦元大9B購01  ,0,0,0,0,0,0,0,0,0,-179000,0,0,0,96000,275000,-179000,-179000
08529P,臻鼎元大9C售03  ,0,0,0,0,0,0,0,0,0,-179000,0,0,0,0,179000,-179000,-179000
066163,友訊凱基01購01  ,0,0,0,0,0,0,0,0,0,-180000,0,0,0,29000,209000,-180000,-180000
066191,惠特凱基01購02  ,0,0,0,0,0,0,0,0,0,-180000,0,0,0,55000,235000,-180000,-180000
067463,T50反1元大01購04,0,0,0,0,0,0,0,0,0,-180000,0,0,0,170000,350000,-180000,-180000
057836,南亞科國泰9A購01,0,0,0,0,0,0,0,0,0,-180000,0,0,0,0,180000,-180000,-180000
057393,台積電中信02購01,0,0,0,0,0,0,0,0,0,-180000,0,0,0,19000,199000,-180000,-180000
062970,智邦元富9B購01  ,0,0,0,0,0,0,0,0,0,-180000,0,0,0,20000,200000,-180000,-180000
063903,國巨麥證01購01  ,0,0,0,120000,300000,-180000,0,0,0,-180000,0,0,0,120000,300000,-180000,-180000
08882P,上証2X國票02售02,0,0,0,0,0,0,0,0,0,-180000,0,0,0,0,180000,-180000,-180000
067131,為升永豐01購01  ,0,0,0,0,0,0,0,0,0,-181000,0,0,0,30000,211000,-181000,-181000
061212,聯鈞元大9A購04  ,0,0,0,0,0,0,0,0,0,-181000,0,0,0,41000,222000,-181000,-181000
063247,信邦元大9B購02  ,0,0,0,0,0,0,0,0,0,-181000,0,0,0,140000,321000,-181000,-181000
08991P,玉晶光元大01售06,0,0,0,0,0,0,0,0,0,-181000,0,0,0,0,181000,-181000,-181000
08093P,英業達元富9B售02,0,0,0,0,0,0,0,0,0,-182000,0,0,0,61000,243000,-182000,-182000
056465,臺股指凱基99購07,0,0,0,0,0,0,0,0,0,-182000,0,0,0,2000,184000,-182000,-182000
060387,盛群凱基9A購01  ,0,0,0,0,0,0,0,0,0,-182000,0,0,0,80000,262000,-182000,-182000
08842P,京鼎凱基01售03  ,0,0,0,0,0,0,0,0,0,-182000,0,0,0,70000,252000,-182000,-182000
6235,華孚            ,95000,277000,-182000,0,0,0,0,0,0,0,0,0,0,0,0,0,-182000
08112P,臺股指中信01售07,0,0,0,0,0,0,0,0,0,-183000,0,0,0,61000,244000,-183000,-183000
067601,金像電凱基01購04,0,0,0,0,0,0,0,0,0,-183000,0,0,0,42000,225000,-183000,-183000
056481,創意元大98購01  ,0,0,0,0,0,0,0,0,0,-183000,0,0,0,110000,293000,-183000,-183000
064228,同欣電國票01購01,0,0,0,0,0,0,0,0,0,-183000,0,0,0,21000,204000,-183000,-183000
064557,鴻海群益9C購04  ,0,0,0,0,0,0,0,0,0,-183000,0,0,0,0,183000,-183000,-183000
063876,華新元富9C購01  ,0,0,0,0,0,0,0,0,0,-184000,0,0,0,70000,254000,-184000,-184000
065534,台光電統一9C購02,0,0,0,0,0,0,0,0,0,-184000,0,0,0,148000,332000,-184000,-184000
067663,神隆元大01購03  ,0,0,0,0,0,0,0,0,0,-185000,0,0,0,59000,244000,-185000,-185000
07825P,健策國泰9B售04  ,0,0,0,0,0,0,0,0,0,-185000,0,0,0,218000,403000,-185000,-185000
063415,台積電凱基03購01,0,0,0,0,0,0,0,0,0,-185000,0,0,0,0,185000,-185000,-185000
061850,國巨國票9C購02  ,0,0,0,0,0,0,0,0,0,-185000,0,0,0,0,185000,-185000,-185000
061831,智邦凱基9B購02  ,0,0,0,0,0,0,0,0,0,-185000,0,0,0,0,185000,-185000,-185000
06461P,玉晶光國泰9A售01,0,0,0,0,0,0,0,0,0,-185000,0,0,0,5000,190000,-185000,-185000
067193,台表科凱基03購02,0,0,0,0,0,0,0,0,0,-186000,0,0,0,72000,258000,-186000,-186000
067039,生達凱基01購01  ,0,0,0,0,0,0,0,0,0,-186000,0,0,0,0,186000,-186000,-186000
066539,晶技兆豐01購02  ,0,0,0,0,0,0,0,0,0,-186000,0,0,0,129000,315000,-186000,-186000
062678,華通統一9C購04  ,0,0,0,0,0,0,0,0,0,-186000,0,0,0,248000,434000,-186000,-186000
061348,聯鈞元大9A購05  ,0,0,0,0,0,0,0,0,0,-186000,0,0,0,101000,287000,-186000,-186000
065502,康友富邦03購01  ,0,0,0,0,0,0,0,0,0,-186000,0,0,0,54000,240000,-186000,-186000
058711,鴻海統一9A購02  ,0,0,0,0,0,0,0,0,0,-187000,0,0,0,6000,193000,-187000,-187000
062811,鴻海兆豐9B購01  ,0,0,0,0,0,0,0,0,0,-187000,0,0,0,20000,207000,-187000,-187000
061063,國巨凱基9A購14  ,0,0,0,0,0,0,0,0,0,-187000,0,0,0,10000,197000,-187000,-187000
063476,台表科元大9C購03,0,0,0,0,0,0,0,0,0,-187000,0,0,0,0,187000,-187000,-187000
066000,奇鋐國票02購01  ,0,0,0,0,0,0,0,0,0,-187000,0,0,0,39000,226000,-187000,-187000
2615,萬海            ,95000,261000,-166000,0,0,0,0,0,0,-21000,1000,22000,-21000,0,0,0,-187000
066376,聯詠兆豐01購01  ,0,0,0,0,0,0,0,0,0,-189000,0,0,0,17000,206000,-189000,-189000
067375,大立光統一03購03,0,0,0,0,0,0,0,0,0,-189000,0,0,0,11000,200000,-189000,-189000
058122,美律國票9A購01  ,0,0,0,0,0,0,0,0,0,-189000,0,0,0,0,189000,-189000,-189000
065670,華新科凱基01購02,0,0,0,0,0,0,0,0,0,-189000,0,0,0,61000,250000,-189000,-189000
064848,金像電元富9C購02,0,0,0,0,0,0,0,0,0,-189000,0,0,0,85000,274000,-189000,-189000
067331,友訊凱基01購02  ,0,0,0,0,0,0,0,0,0,-190000,0,0,0,83000,273000,-190000,-190000
08078P,聯發科國票9B售04,0,0,0,0,0,0,0,0,0,-190000,0,0,0,10000,200000,-190000,-190000
066372,惠特中信01購01  ,0,0,0,0,0,0,0,0,0,-190000,0,0,0,11000,201000,-190000,-190000
066609,國巨麥證01購04  ,0,0,0,110000,400000,-290000,0,0,0,-190000,0,0,0,210000,400000,-190000,-190000
062794,鴻海統一9C購15  ,8000,0,8000,0,0,0,0,0,0,-198000,0,0,0,105000,303000,-198000,-190000
062872,華通兆豐9C購01  ,0,0,0,0,0,0,0,0,0,-190000,0,0,0,0,190000,-190000,-190000
062907,可成元大9C購03  ,0,0,0,0,0,0,0,0,0,-190000,0,0,0,0,190000,-190000,-190000
061476,大毅元大9A購02  ,0,0,0,0,0,0,0,0,0,-190000,0,0,0,10000,200000,-190000,-190000
064935,寶成統一02購02  ,0,0,0,0,0,0,0,0,0,-190000,0,0,0,87000,277000,-190000,-190000
064511,GIS元大9C購05   ,1000,0,1000,0,0,0,0,0,0,-191000,0,0,0,523000,714000,-191000,-190000
08595P,南電群益9C售03  ,0,0,0,0,0,0,0,0,0,-190000,0,0,0,0,190000,-190000,-190000
08310P,南電凱基9C售01  ,0,0,0,0,0,0,0,0,0,-190000,0,0,0,0,190000,-190000,-190000
066681,聯發科兆豐01購04,0,0,0,0,0,0,0,0,0,-191000,0,0,0,147000,338000,-191000,-191000
067330,台達電凱基02購01,0,0,0,0,0,0,0,0,0,-191000,0,0,0,17000,208000,-191000,-191000
058832,立積永豐99購01  ,0,0,0,0,0,0,0,0,0,-191000,0,0,0,17000,208000,-191000,-191000
060641,聯鈞永豐9A購01  ,0,0,0,0,0,0,0,0,0,-191000,0,0,0,0,191000,-191000,-191000
07644P,南電凱基9A售03  ,0,0,0,0,0,0,0,0,0,-192000,0,0,0,0,192000,-192000,-192000
07103P,南電元大99售04  ,0,0,0,0,0,0,0,0,0,-192000,0,0,0,25000,217000,-192000,-192000
066150,國巨麥證01購02  ,0,0,0,268000,566000,-298000,0,0,0,-192000,0,0,0,374000,566000,-192000,-192000
061741,新光金凱基9B購01,0,0,0,0,0,0,0,0,0,-192000,0,0,0,8000,200000,-192000,-192000
064065,大立光富邦02購02,0,0,0,0,0,0,0,0,0,-192000,0,0,0,0,192000,-192000,-192000
08799P,台積電元大01售19,0,0,0,0,0,0,0,0,0,-192000,0,0,0,3635000,3827000,-192000,-192000
067118,上緯控群益01購01,0,0,0,0,0,0,0,0,0,-193000,0,0,0,79000,272000,-193000,-193000
060249,正文元大9C購01  ,0,0,0,0,0,0,0,0,0,-193000,0,0,0,104000,297000,-193000,-193000
058082,美律群益98購05  ,0,0,0,0,0,0,0,0,0,-194000,0,0,0,0,194000,-194000,-194000
060913,宏達電元大9A購03,0,0,0,0,0,0,0,0,0,-194000,0,0,0,0,194000,-194000,-194000
063420,奇力新凱基9B購03,0,0,0,0,0,0,0,0,0,-194000,0,0,0,98000,292000,-194000,-194000
2489,瑞軒            ,291000,489000,-198000,0,0,0,0,0,0,4000,26000,22000,4000,0,0,0,-194000
067163,眾達國票02購01  ,0,0,0,0,0,0,0,0,0,-195000,0,0,0,35000,230000,-195000,-195000
067090,南六元大01購04  ,0,0,0,0,0,0,0,0,0,-195000,0,0,0,5000,200000,-195000,-195000
066594,聯詠群益01購01  ,0,0,0,0,0,0,0,0,0,-195000,0,0,0,106000,301000,-195000,-195000
067388,聯發科元富07購03,0,0,0,0,0,0,0,0,0,-195000,0,0,0,66000,261000,-195000,-195000
057102,亞光中信9A購01  ,0,0,0,0,0,0,0,0,0,-195000,0,0,0,3000,198000,-195000,-195000
061034,晶豪科永豐9A購01,0,0,0,0,0,0,0,0,0,-195000,0,0,0,37000,232000,-195000,-195000
065361,上銀元大9C購11  ,0,0,0,0,0,0,0,0,0,-195000,0,0,0,65000,260000,-195000,-195000
065251,宏達電國泰02購01,0,0,0,0,0,0,0,0,0,-195000,0,0,0,111000,306000,-195000,-195000
067471,台積電元大01購26,0,0,0,0,0,0,0,0,0,-196000,0,0,0,187000,383000,-196000,-196000
067668,金像電元大01購02,0,0,0,0,0,0,0,0,0,-196000,0,0,0,158000,354000,-196000,-196000
066269,宏達電元大01購03,0,0,0,0,0,0,0,0,0,-196000,0,0,0,68000,264000,-196000,-196000
062352,南六群益9B購02  ,0,0,0,0,0,0,0,0,0,-196000,0,0,0,12000,208000,-196000,-196000
065620,金融類元大9C購03,0,0,0,0,0,0,0,0,0,-196000,0,0,0,4000,200000,-196000,-196000
066533,南茂元富01購01  ,0,0,0,0,0,0,0,0,0,-197000,0,0,0,1000,198000,-197000,-197000
066753,聯鈞國泰03購01  ,0,0,0,0,0,0,0,0,0,-197000,0,0,0,0,197000,-197000,-197000
066885,牧德永豐01購02  ,0,0,0,0,0,0,0,0,0,-197000,0,0,0,136000,333000,-197000,-197000
058742,鴻海康和99購01  ,0,0,0,0,0,0,0,0,0,-197000,0,0,0,1000,198000,-197000,-197000
060769,國巨麥證9A購02  ,0,0,0,112000,309000,-197000,0,0,0,-197000,0,0,0,112000,309000,-197000,-197000
065274,南茂元大9C購03  ,0,0,0,0,0,0,0,0,0,-197000,0,0,0,60000,257000,-197000,-197000
065003,燿華國票01購01  ,0,0,0,0,0,0,0,0,0,-197000,0,0,0,60000,257000,-197000,-197000
063916,瀚宇博凱基01購01,0,0,0,0,0,0,0,0,0,-197000,0,0,0,102000,299000,-197000,-197000
064333,義隆元大9C購02  ,0,0,0,0,0,0,0,0,0,-197000,0,0,0,32000,229000,-197000,-197000
08676P,泰碩群益04售01  ,0,0,0,0,0,0,0,0,0,-197000,0,0,0,0,197000,-197000,-197000
8271,宇瞻            ,170000,367000,-197000,0,0,0,0,0,0,0,1000,1000,0,0,0,0,-197000
067128,華城永豐01購02  ,0,0,0,0,0,0,0,0,0,-198000,0,0,0,15000,213000,-198000,-198000
065904,群創富邦02購01  ,0,0,0,0,0,0,0,0,0,-198000,0,0,0,131000,329000,-198000,-198000
067097,為升群益01購01  ,0,0,0,0,0,0,0,0,0,-199000,0,0,0,31000,230000,-199000,-199000
060133,牧德群益9B購01  ,0,0,0,0,0,0,0,0,0,-199000,0,0,0,0,199000,-199000,-199000
05995P,T50正2中信9C售01,0,0,0,0,0,0,0,0,0,-199000,0,0,0,90000,289000,-199000,-199000
065074,亞德客元大9C購03,0,0,0,0,0,0,0,0,0,-199000,0,0,0,19000,218000,-199000,-199000
064430,鴻海凱基03購04  ,0,0,0,0,0,0,0,0,0,-199000,0,0,0,528000,727000,-199000,-199000
067200,深中小元大03購01,0,0,0,0,0,0,0,0,0,-200000,0,0,0,207000,407000,-200000,-200000
066738,聯鈞元大01購05  ,0,0,0,0,0,0,0,0,0,-200000,0,0,0,0,200000,-200000,-200000
067739,微星元大01購07  ,0,0,0,0,0,0,0,0,0,-200000,0,0,0,11000,211000,-200000,-200000
056995,華新科日盛99購01,0,0,0,0,0,0,0,0,0,-200000,0,0,0,0,200000,-200000,-200000
057346,鴻海統一98購13  ,0,0,0,0,0,0,0,0,0,-200000,0,0,0,30000,230000,-200000,-200000
057493,聯詠元大98購02  ,0,0,0,0,0,0,0,0,0,-200000,0,0,0,2000,202000,-200000,-200000
059815,SP黃豆凱基9A購03,0,0,0,0,0,0,0,0,0,-200000,0,0,0,0,200000,-200000,-200000
061048,國巨中信9A購05  ,0,0,0,0,0,0,0,0,0,-200000,0,0,0,40000,240000,-200000,-200000
061582,麗豐元大9A購01  ,0,0,0,0,0,0,0,0,0,-200000,0,0,0,0,200000,-200000,-200000
061105,宏達電元大9A購04,0,0,0,0,0,0,0,0,0,-200000,0,0,0,75000,275000,-200000,-200000
061173,T50反1凱基04購01,0,0,0,0,0,0,0,0,0,-200000,0,0,0,0,200000,-200000,-200000
060859,鴻海永豐9A購01  ,0,0,0,0,0,0,0,0,0,-200000,0,0,0,0,200000,-200000,-200000
062528,全新統一9C購01  ,0,0,0,0,0,0,0,0,0,-200000,0,0,0,200000,400000,-200000,-200000
064028,大毅元大01購01  ,0,0,0,0,0,0,0,0,0,-200000,0,0,0,60000,260000,-200000,-200000
06577P,聯發科日盛9A售02,0,0,0,0,0,0,0,0,0,-200000,0,0,0,0,200000,-200000,-200000
08778P,台積電群益01售09,0,0,0,0,0,0,0,0,0,-200000,0,0,0,1000,201000,-200000,-200000
062615,亞德客元大9B購02,0,0,0,0,0,0,0,0,0,-201000,0,0,0,6000,207000,-201000,-201000
062707,致伸元大9B購01  ,0,0,0,0,0,0,0,0,0,-201000,0,0,0,110000,311000,-201000,-201000
067438,緯穎凱基01購03  ,0,0,0,0,0,0,0,0,0,-202000,0,0,0,97000,299000,-202000,-202000
066043,美律元大01購01  ,0,0,0,0,0,0,0,0,0,-202000,0,0,0,226000,428000,-202000,-202000
067669,金像電元大02購03,0,0,0,0,0,0,0,0,0,-203000,0,0,0,64000,267000,-203000,-203000
067615,鈺齊凱基01購01  ,0,0,0,0,0,0,0,0,0,-203000,0,0,0,72000,275000,-203000,-203000
067585,大毅群益01購02  ,0,0,0,0,0,0,0,0,0,-203000,0,0,0,40000,243000,-203000,-203000
062404,新唐永豐9B購01  ,0,0,0,0,0,0,0,0,0,-203000,0,0,0,201000,404000,-203000,-203000
062923,緯穎元大9B購06  ,0,0,0,0,0,0,0,0,0,-204000,0,0,0,0,204000,-204000,-204000
065490,國巨國泰02購02  ,0,0,0,0,0,0,0,0,0,-204000,0,0,0,309000,513000,-204000,-204000
064023,智邦元大9C購02  ,0,0,0,0,0,0,0,0,0,-204000,0,0,0,42000,246000,-204000,-204000
2331,精英            ,89000,303000,-214000,0,0,0,0,0,0,10000,12000,2000,10000,0,0,0,-204000
2882A,國泰特          ,10000,0,10000,0,0,0,0,18000,-18000,-196000,3000,199000,-196000,0,0,0,-204000
067895,玉晶光群益02購09,0,0,0,0,0,0,0,0,0,-205000,0,0,0,0,205000,-205000,-205000
067563,上緯控國票02購01,0,0,0,0,0,0,0,0,0,-205000,0,0,0,110000,315000,-205000,-205000
067030,南電兆豐03購01  ,0,0,0,0,0,0,0,0,0,-205000,0,0,0,4000,209000,-205000,-205000
058161,T50反1日盛03購01,0,0,0,0,0,0,0,0,0,-205000,0,0,0,0,205000,-205000,-205000
060435,鈺齊永豐9A購01  ,0,0,0,0,0,0,0,0,0,-205000,0,0,0,23000,228000,-205000,-205000
060920,超眾富邦9B購01  ,0,0,0,0,0,0,0,0,0,-205000,0,0,0,117000,322000,-205000,-205000
060816,世紀鋼凱基9C購02,0,0,0,0,0,0,0,0,0,-205000,0,0,0,0,205000,-205000,-205000
059955,美食康和99購01  ,0,0,0,0,0,0,0,0,0,-205000,0,0,0,53000,258000,-205000,-205000
065257,友訊元大01購01  ,0,0,0,0,0,0,0,0,0,-205000,0,0,0,25000,230000,-205000,-205000
066750,緯穎元大01購04  ,0,0,0,0,0,0,0,0,0,-206000,0,0,0,41000,247000,-206000,-206000
066941,滬深2X元大03購01,0,0,0,0,0,0,0,0,0,-206000,0,0,0,5000,211000,-206000,-206000
066510,堤維西永豐01購01,0,0,0,0,0,0,0,0,0,-206000,0,0,0,7000,213000,-206000,-206000
060735,鴻海統一9C購03  ,0,0,0,0,0,0,0,0,0,-206000,0,0,0,5000,211000,-206000,-206000
063056,嘉澤統一9C購02  ,0,0,0,0,0,0,0,0,0,-206000,0,0,0,119000,325000,-206000,-206000
064359,華通統一9C購05  ,0,0,0,0,0,0,0,0,0,-206000,0,0,0,188000,394000,-206000,-206000
066394,建準凱基01購01  ,0,0,0,0,0,0,0,0,0,-207000,0,0,0,120000,327000,-207000,-207000
066852,矽格元大01購03  ,0,0,0,0,0,0,0,0,0,-207000,0,0,0,480000,687000,-207000,-207000
067183,友訊凱基02購01  ,0,0,0,0,0,0,0,0,0,-207000,0,0,0,12000,219000,-207000,-207000
057450,國泰金元富98購01,0,0,0,0,0,0,0,0,0,-207000,0,0,0,0,207000,-207000,-207000
061659,信邦永豐9A購01  ,0,0,0,0,0,0,0,0,0,-207000,0,0,0,115000,322000,-207000,-207000
064451,技嘉統一01購02  ,0,0,0,0,0,0,0,0,0,-207000,0,0,0,126000,333000,-207000,-207000
061488,奇力新兆豐9A購01,0,0,0,0,0,0,0,0,0,-208000,0,0,0,94000,302000,-208000,-208000
065492,台灣50富邦03購02,0,0,0,0,0,0,0,0,0,-208000,0,0,0,388000,596000,-208000,-208000
065983,亞德客國泰03購01,0,0,0,0,0,0,0,0,0,-208000,0,0,0,192000,400000,-208000,-208000
066216,南電統一03購01  ,0,0,0,0,0,0,0,0,0,-209000,0,0,0,279000,488000,-209000,-209000
065994,南六永豐01購01  ,0,0,0,0,0,0,0,0,0,-209000,0,0,0,4000,213000,-209000,-209000
065798,華通群益01購03  ,0,0,0,0,0,0,0,0,0,-209000,0,0,0,57000,266000,-209000,-209000
065150,上銀群益9C購03  ,0,0,0,0,0,0,0,0,0,-209000,0,0,0,0,209000,-209000,-209000
066270,國揚元大01購01  ,0,0,0,0,0,0,0,0,0,-210000,0,0,0,122000,332000,-210000,-210000
066088,漢翔永豐01購01  ,0,0,0,0,0,0,0,0,0,-210000,0,0,0,0,210000,-210000,-210000
066374,臺股指中信04購01,0,0,0,0,0,0,0,0,0,-210000,0,0,0,10000,220000,-210000,-210000
06716P,台積電元大9A售02,0,0,0,0,0,0,0,0,0,-210000,0,0,0,30000,240000,-210000,-210000
066792,T50反1凱基01購03,0,0,0,0,0,0,0,0,0,-210000,0,0,0,8000,218000,-210000,-210000
067885,台積電群益02購02,0,0,0,0,0,0,0,0,0,-210000,0,0,0,0,210000,-210000,-210000
067815,玉晶光凱基01購04,0,0,0,0,0,0,0,0,0,-210000,0,0,0,0,210000,-210000,-210000
08080P,祥碩國票9B售03  ,0,0,0,0,0,0,0,0,0,-210000,0,0,0,40000,250000,-210000,-210000
057926,帆宣凱基98購02  ,0,0,0,0,0,0,0,0,0,-210000,0,0,0,40000,250000,-210000,-210000
061943,上銀群益9B購02  ,0,0,0,0,0,0,0,0,0,-211000,0,0,0,0,211000,-211000,-211000
065312,日月光國票01購01,0,0,0,0,0,0,0,0,0,-211000,0,0,0,205000,416000,-211000,-211000
3209,全科            ,126000,337000,-211000,0,0,0,0,0,0,0,0,0,0,0,0,0,-211000
058149,百和元大99購02  ,0,0,0,0,0,0,0,0,0,-212000,0,0,0,0,212000,-212000,-212000
058887,元石油元大9C購04,0,0,0,0,0,0,0,0,0,-212000,0,0,0,0,212000,-212000,-212000
061117,美律國泰9C購01  ,0,0,0,0,0,0,0,0,0,-212000,0,0,0,0,212000,-212000,-212000
060598,鴻海凱基9A購20  ,0,0,0,0,0,0,0,0,0,-212000,0,0,0,0,212000,-212000,-212000
064989,鈺齊元大01購01  ,0,0,0,0,0,0,0,0,0,-212000,0,0,0,162000,374000,-212000,-212000
067152,義隆統一02購03  ,0,0,0,0,0,0,0,0,0,-213000,0,0,0,224000,437000,-213000,-213000
066055,聯鈞元大01購01  ,0,0,0,0,0,0,0,0,0,-213000,0,0,0,0,213000,-213000,-213000
057578,可成中信99購01  ,0,0,0,0,0,0,0,0,0,-213000,0,0,0,80000,293000,-213000,-213000
062605,上銀凱基9B購03  ,0,0,0,0,0,0,0,0,0,-213000,0,0,0,0,213000,-213000,-213000
064867,華新科永豐9C購03,0,0,0,0,0,0,0,0,0,-213000,0,0,0,563000,776000,-213000,-213000
2501,國建            ,26000,135000,-109000,0,0,0,0,0,0,-104000,0,104000,-104000,0,0,0,-213000
067639,奇力新統一01購06,0,0,0,0,0,0,0,0,0,-214000,0,0,0,309000,523000,-214000,-214000
058312,大毅國泰9B購01  ,0,0,0,0,0,0,0,0,0,-214000,0,0,0,49000,263000,-214000,-214000
065431,大立光凱基02購02,0,0,0,0,0,0,0,0,0,-214000,0,0,0,14000,228000,-214000,-214000
063993,華通群益01購01  ,0,0,0,0,0,0,0,0,0,-214000,0,0,0,10000,224000,-214000,-214000
1773,勝一            ,35000,249000,-214000,0,0,0,0,0,0,0,0,0,0,0,0,0,-214000
067707,奇力新元富04購01,0,0,0,0,0,0,0,0,0,-215000,0,0,0,0,215000,-215000,-215000
067556,義隆國票02購02  ,0,0,0,0,0,0,0,0,0,-215000,0,0,0,25000,240000,-215000,-215000
07974P,上証2X元大9B售02,0,0,0,0,0,0,0,0,0,-215000,0,0,0,300000,515000,-215000,-215000
066778,緯穎富邦03購01  ,0,0,0,0,0,0,0,0,0,-215000,0,0,0,32000,247000,-215000,-215000
063665,南亞科統一01購02,0,0,0,0,0,0,0,0,0,-215000,0,0,0,364000,579000,-215000,-215000
3532,台勝科          ,80000,142000,-62000,0,0,0,0,0,0,-153000,0,7000,-7000,4000,150000,-146000,-215000
067401,嘉澤永豐01購02  ,0,0,0,0,0,0,0,0,0,-216000,0,0,0,0,216000,-216000,-216000
056911,緯穎元大99購01  ,0,0,0,0,0,0,0,0,0,-216000,0,0,0,33000,249000,-216000,-216000
060821,SP黃豆元大9A購02,0,0,0,0,0,0,0,0,0,-216000,0,0,0,0,216000,-216000,-216000
064423,義隆兆豐9C購02  ,0,0,0,0,0,0,0,0,0,-216000,0,0,0,19000,235000,-216000,-216000
08597P,聯發科元大9C售18,4000,0,4000,0,0,0,0,0,0,-220000,0,0,0,105000,325000,-220000,-216000
066850,鎧勝元大01購03  ,0,0,0,0,0,0,0,0,0,-217000,0,0,0,212000,429000,-217000,-217000
061680,崇越元大9A購01  ,0,0,0,0,0,0,0,0,0,-217000,0,0,0,48000,265000,-217000,-217000
066315,南帝永豐01購01  ,0,0,0,0,0,0,0,0,0,-218000,0,0,0,85000,303000,-218000,-218000
058692,華邦電國票9B購01,0,0,0,0,0,0,0,0,0,-218000,0,0,0,10000,228000,-218000,-218000
061574,大毅元大9B購01  ,0,0,0,0,0,0,0,0,0,-218000,0,0,0,53000,271000,-218000,-218000
064412,緯穎凱基01購01  ,0,0,0,0,0,0,0,0,0,-218000,0,0,0,78000,296000,-218000,-218000
067048,聯詠凱基02購02  ,0,0,0,0,0,0,0,0,0,-219000,0,0,0,60000,279000,-219000,-219000
058645,康控富邦01購01  ,0,0,0,0,0,0,0,0,0,-219000,0,0,0,50000,269000,-219000,-219000
00634R,富邦上証反1     ,424000,234000,190000,0,0,0,0,0,0,-409000,0,0,0,1375000,1784000,-409000,-219000
060367,緯穎元富9A購02  ,0,0,0,0,0,0,0,0,0,-219000,0,0,0,98000,317000,-219000,-219000
062974,奇力新元富9B購01,0,0,0,0,0,0,0,0,0,-219000,0,0,0,364000,583000,-219000,-219000
063852,瀚宇博元大9C購01,0,0,0,0,0,0,0,0,0,-219000,0,0,0,266000,485000,-219000,-219000
064111,國巨國票02購02  ,0,0,0,0,0,0,0,0,0,-219000,0,0,0,61000,280000,-219000,-219000
065054,百和凱基02購01  ,0,0,0,0,0,0,0,0,0,-219000,0,0,0,65000,284000,-219000,-219000
2912,統一超          ,455009,716379,-261370,0,0,0,0,4000,-4000,46000,52000,6000,46000,0,0,0,-219370
06933P,禾伸堂元大98售03,0,0,0,0,0,0,0,0,0,-220000,0,0,0,30000,250000,-220000,-220000
07818P,台積電國票9C售01,0,0,0,0,0,0,0,0,0,-220000,0,0,0,0,220000,-220000,-220000
058333,鴻海元富99購04  ,0,0,0,0,0,0,0,0,0,-220000,0,0,0,0,220000,-220000,-220000
062305,遠東新凱基9B購01,0,0,0,0,0,0,0,0,0,-220000,0,0,0,20000,240000,-220000,-220000
064944,亞德客凱基9C購03,0,0,0,0,0,0,0,0,0,-220000,0,0,0,20000,240000,-220000,-220000
065955,健鼎統一01購03  ,0,0,0,0,0,0,0,0,0,-220000,0,0,0,5000,225000,-220000,-220000
064079,英業達中信9C購01,0,0,0,0,0,0,0,0,0,-220000,0,0,0,50000,270000,-220000,-220000
064329,國巨元大01購03  ,0,0,0,0,0,0,0,0,0,-220000,0,0,0,30000,250000,-220000,-220000
064751,亞德客凱基9C購02,0,0,0,0,0,0,0,0,0,-220000,0,0,0,16000,236000,-220000,-220000
07961P,滬深2X中信01售02,0,0,0,0,0,0,0,0,0,-221000,0,0,0,0,221000,-221000,-221000
067168,國巨麥證01購05  ,0,0,0,129000,457000,-328000,0,0,0,-221000,0,0,0,236000,457000,-221000,-221000
064572,同欣電群益9C購02,20000,0,20000,0,0,0,0,0,0,-241000,0,0,0,153000,394000,-241000,-221000
063572,麗豐元大9B購01  ,0,0,0,0,0,0,0,0,0,-221000,0,0,0,101000,322000,-221000,-221000
067672,聯發科元大01購21,0,0,0,0,0,0,0,0,0,-222000,0,0,0,241000,463000,-222000,-222000
067750,鈺齊元大02購01  ,0,0,0,0,0,0,0,0,0,-222000,0,0,0,49000,271000,-222000,-222000
062983,緯穎元富9B購01  ,0,0,0,0,0,0,0,0,0,-222000,0,0,0,72000,294000,-222000,-222000
060719,瀚宇博永豐9A購01,0,0,0,0,0,0,0,0,0,-222000,0,0,0,53000,275000,-222000,-222000
064395,華新科永豐9C購02,0,0,0,0,0,0,0,0,0,-222000,0,0,0,0,222000,-222000,-222000
064932,緯穎統一01購04  ,0,0,0,0,0,0,0,0,0,-222000,0,0,0,43000,265000,-222000,-222000
067665,台達電元大01購04,0,0,0,0,0,0,0,0,0,-223000,0,0,0,34000,257000,-223000,-223000
067610,上緯控凱基02購01,0,0,0,0,0,0,0,0,0,-223000,0,0,0,19000,242000,-223000,-223000
066282,鎧勝元大01購01  ,0,0,0,0,0,0,0,0,0,-223000,0,0,0,297000,520000,-223000,-223000
066338,德律永豐01購01  ,0,0,0,0,0,0,0,0,0,-223000,0,0,0,27000,250000,-223000,-223000
059096,百和元大99購04  ,0,0,0,0,0,0,0,0,0,-223000,0,0,0,0,223000,-223000,-223000
065549,智邦凱基9C購03  ,0,0,0,0,0,0,0,0,0,-223000,0,0,0,0,223000,-223000,-223000
063283,華新科元大9C購03,0,0,0,0,0,0,0,0,0,-224000,0,0,0,207000,431000,-224000,-224000
061075,亞德客兆豐9A購01,0,0,0,0,0,0,0,0,0,-224000,0,0,0,25000,249000,-224000,-224000
063698,上銀群益9B購05  ,0,0,0,0,0,0,0,0,0,-224000,0,0,0,4000,228000,-224000,-224000
066096,友訊中信05購02  ,0,0,0,0,0,0,0,0,0,-225000,0,0,0,48000,273000,-225000,-225000
067418,中化凱基01購01  ,0,0,0,0,0,0,0,0,0,-225000,0,0,0,15000,240000,-225000,-225000
07593P,臺股指凱基9A售08,0,0,0,0,0,0,0,0,0,-225000,0,0,0,0,225000,-225000,-225000
07300P,臺股指元大9A售33,0,0,0,0,0,0,0,0,0,-225000,0,0,0,0,225000,-225000,-225000
057447,智邦元富02購01  ,0,0,0,0,0,0,0,0,0,-225000,0,0,0,60000,285000,-225000,-225000
062046,矽格凱基9B購01  ,0,0,0,0,0,0,0,0,0,-225000,0,0,0,50000,275000,-225000,-225000
061742,奇鋐凱基9B購01  ,0,0,0,0,0,0,0,0,0,-225000,0,0,0,283000,508000,-225000,-225000
060468,聯鈞元大9A購02  ,0,0,0,0,0,0,0,0,0,-225000,0,0,0,0,225000,-225000,-225000
064840,彩晶統一02購01  ,0,0,0,0,0,0,0,0,0,-225000,0,0,0,1331000,1556000,-225000,-225000
00642U,元大S&P石油     ,98201,2000,96201,0,0,0,0,0,0,-322000,0,0,0,21000,343000,-322000,-225799
065381,緯穎元大9C購03  ,0,0,0,0,0,0,0,0,0,-226000,0,0,0,0,226000,-226000,-226000
067548,亞德客中信03購01,0,0,0,0,0,0,0,0,0,-227000,0,0,0,51000,278000,-227000,-227000
062002,鴻海國泰01購01  ,0,0,0,0,0,0,0,0,0,-227000,0,0,0,0,227000,-227000,-227000
062363,燿華元大9B購03  ,0,0,0,0,0,0,0,0,0,-227000,0,0,0,131000,358000,-227000,-227000
065888,鴻海統一03購01  ,0,0,0,0,0,0,0,0,0,-227000,0,0,0,0,227000,-227000,-227000
2455,全新            ,161000,347000,-186000,0,0,0,0,0,0,-41000,16000,24000,-8000,24000,57000,-33000,-227000
066091,南電永豐01購01  ,0,0,0,0,0,0,0,0,0,-228000,0,0,0,15000,243000,-228000,-228000
066274,景碩元大01購02  ,0,0,0,0,0,0,0,0,0,-228000,0,0,0,268000,496000,-228000,-228000
057437,可成國票99購01  ,0,0,0,0,0,0,0,0,0,-228000,0,0,0,0,228000,-228000,-228000
061363,儒鴻國票9B購01  ,0,0,0,0,0,0,0,0,0,-228000,0,0,0,22000,250000,-228000,-228000
063735,華新科元大9B購15,0,0,0,0,0,0,0,0,0,-228000,0,0,0,62000,290000,-228000,-228000
1734,杏輝            ,0,105000,-105000,0,0,0,0,0,0,-123000,0,0,0,0,123000,-123000,-228000
08898P,台積電群益01售15,0,0,0,0,0,0,0,0,0,-228000,0,0,0,5000,233000,-228000,-228000
6214,精誠            ,107000,180000,-73000,0,0,0,0,0,0,-155000,0,155000,-155000,0,0,0,-228000
062442,華新科元大9C購02,0,0,0,0,0,0,0,0,0,-229000,0,0,0,156000,385000,-229000,-229000
061005,可成兆豐9A購01  ,0,0,0,0,0,0,0,0,0,-229000,0,0,0,20000,249000,-229000,-229000
067687,啟碁元大01購02  ,0,0,0,0,0,0,0,0,0,-230000,0,0,0,33000,263000,-230000,-230000
062253,燿華元大9B購02  ,0,0,0,0,0,0,0,0,0,-230000,0,0,0,185000,415000,-230000,-230000
063794,亞德客凱基9C購01,0,0,0,0,0,0,0,0,0,-230000,0,0,0,0,230000,-230000,-230000
064206,鴻海凱基03購02  ,0,0,0,0,0,0,0,0,0,-230000,0,0,0,124000,354000,-230000,-230000
066554,嘉晶元大01購05  ,0,0,0,0,0,0,0,0,0,-231000,0,0,0,195000,426000,-231000,-231000
059814,SP黃豆凱基9A購02,0,0,0,0,0,0,0,0,0,-231000,0,0,0,11000,242000,-231000,-231000
063506,嘉晶群益9B購01  ,0,0,0,0,0,0,0,0,0,-231000,0,0,0,30000,261000,-231000,-231000
063863,儒鴻富邦02購01  ,0,0,0,0,0,0,0,0,0,-231000,0,0,0,146000,377000,-231000,-231000
065842,技嘉元大9C購05  ,0,0,0,0,0,0,0,0,0,-231000,0,0,0,85000,316000,-231000,-231000
061719,緯穎凱基9A購06  ,0,0,0,0,0,0,0,0,0,-232000,0,0,0,22000,254000,-232000,-232000
064954,奇鋐凱基9C購01  ,0,0,0,0,0,0,0,0,0,-232000,0,0,0,298000,530000,-232000,-232000
063901,緯穎群益9C購01  ,0,0,0,0,0,0,0,0,0,-232000,0,0,0,5000,237000,-232000,-232000
067144,上銀統一02購01  ,0,0,0,0,0,0,0,0,0,-233000,0,0,0,93000,326000,-233000,-233000
067041,國巨凱基04購02  ,0,0,0,0,0,0,0,0,0,-233000,0,0,0,120000,353000,-233000,-233000
059932,世紀鋼富邦9A購02,0,0,0,0,0,0,0,0,0,-233000,0,0,0,10000,243000,-233000,-233000
064786,GIS群益9C購04   ,0,0,0,0,0,0,0,0,0,-233000,0,0,0,487000,720000,-233000,-233000
065299,燿華元富9C購02  ,0,0,0,0,0,0,0,0,0,-233000,0,0,0,560000,793000,-233000,-233000
065580,鈺齊群益01購01  ,0,0,0,0,0,0,0,0,0,-233000,0,0,0,138000,371000,-233000,-233000
067629,亞德客永豐01購01,0,0,0,0,0,0,0,0,0,-234000,0,0,0,0,234000,-234000,-234000
065256,上銀元大9C購10  ,0,0,0,0,0,0,0,0,0,-234000,0,0,0,30000,264000,-234000,-234000
08066P,南亞科凱基9B售04,0,0,0,0,0,0,0,0,0,-235000,0,0,0,165000,400000,-235000,-235000
056699,光罩國泰99購01  ,0,0,0,0,0,0,0,0,0,-235000,0,0,0,36000,271000,-235000,-235000
054451,上銀亞東98購01  ,0,0,0,0,0,0,0,0,0,-235000,0,0,0,0,235000,-235000,-235000
066040,友訊元大01購02  ,0,0,0,0,0,0,0,0,0,-235000,0,0,0,68000,303000,-235000,-235000
2385,群光            ,385101,1017805,-632704,0,0,0,758000,13000,745000,-348000,3000,3000,0,12000,360000,-348000,-235704
067064,為升元大01購02  ,0,0,0,0,0,0,0,0,0,-236000,0,0,0,101000,337000,-236000,-236000
066794,鴻海凱基01購07  ,0,0,0,0,0,0,0,0,0,-236000,0,0,0,22000,258000,-236000,-236000
055034,建準富邦99購01  ,0,0,0,0,0,0,0,0,0,-236000,0,0,0,12000,248000,-236000,-236000
058969,亞德客永豐99購01,0,0,0,0,0,0,0,0,0,-236000,0,0,0,10000,246000,-236000,-236000
057604,鴻海統一9C購01  ,0,0,0,0,0,0,0,0,0,-236000,0,0,0,0,236000,-236000,-236000
065026,世紀鋼永豐9C購02,0,0,0,0,0,0,0,0,0,-236000,0,0,0,30000,266000,-236000,-236000
063654,上銀元富9B購05  ,0,0,0,0,0,0,0,0,0,-236000,0,0,0,28000,264000,-236000,-236000
08225P,臺股指凱基9B售20,0,0,0,0,0,0,0,0,0,-237000,0,0,0,4000,241000,-237000,-237000
058053,上銀統一9B購01  ,0,0,0,0,0,0,0,0,0,-237000,0,0,0,19000,256000,-237000,-237000
053789,彩晶元大9C購02  ,0,0,0,0,0,0,0,0,0,-237000,0,0,0,45000,282000,-237000,-237000
061270,彩晶凱基9A購02  ,0,0,0,0,0,0,0,0,0,-237000,0,0,0,0,237000,-237000,-237000
08562P,南電國票01售03  ,0,0,0,0,0,0,0,0,0,-237000,0,0,0,15000,252000,-237000,-237000
059181,世紀鋼元富9C購01,0,0,0,0,0,0,0,0,0,-238000,0,0,0,67000,305000,-238000,-238000
064872,南電永豐9C購02  ,0,0,0,0,0,0,0,0,0,-238000,0,0,0,12000,250000,-238000,-238000
056871,新日興日盛99購01,0,0,0,0,0,0,0,0,0,-239000,0,0,0,0,239000,-239000,-239000
08746P,鴻海元富07售06  ,0,0,0,0,0,0,0,0,0,-239000,0,0,0,0,239000,-239000,-239000
07802P,瑞昱永豐9A售03  ,0,0,0,0,0,0,0,0,0,-240000,0,0,0,0,240000,-240000,-240000
067558,中工國票02購01  ,0,0,0,0,0,0,0,0,0,-240000,0,0,0,0,240000,-240000,-240000
058725,美律富邦9A購01  ,0,0,0,0,0,0,0,0,0,-240000,0,0,0,0,240000,-240000,-240000
062524,鴻海統一9C購09  ,0,0,0,0,0,0,0,0,0,-240000,0,0,0,0,240000,-240000,-240000
061529,國巨台新9A購02  ,0,0,0,0,0,0,0,0,0,-240000,0,0,0,0,240000,-240000,-240000
064995,世紀鋼兆豐9C購01,0,0,0,0,0,0,0,0,0,-240000,0,0,0,0,240000,-240000,-240000
065858,台表科元大03購01,0,0,0,0,0,0,0,0,0,-240000,0,0,0,129000,369000,-240000,-240000
064153,中壽統一9C購01  ,0,0,0,0,0,0,0,0,0,-240000,0,0,0,112000,352000,-240000,-240000
059295,大立光元富99購05,0,0,0,0,0,0,0,0,0,-241000,0,0,0,215000,456000,-241000,-241000
058309,大毅元大99購02  ,0,0,0,0,0,0,0,0,0,-241000,0,0,0,28000,269000,-241000,-241000
067675,中工元大03購01  ,0,0,0,0,0,0,0,0,0,-242000,0,0,0,241000,483000,-242000,-242000
062585,鴻海統一9C購14  ,0,0,0,0,0,0,0,0,0,-242000,0,0,0,0,242000,-242000,-242000
058472,亞德客凱基9A購01,0,0,0,0,0,0,0,0,0,-242000,0,0,0,175000,417000,-242000,-242000
063660,儒鴻統一9C購01  ,0,0,0,0,0,0,0,0,0,-242000,0,0,0,241000,483000,-242000,-242000
066482,華碩元富01購02  ,0,0,0,0,0,0,0,0,0,-243000,0,0,0,34000,277000,-243000,-243000
062705,美食元大9B購01  ,0,0,0,0,0,0,0,0,0,-243000,0,0,0,15000,258000,-243000,-243000
065463,大立光中信01購02,0,0,0,0,0,0,0,0,0,-244000,0,0,0,575000,819000,-244000,-244000
2453,凌群            ,180000,424000,-244000,0,0,0,0,0,0,0,0,0,0,0,0,0,-244000
066608,國巨麥證01購03  ,0,0,0,110000,455000,-345000,0,0,0,-245000,0,0,0,210000,455000,-245000,-245000
065945,鴻海統一02購01  ,0,0,0,0,0,0,0,0,0,-245000,0,0,0,4837000,5082000,-245000,-245000
064887,嘉晶中信9C購02  ,0,0,0,0,0,0,0,0,0,-245000,0,0,0,5000,250000,-245000,-245000
064560,技嘉群益01購01  ,0,0,0,0,0,0,0,0,0,-245000,0,0,0,16000,261000,-245000,-245000
067063,為升元大01購01  ,0,0,0,0,0,0,0,0,0,-246000,0,0,0,292000,538000,-246000,-246000
067552,亞光兆豐01購01  ,0,0,0,0,0,0,0,0,0,-246000,0,0,0,60000,306000,-246000,-246000
056724,臻鼎中信9A購01  ,0,0,0,0,0,0,0,0,0,-246000,0,0,0,62000,308000,-246000,-246000
057009,信邦中信99購01  ,0,0,0,0,0,0,0,0,0,-246000,0,0,0,4000,250000,-246000,-246000
063504,國巨群益9C購06  ,0,0,0,0,0,0,0,0,0,-246000,0,0,0,13000,259000,-246000,-246000
08822P,聯發科凱基01售12,0,0,0,0,0,0,0,0,0,-246000,0,0,0,90000,336000,-246000,-246000
066363,美律中信05購01  ,0,0,0,0,0,0,0,0,0,-247000,0,0,0,138000,385000,-247000,-247000
066308,中化永豐01購01  ,0,0,0,0,0,0,0,0,0,-247000,0,0,0,0,247000,-247000,-247000
058744,FBVIX凱基9C購03 ,0,0,0,0,0,0,0,0,0,-247000,0,0,0,0,247000,-247000,-247000
055415,禾伸堂富邦9B購01,0,0,0,0,0,0,0,0,0,-247000,0,0,0,0,247000,-247000,-247000
057175,美律元大98購03  ,0,0,0,0,0,0,0,0,0,-247000,0,0,0,12000,259000,-247000,-247000
062008,南亞科國泰9C購01,0,0,0,0,0,0,0,0,0,-247000,0,0,0,199000,446000,-247000,-247000
062523,世紀鋼元大9C購03,0,0,0,0,0,0,0,0,0,-247000,0,0,0,9000,256000,-247000,-247000
061609,華新科統一9C購01,0,0,0,0,0,0,0,0,0,-247000,0,0,0,10000,257000,-247000,-247000
8249,菱光            ,22000,269000,-247000,0,0,0,0,0,0,0,0,0,0,0,0,0,-247000
066953,禾伸堂元大01購01,0,0,0,0,0,0,0,0,0,-248000,0,0,0,168000,416000,-248000,-248000
058245,訊連元大99購01  ,0,0,0,0,0,0,0,0,0,-248000,0,0,0,225000,473000,-248000,-248000
058797,大毅元大99購03  ,0,0,0,0,0,0,0,0,0,-248000,0,0,0,13000,261000,-248000,-248000
067517,台積電台新01購04,0,0,0,0,0,0,0,0,0,-249000,0,0,0,13000,262000,-249000,-249000
067747,同欣電元大01購04,0,0,0,0,0,0,0,0,0,-249000,0,0,0,0,249000,-249000,-249000
062167,燿華永豐9B購01  ,0,0,0,0,0,0,0,0,0,-249000,0,0,0,100000,349000,-249000,-249000
061706,旭富國票9A購02  ,0,0,0,0,0,0,0,0,0,-249000,0,0,0,0,249000,-249000,-249000
065105,巨大元大01購01  ,0,0,0,0,0,0,0,0,0,-249000,0,0,0,16000,265000,-249000,-249000
07352P,台積電國票99售11,0,0,0,0,0,0,0,0,0,-250000,0,0,0,0,250000,-250000,-250000
066992,緯穎群益01購02  ,0,0,0,0,0,0,0,0,0,-250000,0,0,0,11000,261000,-250000,-250000
066678,台達電兆豐03購01,0,0,0,0,0,0,0,0,0,-250000,0,0,0,211000,461000,-250000,-250000
053398,和鑫中信99購01  ,0,0,0,0,0,0,0,0,0,-250000,0,0,0,0,250000,-250000,-250000
03001P,玉晶光群益02售17,0,0,0,0,0,0,0,0,0,-250000,0,0,0,0,250000,-250000,-250000
060037,鴻海國票99購10  ,0,0,0,0,0,0,0,0,0,-250000,0,0,0,10000,260000,-250000,-250000
063445,金像電統一9B購01,0,0,0,0,0,0,0,0,0,-250000,0,0,0,187000,437000,-250000,-250000
065013,矽創國泰02購01  ,0,0,0,0,0,0,0,0,0,-250000,0,0,0,221000,471000,-250000,-250000
065614,緯穎元大01購02  ,0,0,0,0,0,0,0,0,0,-250000,0,0,0,10000,260000,-250000,-250000
065695,友訊群益01購02  ,0,0,0,0,0,0,0,0,0,-250000,0,0,0,36000,286000,-250000,-250000
07890P,南電國票9B售01  ,0,0,0,0,0,0,0,0,0,-251000,0,0,0,75000,326000,-251000,-251000
067681,嘉澤元大01購05  ,0,0,0,0,0,0,0,0,0,-251000,0,0,0,136000,387000,-251000,-251000
00763U,街口道瓊銅      ,0,0,0,0,0,0,0,0,0,-251000,0,0,0,200000,451000,-251000,-251000
061174,鴻海凱基9A購23  ,0,0,0,0,0,0,0,0,0,-251000,0,0,0,29000,280000,-251000,-251000
067654,嘉晶元富07購03  ,0,0,0,0,0,0,0,0,0,-252000,0,0,0,0,252000,-252000,-252000
067222,申豐元大01購01  ,0,0,0,0,0,0,0,0,0,-252000,0,0,0,431000,683000,-252000,-252000
062265,南茂元大9B購01  ,0,0,0,0,0,0,0,0,0,-252000,0,0,0,185000,437000,-252000,-252000
057796,鴻海兆豐99購03  ,0,0,0,0,0,0,0,0,0,-252000,0,0,0,0,252000,-252000,-252000
063142,奇力新統一9C購04,0,0,0,0,0,0,0,0,0,-252000,0,0,0,0,252000,-252000,-252000
063588,華新科永豐9B購02,0,0,0,0,0,0,0,0,0,-252000,0,0,0,0,252000,-252000,-252000
063937,上銀元大9C購02  ,0,0,0,0,0,0,0,0,0,-252000,0,0,0,0,252000,-252000,-252000
057717,友訊元富98購02  ,0,0,0,0,0,0,0,0,0,-253000,0,0,0,34000,287000,-253000,-253000
062401,信邦永豐9B購01  ,0,0,0,0,0,0,0,0,0,-253000,0,0,0,0,253000,-253000,-253000
060390,聯鈞群益9A購01  ,0,0,0,0,0,0,0,0,0,-253000,0,0,0,44000,297000,-253000,-253000
064792,美律國票9C購01  ,0,0,0,0,0,0,0,0,0,-253000,0,0,0,20000,273000,-253000,-253000
07230P,滬深2X群益01售02,0,0,0,0,0,0,0,0,0,-254000,0,0,0,0,254000,-254000,-254000
063826,中興電國票01購01,0,0,0,0,0,0,0,0,0,-254000,0,0,0,26000,280000,-254000,-254000
5243,乙盛-KY         ,126000,380492,-254492,0,0,0,0,0,0,0,0,0,0,0,0,0,-254492
07988P,台積電台新9C售03,0,0,0,0,0,0,0,0,0,-255000,0,0,0,0,255000,-255000,-255000
062584,鴻海統一9C購13  ,0,0,0,0,0,0,0,0,0,-255000,0,0,0,0,255000,-255000,-255000
055781,聯詠凱基98購01  ,0,0,0,0,0,0,0,0,0,-255000,0,0,0,38000,293000,-255000,-255000
063773,可成富邦9C購01  ,0,0,0,0,0,0,0,0,0,-255000,0,0,0,8000,263000,-255000,-255000
066347,鎧勝永豐01購01  ,0,0,0,0,0,0,0,0,0,-256000,0,0,0,162000,418000,-256000,-256000
062592,牧德統一01購01  ,0,0,0,0,0,0,0,0,0,-256000,0,0,0,0,256000,-256000,-256000
067072,建準元大01購01  ,0,0,0,0,0,0,0,0,0,-257000,0,0,0,505000,762000,-257000,-257000
057162,上銀元大98購03  ,0,0,0,0,0,0,0,0,0,-257000,0,0,0,0,257000,-257000,-257000
061041,南電永豐9A購03  ,0,0,0,0,0,0,0,0,0,-257000,0,0,0,5000,262000,-257000,-257000
067029,台表科兆豐03購01,0,0,0,0,0,0,0,0,0,-258000,0,0,0,25000,283000,-258000,-258000
03452B,臺股指凱基03熊05,0,0,0,0,0,0,0,0,0,-258000,0,0,0,14000,272000,-258000,-258000
00640L,富邦日本正2     ,0,11000,-11000,0,0,0,0,0,0,-247000,0,0,0,32000,279000,-247000,-258000
063148,建準元富9B購01  ,0,0,0,0,0,0,0,0,0,-258000,0,0,0,635000,893000,-258000,-258000
08405P,聯發科元大9C售11,0,0,0,0,0,0,0,0,0,-258000,0,0,0,110000,368000,-258000,-258000
061646,力成元大9A購02  ,0,0,0,0,0,0,0,0,0,-260000,0,0,0,2000,262000,-260000,-260000
067708,華新科元富01購01,0,0,0,0,0,0,0,0,0,-261000,0,0,0,4000,265000,-261000,-261000
03453B,臺股指元大02熊02,0,0,0,0,0,0,0,0,0,-261000,0,0,0,13000,274000,-261000,-261000
065040,燿華凱基9C購01  ,0,0,0,0,0,0,0,0,0,-261000,0,0,0,234000,495000,-261000,-261000
6451,訊芯-KY         ,168000,401000,-233000,0,0,0,0,0,0,-28000,1000,0,1000,7000,36000,-29000,-261000
057904,矽力永豐98購01  ,0,0,0,0,0,0,0,0,0,-262000,0,0,0,0,262000,-262000,-262000
064813,祥碩元大9C購05  ,0,0,0,0,0,0,0,0,0,-262000,0,0,0,231000,493000,-262000,-262000
3413,京鼎            ,142000,389000,-247000,0,0,0,20000,0,20000,-35000,17000,17000,0,9000,44000,-35000,-262000
062054,鴻海統一9C購06  ,0,0,0,0,0,0,0,0,0,-263000,0,0,0,0,263000,-263000,-263000
3027,盛達            ,262000,522000,-260000,0,0,0,0,0,0,-3000,0,3000,-3000,0,0,0,-263000
067221,台表科元大01購02,0,0,0,0,0,0,0,0,0,-264000,0,0,0,7000,271000,-264000,-264000
063766,南茂元富9B購01  ,0,0,0,0,0,0,0,0,0,-264000,0,0,0,0,264000,-264000,-264000
08216P,聯發科群益9C售05,0,0,0,0,0,0,0,0,0,-265000,0,0,0,0,265000,-265000,-265000
058970,鴻海永豐99購02  ,0,0,0,0,0,0,0,0,0,-265000,0,0,0,0,265000,-265000,-265000
062574,美食群益9B購02  ,0,0,0,0,0,0,0,0,0,-266000,0,0,0,0,266000,-266000,-266000
060826,牧德元大9B購02  ,0,0,0,0,0,0,0,0,0,-266000,0,0,0,0,266000,-266000,-266000
062710,盛群元大9B購01  ,0,0,0,0,0,0,0,0,0,-266000,0,0,0,124000,390000,-266000,-266000
064314,信邦群益9C購01  ,0,0,0,0,0,0,0,0,0,-266000,0,0,0,30000,296000,-266000,-266000
067836,聯發科統一03購05,0,0,0,0,0,0,0,0,0,-267000,0,0,0,0,267000,-267000,-267000
062011,上銀富邦9C購01  ,0,0,0,0,0,0,0,0,0,-267000,0,0,0,20000,287000,-267000,-267000
059931,緯穎富邦9A購01  ,0,0,0,0,0,0,0,0,0,-267000,0,0,0,63000,330000,-267000,-267000
067550,燿華中信02購01  ,0,0,0,0,0,0,0,0,0,-268000,0,0,0,10000,278000,-268000,-268000
066719,滬深2X元大01購06,0,0,0,0,0,0,0,0,0,-268000,0,0,0,171000,439000,-268000,-268000
065207,奇力新國票9C購02,0,0,0,0,0,0,0,0,0,-268000,0,0,0,20000,288000,-268000,-268000
065342,華邦電統一02購01,0,0,0,0,0,0,0,0,0,-268000,0,0,0,14000,282000,-268000,-268000
066207,聯鈞統一01購02  ,0,0,0,0,0,0,0,0,0,-270000,0,0,0,0,270000,-270000,-270000
067359,牧德群益01購02  ,0,0,0,0,0,0,0,0,0,-270000,0,0,0,0,270000,-270000,-270000
059053,鴻海凱基99購07  ,0,0,0,0,0,0,0,0,0,-270000,0,0,0,0,270000,-270000,-270000
065267,聯鈞元大9C購02  ,0,0,0,0,0,0,0,0,0,-270000,0,0,0,21000,291000,-270000,-270000
065937,大毅群益02購01  ,0,0,0,0,0,0,0,0,0,-270000,0,0,0,30000,300000,-270000,-270000
4532,瑞智            ,87000,358000,-271000,0,0,0,0,0,0,0,0,0,0,0,0,0,-271000
067327,聯詠康和01購01  ,0,0,0,0,0,0,0,0,0,-272000,0,0,0,170000,442000,-272000,-272000
057540,緯穎日盛99購01  ,0,0,0,0,0,0,0,0,0,-272000,0,0,0,13000,285000,-272000,-272000
061893,鴻海永豐9B購01  ,0,0,0,0,0,0,0,0,0,-272000,0,0,0,0,272000,-272000,-272000
060743,鴻海國票9A購03  ,0,0,0,0,0,0,0,0,0,-272000,0,0,0,0,272000,-272000,-272000
064167,緯穎統一01購03  ,0,0,0,0,0,0,0,0,0,-272000,0,0,0,110000,382000,-272000,-272000
063466,美食元大9B購02  ,0,0,0,0,0,0,0,0,0,-273000,0,0,0,5000,278000,-273000,-273000
2939,凱羿-KY         ,61000,333000,-272000,0,0,0,0,0,0,-1000,0,1000,-1000,0,0,0,-273000
066309,永光永豐01購01  ,0,0,0,0,0,0,0,0,0,-274000,0,0,0,0,274000,-274000,-274000
062417,鴻海統一9C購08  ,0,0,0,0,0,0,0,0,0,-274000,0,0,0,1000,275000,-274000,-274000
065703,大毅群益9C購01  ,0,0,0,0,0,0,0,0,0,-275000,0,0,0,43000,318000,-275000,-275000
066196,南港統一03購01  ,0,0,0,0,0,0,0,0,0,-276000,0,0,0,5000,281000,-276000,-276000
061668,信邦中信9B購01  ,0,0,0,0,0,0,0,0,0,-276000,0,0,0,0,276000,-276000,-276000
066355,惠特永豐01購01  ,0,0,0,0,0,0,0,0,0,-277000,0,0,0,0,277000,-277000,-277000
066639,彩晶凱基05購01  ,0,0,0,0,0,0,0,0,0,-277000,0,0,0,1000,278000,-277000,-277000
060939,鴻海國票9A購06  ,0,0,0,0,0,0,0,0,0,-277000,0,0,0,0,277000,-277000,-277000
060123,光罩永豐99購02  ,0,0,0,0,0,0,0,0,0,-277000,0,0,0,362000,639000,-277000,-277000
067809,聯發科凱基01購17,0,0,0,0,0,0,0,0,0,-278000,0,0,0,0,278000,-278000,-278000
067710,同欣電元富04購01,0,0,0,0,0,0,0,0,0,-278000,0,0,0,24000,302000,-278000,-278000
062550,啟碁永豐9B購01  ,0,0,0,0,0,0,0,0,0,-278000,0,0,0,0,278000,-278000,-278000
060710,上銀永豐9A購01  ,0,0,0,0,0,0,0,0,0,-278000,0,0,0,2000,280000,-278000,-278000
063517,遠東新凱基01購01,0,0,0,0,0,0,0,0,0,-278000,0,0,0,33000,311000,-278000,-278000
1229,聯華            ,429000,682551,-253551,0,0,0,0,2000,-2000,-23000,2000,7000,-5000,0,18000,-18000,-278551
067613,康舒凱基01購01  ,0,0,0,0,0,0,0,0,0,-279000,0,0,0,35000,314000,-279000,-279000
00672L,元大S&P原油正2  ,5000,0,5000,0,0,0,0,0,0,-284000,0,0,0,183000,467000,-284000,-279000
066081,文曄國泰03購01  ,0,0,0,0,0,0,0,0,0,-280000,0,0,0,0,280000,-280000,-280000
057105,致茂群益9A購01  ,0,0,0,0,0,0,0,0,0,-280000,0,0,0,332000,612000,-280000,-280000
062080,奇力新元大9B購02,0,0,0,0,0,0,0,0,0,-280000,0,0,0,112000,392000,-280000,-280000
065610,牧德元大02購01  ,0,0,0,0,0,0,0,0,0,-280000,0,0,0,25000,305000,-280000,-280000
065503,燿華永豐9C購04  ,0,0,0,0,0,0,0,0,0,-280000,0,0,0,141000,421000,-280000,-280000
065126,世芯永豐9C購02  ,0,0,0,0,0,0,0,0,0,-280000,0,0,0,111000,391000,-280000,-280000
067759,美食永豐01購01  ,0,0,0,0,0,0,0,0,0,-281000,0,0,0,0,281000,-281000,-281000
061725,國巨麥證9A購05  ,0,0,0,110000,391000,-281000,0,0,0,-281000,0,0,0,110000,391000,-281000,-281000
065408,華通永豐9C購02  ,0,0,0,0,0,0,0,0,0,-281000,0,0,0,0,281000,-281000,-281000
3576,聯合再生        ,1013000,1294000,-281000,0,0,0,0,0,0,0,0,0,0,0,0,0,-281000
066502,國巨富邦05購02  ,0,0,0,0,0,0,0,0,0,-282000,0,0,0,34000,316000,-282000,-282000
066379,台達電康和01購01,0,0,0,0,0,0,0,0,0,-282000,0,0,0,27000,309000,-282000,-282000
067280,國巨第一01購01  ,0,0,0,0,0,0,0,0,0,-283000,0,0,0,100000,383000,-283000,-283000
056775,康控元大99購01  ,0,0,0,0,0,0,0,0,0,-283000,0,0,0,0,283000,-283000,-283000
066112,智邦兆豐02購01  ,0,0,0,0,0,0,0,0,0,-284000,0,0,0,404000,688000,-284000,-284000
066107,惠特國票02購01  ,0,0,0,0,0,0,0,0,0,-284000,0,0,0,29000,313000,-284000,-284000
060509,宏達電元大9A購02,0,0,0,0,0,0,0,0,0,-284000,0,0,0,0,284000,-284000,-284000
065343,智邦統一01購03  ,0,0,0,0,0,0,0,0,0,-284000,0,0,0,390000,674000,-284000,-284000
058878,旭富國泰9B購01  ,0,0,0,0,0,0,0,0,0,-285000,0,0,0,24000,309000,-285000,-285000
062583,鴻海統一9C購12  ,0,0,0,0,0,0,0,0,0,-285000,0,0,0,0,285000,-285000,-285000
08817P,致新元富01售02  ,0,0,0,0,0,0,0,0,0,-285000,0,0,0,0,285000,-285000,-285000
08377P,臻鼎元富9C售02  ,0,0,0,0,0,0,0,0,0,-285000,0,0,0,78000,363000,-285000,-285000
066215,惠特統一04購01  ,0,0,0,0,0,0,0,0,0,-286000,0,0,0,60000,346000,-286000,-286000
065062,亞光群益9C購01  ,0,0,0,0,0,0,0,0,0,-286000,0,0,0,77000,363000,-286000,-286000
065846,華新科元大03購01,0,0,0,0,0,0,0,0,0,-286000,0,0,0,350000,636000,-286000,-286000
065799,友訊群益01購03  ,0,0,0,0,0,0,0,0,0,-286000,0,0,0,36000,322000,-286000,-286000
067530,國巨群益01購09  ,0,0,0,0,0,0,0,0,0,-287000,0,0,0,97000,384000,-287000,-287000
056263,友訊統一99購01  ,0,0,0,0,0,0,0,0,0,-287000,0,0,0,11000,298000,-287000,-287000
063414,鴻海凱基03購01  ,0,0,0,0,0,0,0,0,0,-287000,0,0,0,0,287000,-287000,-287000
4746,台耀            ,504000,791000,-287000,0,0,0,0,0,0,0,2000,2000,0,0,0,0,-287000
066201,大毅統一02購01  ,0,0,0,0,0,0,0,0,0,-289000,0,0,0,111000,400000,-289000,-289000
066620,長興凱基01購01  ,0,0,0,0,0,0,0,0,0,-289000,0,0,0,93000,382000,-289000,-289000
2606,裕民            ,57000,345000,-288000,0,0,0,0,0,0,-1000,3000,4000,-1000,0,0,0,-289000
2414,精技            ,47000,343000,-296000,0,0,0,0,0,0,7000,7000,0,7000,0,0,0,-289000
07257P,臺股指凱基99售37,0,0,0,0,0,0,0,0,0,-290000,0,0,0,10000,300000,-290000,-290000
063618,智邦兆豐9C購01  ,0,0,0,0,0,0,0,0,0,-290000,0,0,0,56000,346000,-290000,-290000
063688,建準永豐9B購03  ,0,0,0,0,0,0,0,0,0,-290000,0,0,0,128000,418000,-290000,-290000
1103,嘉泥            ,278000,759000,-481000,0,0,0,0,0,0,191000,191000,0,191000,0,0,0,-290000
063966,大毅國票01購01  ,0,0,0,0,0,0,0,0,0,-291000,0,0,0,33000,324000,-291000,-291000
066686,鴻海元富07購05  ,0,0,0,0,0,0,0,0,0,-292000,0,0,0,58000,350000,-292000,-292000
058184,鴻海永豐99購01  ,0,0,0,0,0,0,0,0,0,-292000,0,0,0,0,292000,-292000,-292000
065766,南電元大9C購08  ,0,0,0,0,0,0,0,0,0,-292000,0,0,0,147000,439000,-292000,-292000
4119,旭富            ,111000,450000,-339000,0,0,0,0,0,0,46011,0,3000,-3000,59011,10000,49011,-292989
065466,台表科中信01購03,0,0,0,0,0,0,0,0,0,-293000,0,0,0,234000,527000,-293000,-293000
066577,巨大元大01購02  ,0,0,0,0,0,0,0,0,0,-294000,0,0,0,60000,354000,-294000,-294000
066560,聯鈞元大01購04  ,0,0,0,0,0,0,0,0,0,-294000,0,0,0,10000,304000,-294000,-294000
07113P,台積電兆豐99售03,0,0,0,0,0,0,0,0,0,-294000,0,0,0,0,294000,-294000,-294000
066606,聯詠永豐01購01  ,0,0,0,0,0,0,0,0,0,-295000,0,0,0,127000,422000,-295000,-295000
066134,強茂群益01購01  ,0,0,0,0,0,0,0,0,0,-295000,0,0,0,239000,534000,-295000,-295000
058873,美律國票9A購02  ,0,0,0,0,0,0,0,0,0,-295000,0,0,0,0,295000,-295000,-295000
060763,聯鈞元大9A購03  ,0,0,0,0,0,0,0,0,0,-295000,0,0,0,1000,296000,-295000,-295000
059695,聯鈞永豐99購02  ,0,0,0,0,0,0,0,0,0,-296000,0,0,0,32000,328000,-296000,-296000
063947,大毅元大9C購02  ,0,0,0,0,0,0,0,0,0,-296000,0,0,0,12000,308000,-296000,-296000
05755P,臺股指中信99售04,0,0,0,0,0,0,0,0,0,-297000,0,0,0,125000,422000,-297000,-297000
067271,世紀鋼永豐01購02,0,0,0,0,0,0,0,0,0,-298000,0,0,0,0,298000,-298000,-298000
067717,聯電凱基03購01  ,0,0,0,0,0,0,0,0,0,-298000,0,0,0,121000,419000,-298000,-298000
059115,美食永豐99購01  ,0,0,0,0,0,0,0,0,0,-298000,0,0,0,8000,306000,-298000,-298000
061553,南電群益9A購03  ,0,0,0,0,0,0,0,0,0,-298000,0,0,0,205000,503000,-298000,-298000
08605P,聯發科中信9C售06,0,0,0,0,0,0,0,0,0,-298000,0,0,0,212000,510000,-298000,-298000
067157,惠特統一03購03  ,0,0,0,0,0,0,0,0,0,-299000,0,0,0,435000,734000,-299000,-299000
060792,信錦永豐9A購01  ,0,0,0,0,0,0,0,0,0,-299000,0,0,0,10000,309000,-299000,-299000
064387,GIS富邦9C購01   ,0,0,0,0,0,0,0,0,0,-299000,0,0,0,973000,1272000,-299000,-299000
066324,仲琦永豐01購01  ,0,0,0,0,0,0,0,0,0,-300000,0,0,0,0,300000,-300000,-300000
066329,達欣工永豐01購01,0,0,0,0,0,0,0,0,0,-300000,0,0,0,0,300000,-300000,-300000
07105P,大毅元富99售02  ,0,0,0,0,0,0,0,0,0,-300000,0,0,0,0,300000,-300000,-300000
07841P,臻鼎元大9A售04  ,0,0,0,0,0,0,0,0,0,-300000,0,0,0,0,300000,-300000,-300000
062572,元金反群益9C購01,0,0,0,0,0,0,0,0,0,-300000,0,0,0,0,300000,-300000,-300000
057844,新日興永豐99購01,0,0,0,0,0,0,0,0,0,-300000,0,0,0,0,300000,-300000,-300000
057960,聯鈞元大98購02  ,0,0,0,0,0,0,0,0,0,-300000,0,0,0,0,300000,-300000,-300000
057145,上銀國票98購03  ,0,0,0,0,0,0,0,0,0,-300000,0,0,0,0,300000,-300000,-300000
052491,泰碩國票99購01  ,0,0,0,0,0,0,0,0,0,-300000,0,0,0,200000,500000,-300000,-300000
061189,可成富邦9B購02  ,0,0,0,0,0,0,0,0,0,-300000,0,0,0,0,300000,-300000,-300000
062063,世紀鋼統一9C購01,0,0,0,0,0,0,0,0,0,-300000,0,0,0,80000,380000,-300000,-300000
064019,上銀元大9C購05  ,0,0,0,0,0,0,0,0,0,-300000,0,0,0,0,300000,-300000,-300000
065036,世芯統一02購02  ,0,0,0,0,0,0,0,0,0,-300000,0,0,0,95000,395000,-300000,-300000
065129,上銀兆豐01購01  ,0,0,0,0,0,0,0,0,0,-300000,0,0,0,1000,301000,-300000,-300000
06986P,台積電台新9A售01,0,0,0,0,0,0,0,0,0,-301000,0,0,0,415000,716000,-301000,-301000
08801P,聯發科元大01售13,0,0,0,0,0,0,0,0,0,-301000,0,0,0,350000,651000,-301000,-301000
067411,矽格兆豐03購01  ,0,0,0,0,0,0,0,0,0,-302000,0,0,0,321000,623000,-302000,-302000
063573,茂林元大9B購06  ,0,0,0,0,0,0,0,0,0,-302000,0,0,0,364000,666000,-302000,-302000
067290,金像電兆豐03購01,0,0,0,0,0,0,0,0,0,-303000,0,0,0,7000,310000,-303000,-303000
057713,美律統一99購01  ,0,0,0,0,0,0,0,0,0,-303000,0,0,0,143000,446000,-303000,-303000
065190,緯穎統一9C購02  ,0,0,0,0,0,0,0,0,0,-303000,0,0,0,144000,447000,-303000,-303000
064895,奇力新群益9C購02,0,0,0,0,0,0,0,0,0,-303000,0,0,0,341000,644000,-303000,-303000
066326,敦陽科永豐01購01,0,0,0,0,0,0,0,0,0,-304000,0,0,0,0,304000,-304000,-304000
064936,世紀鋼統一9C購02,0,0,0,0,0,0,0,0,0,-304000,0,0,0,0,304000,-304000,-304000
3019,亞光            ,777000,1078000,-301000,0,0,0,0,0,0,-3000,98000,94000,4000,173000,180000,-7000,-304000
066268,宏達電元大01購02,0,0,0,0,0,0,0,0,0,-305000,0,0,0,0,305000,-305000,-305000
066123,華夏群益01購01  ,0,0,0,0,0,0,0,0,0,-305000,0,0,0,17000,322000,-305000,-305000
066619,永光凱基01購01  ,0,0,0,0,0,0,0,0,0,-305000,0,0,0,10000,315000,-305000,-305000
07133P,臺股指元大9A售27,0,0,0,0,0,0,0,0,0,-305000,0,0,0,10000,315000,-305000,-305000
08235P,南電國泰9C售03  ,0,0,0,0,0,0,0,0,0,-305000,0,0,0,0,305000,-305000,-305000
08121P,聯發科國票9B售05,0,0,0,0,0,0,0,0,0,-305000,0,0,0,0,305000,-305000,-305000
063219,友達群益9B購03  ,0,0,0,0,0,0,0,0,0,-305000,0,0,0,10000,315000,-305000,-305000
3045,台灣大          ,1096087,1724846,-628759,0,0,0,410000,12000,398000,-75000,0,74000,-74000,0,1000,-1000,-305759
067320,訊連元大01購01  ,0,0,0,0,0,0,0,0,0,-306000,0,0,0,175000,481000,-306000,-306000
067002,生達永豐01購02  ,0,0,0,0,0,0,0,0,0,-306000,0,0,0,0,306000,-306000,-306000
063314,美律群益9B購01  ,0,0,0,0,0,0,0,0,0,-306000,0,0,0,46000,352000,-306000,-306000
059453,奇力新永豐99購01,0,0,0,0,0,0,0,0,0,-306000,0,0,0,302000,608000,-306000,-306000
066184,鎧勝凱基01購01  ,0,0,0,0,0,0,0,0,0,-308000,0,0,0,55000,363000,-308000,-308000
067484,聯詠元大01購07  ,0,0,0,0,0,0,0,0,0,-308000,0,0,0,255000,563000,-308000,-308000
057791,可成統一99購01  ,0,0,0,0,0,0,0,0,0,-308000,0,0,0,100000,408000,-308000,-308000
063301,鴻海凱基9B購08  ,0,0,0,0,0,0,0,0,0,-308000,0,0,0,180000,488000,-308000,-308000
064839,旭富統一9C購01  ,0,0,0,0,0,0,0,0,0,-308000,0,0,0,0,308000,-308000,-308000
065255,上銀元大01購01  ,0,0,0,0,0,0,0,0,0,-308000,0,0,0,38000,346000,-308000,-308000
07955P,大成鋼群益9B售02,0,0,0,0,0,0,0,0,0,-309000,0,0,0,20000,329000,-309000,-309000
066066,鴻海凱基01購05  ,0,0,0,0,0,0,0,0,0,-309000,0,0,0,170000,479000,-309000,-309000
062850,友訊永豐9B購01  ,0,0,0,0,0,0,0,0,0,-309000,0,0,0,110000,419000,-309000,-309000
065495,上銀富邦01購02  ,0,0,0,0,0,0,0,0,0,-309000,0,0,0,283000,592000,-309000,-309000
063858,鴻海國泰02購01  ,0,0,0,0,0,0,0,0,0,-309000,0,0,0,10000,319000,-309000,-309000
058352,鴻海凱基9A購05  ,0,0,0,0,0,0,0,0,0,-310000,0,0,0,0,310000,-310000,-310000
063067,緯穎麥證9B購01  ,0,0,0,0,310000,-310000,0,0,0,-310000,0,0,0,0,310000,-310000,-310000
057371,可成元大98購08  ,0,0,0,0,0,0,0,0,0,-310000,0,0,0,0,310000,-310000,-310000
059509,奇力新永豐99購02,0,0,0,0,0,0,0,0,0,-310000,0,0,0,400000,710000,-310000,-310000
061754,晶技麥證9B購01  ,0,0,0,75000,384000,-309000,0,0,0,-310000,0,0,0,75000,385000,-310000,-310000
061694,玉山金群益9A購01,0,0,0,0,0,0,0,0,0,-310000,0,0,0,12000,322000,-310000,-310000
064376,美律元富9C購01  ,0,0,0,0,0,0,0,0,0,-311000,0,0,0,54000,365000,-311000,-311000
060770,宏達電麥證9A購01,0,0,0,0,312000,-312000,0,0,0,-312000,0,0,0,0,312000,-312000,-312000
066870,宏達電元富01購01,0,0,0,0,0,0,0,0,0,-313000,0,0,0,97000,410000,-313000,-313000
060700,華新科國泰9C購01,0,0,0,0,0,0,0,0,0,-313000,0,0,0,662000,975000,-313000,-313000
066267,強茂元大01購02  ,0,0,0,0,0,0,0,0,0,-314000,0,0,0,408000,722000,-314000,-314000
057985,華通元富02購03  ,0,0,0,0,0,0,0,0,0,-314000,0,0,0,81000,395000,-314000,-314000
060924,大毅永豐9A購03  ,0,0,0,0,0,0,0,0,0,-314000,0,0,0,0,314000,-314000,-314000
061852,大立光國票9B購02,0,0,0,0,0,0,0,0,0,-314000,0,0,0,52000,366000,-314000,-314000
066825,智邦群益01購03  ,0,0,0,0,0,0,0,0,0,-315000,0,0,0,40000,355000,-315000,-315000
066734,聯詠元大01購03  ,0,0,0,0,0,0,0,0,0,-315000,0,0,0,124000,439000,-315000,-315000
067690,惠特元大01購04  ,0,0,0,0,0,0,0,0,0,-315000,0,0,0,279000,594000,-315000,-315000
064845,華通元富9C購02  ,0,0,0,0,0,0,0,0,0,-315000,0,0,0,169000,484000,-315000,-315000
063480,南六元大9C購01  ,0,0,0,0,0,0,0,0,0,-316000,0,0,0,65000,381000,-316000,-316000
2388,威盛            ,277000,593000,-316000,0,0,0,0,0,0,0,0,0,0,0,0,0,-316000
067004,義隆永豐01購01  ,0,0,0,0,0,0,0,0,0,-317000,0,0,0,101000,418000,-317000,-317000
067052,帆宣凱基02購01  ,0,0,0,0,0,0,0,0,0,-317000,0,0,0,46000,363000,-317000,-317000
04006P,滬深2X國票9B售01,0,0,0,0,0,0,0,0,0,-317000,0,0,0,27000,344000,-317000,-317000
065742,宏達電麥證9C購01,0,0,0,0,317000,-317000,0,0,0,-317000,0,0,0,0,317000,-317000,-317000
1201,味全            ,98000,415000,-317000,0,0,0,0,0,0,0,0,0,0,0,0,0,-317000
065724,國巨凱基9C購11  ,0,0,0,0,0,0,0,0,0,-318000,0,0,0,112000,430000,-318000,-318000
060925,華新科永豐9A購01,0,0,0,0,0,0,0,0,0,-319000,0,0,0,0,319000,-319000,-319000
2103,台橡            ,151000,464000,-313000,0,0,0,0,0,0,-6000,0,6000,-6000,0,0,0,-319000
060659,鴻海凱基9B購03  ,0,0,0,0,0,0,0,0,0,-320000,0,0,0,0,320000,-320000,-320000
066493,美利達元富01購01,0,0,0,0,0,0,0,0,0,-321000,0,0,0,413000,734000,-321000,-321000
067328,鎧勝康和01購02  ,0,0,0,0,0,0,0,0,0,-321000,0,0,0,0,321000,-321000,-321000
064302,美律兆豐01購01  ,0,0,0,0,0,0,0,0,0,-321000,0,0,0,0,321000,-321000,-321000
1536,和大            ,127000,389000,-262000,0,0,0,16000,0,16000,-75000,1000,4000,-3000,3000,75000,-72000,-321000
057852,國巨國票99購05  ,0,0,0,0,0,0,0,0,0,-322000,0,0,0,143000,465000,-322000,-322000
065687,華通元富9C購03  ,0,0,0,0,0,0,0,0,0,-322000,0,0,0,159000,481000,-322000,-322000
2404,漢唐            ,168000,386000,-218000,0,0,0,0,0,0,-104000,0,2000,-2000,4000,106000,-102000,-322000
058752,鈺齊凱基9A購01  ,0,0,0,0,0,0,0,0,0,-323000,0,0,0,42000,365000,-323000,-323000
063258,緯穎國泰9C購01  ,0,0,0,0,0,0,0,0,0,-323000,0,0,0,20000,343000,-323000,-323000
067076,聯詠元大01購05  ,0,0,0,0,0,0,0,0,0,-324000,0,0,0,198000,522000,-324000,-324000
060835,亞德客國票9A購01,0,0,0,0,0,0,0,0,0,-324000,0,0,0,10000,334000,-324000,-324000
056352,鴻海元大99購01  ,0,0,0,0,0,0,0,0,0,-325000,0,0,0,0,325000,-325000,-325000
053798,台積電中信98購02,0,0,0,0,0,0,0,0,0,-325000,0,0,0,49000,374000,-325000,-325000
066165,大毅凱基01購01  ,0,0,0,0,0,0,0,0,0,-326000,0,0,0,115000,441000,-326000,-326000
062704,大毅元大9C購01  ,0,0,0,0,0,0,0,0,0,-326000,0,0,0,0,326000,-326000,-326000
06603P,立積統一99售01  ,0,0,0,0,0,0,0,0,0,-326000,0,0,0,0,326000,-326000,-326000
064039,亞德客統一02購01,0,0,0,0,0,0,0,0,0,-326000,0,0,0,123000,449000,-326000,-326000
066420,宏達電元大02購01,0,0,0,0,0,0,0,0,0,-327000,0,0,0,156000,483000,-327000,-327000
064204,瑞儀兆豐01購01  ,0,0,0,0,0,0,0,0,0,-327000,0,0,0,0,327000,-327000,-327000
067439,巨大凱基02購02  ,0,0,0,0,0,0,0,0,0,-328000,0,0,0,171000,499000,-328000,-328000
067769,國巨統一02購04  ,0,0,0,0,0,0,0,0,0,-328000,0,0,0,117000,445000,-328000,-328000
055701,亞德客富邦99購01,0,0,0,0,0,0,0,0,0,-329000,0,0,0,701000,1030000,-329000,-329000
064627,矽格元大9C購01  ,0,0,0,0,0,0,0,0,0,-329000,0,0,0,108000,437000,-329000,-329000
3062,建漢            ,566000,895000,-329000,0,0,0,0,0,0,0,1000,1000,0,0,0,0,-329000
067365,美利達群益01購03,0,0,0,0,0,0,0,0,0,-330000,0,0,0,333000,663000,-330000,-330000
067049,明泰凱基01購01  ,0,0,0,0,0,0,0,0,0,-330000,0,0,0,80000,410000,-330000,-330000
058573,鴻海群益9A購02  ,0,0,0,0,0,0,0,0,0,-330000,0,0,0,0,330000,-330000,-330000
065894,漢翔統一03購01  ,0,0,0,0,0,0,0,0,0,-330000,0,0,0,0,330000,-330000,-330000
062539,可成國泰01購01  ,0,0,0,0,0,0,0,0,0,-331000,0,0,0,2000,333000,-331000,-331000
063124,奇力新元大9B購05,0,0,0,0,0,0,0,0,0,-331000,0,0,0,193000,524000,-331000,-331000
08802P,聯發科元大01售14,0,0,0,0,0,0,0,0,0,-331000,0,0,0,227000,558000,-331000,-331000
5215,科嘉-KY         ,511000,823000,-312000,0,0,0,0,196894,-196894,177000,177000,0,177000,0,0,0,-331894
066164,精元凱基01購01  ,0,0,0,0,0,0,0,0,0,-332000,0,0,0,0,332000,-332000,-332000
066183,眾達凱基01購01  ,0,0,0,0,0,0,0,0,0,-332000,0,0,0,49000,381000,-332000,-332000
063584,南六國泰01購01  ,0,0,0,0,0,0,0,0,0,-332000,0,0,0,137000,469000,-332000,-332000
066011,華通元富01購01  ,0,0,0,0,0,0,0,0,0,-333000,0,0,0,118000,451000,-333000,-333000
066285,松翰元大01購02  ,0,0,0,0,0,0,0,0,0,-334000,0,0,0,65000,399000,-334000,-334000
063352,上銀元富9B購02  ,0,0,0,0,0,0,0,0,0,-334000,0,0,0,13000,347000,-334000,-334000
063569,美食元大9B購03  ,0,0,0,0,0,0,0,0,0,-334000,0,0,0,0,334000,-334000,-334000
066249,生達元大01購01  ,0,0,0,0,0,0,0,0,0,-335000,0,0,0,215000,550000,-335000,-335000
066202,大立光統一02購07,0,0,0,0,0,0,0,0,0,-335000,0,0,0,32000,367000,-335000,-335000
065681,聯發科統一9C購17,0,0,0,0,0,0,0,0,0,-335000,0,0,0,280000,615000,-335000,-335000
06503P,臺股指中信9A售02,0,0,0,0,0,0,0,0,0,-335000,0,0,0,245000,580000,-335000,-335000
08130P,義隆元大9B售05  ,0,0,0,0,0,0,0,0,0,-336000,0,0,0,94000,430000,-336000,-336000
066370,帆宣中信01購01  ,0,0,0,0,0,0,0,0,0,-337000,0,0,0,87000,424000,-337000,-337000
066247,中化元大01購02  ,0,0,0,0,0,0,0,0,0,-338000,0,0,0,40000,378000,-338000,-338000
059949,啟碁永豐99購01  ,0,0,0,0,0,0,0,0,0,-339000,0,0,0,112000,451000,-339000,-339000
066035,南電群益01購01  ,0,0,0,0,0,0,0,0,0,-339000,0,0,0,2000,341000,-339000,-339000
066772,友達富邦03購01  ,0,0,0,0,0,0,0,0,0,-340000,0,0,0,0,340000,-340000,-340000
067352,美律群益01購01  ,0,0,0,0,0,0,0,0,0,-340000,0,0,0,33000,373000,-340000,-340000
067266,義隆國泰03購01  ,0,0,0,0,0,0,0,0,0,-340000,0,0,0,499000,839000,-340000,-340000
056353,鴻海元大99購02  ,0,0,0,0,0,0,0,0,0,-340000,0,0,0,160000,500000,-340000,-340000
054428,禾伸堂富邦98購01,0,0,0,0,0,0,0,0,0,-340000,0,0,0,60000,400000,-340000,-340000
065653,同欣電元大03購01,0,0,0,0,0,0,0,0,0,-341000,0,0,0,455000,796000,-341000,-341000
067287,瀚宇博國票02購01,0,0,0,0,0,0,0,0,0,-342000,0,0,0,0,342000,-342000,-342000
067505,微星統一03購01  ,0,0,0,0,0,0,0,0,0,-342000,0,0,0,93000,435000,-342000,-342000
066731,瑞昱元大01購01  ,0,0,0,0,0,0,0,0,0,-343000,0,0,0,377000,720000,-343000,-343000
4961,天鈺            ,94000,436000,-342000,0,0,0,0,0,0,-1000,0,1000,-1000,0,0,0,-343000
067711,緯穎元富05購01  ,0,0,0,0,0,0,0,0,0,-344000,0,0,0,42000,386000,-344000,-344000
059500,鴻海元富99購11  ,0,0,0,0,0,0,0,0,0,-344000,0,0,0,0,344000,-344000,-344000
065300,燿華元富9C購03  ,0,0,0,0,0,0,0,0,0,-344000,0,0,0,353000,697000,-344000,-344000
060636,大毅永豐9A購02  ,0,0,0,0,0,0,0,0,0,-345000,0,0,0,0,345000,-345000,-345000
061598,南電永豐9A購04  ,0,0,0,0,0,0,0,0,0,-346000,0,0,0,20000,366000,-346000,-346000
065044,大立光凱基9C購06,0,0,0,0,0,0,0,0,0,-346000,0,0,0,570000,916000,-346000,-346000
064074,南茂永豐9C購01  ,0,0,0,0,0,0,0,0,0,-347000,0,0,0,39000,386000,-347000,-347000
064418,鴻海兆豐01購02  ,0,0,0,0,0,0,0,0,0,-347000,0,0,0,10000,357000,-347000,-347000
057592,美律兆豐99購01  ,0,0,0,0,0,0,0,0,0,-348000,0,0,0,158000,506000,-348000,-348000
8112,至上            ,340000,671000,-331000,0,0,0,0,1000,-1000,-16000,0,16000,-16000,0,0,0,-348000
066439,信錦群益02購01  ,0,0,0,0,0,0,0,0,0,-349000,0,0,0,39000,388000,-349000,-349000
060156,光磊永豐9A購01  ,0,0,0,0,0,0,0,0,0,-349000,0,0,0,20000,369000,-349000,-349000
08815P,聯發科國泰03售03,0,0,0,0,0,0,0,0,0,-349000,0,0,0,20000,369000,-349000,-349000
066056,聯鈞元大01購02  ,0,0,0,0,0,0,0,0,0,-350000,0,0,0,0,350000,-350000,-350000
058809,國巨統一9B購03  ,0,0,0,0,0,0,0,0,0,-350000,0,0,0,100000,450000,-350000,-350000
063785,華通中信06購02  ,0,0,0,0,0,0,0,0,0,-350000,0,0,0,0,350000,-350000,-350000
3583,辛耘            ,567000,1101000,-534000,0,0,0,159000,0,159000,25000,50000,25000,25000,0,0,0,-350000
058779,大立光國票9A購02,0,0,0,0,0,0,0,0,0,-351000,0,0,0,69000,420000,-351000,-351000
00652,富邦印度        ,0,0,0,0,0,0,0,0,0,-351000,0,0,0,24000,375000,-351000,-351000
052269,T50反1日盛9B購01,0,0,0,0,0,0,0,0,0,-352000,0,0,0,0,352000,-352000,-352000
067140,鎧勝永豐01購02  ,0,0,0,0,0,0,0,0,0,-353000,0,0,0,98000,451000,-353000,-353000
067349,中化群益02購01  ,0,0,0,0,0,0,0,0,0,-353000,0,0,0,13000,366000,-353000,-353000
067001,中化永豐01購02  ,0,0,0,0,0,0,0,0,0,-354000,0,0,0,0,354000,-354000,-354000
058148,百和元大99購01  ,0,0,0,0,0,0,0,0,0,-354000,0,0,0,0,354000,-354000,-354000
062552,南電永豐9B購01  ,0,0,0,0,0,0,0,0,0,-355000,0,0,0,14000,369000,-355000,-355000
061387,鴻海群益9A購05  ,0,0,0,0,0,0,0,0,0,-355000,0,0,0,20000,375000,-355000,-355000
065743,宏達電麥證9C購02,0,0,0,0,355000,-355000,0,0,0,-355000,0,0,0,0,355000,-355000,-355000
067316,嘉澤元大01購03  ,0,0,0,0,0,0,0,0,0,-356000,0,0,0,169000,525000,-356000,-356000
067307,聯詠元大01購06  ,0,0,0,0,0,0,0,0,0,-356000,0,0,0,227000,583000,-356000,-356000
065605,義隆元大01購02  ,0,0,0,0,0,0,0,0,0,-356000,0,0,0,111000,467000,-356000,-356000
058209,臺股指凱基01購01,0,0,0,0,0,0,0,0,0,-357000,0,0,0,371000,728000,-357000,-357000
03840P,台積電統一99售02,0,0,0,0,0,0,0,0,0,-357000,0,0,0,0,357000,-357000,-357000
067344,鎧勝凱基02購01  ,0,0,0,0,0,0,0,0,0,-358000,0,0,0,1000,359000,-358000,-358000
062106,華邦電國票9B購02,0,0,0,0,0,0,0,0,0,-358000,0,0,0,0,358000,-358000,-358000
067483,禾伸堂元大01購02,0,0,0,0,0,0,0,0,0,-359000,0,0,0,10000,369000,-359000,-359000
059996,美律元富99購01  ,0,0,0,0,0,0,0,0,0,-359000,0,0,0,37000,396000,-359000,-359000
065405,華新科富邦03購01,0,0,0,0,0,0,0,0,0,-359000,0,0,0,111000,470000,-359000,-359000
064415,群創麥證9C購01  ,0,0,0,60000,419000,-359000,0,0,0,-359000,0,0,0,60000,419000,-359000,-359000
065791,牧德永豐9C購03  ,0,0,0,0,0,0,0,0,0,-360000,0,0,0,50000,410000,-360000,-360000
062573,大毅群益9B購03  ,0,0,0,0,0,0,0,0,0,-361000,0,0,0,73000,434000,-361000,-361000
2809,京城銀          ,488000,261000,227000,0,0,0,0,3000,-3000,-586000,108000,80000,28000,4000,618000,-614000,-362000
065124,燿華永豐9C購03  ,0,0,0,0,0,0,0,0,0,-363000,0,0,0,61000,424000,-363000,-363000
05174P,元金2X富邦9B售01,0,0,0,0,0,0,0,0,0,-364000,0,0,0,0,364000,-364000,-364000
064193,華新群益9C購01  ,0,0,0,0,0,0,0,0,0,-364000,0,0,0,23000,387000,-364000,-364000
066868,聯發科元富07購01,0,0,0,0,0,0,0,0,0,-365000,0,0,0,115000,480000,-365000,-365000
065409,鴻海永豐9C購01  ,0,0,0,0,0,0,0,0,0,-365000,0,0,0,0,365000,-365000,-365000
065133,SP黃豆凱基02購01,0,0,0,0,0,0,0,0,0,-365000,0,0,0,0,365000,-365000,-365000
067762,康舒永豐01購02  ,0,0,0,0,0,0,0,0,0,-367000,0,0,0,0,367000,-367000,-367000
063671,GIS統一01購01   ,0,0,0,0,0,0,0,0,0,-367000,0,0,0,1034000,1401000,-367000,-367000
061170,南茂兆豐9B購01  ,0,0,0,0,0,0,0,0,0,-368000,0,0,0,30000,398000,-368000,-368000
065867,鴻海群益9C購08  ,0,0,0,0,0,0,0,0,0,-369000,0,0,0,48000,417000,-369000,-369000
052344,台表科凱基98購01,0,0,0,0,0,0,0,0,0,-370000,0,0,0,0,370000,-370000,-370000
064790,金像電國票01購01,0,0,0,0,0,0,0,0,0,-370000,0,0,0,37000,407000,-370000,-370000
066206,聯鈞統一01購01  ,0,0,0,0,0,0,0,0,0,-371000,0,0,0,45000,416000,-371000,-371000
6285,啟碁            ,401000,823000,-422000,0,0,0,0,4000,-4000,55000,12000,3000,9000,46000,0,46000,-371000
067218,鎧勝元大01購04  ,0,0,0,0,0,0,0,0,0,-373000,0,0,0,5000,378000,-373000,-373000
061077,國巨兆豐9B購01  ,0,0,0,0,0,0,0,0,0,-374000,0,0,0,33000,407000,-374000,-374000
07590P,玉晶光國票9A售03,0,0,0,0,0,0,0,0,0,-375000,0,0,0,105000,480000,-375000,-375000
067428,大毅凱基01購02  ,0,0,0,0,0,0,0,0,0,-378000,0,0,0,70000,448000,-378000,-378000
064967,道瓊銀元大01購01,0,0,0,0,0,0,0,0,0,-378000,0,0,0,0,378000,-378000,-378000
6230,超眾            ,46000,197000,-151000,0,0,0,0,179000,-179000,-48000,0,0,0,7000,55000,-48000,-378000
066246,中化元大01購01  ,0,0,0,0,0,0,0,0,0,-379000,0,0,0,39000,418000,-379000,-379000
061318,智邦凱基9B購01  ,0,0,0,0,0,0,0,0,0,-379000,0,0,0,62000,441000,-379000,-379000
064393,友訊永豐9C購01  ,0,0,0,0,0,0,0,0,0,-379000,0,0,0,27000,406000,-379000,-379000
062543,華通富邦9C購01  ,0,0,0,0,0,0,0,0,0,-380000,0,0,0,357000,737000,-380000,-380000
058327,大毅統一9B購01  ,0,0,0,0,0,0,0,0,0,-381000,0,0,0,394000,775000,-381000,-381000
067135,聯詠永豐01購02  ,0,0,0,0,0,0,0,0,0,-382000,0,0,0,3000,385000,-382000,-382000
1310,台苯            ,101000,475000,-374000,0,0,0,0,2000,-2000,-6000,0,5000,-5000,6000,7000,-1000,-382000
063482,緯穎元大9B購09  ,0,0,0,0,0,0,0,0,0,-384000,0,0,0,68000,452000,-384000,-384000
066014,嘉晶元富07購01  ,0,0,0,0,0,0,0,0,0,-384000,0,0,0,978000,1362000,-384000,-384000
066798,燿華凱基02購02  ,0,0,0,0,0,0,0,0,0,-385000,0,0,0,448000,833000,-385000,-385000
067470,國巨元大01購10  ,0,0,0,0,0,0,0,0,0,-385000,0,0,0,50000,435000,-385000,-385000
3029,零壹            ,159000,485000,-326000,0,0,0,0,0,0,-59000,4000,63000,-59000,0,0,0,-385000
067903,申豐群益01購01  ,0,0,0,0,0,0,0,0,0,-386000,0,0,0,0,386000,-386000,-386000
063382,南茂永豐9B購01  ,0,0,0,0,0,0,0,0,0,-386000,0,0,0,10000,396000,-386000,-386000
060164,合勤控永豐9A購01,0,0,0,0,0,0,0,0,0,-386000,0,0,0,179000,565000,-386000,-386000
067386,巨大統一02購02  ,0,0,0,0,0,0,0,0,0,-387000,0,0,0,181000,568000,-387000,-387000
060203,緯穎元富9A購01  ,0,0,0,0,0,0,0,0,0,-387000,0,0,0,65000,452000,-387000,-387000
07976P,聯發科群益9C售02,0,0,0,0,0,0,0,0,0,-388000,0,0,0,101000,489000,-388000,-388000
062325,鴻海統一9B購05  ,0,0,0,0,0,0,0,0,0,-388000,0,0,0,39000,427000,-388000,-388000
057016,中石化凱基9B購01,0,0,0,0,0,0,0,0,0,-388000,0,0,0,0,388000,-388000,-388000
063548,同欣電兆豐9B購01,0,0,0,0,0,0,0,0,0,-389000,0,0,0,1249000,1638000,-389000,-389000
07949P,滬深2X元大9B售04,0,0,0,0,0,0,0,0,0,-390000,0,0,0,0,390000,-390000,-390000
060928,明泰永豐9A購01  ,0,0,0,0,0,0,0,0,0,-390000,0,0,0,0,390000,-390000,-390000
065012,燿華國泰02購01  ,0,0,0,0,0,0,0,0,0,-390000,0,0,0,628000,1018000,-390000,-390000
066773,美律富邦03購01  ,0,0,0,0,0,0,0,0,0,-391000,0,0,0,84000,475000,-391000,-391000
061372,世紀鋼國泰9C購01,0,0,0,0,0,0,0,0,0,-391000,0,0,0,336000,727000,-391000,-391000
066414,鴻海元大01購07  ,0,0,0,0,0,0,0,0,0,-392000,0,0,0,33000,425000,-392000,-392000
00875,國泰網路資安    ,1000,0,1000,0,0,0,0,0,0,-393000,0,0,0,169000,562000,-393000,-392000
08896P,台灣50群益01售10,0,0,0,0,0,0,0,0,0,-392000,0,0,0,0,392000,-392000,-392000
2633,台灣高鐵        ,793202,1136000,-342798,0,0,0,0,11000,-11000,-39000,0,15000,-15000,4000,28000,-24000,-392798
066538,信邦兆豐03購01  ,0,0,0,0,0,0,0,0,0,-393000,0,0,0,0,393000,-393000,-393000
4414,如興            ,1074000,1451000,-377000,0,0,0,0,0,0,-16000,1000,17000,-16000,0,0,0,-393000
067680,聯詠元大01購08  ,1000,0,1000,0,0,0,0,0,0,-395000,0,0,0,145000,540000,-395000,-394000
1210,大成            ,121000,512000,-391000,0,0,0,0,0,0,-3000,16000,25000,-9000,6000,0,6000,-394000
6257,矽格            ,1858000,2147000,-289000,0,0,0,0,0,0,-107000,183000,260000,-77000,127000,157000,-30000,-396000
056850,彩晶元富99購01  ,0,0,0,0,0,0,0,0,0,-397000,0,0,0,60000,457000,-397000,-397000
060716,新唐永豐9A購01  ,0,0,0,0,0,0,0,0,0,-397000,0,0,0,64000,461000,-397000,-397000
065902,燿華富邦02購01  ,0,0,0,0,0,0,0,0,0,-397000,0,0,0,36000,433000,-397000,-397000
063817,GIS群益9C購01   ,0,0,0,0,0,0,0,0,0,-397000,0,0,0,905000,1302000,-397000,-397000
067107,義隆群益01購02  ,0,0,0,0,0,0,0,0,0,-398000,0,0,0,132000,530000,-398000,-398000
08110P,臺股指中信01售05,0,0,0,0,0,0,0,0,0,-399000,0,0,0,50000,449000,-399000,-399000
065893,華新科統一02購02,0,0,0,0,0,0,0,0,0,-399000,0,0,0,164000,563000,-399000,-399000
3041,揚智            ,58000,456000,-398000,0,0,0,0,0,0,-1000,0,1000,-1000,0,0,0,-399000
07937P,國巨中信9B售03  ,0,0,0,0,0,0,0,0,0,-400000,0,0,0,0,400000,-400000,-400000
066879,智伸科富邦03購01,0,0,0,0,0,0,0,0,0,-400000,0,0,0,0,400000,-400000,-400000
08319P,台積電統一9C售11,0,0,0,0,0,0,0,0,0,-400000,0,0,0,0,400000,-400000,-400000
1216,統一            ,3330919,3568154,-237235,0,0,0,3000,143000,-140000,-23000,2000,21000,-19000,0,4000,-4000,-400235
058104,國巨統一9A購04  ,0,0,0,0,0,0,0,0,0,-401000,0,0,0,100000,501000,-401000,-401000
063195,訊連元富9B購01  ,0,0,0,0,0,0,0,0,0,-401000,0,0,0,386000,787000,-401000,-401000
067232,友訊群益01購05  ,0,0,0,0,0,0,0,0,0,-402000,0,0,0,20000,422000,-402000,-402000
057923,晶豪科凱基98購02,0,0,0,0,0,0,0,0,0,-402000,0,0,0,48000,450000,-402000,-402000
065098,致伸元大9C購02  ,0,0,0,0,0,0,0,0,0,-402000,0,0,0,22000,424000,-402000,-402000
07786P,南電中信9C售01  ,0,0,0,0,0,0,0,0,0,-403000,0,0,0,0,403000,-403000,-403000
062967,上銀元富9B購01  ,0,0,0,0,0,0,0,0,0,-403000,0,0,0,46000,449000,-403000,-403000
07060P,台表科國票9A售01,0,0,0,0,0,0,0,0,0,-404000,0,0,0,309000,713000,-404000,-404000
059999,緯穎元富99購01  ,0,0,0,0,0,0,0,0,0,-405000,0,0,0,22000,427000,-405000,-405000
046628,大立光統一98購01,0,0,0,0,0,0,0,0,0,-406000,0,0,0,311000,717000,-406000,-406000
08299P,玉晶光國票02售01,0,0,0,0,0,0,0,0,0,-407000,0,0,0,445000,852000,-407000,-407000
062388,旭富國泰01購01  ,0,0,0,0,0,0,0,0,0,-407000,0,0,0,567000,974000,-407000,-407000
08470P,世芯凱基9C售02  ,0,0,0,0,0,0,0,0,0,-407000,0,0,0,42000,449000,-407000,-407000
067870,玉晶光元大01購07,0,0,0,0,0,0,0,0,0,-408000,0,0,0,0,408000,-408000,-408000
08610P,鴻海凱基9C售05  ,0,0,0,0,0,0,0,0,0,-408000,0,0,0,23000,431000,-408000,-408000
058622,國巨國票99購07  ,0,0,0,0,0,0,0,0,0,-409000,0,0,0,51000,460000,-409000,-409000
067723,國揚凱基01購02  ,0,0,0,0,0,0,0,0,0,-410000,0,0,0,0,410000,-410000,-410000
08180P,聯發科國泰01售05,0,0,0,0,0,0,0,0,0,-410000,0,0,0,0,410000,-410000,-410000
062377,力成元大9B購01  ,0,0,0,0,0,0,0,0,0,-410000,0,0,0,10000,420000,-410000,-410000
063796,鴻海凱基9C購02  ,0,0,0,0,0,0,0,0,0,-410000,0,0,0,8000,418000,-410000,-410000
067706,台積電元富07購07,0,0,0,0,0,0,0,0,0,-411000,0,0,0,57000,468000,-411000,-411000
067627,中興電永豐01購01,0,0,0,0,0,0,0,0,0,-411000,0,0,0,25000,436000,-411000,-411000
066530,美律元富04購01  ,0,0,0,0,0,0,0,0,0,-411000,0,0,0,365000,776000,-411000,-411000
063339,智邦統一01購01  ,0,0,0,0,0,0,0,0,0,-411000,0,0,0,39000,450000,-411000,-411000
063593,GIS永豐9B購01   ,0,0,0,0,0,0,0,0,0,-411000,0,0,0,853000,1264000,-411000,-411000
3665,貿聯-KY         ,278000,576000,-298000,0,0,0,0,5000,-5000,-108000,0,60000,-60000,5000,53000,-48000,-411000
061379,鈺齊永豐9A購02  ,0,0,0,0,0,0,0,0,0,-412000,0,0,0,206000,618000,-412000,-412000
064781,嘉晶群益9C購04  ,0,0,0,0,0,0,0,0,0,-412000,0,0,0,156000,568000,-412000,-412000
066132,精元群益01購01  ,0,0,0,0,0,0,0,0,0,-413000,0,0,0,63000,476000,-413000,-413000
056520,鴻海日盛99購01  ,0,0,0,0,0,0,0,0,0,-413000,0,0,0,2000,415000,-413000,-413000
064049,信邦統一01購01  ,0,0,0,0,0,0,0,0,0,-415000,0,0,0,60000,475000,-415000,-415000
065868,燿華群益02購01  ,0,0,0,0,0,0,0,0,0,-415000,0,0,0,264000,679000,-415000,-415000
061136,可成統一9A購01  ,0,0,0,0,0,0,0,0,0,-416000,0,0,0,35000,451000,-416000,-416000
062393,智邦富邦9B購01  ,0,0,0,0,0,0,0,0,0,-417000,0,0,0,273000,690000,-417000,-417000
065543,緯穎元富01購01  ,0,0,0,0,0,0,0,0,0,-418000,0,0,0,192000,610000,-418000,-418000
066706,揚明光群益01購01,0,0,0,0,0,0,0,0,0,-422000,0,0,0,145000,567000,-422000,-422000
065104,南茂元大9C購02  ,0,0,0,0,0,0,0,0,0,-422000,0,0,0,46000,468000,-422000,-422000
4564,元翎            ,340000,763000,-423000,0,0,0,0,0,0,1000,0,0,0,2000,1000,1000,-422000
066266,強茂元大01購01  ,0,0,0,0,0,0,0,0,0,-424000,0,0,0,377000,801000,-424000,-424000
03451B,臺股指凱基9C熊23,0,0,0,0,0,0,0,0,0,-424000,0,0,0,679000,1103000,-424000,-424000
067008,康舒永豐01購01  ,0,0,0,0,0,0,0,0,0,-425000,0,0,0,193000,618000,-425000,-425000
058399,美律元大99購05  ,0,0,0,0,0,0,0,0,0,-425000,0,0,0,74000,499000,-425000,-425000
057941,聯電國票99購01  ,0,0,0,0,0,0,0,0,0,-425000,0,0,0,227000,652000,-425000,-425000
065354,金像電元富03購01,0,0,0,0,0,0,0,0,0,-425000,0,0,0,152000,577000,-425000,-425000
2464,盟立            ,0,494000,-494000,0,0,0,0,0,0,69000,0,1000,-1000,108000,38000,70000,-425000
066323,精元永豐01購01  ,0,0,0,0,0,0,0,0,0,-428000,0,0,0,31000,459000,-428000,-428000
065750,智邦元大9C購09  ,0,0,0,0,0,0,0,0,0,-428000,0,0,0,262000,690000,-428000,-428000
064042,國巨統一9C購12  ,0,0,0,0,0,0,0,0,0,-428000,0,0,0,229000,657000,-428000,-428000
064590,牧德永豐9C購01  ,0,0,0,0,0,0,0,0,0,-430000,0,0,0,0,430000,-430000,-430000
062870,亞德客兆豐9C購01,0,0,0,0,0,0,0,0,0,-431000,0,0,0,0,431000,-431000,-431000
067099,友訊群益01購04  ,20000,0,20000,0,0,0,0,0,0,-452000,0,0,0,64000,516000,-452000,-432000
08647P,鴻海凱基9C售06  ,0,0,0,0,0,0,0,0,0,-432000,0,0,0,12000,444000,-432000,-432000
066227,惠特國泰03購02  ,0,0,0,0,0,0,0,0,0,-433000,0,0,0,493000,926000,-433000,-433000
061131,崇越永豐9A購01  ,0,0,0,0,0,0,0,0,0,-433000,0,0,0,0,433000,-433000,-433000
064260,矽創富邦9C購01  ,0,0,0,0,0,0,0,0,0,-434000,0,0,0,49000,483000,-434000,-434000
066877,奇鋐富邦03購01  ,0,0,0,0,0,0,0,0,0,-437000,0,0,0,236000,673000,-437000,-437000
054633,臺股指凱基9A購02,0,0,0,0,0,0,0,0,0,-439000,0,0,0,71000,510000,-439000,-439000
066697,長興群益01購01  ,0,0,0,0,0,0,0,0,0,-441000,0,0,0,10000,451000,-441000,-441000
066130,燿華群益01購03  ,0,0,0,0,0,0,0,0,0,-441000,0,0,0,157000,598000,-441000,-441000
066316,台船永豐01購01  ,0,0,0,0,0,0,0,0,0,-443000,0,0,0,58000,501000,-443000,-443000
065165,上銀元大9C購09  ,0,0,0,0,0,0,0,0,0,-444000,0,0,0,123000,567000,-444000,-444000
067274,燿華統一03購01  ,0,0,0,0,0,0,0,0,0,-445000,0,0,0,115000,560000,-445000,-445000
03689C,T50反1元大02牛01,0,0,0,0,0,0,0,0,0,-446000,0,0,0,330000,776000,-446000,-446000
066944,鴻海元大01購13  ,0,0,0,0,0,0,0,0,0,-449000,0,0,0,20000,469000,-449000,-449000
067203,台達電元大01購03,0,0,0,0,0,0,0,0,0,-449000,0,0,0,173000,622000,-449000,-449000
058185,國巨永豐99購01  ,0,0,0,0,0,0,0,0,0,-450000,0,0,0,0,450000,-450000,-450000
065976,牧德元大02購02  ,0,0,0,0,0,0,0,0,0,-450000,0,0,0,0,450000,-450000,-450000
066950,義隆元大01購03  ,0,0,0,0,0,0,0,0,0,-452000,0,0,0,357000,809000,-452000,-452000
067362,眾達群益01購02  ,0,0,0,0,0,0,0,0,0,-454000,0,0,0,0,454000,-454000,-454000
067040,鴻海凱基02購04  ,0,0,0,0,0,0,0,0,0,-455000,0,0,0,10000,465000,-455000,-455000
053118,大立光中信9C購01,0,0,0,0,0,0,0,0,0,-455000,0,0,0,0,455000,-455000,-455000
07109P,聯發科中信9B售02,0,0,0,0,0,0,0,0,0,-460000,0,0,0,0,460000,-460000,-460000
00662,富邦NASDAQ      ,0,0,0,0,0,0,0,0,0,-460000,0,0,0,88000,548000,-460000,-460000
065940,立積群益02購01  ,0,0,0,0,0,0,0,0,0,-460000,0,0,0,78000,538000,-460000,-460000
063374,嘉澤永豐9B購04  ,0,0,0,0,0,0,0,0,0,-461000,0,0,0,46000,507000,-461000,-461000
064843,巨大統一02購01  ,0,0,0,0,0,0,0,0,0,-464000,0,0,0,231000,695000,-464000,-464000
067863,國巨元大02購05  ,0,0,0,0,0,0,0,0,0,-465000,0,0,0,0,465000,-465000,-465000
053292,美律中信98購01  ,0,0,0,0,0,0,0,0,0,-465000,0,0,0,8000,473000,-465000,-465000
057525,光磊元大99購01  ,0,0,0,0,0,0,0,0,0,-465000,0,0,0,35000,500000,-465000,-465000
066956,華擎元大01購04  ,0,0,0,0,0,0,0,0,0,-467000,0,0,0,233000,700000,-467000,-467000
08726P,台積電群益01售07,0,0,0,0,0,0,0,0,0,-467000,0,0,0,512000,979000,-467000,-467000
06466P,台積電統一9B售01,0,0,0,0,0,0,0,0,0,-468000,0,0,0,60000,528000,-468000,-468000
060862,美律永豐9A購01  ,0,0,0,0,0,0,0,0,0,-470000,0,0,0,131000,601000,-470000,-470000
061121,智邦永豐9A購02  ,0,0,0,0,0,0,0,0,0,-472000,0,0,0,27000,499000,-472000,-472000
061876,明泰元大9B購01  ,0,0,0,0,0,0,0,0,0,-472000,0,0,0,168000,640000,-472000,-472000
063136,智邦統一9B購02  ,0,0,0,0,0,0,0,0,0,-472000,0,0,0,539000,1011000,-472000,-472000
1789,神隆            ,438000,958000,-520000,0,0,0,0,0,0,47000,143000,10000,133000,49000,135000,-86000,-473000
064180,國巨富邦02購03  ,0,0,0,0,0,0,0,0,0,-474000,0,0,0,293000,767000,-474000,-474000
063338,國巨統一9C購11  ,0,0,0,0,0,0,0,0,0,-475000,0,0,0,55000,530000,-475000,-475000
5522,遠雄            ,73000,987000,-914000,0,0,0,0,0,0,438000,0,7000,-7000,445000,0,445000,-476000
059008,鈺齊元大99購03  ,0,0,0,0,0,0,0,0,0,-477000,0,0,0,161000,638000,-477000,-477000
057912,美律日盛99購01  ,0,0,0,0,0,0,0,0,0,-479000,0,0,0,16000,495000,-479000,-479000
066813,亞德客兆豐01購01,0,0,0,0,0,0,0,0,0,-480000,0,0,0,50000,530000,-480000,-480000
066513,精元永豐01購02  ,0,0,0,0,0,0,0,0,0,-480000,0,0,0,54000,534000,-480000,-480000
059956,玉山金康和99購01,0,0,0,0,0,0,0,0,0,-480000,0,0,0,0,480000,-480000,-480000
066448,眾達群益01購01  ,0,0,0,0,0,0,0,0,0,-483000,0,0,0,40000,523000,-483000,-483000
08543P,世芯國票01售02  ,0,0,0,0,0,0,0,0,0,-483000,0,0,0,78000,561000,-483000,-483000
067435,眾達凱基02購01  ,0,0,0,0,0,0,0,0,0,-484000,0,0,0,0,484000,-484000,-484000
063586,燿華永豐9B購02  ,0,0,0,0,0,0,0,0,0,-484000,0,0,0,75000,559000,-484000,-484000
066281,眾達元大02購01  ,0,0,0,0,0,0,0,0,0,-485000,0,0,0,146000,631000,-485000,-485000
067036,南電康和01購02  ,0,0,0,0,0,0,0,0,0,-485000,0,0,0,334000,819000,-485000,-485000
3530,晶相光          ,65000,488000,-423000,0,0,0,0,0,0,-63000,0,3000,-3000,0,60000,-60000,-486000
060154,堤維西永豐9A購01,0,0,0,0,0,0,0,0,0,-488000,0,0,0,0,488000,-488000,-488000
064853,亞德客麥證9C購01,0,0,0,0,490000,-490000,0,0,0,-490000,0,0,0,0,490000,-490000,-490000
066095,友訊中信05購01  ,0,0,0,0,0,0,0,0,0,-494000,0,0,0,52000,546000,-494000,-494000
063877,鴻海元富9C購01  ,0,0,0,0,0,0,0,0,0,-494000,0,0,0,0,494000,-494000,-494000
08538P,聯發科國票01售01,0,0,0,0,0,0,0,0,0,-494000,0,0,0,20000,514000,-494000,-494000
066057,華擎元大02購01  ,0,0,0,0,0,0,0,0,0,-495000,0,0,0,50000,545000,-495000,-495000
062050,亞德客統一9C購01,0,0,0,0,0,0,0,0,0,-495000,0,0,0,100000,595000,-495000,-495000
066959,新唐元大01購01  ,0,0,0,0,0,0,0,0,0,-496000,0,0,0,0,496000,-496000,-496000
064818,華新統一01購01  ,0,0,0,0,0,0,0,0,0,-498000,0,0,0,20000,518000,-498000,-498000
07938P,國巨統一9B售10  ,0,0,0,0,0,0,0,0,0,-499000,0,0,0,0,499000,-499000,-499000
07847P,國巨群益9A售13  ,0,0,0,0,0,0,0,0,0,-499000,0,0,0,0,499000,-499000,-499000
07886P,國巨國票9B售06  ,0,0,0,0,0,0,0,0,0,-499000,0,0,0,2000,501000,-499000,-499000
061544,大毅群益9B購02  ,0,0,0,0,0,0,0,0,0,-499000,0,0,0,0,499000,-499000,-499000
08811P,鴻海群益01售08  ,0,0,0,0,0,0,0,0,0,-499000,0,0,0,0,499000,-499000,-499000
066487,聯詠元富01購03  ,0,0,0,0,0,0,0,0,0,-500000,0,0,0,95000,595000,-500000,-500000
6416,瑞祺電通        ,71000,263000,-192000,0,0,0,0,263000,-263000,-45000,15000,10000,5000,0,50000,-50000,-500000
063838,上銀元大9C購01  ,0,0,0,0,0,0,0,0,0,-501000,0,0,0,0,501000,-501000,-501000
9103,美德醫療-DR     ,10000,416000,-406000,0,0,0,0,0,0,-95000,0,0,0,0,95000,-95000,-501000
066229,力山富邦04購01  ,0,0,0,0,0,0,0,0,0,-502000,0,0,0,479000,981000,-502000,-502000
058435,旺宏統一9B購02  ,0,0,0,0,0,0,0,0,0,-503000,0,0,0,0,503000,-503000,-503000
055652,聯詠元富01購01  ,0,0,0,0,0,0,0,0,0,-503000,0,0,0,48000,551000,-503000,-503000
063806,瀚宇博兆豐01購01,0,0,0,0,0,0,0,0,0,-505000,0,0,0,88000,593000,-505000,-505000
067006,德律永豐01購02  ,0,0,0,0,0,0,0,0,0,-507000,0,0,0,58000,565000,-507000,-507000
058026,上銀富邦9A購01  ,0,0,0,0,0,0,0,0,0,-507000,0,0,0,0,507000,-507000,-507000
066087,大毅永豐01購02  ,0,0,0,0,0,0,0,0,0,-509000,0,0,0,5000,514000,-509000,-509000
065341,華邦電統一01購02,0,0,0,0,0,0,0,0,0,-509000,0,0,0,230000,739000,-509000,-509000
2441,超豐            ,300000,854000,-554000,0,0,0,0,0,0,45000,48000,3000,45000,0,0,0,-509000
2371,大同            ,564000,822000,-258000,0,0,0,0,0,0,-252000,2000,254000,-252000,0,0,0,-510000
6196,帆宣            ,207000,722000,-515000,0,0,0,0,0,0,5000,54000,3000,51000,16000,62000,-46000,-510000
3653,健策            ,269000,591000,-322000,0,0,0,12000,66000,-54000,-135000,108000,55000,53000,10000,198000,-188000,-511000
6504,南六            ,406000,561000,-155000,0,0,0,14000,556000,-542000,183000,191000,61000,130000,85000,32000,53000,-514000
062597,世紀鋼統一01購01,0,0,0,0,0,0,0,0,0,-515000,0,0,0,188000,703000,-515000,-515000
060493,美律元富01購01  ,0,0,0,0,0,0,0,0,0,-515000,0,0,0,286000,801000,-515000,-515000
066562,上緯控元大01購01,0,0,0,0,0,0,0,0,0,-516000,0,0,0,169000,685000,-516000,-516000
060309,佳世達永豐9A購01,0,0,0,0,0,0,0,0,0,-517000,0,0,0,0,517000,-517000,-517000
065946,鴻海統一03購03  ,0,0,0,0,0,0,0,0,0,-518000,0,0,0,1000,519000,-518000,-518000
6278,台表科          ,1552000,2362000,-810000,0,0,0,90000,0,90000,202000,469000,292000,177000,41000,16000,25000,-518000
061165,美律兆豐9A購01  ,0,0,0,0,0,0,0,0,0,-519000,0,0,0,444000,963000,-519000,-519000
062135,國巨群益9B購05  ,0,0,0,0,0,0,0,0,0,-519000,0,0,0,0,519000,-519000,-519000
2201,裕隆            ,1049000,910000,139000,0,0,0,0,0,0,-659000,1000,12000,-11000,9000,657000,-648000,-520000
062716,鴻海凱基9B購06  ,0,0,0,0,0,0,0,0,0,-522000,0,0,0,13000,535000,-522000,-522000
064865,美律永豐9C購02  ,0,0,0,0,0,0,0,0,0,-522000,0,0,0,98000,620000,-522000,-522000
060783,亞德客富邦9B購01,0,0,0,0,0,0,0,0,0,-523000,0,0,0,101000,624000,-523000,-523000
063444,金像電統一03購01,0,0,0,0,0,0,0,0,0,-525000,0,0,0,101000,626000,-525000,-525000
064072,康友永豐9C購01  ,0,0,0,0,0,0,0,0,0,-525000,0,0,0,10000,535000,-525000,-525000
2484,希華            ,230000,761000,-531000,0,0,0,0,0,0,0,0,0,0,0,0,0,-531000
08682P,鴻海凱基01售06  ,0,0,0,0,0,0,0,0,0,-532000,0,0,0,14000,546000,-532000,-532000
066305,華夏永豐01購01  ,0,0,0,0,0,0,0,0,0,-534000,0,0,0,50000,584000,-534000,-534000
063881,嘉晶元富9C購01  ,0,0,0,0,0,0,0,0,0,-534000,0,0,0,307000,841000,-534000,-534000
065457,旭富元富03購01  ,0,0,0,0,0,0,0,0,0,-534000,0,0,0,529000,1063000,-534000,-534000
067083,正文元大01購01  ,0,0,0,0,0,0,0,0,0,-536000,0,0,0,279000,815000,-536000,-536000
08706P,台積電統一02售04,0,0,0,0,0,0,0,0,0,-537000,0,0,0,0,537000,-537000,-537000
061227,日月光中信9B購01,0,0,0,0,0,0,0,0,0,-538000,0,0,0,318000,856000,-538000,-538000
064966,FBVIX元大9C購03 ,0,0,0,0,0,0,0,0,0,-539000,0,0,0,0,539000,-539000,-539000
061361,世紀鋼兆豐9A購01,0,0,0,0,0,0,0,0,0,-542000,0,0,0,2000,544000,-542000,-542000
2355,敬鵬            ,203000,740000,-537000,0,0,0,0,0,0,-6000,2000,1000,1000,30000,37000,-7000,-543000
067683,上緯控元大01購03,0,0,0,0,0,0,0,0,0,-544000,0,0,0,3000,547000,-544000,-544000
064750,緯穎麥證9C購01  ,0,0,0,7000,553000,-546000,0,0,0,-546000,0,0,0,7000,553000,-546000,-546000
061959,鴻海統一9B購04  ,0,0,0,0,0,0,0,0,0,-547000,0,0,0,210000,757000,-547000,-547000
064928,同欣電統一01購02,0,0,0,0,0,0,0,0,0,-548000,0,0,0,86000,634000,-548000,-548000
07048P,台積電中信03售01,0,0,0,0,0,0,0,0,0,-549000,0,0,0,6000,555000,-549000,-549000
063031,鴻海凱基9C購01  ,0,0,0,0,0,0,0,0,0,-550000,0,0,0,156000,706000,-550000,-550000
6209,今國光          ,351000,894000,-543000,0,0,0,0,0,0,-7000,0,7000,-7000,0,0,0,-550000
066529,巨大統一03購01  ,0,0,0,0,0,0,0,0,0,-553000,0,0,0,154000,707000,-553000,-553000
065474,旺宏元大9C購06  ,0,0,0,0,0,0,0,0,0,-556000,0,0,0,7000,563000,-556000,-556000
064597,鴻海元富9C購03  ,0,0,0,0,0,0,0,0,0,-557000,0,0,0,0,557000,-557000,-557000
064919,嘉晶統一02購02  ,0,0,0,0,0,0,0,0,0,-558000,0,0,0,20000,578000,-558000,-558000
062392,國巨富邦02購01  ,0,0,0,0,0,0,0,0,0,-560000,0,0,0,126000,686000,-560000,-560000
060158,廣達永豐9A購01  ,0,0,0,0,0,0,0,0,0,-560000,0,0,0,697000,1257000,-560000,-560000
063491,國巨富邦02購02  ,0,0,0,0,0,0,0,0,0,-560000,0,0,0,265000,825000,-560000,-560000
5880,合庫金          ,2954811,3388110,-433299,0,0,0,9000,90000,-81000,-46000,14000,51000,-37000,0,9000,-9000,-560299
08300P,世芯國票01售01  ,0,0,0,0,0,0,0,0,0,-561000,0,0,0,42000,603000,-561000,-561000
061589,世紀鋼富邦9B購01,0,0,0,0,0,0,0,0,0,-565000,0,0,0,66000,631000,-565000,-565000
062353,亞德客元大9B購01,0,0,0,0,0,0,0,0,0,-566000,0,0,0,124000,690000,-566000,-566000
067276,義隆統一03購01  ,0,0,0,0,0,0,0,0,0,-571000,0,0,0,80000,651000,-571000,-571000
057544,鴻海凱基02購01  ,0,0,0,0,0,0,0,0,0,-571000,0,0,0,274000,845000,-571000,-571000
063210,百和統一9C購01  ,0,0,0,0,0,0,0,0,0,-574000,0,0,0,40000,614000,-574000,-574000
063685,鴻海永豐9B購03  ,0,0,0,0,0,0,0,0,0,-575000,0,0,0,3000,578000,-575000,-575000
067269,眾達永豐01購02  ,0,0,0,0,0,0,0,0,0,-576000,0,0,0,12000,588000,-576000,-576000
066960,盛群元大01購01  ,0,0,0,0,0,0,0,0,0,-576000,0,0,0,40000,616000,-576000,-576000
067403,眾達永豐01購03  ,0,0,0,0,0,0,0,0,0,-577000,0,0,0,14000,591000,-577000,-577000
064149,美律統一02購01  ,0,0,0,0,0,0,0,0,0,-578000,0,0,0,129000,707000,-578000,-578000
067644,康舒統一01購01  ,0,0,0,0,0,0,0,0,0,-582000,0,0,0,162000,744000,-582000,-582000
065030,亞光兆豐9C購01  ,0,0,0,0,0,0,0,0,0,-583000,0,0,0,409000,992000,-583000,-583000
00674R,元大S&P黃金反1  ,0,0,0,0,0,0,0,0,0,-584000,0,0,0,224000,808000,-584000,-584000
2027,大成鋼          ,453220,954000,-500780,0,0,0,0,0,0,-87060,3000,16000,-13000,5000,79060,-74060,-587840
063451,漢翔統一9C購01  ,0,0,0,0,0,0,0,0,0,-588000,0,0,0,33000,621000,-588000,-588000
067246,鎧勝群益01購02  ,0,0,0,0,0,0,0,0,0,-589000,0,0,0,5000,594000,-589000,-589000
062817,富邦金兆豐9B購01,0,0,0,0,0,0,0,0,0,-589000,0,0,0,172000,761000,-589000,-589000
066995,盟立國泰03購01  ,0,0,0,0,0,0,0,0,0,-590000,0,0,0,486000,1076000,-590000,-590000
6533,晶心科          ,214000,799000,-585000,0,0,0,0,0,0,-5000,0,5000,-5000,0,0,0,-590000
067712,惠特元富04購01  ,0,0,0,0,0,0,0,0,0,-591000,0,0,0,6000,597000,-591000,-591000
065749,友訊元大9C購03  ,0,0,0,0,0,0,0,0,0,-594000,0,0,0,30000,624000,-594000,-594000
3014,聯陽            ,251000,817000,-566000,0,0,0,0,0,0,-28000,42000,1000,41000,0,69000,-69000,-594000
066899,義隆康和01購01  ,0,0,0,0,0,0,0,0,0,-595000,0,0,0,94000,689000,-595000,-595000
067229,台達電群益01購02,0,0,0,0,0,0,0,0,0,-597000,0,0,0,207000,804000,-597000,-597000
057282,大立光元大99購06,0,0,0,0,0,0,0,0,0,-597000,0,0,0,161000,758000,-597000,-597000
066013,友訊元富01購02  ,0,0,0,0,0,0,0,0,0,-598000,0,0,0,118000,716000,-598000,-598000
063651,金像電台新9B購01,0,0,0,0,0,0,0,0,0,-599000,0,0,0,260000,859000,-599000,-599000
2614,東森            ,108000,677000,-569000,0,0,0,0,0,0,-30000,0,0,0,0,30000,-30000,-599000
059588,鴻海元大99購32  ,0,0,0,0,0,0,0,0,0,-600000,0,0,0,0,600000,-600000,-600000
066117,茂林兆豐02購01  ,0,0,0,0,0,0,0,0,0,-601000,0,0,0,102000,703000,-601000,-601000
064338,美食元大9C購01  ,0,0,0,0,0,0,0,0,0,-601000,0,0,0,0,601000,-601000,-601000
067748,GIS元大01購02   ,0,0,0,0,0,0,0,0,0,-602000,0,0,0,288000,890000,-602000,-602000
07503P,禾伸堂元大9A售01,0,0,0,0,0,0,0,0,0,-604000,0,0,0,1000,605000,-604000,-604000
066346,眾達永豐01購01  ,0,0,0,0,0,0,0,0,0,-604000,0,0,0,40000,644000,-604000,-604000
066469,申豐統一02購02  ,0,0,0,0,0,0,0,0,0,-604000,0,0,0,74000,678000,-604000,-604000
056472,美律元大99購03  ,0,0,0,0,0,0,0,0,0,-605000,0,0,0,73000,678000,-605000,-605000
060364,奇力新元富9A購01,0,0,0,0,0,0,0,0,0,-605000,0,0,0,449000,1054000,-605000,-605000
065957,華擎統一03購02  ,0,0,0,0,0,0,0,0,0,-605000,0,0,0,20000,625000,-605000,-605000
059510,華新科永豐99購07,0,0,0,0,0,0,0,0,0,-606000,0,0,0,31000,637000,-606000,-606000
058507,美律元大9A購01  ,0,0,0,0,0,0,0,0,0,-608000,0,0,0,69000,677000,-608000,-608000
064982,新唐元大9C購01  ,0,0,0,0,0,0,0,0,0,-609000,0,0,0,133000,742000,-609000,-609000
07791P,奇鋐元大9A售02  ,0,0,0,0,0,0,0,0,0,-611000,0,0,0,0,611000,-611000,-611000
058437,可成統一9B購01  ,0,0,0,0,0,0,0,0,0,-616000,0,0,0,4000,620000,-616000,-616000
6288,聯嘉            ,214000,830000,-616000,0,0,0,0,0,0,0,2000,2000,0,0,0,0,-616000
060918,康友國泰9C購01  ,0,0,0,0,0,0,0,0,0,-617000,0,0,0,449000,1066000,-617000,-617000
067625,欣興富邦03購01  ,0,0,0,0,0,0,0,0,0,-619000,0,0,0,33000,652000,-619000,-619000
065659,華新科永豐9C購04,0,0,0,0,0,0,0,0,0,-619000,0,0,0,619000,1238000,-619000,-619000
066115,美律兆豐02購01  ,0,0,0,0,0,0,0,0,0,-620000,0,0,0,86000,706000,-620000,-620000
1711,永光            ,377000,1036000,-659000,0,0,0,0,0,0,37000,0,0,0,37000,0,37000,-622000
063846,智邦元大9C購01  ,0,0,0,0,0,0,0,0,0,-625000,0,0,0,107000,732000,-625000,-625000
063774,GIS富邦9B購02   ,0,0,0,0,0,0,0,0,0,-625000,0,0,0,652000,1277000,-625000,-625000
062846,國泰金富邦9C購01,0,0,0,0,0,0,0,0,0,-626000,0,0,0,343000,969000,-626000,-626000
065019,華邦電富邦9C購01,0,0,0,0,0,0,0,0,0,-627000,0,0,0,3000,630000,-627000,-627000
067289,燿華兆豐03購01  ,0,0,0,0,0,0,0,0,0,-631000,0,0,0,342000,973000,-631000,-631000
066629,國揚凱基01購01  ,0,0,0,0,0,0,0,0,0,-632000,0,0,0,23000,655000,-632000,-632000
07842P,力成元大9A售01  ,0,0,0,0,0,0,0,0,0,-637000,0,0,0,0,637000,-637000,-637000
058553,合勤控永豐99購01,0,0,0,0,0,0,0,0,0,-638000,0,0,0,66000,704000,-638000,-638000
060414,中興電永豐9A購01,0,0,0,0,0,0,0,0,0,-639000,0,0,0,0,639000,-639000,-639000
065719,T50反1兆豐9C購01,0,0,0,0,0,0,0,0,0,-642000,0,0,0,0,642000,-642000,-642000
067718,鴻海凱基01購09  ,0,0,0,0,0,0,0,0,0,-644000,0,0,0,30000,674000,-644000,-644000
066306,亞聚永豐01購01  ,0,0,0,0,0,0,0,0,0,-645000,0,0,0,92000,737000,-645000,-645000
1434,福懋            ,1088000,1022622,65378,0,0,0,0,0,0,-712000,0,13000,-13000,0,699000,-699000,-646622
061892,亞德客永豐9B購01,0,0,0,0,0,0,0,0,0,-647000,0,0,0,24000,671000,-647000,-647000
064245,GIS統一02購02   ,0,0,0,0,0,0,0,0,0,-647000,0,0,0,366000,1013000,-647000,-647000
063716,旺宏兆豐9B購01  ,0,0,0,0,0,0,0,0,0,-650000,0,0,0,0,650000,-650000,-650000
060313,淘帝永豐9A購01  ,0,0,0,0,0,0,0,0,0,-658000,0,0,0,20000,678000,-658000,-658000
064325,亞德客元大9C購01,0,0,0,0,0,0,0,0,0,-658000,0,0,0,85000,743000,-658000,-658000
08702P,南電康和01售01  ,0,0,0,0,0,0,0,0,0,-659000,0,0,0,0,659000,-659000,-659000
067666,國巨元大02購03  ,0,0,0,0,0,0,0,0,0,-660000,0,0,0,0,660000,-660000,-660000
062049,亞德客統一01購01,0,0,0,0,0,0,0,0,0,-665000,0,0,0,29000,694000,-665000,-665000
066354,緯穎永豐01購01  ,0,0,0,0,0,0,0,0,0,-666000,0,0,0,39000,705000,-666000,-666000
07844P,可成國票9A售01  ,0,0,0,0,0,0,0,0,0,-667000,0,0,0,70000,737000,-667000,-667000
064915,美律統一02購02  ,0,0,0,0,0,0,0,0,0,-671000,0,0,0,516000,1187000,-671000,-671000
2915,潤泰全          ,204000,590600,-386600,0,0,0,0,0,0,-291000,0,2000,-2000,0,289000,-289000,-677600
08381P,台灣50群益9C售06,0,0,0,0,0,0,0,0,0,-680000,0,0,0,136000,816000,-680000,-680000
061207,美律元大9A購04  ,0,0,0,0,0,0,0,0,0,-685000,0,0,0,35000,720000,-685000,-685000
067306,奇鋐元大01購02  ,0,0,0,0,0,0,0,0,0,-690000,0,0,0,824000,1514000,-690000,-690000
066280,眾達元大01購01  ,0,0,0,0,0,0,0,0,0,-697000,0,0,0,424000,1121000,-697000,-697000
056944,鴻海統一98購11  ,0,0,0,0,0,0,0,0,0,-697000,0,0,0,2000,699000,-697000,-697000
067593,亞德客凱基01購01,0,0,0,0,0,0,0,0,0,-700000,0,0,0,0,700000,-700000,-700000
057969,緯穎國泰99購01  ,0,0,0,0,0,0,0,0,0,-701000,0,0,0,68000,769000,-701000,-701000
066310,長興永豐01購01  ,0,0,0,0,0,0,0,0,0,-703000,0,0,0,441000,1144000,-703000,-703000
058410,國巨兆豐99購03  ,0,0,0,0,0,0,0,0,0,-708000,0,0,0,97000,805000,-708000,-708000
066012,友訊元富01購01  ,0,0,0,0,0,0,0,0,0,-708000,0,0,0,84000,792000,-708000,-708000
067749,申豐元大01購02  ,0,0,0,0,0,0,0,0,0,-712000,0,0,0,0,712000,-712000,-712000
058405,訊連元大99購02  ,0,0,0,0,0,0,0,0,0,-719000,0,0,0,100000,819000,-719000,-719000
064388,緯穎富邦9C購01  ,0,0,0,0,0,0,0,0,0,-721000,0,0,0,720000,1441000,-721000,-721000
064106,國巨兆豐9C購04  ,0,0,0,0,0,0,0,0,0,-723000,0,0,0,274000,997000,-723000,-723000
08554P,玉晶光國票01售06,0,0,0,0,0,0,0,0,0,-725000,0,0,0,768000,1493000,-725000,-725000
065415,台積電兆豐9C購05,0,0,0,0,0,0,0,0,0,-726000,0,0,0,210000,936000,-726000,-726000
1309,台達化          ,422000,1526000,-1104000,0,0,0,0,0,0,378000,310000,0,310000,68000,0,68000,-726000
03002P,玉晶光群益02售18,0,0,0,0,0,0,0,0,0,-731000,0,0,0,0,731000,-731000,-731000
057568,友訊永豐99購01  ,0,0,0,0,0,0,0,0,0,-734000,0,0,0,100000,834000,-734000,-734000
9933,中鼎            ,147000,522000,-375000,0,0,0,0,0,0,-361000,30000,5000,25000,0,386000,-386000,-736000
064244,GIS統一02購01   ,0,0,0,0,0,0,0,0,0,-737000,0,0,0,1426000,2163000,-737000,-737000
058811,台積電統一9A購05,0,0,0,0,0,0,0,0,0,-738000,0,0,0,172000,910000,-738000,-738000
066703,聯詠群益01購02  ,0,0,0,0,0,0,0,0,0,-739000,0,0,0,89000,828000,-739000,-739000
065152,燿華群益9C購02  ,0,0,0,0,0,0,0,0,0,-740000,0,0,0,185000,925000,-740000,-740000
2542,興富發          ,234000,975089,-741089,0,0,0,0,0,0,0,2000,13000,-11000,11000,0,11000,-741089
065336,華新統一02購01  ,0,0,0,0,0,0,0,0,0,-742000,0,0,0,2000,744000,-742000,-742000
066231,友訊富邦02購01  ,0,0,0,0,0,0,0,0,0,-743000,0,0,0,299000,1042000,-743000,-743000
9945,潤泰新          ,174198,814640,-640442,0,0,0,0,0,0,-107000,22000,32000,-10000,20000,117000,-97000,-747442
066555,聯詠元大01購01  ,0,0,0,0,0,0,0,0,0,-748000,0,0,0,225000,973000,-748000,-748000
08106P,聯發科統一9B售09,0,0,0,0,0,0,0,0,0,-751000,0,0,0,320000,1071000,-751000,-751000
065023,大毅永豐9C購01  ,0,0,0,0,0,0,0,0,0,-752000,0,0,0,3000,755000,-752000,-752000
066470,惠特統一02購01  ,0,0,0,0,0,0,0,0,0,-753000,0,0,0,278000,1031000,-753000,-753000
066776,創意富邦03購02  ,0,0,0,0,0,0,0,0,0,-755000,0,0,0,225000,980000,-755000,-755000
067884,鴻海群益02購03  ,0,0,0,0,0,0,0,0,0,-755000,0,0,0,0,755000,-755000,-755000
063494,金像電富邦9B購01,0,0,0,0,0,0,0,0,0,-756000,0,0,0,546000,1302000,-756000,-756000
065541,GIS統一01購05   ,0,0,0,0,0,0,0,0,0,-760000,0,0,0,337000,1097000,-760000,-760000
066463,鎧勝統一02購01  ,0,0,0,0,0,0,0,0,0,-762000,0,0,0,215000,977000,-762000,-762000
062487,中興電永豐9B購01,0,0,0,0,0,0,0,0,0,-762000,0,0,0,0,762000,-762000,-762000
065510,鴻海群益01購04  ,0,0,0,0,0,0,0,0,0,-762000,0,0,0,140000,902000,-762000,-762000
08685P,南電凱基01售03  ,0,0,0,0,0,0,0,0,0,-764000,0,0,0,169000,933000,-764000,-764000
07777P,創意元大9A售03  ,0,0,0,0,0,0,0,0,0,-767000,0,0,0,120000,887000,-767000,-767000
066265,精元元大01購01  ,0,0,0,0,0,0,0,0,0,-772000,0,0,0,40000,812000,-772000,-772000
063549,國巨國票9C購05  ,0,0,0,0,0,0,0,0,0,-774000,0,0,0,177000,951000,-774000,-774000
00670L,富邦NASDAQ正2   ,0,0,0,0,0,0,0,0,0,-780000,0,30000,-30000,103000,853000,-750000,-780000
08885P,台積電國泰03售02,0,0,0,0,0,0,0,0,0,-785000,0,0,0,1284000,2069000,-785000,-785000
065776,鴻海國泰03購01  ,0,0,0,0,0,0,0,0,0,-788000,0,0,0,11000,799000,-788000,-788000
063563,國巨元大9C購07  ,0,0,0,0,0,0,0,0,0,-790000,0,0,0,70000,860000,-790000,-790000
063343,美律統一9C購01  ,0,0,0,0,0,0,0,0,0,-791000,0,0,0,297000,1088000,-791000,-791000
07597P,臺股指中信01售02,0,0,0,0,0,0,0,0,0,-792000,0,0,0,149000,941000,-792000,-792000
060426,盛群永豐9A購01  ,0,0,0,0,0,0,0,0,0,-794000,0,0,0,0,794000,-794000,-794000
2618,長榮航          ,1712000,2559870,-847870,0,0,0,0,24000,-24000,75000,3000,1000,2000,180000,107000,73000,-796870
067740,精元元大01購02  ,0,0,0,0,0,0,0,0,0,-797000,0,0,0,0,797000,-797000,-797000
3005,神基            ,351000,855000,-504000,0,0,0,0,6000,-6000,-291000,10000,6000,4000,0,295000,-295000,-801000
1722,台肥            ,697000,1486043,-789043,0,0,0,0,0,0,-14000,1000,17000,-16000,2000,0,2000,-803043
066102,國揚國票02購01  ,0,0,0,0,0,0,0,0,0,-804000,0,0,0,134000,938000,-804000,-804000
066968,技嘉元富07購01  ,0,0,0,0,0,0,0,0,0,-804000,0,0,0,183000,987000,-804000,-804000
066682,聯詠兆豐03購01  ,0,0,0,0,0,0,0,0,0,-807000,0,0,0,15000,822000,-807000,-807000
062569,南電中信01購01  ,0,0,0,0,0,0,0,0,0,-807000,0,0,0,105000,912000,-807000,-807000
067905,台積電國泰02購04,0,0,0,0,0,0,0,0,0,-808000,0,0,0,0,808000,-808000,-808000
062203,燿華國票9C購01  ,0,0,0,0,0,0,0,0,0,-812000,0,0,0,125000,937000,-812000,-812000
053900,T50反1日盛99購01,0,0,0,0,0,0,0,0,0,-815000,0,0,0,0,815000,-815000,-815000
066976,台達電群益01購01,0,0,0,0,0,0,0,0,0,-823000,0,0,0,165000,988000,-823000,-823000
058409,鴻海兆豐99購05  ,0,0,0,0,0,0,0,0,0,-824000,0,0,0,0,824000,-824000,-824000
062896,中興電元大9B購01,0,0,0,0,0,0,0,0,0,-826000,0,0,0,240000,1066000,-826000,-826000
9919,康那香          ,2928000,3680000,-752000,0,0,0,0,0,0,-81000,0,81000,-81000,0,0,0,-833000
066140,鎧勝群益01購01  ,0,0,0,0,0,0,0,0,0,-836000,0,0,0,132000,968000,-836000,-836000
01010T,京城樂富R1      ,0,0,0,0,0,0,0,0,0,-848000,0,848000,-848000,0,0,0,-848000
067304,義隆元大01購05  ,0,0,0,0,0,0,0,0,0,-852000,0,0,0,88000,940000,-852000,-852000
061958,鴻海統一01購01  ,0,0,0,0,0,0,0,0,0,-853000,0,0,0,58000,911000,-853000,-853000
064375,智邦元富03購01  ,0,0,0,0,0,0,0,0,0,-858000,0,0,0,145000,1003000,-858000,-858000
066774,聯詠富邦03購01  ,25000,0,25000,0,0,0,0,0,0,-889000,0,0,0,486000,1375000,-889000,-864000
07408P,台積電兆豐99售06,0,0,0,0,0,0,0,0,0,-868000,0,0,0,0,868000,-868000,-868000
3049,和鑫            ,1024000,1875000,-851000,0,0,0,0,0,0,-20000,0,15000,-15000,0,5000,-5000,-871000
067387,智邦元富04購01  ,0,0,0,0,0,0,0,0,0,-873000,0,0,0,0,873000,-873000,-873000
3035,智原            ,802000,1430000,-628000,0,0,0,50000,0,50000,-297000,56000,37000,19000,12000,328000,-316000,-875000
3437,榮創            ,215000,1106000,-891000,0,0,0,0,0,0,1000,2000,1000,1000,0,0,0,-890000
08401P,玉晶光元富9C售04,0,0,0,0,0,0,0,0,0,-891000,0,0,0,2000,893000,-891000,-891000
067775,GIS統一02購04   ,0,0,0,0,0,0,0,0,0,-892000,0,0,0,230000,1122000,-892000,-892000
2498,宏達電          ,1046000,1983000,-937000,0,0,0,0,10000,-10000,55000,10000,23000,-13000,87000,19000,68000,-892000
055572,鴻海統一98購04  ,0,0,0,0,0,0,0,0,0,-897000,0,0,0,0,897000,-897000,-897000
065780,國巨富邦03購02  ,0,0,0,0,0,0,0,0,0,-897000,0,0,0,179000,1076000,-897000,-897000
066954,聯詠元大01購04  ,0,0,0,0,0,0,0,0,0,-898000,0,0,0,170000,1068000,-898000,-898000
065319,鴻海凱基9C購03  ,0,0,0,0,0,0,0,0,0,-899000,0,0,0,0,899000,-899000,-899000
8081,致新            ,124000,754000,-630000,0,0,0,0,150000,-150000,-126000,1000,15000,-14000,13000,125000,-112000,-906000
064231,鴻海統一01購03  ,0,0,0,0,0,0,0,0,0,-910000,0,0,0,130000,1040000,-910000,-910000
062163,大毅國泰01購01  ,0,0,0,0,0,0,0,0,0,-933000,0,0,0,145000,1078000,-933000,-933000
065022,同欣電富邦01購01,0,0,0,0,0,0,0,0,0,-946000,0,0,0,0,946000,-946000,-946000
062527,美律統一01購01  ,0,0,0,0,0,0,0,0,0,-948000,0,0,0,435000,1383000,-948000,-948000
2449,京元電子        ,1445000,1472000,-27000,0,0,0,0,201000,-201000,-720000,181000,82000,99000,2000,821000,-819000,-948000
067111,聯詠群益01購03  ,0,0,0,0,0,0,0,0,0,-950000,0,0,0,98000,1048000,-950000,-950000
065933,鴻海群益01購06  ,0,0,0,0,0,0,0,0,0,-965000,0,0,0,133000,1098000,-965000,-965000
060122,亞德客永豐99購02,0,0,0,0,0,0,0,0,0,-972000,0,0,0,0,972000,-972000,-972000
6141,柏承            ,447000,1427000,-980000,0,0,0,0,0,0,0,0,0,0,0,0,0,-980000
055456,上銀富邦99購01  ,0,0,0,0,0,0,0,0,0,-988000,0,0,0,2000,990000,-988000,-988000
2454,聯發科          ,3597569,4723023,-1125454,0,0,0,180000,73000,107000,30000,221000,134000,87000,93000,150000,-57000,-988454
07032P,聯發科統一9C售02,0,0,0,0,0,0,0,0,0,-990000,0,0,0,299000,1289000,-990000,-990000
066851,瀚宇博元大01購02,0,0,0,0,0,0,0,0,0,-995000,0,0,0,455000,1450000,-995000,-995000
07928P,國巨統一9B售09  ,0,0,0,0,0,0,0,0,0,-998000,0,0,0,0,998000,-998000,-998000
07941P,國巨凱基9B售07  ,0,0,0,0,0,0,0,0,0,-998000,0,0,0,0,998000,-998000,-998000
064871,緯穎永豐9C購03  ,0,0,0,0,0,0,0,0,0,-1002000,0,0,0,20000,1022000,-1002000,-1002000
063811,亞德客群益9C購01,0,0,0,0,0,0,0,0,0,-1002000,0,0,0,0,1002000,-1002000,-1002000
064268,緯穎永豐9C購01  ,0,0,0,0,0,0,0,0,0,-1009000,0,0,0,68000,1077000,-1009000,-1009000
08638P,泰碩國票9C售01  ,0,0,0,0,0,0,0,0,0,-1018000,0,0,0,61000,1079000,-1018000,-1018000
067514,申豐統一02購05  ,0,0,0,0,0,0,0,0,0,-1030000,0,0,0,73000,1103000,-1030000,-1030000
067390,聯詠元富07購02  ,0,0,0,0,0,0,0,0,0,-1036000,0,0,0,38000,1074000,-1036000,-1036000
064117,中興電元大9C購01,25000,0,25000,0,0,0,0,0,0,-1080000,0,0,0,129000,1209000,-1080000,-1055000
5876,上海商銀        ,919000,1670000,-751000,0,0,0,0,7000,-7000,-300000,10000,236000,-226000,1000,75000,-74000,-1058000
067350,鴻海群益02購02  ,0,0,0,0,0,0,0,0,0,-1066000,0,0,0,0,1066000,-1066000,-1066000
067278,申豐統一02購03  ,0,0,0,0,0,0,0,0,0,-1069000,0,0,0,60000,1129000,-1069000,-1069000
067372,聯發科統一03購03,0,0,0,0,0,0,0,0,0,-1081000,0,0,0,23000,1104000,-1081000,-1081000
056369,彩晶元大01購01  ,0,0,0,0,0,0,0,0,0,-1085000,0,0,0,50000,1135000,-1085000,-1085000
067066,鴻海元大01購15  ,0,0,0,0,0,0,0,0,0,-1090000,0,0,0,0,1090000,-1090000,-1090000
063900,GIS群益9C購03   ,0,0,0,0,0,0,0,0,0,-1092000,0,0,0,201000,1293000,-1092000,-1092000
07101P,台郡元大99售06  ,0,0,0,0,0,0,0,0,0,-1098000,0,0,0,0,1098000,-1098000,-1098000
1409,新纖            ,528000,1539000,-1011000,0,0,0,0,0,0,-89000,0,89000,-89000,0,0,0,-1100000
00631L,元大台灣50正2   ,129000,17000,112000,0,0,0,0,0,0,-1253000,0,0,0,897000,2150000,-1253000,-1141000
4904,遠傳            ,962654,2582000,-1619346,0,0,0,493000,10000,483000,-26000,2000,17000,-15000,0,11000,-11000,-1162346
067014,聯發科富邦03購05,0,0,0,0,0,0,0,0,0,-1169000,0,0,0,313000,1482000,-1169000,-1169000
2301,光寶科          ,2181507,3872000,-1690493,0,0,0,1174000,4000,1170000,-653000,8000,129000,-121000,0,532000,-532000,-1173493
058714,美律統一9B購01  ,0,0,0,0,0,0,0,0,0,-1174000,0,0,0,315000,1489000,-1174000,-1174000
067504,鴻海統一01購07  ,0,0,0,0,0,0,0,0,0,-1178000,0,0,0,0,1178000,-1178000,-1178000
08453P,玉晶光台新9C售02,0,0,0,0,0,0,0,0,0,-1180000,0,0,0,489000,1669000,-1180000,-1180000
058781,康友國票9A購01  ,0,0,0,0,0,0,0,0,0,-1186000,0,0,0,300000,1486000,-1186000,-1186000
6456,GIS-KY          ,4392000,7831000,-3439000,0,0,0,2482000,589000,1893000,345000,263000,44000,219000,800000,674000,126000,-1201000
5471,松翰            ,307000,1555000,-1248000,0,0,0,0,0,0,19000,2000,13000,-11000,50000,20000,30000,-1229000
08393P,鴻海群益9C售05  ,0,0,0,0,0,0,0,0,0,-1233000,0,0,0,108000,1341000,-1233000,-1233000
06604P,聯發科元富02售02,0,0,0,0,0,0,0,0,0,-1236000,0,0,0,0,1236000,-1236000,-1236000
067664,台船元大01購01  ,0,0,0,0,0,0,0,0,0,-1244000,0,0,0,50000,1294000,-1244000,-1244000
06478P,臺股指日盛9A售01,0,0,0,0,0,0,0,0,0,-1262000,0,0,0,16000,1278000,-1262000,-1262000
060419,漢翔永豐9A購01  ,0,0,0,0,0,0,0,0,0,-1281000,0,0,0,0,1281000,-1281000,-1281000
065118,國巨富邦01購02  ,0,0,0,0,0,0,0,0,0,-1285000,0,0,0,871000,2156000,-1285000,-1285000
064330,燿華元大9C購02  ,0,0,0,0,0,0,0,0,0,-1288000,0,0,0,78000,1366000,-1288000,-1288000
08440P,玉晶光國票01售05,0,0,0,0,0,0,0,0,0,-1291000,0,0,0,537000,1828000,-1291000,-1291000
064040,鴻海統一9C購18  ,0,0,0,0,0,0,0,0,0,-1295000,0,0,0,104000,1399000,-1295000,-1295000
058670,鴻海群益9A購03  ,0,0,0,0,0,0,0,0,0,-1321000,0,0,0,60000,1381000,-1321000,-1321000
6213,聯茂            ,687000,822000,-135000,0,0,0,1000,1092815,-1091815,-98000,15000,21000,-6000,15000,107000,-92000,-1324815
066208,聯鈞統一02購01  ,0,0,0,0,0,0,0,0,0,-1339000,0,0,0,2000,1341000,-1339000,-1339000
065996,T50反1第一01購01,0,0,0,0,0,0,0,0,0,-1342000,0,0,0,0,1342000,-1342000,-1342000
067319,眾達元大01購02  ,0,0,0,0,0,0,0,0,0,-1351000,0,0,0,220000,1571000,-1351000,-1351000
8039,台虹            ,364000,1809000,-1445000,0,0,0,500000,0,500000,-454000,68000,127000,-59000,45000,440000,-395000,-1399000
2102,泰豐            ,230000,1493000,-1263000,0,0,0,0,0,0,-140000,30000,23000,7000,0,147000,-147000,-1403000
066599,鴻海國泰03購02  ,0,0,0,0,0,0,0,0,0,-1443000,0,0,0,0,1443000,-1443000,-1443000
08494P,世芯元大9C售02  ,0,0,0,0,0,0,0,0,0,-1481000,0,0,0,863000,2344000,-1481000,-1481000
00643,群益深証中小    ,384000,850000,-466000,0,0,0,0,0,0,-1018000,0,0,0,197000,1215000,-1018000,-1484000
3711,日月光投控      ,2342660,4089000,-1746340,0,0,0,1000,464000,-463000,669000,862000,22000,840000,73000,244000,-171000,-1540340
066931,友達國票02購01  ,0,0,0,0,0,0,0,0,0,-1589000,0,0,0,0,1589000,-1589000,-1589000
066390,鴻海凱基02購03  ,0,0,0,0,0,0,0,0,0,-1602000,0,0,0,40000,1642000,-1602000,-1602000
1907,永豐餘          ,365000,1965436,-1600436,0,0,0,0,0,0,-21000,0,21000,-21000,0,0,0,-1621436
3706,神達            ,629800,2280000,-1650200,0,0,0,0,14000,-14000,22000,34000,11000,23000,3000,4000,-1000,-1642200
065315,玉晶光中信03購02,0,0,0,0,0,0,0,0,0,-1675000,0,0,0,889000,2564000,-1675000,-1675000
3189,景碩            ,2020000,3643000,-1623000,0,0,0,0,0,0,-108000,211000,251000,-40000,136000,204000,-68000,-1731000
08899P,台積電群益01售16,0,0,0,0,0,0,0,0,0,-1771000,0,0,0,93000,1864000,-1771000,-1771000
061587,美律富邦9A購02  ,0,0,0,0,0,0,0,0,0,-1788000,0,0,0,192000,1980000,-1788000,-1788000
3406,玉晶光          ,1479015,2570000,-1090985,0,0,0,169000,39000,130000,-836000,264000,901000,-637000,60000,259000,-199000,-1796985
066508,世紀鋼富邦03購01,0,0,0,0,0,0,0,0,0,-1848000,0,0,0,0,1848000,-1848000,-1848000
067270,精成科永豐01購01,0,0,0,0,0,0,0,0,0,-1848000,0,0,0,100000,1948000,-1848000,-1848000
056945,鴻海統一98購12  ,0,0,0,0,0,0,0,0,0,-1903000,0,0,0,93000,1996000,-1903000,-1903000
3673,TPK-KY          ,630000,1827000,-1197000,0,0,0,0,0,0,-726000,69000,299000,-230000,181000,677000,-496000,-1923000
064235,美律統一9C購02  ,0,0,0,0,0,0,0,0,0,-2120000,0,0,0,356000,2476000,-2120000,-2120000
4958,臻鼎-KY         ,795656,2540000,-1744344,0,0,0,244000,465000,-221000,-183000,121000,255000,-134000,8000,57000,-49000,-2148344
056584,鴻海統一9B購01  ,0,0,0,0,0,0,0,0,0,-2241000,0,0,0,1920000,4161000,-2241000,-2241000
00693U,街口S&P黃豆     ,588000,270000,318000,0,0,0,0,0,0,-2568000,0,0,0,1478000,4046000,-2568000,-2250000
064721,國泰金統一02購01,0,0,0,0,0,0,0,0,0,-2312000,0,0,0,162000,2474000,-2312000,-2312000
00632R,元大台灣50反1   ,11081000,4329000,6752000,0,0,0,0,0,0,-9213000,0,400000,-400000,12930000,21743000,-8813000,-2461000
066887,聯發科中信02購01,0,0,0,0,0,0,0,0,0,-2524000,0,0,0,172000,2696000,-2524000,-2524000
067580,亞德客群益01購03,0,0,0,0,0,0,0,0,0,-2573000,0,0,0,3000,2576000,-2573000,-2573000
1102,亞泥            ,4127971,9894000,-5766029,0,0,0,370000,13000,357000,2698000,244000,13000,231000,3236000,769000,2467000,-2711029
2002,中鋼            ,6120247,9053000,-2932753,0,0,0,1000,112000,-111000,326000,409000,83000,326000,0,0,0,-2717753
054546,玉晶光中信9B購01,30000,20000,10000,0,0,0,0,0,0,-2751000,0,0,0,2857000,5608000,-2751000,-2741000
1301,台塑            ,1876130,4637000,-2760870,0,0,0,0,47000,-47000,-139000,8000,144000,-136000,0,3000,-3000,-2946870
06328P,台積電中信01售02,0,0,0,0,0,0,0,0,0,-3061000,0,0,0,0,3061000,-3061000,-3061000
064271,鴻海元大9C購08  ,0,0,0,0,0,0,0,0,0,-3127000,0,0,0,473000,3600000,-3127000,-3127000
1717,長興            ,1041000,3411000,-2370000,0,0,0,0,614000,-614000,-260000,0,310000,-310000,231000,181000,50000,-3244000
066945,鴻海元大01購14  ,0,0,0,0,0,0,0,0,0,-3943000,0,0,0,0,3943000,-3943000,-3943000
00738U,元大道瓊白銀    ,99000,432000,-333000,0,0,0,0,0,0,-3795935,0,0,0,2724065,6520000,-3795935,-4128935
1402,遠東新          ,3485000,7479000,-3994000,0,0,0,2000,36000,-34000,-193000,4000,156000,-152000,7000,48000,-41000,-4221000
067623,台積電富邦04購05,0,0,0,0,0,0,0,0,0,-4914000,0,0,0,150000,5064000,-4914000,-4914000
00677U,富邦VIX         ,17945000,14218000,3727000,0,0,0,0,0,0,-8831000,0,0,0,3141000,11972000,-8831000,-5104000
2474,可成            ,1246162,6618000,-5371838,0,0,0,115000,73000,42000,25000,10000,10000,0,34000,9000,25000,-5304838
1101,台泥            ,2819806,8457000,-5637194,0,0,0,372000,42000,330000,-333000,450000,27000,423000,14000,770000,-756000,-5640194
2884,玉山金          ,6708315,14100156,-7391841,0,0,0,1000,644000,-643000,1226000,30000,195000,-165000,1419000,28000,1391000,-6808841
6239,力成            ,1685094,8558200,-6873106,0,0,0,917000,897000,20000,-296000,44000,239000,-195000,18000,119000,-101000,-7149106
2353,宏碁            ,4686000,12375000,-7689000,0,0,0,0,36000,-36000,-520000,362000,311000,51000,279000,850000,-571000,-8245000
2330,台積電          ,15482985,24699576,-9216591,0,0,0,245000,856000,-611000,-605000,55000,291000,-236000,236000,605000,-369000,-10432591
2891,中信金          ,11432229,31799573,-20367344,0,0,0,2100000,531000,1569000,-459000,36000,448000,-412000,0,47000,-47000,-19257344
00878,國泰永續高股息  ,41000,10224000,-10183000,0,0,0,0,0,0,-53362000,0,0,0,42000,53404000,-53362000,-63545000
