證券代號,證券名稱,外陸資買進股數(不含外資自營商),外陸資賣出股數(不含外資自營商),外陸資買賣超股數(不含外資自營商),外資自營商買進股數,外資自營商賣出股數,外資自營商買賣超股數,投信買進股數,投信賣出股數,投信買賣超股數,自營商買賣超股數,自營商買進股數(自行買賣),自營商賣出股數(自行買賣),自營商買賣超股數(自行買賣),自營商買進股數(避險),自營商賣出股數(避險),自營商買賣超股數(避險),三大法人買賣超股數
6116,彩晶            ,75820000,13658000,62162000,0,0,0,0,0,0,2757000,384000,684000,-300000,4468000,1411000,3057000,64919000
2344,華邦電          ,30007215,4172577,25834638,0,0,0,0,0,0,990000,106000,39000,67000,1024000,101000,923000,26824638
2313,華通            ,23898000,8984000,14914000,0,0,0,252000,130000,122000,-413000,1171000,3164000,-1993000,2628000,1048000,1580000,14623000
2303,聯電            ,70894060,63601230,7292830,0,0,0,9020000,2390000,6630000,362000,1566000,1505000,61000,1188000,887000,301000,14284830
0056,元大高股息      ,2000,20000,-18000,0,0,0,0,0,0,12978000,0,0,0,12983000,5000,12978000,12960000
1101,台泥            ,14709691,7359967,7349724,0,0,0,1620000,5985,1614015,30000,236000,59000,177000,235000,382000,-147000,8993739
00708L,元大S&P黃金正2  ,74000,77000,-3000,0,0,0,0,0,0,7498000,0,0,0,8652000,1154000,7498000,7495000
3037,欣興            ,24722000,17904000,6818000,0,0,0,2451000,2333000,118000,-205000,993000,661000,332000,386000,923000,-537000,6731000
2481,強茂            ,5951000,622000,5329000,0,0,0,433000,395000,38000,375000,190000,113000,77000,316000,18000,298000,5742000
00653L,富邦印度正2     ,2978000,147000,2831000,0,0,0,0,0,0,2807000,0,0,0,3679000,872000,2807000,5638000
2367,燿華            ,7162000,3894000,3268000,0,0,0,0,0,0,1839000,0,5000,-5000,2156000,312000,1844000,5107000
00878,國泰永續高股息  ,15401000,8000,15393000,0,0,0,0,0,0,-10943000,0,0,0,20370000,31313000,-10943000,4450000
2324,仁寶            ,7898704,5370154,2528550,0,0,0,2676000,0,2676000,-804000,0,32000,-32000,63000,835000,-772000,4400550
00852L,國泰美國道瓊正2 ,1000,11000,-10000,0,0,0,0,0,0,4211000,0,0,0,5063000,852000,4211000,4201000
4927,泰鼎-KY         ,5495000,1141000,4354000,0,0,0,0,622000,-622000,284000,35000,195000,-160000,646000,202000,444000,4016000
3189,景碩            ,5663000,2987000,2676000,0,0,0,1370000,180000,1190000,104000,377000,298000,79000,303000,278000,25000,3970000
3545,敦泰            ,4147000,851900,3295100,0,0,0,0,0,0,435000,0,0,0,440000,5000,435000,3730100
053856,台積電富邦98購01,0,0,0,0,0,0,0,0,0,3626000,0,0,0,4588000,962000,3626000,3626000
4958,臻鼎-KY         ,5817662,3066000,2751662,0,0,0,469000,260000,209000,370000,301000,179000,122000,281000,33000,248000,3330662
2892,第一金          ,6556057,11232753,-4676696,0,0,0,1921000,0,1921000,6079000,337000,296000,41000,6038000,0,6038000,3323304
2885,元大金          ,8682800,5446910,3235890,0,0,0,46000,0,46000,-52000,5000,100000,-95000,48000,5000,43000,3229890
3673,TPK-KY          ,4382000,1273000,3109000,0,0,0,0,0,0,98000,106000,28000,78000,147000,127000,20000,3207000
3042,晶技            ,4444000,3994000,450000,0,0,0,2485000,0,2485000,180000,445000,573000,-128000,374000,66000,308000,3115000
2387,精元            ,2620000,1868000,752000,0,0,0,2324000,297000,2027000,325000,253000,37000,216000,344000,235000,109000,3104000
07649P,金像電永豐9A售02,0,0,0,0,0,0,0,0,0,2680000,0,0,0,2680000,0,2680000,2680000
00642U,元大S&P石油     ,10000,1000,9000,0,0,0,0,0,0,2669000,0,0,0,2669000,0,2669000,2678000
2368,金像電          ,8828000,7657000,1171000,0,0,0,0,989000,-989000,2404000,1095000,304000,791000,1763000,150000,1613000,2586000
1609,大亞            ,3387000,919000,2468000,0,0,0,0,0,0,0,0,0,0,0,0,0,2468000
2478,大毅            ,1928000,282000,1646000,0,0,0,0,0,0,569000,0,1000,-1000,589000,19000,570000,2215000
2327,國巨            ,3989557,2713548,1276009,0,0,0,105000,499,104501,797000,534000,181000,353000,471000,27000,444000,2177510
2855,統一證          ,4420000,2247000,2173000,0,0,0,0,6000,-6000,0,0,0,0,0,0,0,2167000
066314,台橡永豐01購01  ,0,0,0,0,0,0,0,0,0,2134000,0,0,0,2246000,112000,2134000,2134000
2809,京城銀          ,2705000,590000,2115000,0,0,0,444000,0,444000,-446000,30000,111000,-81000,12000,377000,-365000,2113000
8163,達方            ,2021000,238000,1783000,0,0,0,0,0,0,323000,118000,16000,102000,246000,25000,221000,2106000
020012,富邦行動通訊N   ,0,0,0,0,0,0,0,0,0,2039000,0,0,0,2060000,21000,2039000,2039000
068117,欣興元富07購02  ,0,0,0,0,0,0,0,0,0,2009000,0,0,0,2231000,222000,2009000,2009000
6191,精成科          ,3110000,1718000,1392000,0,0,0,0,0,0,613000,300000,0,300000,318000,5000,313000,2005000
063674,力山國泰01購02  ,0,0,0,0,0,0,0,0,0,1941000,0,0,0,2110000,169000,1941000,1941000
2887,台新金          ,6565904,11878066,-5312162,0,0,0,3042000,0,3042000,4189000,2000,72000,-70000,4724000,465000,4259000,1918838
065336,華新統一02購01  ,0,0,0,0,0,0,0,0,0,1892000,0,0,0,2242000,350000,1892000,1892000
057485,友達元大9C購04  ,0,0,0,0,0,0,0,0,0,1858000,0,0,0,1996000,138000,1858000,1858000
00635U,元大S&P黃金     ,516000,3000,513000,0,0,0,0,0,0,1305000,0,0,0,1840000,535000,1305000,1818000
2352,佳世達          ,1239000,502000,737000,0,0,0,1200000,0,1200000,-134000,5000,2000,3000,0,137000,-137000,1803000
066931,友達國票02購01  ,0,0,0,0,0,0,0,0,0,1773000,0,0,0,2117000,344000,1773000,1773000
2363,矽統            ,2966000,1227000,1739000,0,0,0,0,0,0,0,0,0,0,0,0,0,1739000
053298,SP黃豆凱基99購01,0,0,0,0,0,0,0,0,0,1620000,0,0,0,1620000,0,1620000,1620000
3515,華擎            ,1548000,554000,994000,0,0,0,34000,3000,31000,586000,290000,10000,280000,402000,96000,306000,1611000
060990,新光金元大9B購03,0,0,0,0,0,0,0,0,0,1605000,0,0,0,1666000,61000,1605000,1605000
0050,元大台灣50      ,1163000,345647,817353,0,0,0,0,58000,-58000,811000,30000,169000,-139000,1691000,741000,950000,1570353
9919,康那香          ,3069000,1494000,1575000,0,0,0,0,0,0,-7000,0,7000,-7000,0,0,0,1568000
065133,SP黃豆凱基02購01,0,0,0,0,0,0,0,0,0,1504000,0,0,0,1534000,30000,1504000,1504000
2357,華碩            ,4994287,4061379,932908,0,0,0,242000,0,242000,317000,56000,11000,45000,341000,69000,272000,1491908
00738U,元大道瓊白銀    ,1432000,242000,1190000,0,0,0,0,0,0,280000,0,0,0,2950000,2670000,280000,1470000
08158P,嘉澤元富9B售03  ,0,0,0,0,0,0,0,0,0,1414000,0,0,0,1477000,63000,1414000,1414000
2402,毅嘉            ,1474000,58000,1416000,0,0,0,0,0,0,-2000,0,2000,-2000,0,0,0,1414000
065773,鴻海國票03購01  ,0,0,0,0,0,0,0,0,0,1404000,0,0,0,1405000,1000,1404000,1404000
6153,嘉聯益          ,2799000,1362000,1437000,0,0,0,0,0,0,-89000,160000,216000,-56000,383000,416000,-33000,1348000
068110,華新元富03購01  ,0,0,0,0,0,0,0,0,0,1336000,0,0,0,1812000,476000,1336000,1336000
053390,彩晶元大9A購01  ,0,0,0,0,0,0,0,0,0,1328000,0,0,0,1328000,0,1328000,1328000
066315,南帝永豐01購01  ,0,0,0,0,0,0,0,0,0,1301000,0,0,0,1455000,154000,1301000,1301000
2356,英業達          ,6607210,6005510,601700,0,0,0,2194000,0,2194000,-1495000,22000,799000,-777000,9000,727000,-718000,1300700
1314,中石化          ,2976000,1674000,1302000,0,0,0,0,0,0,-9000,24000,0,24000,94000,127000,-33000,1293000
4960,誠美材          ,1944000,656000,1288000,0,0,0,0,0,0,0,0,0,0,0,0,0,1288000
066046,聯發科元大01購09,0,0,0,0,0,0,0,0,0,1266000,0,0,0,1296000,30000,1266000,1266000
060100,新光金元大9C購01,0,0,0,0,0,0,0,0,0,1262000,0,0,0,1342000,80000,1262000,1262000
08152P,祥碩統一9B售02  ,0,0,0,0,0,0,0,0,0,1260000,0,0,0,1729000,469000,1260000,1260000
063582,瑞祺國泰9C購01  ,0,0,0,0,0,0,0,0,0,1259000,0,0,0,1302000,43000,1259000,1259000
9904,寶成            ,4269959,4822139,-552180,0,0,0,1347000,0,1347000,462000,262000,29000,233000,284000,55000,229000,1256820
2456,奇力新          ,2395000,1956000,439000,0,0,0,100000,0,100000,701000,145000,153000,-8000,751000,42000,709000,1240000
057417,國巨凱基9A購03  ,0,0,0,0,0,0,0,0,0,1231000,0,0,0,1730000,499000,1231000,1231000
6504,南六            ,1254000,128175,1125825,0,0,0,50000,0,50000,48000,7000,6000,1000,92000,45000,47000,1223825
4968,立積            ,2179000,1155000,1024000,0,0,0,223000,47000,176000,6000,140000,170000,-30000,58000,22000,36000,1206000
03421B,臺股指元大99熊01,0,0,0,0,0,0,0,0,0,1203000,0,0,0,1211000,8000,1203000,1203000
068057,惠特統一02購02  ,0,0,0,0,0,0,0,0,0,1197000,0,0,0,2575000,1378000,1197000,1197000
3059,華晶科          ,1218000,39000,1179000,0,0,0,0,0,0,0,0,0,0,0,0,0,1179000
006205,富邦上証        ,107000,32000,75000,0,0,0,0,0,0,1101000,0,0,0,2977000,1876000,1101000,1176000
061659,信邦永豐9A購01  ,0,0,0,0,0,0,0,0,0,1176000,0,0,0,1191000,15000,1176000,1176000
067588,欣興群益01購04  ,0,0,0,0,0,0,0,0,0,1169000,0,0,0,1404000,235000,1169000,1169000
063435,儒鴻統一01購02  ,0,0,0,0,0,0,0,0,0,1162000,0,0,0,1641000,479000,1162000,1162000
065722,緯創兆豐9C購02  ,14000,0,14000,0,0,0,0,0,0,1145000,0,0,0,1600000,455000,1145000,1159000
2329,華泰            ,1207000,64000,1143000,0,0,0,0,0,0,0,0,0,0,0,0,0,1143000
3006,晶豪科          ,1298000,308000,990000,0,0,0,0,0,0,136000,24000,0,24000,112000,0,112000,1126000
08130P,義隆元大9B售05  ,0,0,0,0,0,0,0,0,0,1104000,0,0,0,1264000,160000,1104000,1104000
067217,康控元大01購02  ,0,0,0,0,0,0,0,0,0,1055000,0,0,0,1059000,4000,1055000,1055000
067431,新光金凱基01購01,0,0,0,0,0,0,0,0,0,1051000,0,0,0,1390000,339000,1051000,1051000
068231,聯詠元富07購04  ,0,0,0,0,0,0,0,0,0,1046000,0,0,0,1046000,0,1046000,1046000
5521,工信            ,1018000,375000,643000,0,0,0,0,0,0,402000,0,0,0,402000,0,402000,1045000
061676,新光金元大9A購03,0,0,0,0,0,0,0,0,0,1031000,0,0,0,1031000,0,1031000,1031000
064373,和大元富03購01  ,0,0,0,0,0,0,0,0,0,1021000,0,0,0,1049000,28000,1021000,1021000
4906,正文            ,1407000,380000,1027000,0,0,0,0,0,0,-18000,0,3000,-3000,13000,28000,-15000,1009000
08272P,鴻海元富9C售02  ,0,0,0,0,0,0,0,0,0,1008000,0,0,0,1008000,0,1008000,1008000
063145,台表科統一02購01,0,0,0,0,0,0,0,0,0,1006000,0,0,0,1020000,14000,1006000,1006000
067390,聯詠元富07購02  ,0,0,0,0,0,0,0,0,0,985000,0,0,0,1025000,40000,985000,985000
062401,信邦永豐9B購01  ,0,0,0,0,0,0,0,0,0,983000,0,0,0,1016000,33000,983000,983000
062215,華通統一9B購01  ,0,0,0,0,0,0,0,0,0,982000,0,0,0,1298000,316000,982000,982000
060697,鴻海國泰9C購01  ,0,0,0,0,0,0,0,0,0,979000,0,0,0,1077000,98000,979000,979000
2316,楠梓電          ,1139000,282000,857000,0,0,0,0,0,0,109000,0,6000,-6000,119000,4000,115000,966000
068182,群創群益04購01  ,0,0,0,0,0,0,0,0,0,958000,0,0,0,1002000,44000,958000,958000
067500,台表科元大01購03,0,0,0,0,0,0,0,0,0,941000,0,0,0,1107000,166000,941000,941000
061085,聯茂兆豐9A購01  ,0,0,0,0,0,0,0,0,0,940000,0,0,0,970000,30000,940000,940000
063136,智邦統一9B購02  ,0,0,0,0,0,0,0,0,0,937000,0,0,0,1102000,165000,937000,937000
064383,SP黃豆富邦01購01,0,0,0,0,0,0,0,0,0,937000,0,0,0,937000,0,937000,937000
067031,華擎元富01購01  ,0,0,0,0,0,0,0,0,0,924000,0,0,0,2111000,1187000,924000,924000
060657,旺宏統一9B購05  ,0,0,0,0,0,0,0,0,0,920000,0,0,0,920000,0,920000,920000
065457,旭富元富03購01  ,0,0,0,0,0,0,0,0,0,913000,0,0,0,933000,20000,913000,913000
057719,欣興元富02購01  ,0,0,0,0,0,0,0,0,0,909000,0,0,0,1019000,110000,909000,909000
055902,同欣電中信99購01,0,0,0,0,0,0,0,0,0,906000,0,0,0,1617000,711000,906000,906000
063398,信邦群益9B購02  ,0,0,0,0,0,0,0,0,0,906000,0,0,0,919000,13000,906000,906000
068583,信邦永豐01購01  ,0,0,0,0,0,0,0,0,0,904000,0,0,0,905000,1000,904000,904000
067625,欣興富邦03購01  ,0,0,0,0,0,0,0,0,0,903000,0,0,0,1215000,312000,903000,903000
062069,喬山元大9B購01  ,0,0,0,0,0,0,0,0,0,902000,0,0,0,902000,0,902000,902000
057514,華新科元富99購03,0,0,0,0,0,0,0,0,0,900000,0,0,0,900000,0,900000,900000
063976,正崴兆豐9C購01  ,0,0,0,0,0,0,0,0,0,900000,0,0,0,1010000,110000,900000,900000
063667,全新統一01購02  ,0,0,0,0,0,0,0,0,0,896000,0,0,0,1109000,213000,896000,896000
8464,億豐            ,1286466,696000,590466,0,0,0,214000,0,214000,89000,89000,22000,67000,50000,28000,22000,893466
066009,創意統一02購02  ,0,0,0,0,0,0,0,0,0,885000,0,0,0,1480000,595000,885000,885000
3596,智易            ,944000,315000,629000,0,0,0,0,0,0,251000,0,24000,-24000,305000,30000,275000,880000
8150,南茂            ,1118000,521000,597000,0,0,0,0,0,0,276000,0,6000,-6000,306000,24000,282000,873000
066704,創意群益01購02  ,0,0,0,0,0,0,0,0,0,867000,0,0,0,883000,16000,867000,867000
065043,新光金凱基02購01,0,0,0,0,0,0,0,0,0,860000,0,0,0,860000,0,860000,860000
2448,晶電            ,3699000,2843000,856000,0,0,0,30000,164000,-134000,138000,340000,202000,138000,0,0,0,860000
068680,聯陽國泰03購01  ,0,0,0,0,0,0,0,0,0,857000,0,0,0,1255000,398000,857000,857000
056349,道瓊銀元大9B購01,0,0,0,0,0,0,0,0,0,851000,0,0,0,851000,0,851000,851000
060716,新唐永豐9A購01  ,0,0,0,0,0,0,0,0,0,851000,0,0,0,906000,55000,851000,851000
9945,潤泰新          ,1157225,411159,746066,0,0,0,0,0,0,100000,31000,8000,23000,99000,22000,77000,846066
066846,京鼎元大01購03  ,0,0,0,0,0,0,0,0,0,846000,0,0,0,968000,122000,846000,846000
067122,眾達國泰03購02  ,0,0,0,0,0,0,0,0,0,844000,0,0,0,919000,75000,844000,844000
067063,為升元大01購01  ,0,0,0,0,0,0,0,0,0,831000,0,0,0,1512000,681000,831000,831000
2314,台揚            ,1345000,514000,831000,0,0,0,0,0,0,0,0,0,0,0,0,0,831000
065586,嘉聯益富邦03購01,0,0,0,0,0,0,0,0,0,829000,0,0,0,957000,128000,829000,829000
2484,希華            ,1006000,188000,818000,0,0,0,0,0,0,0,0,0,0,0,0,0,818000
066770,上証2X富邦02購02,0,0,0,0,0,0,0,0,0,805000,0,0,0,870000,65000,805000,805000
065437,台表科凱基9C購03,0,0,0,0,0,0,0,0,0,804000,0,0,0,804000,0,804000,804000
2436,偉詮電          ,1021000,217000,804000,0,0,0,0,0,0,0,0,0,0,0,0,0,804000
1440,南紡            ,679000,313000,366000,0,0,0,0,0,0,436000,347000,0,347000,89000,0,89000,802000
067511,拓凱統一01購01  ,0,0,0,0,0,0,0,0,0,801000,0,0,0,913000,112000,801000,801000
068228,聯發科元富07購08,0,0,0,0,0,0,0,0,0,796000,0,0,0,1250000,454000,796000,796000
8046,南電            ,3620988,4740000,-1119012,0,0,0,1516000,198000,1318000,593000,741000,235000,506000,284000,197000,87000,791988
068591,台積電元富07購13,0,0,0,0,0,0,0,0,0,788000,0,0,0,864000,76000,788000,788000
065816,聯發科元富03購07,0,0,0,0,0,0,0,0,0,786000,0,0,0,991000,205000,786000,786000
067487,京鼎元大01購06  ,0,0,0,0,0,0,0,0,0,776000,0,0,0,805000,29000,776000,776000
066887,聯發科中信02購01,0,0,0,0,0,0,0,0,0,776000,0,0,0,776000,0,776000,776000
00650L,FH香港正2       ,42000,42000,0,0,0,0,0,0,0,775000,0,0,0,1147000,372000,775000,775000
059093,旭富元大99購01  ,0,0,0,0,0,0,0,0,0,771000,0,0,0,853000,82000,771000,771000
6251,定穎            ,2656000,2036000,620000,0,0,0,0,0,0,151000,151000,0,151000,0,0,0,771000
063968,新光金國票01購01,0,0,0,0,0,0,0,0,0,769000,0,0,0,770000,1000,769000,769000
065049,世芯凱基02購01  ,0,0,0,0,0,0,0,0,0,764000,0,0,0,774000,10000,764000,764000
00850,元大臺灣ESG永續 ,2070,1000,1070,0,0,0,0,0,0,762000,0,0,0,1211000,449000,762000,763070
067515,美利達統一03購03,0,0,0,0,0,0,0,0,0,759000,0,0,0,975000,216000,759000,759000
055652,聯詠元富01購01  ,0,0,0,0,0,0,0,0,0,759000,0,0,0,763000,4000,759000,759000
061006,新光金兆豐9A購01,0,0,0,0,0,0,0,0,0,757000,0,0,0,757000,0,757000,757000
066204,京鼎統一02購01  ,0,0,0,0,0,0,0,0,0,757000,0,0,0,757000,0,757000,757000
059950,百和永豐99購02  ,0,0,0,0,0,0,0,0,0,753000,0,0,0,789000,36000,753000,753000
067065,為升元大01購03  ,0,0,0,0,0,0,0,0,0,750000,0,0,0,750000,0,750000,750000
3044,健鼎            ,2113000,1455000,658000,0,0,0,0,0,0,90000,111000,77000,34000,217000,161000,56000,748000
067239,聯陽群益01購01  ,0,0,0,0,0,0,0,0,0,746000,0,0,0,812000,66000,746000,746000
064304,信邦兆豐01購01  ,0,0,0,0,0,0,0,0,0,743000,0,0,0,853000,110000,743000,743000
067208,瑞昱元大01購03  ,0,0,0,0,0,0,0,0,0,742000,0,0,0,852000,110000,742000,742000
051847,香港反中信99購01,0,0,0,0,0,0,0,0,0,740000,0,0,0,740000,0,740000,740000
064377,宏達電元富9C購01,0,0,0,0,0,0,0,0,0,740000,0,0,0,755000,15000,740000,740000
063353,上銀元富9B購03  ,0,0,0,0,0,0,0,0,0,736000,0,0,0,902000,166000,736000,736000
6282,康舒            ,1103000,466000,637000,0,0,0,0,0,0,97000,12000,10000,2000,184000,89000,95000,734000
067733,力山元大01購01  ,0,0,0,0,0,0,0,0,0,731000,0,0,0,1174000,443000,731000,731000
065949,瑞昱統一01購06  ,0,0,0,0,0,0,0,0,0,729000,0,0,0,1566000,837000,729000,729000
066774,聯詠富邦03購01  ,0,0,0,0,0,0,0,0,0,727000,0,0,0,1296000,569000,727000,727000
067214,聯陽元大01購02  ,0,0,0,0,0,0,0,0,0,726000,0,0,0,1739000,1013000,726000,726000
6257,矽格            ,1439000,1300000,139000,0,0,0,0,0,0,587000,50000,381000,-331000,986000,68000,918000,726000
2823,中壽            ,2500090,1770551,729539,0,0,0,12000,0,12000,-17000,16000,294000,-278000,283000,22000,261000,724539
065451,台表科統一02購04,0,0,0,0,0,0,0,0,0,724000,0,0,0,1089000,365000,724000,724000
066642,臺股指凱基04購01,0,0,0,0,0,0,0,0,0,723000,0,0,0,1502000,779000,723000,723000
066283,鎧勝元大01購02  ,5000,0,5000,0,0,0,0,0,0,717000,0,0,0,874000,157000,717000,722000
1909,榮成            ,937000,205000,732000,0,0,0,0,0,0,-12000,0,0,0,0,12000,-12000,720000
066254,南帝元大01購01  ,0,0,0,0,0,0,0,0,0,713000,0,0,0,977000,264000,713000,713000
067387,智邦元富04購01  ,0,0,0,0,0,0,0,0,0,711000,0,0,0,801000,90000,711000,711000
067304,義隆元大01購05  ,0,0,0,0,0,0,0,0,0,711000,0,0,0,814000,103000,711000,711000
057730,聯鈞國泰9A購01  ,0,0,0,0,0,0,0,0,0,708000,0,0,0,840000,132000,708000,708000
2882,國泰金          ,4865216,4706533,158683,0,0,0,919000,10858,908142,-364000,0,339000,-339000,31000,56000,-25000,702825
059943,信邦永豐99購01  ,0,0,0,0,0,0,0,0,0,701000,0,0,0,701000,0,701000,701000
08280P,臺股指中信02售01,0,0,0,0,0,0,0,0,0,700000,0,0,0,700000,0,700000,700000
061741,新光金凱基9B購01,0,0,0,0,0,0,0,0,0,700000,0,0,0,700000,0,700000,700000
5243,乙盛-KY         ,789000,89000,700000,0,0,0,0,0,0,0,0,0,0,0,0,0,700000
064327,金寶元大01購01  ,0,0,0,0,0,0,0,0,0,699000,0,0,0,818000,119000,699000,699000
054827,宏全元大9A購01  ,0,0,0,0,0,0,0,0,0,696000,0,0,0,998000,302000,696000,696000
067509,京鼎統一01購01  ,0,0,0,0,0,0,0,0,0,694000,0,0,0,984000,290000,694000,694000
065351,中租統一02購02  ,0,0,0,0,0,0,0,0,0,694000,0,0,0,758000,64000,694000,694000
056775,康控元大99購01  ,0,0,0,0,0,0,0,0,0,693000,0,0,0,693000,0,693000,693000
061374,力山永豐9A購04  ,0,0,0,0,0,0,0,0,0,693000,0,0,0,933000,240000,693000,693000
063219,友達群益9B購03  ,0,0,0,0,0,0,0,0,0,692000,0,0,0,884000,192000,692000,692000
068099,GIS富邦01購01   ,0,0,0,0,0,0,0,0,0,690000,0,0,0,700000,10000,690000,690000
064735,群創元富9C購02  ,0,0,0,0,0,0,0,0,0,690000,0,0,0,690000,0,690000,690000
068011,台表科元大01購05,0,0,0,0,0,0,0,0,0,689000,0,0,0,783000,94000,689000,689000
057555,玉晶光凱基9A購02,0,0,0,0,0,0,0,0,0,688000,0,0,0,1343000,655000,688000,688000
8016,矽創            ,713000,243000,470000,0,0,0,101000,22000,79000,134000,2000,1000,1000,137000,4000,133000,683000
2472,立隆電          ,756000,82000,674000,0,0,0,0,0,0,0,0,0,0,0,0,0,674000
064487,和大元大9C購01  ,0,0,0,0,0,0,0,0,0,672000,0,0,0,703000,31000,672000,672000
067279,美利達統一02購02,0,0,0,0,0,0,0,0,0,670000,0,0,0,670000,0,670000,670000
067318,康控元大01購03  ,0,0,0,0,0,0,0,0,0,669000,0,0,0,760000,91000,669000,669000
058553,合勤控永豐99購01,0,0,0,0,0,0,0,0,0,668000,0,0,0,686000,18000,668000,668000
063669,宏達電統一9C購01,0,0,0,0,0,0,0,0,0,668000,0,0,0,703000,35000,668000,668000
068376,美律永豐01購01  ,0,0,0,0,0,0,0,0,0,665000,0,0,0,667000,2000,665000,665000
064376,美律元富9C購01  ,0,0,0,0,0,0,0,0,0,664000,0,0,0,664000,0,664000,664000
067526,深中小群益02購01,0,0,0,0,0,0,0,0,0,662000,0,0,0,662000,0,662000,662000
3443,創意            ,1698000,835000,863000,0,0,0,2000,0,2000,-203000,90000,212000,-122000,16000,97000,-81000,662000
067092,美利達元大01購03,0,0,0,0,0,0,0,0,0,661000,0,0,0,766000,105000,661000,661000
068379,聯陽永豐01購04  ,0,0,0,0,0,0,0,0,0,659000,0,0,0,764000,105000,659000,659000
068593,台積電統一03購08,0,0,0,0,0,0,0,0,0,659000,0,0,0,695000,36000,659000,659000
066850,鎧勝元大01購03  ,0,0,0,0,0,0,0,0,0,658000,0,0,0,801000,143000,658000,658000
2421,建準            ,2387000,2886000,-499000,0,0,0,1000000,0,1000000,157000,221000,17000,204000,79000,126000,-47000,658000
067248,帆宣群益01購01  ,0,0,0,0,0,0,0,0,0,655000,0,0,0,712000,57000,655000,655000
067690,惠特元大01購04  ,0,0,0,0,0,0,0,0,0,652000,0,0,0,1007000,355000,652000,652000
062967,上銀元富9B購01  ,0,0,0,0,0,0,0,0,0,647000,0,0,0,713000,66000,647000,647000
065251,宏達電國泰02購01,0,0,0,0,0,0,0,0,0,647000,0,0,0,685000,38000,647000,647000
3437,榮創            ,1471000,825000,646000,0,0,0,0,0,0,0,0,0,0,0,0,0,646000
5388,中磊            ,725000,98000,627000,0,0,0,0,0,0,19000,8000,2000,6000,30000,17000,13000,646000
08685P,南電凱基01售03  ,0,0,0,0,0,0,0,0,0,643000,0,0,0,940000,297000,643000,643000
058714,美律統一9B購01  ,0,0,0,0,0,0,0,0,0,642000,0,0,0,681000,39000,642000,642000
064248,億光元富9C購01  ,0,0,0,0,0,0,0,0,0,642000,0,0,0,643000,1000,642000,642000
064118,喬山元大01購01  ,0,0,0,0,0,0,0,0,0,642000,0,0,0,654000,12000,642000,642000
068241,力山元大01購02  ,0,0,0,0,0,0,0,0,0,639000,0,0,0,999000,360000,639000,639000
066208,聯鈞統一02購01  ,0,0,0,0,0,0,0,0,0,639000,0,0,0,875000,236000,639000,639000
065197,景碩元富06購01  ,0,0,0,0,0,0,0,0,0,637000,0,0,0,777000,140000,637000,637000
062807,和碩統一9B購01  ,0,0,0,0,0,0,0,0,0,635000,0,0,0,665000,30000,635000,635000
064792,美律國票9C購01  ,0,0,0,0,0,0,0,0,0,632000,0,0,0,704000,72000,632000,632000
066440,南帝群益01購01  ,0,0,0,0,0,0,0,0,0,632000,0,0,0,682000,50000,632000,632000
064843,巨大統一02購01  ,0,0,0,0,0,0,0,0,0,631000,0,0,0,881000,250000,631000,631000
068464,聯詠富邦03購02  ,0,0,0,0,0,0,0,0,0,627000,0,0,0,1181000,554000,627000,627000
065150,上銀群益9C購03  ,0,0,0,0,0,0,0,0,0,625000,0,0,0,703000,78000,625000,625000
3049,和鑫            ,2015000,1459000,556000,0,0,0,0,0,0,68000,0,0,0,68000,0,68000,624000
065819,京鼎元富03購01  ,0,0,0,0,0,0,0,0,0,623000,0,0,0,656000,33000,623000,623000
8215,明基材          ,787000,162000,625000,0,0,0,0,0,0,-2000,0,2000,-2000,0,0,0,623000
068658,義隆元大02購01  ,0,0,0,0,0,0,0,0,0,619000,0,0,0,746000,127000,619000,619000
067906,國揚國泰02購01  ,0,0,0,0,0,0,0,0,0,617000,0,0,0,877000,260000,617000,617000
067302,聯發科元大01購20,0,0,0,0,0,0,0,0,0,616000,0,0,0,647000,31000,616000,616000
067218,鎧勝元大01購04  ,0,0,0,0,0,0,0,0,0,615000,0,0,0,763000,148000,615000,615000
062020,智伸科永豐9B購01,0,0,0,0,0,0,0,0,0,615000,0,0,0,615000,0,615000,615000
060842,新光金國票9B購01,0,0,0,0,0,0,0,0,0,610000,0,0,0,610000,0,610000,610000
066373,美利達中信01購01,0,0,0,0,0,0,0,0,0,609000,0,0,0,634000,25000,609000,609000
066043,美律元大01購01  ,0,0,0,0,0,0,0,0,0,608000,0,0,0,742000,134000,608000,608000
1309,台達化          ,1101000,516000,585000,0,0,0,0,0,0,20000,20000,0,20000,0,0,0,605000
064831,宏達電統一02購01,0,0,0,0,0,0,0,0,0,604000,0,0,0,710000,106000,604000,604000
00752,中信中國50      ,0,0,0,0,0,0,0,0,0,603000,0,0,0,811000,208000,603000,603000
08615P,同欣電統一9C售02,0,0,0,0,0,0,0,0,0,602000,0,0,0,602000,0,602000,602000
065496,裕隆富邦9C購01  ,0,0,0,0,0,0,0,0,0,601000,0,0,0,606000,5000,601000,601000
066538,信邦兆豐03購01  ,0,0,0,0,0,0,0,0,0,600000,0,0,0,606000,6000,600000,600000
2489,瑞軒            ,4086000,3488000,598000,0,0,0,0,0,0,0,6000,6000,0,0,0,0,598000
066998,訊芯國泰03購01  ,0,0,0,0,0,0,0,0,0,596000,0,0,0,937000,341000,596000,596000
060337,FBVIX統一9A購01 ,0,0,0,0,0,0,0,0,0,595000,0,0,0,600000,5000,595000,595000
066292,惠特元大01購02  ,0,0,0,0,0,0,0,0,0,595000,0,0,0,721000,126000,595000,595000
067875,百和元大01購01  ,0,0,0,0,0,0,0,0,0,593000,0,0,0,598000,5000,593000,593000
1598,岱宇            ,1019000,522000,497000,0,0,0,40000,0,40000,56000,80000,24000,56000,0,0,0,593000
2385,群光            ,747239,631174,116065,0,0,0,629000,4000,625000,-152000,0,5000,-5000,79000,226000,-147000,589065
2338,光罩            ,845000,158000,687000,0,0,0,0,0,0,-99000,0,172000,-172000,80000,7000,73000,588000
065044,大立光凱基9C購06,0,0,0,0,0,0,0,0,0,587000,0,0,0,619000,32000,587000,587000
067046,聯發科凱基04購01,0,0,0,0,0,0,0,0,0,585000,0,0,0,617000,32000,585000,585000
063659,世紀鋼元富9B購01,0,0,0,0,0,0,0,0,0,581000,0,0,0,591000,10000,581000,581000
063339,智邦統一01購01  ,0,0,0,0,0,0,0,0,0,580000,0,0,0,674000,94000,580000,580000
060807,新光金群益9A購01,0,0,0,0,0,0,0,0,0,580000,0,0,0,675000,95000,580000,580000
067684,康控元大01購05  ,0,0,0,0,0,0,0,0,0,579000,0,0,0,796000,217000,579000,579000
068380,欣興永豐01購05  ,5000,0,5000,0,0,0,0,0,0,573000,0,0,0,1105000,532000,573000,578000
05995P,T50正2中信9C售01,0,0,0,0,0,0,0,0,0,575000,0,0,0,575000,0,575000,575000
063660,儒鴻統一9C購01  ,0,0,0,0,0,0,0,0,0,575000,0,0,0,623000,48000,575000,575000
2457,飛宏            ,753000,179000,574000,0,0,0,0,0,0,0,0,0,0,0,0,0,574000
067369,瑞昱統一01購07  ,0,0,0,0,0,0,0,0,0,571000,0,0,0,1458000,887000,571000,571000
067293,智伸科兆豐03購01,0,0,0,0,0,0,0,0,0,569000,0,0,0,689000,120000,569000,569000
063895,新光金群益01購01,0,0,0,0,0,0,0,0,0,569000,0,0,0,582000,13000,569000,569000
064235,美律統一9C購02  ,0,0,0,0,0,0,0,0,0,566000,0,0,0,566000,0,566000,566000
068708,新光金國票02購01,0,0,0,0,0,0,0,0,0,562000,0,0,0,562000,0,562000,562000
068130,美律統一03購02  ,0,0,0,0,0,0,0,0,0,561000,0,0,0,581000,20000,561000,561000
053564,台積電富邦99購01,0,0,0,0,0,0,0,0,0,561000,0,0,0,562000,1000,561000,561000
1476,儒鴻            ,1112436,615040,497396,0,0,0,30000,237,29763,33000,77000,23000,54000,71000,92000,-21000,560159
066206,聯鈞統一01購01  ,0,0,0,0,0,0,0,0,0,560000,0,0,0,745000,185000,560000,560000
063559,力山元大9B購04  ,0,0,0,0,0,0,0,0,0,559000,0,0,0,651000,92000,559000,559000
066869,聯發科元富07購02,0,0,0,0,0,0,0,0,0,556000,0,0,0,1711000,1155000,556000,556000
067080,群創元大01購04  ,0,0,0,0,0,0,0,0,0,555000,0,0,0,615000,60000,555000,555000
064977,玉晶光元大01購03,0,0,0,0,0,0,0,0,0,555000,0,0,0,1054000,499000,555000,555000
068430,聯電凱基01購01  ,0,0,0,0,0,0,0,0,0,554000,0,0,0,710000,156000,554000,554000
067823,台表科凱基01購02,0,0,0,0,0,0,0,0,0,551000,0,0,0,682000,131000,551000,551000
064449,金寶統一01購02  ,0,0,0,0,0,0,0,0,0,550000,0,0,0,571000,21000,550000,550000
066821,臺指反群益01購03,0,0,0,0,0,0,0,0,0,550000,0,0,0,550000,0,550000,550000
08783P,台積電元大01售18,0,0,0,0,0,0,0,0,0,550000,0,0,0,550000,0,550000,550000
07974P,上証2X元大9B售02,0,0,0,0,0,0,0,0,0,549000,0,0,0,569000,20000,549000,549000
055036,中工富邦9B購01  ,0,0,0,0,0,0,0,0,0,549000,0,0,0,798000,249000,549000,549000
067158,T50反1國票02購02,0,0,0,0,0,0,0,0,0,548000,0,0,0,549000,1000,548000,548000
066737,創意元大01購05  ,0,0,0,0,0,0,0,0,0,548000,0,0,0,679000,131000,548000,548000
066744,和碩元大01購02  ,0,0,0,0,0,0,0,0,0,548000,0,0,0,574000,26000,548000,548000
067997,美律元大01購02  ,0,0,0,0,0,0,0,0,0,547000,0,0,0,688000,141000,547000,547000
2883,開發金          ,4820177,8652149,-3831972,0,0,0,4509000,0,4509000,-133000,0,103000,-103000,0,30000,-30000,544028
00638R,元大滬深300反1  ,24000,25000,-1000,0,0,0,0,0,0,545000,0,0,0,625000,80000,545000,544000
067324,巨大元大01購04  ,0,0,0,0,0,0,0,0,0,541000,0,0,0,604000,63000,541000,541000
2349,錸德            ,704000,163000,541000,0,0,0,0,0,0,0,0,0,0,0,0,0,541000
067396,欣興永豐01購02  ,0,0,0,0,0,0,0,0,0,540000,0,0,0,717000,177000,540000,540000
064833,新光金統一02購01,0,0,0,0,0,0,0,0,0,540000,0,0,0,540000,0,540000,540000
064170,儒鴻元富9C購01  ,0,0,0,0,0,0,0,0,0,539000,0,0,0,796000,257000,539000,539000
066242,惠特富邦03購01  ,0,0,0,0,0,0,0,0,0,539000,0,0,0,746000,207000,539000,539000
068528,緯創元富03購01  ,0,0,0,0,0,0,0,0,0,536000,0,0,0,561000,25000,536000,536000
058511,華新科元大9B購01,0,0,0,0,0,0,0,0,0,536000,0,0,0,1176000,640000,536000,536000
063592,瑞祺永豐9B購02  ,0,0,0,0,0,0,0,0,0,536000,0,0,0,537000,1000,536000,536000
065904,群創富邦02購01  ,0,0,0,0,0,0,0,0,0,535000,0,0,0,604000,69000,535000,535000
065728,嘉晶凱基9C購04  ,0,0,0,0,0,0,0,0,0,533000,0,0,0,724000,191000,533000,533000
067947,京鼎國泰03購01  ,0,0,0,0,0,0,0,0,0,532000,0,0,0,942000,410000,532000,532000
9910,豐泰            ,1242135,745584,496551,0,0,0,0,540,-540,34000,60000,26000,34000,0,0,0,530011
065343,智邦統一01購03  ,0,0,0,0,0,0,0,0,0,529000,0,0,0,686000,157000,529000,529000
059023,可成統一9B購02  ,0,0,0,0,0,0,0,0,0,528000,0,0,0,548000,20000,528000,528000
061455,京元電凱基9B購01,0,0,0,0,0,0,0,0,0,528000,0,0,0,557000,29000,528000,528000
067319,眾達元大01購02  ,0,0,0,0,0,0,0,0,0,527000,0,0,0,733000,206000,527000,527000
065164,和大元大01購01  ,0,0,0,0,0,0,0,0,0,525000,0,0,0,553000,28000,525000,525000
065817,聯發科元富03購08,0,0,0,0,0,0,0,0,0,524000,0,0,0,714000,190000,524000,524000
3034,聯詠            ,1557285,1532571,24714,0,0,0,609000,14729,594271,-96000,89000,127000,-38000,38000,96000,-58000,522985
068560,台積電元大01購51,0,0,0,0,0,0,0,0,0,521000,0,0,0,1615000,1094000,521000,521000
068820,聯陽元大02購01  ,0,0,0,0,0,0,0,0,0,521000,0,0,0,553000,32000,521000,521000
060539,道瓊反凱基9A購01,0,0,0,0,0,0,0,0,0,520000,0,0,0,520000,0,520000,520000
066291,惠特元大01購01  ,0,0,0,0,0,0,0,0,0,519000,0,0,0,890000,371000,519000,519000
066309,永光永豐01購01  ,0,0,0,0,0,0,0,0,0,519000,0,0,0,527000,8000,519000,519000
067323,美利達元大01購04,0,0,0,0,0,0,0,0,0,517000,0,0,0,874000,357000,517000,517000
067134,國揚永豐01購02  ,0,0,0,0,0,0,0,0,0,517000,0,0,0,605000,88000,517000,517000
065165,上銀元大9C購09  ,0,0,0,0,0,0,0,0,0,516000,0,0,0,588000,72000,516000,516000
067516,美利達統一03購04,0,0,0,0,0,0,0,0,0,515000,0,0,0,658000,143000,515000,515000
061353,康控元大9A購01  ,0,0,0,0,0,0,0,0,0,511000,0,0,0,520000,9000,511000,511000
062684,華新科統一01購02,0,0,0,0,0,0,0,0,0,510000,0,0,0,811000,301000,510000,510000
066674,達方凱基01購01  ,0,0,0,0,0,0,0,0,0,509000,0,0,0,535000,26000,509000,509000
08644P,臺股指中信02售02,0,0,0,0,0,0,0,0,0,509000,0,0,0,731000,222000,509000,509000
067354,國揚群益01購03  ,0,0,0,0,0,0,0,0,0,504000,0,0,0,547000,43000,504000,504000
065815,微星元富9C購01  ,0,0,0,0,0,0,0,0,0,504000,0,0,0,506000,2000,504000,504000
061318,智邦凱基9B購01  ,0,0,0,0,0,0,0,0,0,502000,0,0,0,512000,10000,502000,502000
067409,巨大永豐01購01  ,0,0,0,0,0,0,0,0,0,500000,0,0,0,508000,8000,500000,500000
068018,玉晶光國票02購05,0,0,0,0,0,0,0,0,0,499000,0,0,0,499000,0,499000,499000
059396,T50反1元富99購04,0,0,0,0,0,0,0,0,0,499000,0,0,0,499000,0,499000,499000
057791,可成統一99購01  ,0,0,0,0,0,0,0,0,0,499000,0,0,0,499000,0,499000,499000
068329,義隆元大01購07  ,0,0,0,0,0,0,0,0,0,498000,0,0,0,550000,52000,498000,498000
07615P,華通中信02售02  ,0,0,0,0,0,0,0,0,0,498000,0,0,0,500000,2000,498000,498000
065811,億豐群益9C購01  ,0,0,0,0,0,0,0,0,0,498000,0,0,0,724000,226000,498000,498000
064609,滬深2X元大9C購12,0,0,0,0,0,0,0,0,0,498000,0,0,0,498000,0,498000,498000
063876,華新元富9C購01  ,0,0,0,0,0,0,0,0,0,497000,0,0,0,601000,104000,497000,497000
2905,三商            ,2391000,1731600,659400,0,0,0,0,0,0,-164000,0,164000,-164000,0,0,0,495400
060286,佳世達元大9C購01,0,0,0,0,0,0,0,0,0,495000,0,0,0,610000,115000,495000,495000
068256,彩晶元大03購01  ,0,0,0,0,0,0,0,0,0,494000,0,0,0,497000,3000,494000,494000
064726,創意統一01購03  ,0,0,0,0,0,0,0,0,0,493000,0,0,0,527000,34000,493000,493000
058795,可成元大99購03  ,0,0,0,0,0,0,0,0,0,492000,0,0,0,499000,7000,492000,492000
2392,正崴            ,875000,251000,624000,0,0,0,0,0,0,-132000,0,12000,-12000,57000,177000,-120000,492000
068229,聯發科元富07購09,0,0,0,0,0,0,0,0,0,490000,0,0,0,769000,279000,490000,490000
062677,儒鴻統一01購01  ,0,0,0,0,0,0,0,0,0,490000,0,0,0,500000,10000,490000,490000
064670,智伸科元大9C購01,0,0,0,0,0,0,0,0,0,490000,0,0,0,640000,150000,490000,490000
3041,揚智            ,634000,145000,489000,0,0,0,0,0,0,0,0,0,0,0,0,0,489000
5871,中租-KY         ,1713975,1257169,456806,0,0,0,54000,4291,49709,-18000,0,9000,-9000,3000,12000,-9000,488515
046949,群創元大99購01  ,0,0,0,0,0,0,0,0,0,486000,0,0,0,618000,132000,486000,486000
0061,元大寶滬深      ,22000,27000,-5000,0,0,0,0,0,0,490000,20000,0,20000,502000,32000,470000,485000
3702,大聯大          ,1482649,1938440,-455791,0,0,0,1285000,0,1285000,-345000,25000,12000,13000,18000,376000,-358000,484209
064608,滬深2X元大9C購11,0,0,0,0,0,0,0,0,0,484000,0,0,0,484000,0,484000,484000
065472,華新元大01購01  ,0,0,0,0,0,0,0,0,0,483000,0,0,0,982000,499000,483000,483000
050077,臺股指凱基99購02,0,0,0,0,0,0,0,0,0,482000,0,0,0,529000,47000,482000,482000
067269,眾達永豐01購02  ,0,0,0,0,0,0,0,0,0,481000,0,0,0,482000,1000,481000,481000
066920,華擎麥證01購01  ,0,0,0,651000,170000,481000,0,0,0,481000,0,0,0,651000,170000,481000,481000
00692,富邦公司治理    ,12205,12000,205,0,0,0,0,0,0,480000,0,0,0,1435000,955000,480000,480205
067003,聯發科永豐01購02,0,0,0,0,0,0,0,0,0,480000,0,0,0,1063000,583000,480000,480000
063763,上銀元富9B購07  ,0,0,0,0,0,0,0,0,0,480000,0,0,0,539000,59000,480000,480000
066909,義隆凱基01購04  ,0,0,0,0,0,0,0,0,0,480000,0,0,0,544000,64000,480000,480000
068064,欣興兆豐03購02  ,0,0,0,0,0,0,0,0,0,479000,0,0,0,794000,315000,479000,479000
064506,康控元大9C購02  ,0,0,0,0,0,0,0,0,0,478000,0,0,0,538000,60000,478000,478000
068665,聯電統一02購02  ,0,0,0,0,0,0,0,0,0,477000,0,0,0,1775000,1298000,477000,477000
060855,華新科富邦01購01,0,0,0,0,0,0,0,0,0,477000,0,0,0,477000,0,477000,477000
08095P,大立光元富9B售03,0,0,0,0,0,0,0,0,0,476000,0,0,0,504000,28000,476000,476000
066773,美律富邦03購01  ,0,3000,-3000,0,0,0,0,0,0,478000,0,0,0,601000,123000,478000,475000
066272,聯陽元大01購01  ,0,0,0,0,0,0,0,0,0,475000,0,0,0,961000,486000,475000,475000
064603,和碩元富9C購01  ,0,0,0,0,0,0,0,0,0,473000,0,0,0,473000,0,473000,473000
3703,欣陸            ,428000,186000,242000,0,0,0,0,0,0,230000,230000,0,230000,0,0,0,472000
065076,中橡元大9C購01  ,0,0,0,0,0,0,0,0,0,471000,0,0,0,478000,7000,471000,471000
065762,台表科元大9C購13,0,0,0,0,0,0,0,0,0,471000,0,0,0,785000,314000,471000,471000
059755,宏達電國泰9A購01,0,0,0,0,0,0,0,0,0,469000,0,0,0,486000,17000,469000,469000
068037,聯鈞元富07購01  ,0,0,0,0,0,0,0,0,0,467000,0,0,0,606000,139000,467000,467000
064837,TPK統一9C購02   ,0,0,0,0,0,0,0,0,0,467000,0,0,0,467000,0,467000,467000
067362,眾達群益01購02  ,0,0,0,0,0,0,0,0,0,465000,0,0,0,565000,100000,465000,465000
064355,南六元大01購01  ,0,0,0,0,0,0,0,0,0,465000,0,0,0,514000,49000,465000,465000
065509,上銀群益9C購04  ,0,0,0,0,0,0,0,0,0,465000,0,0,0,518000,53000,465000,465000
1319,東陽            ,350000,151000,199000,0,0,0,271000,0,271000,-6000,2000,8000,-6000,0,0,0,464000
063352,上銀元富9B購02  ,0,0,0,0,0,0,0,0,0,463000,0,0,0,571000,108000,463000,463000
068625,信邦群益02購02  ,0,0,0,0,0,0,0,0,0,461000,0,0,0,497000,36000,461000,461000
00652,富邦印度        ,38000,6000,32000,0,0,0,0,0,0,429000,0,0,0,474000,45000,429000,461000
064230,上銀統一01購04  ,0,0,0,0,0,0,0,0,0,459000,0,0,0,459000,0,459000,459000
067696,欣興兆豐03購01  ,0,0,0,0,0,0,0,0,0,457000,0,0,0,464000,7000,457000,457000
00876,元大未來關鍵科技,535000,0,535000,0,0,0,0,0,0,-80000,0,0,0,1193000,1273000,-80000,455000
066753,聯鈞國泰03購01  ,0,0,0,0,0,0,0,0,0,454000,0,0,0,456000,2000,454000,454000
068729,宏達電元大03購01,0,0,0,0,0,0,0,0,0,452000,0,0,0,473000,21000,452000,452000
065984,緯創富邦03購01  ,0,0,0,0,0,0,0,0,0,452000,0,0,0,502000,50000,452000,452000
067064,為升元大01購02  ,0,0,0,0,0,0,0,0,0,450000,0,0,0,1050000,600000,450000,450000
056136,京鼎元大98購01  ,0,0,0,0,0,0,0,0,0,450000,0,0,0,450000,0,450000,450000
00634R,富邦上証反1     ,287000,119000,168000,0,0,0,0,0,0,281000,297000,0,297000,547000,563000,-16000,449000
064915,美律統一02購02  ,0,0,0,0,0,0,0,0,0,448000,0,0,0,453000,5000,448000,448000
064839,旭富統一9C購01  ,0,0,0,0,0,0,0,0,0,447000,0,0,0,470000,23000,447000,447000
8011,台通            ,478000,31000,447000,0,0,0,0,0,0,0,0,0,0,0,0,0,447000
059294,宏達電元富9B購02,0,0,0,0,0,0,0,0,0,446000,0,0,0,447000,1000,446000,446000
6165,捷泰            ,543000,97000,446000,0,0,0,0,0,0,0,0,0,0,0,0,0,446000
066308,中化永豐01購01  ,0,0,0,0,0,0,0,0,0,444000,0,0,0,446000,2000,444000,444000
057923,晶豪科凱基98購02,0,0,0,0,0,0,0,0,0,443000,0,0,0,490000,47000,443000,443000
063380,台表科永豐9B購03,0,0,0,0,0,0,0,0,0,443000,0,0,0,448000,5000,443000,443000
2493,揚博            ,501000,52000,449000,0,0,0,0,0,0,-6000,0,6000,-6000,0,0,0,443000
057638,上銀元大99購01  ,0,0,0,0,0,0,0,0,0,442000,0,0,0,447000,5000,442000,442000
066377,健策兆豐01購02  ,0,0,0,0,0,0,0,0,0,442000,0,0,0,450000,8000,442000,442000
057377,康控元大99購02  ,0,0,0,0,0,0,0,0,0,438000,0,0,0,455000,17000,438000,438000
062051,上銀統一9C購02  ,0,0,0,0,0,0,0,0,0,438000,0,0,0,438000,0,438000,438000
068389,美律統一03購03  ,0,0,0,0,0,0,0,0,0,437000,0,0,0,467000,30000,437000,437000
063908,國巨凱基9C購06  ,0,0,0,0,0,0,0,0,0,435000,0,0,0,531000,96000,435000,435000
063265,瑞祺永豐9B購01  ,0,0,0,0,0,0,0,0,0,435000,0,0,0,468000,33000,435000,435000
1789,神隆            ,588000,168000,420000,0,0,0,0,0,0,15000,0,0,0,26000,11000,15000,435000
062527,美律統一01購01  ,0,0,0,0,0,0,0,0,0,434000,0,0,0,1063000,629000,434000,434000
064680,創意兆豐01購01  ,0,0,0,0,0,0,0,0,0,434000,0,0,0,437000,3000,434000,434000
065689,群創元富9C購04  ,0,0,0,0,0,0,0,0,0,433000,0,0,0,453000,20000,433000,433000
07990P,緯穎凱基9B售02  ,0,0,0,0,0,0,0,0,0,432000,0,0,0,884000,452000,432000,432000
2601,益航            ,517000,85000,432000,0,0,0,0,0,0,0,0,0,0,0,0,0,432000
00672L,元大S&P原油正2  ,0,405000,-405000,0,0,0,0,0,0,836000,0,0,0,856000,20000,836000,431000
1477,聚陽            ,629000,252000,377000,0,0,0,44000,3000,41000,13000,68000,31000,37000,13000,37000,-24000,431000
064596,台表科統一01購03,0,0,0,0,0,0,0,0,0,430000,0,0,0,515000,85000,430000,430000
068046,台積電統一03購05,0,0,0,0,0,0,0,0,0,428000,0,0,0,439000,11000,428000,428000
064778,美律群益9C購01  ,0,0,0,0,0,0,0,0,0,428000,0,0,0,428000,0,428000,428000
067177,日月光麥證01購02,0,0,0,427000,11000,416000,0,0,0,427000,0,0,0,438000,11000,427000,427000
059097,世紀鋼元大99購05,0,0,0,0,0,0,0,0,0,427000,0,0,0,461000,34000,427000,427000
3704,合勤控          ,712000,119000,593000,0,0,0,0,0,0,-166000,0,4000,-4000,0,162000,-162000,427000
9103,美德醫療-DR     ,553000,126000,427000,0,0,0,0,0,0,0,0,0,0,0,0,0,427000
067598,台積電凱基01購13,0,0,0,0,0,0,0,0,0,426000,0,0,0,432000,6000,426000,426000
068623,美律群益02購01  ,0,0,0,0,0,0,0,0,0,426000,0,0,0,476000,50000,426000,426000
067090,南六元大01購04  ,0,0,0,0,0,0,0,0,0,425000,0,0,0,915000,490000,425000,425000
063638,華新科元大9B購14,0,0,0,0,0,0,0,0,0,425000,0,0,0,425000,0,425000,425000
064737,中石化國票01購01,0,0,0,0,0,0,0,0,0,425000,0,0,0,425000,0,425000,425000
064879,健策兆豐01購01  ,0,0,0,0,0,0,0,0,0,425000,0,0,0,454000,29000,425000,425000
2345,智邦            ,2248204,1755217,492987,0,0,0,0,0,0,-69000,62000,40000,22000,27000,118000,-91000,423987
068122,彩晶元富03購01  ,0,0,0,0,0,0,0,0,0,423000,0,0,0,718000,295000,423000,423000
063938,上銀元大9C購03  ,0,0,0,0,0,0,0,0,0,421000,0,0,0,421000,0,421000,421000
065054,百和凱基02購01  ,0,0,0,0,0,0,0,0,0,421000,0,0,0,451000,30000,421000,421000
067771,新光金統一03購01,0,0,0,0,0,0,0,0,0,420000,0,0,0,420000,0,420000,420000
067073,國揚元大01購02  ,0,0,0,0,0,0,0,0,0,420000,0,0,0,530000,110000,420000,420000
6202,盛群            ,668000,240000,428000,0,0,0,0,0,0,-8000,0,0,0,2000,10000,-8000,420000
00730,富邦臺灣優質高息,8000,8000,0,0,0,0,0,0,0,419000,0,0,0,623000,204000,419000,419000
061633,統一元大9A購01  ,0,0,0,0,0,0,0,0,0,419000,0,0,0,587000,168000,419000,419000
064610,儒鴻元大9C購03  ,0,0,0,0,0,0,0,0,0,419000,0,0,0,739000,320000,419000,419000
066115,美律兆豐02購01  ,0,0,0,0,0,0,0,0,0,419000,0,0,0,536000,117000,419000,419000
068038,康控元富03購01  ,0,0,0,0,0,0,0,0,0,417000,0,0,0,417000,0,417000,417000
065455,金寶元富9C購01  ,0,0,0,0,0,0,0,0,0,417000,0,0,0,717000,300000,417000,417000
066959,新唐元大01購01  ,0,0,0,0,0,0,0,0,0,416000,0,0,0,441000,25000,416000,416000
061782,智邦群益9B購01  ,0,0,0,0,0,0,0,0,0,416000,0,0,0,416000,0,416000,416000
064163,康控統一01購01  ,0,0,0,0,0,0,0,0,0,416000,0,0,0,603000,187000,416000,416000
066280,眾達元大01購01  ,0,0,0,0,0,0,0,0,0,416000,0,0,0,675000,259000,416000,416000
3682,亞太電          ,529000,113000,416000,0,0,0,0,0,0,0,0,0,0,0,0,0,416000
068003,玉晶光元大01購12,0,0,0,0,0,0,0,0,0,415000,0,0,0,912000,497000,415000,415000
067671,正崴元大01購01  ,0,0,0,0,0,0,0,0,0,415000,0,0,0,415000,0,415000,415000
07424P,大立光元大9B售01,0,0,0,0,0,0,0,0,0,415000,0,0,0,415000,0,415000,415000
059076,FBVIX元大99購04 ,0,0,0,0,0,0,0,0,0,415000,0,0,0,415000,0,415000,415000
063168,台表科永豐9B購01,0,0,0,0,0,0,0,0,0,415000,0,0,0,475000,60000,415000,415000
063654,上銀元富9B購05  ,0,0,0,0,0,0,0,0,0,415000,0,0,0,438000,23000,415000,415000
064338,美食元大9C購01  ,0,0,0,0,0,0,0,0,0,415000,0,0,0,450000,35000,415000,415000
2328,廣宇            ,808000,394000,414000,0,0,0,0,0,0,0,4000,4000,0,0,0,0,414000
061532,和大統一9C購02  ,0,0,0,0,0,0,0,0,0,413000,0,0,0,569000,156000,413000,413000
08200P,祥碩元大9B售08  ,0,0,0,0,0,0,0,0,0,412000,0,0,0,457000,45000,412000,412000
066224,眾達國泰03購01  ,0,0,0,0,0,0,0,0,0,412000,0,0,0,538000,126000,412000,412000
2461,光群雷          ,534000,122000,412000,0,0,0,0,0,0,0,0,0,0,0,0,0,412000
063724,亞德客元大9B購03,0,0,0,0,0,0,0,0,0,411000,0,0,0,523000,112000,411000,411000
065055,臺股指凱基02購04,0,0,0,0,0,0,0,0,0,411000,0,0,0,873000,462000,411000,411000
5471,松翰            ,552000,189000,363000,0,0,0,0,0,0,48000,0,1000,-1000,59000,10000,49000,411000
065255,上銀元大01購01  ,0,0,0,0,0,0,0,0,0,410000,0,0,0,412000,2000,410000,410000
064836,群創統一9C購04  ,0,0,0,0,0,0,0,0,0,407000,0,0,0,437000,30000,407000,407000
066493,美利達元富01購01,0,0,0,0,0,0,0,0,0,407000,0,0,0,417000,10000,407000,407000
059051,和大凱基9A購01  ,0,0,0,0,0,0,0,0,0,406000,0,0,0,417000,11000,406000,406000
063881,嘉晶元富9C購01  ,0,0,0,0,0,0,0,0,0,405000,0,0,0,425000,20000,405000,405000
8104,錸寶            ,923000,520000,403000,0,0,0,0,0,0,0,0,0,0,0,0,0,403000
067078,京鼎元大01購04  ,0,0,0,0,0,0,0,0,0,402000,0,0,0,537000,135000,402000,402000
067266,義隆國泰03購01  ,0,0,0,0,0,0,0,0,0,401000,0,0,0,790000,389000,401000,401000
065853,智伸科元大9C購02,0,0,0,0,0,0,0,0,0,401000,0,0,0,551000,150000,401000,401000
065256,上銀元大9C購10  ,0,0,0,0,0,0,0,0,0,401000,0,0,0,476000,75000,401000,401000
067497,康控元大01購04  ,0,0,0,0,0,0,0,0,0,400000,0,0,0,400000,0,400000,400000
07645P,華通元大9A售06  ,0,0,0,0,0,0,0,0,0,400000,0,0,0,400000,0,400000,400000
068660,欣興元大02購02  ,0,0,0,0,0,0,0,0,0,400000,0,0,0,502000,102000,400000,400000
060278,道瓊反元大9A購03,0,0,0,0,0,0,0,0,0,400000,0,0,0,400000,0,400000,400000
054040,中石化元大9C購01,0,0,0,0,0,0,0,0,0,400000,0,0,0,500000,100000,400000,400000
062353,亞德客元大9B購01,0,0,0,0,0,0,0,0,0,400000,0,0,0,420000,20000,400000,400000
065807,智伸科群益01購01,0,0,0,0,0,0,0,0,0,400000,0,0,0,400000,0,400000,400000
066743,和碩元大01購01  ,0,0,0,0,0,0,0,0,0,400000,0,0,0,418000,18000,400000,400000
8110,華東            ,488000,77000,411000,0,0,0,0,0,0,-13000,0,13000,-13000,0,0,0,398000
2439,美律            ,1547000,745000,802000,0,0,0,10000,0,10000,-414000,176000,161000,15000,25000,454000,-429000,398000
068565,建準元大01購02  ,1000,0,1000,0,0,0,0,0,0,396000,0,0,0,826000,430000,396000,397000
066530,美律元富04購01  ,0,0,0,0,0,0,0,0,0,397000,0,0,0,458000,61000,397000,397000
067868,欣興元大01購07  ,0,0,0,0,0,0,0,0,0,396000,0,0,0,530000,134000,396000,396000
059123,訊芯永豐99購03  ,0,0,0,0,0,0,0,0,0,396000,0,0,0,675000,279000,396000,396000
068477,嘉聯益群益01購02,0,0,0,0,0,0,0,0,0,394000,0,0,0,562000,168000,394000,394000
065850,緯創元大9C購06  ,0,0,0,0,0,0,0,0,0,394000,0,0,0,659000,265000,394000,394000
8105,凌巨            ,512000,117000,395000,0,0,0,0,0,0,-1000,0,1000,-1000,0,0,0,394000
03089P,華擎元大01售07  ,0,0,0,0,0,0,0,0,0,393000,0,0,0,416000,23000,393000,393000
061517,瑞祺永豐9A購03  ,0,0,0,0,0,0,0,0,0,392000,0,0,0,558000,166000,392000,392000
066804,緯創凱基01購01  ,0,0,0,0,0,0,0,0,0,391000,0,0,0,417000,26000,391000,391000
08070P,晶技國泰9C售02  ,0,0,0,0,0,0,0,0,0,390000,0,0,0,450000,60000,390000,390000
067067,國巨元大01購08  ,0,0,0,0,0,0,0,0,0,390000,0,0,0,736000,346000,390000,390000
067439,巨大凱基02購02  ,0,0,0,0,0,0,0,0,0,388000,0,0,0,388000,0,388000,388000
063466,美食元大9B購02  ,0,0,0,0,0,0,0,0,0,388000,0,0,0,393000,5000,388000,388000
066205,京鼎統一03購01  ,0,0,0,0,0,0,0,0,0,388000,0,0,0,436000,48000,388000,388000
065803,大立光群益01購03,0,0,0,0,0,0,0,0,0,387000,0,0,0,397000,10000,387000,387000
061121,智邦永豐9A購02  ,0,0,0,0,0,0,0,0,0,386000,0,0,0,492000,106000,386000,386000
067496,拓凱元大01購02  ,0,0,0,0,0,0,0,0,0,385000,0,0,0,675000,290000,385000,385000
067477,億光元大01購01  ,0,0,0,0,0,0,0,0,0,385000,0,0,0,394000,9000,385000,385000
07923P,元金2X凱基02售02,0,0,0,0,0,0,0,0,0,385000,0,0,0,410000,25000,385000,385000
064160,新日興統一01購03,0,0,0,0,0,0,0,0,0,385000,0,0,0,503000,118000,385000,385000
062494,中石化中信9C購01,0,0,0,0,0,0,0,0,0,385000,0,0,0,394000,9000,385000,385000
065939,創意群益01購01  ,0,0,0,0,0,0,0,0,0,385000,0,0,0,423000,38000,385000,385000
058422,百和麥證99購01  ,0,0,0,414000,31000,383000,0,0,0,383000,0,0,0,414000,31000,383000,383000
065178,和碩元大9C購01  ,0,0,0,0,0,0,0,0,0,383000,0,0,0,389000,6000,383000,383000
1802,台玻            ,976000,593000,383000,0,0,0,0,0,0,0,0,0,0,0,0,0,383000
067706,台積電元富07購07,0,0,0,0,0,0,0,0,0,382000,0,0,0,382000,0,382000,382000
067365,美利達群益01購03,0,0,0,0,0,0,0,0,0,381000,0,0,0,537000,156000,381000,381000
064930,南六統一02購02  ,0,0,0,0,0,0,0,0,0,381000,0,0,0,451000,70000,381000,381000
065831,緯創凱基9C購03  ,0,0,0,0,0,0,0,0,0,381000,0,0,0,475000,94000,381000,381000
055182,京鼎統一98購01  ,0,0,0,0,0,0,0,0,0,380000,0,0,0,380000,0,380000,380000
061105,宏達電元大9A購04,0,0,0,0,0,0,0,0,0,380000,0,0,0,402000,22000,380000,380000
5434,崇越            ,600000,243000,357000,0,0,0,0,0,0,22000,0,1000,-1000,23000,0,23000,379000
067488,群創元大03購01  ,0,0,0,0,0,0,0,0,0,378000,0,0,0,488000,110000,378000,378000
06721P,臺股指中信9A售03,0,0,0,0,0,0,0,0,0,378000,0,0,0,489000,111000,378000,378000
063944,建準元大9C購01  ,0,0,0,0,0,0,0,0,0,378000,0,0,0,435000,57000,378000,378000
3027,盛達            ,899000,521000,378000,0,0,0,0,0,0,0,0,0,0,0,0,0,378000
068058,聯電中信03購02  ,0,0,0,0,0,0,0,0,0,377000,0,0,0,456000,79000,377000,377000
062885,臻鼎兆豐9C購01  ,0,0,0,0,0,0,0,0,0,377000,0,0,0,377000,0,377000,377000
066194,美利達凱基01購01,0,0,0,0,0,0,0,0,0,377000,0,0,0,386000,9000,377000,377000
066736,京鼎元大01購02  ,0,0,0,0,0,0,0,0,0,377000,0,0,0,417000,40000,377000,377000
068258,可成國泰03購01  ,0,0,0,0,0,0,0,0,0,376000,0,0,0,597000,221000,376000,376000
067372,聯發科統一03購03,0,0,0,0,0,0,0,0,0,375000,0,0,0,384000,9000,375000,375000
063817,GIS群益9C購01   ,0,0,0,0,0,0,0,0,0,375000,0,0,0,508000,133000,375000,375000
066337,聯陽永豐01購02  ,0,0,0,0,0,0,0,0,0,375000,0,0,0,395000,20000,375000,375000
4956,光鋐            ,543000,168000,375000,0,0,0,0,0,0,0,0,0,0,0,0,0,375000
067426,聯發科凱基01購14,0,0,0,0,0,0,0,0,0,374000,0,0,0,535000,161000,374000,374000
08203P,同欣電永豐9B售04,0,0,0,0,0,0,0,0,0,374000,0,0,0,374000,0,374000,374000
1712,興農            ,674000,360000,314000,0,0,0,0,0,0,60000,60000,0,60000,0,0,0,374000
060457,中橡元大9A購02  ,0,0,0,0,0,0,0,0,0,372000,0,0,0,392000,20000,372000,372000
066281,眾達元大02購01  ,0,0,0,0,0,0,0,0,0,372000,0,0,0,598000,226000,372000,372000
067142,美利達永豐01購02,0,0,0,0,0,0,0,0,0,371000,0,0,0,449000,78000,371000,371000
057286,群創元大9B購05  ,0,0,0,0,0,0,0,0,0,371000,0,0,0,371000,0,371000,371000
062539,可成國泰01購01  ,0,0,0,0,0,0,0,0,0,371000,0,0,0,457000,86000,371000,371000
068048,美律統一03購01  ,0,0,0,0,0,0,0,0,0,370000,0,0,0,669000,299000,370000,370000
08356P,聯發科元大9C售08,0,0,0,0,0,0,0,0,0,370000,0,0,0,370000,0,370000,370000
067346,巨大凱基02購01  ,0,0,0,0,0,0,0,0,0,368000,0,0,0,383000,15000,368000,368000
066703,聯詠群益01購02  ,0,0,0,0,0,0,0,0,0,368000,0,0,0,415000,47000,368000,368000
067097,為升群益01購01  ,0,0,0,0,0,0,0,0,0,367000,0,0,0,843000,476000,367000,367000
067712,惠特元富04購01  ,0,0,0,0,0,0,0,0,0,367000,0,0,0,1197000,830000,367000,367000
064193,華新群益9C購01  ,0,0,0,0,0,0,0,0,0,367000,0,0,0,398000,31000,367000,367000
8499,鼎炫-KY         ,387000,30000,357000,0,0,0,0,0,0,10000,13000,3000,10000,0,0,0,367000
067313,欣興元大03購01  ,0,0,0,0,0,0,0,0,0,366000,0,0,0,775000,409000,366000,366000
059919,宏達電元大99購06,0,0,0,0,0,0,0,0,0,366000,0,0,0,386000,20000,366000,366000
5264,鎧勝-KY         ,1677000,1139000,538000,0,0,0,0,0,0,-172000,0,3000,-3000,16000,185000,-169000,366000
067675,中工元大03購01  ,0,0,0,0,0,0,0,0,0,363000,0,0,0,689000,326000,363000,363000
068151,瑞昱元大01購05  ,0,0,0,0,0,0,0,0,0,363000,0,0,0,603000,240000,363000,363000
068331,欣興元大01購09  ,0,0,0,0,0,0,0,0,0,363000,0,0,0,641000,278000,363000,363000
068562,台積電元大03購02,0,0,0,0,0,0,0,0,0,363000,0,0,0,1092000,729000,363000,363000
062323,上銀統一9B購03  ,0,0,0,0,0,0,0,0,0,362000,0,0,0,609000,247000,362000,362000
065760,和碩元大9C購02  ,0,0,0,0,0,0,0,0,0,362000,0,0,0,370000,8000,362000,362000
067325,巨大元大01購05  ,0,0,0,0,0,0,0,0,0,361000,0,0,0,474000,113000,361000,361000
067285,欣興國票02購01  ,0,0,0,0,0,0,0,0,0,361000,0,0,0,546000,185000,361000,361000
059996,美律元富99購01  ,0,0,0,0,0,0,0,0,0,361000,0,0,0,361000,0,361000,361000
063664,漢唐統一9C購01  ,0,0,0,0,0,0,0,0,0,361000,0,0,0,361000,0,361000,361000
066293,惠特元大02購01  ,0,0,0,0,0,0,0,0,0,361000,0,0,0,434000,73000,361000,361000
08849P,國巨群益01售07  ,0,0,0,0,0,0,0,0,0,361000,0,0,0,361000,0,361000,361000
066324,仲琦永豐01購01  ,0,0,0,0,0,0,0,0,0,360000,0,0,0,516000,156000,360000,360000
065098,致伸元大9C購02  ,0,0,0,0,0,0,0,0,0,360000,0,0,0,360000,0,360000,360000
064695,京鼎群益02購02  ,0,0,0,0,0,0,0,0,0,359000,0,0,0,359000,0,359000,359000
067221,台表科元大01購02,0,0,0,0,0,0,0,0,0,358000,0,0,0,368000,10000,358000,358000
057016,中石化凱基9B購01,0,0,0,0,0,0,0,0,0,357000,0,0,0,360000,3000,357000,357000
065903,聯發科富邦02購02,0,0,0,0,0,0,0,0,0,357000,0,0,0,517000,160000,357000,357000
067225,巨大元大01購03  ,0,0,0,0,0,0,0,0,0,356000,0,0,0,447000,91000,356000,356000
068118,欣興元富07購03  ,0,0,0,0,0,0,0,0,0,356000,0,0,0,1079000,723000,356000,356000
067743,緯創元大01購02  ,0,0,0,0,0,0,0,0,0,356000,0,0,0,499000,143000,356000,356000
068120,智易元富07購01  ,0,0,0,0,0,0,0,0,0,355000,0,0,0,683000,328000,355000,355000
067036,南電康和01購02  ,0,0,0,0,0,0,0,0,0,355000,0,0,0,819000,464000,355000,355000
065356,聯發科元富03購06,0,0,0,0,0,0,0,0,0,355000,0,0,0,355000,0,355000,355000
057990,美律統一99購02  ,0,0,0,0,0,0,0,0,0,354000,0,0,0,354000,0,354000,354000
068154,聯發科元大01購23,0,0,0,0,0,0,0,0,0,352000,0,0,0,381000,29000,352000,352000
063676,上銀國泰9C購02  ,0,0,0,0,0,0,0,0,0,352000,0,0,0,778000,426000,352000,352000
067825,南港兆豐03購01  ,0,0,0,0,0,0,0,0,0,351000,0,0,0,351000,0,351000,351000
064485,儒鴻元大01購01  ,0,0,0,0,0,0,0,0,0,351000,0,0,0,745000,394000,351000,351000
065820,瑞祺元富03購01  ,0,0,0,0,0,0,0,0,0,351000,0,0,0,391000,40000,351000,351000
066249,生達元大01購01  ,0,0,0,0,0,0,0,0,0,350000,0,0,0,500000,150000,350000,350000
066040,友訊元大01購02  ,0,0,0,0,0,0,0,0,0,350000,0,0,0,350000,0,350000,350000
064520,京鼎群益02購01  ,0,0,0,0,0,0,0,0,0,350000,0,0,0,350000,0,350000,350000
061122,敬鵬永豐9A購01  ,0,0,0,0,0,0,0,0,0,349000,0,0,0,512000,163000,349000,349000
061052,和大群益9A購01  ,0,0,0,0,0,0,0,0,0,349000,0,0,0,365000,16000,349000,349000
066490,創意元富07購01  ,0,0,0,0,0,0,0,0,0,349000,0,0,0,424000,75000,349000,349000
066444,華擎群益01購03  ,0,0,0,0,0,0,0,0,0,349000,0,0,0,672000,323000,349000,349000
067276,義隆統一03購01  ,0,0,0,0,0,0,0,0,0,348000,0,0,0,524000,176000,348000,348000
057792,群創統一99購01  ,0,0,0,0,0,0,0,0,0,348000,0,0,0,524000,176000,348000,348000
062238,臻鼎凱基9C購01  ,0,0,0,0,0,0,0,0,0,348000,0,0,0,474000,126000,348000,348000
067069,友訊元大01購03  ,0,0,0,0,0,0,0,0,0,347000,0,0,0,347000,0,347000,347000
066763,創意永豐01購02  ,0,0,0,0,0,0,0,0,0,347000,0,0,0,352000,5000,347000,347000
065033,和碩兆豐9C購01  ,0,0,0,0,0,0,0,0,0,347000,0,0,0,375000,28000,347000,347000
068195,瑞昱凱基02購02  ,0,0,0,0,0,0,0,0,0,346000,0,0,0,436000,90000,346000,346000
3038,全台            ,605000,246000,359000,0,0,0,0,0,0,-13000,20000,33000,-13000,0,0,0,346000
061360,智邦兆豐9B購02  ,0,0,0,0,0,0,0,0,0,345000,0,0,0,349000,4000,345000,345000
067621,友達國泰02購01  ,0,0,0,0,0,0,0,0,0,344000,0,0,0,686000,342000,344000,344000
061792,和大永豐9B購01  ,0,0,0,0,0,0,0,0,0,344000,0,0,0,432000,88000,344000,344000
062980,康控元富9B購01  ,0,0,0,0,0,0,0,0,0,344000,0,0,0,356000,12000,344000,344000
4746,台耀            ,573000,237000,336000,0,0,0,0,0,0,8000,9000,1000,8000,0,0,0,344000
067114,京鼎群益02購04  ,0,0,0,0,0,0,0,0,0,343000,0,0,0,378000,35000,343000,343000
064981,致伸元大9C購01  ,0,0,0,0,0,0,0,0,0,343000,0,0,0,343000,0,343000,343000
068499,京鼎元大01購07  ,0,0,0,0,0,0,0,0,0,341000,0,0,0,400000,59000,341000,341000
059986,宏達電元大99購08,0,0,0,0,0,0,0,0,0,341000,0,0,0,361000,20000,341000,341000
066907,聯發科凱基03購04,0,0,0,0,0,0,0,0,0,341000,0,0,0,492000,151000,341000,341000
058728,SP黃豆永豐99購01,0,0,0,0,0,0,0,0,0,340000,0,0,0,466000,126000,340000,340000
060833,道瓊反國票9A購01,0,0,0,0,0,0,0,0,0,340000,0,0,0,340000,0,340000,340000
00676R,富邦臺灣加權反1 ,0,0,0,0,0,0,0,0,0,339000,0,0,0,1340000,1001000,339000,339000
062674,百和中信03購01  ,0,0,0,0,0,0,0,0,0,339000,0,0,0,344000,5000,339000,339000
066448,眾達群益01購01  ,0,0,0,0,0,0,0,0,0,339000,0,0,0,395000,56000,339000,339000
2614,東森            ,476000,194000,282000,0,0,0,0,0,0,57000,0,0,0,57000,0,57000,339000
059293,宏達電元富9B購01,0,0,0,0,0,0,0,0,0,338000,0,0,0,338000,0,338000,338000
066529,巨大統一03購01  ,0,0,0,0,0,0,0,0,0,338000,0,0,0,523000,185000,338000,338000
065569,智邦群益01購01  ,0,0,0,0,0,0,0,0,0,338000,0,0,0,378000,40000,338000,338000
3052,夆典            ,371000,33000,338000,0,0,0,0,0,0,0,0,0,0,0,0,0,338000
062878,宏達電兆豐9B購01,0,0,0,0,0,0,0,0,0,337000,0,0,0,337000,0,337000,337000
060437,宏全永豐9A購01  ,0,0,0,0,0,0,0,0,0,337000,0,0,0,580000,243000,337000,337000
064054,中租統一02購01  ,0,0,0,0,0,0,0,0,0,337000,0,0,0,348000,11000,337000,337000
062993,華新科群益9B購05,0,0,0,0,0,0,0,0,0,337000,0,0,0,350000,13000,337000,337000
066297,美利達元大01購01,0,0,0,0,0,0,0,0,0,337000,0,0,0,477000,140000,337000,337000
066214,惠特統一03購02  ,0,0,0,0,0,0,0,0,0,336000,0,0,0,458000,122000,336000,336000
067424,美律凱基02購02  ,0,0,0,0,0,0,0,0,0,334000,0,0,0,334000,0,334000,334000
063765,上銀元富9B購09  ,0,0,0,0,0,0,0,0,0,334000,0,0,0,437000,103000,334000,334000
067144,上銀統一02購01  ,0,0,0,0,0,0,0,0,0,333000,0,0,0,541000,208000,333000,333000
067113,京鼎群益02購03  ,0,0,0,0,0,0,0,0,0,332000,0,0,0,332000,0,332000,332000
08068P,宏達電國泰9C售01,0,0,0,0,0,0,0,0,0,332000,0,0,0,527000,195000,332000,332000
03043P,健策國票03售01  ,0,0,0,0,0,0,0,0,0,332000,0,0,0,339000,7000,332000,332000
065912,瑞祺永豐9C購02  ,0,0,0,0,0,0,0,0,0,332000,0,0,0,340000,8000,332000,332000
064302,美律兆豐01購01  ,0,0,0,0,0,0,0,0,0,332000,0,0,0,342000,10000,332000,332000
067810,聯發科凱基02購06,0,0,0,0,0,0,0,0,0,331000,0,0,0,560000,229000,331000,331000
063384,巨大永豐9B購04  ,0,0,0,0,0,0,0,0,0,331000,0,0,0,396000,65000,331000,331000
066625,瑞昱凱基02購01  ,0,0,0,0,0,0,0,0,0,331000,0,0,0,479000,148000,331000,331000
08096P,大立光元富9B售04,0,0,0,0,0,0,0,0,0,330000,0,0,0,335000,5000,330000,330000
062707,致伸元大9B購01  ,0,0,0,0,0,0,0,0,0,330000,0,0,0,340000,10000,330000,330000
6142,友勁            ,464000,134000,330000,0,0,0,0,0,0,0,0,0,0,0,0,0,330000
068355,美律凱基01購02  ,0,0,0,0,0,0,0,0,0,329000,0,0,0,386000,57000,329000,329000
067147,台積電統一04購01,0,0,0,0,0,0,0,0,0,329000,0,0,0,329000,0,329000,329000
061304,創意永豐9A購02  ,0,0,0,0,0,0,0,0,0,329000,0,0,0,342000,13000,329000,329000
066683,和碩兆豐01購01  ,0,0,0,0,0,0,0,0,0,329000,0,0,0,355000,26000,329000,329000
066218,美利達統一03購02,0,0,0,0,0,0,0,0,0,329000,0,0,0,329000,0,329000,329000
066112,智邦兆豐02購01  ,0,0,0,0,0,0,0,0,0,329000,0,0,0,376000,47000,329000,329000
064314,信邦群益9C購01  ,0,0,0,0,0,0,0,0,0,329000,0,0,0,329000,0,329000,329000
064702,百和群益01購01  ,0,0,0,0,0,0,0,0,0,329000,0,0,0,349000,20000,329000,329000
064709,瑞祺永豐9C購01  ,0,0,0,0,0,0,0,0,0,329000,0,0,0,443000,114000,329000,329000
065242,巨大凱基01購02  ,0,0,0,0,0,0,0,0,0,329000,0,0,0,401000,72000,329000,329000
064718,友達統一02購01  ,0,0,0,0,0,0,0,0,0,328000,0,0,0,638000,310000,328000,328000
066229,力山富邦04購01  ,0,0,0,0,0,0,0,0,0,328000,0,0,0,512000,184000,328000,328000
061969,大立光統一01購02,0,0,0,0,0,0,0,0,0,327000,0,0,0,636000,309000,327000,327000
067184,聯發科凱基01購13,0,0,0,0,0,0,0,0,0,326000,0,0,0,351000,25000,326000,326000
068080,台表科凱基02購03,0,0,0,0,0,0,0,0,0,326000,0,0,0,326000,0,326000,326000
064906,台表科群益9C購02,0,0,0,0,0,0,0,0,0,325000,0,0,0,345000,20000,325000,325000
064809,冠德元大9C購01  ,0,0,0,0,0,0,0,0,0,324000,0,0,0,374000,50000,324000,324000
5269,祥碩            ,416060,121000,295060,0,0,0,31000,0,31000,-3000,25000,30000,-5000,2000,0,2000,323060
067403,眾達永豐01購03  ,0,0,0,0,0,0,0,0,0,323000,0,0,0,323000,0,323000,323000
057536,康控元大99購03  ,0,0,0,0,0,0,0,0,0,323000,0,0,0,328000,5000,323000,323000
066153,南帝康和01購01  ,0,0,0,0,0,0,0,0,0,323000,0,0,0,344000,21000,323000,323000
056472,美律元大99購03  ,0,0,0,0,0,0,0,0,0,322000,0,0,0,359000,37000,322000,322000
066219,惠特元富01購01  ,0,0,0,0,0,0,0,0,0,322000,0,0,0,701000,379000,322000,322000
066420,宏達電元大02購01,0,0,0,0,0,0,0,0,0,321000,0,0,0,342000,21000,321000,321000
067689,惠特元大01購03  ,0,0,0,0,0,0,0,0,0,320000,0,0,0,814000,494000,320000,320000
064821,聯電統一02購01  ,0,0,0,0,0,0,0,0,0,318000,0,0,0,360000,42000,318000,318000
2031,新光鋼          ,419000,92000,327000,0,0,0,0,0,0,-9000,0,9000,-9000,0,0,0,318000
067345,美利達凱基02購01,0,0,0,0,0,0,0,0,0,317000,0,0,0,317000,0,317000,317000
066247,中化元大01購02  ,0,0,0,0,0,0,0,0,0,317000,0,0,0,373000,56000,317000,317000
066129,佳世達群益01購01,0,0,0,0,0,0,0,0,0,317000,0,0,0,317000,0,317000,317000
066095,友訊中信05購01  ,0,0,0,0,0,0,0,0,0,317000,0,0,0,318000,1000,317000,317000
064387,GIS富邦9C購01   ,0,0,0,0,0,0,0,0,0,316000,0,0,0,325000,9000,316000,316000
067023,巨大中信01購01  ,0,0,0,0,0,0,0,0,0,315000,0,0,0,461000,146000,315000,315000
066160,美利達康和01購01,0,0,0,0,0,0,0,0,0,315000,0,0,0,315000,0,315000,315000
067726,帆宣凱基01購01  ,0,0,0,0,0,0,0,0,0,314000,0,0,0,667000,353000,314000,314000
8021,尖點            ,406000,92000,314000,0,0,0,0,0,0,0,0,0,0,0,0,0,314000
067941,鎧勝凱基01購02  ,0,0,0,0,0,0,0,0,0,313000,0,0,0,391000,78000,313000,313000
067418,中化凱基01購01  ,0,0,0,0,0,0,0,0,0,313000,0,0,0,313000,0,313000,313000
053282,彩晶元大9C購01  ,0,0,0,0,0,0,0,0,0,313000,0,0,0,326000,13000,313000,313000
058026,上銀富邦9A購01  ,0,0,0,0,0,0,0,0,0,313000,0,0,0,315000,2000,313000,313000
068055,鎧勝統一02購02  ,0,0,0,0,0,0,0,0,0,312000,0,0,0,348000,36000,312000,312000
066268,宏達電元大01購02,0,0,0,0,0,0,0,0,0,312000,0,0,0,335000,23000,312000,312000
08584P,立積群益9C售02  ,0,0,0,0,0,0,0,0,0,312000,0,0,0,584000,272000,312000,312000
07634P,金像電元大9A售01,0,0,0,0,0,0,0,0,0,311000,0,0,0,831000,520000,311000,311000
058896,中環元大99購03  ,0,0,0,0,0,0,0,0,0,310000,0,0,0,310000,0,310000,310000
066139,拓凱群益01購01  ,0,0,0,0,0,0,0,0,0,310000,0,0,0,312000,2000,310000,310000
064297,台郡國票01購01  ,0,0,0,0,0,0,0,0,0,310000,0,0,0,390000,80000,310000,310000
08609P,世紀鋼永豐9C售03,0,0,0,0,0,0,0,0,0,310000,0,0,0,310000,0,310000,310000
08493P,嘉澤元大9C售01  ,0,0,0,0,0,0,0,0,0,310000,0,0,0,310000,0,310000,310000
2369,菱生            ,469000,159000,310000,0,0,0,0,0,0,0,0,0,0,0,0,0,310000
07792P,牧德元大9A售04  ,0,0,0,0,0,0,0,0,0,309000,0,0,0,329000,20000,309000,309000
064723,大立光統一02購04,0,0,0,0,0,0,0,0,0,309000,0,0,0,329000,20000,309000,309000
066246,中化元大01購01  ,0,0,0,0,0,0,0,0,0,309000,0,0,0,369000,60000,309000,309000
066908,聯發科凱基03購05,0,0,0,0,0,0,0,0,0,309000,0,0,0,437000,128000,309000,309000
08466P,旺宏統一9C售03  ,0,0,0,0,0,0,0,0,0,309000,0,0,0,389000,80000,309000,309000
06837P,上銀統一9A售02  ,0,0,0,0,0,0,0,0,0,308000,0,0,0,341000,33000,308000,308000
067366,巨大群益01購01  ,0,0,0,0,0,0,0,0,0,308000,0,0,0,321000,13000,308000,308000
067118,上緯控群益01購01,0,0,0,0,0,0,0,0,0,308000,0,0,0,474000,166000,308000,308000
058287,國巨國票9A購02  ,0,0,0,0,0,0,0,0,0,308000,0,0,0,310000,2000,308000,308000
056913,臺股指元大99購05,0,0,0,0,0,0,0,0,0,308000,0,0,0,458000,150000,308000,308000
066681,聯發科兆豐01購04,0,0,0,0,0,0,0,0,0,307000,0,0,0,307000,0,307000,307000
067765,百和永豐01購01  ,0,0,0,0,0,0,0,0,0,306000,0,0,0,344000,38000,306000,306000
062922,南六元大9B購03  ,0,0,0,0,0,0,0,0,0,306000,0,0,0,309000,3000,306000,306000
068728,宏達電元大02購03,0,0,0,0,0,0,0,0,0,305000,0,0,0,344000,39000,305000,305000
062817,富邦金兆豐9B購01,0,0,0,0,0,0,0,0,0,305000,0,0,0,436000,131000,305000,305000
066906,聯發科凱基03購03,0,0,0,0,0,0,0,0,0,305000,0,0,0,324000,19000,305000,305000
068255,鎧勝元大01購05  ,0,0,0,0,0,0,0,0,0,304000,0,0,0,328000,24000,304000,304000
065517,緯創群益9C購02  ,0,0,0,0,0,0,0,0,0,304000,0,0,0,399000,95000,304000,304000
068248,美律元大01購05  ,0,0,0,0,0,0,0,0,0,303000,0,0,0,441000,138000,303000,303000
063057,祥碩統一03購01  ,0,80000,-80000,0,0,0,0,0,0,383000,0,0,0,1054000,671000,383000,303000
062569,南電中信01購01  ,0,0,0,0,0,0,0,0,0,303000,0,0,0,303000,0,303000,303000
066671,TPK凱基02購02   ,0,0,0,0,0,0,0,0,0,302000,0,0,0,496000,194000,302000,302000
066001,景碩國票02購01  ,0,0,0,0,0,0,0,0,0,302000,0,0,0,714000,412000,302000,302000
1303,南亞            ,1610098,2057304,-447206,0,0,0,790000,7050,782950,-34000,20000,54000,-34000,0,0,0,301744
068681,新唐國泰03購01  ,0,0,0,0,0,0,0,0,0,300000,0,0,0,507000,207000,300000,300000
067021,正崴中信01購01  ,0,0,0,0,0,0,0,0,0,300000,0,0,0,339000,39000,300000,300000
067007,拓凱永豐01購02  ,0,0,0,0,0,0,0,0,0,300000,0,0,0,356000,56000,300000,300000
066957,健策元大01購06  ,0,0,0,0,0,0,0,0,0,300000,0,0,0,321000,21000,300000,300000
057298,旭富永豐98購01  ,0,0,0,0,0,0,0,0,0,300000,0,0,0,300000,0,300000,300000
03150P,台積電群益03售01,0,0,0,0,0,0,0,0,0,300000,0,0,0,325000,25000,300000,300000
062011,上銀富邦9C購01  ,0,0,0,0,0,0,0,0,0,300000,0,0,0,340000,40000,300000,300000
062131,臺指反群益9B購03,0,0,0,0,0,0,0,0,0,300000,0,0,0,300000,0,300000,300000
065975,緯創元大02購01  ,0,0,0,0,0,0,0,0,0,300000,0,0,0,491000,191000,300000,300000
066338,德律永豐01購01  ,0,0,0,0,0,0,0,0,0,300000,0,0,0,300000,0,300000,300000
064498,可成元大01購03  ,0,0,0,0,0,0,0,0,0,300000,0,0,0,304000,4000,300000,300000
1229,聯華            ,602000,320000,282000,0,0,0,1000,0,1000,17000,0,0,0,17000,0,17000,300000
063658,瑞祺元富9B購01  ,0,0,0,0,0,0,0,0,0,299000,0,0,0,398000,99000,299000,299000
067002,生達永豐01購02  ,0,0,0,0,0,0,0,0,0,298000,0,0,0,298000,0,298000,298000
067441,儒鴻國票02購01  ,0,0,0,0,0,0,0,0,0,298000,0,0,0,414000,116000,298000,298000
062801,宏達電統一01購01,0,0,0,0,0,0,0,0,0,298000,0,0,0,303000,5000,298000,298000
063294,美律麥證9B購01  ,0,0,0,306000,0,306000,0,0,0,298000,0,0,0,306000,8000,298000,298000
057508,康控國票99購03  ,0,0,0,0,0,0,0,0,0,297000,0,0,0,317000,20000,297000,297000
064267,南六永豐9C購03  ,0,0,0,0,0,0,0,0,0,297000,0,0,0,325000,28000,297000,297000
067589,拓凱群益02購01  ,0,0,0,0,0,0,0,0,0,296000,0,0,0,322000,26000,296000,296000
066987,旭富群益01購01  ,0,0,0,0,0,0,0,0,0,296000,0,0,0,296000,0,296000,296000
067193,台表科凱基03購02,0,0,0,0,0,0,0,0,0,296000,0,0,0,504000,208000,296000,296000
060628,和大富邦9B購01  ,0,0,0,0,0,0,0,0,0,296000,0,0,0,296000,0,296000,296000
066358,美利達永豐01購01,0,0,0,0,0,0,0,0,0,296000,0,0,0,306000,10000,296000,296000
062156,美律凱基9B購01  ,0,0,0,0,0,0,0,0,0,295000,0,0,0,295000,0,295000,295000
066015,健策元富01購01  ,0,0,0,0,0,0,0,0,0,295000,0,0,0,414000,119000,295000,295000
067253,精元國票01購01  ,0,0,0,0,0,0,0,0,0,294000,0,0,0,463000,169000,294000,294000
065387,台光電兆豐9C購02,0,0,0,0,0,0,0,0,0,294000,0,0,0,662000,368000,294000,294000
067312,欣興元大02購01  ,0,0,0,0,0,0,0,0,0,293000,0,0,0,528000,235000,293000,293000
067308,欣興元大01購03  ,0,0,0,0,0,0,0,0,0,293000,0,0,0,1357000,1064000,293000,293000
064149,美律統一02購01  ,0,0,0,0,0,0,0,0,0,293000,0,0,0,371000,78000,293000,293000
065862,世紀鋼元大9C購06,0,0,0,0,0,0,0,0,0,293000,0,0,0,335000,42000,293000,293000
067481,國產元大01購03  ,0,0,0,0,0,0,0,0,0,292000,0,0,0,402000,110000,292000,292000
067790,台表科群益01購03,0,0,0,0,0,0,0,0,0,292000,0,0,0,357000,65000,292000,292000
065554,群創凱基02購02  ,0,0,0,0,0,0,0,0,0,292000,0,0,0,347000,55000,292000,292000
067904,SP黃豆國泰03購01,0,0,0,0,0,0,0,0,0,291000,0,0,0,330000,39000,291000,291000
059920,宏達電元大99購07,0,0,0,0,0,0,0,0,0,291000,0,0,0,455000,164000,291000,291000
064102,宏達電群益9C購01,0,0,0,0,0,0,0,0,0,291000,0,0,0,348000,57000,291000,291000
061971,力山元大9C購02  ,0,0,0,0,0,0,0,0,0,291000,0,0,0,547000,256000,291000,291000
066334,京城銀永豐01購01,0,0,0,0,0,0,0,0,0,291000,0,0,0,356000,65000,291000,291000
1762,中化生          ,358000,67000,291000,0,0,0,0,0,0,0,0,0,0,0,0,0,291000
08436P,TPK群益9C售04   ,0,0,0,0,0,0,0,0,0,290000,0,0,0,360000,70000,290000,290000
066761,聯陽永豐01購03  ,0,0,0,0,0,0,0,0,0,290000,0,0,0,370000,80000,290000,290000
08454P,台灣50凱基9C售12,0,0,0,0,0,0,0,0,0,290000,0,0,0,290000,0,290000,290000
08534P,玉晶光元富06售02,0,0,0,0,0,0,0,0,0,290000,0,0,0,330000,40000,290000,290000
061972,華新元大9B購01  ,0,0,0,0,0,0,0,0,0,289000,0,0,0,419000,130000,289000,289000
066558,創意元大01購04  ,0,0,0,0,0,0,0,0,0,289000,0,0,0,382000,93000,289000,289000
065360,和大元大01購03  ,0,0,0,0,0,0,0,0,0,289000,0,0,0,289000,0,289000,289000
055022,精元國泰99購01  ,0,0,0,0,0,0,0,0,0,288000,0,0,0,329000,41000,288000,288000
060309,佳世達永豐9A購01,0,0,0,0,0,0,0,0,0,288000,0,0,0,426000,138000,288000,288000
065749,友訊元大9C購03  ,0,0,0,0,0,0,0,0,0,288000,0,0,0,288000,0,288000,288000
6141,柏承            ,314000,26000,288000,0,0,0,0,0,0,0,0,0,0,0,0,0,288000
054893,帆宣統一99購01  ,0,0,0,0,0,0,0,0,0,287000,0,0,0,301000,14000,287000,287000
064029,宏達電元大9C購01,0,0,0,0,0,0,0,0,0,287000,0,0,0,379000,92000,287000,287000
066755,永光永豐01購02  ,0,0,0,0,0,0,0,0,0,287000,0,0,0,287000,0,287000,287000
08892P,台積電元大01售27,0,0,0,0,0,0,0,0,0,287000,0,0,0,287000,0,287000,287000
2603,長榮            ,1088979,548799,540180,0,0,0,1000,0,1000,-255000,141000,396000,-255000,0,0,0,286180
068635,台積電凱基03購09,0,0,0,0,0,0,0,0,0,286000,0,0,0,301000,15000,286000,286000
067853,京鼎國票02購01  ,0,0,0,0,0,0,0,0,0,286000,0,0,0,296000,10000,286000,286000
065527,巨大群益9C購03  ,0,0,0,0,0,0,0,0,0,286000,0,0,0,336000,50000,286000,286000
064311,新光金群益01購02,0,0,0,0,0,0,0,0,0,285000,0,0,0,285000,0,285000,285000
066752,南電元大01購06  ,0,0,0,0,0,0,0,0,0,285000,0,0,0,348000,63000,285000,285000
066879,智伸科富邦03購01,0,0,0,0,0,0,0,0,0,285000,0,0,0,535000,250000,285000,285000
067187,聯陽凱基01購02  ,0,0,0,0,0,0,0,0,0,284000,0,0,0,292000,8000,284000,284000
2006,東和鋼鐵        ,98000,80000,18000,0,0,0,0,0,0,266000,266000,0,266000,0,0,0,284000
059096,百和元大99購04  ,0,0,0,0,0,0,0,0,0,283000,0,0,0,283000,0,283000,283000
062337,台表科統一01購01,0,0,0,0,0,0,0,0,0,283000,0,0,0,284000,1000,283000,283000
065973,嘉晶元大01購03  ,0,0,0,0,0,0,0,0,0,283000,0,0,0,303000,20000,283000,283000
066231,友訊富邦02購01  ,0,0,0,0,0,0,0,0,0,283000,0,0,0,283000,0,283000,283000
060733,和大統一9C購01  ,0,0,0,0,0,0,0,0,0,282000,0,0,0,526000,244000,282000,282000
068192,台積電凱基03購04,0,0,0,0,0,0,0,0,0,281000,0,0,0,437000,156000,281000,281000
057713,美律統一99購01  ,0,0,0,0,0,0,0,0,0,281000,0,0,0,301000,20000,281000,281000
066012,友訊元富01購01  ,0,0,0,0,0,0,0,0,0,281000,0,0,0,353000,72000,281000,281000
067045,聯發科凱基02購05,0,0,0,0,0,0,0,0,0,280000,0,0,0,358000,78000,280000,280000
068497,緯創元大01購05  ,0,0,0,0,0,0,0,0,0,280000,0,0,0,308000,28000,280000,280000
053945,國巨富邦98購02  ,0,0,0,0,0,0,0,0,0,280000,0,0,0,280000,0,280000,280000
058351,上銀凱基9A購02  ,0,0,0,0,0,0,0,0,0,280000,0,0,0,300000,20000,280000,280000
067291,可成兆豐01購01  ,0,0,0,0,0,0,0,0,0,279000,0,0,0,279000,0,279000,279000
063210,百和統一9C購01  ,0,0,0,0,0,0,0,0,0,279000,0,0,0,292000,13000,279000,279000
060428,瑞祺永豐9A購01  ,0,0,0,0,0,0,0,0,0,279000,0,0,0,380000,101000,279000,279000
065650,旭富元大9C購07  ,0,0,0,0,0,0,0,0,0,279000,0,0,0,284000,5000,279000,279000
2485,兆赫            ,315000,65000,250000,0,0,0,0,0,0,29000,32000,3000,29000,0,0,0,279000
9944,新麗            ,372000,91000,281000,0,0,0,0,0,0,-2000,0,2000,-2000,0,0,0,279000
065267,聯鈞元大9C購02  ,0,0,0,0,0,0,0,0,0,278000,0,0,0,345000,67000,278000,278000
059101,康控統一9A購01  ,0,0,0,0,0,0,0,0,0,277000,0,0,0,277000,0,277000,277000
058328,世紀鋼統一9B購01,0,0,0,0,0,0,0,0,0,277000,0,0,0,383000,106000,277000,277000
065285,宏碁群益01購01  ,0,0,0,0,0,0,0,0,0,277000,0,0,0,394000,117000,277000,277000
066667,群創凱基03購03  ,0,0,0,0,0,0,0,0,0,277000,0,0,0,282000,5000,277000,277000
067212,聯發科元大02購02,0,0,0,0,0,0,0,0,0,276000,0,0,0,564000,288000,276000,276000
00639,富邦深100       ,448000,141000,307000,0,0,0,0,0,0,-31000,0,0,0,1136000,1167000,-31000,276000
065742,宏達電麥證9C購01,0,0,0,276000,0,276000,0,0,0,276000,0,0,0,276000,0,276000,276000
065743,宏達電麥證9C購02,0,0,0,286000,10000,276000,0,0,0,276000,0,0,0,286000,10000,276000,276000
1312,國喬            ,1101000,827000,274000,0,0,0,0,0,0,2000,10000,6000,4000,52000,54000,-2000,276000
060297,和碩元大9A購02  ,0,0,0,0,0,0,0,0,0,275000,0,0,0,314000,39000,275000,275000
066540,景碩兆豐01購02  ,0,0,0,0,0,0,0,0,0,275000,0,0,0,368000,93000,275000,275000
08737P,聯詠凱基01售01  ,0,0,0,0,0,0,0,0,0,275000,0,0,0,300000,25000,275000,275000
063491,國巨富邦02購02  ,20000,0,20000,0,0,0,0,0,0,254000,0,0,0,546000,292000,254000,274000
064830,可成統一9C購04  ,0,0,0,0,0,0,0,0,0,274000,0,0,0,323000,49000,274000,274000
068062,瑞昱兆豐03購01  ,0,0,0,0,0,0,0,0,0,273000,0,0,0,601000,328000,273000,273000
065345,台光電統一01購04,0,0,0,0,0,0,0,0,0,273000,0,0,0,282000,9000,273000,273000
065485,巨大元大9C購02  ,0,0,0,0,0,0,0,0,0,273000,0,0,0,415000,142000,273000,273000
066651,創意康和01購04  ,0,0,0,0,0,0,0,0,0,273000,0,0,0,417000,144000,273000,273000
1582,信錦            ,306000,46000,260000,0,0,0,0,0,0,13000,0,0,0,13000,0,13000,273000
067309,欣興元大01購04  ,0,0,0,0,0,0,0,0,0,272000,0,0,0,296000,24000,272000,272000
08160P,茂林元富9B售03  ,0,0,0,0,0,0,0,0,0,272000,0,0,0,282000,10000,272000,272000
066960,盛群元大01購01  ,0,0,0,0,0,0,0,0,0,271000,0,0,0,335000,64000,271000,271000
065851,京鼎元大02購01  ,0,0,0,0,0,0,0,0,0,271000,0,0,0,336000,65000,271000,271000
067233,微星群益02購02  ,0,0,0,0,0,0,0,0,0,270000,0,0,0,373000,103000,270000,270000
067907,緯創國泰03購01  ,0,0,0,0,0,0,0,0,0,269000,0,0,0,367000,98000,269000,269000
5288,豐祥-KY         ,297000,47000,250000,0,0,0,20000,0,20000,-1000,0,1000,-1000,0,0,0,269000
067327,聯詠康和01購01  ,0,0,0,0,0,0,0,0,0,268000,0,0,0,572000,304000,268000,268000
068640,緯創凱基03購01  ,0,0,0,0,0,0,0,0,0,268000,0,0,0,304000,36000,268000,268000
061918,上銀凱基9B購02  ,0,0,0,0,0,0,0,0,0,268000,0,0,0,328000,60000,268000,268000
060890,大立光統一01購01,0,0,0,0,0,0,0,0,0,268000,0,0,0,514000,246000,268000,268000
068434,美律凱基01購03  ,0,0,0,0,0,0,0,0,0,267000,0,0,0,267000,0,267000,267000
054072,台積電富邦98購02,0,0,0,0,0,0,0,0,0,267000,0,0,0,267000,0,267000,267000
065214,友達國泰01購01  ,0,0,0,0,0,0,0,0,0,267000,0,0,0,353000,86000,267000,267000
067211,聯發科元大01購19,0,0,0,0,0,0,0,0,0,266000,0,0,0,613000,347000,266000,266000
063569,美食元大9B購03  ,0,0,0,0,0,0,0,0,0,265000,0,0,0,295000,30000,265000,265000
064658,喬山元大9C購01  ,0,0,0,0,0,0,0,0,0,265000,0,0,0,265000,0,265000,265000
066013,友訊元富01購02  ,0,0,0,0,0,0,0,0,0,265000,0,0,0,292000,27000,265000,265000
064023,智邦元大9C購02  ,0,0,0,0,0,0,0,0,0,264000,0,0,0,292000,28000,264000,264000
066170,聯陽凱基01購01  ,0,0,0,0,0,0,0,0,0,264000,0,0,0,403000,139000,264000,264000
064192,巨大中信9C購01  ,0,0,0,0,0,0,0,0,0,263000,0,0,0,277000,14000,263000,263000
064918,中信金統一02購01,0,0,0,0,0,0,0,0,0,263000,0,0,0,342000,79000,263000,263000
068307,美律國票03購01  ,0,0,0,0,0,0,0,0,0,262000,0,0,0,282000,20000,262000,262000
07590P,玉晶光國票9A售03,0,0,0,0,0,0,0,0,0,262000,0,0,0,662000,400000,262000,262000
057187,群創元大9B購04  ,0,0,0,0,0,0,0,0,0,262000,0,0,0,262000,0,262000,262000
064019,上銀元大9C購05  ,0,0,0,0,0,0,0,0,0,262000,0,0,0,445000,183000,262000,262000
062615,亞德客元大9B購02,0,0,0,0,0,0,0,0,0,262000,0,0,0,296000,34000,262000,262000
066209,聯鈞統一03購01  ,0,0,0,0,0,0,0,0,0,261000,0,0,0,261000,0,261000,261000
066282,鎧勝元大01購01  ,0,0,0,0,0,0,0,0,0,261000,0,0,0,328000,67000,261000,261000
068672,聯發科統一02購10,0,0,0,0,0,0,0,0,0,260000,0,0,0,405000,145000,260000,260000
068187,南電群益01購02  ,0,0,0,0,0,0,0,0,0,260000,0,0,0,391000,131000,260000,260000
063671,GIS統一01購01   ,0,0,0,0,0,0,0,0,0,260000,0,0,0,753000,493000,260000,260000
066227,惠特國泰03購02  ,0,0,0,0,0,0,0,0,0,260000,0,0,0,659000,399000,260000,260000
067429,國揚凱基02購01  ,0,0,0,0,0,0,0,0,0,259000,0,0,0,290000,31000,259000,259000
058267,奇鋐永豐99購01  ,0,0,0,0,0,0,0,0,0,259000,0,0,0,339000,80000,259000,259000
066228,嘉基國泰02購01  ,0,0,0,0,0,0,0,0,0,259000,0,0,0,503000,244000,259000,259000
064727,群創統一02購03  ,0,0,0,0,0,0,0,0,0,259000,0,0,0,332000,73000,259000,259000
066232,聯強富邦03購01  ,0,0,0,0,0,0,0,0,0,258000,0,0,0,270000,12000,258000,258000
067070,友訊元大01購04  ,0,0,0,0,0,0,0,0,0,257000,0,0,0,413000,156000,257000,257000
060164,合勤控永豐9A購01,0,0,0,0,0,0,0,0,0,257000,0,0,0,263000,6000,257000,257000
062220,台光電統一01購01,0,0,0,0,0,0,0,0,0,257000,0,0,0,314000,57000,257000,257000
063838,上銀元大9C購01  ,0,0,0,0,0,0,0,0,0,257000,0,0,0,319000,62000,257000,257000
066344,拓凱永豐01購01  ,0,0,0,0,0,0,0,0,0,257000,0,0,0,257000,0,257000,257000
058537,彩晶統一9B購01  ,0,0,0,0,0,0,0,0,0,256000,0,0,0,771000,515000,256000,256000
056668,光磊國票99購01  ,0,0,0,0,0,0,0,0,0,256000,0,0,0,309000,53000,256000,256000
065948,燿華統一01購02  ,0,0,0,0,0,0,0,0,0,256000,0,0,0,354000,98000,256000,256000
066055,聯鈞元大01購01  ,0,0,0,0,0,0,0,0,0,255000,0,0,0,272000,17000,255000,255000
3694,海華            ,365000,110000,255000,0,0,0,0,0,0,0,0,0,0,0,0,0,255000
067631,上銀永豐01購01  ,0,0,0,0,0,0,0,0,0,254000,0,0,0,294000,40000,254000,254000
068249,聯發科元大01購25,0,0,0,0,0,0,0,0,0,254000,0,0,0,606000,352000,254000,254000
068278,惠特永豐01購03  ,0,0,0,0,0,0,0,0,0,252000,0,0,0,840000,588000,252000,252000
068405,玉晶光元富07購01,0,0,0,0,0,0,0,0,0,252000,0,0,0,373000,121000,252000,252000
068146,台積電元大01購36,0,0,0,0,0,0,0,0,0,252000,0,0,0,274000,22000,252000,252000
067556,義隆國票02購02  ,0,0,0,0,0,0,0,0,0,252000,0,0,0,257000,5000,252000,252000
00647L,元大S&P500正2   ,17000,0,17000,0,0,0,0,0,0,235000,0,0,0,272000,37000,235000,252000
066662,建準凱基02購01  ,0,0,0,0,0,0,0,0,0,252000,0,0,0,333000,81000,252000,252000
067945,台積電國泰03購03,0,0,0,0,0,0,0,0,0,251000,0,0,0,351000,100000,251000,251000
068341,世紀鋼元大01購04,0,0,0,0,0,0,0,0,0,251000,0,0,0,254000,3000,251000,251000
08297P,寶成元大9C售01  ,0,0,0,0,0,0,0,0,0,251000,0,0,0,251000,0,251000,251000
068383,上銀統一03購01  ,0,0,0,0,0,0,0,0,0,250000,0,0,0,258000,8000,250000,250000
058337,日月光元富99購01,0,0,0,0,0,0,0,0,0,250000,0,0,0,250000,0,250000,250000
063162,國喬永豐9B購01  ,0,0,0,0,0,0,0,0,0,250000,0,0,0,250000,0,250000,250000
061747,南亞科統一01購01,0,0,0,0,0,0,0,0,0,250000,0,0,0,400000,150000,250000,250000
061709,SP黃豆凱基01購02,0,0,0,0,0,0,0,0,0,250000,0,0,0,260000,10000,250000,250000
064514,喬山群益9C購01  ,0,0,0,0,0,0,0,0,0,250000,0,0,0,260000,10000,250000,250000
065158,和碩群益9C購01  ,0,0,0,0,0,0,0,0,0,250000,0,0,0,251000,1000,250000,250000
3530,晶相光          ,331000,136000,195000,0,0,0,0,0,0,55000,0,0,0,55000,0,55000,250000
08654P,台積電群益9C售13,0,0,0,0,0,0,0,0,0,250000,0,0,0,250000,0,250000,250000
068634,台積電凱基03購08,0,0,0,0,0,0,0,0,0,249000,0,0,0,250000,1000,249000,249000
067916,敬鵬永豐01購01  ,0,0,0,0,0,0,0,0,0,249000,0,0,0,477000,228000,249000,249000
063226,康控群益9B購03  ,0,0,0,0,0,0,0,0,0,249000,0,0,0,265000,16000,249000,249000
062017,京鼎永豐9B購01  ,0,0,0,0,0,0,0,0,0,249000,0,0,0,530000,281000,249000,249000
065683,嘉聯益統一03購01,0,0,0,0,0,0,0,0,0,249000,0,0,0,543000,294000,249000,249000
062644,中環國泰9C購01  ,0,0,0,0,0,0,0,0,0,248000,0,0,0,263000,15000,248000,248000
066976,台達電群益01購01,0,0,0,0,0,0,0,0,0,247000,0,0,0,297000,50000,247000,247000
068324,台積電元大01購43,0,0,0,0,0,0,0,0,0,247000,0,0,0,249000,2000,247000,247000
065480,旭富元大9C購06  ,0,0,0,0,0,0,0,0,0,247000,0,0,0,263000,16000,247000,247000
066376,聯詠兆豐01購01  ,0,0,0,0,0,0,0,0,0,247000,0,0,0,275000,28000,247000,247000
067814,緯創凱基01購02  ,0,0,0,0,0,0,0,0,0,246000,0,0,0,316000,70000,246000,246000
068152,美律元大01購03  ,0,0,0,0,0,0,0,0,0,246000,0,0,0,332000,86000,246000,246000
058069,美律凱基99購05  ,0,0,0,0,0,0,0,0,0,246000,0,0,0,246000,0,246000,246000
066336,聯陽永豐01購01  ,0,0,0,0,0,0,0,0,0,246000,0,0,0,255000,9000,246000,246000
064738,裕隆國票01購01  ,0,150000,-150000,0,0,0,0,0,0,396000,0,0,0,425000,29000,396000,246000
063536,美食統一01購01  ,0,0,0,0,0,0,0,0,0,245000,0,0,0,300000,55000,245000,245000
063630,智邦元大9B購09  ,0,0,0,0,0,0,0,0,0,245000,0,0,0,386000,141000,245000,245000
064625,健策元大01購02  ,0,0,0,0,0,0,0,0,0,245000,0,0,0,307000,62000,245000,245000
064940,智伸科元富9C購01,0,0,0,0,0,0,0,0,0,245000,0,0,0,278000,33000,245000,245000
066591,華新科群益01購05,0,0,0,0,0,0,0,0,0,245000,0,0,0,245000,0,245000,245000
066528,南電統一02購01  ,0,0,0,0,0,0,0,0,0,245000,0,0,0,255000,10000,245000,245000
2105,正新            ,1563726,2406684,-842958,0,0,0,1138000,0,1138000,-51000,32000,83000,-51000,0,0,0,244042
067391,健策元富01購02  ,0,0,0,0,0,0,0,0,0,244000,0,0,0,296000,52000,244000,244000
063310,和大群益9B購02  ,0,0,0,0,0,0,0,0,0,244000,0,0,0,299000,55000,244000,244000
064552,巨大凱基01購01  ,0,0,0,0,0,0,0,0,0,244000,0,0,0,303000,59000,244000,244000
058053,上銀統一9B購01  ,0,0,0,0,0,0,0,0,0,243000,0,0,0,459000,216000,243000,243000
063755,上銀統一9C購03  ,0,0,0,0,0,0,0,0,0,243000,0,0,0,243000,0,243000,243000
066577,巨大元大01購02  ,0,0,0,0,0,0,0,0,0,243000,0,0,0,335000,92000,243000,243000
068537,信邦中信01購01  ,0,0,0,0,0,0,0,0,0,242000,0,0,0,249000,7000,242000,242000
055701,亞德客富邦99購01,0,0,0,0,0,0,0,0,0,242000,0,0,0,412000,170000,242000,242000
061165,美律兆豐9A購01  ,0,0,0,0,0,0,0,0,0,242000,0,0,0,242000,0,242000,242000
065362,華通元大9C購06  ,0,0,0,0,0,0,0,0,0,242000,0,0,0,453000,211000,242000,242000
3062,建漢            ,536000,159000,377000,0,0,0,0,0,0,-135000,0,135000,-135000,0,0,0,242000
067250,中化國票02購01  ,0,0,0,0,0,0,0,0,0,241000,0,0,0,263000,22000,241000,241000
058162,上銀日盛9B購01  ,0,0,0,0,0,0,0,0,0,241000,0,0,0,241000,0,241000,241000
065843,瑞昱元大9C購03  ,0,0,0,0,0,0,0,0,0,241000,0,0,0,269000,28000,241000,241000
2354,鴻準            ,528374,998619,-470245,0,0,0,712000,1713,710287,0,0,13000,-13000,13000,0,13000,240042
059498,滬深2X元富9C購06,0,0,0,0,0,0,0,0,0,240000,0,0,0,240000,0,240000,240000
062802,宏達電統一9B購01,0,0,0,0,0,0,0,0,0,240000,0,0,0,269000,29000,240000,240000
063880,可成元富9C購01  ,0,0,0,0,0,0,0,0,0,240000,0,0,0,241000,1000,240000,240000
060426,盛群永豐9A購01  ,0,0,0,0,0,0,0,0,0,240000,0,0,0,354000,114000,240000,240000
07668P,旺宏元大9A售10  ,0,0,0,0,0,0,0,0,0,239000,0,0,0,260000,21000,239000,239000
058584,百和群益9A購01  ,0,0,0,0,0,0,0,0,0,239000,0,0,0,247000,8000,239000,239000
8213,志超            ,357000,118000,239000,0,0,0,0,0,0,0,0,0,0,0,0,0,239000
060296,和碩元大9A購01  ,0,0,0,0,0,0,0,0,0,238000,0,0,0,253000,15000,238000,238000
064204,瑞儀兆豐01購01  ,0,0,0,0,0,0,0,0,0,238000,0,0,0,532000,294000,238000,238000
064264,智伸科永豐9C購01,0,0,0,0,0,0,0,0,0,238000,0,0,0,238000,0,238000,238000
066485,台光電元富01購01,0,0,0,0,0,0,0,0,0,238000,0,0,0,238000,0,238000,238000
08474P,臺股指凱基9C售12,0,0,0,0,0,0,0,0,0,238000,0,0,0,238000,0,238000,238000
068491,美律元大01購06  ,0,0,0,0,0,0,0,0,0,237000,0,0,0,262000,25000,237000,237000
067520,健策元富01購03  ,0,0,0,0,0,0,0,0,0,237000,0,0,0,276000,39000,237000,237000
063203,華新科統一9C購04,0,0,0,0,0,0,0,0,0,237000,0,0,0,575000,338000,237000,237000
066489,京鼎元富04購01  ,0,0,0,0,0,0,0,0,0,237000,0,0,0,274000,37000,237000,237000
064869,景碩永豐9C購01  ,0,0,0,0,0,0,0,0,0,237000,0,0,0,413000,176000,237000,237000
08464P,牧德永豐9C售02  ,0,0,0,0,0,0,0,0,0,237000,0,0,0,237000,0,237000,237000
068417,宏碁兆豐03購01  ,0,0,0,0,0,0,0,0,0,235000,0,0,0,522000,287000,235000,235000
058664,百和兆豐99購01  ,0,0,0,0,0,0,0,0,0,235000,0,0,0,235000,0,235000,235000
058127,FBVIX元大9C購01 ,0,0,0,0,0,0,0,0,0,235000,0,0,0,235000,0,235000,235000
057592,美律兆豐99購01  ,0,0,0,0,0,0,0,0,0,235000,0,0,0,240000,5000,235000,235000
063764,上銀元富9B購08  ,0,0,0,0,0,0,0,0,0,235000,0,0,0,338000,103000,235000,235000
066506,宏達電富邦03購01,0,0,0,0,0,0,0,0,0,235000,0,0,0,235000,0,235000,235000
068423,GIS康和01購01   ,0,0,0,0,0,0,0,0,0,234000,0,0,0,501000,267000,234000,234000
08296P,同欣電元大9C售04,0,0,0,0,0,0,0,0,0,234000,0,0,0,234000,0,234000,234000
065977,旭富元大02購01  ,0,0,0,0,0,0,0,0,0,234000,0,0,0,318000,84000,234000,234000
064812,旭富元大9C購04  ,0,0,0,0,0,0,0,0,0,234000,0,0,0,235000,1000,234000,234000
1338,廣華-KY         ,337000,103000,234000,0,0,0,0,0,0,0,0,0,0,0,0,0,234000
00753L,中信中國50正2   ,102000,21000,81000,0,0,0,0,0,0,152000,0,0,0,648000,496000,152000,233000
057789,上銀統一9A購01  ,0,0,0,0,0,0,0,0,0,233000,0,0,0,294000,61000,233000,233000
063527,美食凱基01購01  ,0,0,0,0,0,0,0,0,0,233000,0,0,0,233000,0,233000,233000
061587,美律富邦9A購02  ,0,0,0,0,0,0,0,0,0,233000,0,0,0,243000,10000,233000,233000
063808,台表科兆豐9C購01,0,0,0,0,0,0,0,0,0,233000,0,0,0,247000,14000,233000,233000
066148,美利達群益01購02,0,0,0,0,0,0,0,0,0,233000,0,0,0,239000,6000,233000,233000
3605,宏致            ,247000,113000,134000,0,0,0,0,0,0,99000,100000,1000,99000,0,0,0,233000
066453,嘉基群益01購01  ,0,0,0,0,0,0,0,0,0,232000,0,0,0,312000,80000,232000,232000
064815,台表科元大01購01,0,0,0,0,0,0,0,0,0,232000,0,0,0,303000,71000,232000,232000
064976,景碩元大9C購01  ,0,0,0,0,0,0,0,0,0,232000,0,0,0,246000,14000,232000,232000
061958,鴻海統一01購01  ,0,0,0,0,0,0,0,0,0,231000,0,0,0,261000,30000,231000,231000
2404,漢唐            ,216000,58000,158000,0,0,0,0,0,0,73000,22000,1000,21000,117000,65000,52000,231000
2492,華新科          ,1786129,2031562,-245433,0,0,0,50000,0,50000,426000,348000,157000,191000,319000,84000,235000,230567
07689P,旺宏元大9A售13  ,0,0,0,0,0,0,0,0,0,230000,0,0,0,230000,0,230000,230000
067185,宏達電凱基02購01,0,0,0,0,0,0,0,0,0,230000,0,0,0,231000,1000,230000,230000
054378,楠梓電群益98購01,0,0,0,0,0,0,0,0,0,230000,0,0,0,230000,0,230000,230000
061490,茂林兆豐9B購01  ,0,0,0,0,0,0,0,0,0,230000,0,0,0,397000,167000,230000,230000
064234,正崴統一01購01  ,0,0,0,0,0,0,0,0,0,230000,0,0,0,233000,3000,230000,230000
060489,世紀鋼群益9A購01,0,0,0,0,0,0,0,0,0,230000,0,0,0,230000,0,230000,230000
065224,和大凱基02購02  ,0,0,0,0,0,0,0,0,0,230000,0,0,0,244000,14000,230000,230000
06766P,玉晶光元大99售10,0,0,0,0,0,0,0,0,0,229000,0,0,0,229000,0,229000,229000
065038,上銀凱基9C購02  ,0,0,0,0,0,0,0,0,0,229000,0,0,0,272000,43000,229000,229000
065682,健策統一9C購07  ,0,0,0,0,0,0,0,0,0,229000,0,0,0,307000,78000,229000,229000
066216,南電統一03購01  ,0,0,0,0,0,0,0,0,0,229000,0,0,0,245000,16000,229000,229000
07703P,玉晶光中信9B售03,0,0,0,0,0,0,0,0,0,228000,0,0,0,248000,20000,228000,228000
066234,群光富邦04購01  ,0,0,0,0,0,0,0,0,0,228000,0,0,0,582000,354000,228000,228000
066269,宏達電元大01購03,0,0,0,0,0,0,0,0,0,228000,0,0,0,248000,20000,228000,228000
066486,台光電元富01購02,0,0,0,0,0,0,0,0,0,228000,0,0,0,343000,115000,228000,228000
065478,緯創元大9C購03  ,0,0,0,0,0,0,0,0,0,228000,0,0,0,404000,176000,228000,228000
065442,健鼎麥證9C購01  ,0,0,0,300000,72000,228000,0,0,0,228000,0,0,0,300000,72000,228000,228000
5607,遠雄港          ,232000,49000,183000,0,0,0,0,0,0,45000,45000,0,45000,0,0,0,228000
2101,南港            ,390000,197000,193000,0,0,0,65000,0,65000,-30000,10000,0,10000,0,40000,-40000,228000
063560,力山元大9B購05  ,0,0,0,0,0,0,0,0,0,227000,0,0,0,468000,241000,227000,227000
066541,南電兆豐01購02  ,0,0,0,0,0,0,0,0,0,227000,0,0,0,227000,0,227000,227000
066629,國揚凱基01購01  ,0,0,0,0,0,0,0,0,0,227000,0,0,0,252000,25000,227000,227000
065900,瑞祺國泰02購01  ,0,0,0,0,0,0,0,0,0,227000,0,0,0,296000,69000,227000,227000
067435,眾達凱基02購01  ,0,0,0,0,0,0,0,0,0,226000,0,0,0,226000,0,226000,226000
054890,聯鈞統一99購01  ,0,0,0,0,0,0,0,0,0,226000,0,0,0,267000,41000,226000,226000
066102,國揚國票02購01  ,0,0,0,0,0,0,0,0,0,226000,0,0,0,366000,140000,226000,226000
08693P,宏達電群益01售02,0,0,0,0,0,0,0,0,0,226000,0,0,0,327000,101000,226000,226000
065710,嘉聯益群益9C購02,0,0,0,0,0,0,0,0,0,225000,0,0,0,238000,13000,225000,225000
064898,國產群益9C購01  ,0,0,0,0,0,0,0,0,0,225000,0,0,0,237000,12000,225000,225000
067789,和碩群益01購01  ,0,0,0,0,0,0,0,0,0,224000,0,0,0,269000,45000,224000,224000
057777,可成群益9A購03  ,0,0,0,0,0,0,0,0,0,224000,0,0,0,225000,1000,224000,224000
057972,群創富邦9C購01  ,0,0,0,0,0,0,0,0,0,224000,0,0,0,268000,44000,224000,224000
064261,力山永豐9C購01  ,0,0,0,0,0,0,0,0,0,224000,0,0,0,275000,51000,224000,224000
064982,新唐元大9C購01  ,0,0,0,0,0,0,0,0,0,224000,0,0,0,380000,156000,224000,224000
065858,台表科元大03購01,0,0,0,0,0,0,0,0,0,224000,0,0,0,422000,198000,224000,224000
066758,智邦永豐01購01  ,0,0,0,0,0,0,0,0,0,224000,0,0,0,236000,12000,224000,224000
08652P,鴻海群益9C售09  ,0,0,0,0,0,0,0,0,0,224000,0,0,0,231000,7000,224000,224000
065674,華擎凱基9C購03  ,0,0,0,0,0,0,0,0,0,223000,0,0,0,387000,164000,223000,223000
067937,玉晶光凱基02購04,0,0,0,0,0,0,0,0,0,222000,0,0,0,301000,79000,222000,222000
061348,聯鈞元大9A購05  ,0,0,0,0,0,0,0,0,0,222000,0,0,0,232000,10000,222000,222000
1460,宏遠            ,402000,180000,222000,0,0,0,0,0,0,0,0,0,0,0,0,0,222000
068282,信邦中信03購01  ,0,0,0,0,0,0,0,0,0,221000,0,0,0,261000,40000,221000,221000
060867,智伸科永豐9A購01,0,0,0,0,0,0,0,0,0,221000,0,0,0,221000,0,221000,221000
064325,亞德客元大9C購01,0,0,0,0,0,0,0,0,0,221000,0,0,0,221000,0,221000,221000
066806,京鼎凱基02購01  ,0,0,0,0,0,0,0,0,0,221000,0,0,0,258000,37000,221000,221000
6285,啟碁            ,280000,119000,161000,0,0,0,1000,27000,-26000,86000,0,3000,-3000,108000,19000,89000,221000
3026,禾伸堂          ,333000,204000,129000,0,0,0,0,0,0,92000,0,1000,-1000,104000,11000,93000,221000
068602,智邦凱基01購01  ,0,0,0,0,0,0,0,0,0,220000,0,0,0,233000,13000,220000,220000
068722,瑞昱元大02購02  ,0,0,0,0,0,0,0,0,0,220000,0,0,0,289000,69000,220000,220000
056915,上銀兆豐99購01  ,0,0,0,0,0,0,0,0,0,220000,0,0,0,228000,8000,220000,220000
065852,創意元大9C購06  ,0,0,0,0,0,0,0,0,0,220000,0,0,0,461000,241000,220000,220000
064707,群創富邦9C購02  ,0,0,0,0,0,0,0,0,0,220000,0,0,0,327000,107000,220000,220000
068764,台積電統一02購09,0,0,0,0,0,0,0,0,0,219000,0,0,0,220000,1000,219000,219000
067241,信邦群益01購01  ,0,0,0,0,0,0,0,0,0,219000,0,0,0,235000,16000,219000,219000
063124,奇力新元大9B購05,0,0,0,0,0,0,0,0,0,219000,0,0,0,737000,518000,219000,219000
061664,上銀中信9A購01  ,0,0,0,0,0,0,0,0,0,219000,0,0,0,229000,10000,219000,219000
067006,德律永豐01購02  ,0,0,0,0,0,0,0,0,0,218000,0,0,0,218000,0,218000,218000
06861P,台積電國票99售08,0,0,0,0,0,0,0,0,0,218000,0,0,0,218000,0,218000,218000
066294,嘉基元大01購01  ,0,0,0,0,0,0,0,0,0,217000,0,0,0,734000,517000,217000,217000
066628,宏達電凱基03購01,0,0,0,0,0,0,0,0,0,217000,0,0,0,235000,18000,217000,217000
066347,鎧勝永豐01購01  ,0,0,0,0,0,0,0,0,0,216000,0,0,0,242000,26000,216000,216000
068386,台達電統一03購02,0,0,0,0,0,0,0,0,0,215000,0,0,0,239000,24000,215000,215000
07503P,禾伸堂元大9A售01,0,0,0,0,0,0,0,0,0,215000,0,0,0,215000,0,215000,215000
065027,玉晶光中信03購01,0,0,0,0,0,0,0,0,0,214000,0,0,0,383000,169000,214000,214000
6197,佳必琪          ,250000,35000,215000,0,0,0,0,0,0,-1000,0,1000,-1000,0,0,0,214000
067491,健策元大01購10  ,0,0,0,0,0,0,0,0,0,213000,0,0,0,344000,131000,213000,213000
068139,亞德客元大01購05,0,0,0,0,0,0,0,0,0,213000,0,0,0,398000,185000,213000,213000
058292,上銀凱基9A購01  ,0,0,0,0,0,0,0,0,0,213000,0,0,0,213000,0,213000,213000
057824,日月光元大98購01,0,0,0,0,0,0,0,0,0,213000,0,0,0,232000,19000,213000,213000
059925,可成國泰9B購01  ,0,0,0,0,0,0,0,0,0,213000,0,0,0,235000,22000,213000,213000
062236,信邦凱基9B購01  ,0,0,0,0,0,0,0,0,0,213000,0,0,0,309000,96000,213000,213000
065404,玉晶光國泰02購03,0,0,0,0,0,0,0,0,0,213000,0,0,0,1104000,891000,213000,213000
062988,儒鴻群益9B購01  ,0,0,0,0,0,0,0,0,0,212000,0,0,0,285000,73000,212000,212000
063260,信邦富邦9B購01  ,0,0,0,0,0,0,0,0,0,212000,0,0,0,212000,0,212000,212000
062607,美食凱基9B購01  ,0,0,0,0,0,0,0,0,0,212000,0,0,0,250000,38000,212000,212000
062343,中石化群益9B購01,0,0,0,0,0,0,0,0,0,212000,0,0,0,222000,10000,212000,212000
064197,智伸科群益9C購01,0,0,0,0,0,0,0,0,0,212000,0,0,0,212000,0,212000,212000
065433,緯創凱基9C購01  ,0,0,0,0,0,0,0,0,0,212000,0,0,0,251000,39000,212000,212000
066163,友訊凱基01購01  ,0,0,0,0,0,0,0,0,0,212000,0,0,0,212000,0,212000,212000
067995,瑞昱元大02購01  ,0,0,0,0,0,0,0,0,0,211000,0,0,0,485000,274000,211000,211000
067670,微星元大01購06  ,0,0,0,0,0,0,0,0,0,211000,0,0,0,601000,390000,211000,211000
067757,元金2X永豐01購01,0,0,0,0,0,0,0,0,0,211000,0,0,0,212000,1000,211000,211000
057718,旺宏元富02購02  ,0,0,0,0,0,0,0,0,0,211000,0,0,0,211000,0,211000,211000
060637,玉晶光永豐9A購03,0,0,0,0,0,0,0,0,0,211000,0,0,0,225000,14000,211000,211000
066278,健策元大02購01  ,0,0,0,0,0,0,0,0,0,211000,0,0,0,251000,40000,211000,211000
1514,亞力            ,292000,81000,211000,0,0,0,0,0,0,0,0,0,0,0,0,0,211000
057912,美律日盛99購01  ,0,0,0,0,0,0,0,0,0,210000,0,0,0,210000,0,210000,210000
058019,美律凱基99購04  ,0,0,0,0,0,0,0,0,0,210000,0,0,0,210000,0,210000,210000
063781,健策永豐9B購08  ,0,0,0,0,0,0,0,0,0,210000,0,0,0,216000,6000,210000,210000
066178,拓凱凱基01購01  ,0,0,0,0,0,0,0,0,0,210000,0,0,0,210000,0,210000,210000
066152,大立光麥證01購03,0,0,0,210000,0,210000,0,0,0,210000,0,0,0,210000,0,210000,210000
066111,上銀兆豐02購01  ,0,0,0,0,0,0,0,0,0,210000,0,0,0,547000,337000,210000,210000
066346,眾達永豐01購01  ,0,0,0,0,0,0,0,0,0,210000,0,0,0,363000,153000,210000,210000
056892,旺宏元大9A購02  ,0,0,0,0,0,0,0,0,0,209000,0,0,0,530000,321000,209000,209000
063625,儒鴻元大9B購03  ,0,0,0,0,0,0,0,0,0,209000,0,0,0,603000,394000,209000,209000
066522,建準中信01購01  ,0,0,0,0,0,0,0,0,0,209000,0,0,0,209000,0,209000,209000
065534,台光電統一9C購02,0,0,0,0,0,0,0,0,0,209000,0,0,0,493000,284000,209000,209000
067026,群創兆豐03購01  ,0,0,0,0,0,0,0,0,0,208000,0,0,0,226000,18000,208000,208000
064779,義隆群益9C購03  ,0,0,0,0,0,0,0,0,0,208000,0,0,0,220000,12000,208000,208000
08893P,京元電元大01售06,0,0,0,0,0,0,0,0,0,208000,0,0,0,240000,32000,208000,208000
5515,建國            ,223000,15000,208000,0,0,0,0,0,0,0,0,0,0,0,0,0,208000
067934,美律凱基01購01  ,0,0,0,0,0,0,0,0,0,207000,0,0,0,279000,72000,207000,207000
08140P,祥碩元大9B售07  ,0,0,0,0,0,0,0,0,0,207000,0,0,0,918000,711000,207000,207000
058122,美律國票9A購01  ,0,0,0,0,0,0,0,0,0,207000,0,0,0,207000,0,207000,207000
062189,康控元大9B購02  ,0,0,0,0,0,0,0,0,0,207000,0,0,0,252000,45000,207000,207000
064593,鈺齊永豐9C購01  ,0,0,0,0,0,0,0,0,0,207000,0,0,0,237000,30000,207000,207000
065443,智邦統一9C購03  ,0,0,0,0,0,0,0,0,0,207000,0,0,0,317000,110000,207000,207000
065522,旭富群益9C購03  ,0,0,0,0,0,0,0,0,0,207000,0,0,0,267000,60000,207000,207000
065034,玉晶光統一01購11,0,0,0,0,0,0,0,0,0,207000,0,0,0,667000,460000,207000,207000
066534,華通台新01購02  ,0,0,0,0,0,0,0,0,0,207000,0,0,0,429000,222000,207000,207000
067619,臺股指凱基04購02,0,0,0,0,0,0,0,0,0,206000,0,0,0,524000,318000,206000,206000
063662,上銀統一01購03  ,0,0,0,0,0,0,0,0,0,206000,0,0,0,242000,36000,206000,206000
066871,台表科元富07購01,0,0,0,0,0,0,0,0,0,206000,0,0,0,211000,5000,206000,206000
066279,拓凱元大01購01  ,0,0,0,0,0,0,0,0,0,206000,0,0,0,275000,69000,206000,206000
3029,零壹            ,759000,542000,217000,0,0,0,0,0,0,-11000,0,11000,-11000,0,0,0,206000
067210,聯發科元大01購18,0,0,0,0,0,0,0,0,0,205000,0,0,0,326000,121000,205000,205000
061466,創意群益9A購01  ,0,0,0,0,0,0,0,0,0,205000,0,0,0,292000,87000,205000,205000
060913,宏達電元大9A購03,0,0,0,0,0,0,0,0,0,205000,0,0,0,232000,27000,205000,205000
065636,台表科國票01購03,0,0,0,0,0,0,0,0,0,205000,0,0,0,250000,45000,205000,205000
057376,新日興元大98購04,0,0,0,0,0,0,0,0,0,204000,0,0,0,274000,70000,204000,204000
062324,上銀統一9B購04  ,0,0,0,0,0,0,0,0,0,204000,0,0,0,258000,54000,204000,204000
065446,宏達電統一9C購02,0,0,0,0,0,0,0,0,0,204000,0,0,0,225000,21000,204000,204000
064786,GIS群益9C購04   ,0,0,0,0,0,0,0,0,0,204000,0,0,0,404000,200000,204000,204000
064939,健策元富9C購03  ,0,0,0,0,0,0,0,0,0,204000,0,0,0,215000,11000,204000,204000
064866,義隆永豐9C購02  ,0,0,0,0,0,0,0,0,0,204000,0,0,0,247000,43000,204000,204000
066561,健策元大01購04  ,0,0,0,0,0,0,0,0,0,204000,0,0,0,276000,72000,204000,204000
067222,申豐元大01購01  ,0,0,0,0,0,0,0,0,0,203000,0,0,0,550000,347000,203000,203000
067257,帆宣國票02購01  ,0,0,0,0,0,0,0,0,0,203000,0,0,0,259000,56000,203000,203000
065998,友訊國票01購02  ,0,0,0,0,0,0,0,0,0,203000,0,0,0,204000,1000,203000,203000
057023,美律凱基99購02  ,0,0,0,0,0,0,0,0,0,202000,0,0,0,214000,12000,202000,202000
066589,英業達群益01購01,0,0,0,0,0,0,0,0,0,202000,0,0,0,437000,235000,202000,202000
066474,微星麥證01購01  ,0,0,0,202000,0,202000,0,0,0,202000,0,0,0,202000,0,202000,202000
064427,喬山凱基01購01  ,0,0,0,0,0,0,0,0,0,202000,0,0,0,262000,60000,202000,202000
03186P,台積電元大01售50,0,0,0,0,0,0,0,0,0,201000,0,0,0,254000,53000,201000,201000
063618,智邦兆豐9C購01  ,0,0,0,0,0,0,0,0,0,201000,0,0,0,417000,216000,201000,201000
2636,台驊投控        ,264000,63000,201000,0,0,0,0,0,0,0,0,0,0,0,0,0,201000
067075,亞光元大01購04  ,0,0,0,0,0,0,0,0,0,200000,0,0,0,200000,0,200000,200000
067079,聯鈞元大02購01  ,0,0,0,0,0,0,0,0,0,200000,0,0,0,200000,0,200000,200000
07183P,臺股指凱基99售25,0,0,0,0,0,0,0,0,0,200000,0,0,0,200000,0,200000,200000
07292P,臺股指凱基99售44,0,0,0,0,0,0,0,0,0,200000,0,0,0,200000,0,200000,200000
057437,可成國票99購01  ,0,0,0,0,0,0,0,0,0,200000,0,0,0,200000,0,200000,200000
056138,群創元大9B購01  ,0,0,0,0,0,0,0,0,0,200000,0,0,0,609000,409000,200000,200000
052890,FB上証群益9B購01,0,0,0,0,0,0,0,0,0,200000,0,0,0,200000,0,200000,200000
058140,臻鼎元大99購02  ,0,0,0,0,0,0,0,0,0,200000,0,0,0,200000,0,200000,200000
058040,FBVIX元大98購01 ,0,0,0,0,0,0,0,0,0,200000,0,0,0,200000,0,200000,200000
059536,新光金凱基99購05,0,0,0,0,0,0,0,0,0,200000,0,0,0,200000,0,200000,200000
060194,旭富元富9A購01  ,0,0,0,0,0,0,0,0,0,200000,0,0,0,200000,0,200000,200000
059003,中壽元大99購01  ,0,0,0,0,0,0,0,0,0,200000,0,0,0,200000,0,200000,200000
061897,泰碩永豐9B購01  ,0,0,0,0,0,0,0,0,0,200000,0,0,0,200000,0,200000,200000
061890,元金2X永豐9B購01,0,0,0,0,0,0,0,0,0,200000,0,0,0,200000,0,200000,200000
066171,德律凱基01購01  ,0,0,0,0,0,0,0,0,0,200000,0,0,0,230000,30000,200000,200000
08189P,超眾群益9B售04  ,0,0,0,0,0,0,0,0,0,199000,0,0,0,199000,0,199000,199000
068585,美律台新01購02  ,0,0,0,0,0,0,0,0,0,199000,0,0,0,199000,0,199000,199000
067245,康控群益01購03  ,0,0,0,0,0,0,0,0,0,199000,0,0,0,201000,2000,199000,199000
063653,儒鴻元富9B購01  ,0,0,0,0,0,0,0,0,0,199000,0,0,0,393000,194000,199000,199000
066873,健策國泰02購01  ,0,0,0,0,0,0,0,0,0,199000,0,0,0,224000,25000,199000,199000
067766,上銀統一02購02  ,0,0,0,0,0,0,0,0,0,198000,0,0,0,262000,64000,198000,198000
067835,微星統一02購02  ,0,0,0,0,0,0,0,0,0,198000,0,0,0,350000,152000,198000,198000
068494,玉山金元大01購01,0,0,0,0,0,0,0,0,0,198000,0,0,0,201000,3000,198000,198000
061442,玉晶光永豐9A購07,0,0,0,0,0,0,0,0,0,198000,0,0,0,198000,0,198000,198000
066820,南茂兆豐03購01  ,0,0,0,0,0,0,0,0,0,198000,0,0,0,298000,100000,198000,198000
065621,聯發科第一9C購01,0,0,0,0,0,0,0,0,0,198000,0,0,0,202000,4000,198000,198000
065688,緯創元富9C購02  ,0,0,0,0,0,0,0,0,0,198000,0,0,0,278000,80000,198000,198000
2401,凌陽            ,960000,796000,164000,0,0,0,0,0,0,34000,46000,12000,34000,0,0,0,198000
2107,厚生            ,264000,66000,198000,0,0,0,0,0,0,0,0,0,0,0,0,0,198000
3060,銘異            ,274000,76000,198000,0,0,0,0,0,0,0,0,0,0,0,0,0,198000
067136,京鼎永豐01購01  ,0,0,0,0,0,0,0,0,0,197000,0,0,0,197000,0,197000,197000
059499,滬深2X元富9C購07,0,0,0,0,0,0,0,0,0,197000,0,0,0,197000,0,197000,197000
061092,可成統一9C購02  ,0,0,0,0,0,0,0,0,0,197000,0,0,0,197000,0,197000,197000
065105,巨大元大01購01  ,0,0,0,0,0,0,0,0,0,197000,0,0,0,222000,25000,197000,197000
065317,上銀凱基9C購03  ,0,0,0,0,0,0,0,0,0,197000,0,0,0,227000,30000,197000,197000
8028,昇陽半導體      ,278000,111000,167000,0,0,0,0,0,0,30000,0,2000,-2000,35000,3000,32000,197000
068509,義隆台新01購01  ,0,0,0,0,0,0,0,0,0,196000,0,0,0,220000,24000,196000,196000
07958P,華擎群益9B售01  ,0,0,0,0,0,0,0,0,0,196000,0,0,0,200000,4000,196000,196000
062226,臻鼎統一9B購01  ,0,0,0,0,0,0,0,0,0,196000,0,0,0,236000,40000,196000,196000
063648,台表科元大9C購05,0,0,0,0,0,0,0,0,0,196000,0,0,0,288000,92000,196000,196000
065799,友訊群益01購03  ,0,0,0,0,0,0,0,0,0,196000,0,0,0,208000,12000,196000,196000
068715,為升元大02購01  ,0,0,0,0,0,0,0,0,0,195000,0,0,0,206000,11000,195000,195000
060191,亞光元富9A購02  ,0,0,0,0,0,0,0,0,0,195000,0,0,0,280000,85000,195000,195000
060144,全新國票9B購01  ,0,0,0,0,0,0,0,0,0,195000,0,0,0,307000,112000,195000,195000
063698,上銀群益9B購05  ,0,0,0,0,0,0,0,0,0,195000,0,0,0,284000,89000,195000,195000
066355,惠特永豐01購01  ,0,0,0,0,0,0,0,0,0,195000,0,0,0,349000,154000,195000,195000
048383,元金2X國票99購01,0,0,0,0,0,0,0,0,0,194000,0,0,0,194000,0,194000,194000
067049,明泰凱基01購01  ,0,0,0,0,0,0,0,0,0,193000,0,0,0,493000,300000,193000,193000
068078,緯創凱基02購01  ,0,0,0,0,0,0,0,0,0,193000,0,0,0,332000,139000,193000,193000
064239,群創統一02購01  ,0,0,0,0,0,0,0,0,0,193000,0,0,0,202000,9000,193000,193000
063950,信邦元大9C購01  ,0,0,0,0,0,0,0,0,0,193000,0,0,0,427000,234000,193000,193000
064208,智邦凱基02購01  ,0,0,0,0,0,0,0,0,0,193000,0,0,0,266000,73000,193000,193000
066398,京鼎凱基01購02  ,0,0,0,0,0,0,0,0,0,193000,0,0,0,213000,20000,193000,193000
065943,台表科元富01購01,0,0,0,0,0,0,0,0,0,193000,0,0,0,193000,0,193000,193000
065370,瑞昱元大9C購02  ,0,0,0,0,0,0,0,0,0,193000,0,0,0,213000,20000,193000,193000
067163,眾達國票02購01  ,0,0,0,0,0,0,0,0,0,192000,0,0,0,249000,57000,192000,192000
060414,中興電永豐9A購01,0,0,0,0,0,0,0,0,0,192000,0,0,0,200000,8000,192000,192000
063029,喬山凱基9B購01  ,0,0,0,0,0,0,0,0,0,192000,0,0,0,204000,12000,192000,192000
064816,訊芯元大9C購01  ,0,0,0,0,0,0,0,0,0,192000,0,0,0,492000,300000,192000,192000
064614,友訊元大9C購02  ,0,0,0,0,0,0,0,0,0,192000,0,0,0,233000,41000,192000,192000
065928,創意國票02購01  ,0,0,0,0,0,0,0,0,0,192000,0,0,0,228000,36000,192000,192000
066725,華通元大01購05  ,0,0,0,0,0,0,0,0,0,192000,0,0,0,480000,288000,192000,192000
08922P,京元電永豐01售01,0,0,0,0,0,0,0,0,0,192000,0,0,0,195000,3000,192000,192000
068155,國揚元大01購03  ,0,0,0,0,0,0,0,0,0,191000,0,0,0,246000,55000,191000,191000
063069,道瓊銀富邦05購01,0,0,0,0,0,0,0,0,0,191000,0,0,0,191000,0,191000,191000
065493,T50反1富邦03購01,0,0,0,0,0,0,0,0,0,191000,0,0,0,196000,5000,191000,191000
067281,T50反1國票01購05,0,0,0,0,0,0,0,0,0,190000,0,0,0,1103000,913000,190000,190000
061831,智邦凱基9B購02  ,0,0,0,0,0,0,0,0,0,190000,0,0,0,194000,4000,190000,190000
063477,訊芯元大9B購01  ,0,0,0,0,0,0,0,0,0,190000,0,0,0,337000,147000,190000,190000
060468,聯鈞元大9A購02  ,0,0,0,0,0,0,0,0,0,190000,0,0,0,197000,7000,190000,190000
066384,訊芯康和01購01  ,0,0,0,0,0,0,0,0,0,190000,0,0,0,195000,5000,190000,190000
056395,玉晶光永豐9B購01,0,0,0,0,0,0,0,0,0,189000,0,0,0,238000,49000,189000,189000
066265,精元元大01購01  ,0,0,0,0,0,0,0,0,0,189000,0,0,0,787000,598000,189000,189000
066222,生達國泰02購01  ,0,0,0,0,0,0,0,0,0,189000,0,0,0,289000,100000,189000,189000
08316P,祥碩元大9C售04  ,0,0,0,0,0,0,0,0,0,188000,0,0,0,615000,427000,188000,188000
065539,瑞儀統一01購01  ,0,0,0,0,0,0,0,0,0,188000,0,0,0,218000,30000,188000,188000
064728,健策統一9C購04  ,0,0,0,0,0,0,0,0,0,188000,0,0,0,222000,34000,188000,188000
067653,可成元富07購03  ,0,0,0,0,0,0,0,0,0,187000,0,0,0,219000,32000,187000,187000
08877P,臺股指中信04售03,0,0,0,0,0,0,0,0,0,187000,0,0,0,200000,13000,187000,187000
068034,國揚元富07購01  ,0,0,0,0,0,0,0,0,0,186000,0,0,0,221000,35000,186000,186000
062229,南六統一9B購01  ,0,0,0,0,0,0,0,0,0,186000,0,0,0,240000,54000,186000,186000
062266,世紀鋼元大9B購02,0,0,0,0,0,0,0,0,0,185000,0,0,0,260000,75000,185000,185000
064413,世紀鋼凱基02購01,0,0,0,0,0,0,0,0,0,185000,0,0,0,185000,0,185000,185000
068179,致茂群益02購01  ,0,0,0,0,0,0,0,0,0,184000,0,0,0,201000,17000,184000,184000
00737,國泰AI+Robo     ,0,0,0,0,0,0,0,0,0,184000,0,0,0,234000,50000,184000,184000
064640,和大凱基03購01  ,0,0,0,0,0,0,0,0,0,184000,0,0,0,186000,2000,184000,184000
065585,聯發科富邦03購02,0,0,0,0,0,0,0,0,0,184000,0,0,0,242000,58000,184000,184000
067050,京鼎凱基03購01  ,0,0,0,0,0,0,0,0,0,183000,0,0,0,183000,0,183000,183000
067542,旭富群益01購03  ,0,0,0,0,0,0,0,0,0,183000,0,0,0,192000,9000,183000,183000
068755,鎧勝國泰04購01  ,0,0,0,0,0,0,0,0,0,183000,0,0,0,183000,0,183000,183000
068777,台積電元富08購02,0,0,0,0,0,0,0,0,0,183000,0,0,0,307000,124000,183000,183000
063270,喬山兆豐9C購01  ,0,0,0,0,0,0,0,0,0,183000,0,0,0,279000,96000,183000,183000
062666,和碩群益9B購01  ,0,0,0,0,0,0,0,0,0,183000,0,0,0,195000,12000,183000,183000
061372,世紀鋼國泰9C購01,0,0,0,0,0,0,0,0,0,183000,0,0,0,229000,46000,183000,183000
064396,創意永豐9C購01  ,0,0,0,0,0,0,0,0,0,183000,0,0,0,188000,5000,183000,183000
067146,台達電統一02購01,0,0,0,0,0,0,0,0,0,182000,0,0,0,345000,163000,182000,182000
03217P,臺股指群益02售02,0,0,0,0,0,0,0,0,0,182000,0,0,0,201000,19000,182000,182000
062888,漢唐群益9B購01  ,0,0,0,0,0,0,0,0,0,182000,0,0,0,203000,21000,182000,182000
065448,緯創統一9C購01  ,0,0,0,0,0,0,0,0,0,182000,0,0,0,343000,161000,182000,182000
066237,京鼎富邦04購01  ,0,0,0,0,0,0,0,0,0,182000,0,0,0,262000,80000,182000,182000
068415,台積電中信07購04,0,0,0,0,0,0,0,0,0,181000,0,0,0,417000,236000,181000,181000
068348,上銀凱基01購02  ,0,0,0,0,0,0,0,0,0,181000,0,0,0,266000,85000,181000,181000
08112P,臺股指中信01售07,0,0,0,0,0,0,0,0,0,181000,0,0,0,326000,145000,181000,181000
066606,聯詠永豐01購01  ,0,0,0,0,0,0,0,0,0,181000,0,0,0,263000,82000,181000,181000
08134P,臺股指元大9B售40,0,0,0,0,0,0,0,0,0,180000,0,0,0,180000,0,180000,180000
08371P,京元電凱基9C售01,0,0,0,0,0,0,0,0,0,180000,0,0,0,220000,40000,180000,180000
08400P,美律元富9C售02  ,0,0,0,0,0,0,0,0,0,180000,0,0,0,190000,10000,180000,180000
068628,台表科群益02購01,0,0,0,0,0,0,0,0,0,180000,0,0,0,230000,50000,180000,180000
067845,美食元富04購01  ,0,0,0,0,0,0,0,0,0,180000,0,0,0,300000,120000,180000,180000
062731,力成凱基9B購02  ,0,0,0,0,0,0,0,0,0,180000,0,0,0,200000,20000,180000,180000
057581,元大金中信9A購01,0,0,0,0,0,0,0,0,0,180000,0,0,0,180000,0,180000,180000
053734,友達中信98購02  ,0,0,0,0,0,0,0,0,0,180000,0,0,0,180000,0,180000,180000
064119,上銀元大9C購06  ,0,0,0,0,0,0,0,0,0,180000,0,0,0,180000,0,180000,180000
066428,健策元大02購02  ,0,0,0,0,0,0,0,0,0,180000,0,0,0,245000,65000,180000,180000
065695,友訊群益01購02  ,0,0,0,0,0,0,0,0,0,180000,0,0,0,181000,1000,180000,180000
064547,宏達電凱基9C購01,0,0,0,0,0,0,0,0,0,180000,0,0,0,223000,43000,180000,180000
08592P,聯發科凱基01售06,0,0,0,0,0,0,0,0,0,180000,0,0,0,225000,45000,180000,180000
067249,緯穎群益01購04  ,0,0,0,0,0,0,0,0,0,179000,0,0,0,208000,29000,179000,179000
068439,信邦凱基01購02  ,0,0,0,0,0,0,0,0,0,179000,0,0,0,239000,60000,179000,179000
060221,大立光凱基9A購07,0,0,0,0,0,0,0,0,0,179000,0,0,0,179000,0,179000,179000
061136,可成統一9A購01  ,0,0,0,0,0,0,0,0,0,179000,0,0,0,179000,0,179000,179000
060596,元黃金凱基9A購02,0,0,0,0,0,0,0,0,0,179000,0,0,0,278000,99000,179000,179000
065138,上銀凱基02購01  ,0,0,0,0,0,0,0,0,0,179000,0,0,0,294000,115000,179000,179000
065020,友達富邦01購02  ,0,0,0,0,0,0,0,0,0,179000,0,0,0,180000,1000,179000,179000
067001,中化永豐01購02  ,0,0,0,0,0,0,0,0,0,178000,0,0,0,178000,0,178000,178000
067326,世紀鋼元大01購02,0,0,0,0,0,0,0,0,0,178000,0,0,0,178000,0,178000,178000
062461,智伸科群益9B購01,0,0,0,0,0,0,0,0,0,178000,0,0,0,178000,0,178000,178000
063576,台表科元大9B購08,0,0,0,0,0,0,0,0,0,178000,0,0,0,208000,30000,178000,178000
064460,健策統一9C購03  ,15000,0,15000,0,0,0,0,0,0,163000,0,0,0,233000,70000,163000,178000
066706,揚明光群益01購01,0,0,0,0,0,0,0,0,0,178000,0,0,0,207000,29000,178000,178000
066042,正崴元大02購01  ,0,0,0,0,0,0,0,0,0,178000,0,0,0,200000,22000,178000,178000
062827,神基群益9B購01  ,0,0,0,0,0,0,0,0,0,177000,0,0,0,184000,7000,177000,177000
067228,華新群益01購01  ,0,0,0,0,0,0,0,0,0,176000,0,0,0,233000,57000,176000,176000
063695,上銀第一9B購01  ,0,0,0,0,0,0,0,0,0,176000,0,0,0,176000,0,176000,176000
061943,上銀群益9B購02  ,0,0,0,0,0,0,0,0,0,176000,0,0,0,286000,110000,176000,176000
060370,滬深2X元富04購01,0,0,0,0,0,0,0,0,0,176000,0,0,0,192000,16000,176000,176000
062605,上銀凱基9B購03  ,0,0,0,0,0,0,0,0,0,176000,0,0,0,198000,22000,176000,176000
064058,儒鴻麥證01購01  ,0,0,0,269000,83000,186000,0,0,0,176000,0,0,0,279000,103000,176000,176000
066259,聯強元大01購01  ,0,0,0,0,0,0,0,0,0,176000,0,0,0,182000,6000,176000,176000
066937,群創國票03購01  ,0,0,0,0,0,0,0,0,0,176000,0,0,0,196000,20000,176000,176000
07114P,旺宏兆豐9A售01  ,0,0,0,0,0,0,0,0,0,175000,0,0,0,235000,60000,175000,175000
057875,京鼎元大98購03  ,0,0,0,0,0,0,0,0,0,175000,0,0,0,175000,0,175000,175000
064094,達新群益9C購01  ,0,0,0,0,0,0,0,0,0,175000,0,0,0,218000,43000,175000,175000
060763,聯鈞元大9A購03  ,0,0,0,0,0,0,0,0,0,175000,0,0,0,196000,21000,175000,175000
064990,世紀鋼元大01購01,0,0,0,0,0,0,0,0,0,175000,0,0,0,178000,3000,175000,175000
065377,群創元大02購02  ,0,0,0,0,0,0,0,0,0,175000,0,0,0,253000,78000,175000,175000
08631P,臺股指麥證9C售06,0,0,0,175000,0,175000,0,0,0,175000,0,0,0,175000,0,175000,175000
066980,台光電群益01購02,0,0,0,0,0,0,0,0,0,174000,0,0,0,174000,0,174000,174000
063128,智伸科元大9B購01,0,0,0,0,0,0,0,0,0,174000,0,0,0,249000,75000,174000,174000
061127,美食永豐9A購01  ,0,0,0,0,0,0,0,0,0,174000,0,0,0,174000,0,174000,174000
061892,亞德客永豐9B購01,0,0,0,0,0,0,0,0,0,174000,0,0,0,284000,110000,174000,174000
066566,康控元大01購01  ,0,0,0,0,0,0,0,0,0,174000,0,0,0,207000,33000,174000,174000
065887,巨大元富9C購01  ,0,0,0,0,0,0,0,0,0,174000,0,0,0,174000,0,174000,174000
1907,永豐餘          ,243000,119000,124000,0,0,0,0,0,0,50000,0,0,0,50000,0,50000,174000
065934,智邦群益01購02  ,0,40000,-40000,0,0,0,0,0,0,213000,0,0,0,242000,29000,213000,173000
066056,聯鈞元大01購02  ,0,0,0,0,0,0,0,0,0,173000,0,0,0,173000,0,173000,173000
066096,友訊中信05購02  ,0,0,0,0,0,0,0,0,0,173000,0,0,0,173000,0,173000,173000
065549,智邦凱基9C購03  ,0,0,0,0,0,0,0,0,0,173000,0,0,0,205000,32000,173000,173000
064399,和大凱基02購01  ,0,0,0,0,0,0,0,0,0,172000,0,0,0,172000,0,172000,172000
066016,台表科元富01購02,0,0,0,0,0,0,0,0,0,172000,0,0,0,172000,0,172000,172000
067778,A50群益01購01   ,0,0,0,0,0,0,0,0,0,171000,0,0,0,171000,0,171000,171000
068247,宏碁元大01購03  ,0,0,0,0,0,0,0,0,0,171000,0,0,0,1049000,878000,171000,171000
03050P,台積電統一01售12,0,0,0,0,0,0,0,0,0,171000,0,0,0,211000,40000,171000,171000
061778,元金2X群益9B購02,0,0,0,0,0,0,0,0,0,171000,0,0,0,252000,81000,171000,171000
062227,南六統一01購02  ,0,0,0,0,0,0,0,0,0,171000,0,0,0,171000,0,171000,171000
063675,亞德客國泰01購01,0,0,0,0,0,0,0,0,0,171000,0,0,0,542000,371000,171000,171000
064067,美律永豐9C購01  ,0,0,0,0,0,0,0,0,0,171000,0,0,0,188000,17000,171000,171000
062705,美食元大9B購01  ,0,0,0,0,0,0,0,0,0,171000,0,0,0,253000,82000,171000,171000
066447,智伸科群益01購02,0,0,0,0,0,0,0,0,0,171000,0,0,0,176000,5000,171000,171000
08964P,美律台新01售01  ,0,0,0,0,0,0,0,0,0,171000,0,0,0,193000,22000,171000,171000
3090,日電貿          ,190000,86000,104000,0,0,0,0,0,0,67000,0,1000,-1000,71000,3000,68000,171000
8103,瀚荃            ,197000,26000,171000,0,0,0,0,0,0,0,0,0,0,0,0,0,171000
068476,聯鈞群益01購02  ,0,0,0,0,0,0,0,0,0,170000,0,0,0,238000,68000,170000,170000
08098P,大立光凱基9B售09,0,0,0,0,0,0,0,0,0,170000,0,0,0,249000,79000,170000,170000
05629P,聯發科永昌99售02,0,0,0,0,0,0,0,0,0,170000,0,0,0,170000,0,170000,170000
054819,裕民元大9A購01  ,0,0,0,0,0,0,0,0,0,170000,0,0,0,200000,30000,170000,170000
062696,國巨元大9B購16  ,0,0,0,0,0,0,0,0,0,170000,0,0,0,192000,22000,170000,170000
063440,上銀統一01購02  ,0,0,0,0,0,0,0,0,0,170000,0,0,0,172000,2000,170000,170000
063556,儒鴻元大9B購02  ,0,0,0,0,0,0,0,0,0,170000,0,0,0,331000,161000,170000,170000
06552P,茂林元大99售02  ,0,0,0,0,0,0,0,0,0,170000,0,0,0,185000,15000,170000,170000
067760,旭富永豐01購01  ,0,0,0,0,0,0,0,0,0,169000,0,0,0,171000,2000,169000,169000
055817,京鼎國票99購01  ,0,0,0,0,0,0,0,0,0,169000,0,0,0,527000,358000,169000,169000
03072P,台積電國泰03售04,0,0,0,0,0,0,0,0,0,169000,0,0,0,393000,224000,169000,169000
063204,高鐵統一9C購01  ,0,0,0,0,0,0,0,0,0,169000,0,0,0,169000,0,169000,169000
062745,聯詠永豐9B購01  ,0,0,0,0,0,0,0,0,0,169000,0,0,0,187000,18000,169000,169000
064212,可成凱基03購01  ,0,0,0,0,0,0,0,0,0,169000,0,0,0,300000,131000,169000,169000
064517,國巨群益02購01  ,0,0,0,0,0,0,0,0,0,169000,0,0,0,181000,12000,169000,169000
064562,友達群益9C購03  ,0,0,0,0,0,0,0,0,0,169000,0,0,0,206000,37000,169000,169000
066949,聯發科元大01購17,0,0,0,0,0,0,0,0,0,169000,0,0,0,831000,662000,169000,169000
065953,宏達電統一03購01,0,0,0,0,0,0,0,0,0,169000,0,0,0,244000,75000,169000,169000
067672,聯發科元大01購21,0,0,0,0,0,0,0,0,0,168000,0,0,0,183000,15000,168000,168000
067646,元金2X元富01購01,0,0,0,0,0,0,0,0,0,168000,0,0,0,168000,0,168000,168000
067737,英業達元大01購01,0,0,0,0,0,0,0,0,0,168000,0,0,0,168000,0,168000,168000
062062,貿聯統一01購01  ,0,0,0,0,0,0,0,0,0,168000,0,0,0,180000,12000,168000,168000
08982P,泰碩凱基01售01  ,0,0,0,0,0,0,0,0,0,168000,0,0,0,168000,0,168000,168000
07670P,茂林元大9A售02  ,0,0,0,0,0,0,0,0,0,167000,0,0,0,177000,10000,167000,167000
068584,帆宣永豐01購03  ,0,0,0,0,0,0,0,0,0,167000,0,0,0,192000,25000,167000,167000
062432,上銀元大9B購04  ,0,0,0,0,0,0,0,0,0,167000,0,0,0,173000,6000,167000,167000
063914,和碩凱基9C購01  ,0,0,0,0,0,0,0,0,0,167000,0,0,0,167000,0,167000,167000
061661,京鼎永豐9A購02  ,0,0,0,0,0,0,0,0,0,167000,0,0,0,182000,15000,167000,167000
066215,惠特統一04購01  ,0,0,0,0,0,0,0,0,0,167000,0,0,0,227000,60000,167000,167000
065180,台表科元大9C購10,0,0,0,0,0,0,0,0,0,167000,0,0,0,195000,28000,167000,167000
068519,群創統一03購01  ,0,0,0,0,0,0,0,0,0,166000,0,0,0,201000,35000,166000,166000
063746,上銀國票9C購01  ,0,0,0,0,0,0,0,0,0,166000,0,0,0,228000,62000,166000,166000
062620,台表科元大9B購04,0,0,0,0,0,0,0,0,0,166000,0,0,0,166000,0,166000,166000
065126,世芯永豐9C購02  ,0,5000,-5000,0,0,0,0,0,0,171000,0,0,0,229000,58000,171000,166000
065361,上銀元大9C購11  ,0,0,0,0,0,0,0,0,0,166000,0,0,0,166000,0,166000,166000
064529,友達中信01購03  ,0,0,0,0,0,0,0,0,0,166000,0,0,0,197000,31000,166000,166000
064865,美律永豐9C購02  ,0,0,0,0,0,0,0,0,0,166000,0,0,0,166000,0,166000,166000
066140,鎧勝群益01購01  ,0,0,0,0,0,0,0,0,0,166000,0,0,0,227000,61000,166000,166000
065753,正崴元大9C購02  ,0,0,0,0,0,0,0,0,0,166000,0,0,0,223000,57000,166000,166000
066847,群創元大01購03  ,0,0,0,0,0,0,0,0,0,166000,0,0,0,267000,101000,166000,166000
066382,拓凱康和01購01  ,0,0,0,0,0,0,0,0,0,166000,0,0,0,166000,0,166000,166000
067037,美利達康和01購02,0,0,0,0,0,0,0,0,0,165000,0,0,0,325000,160000,165000,165000
03049P,台積電元富07售11,0,0,0,0,0,0,0,0,0,165000,0,0,0,411000,246000,165000,165000
057671,群創元大9B購06  ,0,0,0,0,0,0,0,0,0,165000,0,0,0,288000,123000,165000,165000
067640,欣興統一02購03  ,0,0,0,0,0,0,0,0,0,164000,0,0,0,360000,196000,164000,164000
067819,健策凱基01購03  ,0,0,0,0,0,0,0,0,0,164000,0,0,0,283000,119000,164000,164000
068312,鎧勝國票03購01  ,0,0,0,0,0,0,0,0,0,164000,0,0,0,209000,45000,164000,164000
068590,台積電元富07購12,0,0,0,0,0,0,0,0,0,164000,0,0,0,298000,134000,164000,164000
07929P,旺宏統一9B售07  ,0,0,0,0,0,0,0,0,0,164000,0,0,0,164000,0,164000,164000
062798,台光電統一9B購01,0,0,0,0,0,0,0,0,0,164000,0,0,0,284000,120000,164000,164000
064243,TPK統一02購02   ,0,0,0,0,0,0,0,0,0,164000,0,0,0,215000,51000,164000,164000
066678,台達電兆豐03購01,0,0,0,0,0,0,0,0,0,164000,0,0,0,225000,61000,164000,164000
064950,美律凱基02購01  ,0,0,0,0,0,0,0,0,0,164000,0,0,0,206000,42000,164000,164000
08479P,臺股指凱基9C售17,0,0,0,0,0,0,0,0,0,164000,0,0,0,164000,0,164000,164000
6414,樺漢            ,188000,291000,-103000,0,0,0,165000,0,165000,102000,79000,73000,6000,112000,16000,96000,164000
067183,友訊凱基02購01  ,0,0,0,0,0,0,0,0,0,163000,0,0,0,163000,0,163000,163000
064500,國泰金元大9C購01,0,0,0,0,0,0,0,0,0,163000,0,0,0,168000,5000,163000,163000
063132,台表科元大9C購02,0,0,0,0,0,0,0,0,0,162000,0,0,0,171000,9000,162000,162000
061716,瑞儀凱基9B購01  ,0,0,0,0,0,0,0,0,0,162000,0,0,0,164000,2000,162000,162000
065672,嘉晶凱基01購01  ,0,0,0,0,0,0,0,0,0,162000,0,0,0,177000,15000,162000,162000
066487,聯詠元富01購03  ,0,0,0,0,0,0,0,0,0,162000,0,0,0,221000,59000,162000,162000
066985,牧德群益02購02  ,0,0,0,0,0,0,0,0,0,161000,0,0,0,161000,0,161000,161000
067611,拓凱凱基02購01  ,0,0,0,0,0,0,0,0,0,161000,0,0,0,164000,3000,161000,161000
060922,金像電永豐9A購01,0,0,0,0,0,0,0,0,0,161000,0,0,0,294000,133000,161000,161000
061030,喬山永豐9A購01  ,0,0,0,0,0,0,0,0,0,161000,0,0,0,216000,55000,161000,161000
066366,信邦中信02購01  ,0,0,0,0,0,0,0,0,0,161000,0,0,0,213000,52000,161000,161000
066757,南港永豐01購01  ,0,0,0,0,0,0,0,0,0,161000,0,0,0,161000,0,161000,161000
067628,力山永豐01購01  ,0,0,0,0,0,0,0,0,0,160000,0,0,0,188000,28000,160000,160000
067809,聯發科凱基01購17,0,0,0,0,0,0,0,0,0,160000,0,0,0,185000,25000,160000,160000
067870,玉晶光元大01購07,0,0,0,0,0,0,0,0,0,160000,0,0,0,200000,40000,160000,160000
068363,世紀鋼凱基01購02,0,0,0,0,0,0,0,0,0,160000,0,0,0,160000,0,160000,160000
063222,群創群益9B購03  ,0,0,0,0,0,0,0,0,0,160000,0,0,0,160000,0,160000,160000
057447,智邦元富02購01  ,0,0,0,0,0,0,0,0,0,160000,0,0,0,235000,75000,160000,160000
060717,康控永豐9A購01  ,0,0,0,0,0,0,0,0,0,160000,0,0,0,160000,0,160000,160000
062658,聯茂第一9B購01  ,0,0,0,0,0,0,0,0,0,160000,0,0,0,160000,0,160000,160000
062372,旭富元大9B購01  ,0,0,0,0,0,0,0,0,0,160000,0,0,0,160000,0,160000,160000
063928,可成統一01購02  ,0,0,0,0,0,0,0,0,0,160000,0,0,0,225000,65000,160000,160000
066795,台積電凱基02購07,0,0,0,0,0,0,0,0,0,160000,0,0,0,160000,0,160000,160000
066505,可成富邦03購01  ,0,0,0,0,0,0,0,0,0,160000,0,0,0,260000,100000,160000,160000
065177,旭富元大9C購05  ,0,0,0,0,0,0,0,0,0,160000,0,0,0,160000,0,160000,160000
063839,華通元大9C購02  ,0,0,0,0,0,0,0,0,0,159000,0,0,0,353000,194000,159000,159000
066328,國揚永豐01購01  ,0,0,0,0,0,0,0,0,0,159000,0,0,0,213000,54000,159000,159000
068534,台達電中信03購01,0,0,0,0,0,0,0,0,0,158000,0,0,0,178000,20000,158000,158000
067890,華新科群益01購06,0,0,0,0,0,0,0,0,0,158000,0,0,0,368000,210000,158000,158000
067485,緯創元大01購01  ,50000,0,50000,0,0,0,0,0,0,108000,0,0,0,355000,247000,108000,158000
060156,光磊永豐9A購01  ,0,0,0,0,0,0,0,0,0,158000,0,0,0,353000,195000,158000,158000
067035,台表科康和01購01,0,0,0,0,0,0,0,0,0,157000,0,0,0,186000,29000,157000,157000
060027,元金2X永豐99購02,0,0,0,0,0,0,0,0,0,157000,0,0,0,165000,8000,157000,157000
00641R,富邦日本反1     ,0,4000,-4000,0,0,0,0,0,0,161000,0,0,0,305000,144000,161000,157000
063474,康控元大9B購04  ,0,0,0,0,0,0,0,0,0,157000,0,0,0,157000,0,157000,157000
066484,瑞昱元富07購01  ,0,0,0,0,0,0,0,0,0,157000,0,0,0,157000,0,157000,157000
066870,宏達電元富01購01,0,0,0,0,0,0,0,0,0,157000,0,0,0,157000,0,157000,157000
065573,新日興群益01購02,0,0,0,0,0,0,0,0,0,157000,0,0,0,177000,20000,157000,157000
064505,康控元大9C購01  ,0,0,0,0,0,0,0,0,0,157000,0,0,0,170000,13000,157000,157000
067938,玉晶光凱基02購05,0,0,0,0,0,0,0,0,0,156000,0,0,0,178000,22000,156000,156000
057525,光磊元大99購01  ,0,0,0,0,0,0,0,0,0,156000,0,0,0,191000,35000,156000,156000
064978,群創元大9C購07  ,0,0,0,0,0,0,0,0,0,156000,0,0,0,256000,100000,156000,156000
066195,臺股指凱基03購04,0,0,0,0,0,0,0,0,0,156000,0,0,0,335000,179000,156000,156000
066080,台光電國泰03購01,0,0,0,0,0,0,0,0,0,156000,0,0,0,376000,220000,156000,156000
2323,中環            ,830000,541000,289000,0,0,0,0,0,0,-133000,6000,0,6000,0,139000,-139000,156000
059304,華新科兆豐99購06,0,0,0,0,0,0,0,0,0,155000,0,0,0,212000,57000,155000,155000
059695,聯鈞永豐99購02  ,0,0,0,0,0,0,0,0,0,155000,0,0,0,189000,34000,155000,155000
062066,元黃金元大9B購01,0,0,0,0,0,0,0,0,0,155000,0,0,0,167000,12000,155000,155000
066300,潤泰新元大01購02,0,0,0,0,0,0,0,0,0,155000,0,0,0,316000,161000,155000,155000
067713,聚陽凱基01購02  ,0,0,0,0,0,0,0,0,0,154000,0,0,0,161000,7000,154000,154000
067714,上銀凱基01購01  ,0,0,0,0,0,0,0,0,0,154000,0,0,0,189000,35000,154000,154000
067534,億光群益01購01  ,0,0,0,0,0,0,0,0,0,154000,0,0,0,173000,19000,154000,154000
061005,可成兆豐9A購01  ,0,0,0,0,0,0,0,0,0,154000,0,0,0,295000,141000,154000,154000
064921,景碩統一02購01  ,0,0,0,0,0,0,0,0,0,154000,0,0,0,459000,305000,154000,154000
067641,群創統一01購02  ,0,0,0,0,0,0,0,0,0,153000,0,0,0,247000,94000,153000,153000
067643,台郡統一03購01  ,0,0,0,0,0,0,0,0,0,153000,0,0,0,224000,71000,153000,153000
063077,巨大永豐9B購03  ,0,0,0,0,0,0,0,0,0,153000,0,0,0,218000,65000,153000,153000
062708,立積元大9B購01  ,0,0,0,0,0,0,0,0,0,153000,0,0,0,218000,65000,153000,153000
062087,瑞祺元大9B購02  ,0,0,0,0,0,0,0,0,0,153000,0,0,0,217000,64000,153000,153000
060509,宏達電元大9A購02,0,0,0,0,0,0,0,0,0,153000,0,0,0,178000,25000,153000,153000
061306,瑞祺永豐9A購02  ,0,0,0,0,0,0,0,0,0,153000,0,0,0,286000,133000,153000,153000
065129,上銀兆豐01購01  ,0,0,0,0,0,0,0,0,0,153000,0,0,0,191000,38000,153000,153000
066251,川湖元大01購01  ,0,0,0,0,0,0,0,0,0,153000,0,0,0,317000,164000,153000,153000
066682,聯詠兆豐03購01  ,0,0,0,0,0,0,0,0,0,153000,0,0,0,183000,30000,153000,153000
3669,圓展            ,2218000,2092000,126000,0,0,0,0,0,0,27000,47000,20000,27000,0,0,0,153000
08492P,大立光元大9C售22,0,0,0,0,0,0,0,0,0,153000,0,0,0,153000,0,153000,153000
057542,上銀凱基99購01  ,0,0,0,0,0,0,0,0,0,152000,0,0,0,152000,0,152000,152000
057690,美律凱基99購03  ,0,0,0,0,0,0,0,0,0,152000,0,0,0,152000,0,152000,152000
055316,上銀國票98購01  ,0,0,0,0,0,0,0,0,0,152000,0,0,0,152000,0,152000,152000
064153,中壽統一9C購01  ,0,0,0,0,0,0,0,0,0,152000,0,0,0,167000,15000,152000,152000
066573,瑞祺元大01購02  ,0,0,0,0,0,0,0,0,0,152000,0,0,0,241000,89000,152000,152000
066108,惠特國票02購02  ,0,0,0,0,0,0,0,0,0,152000,0,0,0,293000,141000,152000,152000
064985,台表科元大9C購09,0,0,0,0,0,0,0,0,0,152000,0,0,0,224000,72000,152000,152000
08664P,金像電凱基01售02,0,0,0,0,0,0,0,0,0,152000,0,0,0,154000,2000,152000,152000
2605,新興            ,321000,157000,164000,0,0,0,0,0,0,-12000,0,0,0,0,12000,-12000,152000
08081P,台灣50元大9B售20,0,0,0,0,0,0,0,0,0,151000,0,0,0,151000,0,151000,151000
058788,喬山元大99購01  ,0,0,0,0,0,0,0,0,0,151000,0,0,0,158000,7000,151000,151000
062639,臻鼎國票9C購01  ,0,0,0,0,0,0,0,0,0,151000,0,0,0,183000,32000,151000,151000
065580,鈺齊群益01購01  ,0,0,0,0,0,0,0,0,0,151000,0,0,0,200000,49000,151000,151000
064515,中橡群益9C購01  ,0,0,0,0,0,0,0,0,0,151000,0,0,0,151000,0,151000,151000
065957,華擎統一03購02  ,0,0,0,0,0,0,0,0,0,151000,0,0,0,350000,199000,151000,151000
066524,創意統一02購03  ,0,0,0,0,0,0,0,0,0,151000,0,0,0,186000,35000,151000,151000
066354,緯穎永豐01購01  ,0,0,0,0,0,0,0,0,0,151000,0,0,0,227000,76000,151000,151000
08526P,義隆元大9C售04  ,0,0,0,0,0,0,0,0,0,151000,0,0,0,191000,40000,151000,151000
07801P,上銀永豐9A售02  ,0,0,0,0,0,0,0,0,0,150000,0,0,0,150000,0,150000,150000
068495,新光金元大04購01,0,0,0,0,0,0,0,0,0,150000,0,0,0,150000,0,150000,150000
068437,宏達電凱基01購03,0,0,0,0,0,0,0,0,0,150000,0,0,0,184000,34000,150000,150000
068017,玉晶光國票01購09,0,0,0,0,0,0,0,0,0,150000,0,0,0,151000,1000,150000,150000
068156,新光金元大02購01,0,0,0,0,0,0,0,0,0,150000,0,0,0,150000,0,150000,150000
067539,緯創群益01購01  ,0,0,0,0,0,0,0,0,0,150000,0,0,0,234000,84000,150000,150000
067486,新日興元大01購03,0,0,0,0,0,0,0,0,0,150000,0,0,0,157000,7000,150000,150000
067135,聯詠永豐01購02  ,0,0,0,0,0,0,0,0,0,150000,0,0,0,180000,30000,150000,150000
067246,鎧勝群益01購02  ,0,0,0,0,0,0,0,0,0,150000,0,0,0,172000,22000,150000,150000
059976,道瓊銀元大99購01,0,0,0,0,0,0,0,0,0,150000,0,0,0,150000,0,150000,150000
065849,景碩元大9C購03  ,0,0,0,0,0,0,0,0,0,150000,0,0,0,367000,217000,150000,150000
064887,嘉晶中信9C購02  ,0,0,0,0,0,0,0,0,0,150000,0,0,0,150000,0,150000,150000
067089,瑞祺元大01購04  ,0,0,0,0,0,0,0,0,0,149000,0,0,0,223000,74000,149000,149000
067566,台積電康和01購01,0,0,0,0,0,0,0,0,0,149000,0,0,0,173000,24000,149000,149000
068054,玉晶光統一03購04,0,0,0,0,0,0,0,0,0,149000,0,0,0,164000,15000,149000,149000
067657,日月光元富01購01,0,0,0,0,0,0,0,0,0,149000,0,0,0,319000,170000,149000,149000
068730,富邦金元大02購01,0,0,0,0,0,0,0,0,0,149000,0,0,0,276000,127000,149000,149000
07807P,聯茂永豐9A售02  ,0,0,0,0,0,0,0,0,0,149000,0,0,0,149000,0,149000,149000
07902P,玉晶光國票01售01,0,0,0,0,0,0,0,0,0,149000,0,0,0,149000,0,149000,149000
067828,聯鈞兆豐03購01  ,0,0,0,0,0,0,0,0,0,148000,0,0,0,153000,5000,148000,148000
059452,全新永豐99購03  ,0,0,0,0,0,0,0,0,0,148000,0,0,0,148000,0,148000,148000
061038,TPK永豐9A購01   ,0,0,0,0,0,0,0,0,0,148000,0,0,0,176000,28000,148000,148000
063615,瑞祺群益9B購03  ,0,0,0,0,0,0,0,0,0,148000,0,0,0,178000,30000,148000,148000
062523,世紀鋼元大9C購03,0,0,0,0,0,0,0,0,0,148000,0,0,0,165000,17000,148000,148000
064678,嘉晶兆豐01購01  ,0,0,0,0,0,0,0,0,0,148000,0,0,0,148000,0,148000,148000
066184,鎧勝凱基01購01  ,0,0,0,0,0,0,0,0,0,148000,0,0,0,158000,10000,148000,148000
068100,喬山永豐01購01  ,0,0,0,0,0,0,0,0,0,147000,0,0,0,182000,35000,147000,147000
062761,嘉晶凱基9C購01  ,0,0,0,0,0,0,0,0,0,147000,0,0,0,159000,12000,147000,147000
062924,世紀鋼元大9C購04,0,0,0,0,0,0,0,0,0,147000,0,0,0,157000,10000,147000,147000
063209,巨大統一01購01  ,0,0,0,0,0,0,0,0,0,147000,0,0,0,157000,10000,147000,147000
063342,台光電統一9B購02,0,0,0,0,0,0,0,0,0,147000,0,0,0,276000,129000,147000,147000
08611P,聯發科凱基01售08,0,0,0,0,0,0,0,0,0,147000,0,0,0,147000,0,147000,147000
08190P,宏達電元富9B售04,0,0,0,0,0,0,0,0,0,146000,0,0,0,230000,84000,146000,146000
063293,億豐元大9B購01  ,0,0,0,0,0,0,0,0,0,146000,0,0,0,201000,55000,146000,146000
063777,儒鴻永豐9B購02  ,0,0,0,0,0,0,0,0,0,146000,0,0,0,617000,471000,146000,146000
065974,智原元大01購01  ,0,0,0,0,0,0,0,0,0,146000,0,0,0,293000,147000,146000,146000
063133,喬山統一01購01  ,0,0,0,0,0,0,0,0,0,145000,0,0,0,384000,239000,145000,145000
059181,世紀鋼元富9C購01,0,0,0,0,0,0,0,0,0,145000,0,0,0,366000,221000,145000,145000
063793,和大凱基9C購01  ,0,0,0,0,0,0,0,0,0,145000,0,0,0,148000,3000,145000,145000
064155,大立光統一01購05,0,0,0,0,0,0,0,0,0,145000,0,0,0,145000,0,145000,145000
066465,同欣電統一01購05,0,0,0,0,0,0,0,0,0,145000,0,0,0,200000,55000,145000,145000
064699,臻鼎群益9C購01  ,0,0,0,0,0,0,0,0,0,145000,0,0,0,527000,382000,145000,145000
064911,光寶科統一02購01,0,0,0,0,0,0,0,0,0,144000,0,0,0,259000,115000,144000,144000
065512,友訊群益01購01  ,0,0,0,0,0,0,0,0,0,144000,0,0,0,144000,0,144000,144000
065951,聯發科統一01購08,0,0,0,0,0,0,0,0,0,144000,0,0,0,195000,51000,144000,144000
065705,嘉晶群益9C購05  ,0,0,0,0,0,0,0,0,0,144000,0,0,0,164000,20000,144000,144000
068574,GIS元大01購08   ,0,0,0,0,0,0,0,0,0,143000,0,0,0,276000,133000,143000,143000
068333,緯創元大01購04  ,0,0,0,0,0,0,0,0,0,143000,0,0,0,309000,166000,143000,143000
067820,和碩凱基01購01  ,0,0,0,0,0,0,0,0,0,143000,0,0,0,154000,11000,143000,143000
067698,潤泰全國票02購01,0,0,0,0,0,0,0,0,0,143000,0,0,0,200000,57000,143000,143000
067344,鎧勝凱基02購01  ,0,0,0,0,0,0,0,0,0,143000,0,0,0,163000,20000,143000,143000
057051,群創元大9B購03  ,0,0,0,0,0,0,0,0,0,143000,0,0,0,228000,85000,143000,143000
061232,和大元大9A購03  ,0,0,0,0,0,0,0,0,0,143000,0,0,0,180000,37000,143000,143000
062288,南六群益9B購01  ,0,0,0,0,0,0,0,0,0,143000,0,0,0,237000,94000,143000,143000
066054,創意元大01購02  ,0,0,0,0,0,0,0,0,0,143000,0,0,0,231000,88000,143000,143000
068158,緯創元大01購03  ,0,0,0,0,0,0,0,0,0,142000,0,0,0,360000,218000,142000,142000
057700,新日興群益9A購01,0,0,0,0,0,0,0,0,0,142000,0,0,0,142000,0,142000,142000
061891,力山永豐9B購01  ,0,0,0,0,0,0,0,0,0,142000,0,0,0,449000,307000,142000,142000
065529,聯發科中信01購04,0,0,0,0,0,0,0,0,0,142000,0,0,0,142000,0,142000,142000
065051,和碩凱基02購01  ,0,0,0,0,0,0,0,0,0,142000,0,0,0,159000,17000,142000,142000
067305,國產元大01購02  ,0,0,0,0,0,0,0,0,0,141000,0,0,0,267000,126000,141000,141000
07839P,嘉澤元大9A售04  ,0,0,0,0,0,0,0,0,0,141000,0,0,0,141000,0,141000,141000
058385,創意中信99購01  ,0,0,0,0,0,0,0,0,0,141000,0,0,0,154000,13000,141000,141000
061820,康控群益9B購02  ,0,0,0,0,0,0,0,0,0,141000,0,0,0,180000,39000,141000,141000
061724,訊芯永豐9A購01  ,0,0,0,0,0,0,0,0,0,141000,0,0,0,171000,30000,141000,141000
061256,亞德客凱基9B購01,0,0,0,0,0,0,0,0,0,141000,0,0,0,144000,3000,141000,141000
065135,和大凱基01購01  ,0,0,0,0,0,0,0,0,0,141000,0,0,0,141000,0,141000,141000
064945,中橡凱基9C購01  ,0,0,0,0,0,0,0,0,0,141000,0,0,0,141000,0,141000,141000
067806,宏碁凱基02購01  ,0,0,0,0,0,0,0,0,0,140000,0,0,0,610000,470000,140000,140000
060915,旭富元大9A購01  ,0,0,0,0,0,0,0,0,0,140000,0,0,0,594000,454000,140000,140000
03252P,台積電台新02售01,0,0,0,0,0,0,0,0,0,140000,0,0,0,150000,10000,140000,140000
061278,和大統一9A購01  ,0,0,0,0,0,0,0,0,0,140000,0,0,0,140000,0,140000,140000
065793,旭富永豐9C購02  ,0,0,0,0,0,0,0,0,0,140000,0,0,0,150000,10000,140000,140000
066848,健策元大01購05  ,0,0,0,0,0,0,0,0,0,140000,0,0,0,248000,108000,140000,140000
067642,貿聯統一01購03  ,0,0,0,0,0,0,0,0,0,139000,0,0,0,149000,10000,139000,139000
068167,世紀鋼元大02購01,0,0,0,0,0,0,0,0,0,139000,0,0,0,141000,2000,139000,139000
067132,瑞昱永豐01購01  ,0,0,0,0,0,0,0,0,0,139000,0,0,0,221000,82000,139000,139000
08215P,旺宏群益9B售04  ,0,0,0,0,0,0,0,0,0,139000,0,0,0,179000,40000,139000,139000
057625,泰鼎國泰9A購01  ,0,0,0,0,0,0,0,0,0,139000,0,0,0,139000,0,139000,139000
058282,聯茂中信99購01  ,0,0,0,0,0,0,0,0,0,139000,0,0,0,139000,0,139000,139000
061190,力山永豐9A購02  ,0,0,0,0,0,0,0,0,0,139000,0,0,0,199000,60000,139000,139000
063837,亞德客元大01購01,0,0,0,0,0,0,0,0,0,139000,0,0,0,331000,192000,139000,139000
063862,世紀鋼國泰02購01,0,0,0,0,0,0,0,0,0,139000,0,0,0,188000,49000,139000,139000
063528,元大金凱基9B購01,0,0,0,0,0,0,0,0,0,139000,0,0,0,189000,50000,139000,139000
066702,開發金群益03購01,0,0,0,0,0,0,0,0,0,139000,0,0,0,294000,155000,139000,139000
066950,義隆元大01購03  ,0,0,0,0,0,0,0,0,0,139000,0,0,0,414000,275000,139000,139000
065518,聯鈞群益9C購02  ,0,0,0,0,0,0,0,0,0,139000,0,0,0,142000,3000,139000,139000
068868,聯發科台新02購02,0,0,0,0,0,0,0,0,0,138000,0,0,0,162000,24000,138000,138000
067927,瑞祺兆豐01購01  ,0,0,0,0,0,0,0,0,0,138000,0,0,0,296000,158000,138000,138000
063744,儒鴻國票9C購01  ,0,0,0,0,0,0,0,0,0,138000,0,0,0,242000,104000,138000,138000
064196,健策群益01購01  ,0,0,0,0,0,0,0,0,0,138000,0,0,0,178000,40000,138000,138000
063939,上銀元大9C購04  ,0,0,0,0,0,0,0,0,0,138000,0,0,0,138000,0,138000,138000
060862,美律永豐9A購01  ,0,0,0,0,0,0,0,0,0,138000,0,0,0,138000,0,138000,138000
066700,瑞昱群益01購01  ,0,0,0,0,0,0,0,0,0,138000,0,0,0,224000,86000,138000,138000
066636,健策凱基01購02  ,0,0,0,0,0,0,0,0,0,138000,0,0,0,140000,2000,138000,138000
066187,瑞祺凱基01購01  ,0,0,0,0,0,0,0,0,0,138000,0,0,0,241000,103000,138000,138000
063106,台表科群益9B購03,0,0,0,0,0,0,0,0,0,137000,0,0,0,205000,68000,137000,137000
006207,FH滬深          ,579000,0,579000,0,0,0,0,0,0,-442000,0,0,0,184000,626000,-442000,137000
059610,上銀永豐99購02  ,0,0,0,0,0,0,0,0,0,137000,0,0,0,137000,0,137000,137000
056909,嘉聯益元大99購03,0,0,0,0,0,0,0,0,0,137000,0,0,0,152000,15000,137000,137000
063756,鴻海統一9B購09  ,0,0,0,0,0,0,0,0,0,137000,0,0,0,137000,0,137000,137000
063534,鴻海統一9B購07  ,0,0,0,0,0,0,0,0,0,137000,0,0,0,137000,0,137000,137000
062263,康控元大9B購03  ,0,0,0,0,0,0,0,0,0,137000,0,0,0,149000,12000,137000,137000
066109,南電國票02購01  ,0,0,0,0,0,0,0,0,0,137000,0,0,0,365000,228000,137000,137000
066071,台光電凱基02購01,0,0,0,0,0,0,0,0,0,137000,0,0,0,137000,0,137000,137000
066535,台積電兆豐01購01,0,0,0,0,0,0,0,0,0,137000,0,0,0,137000,0,137000,137000
2453,凌群            ,152000,10000,142000,0,0,0,0,0,0,-5000,0,5000,-5000,0,0,0,137000
067232,友訊群益01購05  ,0,0,0,0,0,0,0,0,0,136000,0,0,0,176000,40000,136000,136000
067397,欣興永豐01購03  ,0,0,0,0,0,0,0,0,0,136000,0,0,0,525000,389000,136000,136000
067563,上緯控國票02購01,0,0,0,0,0,0,0,0,0,136000,0,0,0,150000,14000,136000,136000
051277,聯發科中信9A購01,0,0,0,0,0,0,0,0,0,136000,0,0,0,143000,7000,136000,136000
063350,台表科統一02購02,0,0,0,0,0,0,0,0,0,136000,0,0,0,144000,8000,136000,136000
064099,億光群益9C購01  ,0,0,0,0,0,0,0,0,0,136000,0,0,0,165000,29000,136000,136000
066731,瑞昱元大01購01  ,0,0,0,0,0,0,0,0,0,136000,0,0,0,158000,22000,136000,136000
066936,新日興國票02購01,0,0,0,0,0,0,0,0,0,136000,0,0,0,136000,0,136000,136000
066898,聯發科康和01購01,0,0,0,0,0,0,0,0,0,136000,0,0,0,217000,81000,136000,136000
08441P,同欣電元富9C售01,0,0,0,0,0,0,0,0,0,135000,0,0,0,185000,50000,135000,135000
053181,滬深2X元富99購02,0,0,0,0,0,0,0,0,0,135000,0,0,0,340000,205000,135000,135000
066213,惠特統一03購01  ,0,0,0,0,0,0,0,0,0,135000,0,0,0,235000,100000,135000,135000
065839,鴻海元大9C購17  ,0,0,0,0,0,0,0,0,0,135000,0,0,0,179000,44000,135000,135000
065431,大立光凱基02購02,0,0,0,0,0,0,0,0,0,135000,0,0,0,145000,10000,135000,135000
065667,台光電凱基01購01,0,0,0,0,0,0,0,0,0,135000,0,0,0,135000,0,135000,135000
064973,智邦元大9C購06  ,0,0,0,0,0,0,0,0,0,135000,0,0,0,238000,103000,135000,135000
08792P,聯發科中信02售02,0,0,0,0,0,0,0,0,0,135000,0,0,0,153000,18000,135000,135000
068471,聯發科群益01購11,0,0,0,0,0,0,0,0,0,134000,0,0,0,149000,15000,134000,134000
067472,台積電元大03購01,0,0,0,0,0,0,0,0,0,134000,0,0,0,136000,2000,134000,134000
064240,群創統一02購02  ,0,0,0,0,0,0,0,0,0,134000,0,0,0,171000,37000,134000,134000
063627,上銀元大9B購09  ,0,0,0,0,0,0,0,0,0,134000,0,0,0,245000,111000,134000,134000
061843,億豐凱基9C購01  ,0,0,0,0,0,0,0,0,0,134000,0,0,0,149000,15000,134000,134000
067961,台達電群益01購03,0,0,0,0,0,0,0,0,0,133000,0,0,0,140000,7000,133000,133000
062138,力成群益9B購01  ,0,0,0,0,0,0,0,0,0,133000,0,0,0,147000,14000,133000,133000
063397,廣達群益9B購02  ,0,0,0,0,0,0,0,0,0,133000,0,0,0,271000,138000,133000,133000
062592,牧德統一01購01  ,0,0,0,0,0,0,0,0,0,133000,0,0,0,133000,0,133000,133000
064774,聚陽群益9C購04  ,0,0,0,0,0,0,0,0,0,133000,0,0,0,136000,3000,133000,133000
2206,三陽工業        ,269000,136000,133000,0,0,0,0,0,0,0,0,0,0,0,0,0,133000
4142,國光生          ,1576000,1726000,-150000,0,0,0,300000,0,300000,-17000,0,17000,-17000,0,0,0,133000
2347,聯強            ,1220543,1685000,-464457,0,0,0,879000,0,879000,-282000,15000,0,15000,0,297000,-297000,132543
068205,京鼎凱基01購05  ,0,0,0,0,0,0,0,0,0,132000,0,0,0,142000,10000,132000,132000
03690C,臺股指凱基01牛13,0,0,0,0,0,0,0,0,0,132000,0,0,0,200000,68000,132000,132000
065461,台光電中信9C購01,0,0,0,0,0,0,0,0,0,132000,0,0,0,325000,193000,132000,132000
065723,新日興兆豐01購01,0,0,0,0,0,0,0,0,0,132000,0,0,0,183000,51000,132000,132000
4919,新唐            ,405000,123000,282000,0,0,0,0,0,0,-150000,0,0,0,29000,179000,-150000,132000
6168,宏齊            ,231000,98000,133000,0,0,0,0,0,0,-1000,0,1000,-1000,0,0,0,132000
068223,京鼎統一03購02  ,0,0,0,0,0,0,0,0,0,131000,0,0,0,243000,112000,131000,131000
068816,美律元大02購02  ,0,0,0,0,0,0,0,0,0,131000,0,0,0,307000,176000,131000,131000
061202,和大元大9A購02  ,0,0,0,0,0,0,0,0,0,131000,0,0,0,131000,0,131000,131000
063846,智邦元大9C購01  ,0,0,0,0,0,0,0,0,0,131000,0,0,0,333000,202000,131000,131000
063544,華新科台新9B購02,0,0,0,0,0,0,0,0,0,131000,0,0,0,437000,306000,131000,131000
08060P,嘉澤元大9B售01  ,0,0,0,0,0,0,0,0,0,130000,0,0,0,180000,50000,130000,130000
067782,亞德客群益01購04,0,0,0,0,0,0,0,0,0,130000,0,0,0,152000,22000,130000,130000
054058,晶豪科國票98購01,0,0,0,0,0,0,0,0,0,130000,0,0,0,130000,0,130000,130000
058242,玉晶光元大9A購01,0,0,0,0,0,0,0,0,0,130000,0,0,0,154000,24000,130000,130000
057863,美律凱基9A購01  ,0,0,0,0,0,0,0,0,0,130000,0,0,0,269000,139000,130000,130000
061932,上銀國票9B購01  ,0,0,0,0,0,0,0,0,0,130000,0,0,0,134000,4000,130000,130000
066483,瑞昱元富01購01  ,0,0,0,0,0,0,0,0,0,130000,0,0,0,170000,40000,130000,130000
065380,緯穎元大9C購02  ,0,0,0,0,0,0,0,0,0,130000,0,0,0,130000,0,130000,130000
065655,緯穎元大9C購05  ,0,0,0,0,0,0,0,0,0,130000,0,0,0,130000,0,130000,130000
064959,巨大凱基9C購02  ,0,0,0,0,0,0,0,0,0,130000,0,0,0,168000,38000,130000,130000
064555,力山群益01購01  ,0,0,0,0,0,0,0,0,0,130000,0,0,0,217000,87000,130000,130000
00640L,富邦日本正2     ,4000,143000,-139000,0,0,0,0,0,0,268000,0,0,0,525000,257000,268000,129000
061793,上銀永豐9B購01  ,0,0,0,0,0,0,0,0,0,129000,0,0,0,129000,0,129000,129000
061392,泰鼎群益9A購02  ,0,0,0,0,0,0,0,0,0,129000,0,0,0,149000,20000,129000,129000
064185,裕隆永豐9C購01  ,0,0,0,0,0,0,0,0,0,129000,0,0,0,160000,31000,129000,129000
062361,智邦元大9B購06  ,0,0,0,0,0,0,0,0,0,129000,0,0,0,232000,103000,129000,129000
064683,台表科兆豐9C購02,0,0,0,0,0,0,0,0,0,129000,0,0,0,129000,0,129000,129000
064630,巨大元大9C購01  ,0,0,0,0,0,0,0,0,0,129000,0,0,0,151000,22000,129000,129000
065845,友達元大9C購12  ,0,0,0,0,0,0,0,0,0,129000,0,0,0,184000,55000,129000,129000
066027,華擎群益02購01  ,0,0,0,0,0,0,0,0,0,129000,0,0,0,180000,51000,129000,129000
2015,豐興            ,175000,46000,129000,0,0,0,0,0,0,0,0,0,0,0,0,0,129000
067554,聚陽國票02購02  ,0,0,0,0,0,0,0,0,0,128000,0,0,0,149000,21000,128000,128000
067140,鎧勝永豐01購02  ,0,0,0,0,0,0,0,0,0,128000,0,0,0,162000,34000,128000,128000
07502P,美食元大9A售01  ,0,0,0,0,0,0,0,0,0,128000,0,0,0,128000,0,128000,128000
06886P,旺宏元大99售07  ,0,0,0,0,0,0,0,0,0,128000,0,0,0,128000,0,128000,128000
060347,大立光統一02購01,0,0,0,0,0,0,0,0,0,128000,0,0,0,150000,22000,128000,128000
061628,緯穎群益9A購04  ,0,0,0,0,0,0,0,0,0,128000,0,0,0,128000,0,128000,128000
063561,上銀元大9B購08  ,0,0,0,0,0,0,0,0,0,128000,0,0,0,129000,1000,128000,128000
065087,可成元大9C購08  ,0,0,0,0,0,0,0,0,0,128000,0,0,0,332000,204000,128000,128000
068250,聯發科元大02購04,0,0,0,0,0,0,0,0,0,127000,0,0,0,155000,28000,127000,127000
067378,欣興統一02購02  ,0,0,0,0,0,0,0,0,0,127000,0,0,0,183000,56000,127000,127000
057554,新日興凱基99購02,0,0,0,0,0,0,0,0,0,127000,0,0,0,127000,0,127000,127000
065504,宏達電永豐9C購01,0,0,0,0,0,0,0,0,0,127000,0,0,0,152000,25000,127000,127000
064803,智邦元大9C購05  ,0,0,0,0,0,0,0,0,0,127000,0,0,0,189000,62000,127000,127000
064306,和潤兆豐01購01  ,0,0,0,0,0,0,0,0,0,127000,0,0,0,132000,5000,127000,127000
065801,瑞昱群益9C購04  ,0,0,0,0,0,0,0,0,0,127000,0,0,0,130000,3000,127000,127000
066461,智伸科統一04購01,0,0,0,0,0,0,0,0,0,127000,0,0,0,127000,0,127000,127000
2332,友訊            ,2078000,1384000,694000,0,0,0,0,0,0,-567000,3000,12000,-9000,13000,571000,-558000,127000
068197,聯發科凱基01購19,0,0,0,0,0,0,0,0,0,126000,0,0,0,126000,0,126000,126000
058361,美律凱基99購06  ,0,0,0,0,0,0,0,0,0,126000,0,0,0,126000,0,126000,126000
058009,智易國票99購01  ,0,0,0,0,0,0,0,0,0,126000,0,0,0,147000,21000,126000,126000
055409,元黃金富邦01購01,0,0,0,0,0,0,0,0,0,126000,0,0,0,126000,0,126000,126000
063588,華新科永豐9B購02,0,0,0,0,0,0,0,0,0,126000,0,0,0,126000,0,126000,126000
063269,儒鴻兆豐9C購01  ,0,0,0,0,0,0,0,0,0,126000,0,0,0,850000,724000,126000,126000
062097,台光電永豐9B購01,0,0,0,0,0,0,0,0,0,126000,0,0,0,126000,0,126000,126000
065964,鴻海元大02購01  ,0,0,0,0,0,0,0,0,0,126000,0,0,0,126000,0,126000,126000
064545,智邦凱基9C購02  ,0,0,0,0,0,0,0,0,0,126000,0,0,0,126000,0,126000,126000
065673,嘉晶凱基01購02  ,0,0,0,0,0,0,0,0,0,126000,0,0,0,133000,7000,126000,126000
8261,富鼎            ,277000,151000,126000,0,0,0,0,0,0,0,0,0,0,0,0,0,126000
067240,聯陽群益01購02  ,0,0,0,0,0,0,0,0,0,125000,0,0,0,125000,0,125000,125000
067115,京鼎群益02購05  ,0,0,0,0,0,0,0,0,0,125000,0,0,0,125000,0,125000,125000
068315,台灣50元大01購33,0,0,0,0,0,0,0,0,0,125000,0,0,0,148000,23000,125000,125000
08338P,台灣50凱基9C售11,0,0,0,0,0,0,0,0,0,125000,0,0,0,130000,5000,125000,125000
03057P,亞德客凱基01售02,0,0,0,0,0,0,0,0,0,125000,0,0,0,210000,85000,125000,125000
058251,百和元大99購03  ,0,0,0,0,0,0,0,0,0,125000,0,0,0,125000,0,125000,125000
059094,臻鼎元大99購03  ,0,0,0,0,0,0,0,0,0,125000,0,0,0,200000,75000,125000,125000
058979,上銀凱基99購04  ,0,30000,-30000,0,0,0,0,0,0,155000,0,0,0,155000,0,155000,125000
063314,美律群益9B購01  ,0,0,0,0,0,0,0,0,0,125000,0,0,0,155000,30000,125000,125000
063814,嘉晶群益9C購01  ,0,0,0,0,0,0,0,0,0,125000,0,0,0,127000,2000,125000,125000
065810,台表科群益9C購05,0,0,0,0,0,0,0,0,0,125000,0,0,0,125000,0,125000,125000
065718,健策中信9C購02  ,0,0,0,0,0,0,0,0,0,125000,0,0,0,136000,11000,125000,125000
066799,台光電凱基01購02,0,0,0,0,0,0,0,0,0,125000,0,0,0,151000,26000,125000,125000
08231P,上銀元富9B售10  ,0,0,0,0,0,0,0,0,0,124000,0,0,0,154000,30000,124000,124000
068065,京鼎兆豐01購02  ,0,0,0,0,0,0,0,0,0,124000,0,0,0,124000,0,124000,124000
067919,玉晶光永豐01購03,0,0,0,0,0,0,0,0,0,124000,0,0,0,202000,78000,124000,124000
064040,鴻海統一9C購18  ,0,0,0,0,0,0,0,0,0,124000,0,0,0,184000,60000,124000,124000
061257,上銀凱基9A購06  ,0,0,0,0,0,0,0,0,0,124000,0,0,0,124000,0,124000,124000
064531,旭富兆豐9C購01  ,0,0,0,0,0,0,0,0,0,124000,0,0,0,144000,20000,124000,124000
067816,玉晶光凱基01購05,0,0,0,0,0,0,0,0,0,123000,0,0,0,126000,3000,123000,123000
08377P,臻鼎元富9C售02  ,0,0,0,0,0,0,0,0,0,123000,0,0,0,133000,10000,123000,123000
064303,新光金兆豐01購01,0,0,0,0,0,0,0,0,0,123000,0,0,0,143000,20000,123000,123000
065624,聯詠中信9C購01  ,0,0,0,0,0,0,0,0,0,123000,0,0,0,123000,0,123000,123000
08320P,智邦統一9C售02  ,0,0,0,0,0,0,0,0,0,122000,0,0,0,132000,10000,122000,122000
067364,緯穎群益01購05  ,0,0,0,0,0,0,0,0,0,122000,0,0,0,199000,77000,122000,122000
067587,欣興群益01購03  ,0,0,0,0,0,0,0,0,0,122000,0,0,0,186000,64000,122000,122000
060240,富邦金元大9A購01,0,0,0,0,0,0,0,0,0,122000,0,0,0,180000,58000,122000,122000
054204,元金2X國票9B購02,0,0,0,0,0,0,0,0,0,122000,0,0,0,122000,0,122000,122000
061463,智邦群益9A購02  ,0,0,0,0,0,0,0,0,0,122000,0,0,0,123000,1000,122000,122000
065466,台表科中信01購03,0,0,0,0,0,0,0,0,0,122000,0,0,0,254000,132000,122000,122000
064414,臺股指凱基9C購10,0,0,0,0,0,0,0,0,0,122000,0,0,0,197000,75000,122000,122000
064392,喬山永豐9C購01  ,0,0,0,0,0,0,0,0,0,122000,0,0,0,122000,0,122000,122000
066825,智邦群益01購03  ,0,0,0,0,0,0,0,0,0,122000,0,0,0,122000,0,122000,122000
066802,亞光凱基02購01  ,0,0,0,0,0,0,0,0,0,122000,0,0,0,122000,0,122000,122000
065829,嘉晶凱基9C購05  ,0,0,0,0,0,0,0,0,0,122000,0,0,0,160000,38000,122000,122000
066037,華通元大01購03  ,0,0,0,0,0,0,0,0,0,122000,0,0,0,367000,245000,122000,122000
066107,惠特國票02購01  ,0,0,0,0,0,0,0,0,0,122000,0,0,0,420000,298000,122000,122000
1474,弘裕            ,369000,247000,122000,0,0,0,0,0,0,0,0,0,0,0,0,0,122000
08495P,同欣電元大9C售08,0,0,0,0,0,0,0,0,0,122000,0,0,0,122000,0,122000,122000
053361,友達元富99購01  ,0,0,0,0,0,0,0,0,0,121000,0,0,0,248000,127000,121000,121000
055063,玉晶光永豐99購01,0,0,0,0,0,0,0,0,0,121000,0,0,0,123000,2000,121000,121000
061611,南六統一01購01  ,0,0,0,0,0,0,0,0,0,121000,0,0,0,131000,10000,121000,121000
062616,玉晶光元大9C購06,0,0,0,0,0,0,0,0,0,121000,0,0,0,176000,55000,121000,121000
064690,台光電群益9C購02,0,0,0,0,0,0,0,0,0,121000,0,0,0,195000,74000,121000,121000
08616P,聯發科元富9C售02,0,0,0,0,0,0,0,0,0,121000,0,0,0,121000,0,121000,121000
067237,國揚群益01購02  ,0,0,0,0,0,0,0,0,0,120000,0,0,0,168000,48000,120000,120000
067759,美食永豐01購01  ,0,0,0,0,0,0,0,0,0,120000,0,0,0,120000,0,120000,120000
068035,聯詠元富07購03  ,0,0,0,0,0,0,0,0,0,120000,0,0,0,120000,0,120000,120000
08289P,智邦統一9C售01  ,0,0,0,0,0,0,0,0,0,120000,0,0,0,120000,0,120000,120000
08173P,金像電凱基9B售02,0,0,0,0,0,0,0,0,0,120000,0,0,0,530000,410000,120000,120000
068673,聯發科統一03購11,0,0,0,0,0,0,0,0,0,120000,0,0,0,120000,0,120000,120000
055102,上銀凱基98購01  ,0,0,0,0,0,0,0,0,0,120000,0,0,0,120000,0,120000,120000
057267,康控兆豐99購01  ,0,0,0,0,0,0,0,0,0,120000,0,0,0,120000,0,120000,120000
03115P,玉晶光第一01售01,0,0,0,0,0,0,0,0,0,120000,0,0,0,120000,0,120000,120000
056353,鴻海元大99購02  ,0,0,0,0,0,0,0,0,0,120000,0,0,0,120000,0,120000,120000
057850,上銀兆豐99購02  ,0,0,0,0,0,0,0,0,0,120000,0,0,0,152000,32000,120000,120000
058727,嘉晶富邦9A購01  ,0,0,0,0,0,0,0,0,0,120000,0,0,0,140000,20000,120000,120000
063885,南六元富9C購01  ,0,0,0,0,0,0,0,0,0,120000,0,0,0,120000,0,120000,120000
064739,智邦國票01購01  ,0,0,0,0,0,0,0,0,0,120000,0,0,0,127000,7000,120000,120000
06473P,鴻海元大99售03  ,0,0,0,0,0,0,0,0,0,120000,0,0,0,120000,0,120000,120000
065783,友訊永豐9C購02  ,0,0,0,0,0,0,0,0,0,120000,0,0,0,220000,100000,120000,120000
08658P,聯發科統一9C售19,0,0,0,0,0,0,0,0,0,120000,0,0,0,280000,160000,120000,120000
062917,旭富元大9C購03  ,0,0,0,0,0,0,0,0,0,119000,0,0,0,119000,0,119000,119000
00674R,元大S&P黃金反1  ,0,0,0,0,0,0,0,0,0,119000,0,0,0,858000,739000,119000,119000
066897,京元電康和01購01,0,0,0,0,0,0,0,0,0,119000,0,0,0,166000,47000,119000,119000
064657,和大元大9C購02  ,0,0,0,0,0,0,0,0,0,119000,0,0,0,162000,43000,119000,119000
065633,聯發科國票01購02,0,0,0,0,0,0,0,0,0,119000,0,0,0,158000,39000,119000,119000
065570,台光電群益01購01,0,0,0,0,0,0,0,0,0,119000,0,0,0,160000,41000,119000,119000
08482P,亞德客群益9C售02,0,0,0,0,0,0,0,0,0,119000,0,0,0,129000,10000,119000,119000
2419,仲琦            ,221000,44000,177000,0,0,0,0,0,0,-58000,0,2000,-2000,15000,71000,-56000,119000
067861,聚陽元大01購04  ,0,0,0,0,0,0,0,0,0,118000,0,0,0,213000,95000,118000,118000
00656R,國泰中國A50反1  ,0,0,0,0,0,0,0,0,0,118000,0,0,0,162000,44000,118000,118000
050754,元金2X元富9B購01,0,0,0,0,0,0,0,0,0,118000,0,0,0,118000,0,118000,118000
057287,彩晶元大9C購03  ,0,0,0,0,0,0,0,0,0,118000,0,0,0,327000,209000,118000,118000
058367,大立光凱基9A購01,0,0,0,0,0,0,0,0,0,118000,0,0,0,118000,0,118000,118000
059995,南亞科元富99購01,0,0,0,0,0,0,0,0,0,118000,0,0,0,118000,0,118000,118000
062433,上銀元大9B購05  ,0,0,0,0,0,0,0,0,0,118000,0,0,0,118000,0,118000,118000
060942,智邦國票9A購02  ,0,0,0,0,0,0,0,0,0,118000,0,0,0,118000,0,118000,118000
063245,富邦金元大9B購03,0,0,0,0,0,0,0,0,0,118000,0,0,0,195000,77000,118000,118000
064967,道瓊銀元大01購01,0,0,0,0,0,0,0,0,0,118000,0,0,0,143000,25000,118000,118000
3010,華立            ,185000,91000,94000,0,0,0,0,0,0,24000,24000,0,24000,0,0,0,118000
068133,鎧勝統一03購01  ,0,0,0,0,0,0,0,0,0,117000,0,0,0,251000,134000,117000,117000
066986,健策群益02購02  ,0,0,0,0,0,0,0,0,0,117000,0,0,0,160000,43000,117000,117000
08378P,世紀鋼元富9C售02,0,0,0,0,0,0,0,0,0,117000,0,0,0,118000,1000,117000,117000
056266,開發金統一9A購01,0,0,0,0,0,0,0,0,0,117000,0,0,0,186000,69000,117000,117000
047885,元金2X富邦99購01,0,0,0,0,0,0,0,0,0,117000,0,0,0,117000,0,117000,117000
063709,上銀凱基9B購07  ,0,0,0,0,0,0,0,0,0,117000,0,0,0,172000,55000,117000,117000
061799,奇鋐永豐9B購01  ,0,0,0,0,0,0,0,0,0,117000,0,0,0,301000,184000,117000,117000
065060,上銀群益9C購02  ,0,0,0,0,0,0,0,0,0,117000,0,0,0,147000,30000,117000,117000
2390,云辰            ,555000,439000,116000,0,0,0,0,0,0,1000,1000,0,1000,0,0,0,117000
2360,致茂            ,525000,350000,175000,0,0,0,0,83000,-83000,25000,28000,13000,15000,14000,4000,10000,117000
3588,通嘉            ,159000,42000,117000,0,0,0,0,0,0,0,0,0,0,0,0,0,117000
068716,華通元大02購03  ,0,0,0,0,0,0,0,0,0,116000,0,0,0,290000,174000,116000,116000
068332,欣興元大03購02  ,0,0,0,0,0,0,0,0,0,116000,0,0,0,734000,618000,116000,116000
068399,中興電元富03購01,0,0,0,0,0,0,0,0,0,116000,0,0,0,216000,100000,116000,116000
063912,信邦凱基01購01  ,0,0,0,0,0,0,0,0,0,116000,0,0,0,172000,56000,116000,116000
064270,華通元大9C購03  ,0,0,0,0,0,0,0,0,0,116000,0,0,0,557000,441000,116000,116000
065047,群創凱基9C購01  ,0,0,0,0,0,0,0,0,0,116000,0,0,0,177000,61000,116000,116000
066644,瑞昱麥證01購01  ,0,0,0,189000,49000,140000,0,0,0,116000,0,0,0,201000,85000,116000,116000
066330,新興永豐01購01  ,0,0,0,0,0,0,0,0,0,116000,0,0,0,116000,0,116000,116000
068723,億光元大02購01  ,0,0,0,0,0,0,0,0,0,115000,0,0,0,152000,37000,115000,115000
068858,台積電元富08購05,0,0,0,0,0,0,0,0,0,115000,0,0,0,141000,26000,115000,115000
068036,緯創元富02購01  ,0,0,0,0,0,0,0,0,0,115000,0,0,0,140000,25000,115000,115000
068002,玉晶光元大01購10,0,0,0,0,0,0,0,0,0,115000,0,0,0,115000,0,115000,115000
067665,台達電元大01購04,0,0,0,0,0,0,0,0,0,115000,0,0,0,168000,53000,115000,115000
064179,上銀富邦01購01  ,0,0,0,0,0,0,0,0,0,115000,0,0,0,137000,22000,115000,115000
060632,可成富邦9B購01  ,0,0,0,0,0,0,0,0,0,115000,0,0,0,120000,5000,115000,115000
061526,宏達電凱基9A購04,0,0,0,0,0,0,0,0,0,115000,0,0,0,137000,22000,115000,115000
062162,世紀鋼凱基9B購03,0,0,0,0,0,0,0,0,0,115000,0,0,0,115000,0,115000,115000
063340,英業達統一9B購01,0,0,0,0,0,0,0,0,0,115000,0,0,0,136000,21000,115000,115000
065931,瑞祺國票02購01  ,0,0,0,0,0,0,0,0,0,115000,0,0,0,142000,27000,115000,115000
08824P,微星元大01售03  ,0,0,0,0,0,0,0,0,0,115000,0,0,0,315000,200000,115000,115000
067082,健策元大01購07  ,0,0,0,0,0,0,0,0,0,114000,0,0,0,114000,0,114000,114000
068327,聯發科元大01購27,0,0,0,0,0,0,0,0,0,114000,0,0,0,235000,121000,114000,114000
08159P,日月光元富9B售01,0,0,0,0,0,0,0,0,0,114000,0,0,0,204000,90000,114000,114000
063205,貿聯統一9C購01  ,0,0,0,0,0,0,0,0,0,114000,0,0,0,172000,58000,114000,114000
061767,信邦元大9B購01  ,0,0,0,0,0,0,0,0,0,114000,0,0,0,114000,0,114000,114000
066183,眾達凱基01購01  ,0,0,0,0,0,0,0,0,0,114000,0,0,0,124000,10000,114000,114000
065200,健策元富9C購04  ,0,0,0,0,0,0,0,0,0,114000,0,0,0,122000,8000,114000,114000
6452,康友-KY         ,165000,64000,101000,0,0,0,0,0,0,13000,0,1000,-1000,25000,11000,14000,114000
068352,台積電凱基01購22,0,0,0,0,0,0,0,0,0,113000,0,0,0,113000,0,113000,113000
068394,GIS統一03購02   ,0,0,0,0,0,0,0,0,0,113000,0,0,0,217000,104000,113000,113000
067876,世紀鋼元大01購03,0,0,0,0,0,0,0,0,0,113000,0,0,0,113000,0,113000,113000
067857,百和國票02購01  ,0,0,0,0,0,0,0,0,0,113000,0,0,0,114000,1000,113000,113000
059155,台表科日盛99購01,0,0,0,0,0,0,0,0,0,113000,0,0,0,130000,17000,113000,113000
03046P,緯穎國票03售01  ,0,0,0,0,0,0,0,0,0,113000,0,0,0,430000,317000,113000,113000
057275,友達元大9A購04  ,0,0,0,0,0,0,0,0,0,113000,0,0,0,268000,155000,113000,113000
057020,台積電凱基99購02,0,0,0,0,0,0,0,0,0,113000,0,0,0,113000,0,113000,113000
060542,上銀凱基9A購04  ,0,0,0,0,0,0,0,0,0,113000,0,0,0,113000,0,113000,113000
062015,喬山永豐9B購01  ,0,0,0,0,0,0,0,0,0,113000,0,0,0,113000,0,113000,113000
062016,美食永豐9B購01  ,0,0,0,0,0,0,0,0,0,113000,0,0,0,113000,0,113000,113000
062600,可成台新9B購01  ,0,0,0,0,0,0,0,0,0,113000,0,0,0,113000,0,113000,113000
061279,鴻海統一9C購04  ,0,0,0,0,0,0,0,0,0,113000,0,0,0,113000,0,113000,113000
066305,華夏永豐01購01  ,0,0,0,0,0,0,0,0,0,113000,0,0,0,232000,119000,113000,113000
1519,華城            ,269000,146000,123000,0,0,0,0,0,0,-10000,0,0,0,1000,11000,-10000,113000
067903,申豐群益01購01  ,0,0,0,0,0,0,0,0,0,112000,0,0,0,322000,210000,112000,112000
08156P,大立光元富9B售05,0,0,0,0,0,0,0,0,0,112000,0,0,0,112000,0,112000,112000
07035P,大立光元富99售04,0,0,0,0,0,0,0,0,0,112000,0,0,0,120000,8000,112000,112000
060333,金寶康和9A購01  ,0,0,0,0,0,0,0,0,0,112000,0,0,0,120000,8000,112000,112000
064372,滬深2X元富9C購10,0,0,0,0,0,0,0,0,0,112000,0,0,0,207000,95000,112000,112000
067492,健策元大01購11  ,0,0,0,0,0,0,0,0,0,111000,0,0,0,132000,21000,111000,111000
059823,奇力新凱基99購07,0,0,0,0,0,0,0,0,0,111000,0,0,0,111000,0,111000,111000
055570,華通統一98購03  ,0,0,0,0,0,0,0,0,0,111000,0,0,0,121000,10000,111000,111000
060209,喬山康和9A購01  ,0,0,0,0,0,0,0,0,0,111000,0,0,0,124000,13000,111000,111000
063063,泰鼎元富9B購01  ,0,0,0,0,0,0,0,0,0,111000,0,0,0,121000,10000,111000,111000
066179,智伸科凱基01購01,0,0,0,0,0,0,0,0,0,111000,0,0,0,161000,50000,111000,111000
066554,嘉晶元大01購05  ,0,0,0,0,0,0,0,0,0,111000,0,0,0,160000,49000,111000,111000
066388,力山凱基01購02  ,0,0,0,0,0,0,0,0,0,111000,0,0,0,410000,299000,111000,111000
2375,凱美            ,246000,136000,110000,0,0,0,0,0,0,1000,0,0,0,1000,0,1000,111000
067962,鴻海群益02購04  ,0,0,0,0,0,0,0,0,0,110000,0,0,0,130000,20000,110000,110000
08209P,上銀元富9B售06  ,0,0,0,0,0,0,0,0,0,110000,0,0,0,160000,50000,110000,110000
08344P,旺宏元大01售02  ,0,0,0,0,0,0,0,0,0,110000,0,0,0,110000,0,110000,110000
068746,台達電群益02購01,0,0,0,0,0,0,0,0,0,110000,0,0,0,110000,0,110000,110000
058270,上緯控永豐99購01,0,0,0,0,0,0,0,0,0,110000,0,0,0,130000,20000,110000,110000
061870,智邦元大9B購02  ,0,0,0,0,0,0,0,0,0,110000,0,0,0,118000,8000,110000,110000
061469,瑞祺群益9A購02  ,0,0,0,0,0,0,0,0,0,110000,0,0,0,144000,34000,110000,110000
062214,金寶統一01購01  ,0,0,0,0,0,0,0,0,0,110000,0,0,0,120000,10000,110000,110000
060412,儒鴻永豐9A購01  ,0,0,0,0,0,0,0,0,0,110000,0,0,0,154000,44000,110000,110000
062557,台光電凱基9B購02,0,0,0,0,0,0,0,0,0,110000,0,0,0,115000,5000,110000,110000
066623,國巨凱基04購01  ,0,0,0,0,0,0,0,0,0,110000,0,0,0,110000,0,110000,110000
064478,聚陽富邦01購01  ,0,0,0,0,0,0,0,0,0,110000,0,0,0,110000,0,110000,110000
064719,聯發科統一02購01,0,0,0,0,0,0,0,0,0,110000,0,0,0,129000,19000,110000,110000
065629,台積電國票01購04,0,0,0,0,0,0,0,0,0,110000,0,0,0,110000,0,110000,110000
065614,緯穎元大01購02  ,0,0,0,0,0,0,0,0,0,110000,0,0,0,110000,0,110000,110000
067850,台郡元富07購01  ,0,0,0,0,0,0,0,0,0,109000,0,0,0,303000,194000,109000,109000
067450,聯發科國票02購01,0,0,0,0,0,0,0,0,0,109000,0,0,0,164000,55000,109000,109000
059847,喬山永豐99購01  ,0,0,0,0,0,0,0,0,0,109000,0,0,0,136000,27000,109000,109000
063961,世紀鋼元大9C購05,0,0,0,0,0,0,0,0,0,109000,0,0,0,121000,12000,109000,109000
061948,美食群益9B購01  ,0,0,0,0,0,0,0,0,0,109000,0,0,0,112000,3000,109000,109000
061722,健策永豐9B購03  ,0,0,0,0,0,0,0,0,0,109000,0,0,0,110000,1000,109000,109000
065635,智伸科國票01購02,0,0,0,0,0,0,0,0,0,109000,0,0,0,109000,0,109000,109000
066557,京鼎元大01購01  ,0,0,0,0,0,0,0,0,0,109000,0,0,0,302000,193000,109000,109000
066256,華通元大02購02  ,0,0,0,0,0,0,0,0,0,109000,0,0,0,521000,412000,109000,109000
065914,智邦凱基02購03  ,0,0,0,0,0,0,0,0,0,109000,0,0,0,120000,11000,109000,109000
3504,揚明光          ,135000,37000,98000,0,0,0,0,0,0,11000,0,1000,-1000,22000,10000,12000,109000
067599,台積電凱基01購14,0,0,0,0,0,0,0,0,0,108000,0,0,0,400000,292000,108000,108000
067107,義隆群益01購02  ,0,0,0,0,0,0,0,0,0,108000,0,0,0,280000,172000,108000,108000
06984P,上銀富邦9B售01  ,0,0,0,0,0,0,0,0,0,108000,0,0,0,181000,73000,108000,108000
063362,台表科國泰01購03,0,0,0,0,0,0,0,0,0,108000,0,0,0,112000,4000,108000,108000
063517,遠東新凱基01購01,0,0,0,0,0,0,0,0,0,108000,0,0,0,111000,3000,108000,108000
063900,GIS群益9C購03   ,0,0,0,0,0,0,0,0,0,108000,0,0,0,287000,179000,108000,108000
062416,和大統一01購02  ,0,0,0,0,0,0,0,0,0,108000,0,0,0,143000,35000,108000,108000
066399,聯鈞凱基01購02  ,0,0,0,0,0,0,0,0,0,108000,0,0,0,125000,17000,108000,108000
066922,台表科麥證01購01,0,0,0,108000,0,108000,0,0,0,108000,0,0,0,108000,0,108000,108000
065205,金寶國票01購01  ,0,0,0,0,0,0,0,0,0,108000,0,0,0,108000,0,108000,108000
064767,宏全凱基9C購01  ,0,0,0,0,0,0,0,0,0,108000,0,0,0,108000,0,108000,108000
4155,訊映            ,121000,10000,111000,0,0,0,0,0,0,-3000,0,3000,-3000,0,0,0,108000
08119P,南亞科統一9C售03,0,0,0,0,0,0,0,0,0,107000,0,0,0,107000,0,107000,107000
062504,旭富群益9B購02  ,0,0,0,0,0,0,0,0,0,107000,0,0,0,110000,3000,107000,107000
061959,鴻海統一9B購04  ,0,0,0,0,0,0,0,0,0,107000,0,0,0,408000,301000,107000,107000
064804,英業達元大9C購01,0,0,0,0,0,0,0,0,0,107000,0,0,0,136000,29000,107000,107000
066690,瑞昱台新01購01  ,0,0,0,0,0,0,0,0,0,107000,0,0,0,174000,67000,107000,107000
065790,創意永豐9C購02  ,0,0,0,0,0,0,0,0,0,107000,0,0,0,109000,2000,107000,107000
9105,泰金寶-DR       ,137000,30000,107000,0,0,0,0,0,0,0,0,0,0,0,0,0,107000
067399,新日興永豐01購01,0,0,0,0,0,0,0,0,0,106000,0,0,0,106000,0,106000,106000
056689,玉晶光統一9A購03,0,0,0,0,0,0,0,0,0,106000,0,0,0,113000,7000,106000,106000
065774,旭富國票01購01  ,0,0,0,0,0,0,0,0,0,106000,0,0,0,106000,0,106000,106000
066889,元大金中信07購01,0,0,0,0,0,0,0,0,0,106000,0,0,0,116000,10000,106000,106000
066988,新唐群益02購01  ,0,0,0,0,0,0,0,0,0,105000,0,0,0,112000,7000,105000,105000
068072,聯發科凱基01購18,0,0,0,0,0,0,0,0,0,105000,0,0,0,304000,199000,105000,105000
068310,欣興國票03購02  ,0,0,0,0,0,0,0,0,0,105000,0,0,0,334000,229000,105000,105000
062642,帆宣國票9B購01  ,0,0,0,0,0,0,0,0,0,105000,0,0,0,105000,0,105000,105000
060346,華新科統一01購01,0,0,0,0,0,0,0,0,0,105000,0,0,0,115000,10000,105000,105000
064117,中興電元大9C購01,0,0,0,0,0,0,0,0,0,105000,0,0,0,130000,25000,105000,105000
066132,精元群益01購01  ,0,0,0,0,0,0,0,0,0,105000,0,0,0,258000,153000,105000,105000
6155,鈞寶            ,119000,14000,105000,0,0,0,0,0,0,0,0,0,0,0,0,0,105000
08659P,聯發科統一9C售20,0,0,0,0,0,0,0,0,0,105000,0,0,0,105000,0,105000,105000
1305,華夏            ,205000,72450,132550,0,0,0,0,0,0,-28000,0,0,0,6000,34000,-28000,104550
08170P,緯穎群益9B售03  ,0,0,0,0,0,0,0,0,0,104000,0,0,0,154000,50000,104000,104000
08360P,國巨國泰02售01  ,0,0,0,0,0,0,0,0,0,104000,0,0,0,504000,400000,104000,104000
068039,鎧勝元富07購01  ,0,0,0,0,0,0,0,0,0,104000,0,0,0,104000,0,104000,104000
067103,聯發科群益01購04,0,0,0,0,0,0,0,0,0,104000,0,0,0,124000,20000,104000,104000
067284,華新科國票02購01,0,0,0,0,0,0,0,0,0,104000,0,0,0,634000,530000,104000,104000
063487,國巨國泰01購02  ,0,0,0,0,0,0,0,0,0,104000,0,0,0,403000,299000,104000,104000
063072,裕隆永豐9B購01  ,0,0,0,0,0,0,0,0,0,104000,0,0,0,124000,20000,104000,104000
066828,聯發科群益02購05,0,0,0,0,0,0,0,0,0,104000,0,0,0,104000,0,104000,104000
065222,玉晶光永豐9C購07,0,0,0,0,0,0,0,0,0,104000,0,0,0,210000,106000,104000,104000
065353,GIS統一02購03   ,0,0,0,0,0,0,0,0,0,104000,0,0,0,105000,1000,104000,104000
3008,大立光          ,218317,131610,86707,0,0,0,1000,8130,-7130,24000,2000,1000,1000,26000,3000,23000,103577
6415,矽力-KY         ,632530,531000,101530,0,0,0,2000,2000,0,2000,3000,1000,2000,0,0,0,103530
067787,致伸群益03購01  ,0,0,0,0,0,0,0,0,0,103000,0,0,0,222000,119000,103000,103000
067654,嘉晶元富07購03  ,0,0,0,0,0,0,0,0,0,103000,0,0,0,103000,0,103000,103000
07838P,泰碩元大9A售04  ,0,0,0,0,0,0,0,0,0,103000,0,0,0,103000,0,103000,103000
062803,嘉晶統一9B購02  ,0,0,0,0,0,0,0,0,0,103000,0,0,0,103000,0,103000,103000
062170,健策永豐9B購04  ,0,0,0,0,0,0,0,0,0,103000,0,0,0,107000,4000,103000,103000
066652,聯鈞康和01購01  ,0,0,0,0,0,0,0,0,0,103000,0,0,0,104000,1000,103000,103000
066186,台郡凱基02購01  ,0,0,0,0,0,0,0,0,0,103000,0,0,0,203000,100000,103000,103000
066270,國揚元大01購01  ,0,0,0,0,0,0,0,0,0,103000,0,0,0,243000,140000,103000,103000
065990,華擎永豐01購01  ,0,0,0,0,0,0,0,0,0,103000,0,0,0,322000,219000,103000,103000
068776,台積電元富08購01,0,0,0,0,0,0,0,0,0,102000,0,0,0,210000,108000,102000,102000
067648,國巨元富07購09  ,0,0,0,0,0,0,0,0,0,102000,0,0,0,140000,38000,102000,102000
067897,玉晶光群益02購11,0,0,0,0,0,0,0,0,0,102000,0,0,0,107000,5000,102000,102000
062902,智邦元大9B購07  ,0,0,0,0,0,0,0,0,0,102000,0,0,0,140000,38000,102000,102000
062989,鴻海群益9B購07  ,0,0,0,0,0,0,0,0,0,102000,0,0,0,204000,102000,102000,102000
063884,台表科元富03購01,0,0,0,0,0,0,0,0,0,102000,0,0,0,102000,0,102000,102000
060784,鴻海富邦9C購01  ,0,0,0,0,0,0,0,0,0,102000,0,0,0,102000,0,102000,102000
4106,雃博            ,218000,111000,107000,0,0,0,0,0,0,-5000,0,5000,-5000,0,0,0,102000
067834,台積電統一03購04,0,0,0,0,0,0,0,0,0,101000,0,0,0,101000,0,101000,101000
067328,鎧勝康和01購02  ,0,0,0,0,0,0,0,0,0,101000,0,0,0,190000,89000,101000,101000
067533,瑞昱群益01購02  ,0,0,0,0,0,0,0,0,0,101000,0,0,0,124000,23000,101000,101000
067166,華通麥證01購01  ,0,0,0,123000,15000,108000,0,0,0,101000,0,0,0,123000,22000,101000,101000
068626,帆宣群益02購01  ,0,0,0,0,0,0,0,0,0,101000,0,0,0,220000,119000,101000,101000
057045,美律元大99購04  ,0,0,0,0,0,0,0,0,0,101000,0,0,0,109000,8000,101000,101000
056361,美律元大99購02  ,0,0,0,0,0,0,0,0,0,101000,0,0,0,443000,342000,101000,101000
063829,晶技國票01購01  ,0,0,0,0,0,0,0,0,0,101000,0,0,0,101000,0,101000,101000
061432,世紀鋼元大9A購05,0,0,0,0,0,0,0,0,0,101000,0,0,0,101000,0,101000,101000
066669,華擎凱基02購02  ,0,0,0,0,0,0,0,0,0,101000,0,0,0,194000,93000,101000,101000
066492,台郡元富01購01  ,0,0,0,0,0,0,0,0,0,101000,0,0,0,110000,9000,101000,101000
065344,瑞昱統一01購05  ,0,0,0,0,0,0,0,0,0,101000,0,0,0,101000,0,101000,101000
1455,集盛            ,136000,35000,101000,0,0,0,0,0,0,0,0,0,0,0,0,0,101000
068710,正文國票03購01  ,0,0,0,0,0,0,0,0,0,100000,0,0,0,100000,0,100000,100000
07842P,力成元大9A售01  ,0,0,0,0,0,0,0,0,0,100000,0,0,0,100000,0,100000,100000
07774P,台灣50群益9A售16,0,0,0,0,0,0,0,0,0,100000,0,0,0,100000,0,100000,100000
07919P,創意永豐9B售01  ,0,0,0,0,0,0,0,0,0,100000,0,0,0,100000,0,100000,100000
07353P,大立光國票99售02,0,0,0,0,0,0,0,0,0,100000,0,0,0,100000,0,100000,100000
08354P,旺宏元大9C售05  ,0,0,0,0,0,0,0,0,0,100000,0,0,0,100000,0,100000,100000
08309P,GIS凱基9C售01   ,0,0,0,0,0,0,0,0,0,100000,0,0,0,112000,12000,100000,100000
08175P,金像電統一9B售02,0,0,0,0,0,0,0,0,0,100000,0,0,0,200000,100000,100000,100000
08153P,台表科統一9B售01,0,0,0,0,0,0,0,0,0,100000,0,0,0,100000,0,100000,100000
067152,義隆統一02購03  ,0,0,0,0,0,0,0,0,0,100000,0,0,0,100000,0,100000,100000
06723P,台灣50麥證99售01,0,0,0,100000,0,100000,0,0,0,100000,0,0,0,100000,0,100000,100000
066995,盟立國泰03購01  ,0,0,0,0,0,0,0,0,0,100000,0,0,0,200000,100000,100000,100000
067314,新日興元大01購02,0,0,0,0,0,0,0,0,0,100000,0,0,0,100000,0,100000,100000
067741,中壽元大01購01  ,0,0,0,0,0,0,0,0,0,100000,0,0,0,100000,0,100000,100000
068005,玉晶光元大03購02,0,0,0,0,0,0,0,0,0,100000,0,0,0,100000,0,100000,100000
068007,玉晶光元大03購04,0,0,0,0,0,0,0,0,0,100000,0,0,0,100000,0,100000,100000
068210,嘉聯益凱基01購01,0,0,0,0,0,0,0,0,0,100000,0,0,0,370000,270000,100000,100000
056977,國巨群益9A購01  ,0,0,0,0,0,0,0,0,0,100000,0,0,0,200000,100000,100000,100000
057733,嘉聯益國泰99購01,0,0,0,0,0,0,0,0,0,100000,0,0,0,100000,0,100000,100000
055205,京鼎中信99購01  ,0,0,0,0,0,0,0,0,0,100000,0,0,0,150000,50000,100000,100000
055233,康友國票98購01  ,0,0,0,0,0,0,0,0,0,100000,0,0,0,100000,0,100000,100000
059319,台光電元大99購04,0,0,0,0,0,0,0,0,0,100000,0,0,0,100000,0,100000,100000
058700,鴻海元大99購15  ,0,0,0,0,0,0,0,0,0,100000,0,0,0,100000,0,100000,100000
058701,鴻海元大99購16  ,0,0,0,0,0,0,0,0,0,100000,0,0,0,100000,0,100000,100000
058828,大毅永豐99購01  ,0,0,0,0,0,0,0,0,0,100000,0,0,0,240000,140000,100000,100000
060106,旭富元大99購02  ,0,0,0,0,0,0,0,0,0,100000,0,0,0,100000,0,100000,100000
061798,晶豪科永豐9B購01,0,0,0,0,0,0,0,0,0,100000,0,0,0,100000,0,100000,100000
061632,SP黃豆元大9A購06,0,0,0,0,0,0,0,0,0,100000,0,0,0,100000,0,100000,100000
061538,SP黃豆群益9A購03,0,0,0,0,0,0,0,0,0,100000,0,0,0,100000,0,100000,100000
063689,可成永豐9B購04  ,0,0,0,0,0,0,0,0,0,100000,0,0,0,100000,0,100000,100000
06418P,T50反1統一9A售02,0,0,0,0,0,0,0,0,0,100000,0,0,0,100000,0,100000,100000
061210,玉山金元大9A購02,0,0,0,0,0,0,0,0,0,100000,0,0,0,200000,100000,100000,100000
060762,長榮航元大9A購02,0,0,0,0,0,0,0,0,0,100000,0,0,0,100000,0,100000,100000
060767,世紀鋼元大9A購02,0,0,0,0,0,0,0,0,0,100000,0,0,0,200000,100000,100000,100000
062695,華通元大9C購01  ,0,0,0,0,0,0,0,0,0,100000,0,0,0,211000,111000,100000,100000
066475,新光金麥證01購01,0,0,0,100000,0,100000,0,0,0,100000,0,0,0,100000,0,100000,100000
066401,智伸科凱基01購02,0,0,0,0,0,0,0,0,0,100000,0,0,0,100000,0,100000,100000
066413,鴻海元大01購06  ,0,0,0,0,0,0,0,0,0,100000,0,0,0,100000,0,100000,100000
066368,聯鈞中信01購01  ,0,0,0,0,0,0,0,0,0,100000,0,0,0,100000,0,100000,100000
066631,聯詠凱基03購01  ,0,0,0,0,0,0,0,0,0,100000,0,0,0,100000,0,100000,100000
066531,智伸科元富01購01,0,0,0,0,0,0,0,0,0,100000,0,0,0,100000,0,100000,100000
066794,鴻海凱基01購07  ,0,0,0,0,0,0,0,0,0,100000,0,0,0,100000,0,100000,100000
066789,聯詠麥證01購01  ,0,0,0,100000,0,100000,0,0,0,100000,0,0,0,100000,0,100000,100000
066749,瑞祺元大01購03  ,0,0,0,0,0,0,0,0,0,100000,0,0,0,206000,106000,100000,100000
066952,亞光元大01購03  ,0,0,0,0,0,0,0,0,0,100000,0,0,0,100000,0,100000,100000
08583P,鴻海群益01售05  ,0,0,0,0,0,0,0,0,0,100000,0,0,0,100000,0,100000,100000
08535P,和大國票01售02  ,0,0,0,0,0,0,0,0,0,100000,0,0,0,116000,16000,100000,100000
068270,建準永豐01購01  ,0,0,0,0,0,0,0,0,0,99000,0,0,0,282000,183000,99000,99000
058706,聯鈞元大9C購01  ,0,0,0,0,0,0,0,0,0,99000,0,0,0,139000,40000,99000,99000
062907,可成元大9C購03  ,0,0,0,0,0,0,0,0,0,99000,0,0,0,179000,80000,99000,99000
065017,和大富邦03購01  ,0,0,0,0,0,0,0,0,0,99000,0,0,0,99000,0,99000,99000
064722,大立光統一02購03,0,0,0,0,0,0,0,0,0,99000,0,0,0,99000,0,99000,99000
08451P,南六統一9C售06  ,0,0,0,0,0,0,0,0,0,98000,0,0,0,98000,0,98000,98000
066969,可成元富07購01  ,0,0,0,0,0,0,0,0,0,98000,0,0,0,98000,0,98000,98000
067077,智原元大01購04  ,0,0,0,0,0,0,0,0,0,98000,0,0,0,331000,233000,98000,98000
067220,台郡元大01購04  ,0,0,0,0,0,0,0,0,0,98000,0,0,0,142000,44000,98000,98000
057662,上銀元大9A購01  ,0,0,0,0,0,0,0,0,0,98000,0,0,0,127000,29000,98000,98000
062027,國泰金群益9B購01,0,0,0,0,0,0,0,0,0,98000,0,0,0,98000,0,98000,98000
063594,上銀中信9C購01  ,0,0,0,0,0,0,0,0,0,98000,0,0,0,142000,44000,98000,98000
060954,國泰金群益9A購02,0,0,0,0,0,0,0,0,0,98000,0,0,0,98000,0,98000,98000
060920,超眾富邦9B購01  ,0,0,0,0,0,0,0,0,0,98000,0,0,0,113000,15000,98000,98000
060958,儒鴻凱基9A購02  ,0,0,0,0,0,0,0,0,0,98000,0,0,0,251000,153000,98000,98000
064557,鴻海群益9C購04  ,0,0,0,0,0,0,0,0,0,98000,0,0,0,98000,0,98000,98000
065298,健策統一9C購06  ,0,0,0,0,0,0,0,0,0,98000,0,0,0,128000,30000,98000,98000
066572,台郡元大01購02  ,0,0,0,0,0,0,0,0,0,98000,0,0,0,105000,7000,98000,98000
065868,燿華群益02購01  ,0,0,0,0,0,0,0,0,0,98000,0,0,0,98000,0,98000,98000
066240,泰鼎富邦03購01  ,0,0,0,0,0,0,0,0,0,98000,0,0,0,378000,280000,98000,98000
066312,川湖永豐01購01  ,0,0,0,0,0,0,0,0,0,98000,0,0,0,98000,0,98000,98000
08790P,聯發科元富01售01,0,0,0,0,0,0,0,0,0,98000,0,0,0,98000,0,98000,98000
2867,三商壽          ,592000,457000,135000,0,0,0,1000,0,1000,-38000,0,38000,-38000,0,0,0,98000
067353,可成群益02購01  ,0,0,0,0,0,0,0,0,0,97000,0,0,0,109000,12000,97000,97000
068227,聯發科元富07購07,0,0,0,0,0,0,0,0,0,97000,0,0,0,249000,152000,97000,97000
068116,欣興元富07購01  ,0,0,0,0,0,0,0,0,0,97000,0,0,0,259000,162000,97000,97000
068060,聯發科中信04購01,0,0,0,0,0,0,0,0,0,97000,0,0,0,628000,531000,97000,97000
03097P,聯發科凱基01售20,0,0,0,0,0,0,0,0,0,97000,0,0,0,97000,0,97000,97000
063100,聚陽群益9C購02  ,0,0,0,0,0,0,0,0,0,97000,0,0,0,98000,1000,97000,97000
063460,智邦元大9B購08  ,0,0,0,0,0,0,0,0,0,97000,0,0,0,201000,104000,97000,97000
062590,亞光統一9B購01  ,0,0,0,0,0,0,0,0,0,97000,0,0,0,97000,0,97000,97000
064279,新光金元大01購01,0,0,0,0,0,0,0,0,0,97000,0,0,0,166000,69000,97000,97000
065777,正崴國泰03購01  ,0,0,0,0,0,0,0,0,0,97000,0,0,0,127000,30000,97000,97000
064468,健策元富9C購02  ,0,0,0,0,0,0,0,0,0,97000,0,0,0,125000,28000,97000,97000
067793,鈺齊群益01購02  ,0,0,0,0,0,0,0,0,0,96000,0,0,0,144000,48000,96000,96000
067529,力山群益01購02  ,0,0,0,0,0,0,0,0,0,96000,0,0,0,122000,26000,96000,96000
067223,嘉基元大01購02  ,0,0,0,0,0,0,0,0,0,96000,0,0,0,459000,363000,96000,96000
068463,聯發科富邦03購07,0,0,0,0,0,0,0,0,0,96000,0,0,0,103000,7000,96000,96000
068569,健策元大01購13  ,0,0,0,0,0,0,0,0,0,96000,0,0,0,132000,36000,96000,96000
062747,立積永豐9B購01  ,0,0,0,0,0,0,0,0,0,96000,0,0,0,179000,83000,96000,96000
058274,世紀鋼永豐99購01,0,0,0,0,0,0,0,0,0,96000,0,0,0,129000,33000,96000,96000
061062,和大凱基9A購02  ,0,0,0,0,0,0,0,0,0,96000,0,0,0,109000,13000,96000,96000
062575,景碩群益9B購01  ,0,0,0,0,0,0,0,0,0,96000,0,0,0,97000,1000,96000,96000
060612,世紀鋼凱基9A購01,0,0,0,0,0,0,0,0,0,96000,0,0,0,100000,4000,96000,96000
064522,華擎群益01購01  ,0,0,0,0,0,0,0,0,0,96000,0,0,0,501000,405000,96000,96000
065333,冠德國票01購01  ,0,0,0,0,0,0,0,0,0,96000,0,0,0,96000,0,96000,96000
065546,景碩兆豐01購01  ,0,0,0,0,0,0,0,0,0,96000,0,0,0,347000,251000,96000,96000
066948,聯發科元大01購16,0,0,0,0,0,0,0,0,0,96000,0,0,0,248000,152000,96000,96000
066738,聯鈞元大01購05  ,0,0,0,0,0,0,0,0,0,96000,0,0,0,100000,4000,96000,96000
07712P,茂林元大9A售03  ,0,0,0,0,0,0,0,0,0,95000,0,0,0,100000,5000,95000,95000
067028,上海銀兆豐03購01,0,0,0,0,0,0,0,0,0,95000,0,0,0,522000,427000,95000,95000
060189,宏達電元富9B購03,0,0,0,0,0,0,0,0,0,95000,0,0,0,95000,0,95000,95000
059042,世紀鋼群益99購02,0,0,0,0,0,0,0,0,0,95000,0,0,0,97000,2000,95000,95000
00783,富邦中証500     ,607000,45000,562000,0,0,0,0,0,0,-467000,0,0,0,836000,1303000,-467000,95000
054633,臺股指凱基9A購02,0,0,0,0,0,0,0,0,0,95000,0,0,0,95000,0,95000,95000
061666,友達中信01購01  ,0,0,0,0,0,0,0,0,0,95000,0,0,0,95000,0,95000,95000
064818,華新統一01購01  ,0,0,0,0,0,0,0,0,0,95000,0,0,0,114000,19000,95000,95000
1527,鑽全            ,165000,70000,95000,0,0,0,0,0,0,0,0,0,0,0,0,0,95000
1783,和康生          ,113000,18000,95000,0,0,0,0,0,0,0,0,0,0,0,0,0,95000
067174,嘉澤兆豐01購01  ,0,0,0,0,0,0,0,0,0,94000,0,0,0,1020000,926000,94000,94000
068351,鴻海凱基04購01  ,0,0,0,0,0,0,0,0,0,94000,0,0,0,99000,5000,94000,94000
059198,華新科永豐99購06,0,0,0,0,0,0,0,0,0,94000,0,0,0,100000,6000,94000,94000
063079,儒鴻凱基9B購01  ,0,0,0,0,0,0,0,0,0,94000,0,0,0,124000,30000,94000,94000
060604,宏達電凱基9B購01,0,0,0,0,0,0,0,0,0,94000,0,0,0,106000,12000,94000,94000
062350,台表科群益9B購01,0,0,0,0,0,0,0,0,0,94000,0,0,0,130000,36000,94000,94000
065533,台光電統一02購03,0,0,0,0,0,0,0,0,0,94000,0,0,0,168000,74000,94000,94000
4989,榮科            ,136000,42000,94000,0,0,0,0,0,0,0,0,0,0,0,0,0,94000
6451,訊芯-KY         ,205000,89000,116000,0,0,0,0,0,0,-22000,0,0,0,19000,41000,-22000,94000
068404,建準元富04購01  ,0,0,0,0,0,0,0,0,0,93000,0,0,0,177000,84000,93000,93000
068659,嘉晶元大03購01  ,0,0,0,0,0,0,0,0,0,93000,0,0,0,115000,22000,93000,93000
067776,巨大統一03購02  ,0,0,0,0,0,0,0,0,0,93000,0,0,0,93000,0,93000,93000
067887,英業達群益01購02,0,0,0,0,0,0,0,0,0,93000,0,0,0,108000,15000,93000,93000
067939,玉晶光凱基02購06,0,0,0,0,0,0,0,0,0,93000,0,0,0,163000,70000,93000,93000
058766,力山兆豐99購01  ,0,0,0,0,0,0,0,0,0,93000,0,0,0,93000,0,93000,93000
060169,群電永豐9A購01  ,0,0,0,0,0,0,0,0,0,93000,0,0,0,108000,15000,93000,93000
060227,和大元大9A購01  ,0,0,0,0,0,0,0,0,0,93000,0,0,0,118000,25000,93000,93000
062030,旭富群益9B購01  ,0,0,0,0,0,0,0,0,0,93000,0,0,0,99000,6000,93000,93000
064957,台表科凱基02購02,0,0,0,0,0,0,0,0,0,93000,0,0,0,93000,0,93000,93000
064782,健策群益9C購02  ,0,0,0,0,0,0,0,0,0,93000,0,0,0,175000,82000,93000,93000
066363,美律中信05購01  ,0,0,0,0,0,0,0,0,0,93000,0,0,0,133000,40000,93000,93000
067606,京鼎凱基01購04  ,0,0,0,0,0,0,0,0,0,92000,0,0,0,103000,11000,92000,92000
067155,健策統一02購01  ,0,0,0,0,0,0,0,0,0,92000,0,0,0,129000,37000,92000,92000
067157,惠特統一03購03  ,0,0,0,0,0,0,0,0,0,92000,0,0,0,203000,111000,92000,92000
066996,拓凱國泰03購02  ,0,0,0,0,0,0,0,0,0,92000,0,0,0,92000,0,92000,92000
07874P,長榮航群益9B售01,0,0,0,0,0,0,0,0,0,92000,0,0,0,92000,0,92000,92000
059036,可成群益9B購03  ,0,0,0,0,0,0,0,0,0,92000,0,0,0,99000,7000,92000,92000
056906,玉晶光元大9B購01,0,0,0,0,0,0,0,0,0,92000,0,0,0,148000,56000,92000,92000
062598,華通台新9B購02  ,0,0,0,0,0,0,0,0,0,92000,0,0,0,147000,55000,92000,92000
062655,漢唐永豐9B購01  ,0,0,0,0,0,0,0,0,0,92000,0,0,0,535000,443000,92000,92000
066518,惠特永豐01購02  ,0,0,0,0,0,0,0,0,0,92000,0,0,0,295000,203000,92000,92000
066709,聚碩群益01購01  ,0,0,0,0,0,0,0,0,0,92000,0,0,0,92000,0,92000,92000
066105,松翰國票01購01  ,0,0,0,0,0,0,0,0,0,92000,0,0,0,100000,8000,92000,92000
064713,和大統一02購01  ,0,0,0,0,0,0,0,0,0,92000,0,0,0,92000,0,92000,92000
064944,亞德客凱基9C購03,0,0,0,0,0,0,0,0,0,92000,0,0,0,102000,10000,92000,92000
065441,義隆麥證9C購01  ,0,0,0,111000,19000,92000,0,0,0,92000,0,0,0,111000,19000,92000,92000
065295,旭富群益9C購02  ,0,0,0,0,0,0,0,0,0,92000,0,0,0,92000,0,92000,92000
2430,燦坤            ,146000,54000,92000,0,0,0,0,0,0,0,0,0,0,0,0,0,92000
068752,GIS群益02購03   ,0,0,0,0,0,0,0,0,0,91000,0,0,0,91000,0,91000,91000
067358,華擎群益01購05  ,0,0,0,0,0,0,0,0,0,91000,0,0,0,366000,275000,91000,91000
067310,欣興元大01購05  ,0,0,0,0,0,0,0,0,0,91000,0,0,0,95000,4000,91000,91000
067829,鎧勝兆豐03購01  ,0,0,0,0,0,0,0,0,0,91000,0,0,0,140000,49000,91000,91000
067986,亞德客元大01購04,0,0,0,0,0,0,0,0,0,91000,0,0,0,226000,135000,91000,91000
059386,上銀凱基99購07  ,0,0,0,0,0,0,0,0,0,91000,0,0,0,91000,0,91000,91000
059630,美律凱基99購07  ,0,0,0,0,0,0,0,0,0,91000,0,0,0,91000,0,91000,91000
057948,嘉聯益國票99購02,0,0,0,0,0,0,0,0,0,91000,0,0,0,91000,0,91000,91000
059359,精元永豐99購01  ,0,0,0,0,0,0,0,0,0,91000,0,0,0,91000,0,91000,91000
061212,聯鈞元大9A購04  ,0,0,0,0,0,0,0,0,0,91000,0,0,0,92000,1000,91000,91000
063959,GIS元大9C購02   ,0,0,0,0,0,0,0,0,0,91000,0,0,0,125000,34000,91000,91000
061985,富邦金元大9B購01,0,0,0,0,0,0,0,0,0,91000,0,0,0,174000,83000,91000,91000
064584,英業達永豐9C購01,0,0,0,0,0,0,0,0,0,91000,0,0,0,124000,33000,91000,91000
066274,景碩元大01購02  ,0,0,0,0,0,0,0,0,0,91000,0,0,0,582000,491000,91000,91000
2441,超豐            ,818000,710000,108000,0,0,0,0,0,0,-17000,0,17000,-17000,0,0,0,91000
3019,亞光            ,526000,357000,169000,0,0,0,0,0,0,-78000,12000,88000,-76000,21000,23000,-2000,91000
3040,遠見            ,119000,29000,90000,0,0,0,0,0,0,1000,1000,0,1000,0,0,0,91000
067913,華城永豐01購03  ,0,0,0,0,0,0,0,0,0,90000,0,0,0,90000,0,90000,90000
067373,聯發科統一03購04,0,0,0,0,0,0,0,0,0,90000,0,0,0,93000,3000,90000,90000
067131,為升永豐01購01  ,0,0,0,0,0,0,0,0,0,90000,0,0,0,90000,0,90000,90000
068253,玉晶光元大01購13,0,0,0,0,0,0,0,0,0,90000,0,0,0,100000,10000,90000,90000
08202P,台表科國泰01售04,0,0,0,0,0,0,0,0,0,90000,0,0,0,90000,0,90000,90000
062898,華通元大9B購05  ,0,0,0,0,0,0,0,0,0,90000,0,0,0,90000,0,90000,90000
058931,玉晶光統一9C購01,0,0,0,0,0,0,0,0,0,90000,0,0,0,103000,13000,90000,90000
053578,華新元大98購01  ,0,0,0,0,0,0,0,0,0,90000,0,0,0,90000,0,90000,90000
03116P,玉晶光康和01售02,0,0,0,0,0,0,0,0,0,90000,0,0,0,90000,0,90000,90000
061865,力山元大9B購01  ,0,0,0,0,0,0,0,0,0,90000,0,0,0,90000,0,90000,90000
064134,瑞祺元大9C購02  ,0,0,0,0,0,0,0,0,0,90000,0,0,0,150000,60000,90000,90000
062682,全新統一9B購01  ,0,0,0,0,0,0,0,0,0,90000,0,0,0,206000,116000,90000,90000
065782,健策富邦01購02  ,0,0,0,0,0,0,0,0,0,90000,0,0,0,111000,21000,90000,90000
066003,台表科國票02購02,0,0,0,0,0,0,0,0,0,90000,0,0,0,141000,51000,90000,90000
066742,健策元大02購03  ,0,0,0,0,0,0,0,0,0,90000,0,0,0,154000,64000,90000,90000
066617,鎧勝康和01購01  ,0,0,0,0,0,0,0,0,0,90000,0,0,0,118000,28000,90000,90000
064901,牧德群益9C購01  ,0,0,0,0,0,0,0,0,0,90000,0,0,0,90000,0,90000,90000
065095,玉晶光元大02購02,0,0,0,0,0,0,0,0,0,90000,0,0,0,309000,219000,90000,90000
08600P,臺股指元大9C售32,0,0,0,0,0,0,0,0,0,90000,0,0,0,100000,10000,90000,90000
07669P,華新科元大9A售14,0,0,0,0,0,0,0,0,0,89000,0,0,0,89000,0,89000,89000
08027P,嘉晶元大9B售03  ,0,0,0,0,0,0,0,0,0,89000,0,0,0,89000,0,89000,89000
067384,南六統一01購03  ,0,0,0,0,0,0,0,0,0,89000,0,0,0,281000,192000,89000,89000
053584,友達元大9B購02  ,0,0,0,0,0,0,0,0,0,89000,0,0,0,363000,274000,89000,89000
064109,上銀國票01購01  ,0,0,0,0,0,0,0,0,0,89000,0,0,0,109000,20000,89000,89000
063774,GIS富邦9B購02   ,0,0,0,0,0,0,0,0,0,89000,0,0,0,90000,1000,89000,89000
062524,鴻海統一9C購09  ,0,0,0,0,0,0,0,0,0,89000,0,0,0,89000,0,89000,89000
062470,智邦凱基9C購01  ,0,0,0,0,0,0,0,0,0,89000,0,0,0,97000,8000,89000,89000
065384,南電元大9C購07  ,0,0,0,0,0,0,0,0,0,89000,0,0,0,89000,0,89000,89000
065827,正崴凱基9C購01  ,0,0,0,0,0,0,0,0,0,89000,0,0,0,89000,0,89000,89000
066174,京鼎凱基01購01  ,0,0,0,0,0,0,0,0,0,89000,0,0,0,93000,4000,89000,89000
067815,玉晶光凱基01購04,0,0,0,0,0,0,0,0,0,88000,0,0,0,124000,36000,88000,88000
063196,力成元富9B購01  ,0,0,0,0,0,0,0,0,0,88000,0,0,0,96000,8000,88000,88000
060284,南港元大01購01  ,0,0,0,0,0,0,0,0,0,88000,0,0,0,88000,0,88000,88000
058573,鴻海群益9A購02  ,0,0,0,0,0,0,0,0,0,88000,0,0,0,88000,0,88000,88000
065398,國泰金群益9C購01,0,0,0,0,0,0,0,0,0,88000,0,0,0,88000,0,88000,88000
065418,緯創國票01購01  ,0,0,0,0,0,0,0,0,0,88000,0,0,0,131000,43000,88000,88000
064914,友達統一02購03  ,0,0,0,0,0,0,0,0,0,88000,0,0,0,443000,355000,88000,88000
063812,智邦群益9C購02  ,0,0,0,0,0,0,0,0,0,88000,0,0,0,88000,0,88000,88000
08986P,聯發科元富07售06,0,0,0,0,0,0,0,0,0,88000,0,0,0,260000,172000,88000,88000
4108,懷特            ,341400,254000,87400,0,0,0,0,0,0,0,0,0,0,0,0,0,87400
068191,台積電凱基01購21,0,0,0,0,0,0,0,0,0,87000,0,0,0,367000,280000,87000,87000
067099,友訊群益01購04  ,0,0,0,0,0,0,0,0,0,87000,0,0,0,87000,0,87000,87000
062794,鴻海統一9C購15  ,0,80000,-80000,0,0,0,0,0,0,167000,0,0,0,187000,20000,167000,87000
058693,旭富國票9A購01  ,0,0,0,0,0,0,0,0,0,87000,0,0,0,87000,0,87000,87000
051266,國巨富邦99購01  ,0,0,0,0,0,0,0,0,0,87000,0,0,0,87000,0,87000,87000
055034,建準富邦99購01  ,0,0,0,0,0,0,0,0,0,87000,0,0,0,87000,0,87000,87000
063247,信邦元大9B購02  ,0,0,0,0,0,0,0,0,0,87000,0,0,0,237000,150000,87000,87000
062547,玉晶光永豐9B購05,0,0,0,0,0,0,0,0,0,87000,0,0,0,220000,133000,87000,87000
063403,鈺齊群益9B購01  ,0,0,0,0,0,0,0,0,0,87000,0,0,0,87000,0,87000,87000
063490,儒鴻富邦9C購01  ,0,0,0,0,0,0,0,0,0,87000,0,0,0,420000,333000,87000,87000
063531,台表科凱基9B購04,0,0,0,0,0,0,0,0,0,87000,0,0,0,87000,0,87000,87000
061596,健策永豐9A購03  ,0,0,0,0,0,0,0,0,0,87000,0,0,0,95000,8000,87000,87000
062294,盛群永豐9B購01  ,0,0,0,0,0,0,0,0,0,87000,0,0,0,87000,0,87000,87000
064509,台表科元大9C購08,0,0,0,0,0,0,0,0,0,87000,0,0,0,136000,49000,87000,87000
064759,景碩凱基9C購01  ,0,0,0,0,0,0,0,0,0,87000,0,0,0,442000,355000,87000,87000
066100,鎧勝中信05購01  ,0,0,0,0,0,0,0,0,0,87000,0,0,0,98000,11000,87000,87000
068550,玉晶光群益03購01,0,0,0,0,0,0,0,0,0,86000,0,0,0,91000,5000,86000,86000
057240,茂林凱基9A購01  ,0,0,0,0,0,0,0,0,0,86000,0,0,0,100000,14000,86000,86000
059277,群創元大99購05  ,0,0,0,0,0,0,0,0,0,86000,0,0,0,94000,8000,86000,86000
061491,嘉聯益兆豐9B購01,0,0,0,0,0,0,0,0,0,86000,0,0,0,86000,0,86000,86000
062142,喬山國票9B購01  ,0,0,0,0,0,0,0,0,0,86000,0,0,0,86000,0,86000,86000
063778,亞德客永豐9B購02,0,0,0,0,0,0,0,0,0,86000,0,0,0,87000,1000,86000,86000
066116,宏達電兆豐01購01,0,0,0,0,0,0,0,0,0,86000,0,0,0,120000,34000,86000,86000
064892,台達電群益9C購02,0,0,0,0,0,0,0,0,0,86000,0,0,0,90000,4000,86000,86000
065390,達新群益9C購02  ,0,0,0,0,0,0,0,0,0,86000,0,0,0,86000,0,86000,86000
08795P,聯發科凱基01售11,0,0,0,0,0,0,0,0,0,86000,0,0,0,166000,80000,86000,86000
068533,台郡元富07購03  ,0,0,0,0,0,0,0,0,0,85000,0,0,0,85000,0,85000,85000
068268,旺宏永豐01購01  ,0,0,0,0,0,0,0,0,0,85000,0,0,0,85000,0,85000,85000
068649,道瓊銀元大02購01,0,0,0,0,0,0,0,0,0,85000,0,0,0,100000,15000,85000,85000
068686,瑞儀中信02購01  ,0,0,0,0,0,0,0,0,0,85000,0,0,0,85000,0,85000,85000
08061P,大毅國票9B售04  ,0,0,0,0,0,0,0,0,0,85000,0,0,0,85000,0,85000,85000
067973,玉晶光群益02購23,0,0,0,0,0,0,0,0,0,85000,0,0,0,153000,68000,85000,85000
067710,同欣電元富04購01,0,0,0,0,0,0,0,0,0,85000,0,0,0,85000,0,85000,85000
03151P,聯發科群益01售14,0,0,0,0,0,0,0,0,0,85000,0,0,0,85000,0,85000,85000
063248,創意元大9C購01  ,0,0,0,0,0,0,0,0,0,85000,0,0,0,125000,40000,85000,85000
065408,華通永豐9C購02  ,0,0,0,0,0,0,0,0,0,85000,0,0,0,218000,133000,85000,85000
065544,和大兆豐01購01  ,0,0,0,0,0,0,0,0,0,85000,0,0,0,85000,0,85000,85000
064986,GIS元大9C購07   ,0,0,0,0,0,0,0,0,0,85000,0,0,0,106000,21000,85000,85000
064900,景碩群益01購01  ,0,0,0,0,0,0,0,0,0,85000,0,0,0,376000,291000,85000,85000
064685,裕隆群益9C購01  ,0,0,0,0,0,0,0,0,0,85000,0,0,0,95000,10000,85000,85000
064284,京鼎元大9C購01  ,0,0,0,0,0,0,0,0,0,85000,0,0,0,129000,44000,85000,85000
08802P,聯發科元大01售14,0,0,0,0,0,0,0,0,0,85000,0,0,0,285000,200000,85000,85000
08521P,台達電元大9C售03,0,0,0,0,0,0,0,0,0,85000,0,0,0,142000,57000,85000,85000
3356,奇偶            ,91000,6000,85000,0,0,0,0,0,0,0,0,0,0,0,0,0,85000
067106,義隆群益01購01  ,0,0,0,0,0,0,0,0,0,84000,0,0,0,92000,8000,84000,84000
068344,台積電麥證01購13,0,0,0,118000,34000,84000,0,0,0,84000,0,0,0,118000,34000,84000,84000
056150,台光電凱基98購02,0,0,0,0,0,0,0,0,0,84000,0,0,0,91000,7000,84000,84000
059865,國巨凱基01購01  ,0,0,0,0,0,0,0,0,0,84000,0,0,0,131000,47000,84000,84000
063831,帆宣國票01購01  ,0,0,0,0,0,0,0,0,0,84000,0,0,0,85000,1000,84000,84000
065648,華擎元大01購02  ,0,0,0,0,0,0,0,0,0,84000,0,0,0,128000,44000,84000,84000
066414,鴻海元大01購07  ,0,0,0,0,0,0,0,0,0,84000,0,0,0,84000,0,84000,84000
068299,華新國票03購01  ,0,0,0,0,0,0,0,0,0,83000,0,0,0,507000,424000,83000,83000
067271,世紀鋼永豐01購02,0,0,0,0,0,0,0,0,0,83000,0,0,0,83000,0,83000,83000
067797,臺股指群益01購09,0,0,0,0,0,0,0,0,0,83000,0,0,0,84000,1000,83000,83000
068201,玉晶光凱基02購07,0,0,0,0,0,0,0,0,0,83000,0,0,0,151000,68000,83000,83000
059852,康控永豐99購02  ,0,0,0,0,0,0,0,0,0,83000,0,0,0,83000,0,83000,83000
063967,華新科國票01購01,0,0,0,0,0,0,0,0,0,83000,0,0,0,240000,157000,83000,83000
060513,緯穎元大9B購01  ,0,0,0,0,0,0,0,0,0,83000,0,0,0,110000,27000,83000,83000
060314,元翎永豐9A購01  ,0,0,0,0,0,0,0,0,0,83000,0,0,0,83000,0,83000,83000
062487,中興電永豐9B購01,0,0,0,0,0,0,0,0,0,83000,0,0,0,88000,5000,83000,83000
063325,SP黃豆國票9C購02,0,0,0,0,0,0,0,0,0,83000,0,0,0,96000,13000,83000,83000
061598,南電永豐9A購04  ,0,0,0,0,0,0,0,0,0,83000,0,0,0,159000,76000,83000,83000
066513,精元永豐01購02  ,0,0,0,0,0,0,0,0,0,83000,0,0,0,486000,403000,83000,83000
08923P,聯發科統一01售13,0,0,0,0,0,0,0,0,0,83000,0,0,0,113000,30000,83000,83000
067104,聯發科群益01購05,0,0,0,0,0,0,0,0,0,82000,0,0,0,82000,0,82000,82000
067024,旺宏兆豐03購01  ,0,0,0,0,0,0,0,0,0,82000,0,0,0,85000,3000,82000,82000
067371,聯發科統一02購08,0,0,0,0,0,0,0,0,0,82000,0,0,0,232000,150000,82000,82000
067376,欣興統一01購01  ,0,0,0,0,0,0,0,0,0,82000,0,0,0,202000,120000,82000,82000
059197,可成永豐99購02  ,0,0,0,0,0,0,0,0,0,82000,0,0,0,82000,0,82000,82000
059525,上銀凱基99購08  ,0,0,0,0,0,0,0,0,0,82000,0,0,0,82000,0,82000,82000
062116,元金2X第一9B購01,0,0,0,0,0,0,0,0,0,82000,0,0,0,97000,15000,82000,82000
063639,華擎元大9C購03  ,0,0,0,0,0,0,0,0,0,82000,0,0,0,237000,155000,82000,82000
062661,華通群益9B購05  ,0,0,0,0,0,0,0,0,0,82000,0,0,0,196000,114000,82000,82000
061028,聚陽永豐9A購01  ,0,0,0,0,0,0,0,0,0,82000,0,0,0,123000,41000,82000,82000
066395,可成凱基01購03  ,0,0,0,0,0,0,0,0,0,82000,0,0,0,102000,20000,82000,82000
066192,嘉基凱基01購01  ,0,0,0,0,0,0,0,0,0,82000,0,0,0,120000,38000,82000,82000
065752,正崴元大9C購01  ,0,0,0,0,0,0,0,0,0,82000,0,0,0,145000,63000,82000,82000
8996,高力            ,224000,149000,75000,0,0,0,0,0,0,7000,10000,3000,7000,0,0,0,82000
067033,新日興康和01購01,0,0,0,0,0,0,0,0,0,81000,0,0,0,105000,24000,81000,81000
068239,道瓊銀元大01購04,0,0,0,0,0,0,0,0,0,81000,0,0,0,200000,119000,81000,81000
068215,潤泰新凱基01購02,0,0,0,0,0,0,0,0,0,81000,0,0,0,165000,84000,81000,81000
068498,玉晶光元大01購16,0,0,0,0,0,0,0,0,0,81000,0,0,0,299000,218000,81000,81000
08049P,臺股指國票9B售14,0,0,0,0,0,0,0,0,0,81000,0,0,0,81000,0,81000,81000
08308P,聯發科凱基01售03,0,0,0,0,0,0,0,0,0,81000,0,0,0,93000,12000,81000,81000
058769,友達兆豐99購01  ,0,0,0,0,0,0,0,0,0,81000,0,0,0,151000,70000,81000,81000
056695,景碩群益99購01  ,0,0,0,0,0,0,0,0,0,81000,0,0,0,81000,0,81000,81000
05589P,大立光中信9A售01,0,0,0,0,0,0,0,0,0,81000,0,0,0,283000,202000,81000,81000
00675L,富邦臺灣加權正2 ,161000,78000,83000,0,0,0,0,0,0,-2000,0,0,0,29000,31000,-2000,81000
064251,緯創元富9C購01  ,0,0,0,0,0,0,0,0,0,81000,0,0,0,129000,48000,81000,81000
064229,台表科國票01購01,0,0,0,0,0,0,0,0,0,81000,0,0,0,81000,0,81000,81000
060543,鴻海凱基9B購02  ,0,0,0,0,0,0,0,0,0,81000,0,0,0,81000,0,81000,81000
062228,南六統一02購01  ,0,0,0,0,0,0,0,0,0,81000,0,0,0,91000,10000,81000,81000
061866,力山元大9C購01  ,0,0,0,0,0,0,0,0,0,81000,0,0,0,81000,0,81000,81000
061773,和潤元大9B購01  ,0,0,0,0,0,0,0,0,0,81000,0,0,0,136000,55000,81000,81000
065717,創意中信9C購02  ,0,0,0,0,0,0,0,0,0,81000,0,0,0,188000,107000,81000,81000
066248,長興元大01購01  ,0,0,0,0,0,0,0,0,0,81000,0,0,0,161000,80000,81000,81000
066559,聯鈞元大01購03  ,0,0,0,0,0,0,0,0,0,81000,0,0,0,139000,58000,81000,81000
066747,台郡元大01購03  ,0,0,0,0,0,0,0,0,0,81000,0,0,0,91000,10000,81000,81000
065001,中橡國票9C購01  ,0,0,0,0,0,0,0,0,0,81000,0,0,0,81000,0,81000,81000
6213,聯茂            ,1414000,1212000,202000,0,0,0,0,283129,-283129,162000,24000,4000,20000,152000,10000,142000,80871
067244,康控群益01購02  ,0,0,0,0,0,0,0,0,0,80000,0,0,0,80000,0,80000,80000
067341,欣興凱基03購01  ,0,0,0,0,0,0,0,0,0,80000,0,0,0,465000,385000,80000,80000
03053P,台灣50中信04售03,0,0,0,0,0,0,0,0,0,80000,0,0,0,110000,30000,80000,80000
056269,新日興統一98購01,0,0,0,0,0,0,0,0,0,80000,0,0,0,80000,0,80000,80000
056650,彩晶凱基9A購01  ,0,0,0,0,0,0,0,0,0,80000,0,0,0,80000,0,80000,80000
059265,美律中信01購01  ,0,0,0,0,0,0,0,0,0,80000,0,0,0,92000,12000,80000,80000
059460,GIS永豐99購02   ,0,0,0,0,0,0,0,0,0,80000,0,0,0,80000,0,80000,80000
059964,元金2X凱基99購02,0,0,0,0,0,0,0,0,0,80000,0,0,0,80000,0,80000,80000
061681,南電元大9A購08  ,0,0,0,0,0,0,0,0,0,80000,0,0,0,80000,0,80000,80000
061720,智邦國泰9C購01  ,0,0,0,0,0,0,0,0,0,80000,0,0,0,115000,35000,80000,80000
063614,美食群益9B購03  ,0,0,0,0,0,0,0,0,0,80000,0,0,0,80000,0,80000,80000
062319,南六凱基9B購02  ,0,0,0,0,0,0,0,0,0,80000,0,0,0,170000,90000,80000,80000
062347,台光電群益9B購02,0,0,0,0,0,0,0,0,0,80000,0,0,0,80000,0,80000,80000
06499P,臺股指元大9A售04,0,0,0,0,0,0,0,0,0,80000,0,0,0,100000,20000,80000,80000
064996,T50反1國票01購03,0,0,0,0,0,0,0,0,0,80000,0,0,0,80000,0,80000,80000
064448,裕隆統一02購01  ,0,0,0,0,0,0,0,0,0,80000,0,0,0,162000,82000,80000,80000
064655,聚陽元大9C購02  ,0,0,0,0,0,0,0,0,0,80000,0,0,0,80000,0,80000,80000
064825,英業達統一9C購01,0,0,0,0,0,0,0,0,0,80000,0,0,0,92000,12000,80000,80000
066899,義隆康和01購01  ,0,0,0,0,0,0,0,0,0,80000,0,0,0,114000,34000,80000,80000
066478,鴻海元富07購02  ,0,0,0,0,0,0,0,0,0,80000,0,0,0,85000,5000,80000,80000
060303,宏達電富邦9B購01,0,0,0,0,0,0,0,0,0,79000,0,0,0,84000,5000,79000,79000
058498,世紀鋼群益99購01,0,0,0,0,0,0,0,0,0,79000,0,0,0,96000,17000,79000,79000
063198,仁寶統一01購02  ,0,0,0,0,0,0,0,0,0,79000,0,0,0,100000,21000,79000,79000
055948,道瓊銀元大98購02,0,0,0,0,0,0,0,0,0,79000,0,0,0,79000,0,79000,79000
063611,儒鴻群益9B購03  ,0,0,0,0,0,0,0,0,0,79000,0,0,0,89000,10000,79000,79000
063520,上銀凱基9B購05  ,0,0,0,0,0,0,0,0,0,79000,0,0,0,108000,29000,79000,79000
063794,亞德客凱基9C購01,0,0,0,0,0,0,0,0,0,79000,0,0,0,99000,20000,79000,79000
063311,喬山群益9B購01  ,0,0,0,0,0,0,0,0,0,79000,0,0,0,189000,110000,79000,79000
063369,聚陽永豐9B購01  ,0,0,0,0,0,0,0,0,0,79000,0,0,0,111000,32000,79000,79000
063224,泰鼎群益9B購02  ,0,0,0,0,0,0,0,0,0,79000,0,0,0,153000,74000,79000,79000
065991,牧德永豐01購01  ,0,0,0,0,0,0,0,0,0,79000,0,0,0,98000,19000,79000,79000
064835,嘉晶統一02購01  ,0,0,0,0,0,0,0,0,0,79000,0,0,0,85000,6000,79000,79000
064532,聯茂兆豐01購01  ,0,0,0,0,0,0,0,0,0,79000,0,0,0,110000,31000,79000,79000
067417,力山凱基02購01  ,0,0,0,0,0,0,0,0,0,78000,0,0,0,300000,222000,78000,78000
067480,可成元大01購07  ,0,0,0,0,0,0,0,0,0,78000,0,0,0,78000,0,78000,78000
066991,訊芯群益01購01  ,0,0,0,0,0,0,0,0,0,78000,0,0,0,299000,221000,78000,78000
068731,健策元大03購01  ,0,0,0,0,0,0,0,0,0,78000,0,0,0,120000,42000,78000,78000
047694,SP黃豆國票9B購01,0,0,0,0,0,0,0,0,0,78000,0,0,0,78000,0,78000,78000
063550,可成國票9C購01  ,0,0,0,0,0,0,0,0,0,78000,0,0,0,133000,55000,78000,78000
061994,瑞儀元大9B購01  ,0,0,0,0,0,0,0,0,0,78000,0,0,0,78000,0,78000,78000
060435,鈺齊永豐9A購01  ,0,0,0,0,0,0,0,0,0,78000,0,0,0,132000,54000,78000,78000
064551,鈺齊凱基9C購02  ,0,0,0,0,0,0,0,0,0,78000,0,0,0,112000,34000,78000,78000
064359,華通統一9C購05  ,0,0,0,0,0,0,0,0,0,78000,0,0,0,311000,233000,78000,78000
065588,聯發科永豐9C購02,0,0,0,0,0,0,0,0,0,78000,0,0,0,111000,33000,78000,78000
065430,可成凱基02購03  ,0,0,0,0,0,0,0,0,0,78000,0,0,0,87000,9000,78000,78000
066462,智伸科統一04購02,0,0,0,0,0,0,0,0,0,78000,0,0,0,78000,0,78000,78000
066830,國揚群益01購01  ,0,0,0,0,0,0,0,0,0,78000,0,0,0,86000,8000,78000,78000
067311,欣興元大01購06  ,0,0,0,0,0,0,0,0,0,77000,0,0,0,100000,23000,77000,77000
068140,鴻海元大01購24  ,0,0,0,0,0,0,0,0,0,77000,0,0,0,100000,23000,77000,77000
03140P,聯發科凱基01售22,0,0,0,0,0,0,0,0,0,77000,0,0,0,131000,54000,77000,77000
058683,可成凱基9A購01  ,0,0,0,0,0,0,0,0,0,77000,0,0,0,77000,0,77000,77000
058054,台積電統一9C購01,0,0,0,0,0,0,0,0,0,77000,0,0,0,77000,0,77000,77000
064083,群創中信06購01  ,0,0,0,0,0,0,0,0,0,77000,0,0,0,103000,26000,77000,77000
060944,國泰金國票9A購01,0,0,0,0,0,0,0,0,0,77000,0,0,0,77000,0,77000,77000
061589,世紀鋼富邦9B購01,0,0,0,0,0,0,0,0,0,77000,0,0,0,77000,0,77000,77000
063020,奇力新元大9B購04,0,0,0,0,0,0,0,0,0,77000,0,0,0,524000,447000,77000,77000
066844,聯發科元大01購12,0,0,0,0,0,0,0,0,0,77000,0,0,0,79000,2000,77000,77000
066260,聯強元大01購02  ,0,0,0,0,0,0,0,0,0,77000,0,0,0,91000,14000,77000,77000
067773,台郡統一02購04  ,0,0,0,0,0,0,0,0,0,76000,0,0,0,76000,0,76000,76000
068671,台積電統一04購02,0,0,0,0,0,0,0,0,0,76000,0,0,0,76000,0,76000,76000
068294,玉晶光兆豐03購01,0,0,0,0,0,0,0,0,0,76000,0,0,0,181000,105000,76000,76000
057347,國巨統一9A購03  ,0,0,0,0,0,0,0,0,0,76000,0,0,0,156000,80000,76000,76000
066144,惠特群益01購02  ,0,0,0,0,0,0,0,0,0,76000,0,0,0,206000,130000,76000,76000
066650,宏達電康和01購01,0,0,0,0,0,0,0,0,0,76000,0,0,0,135000,59000,76000,76000
064328,華通元大9C購04  ,0,0,0,0,0,0,0,0,0,76000,0,0,0,298000,222000,76000,76000
08541P,景碩國票01售02  ,0,0,0,0,0,0,0,0,0,76000,0,0,0,86000,10000,76000,76000
07864P,可成元大9B售01  ,0,0,0,0,0,0,0,0,0,75000,0,0,0,175000,100000,75000,75000
067607,聯鈞凱基01購04  ,0,0,0,0,0,0,0,0,0,75000,0,0,0,87000,12000,75000,75000
056386,TPK國泰99購01   ,0,0,0,0,0,0,0,0,0,75000,0,0,0,75000,0,75000,75000
00665L,富邦恒生國企正2 ,217000,4000,213000,0,0,0,0,0,0,-138000,0,0,0,195000,333000,-138000,75000
058147,鈺齊元大99購01  ,0,0,0,0,0,0,0,0,0,75000,0,0,0,83000,8000,75000,75000
059562,上銀凱基99購09  ,0,0,0,0,0,0,0,0,0,75000,0,0,0,75000,0,75000,75000
061388,台積電群益9A購05,0,0,0,0,0,0,0,0,0,75000,0,0,0,165000,90000,75000,75000
060719,瀚宇博永豐9A購01,0,0,0,0,0,0,0,0,0,75000,0,0,0,75000,0,75000,75000
062378,台表科元大9C購01,0,0,0,0,0,0,0,0,0,75000,0,0,0,78000,3000,75000,75000
060376,瑞祺元富9A購01  ,0,0,0,0,0,0,0,0,0,75000,0,0,0,90000,15000,75000,75000
064897,宏達電群益9C購02,0,0,0,0,0,0,0,0,0,75000,0,0,0,81000,6000,75000,75000
066705,聯鈞群益01購01  ,0,0,0,0,0,0,0,0,0,75000,0,0,0,133000,58000,75000,75000
08676P,泰碩群益04售01  ,0,0,0,0,0,0,0,0,0,75000,0,0,0,75000,0,75000,75000
067700,緯創國票02購01  ,0,0,0,0,0,0,0,0,0,74000,0,0,0,110000,36000,74000,74000
067264,美利達國票02購01,0,0,0,0,0,0,0,0,0,74000,0,0,0,161000,87000,74000,74000
067150,聯發科統一02購05,0,0,0,0,0,0,0,0,0,74000,0,0,0,99000,25000,74000,74000
067194,惠特凱基01購03  ,0,0,0,0,0,0,0,0,0,74000,0,0,0,305000,231000,74000,74000
07963P,智邦統一9B售01  ,0,0,0,0,0,0,0,0,0,74000,0,0,0,74000,0,74000,74000
068738,寶成元大02購01  ,0,0,0,0,0,0,0,0,0,74000,0,0,0,326000,252000,74000,74000
060015,國巨康和99購03  ,0,0,0,0,0,0,0,0,0,74000,0,0,0,118000,44000,74000,74000
053827,漢唐麥證9A購01  ,0,0,0,204000,130000,74000,0,0,0,74000,0,0,0,204000,130000,74000,74000
059814,SP黃豆凱基9A購02,0,0,0,0,0,0,0,0,0,74000,0,0,0,175000,101000,74000,74000
066425,創意元大01購03  ,0,0,0,0,0,0,0,0,0,74000,0,0,0,163000,89000,74000,74000
066106,台郡國票02購01  ,0,0,0,0,0,0,0,0,0,74000,0,0,0,74000,0,74000,74000
064686,鴻海群益01購03  ,0,0,0,0,0,0,0,0,0,74000,0,0,0,76000,2000,74000,74000
065176,玉晶光元大01購04,0,0,0,0,0,0,0,0,0,74000,0,0,0,558000,484000,74000,74000
1517,利奇            ,131000,57000,74000,0,0,0,0,0,0,0,0,0,0,0,0,0,74000
03047P,矽創國票03售01  ,0,0,0,0,0,0,0,0,0,73000,0,0,0,173000,100000,73000,73000
062409,巨大永豐9B購02  ,0,0,0,0,0,0,0,0,0,73000,0,0,0,78000,5000,73000,73000
063599,智邦凱基9B購04  ,0,0,0,0,0,0,0,0,0,73000,0,0,0,73000,0,73000,73000
061917,亞德客凱基9B購02,0,0,0,0,0,0,0,0,0,73000,0,0,0,115000,42000,73000,73000
061509,SP黃豆富邦9C購01,0,0,0,0,0,0,0,0,0,73000,0,0,0,125000,52000,73000,73000
064873,世紀鋼永豐9C購01,0,0,0,0,0,0,0,0,0,73000,0,0,0,73000,0,73000,73000
064374,旺宏元富9C購01  ,0,0,0,0,0,0,0,0,0,73000,0,0,0,105000,32000,73000,73000
064464,台郡統一01購01  ,0,0,0,0,0,0,0,0,0,73000,0,0,0,254000,181000,73000,73000
1718,中纖            ,286000,177000,109000,0,0,0,0,0,0,-36000,2000,4000,-2000,0,34000,-34000,73000
3149,正達            ,88000,15000,73000,0,0,0,0,0,0,0,0,0,0,0,0,0,73000
9921,巨大            ,686032,539638,146394,0,0,0,1000,0,1000,-75000,7000,11000,-4000,8000,79000,-71000,72394
08127P,聯發科元大9B售21,0,0,0,0,0,0,0,0,0,72000,0,0,0,122000,50000,72000,72000
067180,為升凱基02購01  ,0,0,0,0,0,0,0,0,0,72000,0,0,0,93000,21000,72000,72000
067110,德律群益01購01  ,0,0,0,0,0,0,0,0,0,72000,0,0,0,148000,76000,72000,72000
067430,中工凱基05購01  ,0,0,0,0,0,0,0,0,0,72000,0,0,0,182000,110000,72000,72000
067893,玉晶光群益02購07,0,0,0,0,0,0,0,0,0,72000,0,0,0,84000,12000,72000,72000
03256P,聯發科富邦03售08,0,0,0,0,0,0,0,0,0,72000,0,0,0,72000,0,72000,72000
059622,上銀凱基99購10  ,0,0,0,0,0,0,0,0,0,72000,0,0,0,76000,4000,72000,72000
065156,可成群益01購02  ,0,0,0,0,0,0,0,0,0,72000,0,0,0,98000,26000,72000,72000
067652,義隆元富01購01  ,0,0,0,0,0,0,0,0,0,71000,0,0,0,165000,94000,71000,71000
068050,玉晶光統一02購02,0,0,0,0,0,0,0,0,0,71000,0,0,0,71000,0,71000,71000
067501,聚陽統一01購03  ,0,0,0,0,0,0,0,0,0,71000,0,0,0,696000,625000,71000,71000
067141,台表科永豐01購01,0,0,0,0,0,0,0,0,0,71000,0,0,0,81000,10000,71000,71000
08157P,大立光元富9B售06,0,0,0,0,0,0,0,0,0,71000,0,0,0,71000,0,71000,71000
08435P,台積電群益9C售11,0,0,0,0,0,0,0,0,0,71000,0,0,0,71000,0,71000,71000
068345,聯發科麥證01購09,0,0,0,72000,1000,71000,0,0,0,71000,0,0,0,72000,1000,71000,71000
068504,訊芯元大01購02  ,0,0,0,0,0,0,0,0,0,71000,0,0,0,371000,300000,71000,71000
00680L,元大美債20正2   ,0,0,0,0,0,0,0,0,0,71000,0,0,0,71000,0,71000,71000
059957,中信金康和99購01,0,0,0,0,0,0,0,0,0,71000,0,0,0,71000,0,71000,71000
058773,和碩兆豐99購01  ,0,0,0,0,0,0,0,0,0,71000,0,0,0,74000,3000,71000,71000
058875,台表科國票9A購02,0,0,0,0,0,0,0,0,0,71000,0,0,0,75000,4000,71000,71000
063213,智伸科國票9C購01,0,0,0,0,0,0,0,0,0,71000,0,0,0,71000,0,71000,71000
061790,中租群益9B購01  ,0,0,0,0,0,0,0,0,0,71000,0,0,0,92000,21000,71000,71000
061732,智邦中信9B購01  ,0,0,0,0,0,0,0,0,0,71000,0,0,0,209000,138000,71000,71000
063056,嘉澤統一9C購02  ,0,0,0,0,0,0,0,0,0,71000,0,0,0,260000,189000,71000,71000
062345,和大群益9B購01  ,0,0,0,0,0,0,0,0,0,71000,0,0,0,80000,9000,71000,71000
060387,盛群凱基9A購01  ,0,0,0,0,0,0,0,0,0,71000,0,0,0,91000,20000,71000,71000
065397,宏達電群益9C購03,0,0,0,0,0,0,0,0,0,71000,0,0,0,133000,62000,71000,71000
064527,裕隆中信01購01  ,0,0,0,0,0,0,0,0,0,71000,0,0,0,78000,7000,71000,71000
064411,台表科凱基02購01,0,0,0,0,0,0,0,0,0,71000,0,0,0,129000,58000,71000,71000
066177,上緯控凱基01購01,0,0,0,0,0,0,0,0,0,71000,0,0,0,120000,49000,71000,71000
068313,松翰國票03購01  ,0,0,0,0,0,0,0,0,0,70000,0,0,0,123000,53000,70000,70000
068320,國巨元大01購17  ,0,0,0,0,0,0,0,0,0,70000,0,0,0,326000,256000,70000,70000
067265,巨大國票02購01  ,0,0,0,0,0,0,0,0,0,70000,0,0,0,70000,0,70000,70000
067053,申豐凱基02購01  ,0,0,0,0,0,0,0,0,0,70000,0,0,0,628000,558000,70000,70000
059282,嘉聯益永豐99購01,0,0,0,0,0,0,0,0,0,70000,0,0,0,133000,63000,70000,70000
058966,元油2X日盛99購03,0,0,0,0,0,0,0,0,0,70000,0,0,0,70000,0,70000,70000
059497,滬深2X元富9C購05,0,0,0,0,0,0,0,0,0,70000,0,0,0,70000,0,70000,70000
03155P,玉晶光群益01售08,0,0,0,0,0,0,0,0,0,70000,0,0,0,90000,20000,70000,70000
055797,華通富邦98購01  ,0,0,0,0,0,0,0,0,0,70000,0,0,0,70000,0,70000,70000
056392,玉晶光富邦9C購01,0,0,0,0,0,0,0,0,0,70000,0,0,0,117000,47000,70000,70000
056346,聯茂凱基99購02  ,0,0,0,0,0,0,0,0,0,70000,0,0,0,70000,0,70000,70000
057506,聯鈞國票99購02  ,0,0,0,0,0,0,0,0,0,70000,0,0,0,106000,36000,70000,70000
055874,中環元富9A購01  ,0,0,0,0,0,0,0,0,0,70000,0,0,0,250000,180000,70000,70000
057114,台虹群益98購01  ,0,0,0,0,0,0,0,0,0,70000,0,0,0,70000,0,70000,70000
056580,泰鼎元大9A購01  ,0,0,0,0,0,0,0,0,0,70000,0,0,0,70000,0,70000,70000
060390,聯鈞群益9A購01  ,0,0,0,0,0,0,0,0,0,70000,0,0,0,70000,0,70000,70000
060806,華新科群益9A購03,0,0,0,0,0,0,0,0,0,70000,0,0,0,70000,0,70000,70000
062381,上銀國泰9C購01  ,0,0,0,0,0,0,0,0,0,70000,0,0,0,120000,50000,70000,70000
062449,臻鼎元大9B購01  ,0,0,0,0,0,0,0,0,0,70000,0,0,0,100000,30000,70000,70000
061064,可成凱基9B購02  ,0,0,0,0,0,0,0,0,0,70000,0,0,0,70000,0,70000,70000
063616,上銀兆豐9C購01  ,0,0,0,0,0,0,0,0,0,70000,0,0,0,180000,110000,70000,70000
063792,香港反凱基9C購01,0,0,0,0,0,0,0,0,0,70000,0,0,0,70000,0,70000,70000
066007,大立光統一02購06,0,0,0,0,0,0,0,0,0,70000,0,0,0,181000,111000,70000,70000
065872,漢翔群益9C購01  ,0,0,0,0,0,0,0,0,0,70000,0,0,0,70000,0,70000,70000
064300,英業達兆豐9C購01,0,0,0,0,0,0,0,0,0,70000,0,0,0,70000,0,70000,70000
2442,新美齊          ,130000,60000,70000,0,0,0,0,0,0,0,0,0,0,0,0,0,70000
08786P,滬深2X元富01售05,0,0,0,0,0,0,0,0,0,70000,0,0,0,100000,30000,70000,70000
067329,巨大康和01購02  ,0,0,0,0,0,0,0,0,0,69000,0,0,0,69000,0,69000,69000
08037P,台表科群益9B售02,0,0,0,0,0,0,0,0,0,69000,0,0,0,69000,0,69000,69000
060043,全新群益9B購02  ,0,0,0,0,0,0,0,0,0,69000,0,0,0,70000,1000,69000,69000
063415,台積電凱基03購01,0,0,0,0,0,0,0,0,0,69000,0,0,0,79000,10000,69000,69000
063482,緯穎元大9B購09  ,0,0,0,0,0,0,0,0,0,69000,0,0,0,119000,50000,69000,69000
063988,華通永豐9C購01  ,0,0,0,0,0,0,0,0,0,69000,0,0,0,122000,53000,69000,69000
064167,緯穎統一01購03  ,0,0,0,0,0,0,0,0,0,69000,0,0,0,159000,90000,69000,69000
062306,華通凱基9B購01  ,0,0,0,0,0,0,0,0,0,69000,0,0,0,79000,10000,69000,69000
064470,世紀鋼元富03購01,0,0,0,0,0,0,0,0,0,69000,0,0,0,80000,11000,69000,69000
065327,台表科凱基9C購02,0,0,0,0,0,0,0,0,0,69000,0,0,0,97000,28000,69000,69000
066815,華擎兆豐03購01  ,0,0,0,0,0,0,0,0,0,69000,0,0,0,323000,254000,69000,69000
068252,晶技元大01購05  ,0,0,0,0,0,0,0,0,0,68000,0,0,0,209000,141000,68000,68000
068350,鴻海凱基03購05  ,0,0,0,0,0,0,0,0,0,68000,0,0,0,68000,0,68000,68000
068375,台光電永豐01購02,0,0,0,0,0,0,0,0,0,68000,0,0,0,68000,0,68000,68000
067043,佳世達凱基01購01,0,0,0,0,0,0,0,0,0,68000,0,0,0,157000,89000,68000,68000
066977,鴻海群益02購01  ,0,0,0,0,0,0,0,0,0,68000,0,0,0,98000,30000,68000,68000
057649,嘉聯益元大99購04,0,0,0,0,0,0,0,0,0,68000,0,0,0,72000,4000,68000,68000
062763,華擎凱基9C購02  ,0,0,0,0,0,0,0,0,0,68000,0,0,0,105000,37000,68000,68000
057438,禾伸堂國票99購01,0,0,0,0,0,0,0,0,0,68000,0,0,0,104000,36000,68000,68000
00766L,台新MSCI中國正2 ,0,0,0,0,0,0,0,0,0,68000,0,0,0,454000,386000,68000,68000
060864,可成永豐9A購01  ,0,0,0,0,0,0,0,0,0,68000,0,0,0,68000,0,68000,68000
060427,聯茂永豐9A購01  ,0,0,0,0,0,0,0,0,0,68000,0,0,0,68000,0,68000,68000
061367,瑞祺國票9A購01  ,0,0,0,0,0,0,0,0,0,68000,0,0,0,131000,63000,68000,68000
062251,旺宏元大9B購06  ,0,0,0,0,0,0,0,0,0,68000,0,0,0,68000,0,68000,68000
063577,台表科元大9C購04,0,0,0,0,0,0,0,0,0,68000,0,0,0,103000,35000,68000,68000
065962,鴻海元大01購04  ,0,0,0,0,0,0,0,0,0,68000,0,0,0,68000,0,68000,68000
066333,晶華永豐01購01  ,0,0,0,0,0,0,0,0,0,68000,0,0,0,68000,0,68000,68000
065091,亞光元大9C購01  ,0,0,0,0,0,0,0,0,0,68000,0,0,0,120000,52000,68000,68000
065658,聯發科富邦03購03,0,0,0,0,0,0,0,0,0,68000,0,0,0,98000,30000,68000,68000
064417,創意中信9C購01  ,0,0,0,0,0,0,0,0,0,68000,0,0,0,78000,10000,68000,68000
6558,興能高          ,105000,37000,68000,0,0,0,0,0,0,0,0,0,0,0,0,0,68000
8112,至上            ,201000,133000,68000,0,0,0,0,0,0,0,0,0,0,0,0,0,68000
067016,康控富邦04購01  ,0,0,0,0,0,0,0,0,0,67000,0,0,0,97000,30000,67000,67000
067138,正文永豐01購02  ,0,0,0,0,0,0,0,0,0,67000,0,0,0,74000,7000,67000,67000
067209,瑞昱元大01購04  ,0,0,0,0,0,0,0,0,0,67000,0,0,0,452000,385000,67000,67000
067393,欣興國泰03購02  ,0,0,0,0,0,0,0,0,0,67000,0,0,0,366000,299000,67000,67000
068758,喬山永豐02購01  ,0,0,0,0,0,0,0,0,0,67000,0,0,0,67000,0,67000,67000
057667,可成元大99購01  ,0,0,0,0,0,0,0,0,0,67000,0,0,0,68000,1000,67000,67000
058720,旭富元富99購01  ,0,0,0,0,0,0,0,0,0,67000,0,0,0,67000,0,67000,67000
063231,台泥元大9B購01  ,0,0,0,0,0,0,0,0,0,67000,0,0,0,632000,565000,67000,67000
061647,南六元大9A購03  ,0,0,0,0,0,0,0,0,0,67000,0,0,0,97000,30000,67000,67000
064403,正崴凱基01購01  ,0,0,0,0,0,0,0,0,0,67000,0,0,0,87000,20000,67000,67000
064701,巨大群益9C購02  ,0,0,0,0,0,0,0,0,0,67000,0,0,0,78000,11000,67000,67000
066921,日月光麥證01購01,0,0,0,514000,558000,-44000,0,0,0,67000,0,0,0,625000,558000,67000,67000
066441,聯強群益01購01  ,0,0,0,0,0,0,0,0,0,67000,0,0,0,68000,1000,67000,67000
066468,申豐統一02購01  ,0,0,0,0,0,0,0,0,0,67000,0,0,0,95000,28000,67000,67000
066421,國產元大01購01  ,0,0,0,0,0,0,0,0,0,67000,0,0,0,143000,76000,67000,67000
2365,昆盈            ,75000,8000,67000,0,0,0,0,0,0,0,0,0,0,0,0,0,67000
067528,聚陽群益01購01  ,60000,0,60000,0,0,0,0,0,0,6000,0,0,0,70000,64000,6000,66000
059103,旭富元富99購03  ,0,0,0,0,0,0,0,0,0,66000,0,0,0,69000,3000,66000,66000
059339,上銀凱基99購06  ,0,0,0,0,0,0,0,0,0,66000,0,0,0,66000,0,66000,66000
03068P,美律群益01售03  ,0,0,0,0,0,0,0,0,0,66000,0,0,0,66000,0,66000,66000
03022P,玉晶光群益02售26,0,0,0,0,0,0,0,0,0,66000,0,0,0,66000,0,66000,66000
061645,超眾元大9A購06  ,0,0,0,0,0,0,0,0,0,66000,0,0,0,76000,10000,66000,66000
061418,世紀鋼群益9A購02,0,0,0,0,0,0,0,0,0,66000,0,0,0,88000,22000,66000,66000
066776,創意富邦03購02  ,0,0,0,0,0,0,0,0,0,66000,0,0,0,282000,216000,66000,66000
066724,台達電元大01購01,0,0,0,0,0,0,0,0,0,66000,0,0,0,175000,109000,66000,66000
066286,瑞祺元大01購01  ,0,0,0,0,0,0,0,0,0,66000,0,0,0,326000,260000,66000,66000
066190,惠特凱基01購01  ,0,0,0,0,0,0,0,0,0,66000,0,0,0,216000,150000,66000,66000
065167,華通元大02購01  ,0,0,0,0,0,0,0,0,0,66000,0,0,0,327000,261000,66000,66000
065220,義隆富邦01購02  ,0,0,0,0,0,0,0,0,0,66000,0,0,0,94000,28000,66000,66000
3535,晶彩科          ,185000,119000,66000,0,0,0,0,0,0,0,0,0,0,0,0,0,66000
3563,牧德            ,260000,121000,139000,0,0,0,0,100000,-100000,27000,48000,5000,43000,63000,79000,-16000,66000
08499P,臺股指國票9C售01,0,0,0,0,0,0,0,0,0,66000,0,0,0,66000,0,66000,66000
067216,健策元大01購09  ,0,0,0,0,0,0,0,0,0,65000,0,0,0,88000,23000,65000,65000
068275,健策永豐01購04  ,0,0,0,0,0,0,0,0,0,65000,0,0,0,94000,29000,65000,65000
00713,元大台灣高息低波,44000,0,44000,0,0,0,0,0,0,21000,0,0,0,21000,0,21000,65000
020000,富邦特選蘋果N   ,0,0,0,0,0,0,0,0,0,65000,0,0,0,66000,1000,65000,65000
063084,可成凱基9C購01  ,0,0,0,0,0,0,0,0,0,65000,0,0,0,68000,3000,65000,65000
058645,康控富邦01購01  ,0,0,0,0,0,0,0,0,0,65000,0,0,0,315000,250000,65000,65000
061625,聯茂群益9A購02  ,0,0,0,0,0,0,0,0,0,65000,0,0,0,65000,0,65000,65000
062085,同欣電元大9B購01,0,0,0,0,0,0,0,0,0,65000,0,0,0,66000,1000,65000,65000
061055,康控群益9A購01  ,0,0,0,0,0,0,0,0,0,65000,0,0,0,80000,15000,65000,65000
064097,友訊群益9C購01  ,0,0,0,0,0,0,0,0,0,65000,0,0,0,65000,0,65000,65000
064139,裕隆統一01購02  ,0,0,0,0,0,0,0,0,0,65000,0,0,0,65000,0,65000,65000
060340,國巨統一01購02  ,0,0,0,0,0,0,0,0,0,65000,0,0,0,67000,2000,65000,65000
065582,景碩國泰01購01  ,0,0,0,0,0,0,0,0,0,65000,0,0,0,121000,56000,65000,65000
066661,友達凱基03購01  ,0,0,0,0,0,0,0,0,0,65000,0,0,0,75000,10000,65000,65000
066567,臻鼎元大01購01  ,0,0,0,0,0,0,0,0,0,65000,0,0,0,140000,75000,65000,65000
08585P,台表科群益9C售04,0,0,0,0,0,0,0,0,0,65000,0,0,0,65000,0,65000,65000
1528,恩德            ,95000,30000,65000,0,0,0,0,0,0,0,0,0,0,0,0,0,65000
068674,聯發科統一03購12,0,0,0,0,0,0,0,0,0,64000,0,0,0,208000,144000,64000,64000
08036P,嘉澤群益9B售03  ,0,0,0,0,0,0,0,0,0,64000,0,0,0,100000,36000,64000,64000
067682,上緯控元大01購02,0,0,0,0,0,0,0,0,0,64000,0,0,0,127000,63000,64000,64000
067788,致伸群益03購02  ,0,0,0,0,0,0,0,0,0,64000,0,0,0,93000,29000,64000,64000
059208,SGBR2X元大99購02,0,0,0,0,0,0,0,0,0,64000,0,0,0,64000,0,64000,64000
058149,百和元大99購02  ,0,0,0,0,0,0,0,0,0,64000,0,0,0,75000,11000,64000,64000
057802,卜蜂元大98購01  ,0,0,0,0,0,0,0,0,0,64000,0,0,0,64000,0,64000,64000
059754,訊芯群益9A購01  ,0,0,0,0,0,0,0,0,0,64000,0,0,0,64000,0,64000,64000
063963,鴻海國票01購01  ,0,0,0,0,0,0,0,0,0,64000,0,0,0,91000,27000,64000,64000
061195,健策永豐9B購02  ,0,0,0,0,0,0,0,0,0,64000,0,0,0,67000,3000,64000,64000
062268,力山群益9B購01  ,0,0,0,0,0,0,0,0,0,64000,0,0,0,150000,86000,64000,64000
061735,上銀凱基9B購01  ,0,0,0,0,0,0,0,0,0,64000,0,0,0,64000,0,64000,64000
063649,南六元大9C購02  ,0,0,0,0,0,0,0,0,0,64000,0,0,0,91000,27000,64000,64000
065892,聯發科統一02購04,0,0,0,0,0,0,0,0,0,64000,0,0,0,64000,0,64000,64000
065913,光寶科凱基01購01,0,0,0,0,0,0,0,0,0,64000,0,0,0,65000,1000,64000,64000
065424,華新凱基02購01  ,0,0,0,0,0,0,0,0,0,64000,0,0,0,87000,23000,64000,64000
065096,世芯元大9C購03  ,0,0,0,0,0,0,0,0,0,64000,0,0,0,64000,0,64000,64000
064810,嘉晶元大01購01  ,0,0,0,0,0,0,0,0,0,64000,0,0,0,95000,31000,64000,64000
08458P,南電元大9C售04  ,0,0,0,0,0,0,0,0,0,64000,0,0,0,174000,110000,64000,64000
08834P,聯發科統一01售11,0,0,0,0,0,0,0,0,0,64000,0,0,0,110000,46000,64000,64000
068086,世紀鋼凱基03購02,0,0,0,0,0,0,0,0,0,63000,0,0,0,63000,0,63000,63000
067190,智伸科凱基02購01,0,0,0,0,0,0,0,0,0,63000,0,0,0,73000,10000,63000,63000
08262P,茂林元大9C售01  ,0,0,0,0,0,0,0,0,0,63000,0,0,0,111000,48000,63000,63000
068825,京鼎元大02購02  ,0,0,0,0,0,0,0,0,0,63000,0,0,0,174000,111000,63000,63000
068263,台灣50永豐01購01,0,0,0,0,0,0,0,0,0,63000,0,0,0,64000,1000,63000,63000
068479,帆宣群益01購02  ,0,0,0,0,0,0,0,0,0,63000,0,0,0,235000,172000,63000,63000
056764,友達元大9A購03  ,0,0,0,0,0,0,0,0,0,63000,0,0,0,220000,157000,63000,63000
054756,世紀鋼凱基99購01,0,0,0,0,0,0,0,0,0,63000,0,0,0,65000,2000,63000,63000
00670L,富邦NASDAQ正2   ,0,2000,-2000,0,0,0,0,0,0,65000,0,0,0,202000,137000,65000,63000
063769,玉晶光國泰02購01,0,0,0,0,0,0,0,0,0,63000,0,0,0,63000,0,63000,63000
062076,美律元大9B購02  ,0,0,0,0,0,0,0,0,0,63000,0,0,0,64000,1000,63000,63000
064101,可成群益01購01  ,0,0,0,0,0,0,0,0,0,63000,0,0,0,74000,11000,63000,63000
060688,世紀鋼元大9C購01,0,0,0,0,0,0,0,0,0,63000,0,0,0,63000,0,63000,63000
065264,亞光元大9C購02  ,0,0,0,0,0,0,0,0,0,63000,0,0,0,124000,61000,63000,63000
066287,訊芯元大01購01  ,0,0,0,0,0,0,0,0,0,63000,0,0,0,453000,390000,63000,63000
066619,永光凱基01購01  ,0,0,0,0,0,0,0,0,0,63000,0,0,0,113000,50000,63000,63000
066845,亞光元大01購02  ,0,0,0,0,0,0,0,0,0,63000,0,0,0,113000,50000,63000,63000
066884,亞光永豐01購01  ,0,0,0,0,0,0,0,0,0,63000,0,0,0,108000,45000,63000,63000
068508,世紀鋼元大01購05,0,0,0,0,0,0,0,0,0,62000,0,0,0,115000,53000,62000,62000
068226,聯發科元富04購02,0,0,0,0,0,0,0,0,0,62000,0,0,0,65000,3000,62000,62000
00668,國泰美國道瓊    ,0,0,0,0,0,0,0,0,0,62000,0,0,0,80000,18000,62000,62000
057354,聯鈞統一99購03  ,0,0,0,0,0,0,0,0,0,62000,0,0,0,120000,58000,62000,62000
060710,上銀永豐9A購01  ,0,0,0,0,0,0,0,0,0,62000,0,0,0,62000,0,62000,62000
062971,英業達元富9B購01,0,0,0,0,0,0,0,0,0,62000,0,0,0,70000,8000,62000,62000
08904P,為升國票03售01  ,0,0,0,0,0,0,0,0,0,62000,0,0,0,113000,51000,62000,62000
2455,全新            ,227000,186000,41000,0,0,0,0,0,0,21000,42000,39000,3000,67000,49000,18000,62000
067286,新日興國票02購02,0,0,0,0,0,0,0,0,0,61000,0,0,0,73000,12000,61000,61000
067392,欣興國泰03購01  ,0,0,0,0,0,0,0,0,0,61000,0,0,0,124000,63000,61000,61000
068472,聯發科群益01購12,0,0,0,0,0,0,0,0,0,61000,0,0,0,61000,0,61000,61000
058010,帆宣國票98購01  ,0,0,0,0,0,0,0,0,0,61000,0,0,0,140000,79000,61000,61000
063613,全新群益9C購01  ,0,0,0,0,0,0,0,0,0,61000,0,0,0,155000,94000,61000,61000
060836,上銀國票9A購03  ,0,0,0,0,0,0,0,0,0,61000,0,0,0,61000,0,61000,61000
062352,南六群益9B購02  ,0,0,0,0,0,0,0,0,0,61000,0,0,0,184000,123000,61000,61000
061253,臺股指群益9A購04,0,0,0,0,0,0,0,0,0,61000,0,0,0,162000,101000,61000,61000
066550,國泰金元大01購01,0,0,0,0,0,0,0,0,0,61000,0,0,0,66000,5000,61000,61000
066051,景碩元大01購01  ,2000,0,2000,0,0,0,0,0,0,59000,0,0,0,533000,474000,59000,61000
065751,台光電元大9C購06,0,0,0,0,0,0,0,0,0,61000,0,0,0,89000,28000,61000,61000
065352,GIS統一01購04   ,0,0,0,0,0,0,0,0,0,61000,0,0,0,61000,0,61000,61000
065540,台表科統一02購05,0,10000,-10000,0,0,0,0,0,0,71000,0,0,0,102000,31000,71000,61000
064375,智邦元富03購01  ,0,0,0,0,0,0,0,0,0,61000,0,0,0,93000,32000,61000,61000
4967,十銓            ,282000,221000,61000,0,0,0,0,0,0,0,0,0,0,0,0,0,61000
068608,景碩凱基01購01  ,0,0,0,0,0,0,0,0,0,60000,0,0,0,446000,386000,60000,60000
08187P,大毅群益9B售04  ,0,0,0,0,0,0,0,0,0,60000,0,0,0,160000,100000,60000,60000
08118P,嘉澤元富9B售02  ,0,0,0,0,0,0,0,0,0,60000,0,0,0,100000,40000,60000,60000
08439P,智邦國票01售02  ,0,0,0,0,0,0,0,0,0,60000,0,0,0,60000,0,60000,60000
07993P,寶成群益9B售01  ,0,0,0,0,0,0,0,0,0,60000,0,0,0,60000,0,60000,60000
07916P,臺股指元大9B售22,0,0,0,0,0,0,0,0,0,60000,0,0,0,60000,0,60000,60000
07880P,可成群益9B售05  ,0,0,0,0,0,0,0,0,0,60000,0,0,0,60000,0,60000,60000
07850P,健策群益9A售06  ,0,0,0,0,0,0,0,0,0,60000,0,0,0,60000,0,60000,60000
06970P,旺宏元大99售08  ,0,0,0,0,0,0,0,0,0,60000,0,0,0,60000,0,60000,60000
068081,GIS凱基01購03   ,0,0,0,0,0,0,0,0,0,60000,0,0,0,70000,10000,60000,60000
067946,聯發科國泰03購04,0,0,0,0,0,0,0,0,0,60000,0,0,0,166000,106000,60000,60000
059474,元石油群益99購01,0,0,0,0,0,0,0,0,0,60000,0,0,0,60000,0,60000,60000
058399,美律元大99購05  ,0,0,0,0,0,0,0,0,0,60000,0,0,0,60000,0,60000,60000
059194,元金2X永豐99購01,0,0,0,0,0,0,0,0,0,60000,0,0,0,60000,0,60000,60000
062910,亞光元大9B購01  ,0,0,0,0,0,0,0,0,0,60000,0,0,0,116000,56000,60000,60000
056518,美律國票99購01  ,0,0,0,0,0,0,0,0,0,60000,0,0,0,60000,0,60000,60000
03021P,玉晶光群益02售25,0,0,0,0,0,0,0,0,0,60000,0,0,0,60000,0,60000,60000
056605,台積電富邦9B購02,0,0,0,0,0,0,0,0,0,60000,0,0,0,60000,0,60000,60000
056999,元油2X國票98購02,0,0,0,0,0,0,0,0,0,60000,0,0,0,60000,0,60000,60000
064184,矽格富邦02購01  ,0,0,0,0,0,0,0,0,0,60000,0,0,0,60000,0,60000,60000
062697,國巨元大9C購01  ,0,0,0,0,0,0,0,0,0,60000,0,0,0,151000,91000,60000,60000
060666,聯茂凱基9A購02  ,0,0,0,0,0,0,0,0,0,60000,0,0,0,70000,10000,60000,60000
06296P,燿華元大98售01  ,0,0,0,0,0,0,0,0,0,60000,0,0,0,60000,0,60000,60000
063261,康控富邦03購01  ,0,0,0,0,0,0,0,0,0,60000,0,0,0,60000,0,60000,60000
063289,台表科元大9B購07,0,0,0,0,0,0,0,0,0,60000,0,0,0,91000,31000,60000,60000
062151,世紀鋼國票01購01,0,0,0,0,0,0,0,0,0,60000,0,0,0,60000,0,60000,60000
062176,元金2X元大9B購01,0,0,0,0,0,0,0,0,0,60000,0,0,0,60000,0,60000,60000
061923,友達凱基9B購04  ,0,0,0,0,0,0,0,0,0,60000,0,0,0,62000,2000,60000,60000
061905,上証反中信03購01,0,0,0,0,0,0,0,0,0,60000,0,0,0,60000,0,60000,60000
064386,友達富邦01購01  ,0,0,0,0,0,0,0,0,0,60000,0,0,0,70000,10000,60000,60000
064913,燿華統一02購01  ,0,0,0,0,0,0,0,0,0,60000,0,0,0,60000,0,60000,60000
064758,可成凱基02購02  ,0,0,0,0,0,0,0,0,0,60000,0,0,0,80000,20000,60000,60000
065193,和大元富03購02  ,0,0,0,0,0,0,0,0,0,60000,0,0,0,60000,0,60000,60000
065946,鴻海統一03購03  ,0,0,0,0,0,0,0,0,0,60000,0,0,0,60000,0,60000,60000
066014,嘉晶元富07購01  ,0,0,0,0,0,0,0,0,0,60000,0,0,0,60000,0,60000,60000
066472,美利達統一02購01,0,0,0,0,0,0,0,0,0,60000,0,0,0,60000,0,60000,60000
4725,信昌化          ,0,0,0,0,0,0,0,0,0,60000,0,0,0,60000,0,60000,60000
4306,炎洲            ,110000,50000,60000,0,0,0,0,0,0,0,0,0,0,0,0,0,60000
08876P,台積電中信07售03,0,0,0,0,0,0,0,0,0,60000,0,0,0,60000,0,60000,60000
08680P,聯發科元大01售10,0,0,0,0,0,0,0,0,0,60000,0,0,0,60000,0,60000,60000
08561P,台表科國票01售02,0,0,0,0,0,0,0,0,0,60000,0,0,0,60000,0,60000,60000
08666P,智邦國票02售01  ,0,0,0,0,0,0,0,0,0,60000,0,0,0,60000,0,60000,60000
067969,玉晶光群益02購19,0,0,0,0,0,0,0,0,0,59000,0,0,0,59000,0,59000,59000
068010,台郡元大01購06  ,0,0,0,0,0,0,0,0,0,59000,0,0,0,153000,94000,59000,59000
067039,生達凱基01購01  ,0,0,0,0,0,0,0,0,0,59000,0,0,0,60000,1000,59000,59000
07284P,大立光凱基99售10,0,0,0,0,0,0,0,0,0,59000,0,0,0,60000,1000,59000,59000
057085,立積統一9B購02  ,0,0,0,0,0,0,0,0,0,59000,0,0,0,135000,76000,59000,59000
057141,嘉聯益兆豐99購01,0,0,0,0,0,0,0,0,0,59000,0,0,0,259000,200000,59000,59000
054658,道瓊銀元大9A購01,0,0,0,0,0,0,0,0,0,59000,0,0,0,59000,0,59000,59000
03427B,臺股指元大9A熊02,0,0,0,0,0,0,0,0,0,59000,0,0,0,193000,134000,59000,59000
03205P,聯發科凱基01售24,0,0,0,0,0,0,0,0,0,59000,0,0,0,87000,28000,59000,59000
059170,康控凱基9B購01  ,0,0,0,0,0,0,0,0,0,59000,0,0,0,76000,17000,59000,59000
057568,友訊永豐99購01  ,0,0,0,0,0,0,0,0,0,59000,0,0,0,59000,0,59000,59000
061942,亞德客群益9B購01,0,0,0,0,0,0,0,0,0,59000,0,0,0,68000,9000,59000,59000
063449,全新統一9B購02  ,0,0,0,0,0,0,0,0,0,59000,0,0,0,268000,209000,59000,59000
060422,台勝科永豐9A購01,0,0,0,0,0,0,0,0,0,59000,0,0,0,60000,1000,59000,59000
062386,京鼎國泰9C購01  ,0,0,0,0,0,0,0,0,0,59000,0,0,0,59000,0,59000,59000
064113,新日興國票01購01,0,0,0,0,0,0,0,0,0,59000,0,0,0,64000,5000,59000,59000
064129,新日興元大9C購02,0,0,0,0,0,0,0,0,0,59000,0,0,0,59000,0,59000,59000
064902,健策群益01購03  ,0,0,0,0,0,0,0,0,0,59000,0,0,0,73000,14000,59000,59000
064946,台積電凱基01購07,0,0,0,0,0,0,0,0,0,59000,0,0,0,70000,11000,59000,59000
08675P,旺宏群益01售03  ,0,0,0,0,0,0,0,0,0,59000,0,0,0,63000,4000,59000,59000
08728P,緯穎群益01售01  ,0,0,0,0,0,0,0,0,0,59000,0,0,0,59000,0,59000,59000
08890P,為升元大01售04  ,0,0,0,0,0,0,0,0,0,59000,0,0,0,74000,15000,59000,59000
1608,華榮            ,77000,18000,59000,0,0,0,0,0,0,0,0,0,0,0,0,0,59000
3622,洋華            ,75000,15000,60000,0,0,0,0,0,0,-1000,0,1000,-1000,0,0,0,59000
067783,高鐵群益02購01  ,0,0,0,0,0,0,0,0,0,58000,0,0,0,71000,13000,58000,58000
062886,中興電群益9B購01,0,0,0,0,0,0,0,0,0,58000,0,0,0,109000,51000,58000,58000
03243P,台積電統一02售08,0,0,0,0,0,0,0,0,0,58000,0,0,0,58000,0,58000,58000
053965,聯電元大98購04  ,0,0,0,0,0,0,0,0,0,58000,0,0,0,58000,0,58000,58000
064233,燿華統一9C購02  ,0,0,0,0,0,0,0,0,0,58000,0,0,0,255000,197000,58000,58000
060678,聯詠元大9A購03  ,0,0,0,0,0,0,0,0,0,58000,0,0,0,60000,2000,58000,58000
065231,宏達電凱基01購01,0,0,0,0,0,0,0,0,0,58000,0,0,0,58000,0,58000,58000
066176,華擎凱基01購01  ,0,0,0,0,0,0,0,0,0,58000,0,0,0,197000,139000,58000,58000
08815P,聯發科國泰03售03,0,0,0,0,0,0,0,0,0,58000,0,0,0,205000,147000,58000,58000
06954P,大立光元富99售01,0,0,0,0,0,0,0,0,0,57000,0,0,0,57000,0,57000,57000
08090P,嘉澤統一9B售01  ,0,0,0,0,0,0,0,0,0,57000,0,0,0,100000,43000,57000,57000
063078,元金2X凱基02購03,0,0,0,0,0,0,0,0,0,57000,0,0,0,67000,10000,57000,57000
063214,康控國票9C購01  ,0,0,0,0,0,0,0,0,0,57000,0,0,0,60000,3000,57000,57000
063717,宏達電兆豐9B購02,0,0,0,0,0,0,0,0,0,57000,0,0,0,68000,11000,57000,57000
066130,燿華群益01購03  ,0,0,0,0,0,0,0,0,0,57000,0,0,0,95000,38000,57000,57000
064674,鈺齊元大9C購01  ,0,0,0,0,0,0,0,0,0,57000,0,0,0,173000,116000,57000,57000
064624,群創元大02購01  ,0,0,0,0,0,0,0,0,0,57000,0,0,0,110000,53000,57000,57000
064561,友達群益9C購02  ,0,0,0,0,0,0,0,0,0,57000,0,0,0,93000,36000,57000,57000
1217,愛之味          ,93000,36000,57000,0,0,0,0,0,0,0,0,0,0,0,0,0,57000
07011P,宏達電凱基99售02,0,0,0,0,0,0,0,0,0,56000,0,0,0,76000,20000,56000,56000
07855P,旺宏凱基9A售09  ,0,0,0,0,0,0,0,0,0,56000,0,0,0,56000,0,56000,56000
068390,聯詠統一03購01  ,0,0,0,0,0,0,0,0,0,56000,0,0,0,720000,664000,56000,56000
057837,康控國泰99購02  ,0,0,0,0,0,0,0,0,0,56000,0,0,0,56000,0,56000,56000
063680,寶成富邦9C購01  ,0,0,0,0,0,0,0,0,0,56000,0,0,0,274000,218000,56000,56000
062153,智邦麥證9B購01  ,0,0,0,128000,75000,53000,0,0,0,56000,0,0,0,141000,85000,56000,56000
060406,瑞祺國泰9B購01  ,0,0,0,0,0,0,0,0,0,56000,0,0,0,56000,0,56000,56000
060865,創意永豐9A購01  ,0,0,0,0,0,0,0,0,0,56000,0,0,0,243000,187000,56000,56000
061262,智邦凱基9A購02  ,0,0,0,0,0,0,0,0,0,56000,0,0,0,109000,53000,56000,56000
061177,大立光凱基9A購10,0,0,0,0,0,0,0,0,0,56000,0,0,0,105000,49000,56000,56000
064044,台光電統一01購03,0,0,0,0,0,0,0,0,0,56000,0,0,0,56000,0,56000,56000
064781,嘉晶群益9C購04  ,0,0,0,0,0,0,0,0,0,56000,0,0,0,60000,4000,56000,56000
064937,英業達元富9C購01,0,0,0,0,0,0,0,0,0,56000,0,0,0,56000,0,56000,56000
066915,訊芯凱基02購01  ,0,0,0,0,0,0,0,0,0,56000,0,0,0,140000,84000,56000,56000
2013,中鋼構          ,174000,122000,52000,0,0,0,0,0,0,4000,4000,0,4000,0,0,0,56000
08719P,華通元大01售04  ,0,0,0,0,0,0,0,0,0,56000,0,0,0,78000,22000,56000,56000
3679,新至陞          ,111000,55000,56000,0,0,0,0,0,0,0,0,0,0,0,0,0,56000
3583,辛耘            ,251000,403000,-152000,0,0,0,168000,0,168000,40000,40000,0,40000,0,0,0,56000
068451,台積電國票01購11,0,0,0,0,0,0,0,0,0,55000,0,0,0,81000,26000,55000,55000
068492,聯發科元大01購29,0,0,0,0,0,0,0,0,0,55000,0,0,0,137000,82000,55000,55000
068759,台船永豐02購01  ,0,0,0,0,0,0,0,0,0,55000,0,0,0,78000,23000,55000,55000
08213P,台光電統一9B售03,0,0,0,0,0,0,0,0,0,55000,0,0,0,55000,0,55000,55000
08312P,旺宏國票01售01  ,0,0,0,0,0,0,0,0,0,55000,0,0,0,60000,5000,55000,55000
068221,聯發科統一05購01,0,0,0,0,0,0,0,0,0,55000,0,0,0,240000,185000,55000,55000
057546,台積電凱基02購01,0,0,0,0,0,0,0,0,0,55000,0,0,0,55000,0,55000,55000
058014,上銀凱基99購02  ,0,0,0,0,0,0,0,0,0,55000,0,0,0,55000,0,55000,55000
054546,玉晶光中信9B購01,0,0,0,0,0,0,0,0,0,55000,0,0,0,55000,0,55000,55000
03023P,玉晶光群益02售27,0,0,0,0,0,0,0,0,0,55000,0,0,0,60000,5000,55000,55000
00688L,國泰20年美債正2 ,0,0,0,0,0,0,0,0,0,55000,0,0,0,155000,100000,55000,55000
063845,旺宏元大9C購03  ,0,0,0,0,0,0,0,0,0,55000,0,0,0,83000,28000,55000,55000
061198,世紀鋼永豐9A購03,0,0,0,0,0,0,0,0,0,55000,0,0,0,55000,0,55000,55000
060609,玉晶光凱基9B購01,0,0,0,0,0,0,0,0,0,55000,0,0,0,57000,2000,55000,55000
062305,遠東新凱基9B購01,0,0,0,0,0,0,0,0,0,55000,0,0,0,58000,3000,55000,55000
062650,南電富邦01購01  ,0,0,0,0,0,0,0,0,0,55000,0,0,0,111000,56000,55000,55000
061489,高鐵兆豐9A購01  ,0,0,0,0,0,0,0,0,0,55000,0,0,0,179000,124000,55000,55000
061537,SP黃豆群益9A購02,0,0,0,0,0,0,0,0,0,55000,0,0,0,55000,0,55000,55000
063338,國巨統一9C購11  ,0,0,0,0,0,0,0,0,0,55000,0,0,0,55000,0,55000,55000
066097,英業達中信02購01,0,0,0,0,0,0,0,0,0,55000,0,0,0,485000,430000,55000,55000
064870,中租永豐9C購01  ,0,0,0,0,0,0,0,0,0,55000,0,0,0,79000,24000,55000,55000
064730,超眾統一02購02  ,0,0,0,0,0,0,0,0,0,55000,0,0,0,55000,0,55000,55000
064644,台光電凱基9C購01,0,0,0,0,0,0,0,0,0,55000,0,0,0,123000,68000,55000,55000
065413,玉晶光永豐9C購10,0,0,0,0,0,0,0,0,0,55000,0,0,0,55000,0,55000,55000
065447,緯創統一02購02  ,0,0,0,0,0,0,0,0,0,55000,0,0,0,139000,84000,55000,55000
068001,欣興元大01購08  ,0,0,0,0,0,0,0,0,0,54000,0,0,0,114000,60000,54000,54000
067921,旭富永豐01購02  ,0,0,0,0,0,0,0,0,0,54000,0,0,0,54000,0,54000,54000
067775,GIS統一02購04   ,0,0,0,0,0,0,0,0,0,54000,0,0,0,339000,285000,54000,54000
08191P,鴻海台新9B售03  ,0,0,0,0,0,0,0,0,0,54000,0,0,0,118000,64000,54000,54000
00660,元大歐洲50      ,0,0,0,0,0,0,0,0,0,54000,0,0,0,57000,3000,54000,54000
03086P,台積電元大01售37,0,0,0,0,0,0,0,0,0,54000,0,0,0,54000,0,54000,54000
063760,聯詠統一9C購02  ,0,0,0,0,0,0,0,0,0,54000,0,0,0,54000,0,54000,54000
061930,臺股指凱基9B購05,0,0,0,0,0,0,0,0,0,54000,0,0,0,74000,20000,54000,54000
061457,TPK凱基9A購01   ,0,0,0,0,0,0,0,0,0,54000,0,0,0,54000,0,54000,54000
062037,華新凱基9B購01  ,0,0,0,0,0,0,0,0,0,54000,0,0,0,62000,8000,54000,54000
065571,神基群益01購01  ,0,0,0,0,0,0,0,0,0,54000,0,0,0,60000,6000,54000,54000
066564,智伸科元大01購01,0,0,0,0,0,0,0,0,0,54000,0,0,0,54000,0,54000,54000
4952,凌通            ,60000,6000,54000,0,0,0,0,0,0,0,0,0,0,0,0,0,54000
6715,嘉基            ,110000,93000,17000,0,0,0,43000,0,43000,-6000,0,0,0,21000,27000,-6000,54000
6552,易華電          ,210000,156000,54000,0,0,0,0,0,0,0,0,0,0,0,0,0,54000
06990P,康友元富99售03  ,0,0,0,0,0,0,0,0,0,53000,0,0,0,60000,7000,53000,53000
068474,義隆群益01購05  ,0,0,0,0,0,0,0,0,0,53000,0,0,0,108000,55000,53000,53000
068033,國產元富01購01  ,0,0,0,0,0,0,0,0,0,53000,0,0,0,167000,114000,53000,53000
067256,新唐國票02購01  ,0,0,0,0,0,0,0,0,0,53000,0,0,0,62000,9000,53000,53000
03182P,聯電元大01售08  ,0,0,0,0,0,0,0,0,0,53000,0,0,0,215000,162000,53000,53000
00651R,FH香港反1       ,0,0,0,0,0,0,0,0,0,53000,0,0,0,984000,931000,53000,53000
00646,元大S&P500      ,0,15000,-15000,0,0,0,0,0,0,68000,6000,0,6000,70000,8000,62000,53000
053569,漢唐統一98購01  ,0,0,0,0,0,0,0,0,0,53000,0,0,0,53000,0,53000,53000
060133,牧德群益9B購01  ,0,0,0,0,0,0,0,0,0,53000,0,0,0,53000,0,53000,53000
062422,億光統一01購01  ,0,0,0,0,0,0,0,0,0,53000,0,0,0,319000,266000,53000,53000
062161,南六凱基9C購01  ,0,0,0,0,0,0,0,0,0,53000,0,0,0,87000,34000,53000,53000
063239,建準元大9B購01  ,0,0,0,0,0,0,0,0,0,53000,0,0,0,76000,23000,53000,53000
066364,可成中信03購01  ,0,0,0,0,0,0,0,0,0,53000,0,0,0,53000,0,53000,53000
066910,華擎凱基01購03  ,0,0,0,0,0,0,0,0,0,53000,0,0,0,261000,208000,53000,53000
065781,創意富邦01購01  ,0,0,0,0,0,0,0,0,0,53000,0,0,0,75000,22000,53000,53000
065456,義隆元富9C購03  ,0,0,0,0,0,0,0,0,0,53000,0,0,0,79000,26000,53000,53000
065160,聯茂群益9C購02  ,0,0,0,0,0,0,0,0,0,53000,0,0,0,93000,40000,53000,53000
3024,憶聲            ,91000,36000,55000,0,0,0,0,0,0,-2000,0,2000,-2000,0,0,0,53000
2413,環科            ,62000,9000,53000,0,0,0,0,0,0,0,0,0,0,0,0,0,53000
067983,SP黃豆元大01購03,0,0,0,0,0,0,0,0,0,52000,0,0,0,52000,0,52000,52000
060060,台積電兆豐99購05,0,0,0,0,0,0,0,0,0,52000,0,0,0,52000,0,52000,52000
058522,聯茂元大99購07  ,0,0,0,0,0,0,0,0,0,52000,0,0,0,120000,68000,52000,52000
063155,緯穎元富9B購03  ,0,0,0,0,0,0,0,0,0,52000,0,0,0,102000,50000,52000,52000
059343,宏達電凱基99購04,0,0,0,0,0,0,0,0,0,52000,0,0,0,64000,12000,52000,52000
055653,聯詠元富01購02  ,0,0,0,0,0,0,0,0,0,52000,0,0,0,52000,0,52000,52000
063291,緯穎元大01購01  ,0,0,0,0,0,0,0,0,0,52000,0,0,0,104000,52000,52000,52000
063745,喬山國票9C購01  ,0,0,0,0,0,0,0,0,0,52000,0,0,0,52000,0,52000,52000
065391,和大群益01購03  ,0,0,0,0,0,0,0,0,0,52000,0,0,0,186000,134000,52000,52000
064822,台達電統一01購03,0,0,0,0,0,0,0,0,0,52000,0,0,0,55000,3000,52000,52000
066066,鴻海凱基01購05  ,0,0,0,0,0,0,0,0,0,52000,0,0,0,55000,3000,52000,52000
066191,惠特凱基01購02  ,0,0,0,0,0,0,0,0,0,52000,0,0,0,180000,128000,52000,52000
3022,威強電          ,98000,45000,53000,0,0,0,0,0,0,-1000,0,1000,-1000,0,0,0,52000
08974P,可成群益02售02  ,0,0,0,0,0,0,0,0,0,52000,0,0,0,60000,8000,52000,52000
4739,康普            ,132000,71000,61000,0,0,0,0,0,0,-9516,0,0,0,0,9516,-9516,51484
067761,致伸永豐01購01  ,0,0,0,0,0,0,0,0,0,51000,0,0,0,51000,0,51000,51000
067694,聚陽中信03購01  ,0,0,0,0,0,0,0,0,0,51000,0,0,0,129000,78000,51000,51000
068328,聯發科元大01購28,0,0,0,0,0,0,0,0,0,51000,0,0,0,152000,101000,51000,51000
068689,亞德客凱基02購01,0,0,0,0,0,0,0,0,0,51000,0,0,0,59000,8000,51000,51000
07819P,旺宏國票9B售01  ,0,0,0,0,0,0,0,0,0,51000,0,0,0,51000,0,51000,51000
03244P,台積電統一03售13,0,0,0,0,0,0,0,0,0,51000,0,0,0,51000,0,51000,51000
058750,緯穎凱基9A購03  ,0,0,0,0,0,0,0,0,0,51000,0,0,0,101000,50000,51000,51000
058077,超眾凱基98購02  ,0,0,0,0,0,0,0,0,0,51000,0,0,0,80000,29000,51000,51000
063656,台光電元富03購01,0,0,0,0,0,0,0,0,0,51000,0,0,0,51000,0,51000,51000
061879,超眾元大9C購01  ,0,0,0,0,0,0,0,0,0,51000,0,0,0,83000,32000,51000,51000
061668,信邦中信9B購01  ,0,0,0,0,0,0,0,0,0,51000,0,0,0,51000,0,51000,51000
066202,大立光統一02購07,0,0,0,0,0,0,0,0,0,51000,0,0,0,68000,17000,51000,51000
065879,瑞祺群益9C購02  ,0,0,0,0,0,0,0,0,0,51000,0,0,0,98000,47000,51000,51000
064756,友達凱基02購02  ,0,0,0,0,0,0,0,0,0,51000,0,0,0,115000,64000,51000,51000
2351,順德            ,65000,43000,22000,0,0,0,0,0,0,29000,8000,0,8000,21000,0,21000,51000
2231,為升            ,145000,70000,75000,0,0,0,0,0,0,-24000,2000,3000,-1000,15000,38000,-23000,51000
08839P,臺股指麥證01售06,0,0,0,51000,0,51000,0,0,0,51000,0,0,0,51000,0,51000,51000
08855P,台灣50國票01售05,0,0,0,0,0,0,0,0,0,51000,0,0,0,83000,32000,51000,51000
07106P,國巨統一9B售05  ,0,0,0,0,0,0,0,0,0,50000,0,0,0,50000,0,50000,50000
07070P,晶相光元富99售01,0,0,0,0,0,0,0,0,0,50000,0,0,0,50000,0,50000,50000
07195P,大立光元大99售12,0,0,0,0,0,0,0,0,0,50000,0,0,0,50000,0,50000,50000
07230P,滬深2X群益01售02,0,0,0,0,0,0,0,0,0,50000,0,0,0,80000,30000,50000,50000
07360P,台積電元大99售46,0,0,0,0,0,0,0,0,0,50000,0,0,0,50000,0,50000,50000
07391P,台灣50國泰02售01,0,0,0,0,0,0,0,0,0,50000,0,0,0,50000,0,50000,50000
08225P,臺股指凱基9B售20,0,0,0,0,0,0,0,0,0,50000,0,0,0,50000,0,50000,50000
068685,台積電中信02購03,0,0,0,0,0,0,0,0,0,50000,0,0,0,50000,0,50000,50000
068791,元大金凱基02購01,0,0,0,0,0,0,0,0,0,50000,0,0,0,50000,0,50000,50000
068549,旺宏群益01購05  ,0,0,0,0,0,0,0,0,0,50000,0,0,0,50000,0,50000,50000
067923,台勝科中信01購01,0,0,0,0,0,0,0,0,0,50000,0,0,0,85000,35000,50000,50000
068153,美律元大01購04  ,0,0,0,0,0,0,0,0,0,50000,0,0,0,52000,2000,50000,50000
067413,臺股指中信04購02,0,0,0,0,0,0,0,0,0,50000,0,0,0,50000,0,50000,50000
067557,可成國票01購01  ,0,0,0,0,0,0,0,0,0,50000,0,0,0,50000,0,50000,50000
067602,億光凱基01購01  ,0,0,0,0,0,0,0,0,0,50000,0,0,0,59000,9000,50000,50000
058145,聯茂元大99購03  ,0,0,0,0,0,0,0,0,0,50000,0,0,0,50000,0,50000,50000
058015,旺宏凱基99購02  ,0,0,0,0,0,0,0,0,0,50000,0,0,0,50000,0,50000,50000
058062,上銀中信98購01  ,0,0,0,0,0,0,0,0,0,50000,0,0,0,50000,0,50000,50000
060281,卜蜂元大9C購01  ,0,0,0,0,0,0,0,0,0,50000,0,0,0,50000,0,50000,50000
057980,聯詠永豐98購01  ,0,0,0,0,0,0,0,0,0,50000,0,0,0,50000,0,50000,50000
060051,台積電凱基9B購01,0,0,0,0,0,0,0,0,0,50000,0,0,0,50000,0,50000,50000
058596,旺宏台新99購01  ,0,0,0,0,0,0,0,0,0,50000,0,0,0,50000,0,50000,50000
057929,上銀群益98購02  ,0,0,0,0,0,0,0,0,0,50000,0,0,0,50000,0,50000,50000
058240,景碩元大99購04  ,0,0,0,0,0,0,0,0,0,50000,0,0,0,50000,0,50000,50000
058762,貿聯群益99購03  ,0,0,0,0,0,0,0,0,0,50000,0,0,0,50000,0,50000,50000
062721,美律凱基9B購02  ,0,0,0,0,0,0,0,0,0,50000,0,0,0,75000,25000,50000,50000
03027P,玉晶光元大01售09,0,0,0,0,0,0,0,0,0,50000,0,0,0,70000,20000,50000,50000
03019P,全新群益01售01  ,0,0,0,0,0,0,0,0,0,50000,0,0,0,50000,0,50000,50000
056444,南亞科凱基99購01,0,0,0,0,0,0,0,0,0,50000,0,0,0,50000,0,50000,50000
056358,友訊元大99購01  ,0,0,0,0,0,0,0,0,0,50000,0,0,0,50000,0,50000,50000
057397,茂林中信9A購01  ,0,0,0,0,0,0,0,0,0,50000,0,0,0,50000,0,50000,50000
056140,康控元大98購01  ,0,0,0,0,0,0,0,0,0,50000,0,0,0,50000,0,50000,50000
00736,國泰新興市場    ,17000,17000,0,0,0,0,0,0,0,50000,0,0,0,302000,252000,50000,50000
053799,矽創中信9A購01  ,0,0,0,0,0,0,0,0,0,50000,0,0,0,70000,20000,50000,50000
056834,華新元富99購01  ,0,0,0,0,0,0,0,0,0,50000,0,0,0,60000,10000,50000,50000
057145,上銀國票98購03  ,0,0,0,0,0,0,0,0,0,50000,0,0,0,50000,0,50000,50000
063485,巨大元大9B購04  ,0,0,0,0,0,0,0,0,0,50000,0,0,0,50000,0,50000,50000
061581,貿聯元大9A購05  ,0,0,0,0,0,0,0,0,0,50000,0,0,0,80000,30000,50000,50000
061461,元金2X群益9A購01,0,0,0,0,0,0,0,0,0,50000,0,0,0,50000,0,50000,50000
061004,友達兆豐9A購01  ,0,0,0,0,0,0,0,0,0,50000,0,0,0,50000,0,50000,50000
063691,聯鈞永豐9B購01  ,0,0,0,0,0,0,0,0,0,50000,0,0,0,81000,31000,50000,50000
062953,大立光永豐9B購01,0,0,0,0,0,0,0,0,0,50000,0,0,0,50000,0,50000,50000
060557,南電凱基9A購02  ,0,0,0,0,0,0,0,0,0,50000,0,0,0,70000,20000,50000,50000
060638,玉晶光永豐9A購04,0,0,0,0,0,0,0,0,0,50000,0,0,0,50000,0,50000,50000
060411,達新永豐9A購01  ,0,0,0,0,0,0,0,0,0,50000,0,0,0,50000,0,50000,50000
060788,嘉晶富邦9B購01  ,0,0,0,0,0,0,0,0,0,50000,0,0,0,50000,0,50000,50000
061335,國巨元大9A購19  ,0,0,0,0,0,0,0,0,0,50000,0,0,0,50000,0,50000,50000
061336,國巨元大9A購20  ,0,0,0,0,0,0,0,0,0,50000,0,0,0,50000,0,50000,50000
064211,友達凱基02購01  ,0,0,0,0,0,0,0,0,0,50000,0,0,0,120000,70000,50000,50000
064943,聚陽凱基9C購01  ,0,0,0,0,0,0,0,0,0,50000,0,0,0,50000,0,50000,50000
065560,同欣電麥證9C購02,0,0,0,50000,0,50000,0,0,0,50000,0,0,0,50000,0,50000,50000
065625,聯發科兆豐9C購06,0,0,0,0,0,0,0,0,0,50000,0,0,0,50000,0,50000,50000
065257,友訊元大01購01  ,0,0,0,0,0,0,0,0,0,50000,0,0,0,50000,0,50000,50000
065086,可成元大01購04  ,0,0,0,0,0,0,0,0,0,50000,0,0,0,50000,0,50000,50000
065906,瑞昱永豐9C購01  ,0,0,0,0,0,0,0,0,0,50000,0,0,0,117000,67000,50000,50000
065918,可成凱基01購01  ,0,0,0,0,0,0,0,0,0,50000,0,0,0,50000,0,50000,50000
065715,勤誠群益9C購01  ,0,0,0,0,0,0,0,0,0,50000,0,0,0,50000,0,50000,50000
066188,訊芯凱基01購01  ,0,0,0,0,0,0,0,0,0,50000,0,0,0,100000,50000,50000,50000
066175,聯鈞凱基01購01  ,0,0,0,0,0,0,0,0,0,50000,0,0,0,78000,28000,50000,50000
066929,國巨國票02購03  ,0,0,0,0,0,0,0,0,0,50000,0,0,0,58000,8000,50000,50000
06685P,鴻海國泰9A售01  ,0,0,0,0,0,0,0,0,0,50000,0,0,0,155000,105000,50000,50000
066739,揚明光元大01購01,0,0,0,0,0,0,0,0,0,50000,0,0,0,50000,0,50000,50000
066740,揚明光元大01購02,0,0,0,0,0,0,0,0,0,50000,0,0,0,50000,0,50000,50000
066372,惠特中信01購01  ,0,0,0,0,0,0,0,0,0,50000,0,0,0,336000,286000,50000,50000
066463,鎧勝統一02購01  ,0,0,0,0,0,0,0,0,0,50000,0,0,0,95000,45000,50000,50000
08716P,台積電兆豐01售02,0,0,0,0,0,0,0,0,0,50000,0,0,0,50000,0,50000,50000
08606P,聯發科國票9C售05,0,0,0,0,0,0,0,0,0,50000,0,0,0,110000,60000,50000,50000
1524,耿鼎            ,56000,6000,50000,0,0,0,0,0,0,0,0,0,0,0,0,0,50000
2889,國票金          ,651000,601000,50000,0,0,0,0,0,0,0,0,0,0,0,0,0,50000
4576,大銀微系統      ,72000,22000,50000,0,0,0,0,0,0,0,0,0,0,0,0,0,50000
067408,達方永豐01購02  ,0,0,0,0,0,0,0,0,0,49000,0,0,0,130000,81000,49000,49000
068190,台積電凱基01購20,0,0,0,0,0,0,0,0,0,49000,0,0,0,93000,44000,49000,49000
07217P,大立光凱基9A售05,0,0,0,0,0,0,0,0,0,49000,0,0,0,49000,0,49000,49000
059928,道瓊銀富邦03購01,0,0,0,0,0,0,0,0,0,49000,0,0,0,200000,151000,49000,49000
00851,台新全球AI      ,0,0,0,0,0,0,0,0,0,49000,0,0,0,109000,60000,49000,49000
056260,鴻海統一98購07  ,0,0,0,0,0,0,0,0,0,49000,0,0,0,49000,0,49000,49000
058540,嘉聯益國泰9A購02,0,0,0,0,0,0,0,0,0,49000,0,0,0,54000,5000,49000,49000
064049,信邦統一01購01  ,0,0,0,0,0,0,0,0,0,49000,0,0,0,49000,0,49000,49000
061260,台積電凱基9A購23,0,0,0,0,0,0,0,0,0,49000,0,0,0,50000,1000,49000,49000
06344P,臺股指統一99售03,0,0,0,0,0,0,0,0,0,49000,0,0,0,50000,1000,49000,49000
063597,健策中信9B購02  ,0,0,0,0,0,0,0,0,0,49000,0,0,0,64000,15000,49000,49000
062126,創意統一9B購01  ,0,0,0,0,0,0,0,0,0,49000,0,0,0,50000,1000,49000,49000
061680,崇越元大9A購01  ,0,0,0,0,0,0,0,0,0,49000,0,0,0,49000,0,49000,49000
066502,國巨富邦05購02  ,0,0,0,0,0,0,0,0,0,49000,0,0,0,72000,23000,49000,49000
065732,健策凱基9C購04  ,0,0,0,0,0,0,0,0,0,49000,0,0,0,78000,29000,49000,49000
065382,緯穎元大9C購04  ,0,0,0,0,0,0,0,0,0,49000,0,0,0,99000,50000,49000,49000
064805,金像電元大9C購04,0,0,0,0,0,0,0,0,0,49000,0,0,0,49000,0,49000,49000
064704,嘉晶國泰01購01  ,0,0,0,0,0,0,0,0,0,49000,0,0,0,59000,10000,49000,49000
064461,致伸統一01購01  ,0,0,0,0,0,0,0,0,0,49000,0,0,0,60000,11000,49000,49000
064426,群創兆豐9C購01  ,0,0,0,0,0,0,0,0,0,49000,0,0,0,287000,238000,49000,49000
08549P,大立光元大9C售25,0,0,0,0,0,0,0,0,0,49000,0,0,0,50000,1000,49000,49000
068289,國泰金群益01購01,0,0,0,0,0,0,0,0,0,48000,0,0,0,71000,23000,48000,48000
068106,南電永豐01購02  ,0,0,0,0,0,0,0,0,0,48000,0,0,0,253000,205000,48000,48000
062851,建準永豐9B購02  ,0,0,0,0,0,0,0,0,0,48000,0,0,0,202000,154000,48000,48000
058873,美律國票9A購02  ,0,0,0,0,0,0,0,0,0,48000,0,0,0,48000,0,48000,48000
055092,開發金群益9B購01,0,0,0,0,0,0,0,0,0,48000,0,0,0,110000,62000,48000,48000
064079,英業達中信9C購01,0,0,0,0,0,0,0,0,0,48000,0,0,0,119000,71000,48000,48000
064406,健策凱基03購01  ,0,0,0,0,0,0,0,0,0,48000,0,0,0,57000,9000,48000,48000
065502,康友富邦03購01  ,0,0,0,0,0,0,0,0,0,48000,0,0,0,63000,15000,48000,48000
066079,道瓊反國泰03購01,0,0,0,0,0,0,0,0,0,48000,0,0,0,50000,2000,48000,48000
08840P,臺股指麥證01售07,0,0,0,128000,80000,48000,0,0,0,48000,0,0,0,128000,80000,48000,48000
067970,玉晶光群益02購20,0,0,0,0,0,0,0,0,0,47000,0,0,0,59000,12000,47000,47000
068339,GIS元大01購05   ,0,0,0,0,0,0,0,0,0,47000,0,0,0,205000,158000,47000,47000
056146,台虹元大98購01  ,0,0,0,0,0,0,0,0,0,47000,0,0,0,48000,1000,47000,47000
064016,南六國票01購01  ,0,0,0,0,0,0,0,0,0,47000,0,0,0,90000,43000,47000,47000
063850,玉晶光元大9C購07,0,0,0,0,0,0,0,0,0,47000,0,0,0,47000,0,47000,47000
062021,康控永豐9B購01  ,0,0,0,0,0,0,0,0,0,47000,0,0,0,47000,0,47000,47000
061416,聯茂群益9A購01  ,0,0,0,0,0,0,0,0,0,47000,0,0,0,47000,0,47000,47000
061567,華通元大9A購11  ,0,0,0,0,0,0,0,0,0,47000,0,0,0,65000,18000,47000,47000
062208,旭富國票9C購01  ,0,0,0,0,0,0,0,0,0,47000,0,0,0,47000,0,47000,47000
063228,聯茂群益9B購01  ,0,0,0,0,0,0,0,0,0,47000,0,0,0,85000,38000,47000,47000
066104,鎧勝國票02購01  ,0,0,0,0,0,0,0,0,0,47000,0,0,0,57000,10000,47000,47000
065746,光寶科元大9C購01,0,0,0,0,0,0,0,0,0,47000,0,0,0,106000,59000,47000,47000
065814,健策統一9C購08  ,0,0,0,0,0,0,0,0,0,47000,0,0,0,81000,34000,47000,47000
066511,劍麟永豐01購01  ,0,0,0,0,0,0,0,0,0,47000,0,0,0,47000,0,47000,47000
066526,創意統一05購01  ,0,0,0,0,0,0,0,0,0,47000,0,0,0,70000,23000,47000,47000
066772,友達富邦03購01  ,0,0,0,0,0,0,0,0,0,47000,0,0,0,137000,90000,47000,47000
064482,微星永豐9C購01  ,0,0,0,0,0,0,0,0,0,47000,0,0,0,233000,186000,47000,47000
4976,佳凌            ,111000,64000,47000,0,0,0,0,0,0,0,0,0,0,0,0,0,47000
3004,豐達科          ,56000,18000,38000,0,0,0,0,0,0,9000,0,0,0,9000,0,9000,47000
068814,台光電元大02購01,0,0,0,0,0,0,0,0,0,46000,0,0,0,155000,109000,46000,46000
08233P,國泰金元富9B售01,0,0,0,0,0,0,0,0,0,46000,0,0,0,106000,60000,46000,46000
08422P,玉晶光群益02售03,0,0,0,0,0,0,0,0,0,46000,0,0,0,46000,0,46000,46000
067510,嘉澤統一03購01  ,0,0,0,0,0,0,0,0,0,46000,0,0,0,154000,108000,46000,46000
056385,創意國泰99購01  ,0,0,0,0,0,0,0,0,0,46000,0,0,0,50000,4000,46000,46000
03004P,華擎群益02售02  ,0,0,0,0,0,0,0,0,0,46000,0,0,0,100000,54000,46000,46000
03275P,台積電台新02售02,0,0,0,0,0,0,0,0,0,46000,0,0,0,46000,0,46000,46000
00703,台新MSCI中國    ,0,0,0,0,0,0,0,0,0,46000,0,0,0,82000,36000,46000,46000
059148,百和國票9A購01  ,0,0,0,0,0,0,0,0,0,46000,0,0,0,46000,0,46000,46000
063628,華通元大9B購09  ,0,0,0,0,0,0,0,0,0,46000,0,0,0,65000,19000,46000,46000
062106,華邦電國票9B購02,0,0,0,0,0,0,0,0,0,46000,0,0,0,200000,154000,46000,46000
061944,聯電群益9B購01  ,0,0,0,0,0,0,0,0,0,46000,0,0,0,46000,0,46000,46000
064073,南電永豐9C購01  ,0,0,0,0,0,0,0,0,0,46000,0,0,0,48000,2000,46000,46000
064131,群創元大01購02  ,0,0,0,0,0,0,0,0,0,46000,0,0,0,120000,74000,46000,46000
065381,緯穎元大9C購03  ,0,0,0,0,0,0,0,0,0,46000,0,0,0,106000,60000,46000,46000
065566,裕隆群益9C購02  ,0,0,0,0,0,0,0,0,0,46000,0,0,0,46000,0,46000,46000
065141,國巨凱基9C購10  ,0,0,0,0,0,0,0,0,0,46000,0,0,0,46000,0,46000,46000
065253,和大元大01購02  ,0,0,0,0,0,0,0,0,0,46000,0,0,0,56000,10000,46000,46000
065286,瑞昱群益9C購03  ,0,0,0,0,0,0,0,0,0,46000,0,0,0,46000,0,46000,46000
066822,泰豐群益01購01  ,0,0,0,0,0,0,0,0,0,46000,0,0,0,50000,4000,46000,46000
066917,美利達凱基01購02,0,0,0,0,0,0,0,0,0,46000,0,0,0,116000,70000,46000,46000
065870,正崴群益02購01  ,0,0,0,0,0,0,0,0,0,46000,0,0,0,97000,51000,46000,46000
2426,鼎元            ,102000,54000,48000,0,0,0,0,0,0,-2000,0,2000,-2000,0,0,0,46000
08853P,嘉晶群益02售02  ,0,0,0,0,0,0,0,0,0,46000,0,0,0,73000,27000,46000,46000
067674,可成元大01購08  ,0,0,0,0,0,0,0,0,0,45000,0,0,0,68000,23000,45000,45000
067656,新日興元富07購01,0,0,0,0,0,0,0,0,0,45000,0,0,0,145000,100000,45000,45000
067633,致茂永豐01購02  ,0,0,0,0,0,0,0,0,0,45000,0,0,0,332000,287000,45000,45000
067841,A50正2元富04購01,0,0,0,0,0,0,0,0,0,45000,0,0,0,85000,40000,45000,45000
06991P,矽創群益99售01  ,0,0,0,0,0,0,0,0,0,45000,0,0,0,45000,0,45000,45000
06900P,FBVIX國票12售01 ,0,0,0,0,0,0,0,0,0,45000,0,0,0,45000,0,45000,45000
059159,上銀凱基99購05  ,0,0,0,0,0,0,0,0,0,45000,0,0,0,45000,0,45000,45000
059100,元油2X統一9C購02,0,0,0,0,0,0,0,0,0,45000,0,0,0,45000,0,45000,45000
058488,華擎國票9A購01  ,0,0,0,0,0,0,0,0,0,45000,0,0,0,52000,7000,45000,45000
057534,旭富元大98購01  ,0,0,0,0,0,0,0,0,0,45000,0,0,0,50000,5000,45000,45000
03190P,日月光元大01售05,0,0,0,0,0,0,0,0,0,45000,0,0,0,74000,29000,45000,45000
057486,美律元大98購04  ,0,0,0,0,0,0,0,0,0,45000,0,0,0,45000,0,45000,45000
055290,玉晶光元大98購08,0,0,0,0,0,0,0,0,0,45000,0,0,0,45000,0,45000,45000
055589,台光電元大98購04,0,0,0,0,0,0,0,0,0,45000,0,0,0,45000,0,45000,45000
053058,台光電永昌99購01,0,0,0,0,0,0,0,0,0,45000,0,0,0,55000,10000,45000,45000
059821,美律凱基99購08  ,0,0,0,0,0,0,0,0,0,45000,0,0,0,45000,0,45000,45000
064138,亞德客統一01購02,0,0,0,0,0,0,0,0,0,45000,0,0,0,45000,0,45000,45000
064000,台郡兆豐9C購01  ,0,0,0,0,0,0,0,0,0,45000,0,0,0,81000,36000,45000,45000
061308,元金2X中信9A購01,0,0,0,0,0,0,0,0,0,45000,0,0,0,60000,15000,45000,45000
061347,創意元大9A購02  ,0,0,0,0,0,0,0,0,0,45000,0,0,0,46000,1000,45000,45000
064265,嘉聯益永豐9C購02,0,0,0,0,0,0,0,0,0,45000,0,0,0,115000,70000,45000,45000
062635,創意國票9B購01  ,0,0,0,0,0,0,0,0,0,45000,0,0,0,46000,1000,45000,45000
060421,華擎永豐9A購01  ,0,0,0,0,0,0,0,0,0,45000,0,0,0,189000,144000,45000,45000
062197,聯發科中信01購03,0,0,0,0,0,0,0,0,0,45000,0,0,0,55000,10000,45000,45000
061454,國巨凱基9A購16  ,0,0,0,0,0,0,0,0,0,45000,0,0,0,49000,4000,45000,45000
063526,台光電凱基9B購04,0,0,0,0,0,0,0,0,0,45000,0,0,0,45000,0,45000,45000
063288,泰鼎元大9B購02  ,0,0,0,0,0,0,0,0,0,45000,0,0,0,139000,94000,45000,45000
065116,臺股指國票9C購13,0,0,0,0,0,0,0,0,0,45000,0,0,0,45000,0,45000,45000
065088,可成元大9C購09  ,0,0,0,0,0,0,0,0,0,45000,0,0,0,100000,55000,45000,45000
065620,金融類元大9C購03,0,0,0,0,0,0,0,0,0,45000,0,0,0,45000,0,45000,45000
08554P,玉晶光國票01售06,0,0,0,0,0,0,0,0,0,45000,0,0,0,697000,652000,45000,45000
08440P,玉晶光國票01售05,0,0,0,0,0,0,0,0,0,44000,0,0,0,159000,115000,44000,44000
08277P,嘉晶元富9C售02  ,0,0,0,0,0,0,0,0,0,44000,0,0,0,65000,21000,44000,44000
056971,麗豐永豐98購01  ,0,0,0,0,0,0,0,0,0,44000,0,0,0,44000,0,44000,44000
052475,滬深2X群益99購06,0,0,0,0,0,0,0,0,0,44000,0,0,0,44000,0,44000,44000
057637,上銀元大98購07  ,0,0,0,0,0,0,0,0,0,44000,0,0,0,44000,0,44000,44000
058536,群創統一9B購01  ,0,0,0,0,0,0,0,0,0,44000,0,0,0,65000,21000,44000,44000
063236,旺宏元大9B購07  ,0,0,0,0,0,0,0,0,0,44000,0,0,0,45000,1000,44000,44000
061427,旭富元大9A購02  ,0,0,0,0,0,0,0,0,0,44000,0,0,0,44000,0,44000,44000
061033,台光電永豐9A購01,0,0,0,0,0,0,0,0,0,44000,0,0,0,54000,10000,44000,44000
064189,TPK永豐9C購01   ,0,0,0,0,0,0,0,0,0,44000,0,0,0,49000,5000,44000,44000
065185,和大統一02購05  ,0,0,0,0,0,0,0,0,0,44000,0,0,0,44000,0,44000,44000
065757,新日興元大9C購06,0,0,0,0,0,0,0,0,0,44000,0,0,0,44000,0,44000,44000
065731,群創凱基03購02  ,0,0,0,0,0,0,0,0,0,44000,0,0,0,51000,7000,44000,44000
066147,美利達群益01購01,0,0,0,0,0,0,0,0,0,44000,0,0,0,54000,10000,44000,44000
066507,和碩富邦03購01  ,0,0,0,0,0,0,0,0,0,44000,0,0,0,44000,0,44000,44000
066622,南帝凱基01購01  ,0,0,0,0,0,0,0,0,0,44000,0,0,0,227000,183000,44000,44000
1541,錩泰            ,53000,9000,44000,0,0,0,0,0,0,0,0,0,0,0,0,0,44000
1720,生達            ,154000,41000,113000,0,0,0,0,0,0,-69000,0,11000,-11000,0,58000,-58000,44000
08897P,國巨群益01售10  ,0,0,0,0,0,0,0,0,0,44000,0,0,0,44000,0,44000,44000
3033,威健            ,158000,114000,44000,0,0,0,0,0,0,0,0,0,0,0,0,0,44000
06980P,緯穎永豐99售02  ,0,0,0,0,0,0,0,0,0,43000,0,0,0,43000,0,43000,43000
068412,欣興台新01購01  ,0,0,0,0,0,0,0,0,0,43000,0,0,0,120000,77000,43000,43000
067268,日月光永豐01購01,0,0,0,0,0,0,0,0,0,43000,0,0,0,143000,100000,43000,43000
057636,上銀元大98購06  ,0,0,0,0,0,0,0,0,0,43000,0,0,0,70000,27000,43000,43000
059195,國巨永豐99購04  ,0,0,0,0,0,0,0,0,0,43000,0,0,0,84000,41000,43000,43000
062951,鴻海永豐9B購02  ,0,0,0,0,0,0,0,0,0,43000,0,0,0,43000,0,43000,43000
061066,嘉晶凱基9B購01  ,0,0,0,0,0,0,0,0,0,43000,0,0,0,45000,2000,43000,43000
062702,可成元大9C購01  ,0,0,0,0,0,0,0,0,0,43000,0,0,0,74000,31000,43000,43000
062233,神隆凱基9B購01  ,0,0,0,0,0,0,0,0,0,43000,0,0,0,43000,0,43000,43000
061000,旺宏兆豐9A購02  ,0,0,0,0,0,0,0,0,0,43000,0,0,0,220000,177000,43000,43000
063257,牧德國泰01購01  ,0,0,0,0,0,0,0,0,0,43000,0,0,0,48000,5000,43000,43000
062479,TPK國票9B購01   ,0,0,0,0,0,0,0,0,0,43000,0,0,0,46000,3000,43000,43000
063789,智邦台新9C購01  ,0,0,0,0,0,0,0,0,0,43000,0,0,0,108000,65000,43000,43000
066596,健策群益02購01  ,0,0,0,0,0,0,0,0,0,43000,0,0,0,56000,13000,43000,43000
066386,宏全康和01購01  ,0,0,0,0,0,0,0,0,0,43000,0,0,0,43000,0,43000,43000
066912,盛群凱基01購01  ,0,0,0,0,0,0,0,0,0,43000,0,0,0,43000,0,43000,43000
066058,TPK元大01購02   ,0,0,0,0,0,0,0,0,0,43000,0,0,0,58000,15000,43000,43000
065014,南電國泰01購01  ,0,0,0,0,0,0,0,0,0,43000,0,0,0,43000,0,43000,43000
065613,GIS元大9C購08   ,0,0,0,0,0,0,0,0,0,43000,0,0,0,43000,0,43000,43000
064504,玉晶光元大01購02,0,0,0,0,0,0,0,0,0,43000,0,0,0,57000,14000,43000,43000
6196,帆宣            ,812000,961000,-149000,0,0,0,90000,0,90000,102000,20000,7000,13000,141000,52000,89000,43000
08992P,牧德元大01售02  ,0,0,0,0,0,0,0,0,0,43000,0,0,0,58000,15000,43000,43000
08812P,聯發科群益01售01,0,0,0,0,0,0,0,0,0,43000,0,0,0,68000,25000,43000,43000
067720,瑞昱凱基01購02  ,0,0,0,0,0,0,0,0,0,42000,0,0,0,356000,314000,42000,42000
068067,台積電凱基01購17,0,0,0,0,0,0,0,0,0,42000,0,0,0,107000,65000,42000,42000
068529,貿聯元富07購01  ,0,0,0,0,0,0,0,0,0,42000,0,0,0,43000,1000,42000,42000
068361,惠特凱基03購01  ,0,0,0,0,0,0,0,0,0,42000,0,0,0,347000,305000,42000,42000
057161,亞德客元大98購02,0,0,0,0,0,0,0,0,0,42000,0,0,0,57000,15000,42000,42000
059637,大立光凱基01購01,0,0,0,0,0,0,0,0,0,42000,0,0,0,70000,28000,42000,42000
020015,統一MSCI美低波N ,0,0,0,0,0,0,0,0,0,42000,0,0,0,42000,0,42000,42000
063506,嘉晶群益9B購01  ,0,0,0,0,0,0,0,0,0,42000,0,0,0,93000,51000,42000,42000
063343,美律統一9C購01  ,0,0,0,0,0,0,0,0,0,42000,0,0,0,42000,0,42000,42000
063022,嘉晶元大9B購04  ,0,0,0,0,0,0,0,0,0,42000,0,0,0,66000,24000,42000,42000
062259,可成元大9B購03  ,0,0,0,0,0,0,0,0,0,42000,0,0,0,48000,6000,42000,42000
061485,鴻海兆豐9A購01  ,0,0,0,0,0,0,0,0,0,42000,0,0,0,42000,0,42000,42000
064586,緯創永豐9C購01  ,0,0,0,0,0,0,0,0,0,42000,0,0,0,54000,12000,42000,42000
064315,創意群益9C購01  ,0,0,0,0,0,0,0,0,0,42000,0,0,0,55000,13000,42000,42000
064696,群創群益9C購02  ,0,0,0,0,0,0,0,0,0,42000,0,0,0,51000,9000,42000,42000
065524,康控群益01購01  ,0,0,0,0,0,0,0,0,0,42000,0,0,0,45000,3000,42000,42000
065218,世芯國泰02購02  ,0,0,0,0,0,0,0,0,0,42000,0,0,0,42000,0,42000,42000
066143,惠特群益01購01  ,0,0,0,0,0,0,0,0,0,42000,0,0,0,598000,556000,42000,42000
066302,卜蜂永豐01購01  ,0,0,0,0,0,0,0,0,0,42000,0,0,0,42000,0,42000,42000
065932,世紀鋼國票02購01,0,0,0,0,0,0,0,0,0,42000,0,0,0,142000,100000,42000,42000
066381,景碩康和01購01  ,0,0,0,0,0,0,0,0,0,42000,0,0,0,373000,331000,42000,42000
6449,鈺邦            ,93000,51000,42000,0,0,0,0,0,0,0,0,0,0,0,0,0,42000
068770,大立光統一02購09,0,0,0,0,0,0,0,0,0,41000,0,0,0,81000,40000,41000,41000
08432P,台勝科凱基9C售02,0,0,0,0,0,0,0,0,0,41000,0,0,0,41000,0,41000,41000
068068,瑞昱凱基01購03  ,0,0,0,0,0,0,0,0,0,41000,0,0,0,390000,349000,41000,41000
067191,康控凱基01購02  ,0,0,0,0,0,0,0,0,0,41000,0,0,0,43000,2000,41000,41000
066955,新日興元大01購01,0,0,0,0,0,0,0,0,0,41000,0,0,0,123000,82000,41000,41000
067349,中化群益02購01  ,0,0,0,0,0,0,0,0,0,41000,0,0,0,61000,20000,41000,41000
062783,大立光元大9C購03,0,0,0,0,0,0,0,0,0,41000,0,0,0,41000,0,41000,41000
061157,聯鈞群益9A購02  ,0,0,0,0,0,0,0,0,0,41000,0,0,0,41000,0,41000,41000
063932,世芯統一01購01  ,0,0,0,0,0,0,0,0,0,41000,0,0,0,52000,11000,41000,41000
065654,台表科元大9C購12,0,0,0,0,0,0,0,0,0,41000,0,0,0,438000,397000,41000,41000
064617,台光電元大01購01,0,0,0,0,0,0,0,0,0,41000,0,0,0,113000,72000,41000,41000
064389,台泥永豐9C購01  ,0,0,0,0,0,0,0,0,0,41000,0,0,0,136000,95000,41000,41000
064459,創意統一02購01  ,0,0,0,0,0,0,0,0,0,41000,0,0,0,77000,36000,41000,41000
08547P,大立光中信9C售04,0,0,0,0,0,0,0,0,0,41000,0,0,0,41000,0,41000,41000
08910P,宏達電凱基01售02,0,0,0,0,0,0,0,0,0,41000,0,0,0,41000,0,41000,41000
1714,和桐            ,636000,595000,41000,0,0,0,0,0,0,0,0,0,0,0,0,0,41000
3419,譁裕            ,45000,4000,41000,0,0,0,0,0,0,0,0,0,0,0,0,0,41000
067348,元金2X群益01購01,0,0,0,0,0,0,0,0,0,40000,0,0,0,40000,0,40000,40000
067303,聯發科元大02購03,0,0,0,0,0,0,0,0,0,40000,0,0,0,572000,532000,40000,40000
067914,鴻海永豐01購01  ,0,0,0,0,0,0,0,0,0,40000,0,0,0,40000,0,40000,40000
07229P,T50正2群益9A售01,0,0,0,0,0,0,0,0,0,40000,0,0,0,40000,0,40000,40000
07366P,國巨康和99售02  ,0,0,0,0,0,0,0,0,0,40000,0,0,0,40000,0,40000,40000
07342P,大立光凱基99售14,0,0,0,0,0,0,0,0,0,40000,0,0,0,80000,40000,40000,40000
07660P,聯茂凱基9A售03  ,0,0,0,0,0,0,0,0,0,40000,0,0,0,40000,0,40000,40000
06859P,元金2X中信9C售01,0,0,0,0,0,0,0,0,0,40000,0,0,0,40000,0,40000,40000
068485,台達電元大01購05,0,0,0,0,0,0,0,0,0,40000,0,0,0,326000,286000,40000,40000
063093,國產國票9B購01  ,0,0,0,0,0,0,0,0,0,40000,0,0,0,40000,0,40000,40000
059253,康控凱基9B購02  ,0,0,0,0,0,0,0,0,0,40000,0,0,0,40000,0,40000,40000
058969,亞德客永豐99購01,0,0,0,0,0,0,0,0,0,40000,0,0,0,40000,0,40000,40000
058853,日月光群益99購01,0,0,0,0,0,0,0,0,0,40000,0,0,0,40000,0,40000,40000
058320,華新科永豐99購02,0,0,0,0,0,0,0,0,0,40000,0,0,0,50000,10000,40000,40000
059477,FBVIX群益99購01 ,0,0,0,0,0,0,0,0,0,40000,0,0,0,40000,0,40000,40000
058041,FBVIX元大98購02 ,0,0,0,0,0,0,0,0,0,40000,0,0,0,40000,0,40000,40000
058012,鈺齊國票99購01  ,0,0,0,0,0,0,0,0,0,40000,0,0,0,49000,9000,40000,40000
03051P,玉晶光統一01售14,0,0,0,0,0,0,0,0,0,40000,0,0,0,40000,0,40000,40000
03102P,臺股指凱基03售08,0,0,0,0,0,0,0,0,0,40000,0,0,0,110000,70000,40000,40000
056279,新日興富邦99購01,0,0,0,0,0,0,0,0,0,40000,0,0,0,40000,0,40000,40000
057391,樺漢永豐98購01  ,0,0,0,0,0,0,0,0,0,40000,0,0,0,40000,0,40000,40000
03147P,台灣50群益03售02,0,0,0,0,0,0,0,0,0,40000,0,0,0,40000,0,40000,40000
059869,友達凱基99購07  ,0,0,0,0,0,0,0,0,0,40000,0,0,0,60000,20000,40000,40000
057077,國巨統一98購06  ,0,0,0,0,0,0,0,0,0,40000,0,0,0,40000,0,40000,40000
053723,奇鋐凱基98購01  ,0,0,0,0,0,0,0,0,0,40000,0,0,0,40000,0,40000,40000
053789,彩晶元大9C購02  ,0,0,0,0,0,0,0,0,0,40000,0,0,0,40000,0,40000,40000
054479,緯創中信98購01  ,0,0,0,0,0,0,0,0,0,40000,0,0,0,51000,11000,40000,40000
055330,上銀兆豐98購02  ,0,0,0,0,0,0,0,0,0,40000,0,0,0,40000,0,40000,40000
061139,玉晶光統一9C購02,0,0,0,0,0,0,0,0,0,40000,0,0,0,40000,0,40000,40000
061047,大立光第一9A購01,0,0,0,0,0,0,0,0,0,40000,0,0,0,55000,15000,40000,40000
061288,大立光統一9C購01,0,0,0,0,0,0,0,0,0,40000,0,0,0,60000,20000,40000,40000
061293,聯茂統一9A購01  ,0,0,0,0,0,0,0,0,0,40000,0,0,0,43000,3000,40000,40000
062071,華通元大9B購02  ,0,0,0,0,0,0,0,0,0,40000,0,0,0,70000,30000,40000,40000
060492,元黃金元富9A購01,0,0,0,0,0,0,0,0,0,40000,0,0,0,50000,10000,40000,40000
061456,玉晶光凱基9B購05,0,0,0,0,0,0,0,0,0,40000,0,0,0,51000,11000,40000,40000
061789,群創群益9B購01  ,0,0,0,0,0,0,0,0,0,40000,0,0,0,43000,3000,40000,40000
061631,SP黃豆元大9A購05,0,0,0,0,0,0,0,0,0,40000,0,0,0,40000,0,40000,40000
060921,中橡永豐9A購02  ,0,0,0,0,0,0,0,0,0,40000,0,0,0,40000,0,40000,40000
06333P,臺股指群益9C售02,0,0,0,0,0,0,0,0,0,40000,0,0,0,40000,0,40000,40000
063327,燿華國票9C購02  ,0,0,0,0,0,0,0,0,0,40000,0,0,0,209000,169000,40000,40000
062529,可成統一9C購03  ,0,0,0,0,0,0,0,0,0,40000,0,0,0,40000,0,40000,40000
063710,光寶科凱基9C購01,0,0,0,0,0,0,0,0,0,40000,0,0,0,55000,15000,40000,40000
064465,台表科統一01購02,0,0,0,0,0,0,0,0,0,40000,0,0,0,50000,10000,40000,40000
064576,世紀鋼群益01購01,0,0,0,0,0,0,0,0,0,40000,0,0,0,40000,0,40000,40000
064706,嘉晶富邦01購01  ,0,0,0,0,0,0,0,0,0,40000,0,0,0,50000,10000,40000,40000
065679,聯發科統一03購01,0,0,0,0,0,0,0,0,0,40000,0,0,0,52000,12000,40000,40000
065593,達新元大9C購02  ,0,0,0,0,0,0,0,0,0,40000,0,0,0,50000,10000,40000,40000
065479,新日興元大9C購05,0,0,0,0,0,0,0,0,0,40000,0,0,0,50000,10000,40000,40000
065262,義隆元大9C購06  ,0,0,0,0,0,0,0,0,0,40000,0,0,0,46000,6000,40000,40000
065045,信邦凱基9C購01  ,0,0,0,0,0,0,0,0,0,40000,0,0,0,40000,0,40000,40000
065066,南電群益9C購02  ,0,0,0,0,0,0,0,0,0,40000,0,0,0,40000,0,40000,40000
065147,寶成凱基01購01  ,0,0,0,0,0,0,0,0,0,40000,0,0,0,105000,65000,40000,40000
066367,緯創中信05購01  ,0,0,0,0,0,0,0,0,0,40000,0,0,0,77000,37000,40000,40000
066579,臺股指元大01購08,0,0,0,0,0,0,0,0,0,40000,0,0,0,40000,0,40000,40000
06688P,鴻海中信02售01  ,0,0,0,0,0,0,0,0,0,40000,0,0,0,50000,10000,40000,40000
066933,可成國票02購01  ,0,0,0,0,0,0,0,0,0,40000,0,0,0,60000,20000,40000,40000
065763,台表科元大9C購14,0,0,0,0,0,0,0,0,0,40000,0,0,0,118000,78000,40000,40000
065822,緯創台新9C購01  ,0,0,0,0,0,0,0,0,0,40000,0,0,0,125000,85000,40000,40000
066136,景碩群益01購02  ,0,0,0,0,0,0,0,0,0,40000,0,0,0,223000,183000,40000,40000
1473,台南            ,53000,13000,40000,0,0,0,0,0,0,0,0,0,0,0,0,0,40000
08960P,聯發科凱基01售15,0,0,0,0,0,0,0,0,0,40000,0,0,0,40000,0,40000,40000
08550P,台灣50群益02售04,0,0,0,0,0,0,0,0,0,40000,0,0,0,40000,0,40000,40000
08523P,金像電元大9C售06,0,0,0,0,0,0,0,0,0,40000,0,0,0,42000,2000,40000,40000
08771P,滬深2X凱基01售02,0,0,0,0,0,0,0,0,0,40000,0,0,0,40000,0,40000,40000
08740P,創意康和01售03  ,0,0,0,0,0,0,0,0,0,40000,0,0,0,83000,43000,40000,40000
08745P,臺股指凱基02售06,0,0,0,0,0,0,0,0,0,40000,0,0,0,50000,10000,40000,40000
068411,世紀鋼元富07購01,0,0,0,0,0,0,0,0,0,39000,0,0,0,90000,51000,39000,39000
068711,瑞儀國票03購02  ,0,0,0,0,0,0,0,0,0,39000,0,0,0,199000,160000,39000,39000
068739,台灣50群益02購06,0,0,0,0,0,0,0,0,0,39000,0,0,0,39000,0,39000,39000
068748,可成群益03購01  ,0,0,0,0,0,0,0,0,0,39000,0,0,0,68000,29000,39000,39000
067234,正崴群益01購01  ,0,0,0,0,0,0,0,0,0,39000,0,0,0,39000,0,39000,39000
054532,強茂國泰98購01  ,0,0,0,0,0,0,0,0,0,39000,0,0,0,45000,6000,39000,39000
053095,台光電統一98購01,0,0,0,0,0,0,0,0,0,39000,0,0,0,59000,20000,39000,39000
056404,嘉聯益群益9A購01,0,0,0,0,0,0,0,0,0,39000,0,0,0,294000,255000,39000,39000
058878,旭富國泰9B購01  ,0,0,0,0,0,0,0,0,0,39000,0,0,0,47000,8000,39000,39000
063143,嘉澤統一9B購02  ,0,0,0,0,0,0,0,0,0,39000,0,0,0,233000,194000,39000,39000
063663,台光電統一9C購01,0,0,0,0,0,0,0,0,0,39000,0,0,0,44000,5000,39000,39000
062531,大立光統一9C購06,0,0,0,0,0,0,0,0,0,39000,0,0,0,39000,0,39000,39000
062474,台表科凱基9C購01,0,0,0,0,0,0,0,0,0,39000,0,0,0,46000,7000,39000,39000
062178,上銀元大9B購03  ,0,0,0,0,0,0,0,0,0,39000,0,0,0,41000,2000,39000,39000
060373,元金2X元富9A購01,0,0,0,0,0,0,0,0,0,39000,0,0,0,39000,0,39000,39000
063943,台光電元大9C購02,0,0,0,0,0,0,0,0,0,39000,0,0,0,74000,35000,39000,39000
064053,祥碩統一02購01  ,0,0,0,0,0,0,0,0,0,39000,0,0,0,40000,1000,39000,39000
066404,瑞祺凱基02購01  ,0,0,0,0,0,0,0,0,0,39000,0,0,0,131000,92000,39000,39000
065059,神隆群益9C購01  ,0,0,0,0,0,0,0,0,0,39000,0,0,0,49000,10000,39000,39000
064780,義隆群益9C購04  ,0,0,0,0,0,0,0,0,0,39000,0,0,0,69000,30000,39000,39000
064447,喬山統一02購01  ,0,0,0,0,0,0,0,0,0,39000,0,0,0,167000,128000,39000,39000
064398,聚陽凱基01購01  ,0,0,0,0,0,0,0,0,0,39000,0,0,0,44000,5000,39000,39000
08932P,矽格元富01售01  ,0,0,0,0,0,0,0,0,0,39000,0,0,0,43000,4000,39000,39000
1810,和成            ,57000,18000,39000,0,0,0,0,0,0,0,0,0,0,0,0,0,39000
067275,聯發科統一02購07,0,0,0,0,0,0,0,0,0,38000,0,0,0,38000,0,38000,38000
067172,台積電兆豐03購02,0,0,0,0,0,0,0,0,0,38000,0,0,0,38000,0,38000,38000
067559,高鐵國票02購01  ,0,0,0,0,0,0,0,0,0,38000,0,0,0,38000,0,38000,38000
067838,玉晶光統一01購12,0,0,0,0,0,0,0,0,0,38000,0,0,0,41000,3000,38000,38000
068121,TPK元富03購01   ,0,0,0,0,0,0,0,0,0,38000,0,0,0,198000,160000,38000,38000
068168,臺股指元大01購18,0,0,0,0,0,0,0,0,0,38000,0,0,0,40000,2000,38000,38000
068240,道瓊銀元大01購05,0,0,0,0,0,0,0,0,0,38000,0,0,0,88000,50000,38000,38000
068624,聯發科群益02購08,0,0,0,0,0,0,0,0,0,38000,0,0,0,119000,81000,38000,38000
08161P,台表科元富9B售02,0,0,0,0,0,0,0,0,0,38000,0,0,0,138000,100000,38000,38000
062863,聯茂國票9B購01  ,0,0,0,0,0,0,0,0,0,38000,0,0,0,38000,0,38000,38000
060028,國揚永豐99購01  ,0,0,0,0,0,0,0,0,0,38000,0,0,0,38000,0,38000,38000
058572,百和凱基9A購01  ,0,0,0,0,0,0,0,0,0,38000,0,0,0,38000,0,38000,38000
056517,茂林兆豐99購01  ,0,0,0,0,0,0,0,0,0,38000,0,0,0,78000,40000,38000,38000
059947,貿聯永豐99購03  ,0,0,0,0,0,0,0,0,0,38000,0,0,0,38000,0,38000,38000
064037,寶成元大9C購02  ,0,0,0,0,0,0,0,0,0,38000,0,0,0,457000,419000,38000,38000
063995,健鼎群益9C購01  ,0,0,0,0,0,0,0,0,0,38000,0,0,0,45000,7000,38000,38000
064080,宏達電中信06購01,0,0,0,0,0,0,0,0,0,38000,0,0,0,111000,73000,38000,38000
060399,康友國票9A購02  ,0,0,0,0,0,0,0,0,0,38000,0,0,0,38000,0,38000,38000
062237,緯創凱基9B購01  ,0,0,0,0,0,0,0,0,0,38000,0,0,0,142000,104000,38000,38000
060945,緯穎國票9A購02  ,0,0,0,0,0,0,0,0,0,38000,0,0,0,48000,10000,38000,38000
061553,南電群益9A購03  ,0,0,0,0,0,0,0,0,0,38000,0,0,0,92000,54000,38000,38000
061624,中租群益9A購01  ,0,0,0,0,0,0,0,0,0,38000,0,0,0,38000,0,38000,38000
061595,智易永豐9A購02  ,0,0,0,0,0,0,0,0,0,38000,0,0,0,38000,0,38000,38000
061683,台灣50群益9B購09,0,0,0,0,0,0,0,0,0,38000,0,0,0,60000,22000,38000,38000
063795,上銀凱基9C購01  ,0,0,0,0,0,0,0,0,0,38000,0,0,0,60000,22000,38000,38000
064354,同欣電元大9C購05,0,0,0,0,0,0,0,0,0,38000,0,0,0,51000,13000,38000,38000
065558,嘉聯益凱基9C購02,0,0,0,0,0,0,0,0,0,38000,0,0,0,102000,64000,38000,38000
066945,鴻海元大01購14  ,0,0,0,0,0,0,0,0,0,38000,0,0,0,68000,30000,38000,38000
066298,美利達元大01購02,0,0,0,0,0,0,0,0,0,38000,0,0,0,38000,0,38000,38000
065876,牧德群益02購01  ,0,0,0,0,0,0,0,0,0,38000,0,0,0,48000,10000,38000,38000
6672,騰輝電子-KY     ,51000,13000,38000,0,0,0,0,0,0,0,0,0,0,0,0,0,38000
067398,欣興永豐01購04  ,0,0,0,0,0,0,0,0,0,37000,0,0,0,37000,0,37000,37000
051849,旺宏中信98購01  ,0,0,0,0,0,0,0,0,0,37000,0,0,0,37000,0,37000,37000
057819,新日興元大99購01,0,0,0,0,0,0,0,0,0,37000,0,0,0,37000,0,37000,37000
060239,國揚元大9C購01  ,0,0,0,0,0,0,0,0,0,37000,0,0,0,47000,10000,37000,37000
058763,和碩群益99購01  ,0,0,0,0,0,0,0,0,0,37000,0,0,0,46000,9000,37000,37000
058685,TPK凱基99購01   ,0,0,0,0,0,0,0,0,0,37000,0,0,0,39000,2000,37000,37000
063732,建準元大9B購02  ,0,0,0,0,0,0,0,0,0,37000,0,0,0,37000,0,37000,37000
063510,台表科群益9C購01,0,0,0,0,0,0,0,0,0,37000,0,0,0,82000,45000,37000,37000
063579,GIS元大9C購01   ,0,0,0,0,0,0,0,0,0,37000,0,0,0,47000,10000,37000,37000
060558,億豐凱基9A購01  ,0,0,0,0,0,0,0,0,0,37000,0,0,0,37000,0,37000,37000
062054,鴻海統一9C購06  ,0,0,0,0,0,0,0,0,0,37000,0,0,0,37000,0,37000,37000
066809,新唐凱基01購01  ,0,0,0,0,0,0,0,0,0,37000,0,0,0,102000,65000,37000,37000
065007,群創國票01購01  ,0,0,0,0,0,0,0,0,0,37000,0,0,0,428000,391000,37000,37000
065140,國巨凱基01購02  ,0,0,0,0,0,0,0,0,0,37000,0,0,0,76000,39000,37000,37000
065184,和大統一02購04  ,0,0,0,0,0,0,0,0,0,37000,0,0,0,37000,0,37000,37000
064801,鴻海元大9C購13  ,0,0,0,0,0,0,0,0,0,37000,0,0,0,51000,14000,37000,37000
08766P,臺股指中信03售03,0,0,0,0,0,0,0,0,0,37000,0,0,0,40000,3000,37000,37000
3686,達能            ,153000,116000,37000,0,0,0,0,0,0,0,0,0,0,0,0,0,37000
067432,大立光凱基03購04,0,0,0,0,0,0,0,0,0,36000,0,0,0,36000,0,36000,36000
08258P,旺宏元大9C售04  ,0,0,0,0,0,0,0,0,0,36000,0,0,0,185000,149000,36000,36000
08341P,國泰金台新9C售01,0,0,0,0,0,0,0,0,0,36000,0,0,0,163000,127000,36000,36000
08372P,大立光凱基01售04,0,0,0,0,0,0,0,0,0,36000,0,0,0,36000,0,36000,36000
068287,鴻海群益01購10  ,0,0,0,0,0,0,0,0,0,36000,0,0,0,36000,0,36000,36000
060252,緯穎元大9A購02  ,0,0,0,0,0,0,0,0,0,36000,0,0,0,82000,46000,36000,36000
059959,訊芯康和99購01  ,0,0,0,0,0,0,0,0,0,36000,0,0,0,48000,12000,36000,36000
060059,鴻海兆豐99購06  ,0,0,0,0,0,0,0,0,0,36000,0,0,0,38000,2000,36000,36000
053297,鎧勝中信98購01  ,0,0,0,0,0,0,0,0,0,36000,0,0,0,36000,0,36000,36000
055242,道瓊銀統一98購01,0,0,0,0,0,0,0,0,0,36000,0,0,0,36000,0,36000,36000
057696,聯電群益9A購01  ,0,0,0,0,0,0,0,0,0,36000,0,0,0,36000,0,36000,36000
03103P,聯發科元富01售02,0,0,0,0,0,0,0,0,0,36000,0,0,0,60000,24000,36000,36000
03128P,玉晶光國泰03售04,0,0,0,0,0,0,0,0,0,36000,0,0,0,60000,24000,36000,36000
064068,義隆永豐9C購01  ,0,0,0,0,0,0,0,0,0,36000,0,0,0,62000,26000,36000,36000
064250,亞光元富9C購01  ,0,0,0,0,0,0,0,0,0,36000,0,0,0,107000,71000,36000,36000
061358,世紀鋼元大9A購04,0,0,0,0,0,0,0,0,0,36000,0,0,0,309000,273000,36000,36000
061850,國巨國票9C購02  ,0,0,0,0,0,0,0,0,0,36000,0,0,0,36000,0,36000,36000
061436,上銀凱基9A購07  ,0,0,0,0,0,0,0,0,0,36000,0,0,0,36000,0,36000,36000
062086,瑞祺元大9B購01  ,0,0,0,0,0,0,0,0,0,36000,0,0,0,132000,96000,36000,36000
064601,嘉晶元富9C購03  ,0,0,0,0,0,0,0,0,0,36000,0,0,0,42000,6000,36000,36000
065112,台表科國票02購01,0,0,0,0,0,0,0,0,0,36000,0,0,0,76000,40000,36000,36000
065548,台達電凱基01購02,0,0,0,0,0,0,0,0,0,36000,0,0,0,55000,19000,36000,36000
3665,貿聯-KY         ,251000,216000,35000,0,0,0,0,0,0,1000,0,1000,-1000,8000,6000,2000,36000
3321,同泰            ,95000,59000,36000,0,0,0,0,0,0,0,0,0,0,0,0,0,36000
6283,淳安            ,50000,14000,36000,0,0,0,0,0,0,0,0,0,0,0,0,0,36000
2467,志聖            ,77000,38000,39000,0,0,0,0,0,0,-3000,0,3000,-3000,0,0,0,36000
2539,櫻花建          ,86000,50000,36000,0,0,0,0,0,0,0,0,0,0,0,0,0,36000
08528P,台勝科元大9C售02,0,0,0,0,0,0,0,0,0,36000,0,0,0,36000,0,36000,36000
068409,緯穎元富07購01  ,0,0,0,0,0,0,0,0,0,35000,0,0,0,35000,0,35000,35000
068544,台積電兆豐03購04,0,0,0,0,0,0,0,0,0,35000,0,0,0,45000,10000,35000,35000
07579P,聯茂元大9A售01  ,0,0,0,0,0,0,0,0,0,35000,0,0,0,35000,0,35000,35000
07128P,大毅元大99售04  ,0,0,0,0,0,0,0,0,0,35000,0,0,0,35000,0,35000,35000
067280,國巨第一01購01  ,0,0,0,0,0,0,0,0,0,35000,0,0,0,258000,223000,35000,35000
068085,寶成凱基02購01  ,0,0,0,0,0,0,0,0,0,35000,0,0,0,192000,157000,35000,35000
056109,彩晶永豐98購01  ,0,0,0,0,0,0,0,0,0,35000,0,0,0,35000,0,35000,35000
057222,鴻海國票99購04  ,0,0,0,0,0,0,0,0,0,35000,0,0,0,35000,0,35000,35000
057959,欣興元大98購14  ,0,0,0,0,0,0,0,0,0,35000,0,0,0,38000,3000,35000,35000
058526,鈺齊元大99購02  ,0,0,0,0,0,0,0,0,0,35000,0,0,0,168000,133000,35000,35000
058485,智邦國票9A購01  ,0,0,0,0,0,0,0,0,0,35000,0,0,0,38000,3000,35000,35000
058521,日月光元大99購01,0,0,0,0,0,0,0,0,0,35000,0,0,0,50000,15000,35000,35000
062879,美食兆豐9B購01  ,0,0,0,0,0,0,0,0,0,35000,0,0,0,99000,64000,35000,35000
061933,光寶科國票9B購01,0,0,0,0,0,0,0,0,0,35000,0,0,0,40000,5000,35000,35000
063570,嘉晶元大9C購02  ,0,0,0,0,0,0,0,0,0,35000,0,0,0,102000,67000,35000,35000
06376P,上銀統一99售01  ,0,0,0,0,0,0,0,0,0,35000,0,0,0,35000,0,35000,35000
063274,鈺齊兆豐9B購01  ,0,0,0,0,0,0,0,0,0,35000,0,0,0,187000,152000,35000,35000
063830,智伸科國票01購01,0,0,0,0,0,0,0,0,0,35000,0,0,0,35000,0,35000,35000
062061,台勝科統一01購01,0,0,0,0,0,0,0,0,0,35000,0,0,0,35000,0,35000,35000
062559,嘉晶凱基9B購02  ,0,0,0,0,0,0,0,0,0,35000,0,0,0,50000,15000,35000,35000
065530,亞德客統一9C購02,0,0,0,0,0,0,0,0,0,35000,0,0,0,35000,0,35000,35000
065123,台灣50永豐9C購02,0,0,0,0,0,0,0,0,0,35000,0,0,0,35000,0,35000,35000
065094,新日興元大9C購04,0,0,0,0,0,0,0,0,0,35000,0,0,0,35000,0,35000,35000
064480,聚陽永豐9C購01  ,0,0,0,0,0,0,0,0,0,35000,0,0,0,96000,61000,35000,35000
064523,聯茂群益9C購01  ,0,0,0,0,0,0,0,0,0,35000,0,0,0,91000,56000,35000,35000
066718,滬深2X元大01購05,0,0,0,0,0,0,0,0,0,35000,0,0,0,1128000,1093000,35000,35000
066431,台郡元大02購01  ,0,0,0,0,0,0,0,0,0,35000,0,0,0,85000,50000,35000,35000
08579P,臺股指元大9C售27,0,0,0,0,0,0,0,0,0,35000,0,0,0,45000,10000,35000,35000
08880P,全新凱基01售02  ,0,0,0,0,0,0,0,0,0,35000,0,0,0,165000,130000,35000,35000
8454,富邦媒          ,130000,27000,103000,0,0,0,0,67000,-67000,-1000,0,1000,-1000,0,0,0,35000
1313,聯成            ,829000,794485,34515,0,0,0,0,0,0,0,0,0,0,0,0,0,34515
067824,鈺齊凱基01購02  ,0,0,0,0,0,0,0,0,0,34000,0,0,0,65000,31000,34000,34000
067900,玉晶光群益02購14,0,0,0,0,0,0,0,0,0,34000,0,0,0,34000,0,34000,34000
067242,景碩群益01購03  ,0,0,0,0,0,0,0,0,0,34000,0,0,0,319000,285000,34000,34000
066982,嘉晶群益02購01  ,0,0,0,0,0,0,0,0,0,34000,0,0,0,99000,65000,34000,34000
066989,聯茂群益01購01  ,0,0,0,0,0,0,0,0,0,34000,0,0,0,56000,22000,34000,34000
08299P,玉晶光國票02售01,0,0,0,0,0,0,0,0,0,34000,0,0,0,45000,11000,34000,34000
08058P,華新科元大9B售10,0,0,0,0,0,0,0,0,0,34000,0,0,0,34000,0,34000,34000
058386,A50正2國票9B購01,0,0,0,0,0,0,0,0,0,34000,0,0,0,37000,3000,34000,34000
058154,泰碩統一9A購01  ,0,0,0,0,0,0,0,0,0,34000,0,0,0,156000,122000,34000,34000
060022,勤誠康和99購01  ,0,0,0,0,0,0,0,0,0,34000,0,0,0,34000,0,34000,34000
060044,大立光群益99購09,0,0,0,0,0,0,0,0,0,34000,0,0,0,34000,0,34000,34000
03222P,為升凱基02售02  ,0,0,0,0,0,0,0,0,0,34000,0,0,0,39000,5000,34000,34000
00690,兆豐藍籌30      ,1000,0,1000,0,0,0,0,0,0,33000,0,0,0,475000,442000,33000,34000
062578,超眾群益9B購01  ,0,0,0,0,0,0,0,0,0,34000,0,0,0,54000,20000,34000,34000
062029,牧德群益9B購03  ,0,0,0,0,0,0,0,0,0,34000,0,0,0,34000,0,34000,34000
062369,創意元大9B購01  ,0,0,0,0,0,0,0,0,0,34000,0,0,0,34000,0,34000,34000
063867,全新永豐9C購01  ,0,0,0,0,0,0,0,0,0,34000,0,0,0,34000,0,34000,34000
064198,超眾群益9C購01  ,0,0,0,0,0,0,0,0,0,34000,0,0,0,34000,0,34000,34000
064256,玉晶光國泰02購02,0,0,0,0,0,0,0,0,0,34000,0,0,0,256000,222000,34000,34000
063542,泰鼎元富9B購02  ,0,0,0,0,0,0,0,0,0,34000,0,0,0,302000,268000,34000,34000
061530,智邦台新9A購02  ,0,0,0,0,0,0,0,0,0,34000,0,0,0,34000,0,34000,34000
064393,友訊永豐9C購01  ,0,0,0,0,0,0,0,0,0,34000,0,0,0,34000,0,34000,34000
064955,健策凱基9C購03  ,0,0,0,0,0,0,0,0,0,34000,0,0,0,39000,5000,34000,34000
065669,義隆凱基01購03  ,0,0,0,0,0,0,0,0,0,34000,0,0,0,46000,12000,34000,34000
1416,廣豐            ,86000,11000,75000,0,0,0,0,0,0,-41000,0,41000,-41000,0,0,0,34000
067471,台積電元大01購26,0,0,0,0,0,0,0,0,0,33000,0,0,0,33000,0,33000,33000
067662,聚陽元大01購03  ,0,0,0,0,0,0,0,0,0,33000,0,0,0,141000,108000,33000,33000
068082,南六凱基03購01  ,0,0,0,0,0,0,0,0,0,33000,0,0,0,223000,190000,33000,33000
068164,南電元大01購07  ,0,0,0,0,0,0,0,0,0,33000,0,0,0,304000,271000,33000,33000
057740,茂林富邦9A購01  ,0,0,0,0,0,0,0,0,0,33000,0,0,0,51000,18000,33000,33000
059714,A50正2元大9C購01,0,0,0,0,0,0,0,0,0,33000,0,0,0,33000,0,33000,33000
055569,聚陽統一98購01  ,0,0,0,0,0,0,0,0,0,33000,0,0,0,33000,0,33000,33000
060058,牧德凱基9B購01  ,0,0,0,0,0,0,0,0,0,33000,0,0,0,33000,0,33000,33000
063220,建準群益9B購01  ,0,0,0,0,0,0,0,0,0,33000,0,0,0,436000,403000,33000,33000
058864,欣興凱基99購04  ,0,0,0,0,0,0,0,0,0,33000,0,0,0,33000,0,33000,33000
063626,聚陽元大9B購03  ,0,0,0,0,0,0,0,0,0,33000,0,0,0,53000,20000,33000,33000
063459,華通元大9B購08  ,0,0,0,0,0,0,0,0,0,33000,0,0,0,33000,0,33000,33000
063951,新日興元大9C購01,0,0,0,0,0,0,0,0,0,33000,0,0,0,33000,0,33000,33000
063834,滬深2X元大01購03,0,0,0,0,0,0,0,0,0,33000,0,0,0,33000,0,33000,33000
065388,華擎兆豐01購01  ,0,0,0,0,0,0,0,0,0,33000,0,0,0,33000,0,33000,33000
065395,致茂群益01購01  ,0,0,0,0,0,0,0,0,0,33000,0,0,0,121000,88000,33000,33000
064829,義隆統一01購02  ,0,0,0,0,0,0,0,0,0,33000,0,0,0,33000,0,33000,33000
08588P,緯穎元富03售01  ,0,0,0,0,0,0,0,0,0,33000,0,0,0,200000,167000,33000,33000
3013,晟銘電          ,35000,2000,33000,0,0,0,0,0,0,0,0,0,0,0,0,0,33000
067716,台船凱基01購01  ,0,0,0,0,0,0,0,0,0,32000,0,0,0,32000,0,32000,32000
08124P,臻鼎群益9B售02  ,0,0,0,0,0,0,0,0,0,32000,0,0,0,32000,0,32000,32000
058116,正崴中信99購02  ,0,0,0,0,0,0,0,0,0,32000,0,0,0,32000,0,32000,32000
056573,華新科元大99購06,0,0,0,0,0,0,0,0,0,32000,0,0,0,32000,0,32000,32000
064122,國巨元大9C購17  ,0,0,0,0,0,0,0,0,0,32000,0,0,0,146000,114000,32000,32000
064025,友達元大02購01  ,0,0,0,0,0,0,0,0,0,32000,0,0,0,82000,50000,32000,32000
060326,群光群益9A購01  ,0,0,0,0,0,0,0,0,0,32000,0,0,0,159000,127000,32000,32000
063637,聯發科元大9C購02,0,0,0,0,0,0,0,0,0,32000,0,0,0,32000,0,32000,32000
063605,健策凱基9C購02  ,0,0,0,0,0,0,0,0,0,32000,0,0,0,34000,2000,32000,32000
065652,超眾元大01購02  ,0,0,0,0,0,0,0,0,0,32000,0,0,0,42000,10000,32000,32000
065183,和大統一01購03  ,0,0,0,0,0,0,0,0,0,32000,0,0,0,32000,0,32000,32000
065956,緯創統一01購01  ,0,0,0,0,0,0,0,0,0,32000,0,0,0,66000,34000,32000,32000
066047,嘉晶元大01購04  ,0,0,0,0,0,0,0,0,0,32000,0,0,0,74000,42000,32000,32000
08573P,台積電凱基9C售06,0,0,0,0,0,0,0,0,0,32000,0,0,0,32000,0,32000,32000
08079P,宏達電國票9B售03,0,0,0,0,0,0,0,0,0,31000,0,0,0,31000,0,31000,31000
08234P,華擎元富9B售03  ,0,0,0,0,0,0,0,0,0,31000,0,0,0,339000,308000,31000,31000
067959,嘉聯益永豐01購01,0,0,0,0,0,0,0,0,0,31000,0,0,0,191000,160000,31000,31000
056584,鴻海統一9B購01  ,0,0,0,0,0,0,0,0,0,31000,0,0,0,1051000,1020000,31000,31000
056910,超眾元大99購02  ,0,0,0,0,0,0,0,0,0,31000,0,0,0,31000,0,31000,31000
059641,群創凱基99購06  ,0,0,0,0,0,0,0,0,0,31000,0,0,0,49000,18000,31000,31000
057737,國巨富邦99購02  ,0,0,0,0,0,0,0,0,0,31000,0,0,0,31000,0,31000,31000
03124P,台郡元大01售07  ,0,0,0,0,0,0,0,0,0,31000,0,0,0,32000,1000,31000,31000
057856,聯鈞國票99購03  ,0,0,0,0,0,0,0,0,0,31000,0,0,0,37000,6000,31000,31000
058725,美律富邦9A購01  ,0,0,0,0,0,0,0,0,0,31000,0,0,0,31000,0,31000,31000
058970,鴻海永豐99購02  ,0,0,0,0,0,0,0,0,0,31000,0,0,0,41000,10000,31000,31000
062987,祥碩中信01購01  ,0,0,0,0,0,0,0,0,0,31000,0,0,0,31000,0,31000,31000
061847,力山國票9B購01  ,0,0,0,0,0,0,0,0,0,31000,0,0,0,53000,22000,31000,31000
060907,金像電元大9A購02,0,0,0,0,0,0,0,0,0,31000,0,0,0,31000,0,31000,31000
060744,鴻海國票9A購04  ,0,0,0,0,0,0,0,0,0,31000,0,0,0,31000,0,31000,31000
062346,智邦群益9B購02  ,0,0,0,0,0,0,0,0,0,31000,0,0,0,31000,0,31000,31000
064098,正崴群益9C購01  ,0,0,0,0,0,0,0,0,0,31000,0,0,0,31000,0,31000,31000
065759,TPK元大9C購05   ,0,0,0,0,0,0,0,0,0,31000,0,0,0,94000,63000,31000,31000
066362,瑞昱中信05購01  ,0,0,0,0,0,0,0,0,0,31000,0,0,0,71000,40000,31000,31000
066618,南六康和01購01  ,0,0,0,0,0,0,0,0,0,31000,0,0,0,137000,106000,31000,31000
066664,嘉晶凱基02購01  ,0,0,0,0,0,0,0,0,0,31000,0,0,0,63000,32000,31000,31000
066905,台積電凱基03購03,0,0,0,0,0,0,0,0,0,31000,0,0,0,31000,0,31000,31000
065645,嘉晶元大01購02  ,0,0,0,0,0,0,0,0,0,31000,0,0,0,63000,32000,31000,31000
064747,彩晶國票01購01  ,0,0,0,0,0,0,0,0,0,31000,0,0,0,33000,2000,31000,31000
064589,聯鈞永豐9C購01  ,0,0,0,0,0,0,0,0,0,31000,0,0,0,37000,6000,31000,31000
08568P,臺股指富邦9C售05,0,0,0,0,0,0,0,0,0,31000,0,0,0,65000,34000,31000,31000
08617P,緯創元富9C售03  ,0,0,0,0,0,0,0,0,0,31000,0,0,0,133000,102000,31000,31000
08814P,世紀鋼群益01售04,0,0,0,0,0,0,0,0,0,31000,0,0,0,33000,2000,31000,31000
5225,東科-KY         ,49000,18000,31000,0,0,0,0,0,0,0,0,0,0,0,0,0,31000
8940,新天地          ,27000,1000,26000,0,0,0,0,0,0,5000,5000,0,5000,0,0,0,31000
9911,櫻花            ,69000,69000,0,0,0,0,0,0,0,31000,31000,0,31000,0,0,0,31000
068214,嘉基凱基02購01  ,0,0,0,0,0,0,0,0,0,30000,0,0,0,80000,50000,30000,30000
067614,台汽電凱基01購01,0,0,0,0,0,0,0,0,0,30000,0,0,0,100000,70000,30000,30000
067615,鈺齊凱基01購01  ,0,0,0,0,0,0,0,0,0,30000,0,0,0,111000,81000,30000,30000
067507,南亞科統一01購04,0,0,0,0,0,0,0,0,0,30000,0,0,0,30000,0,30000,30000
08216P,聯發科群益9C售05,0,0,0,0,0,0,0,0,0,30000,0,0,0,30000,0,30000,30000
08192P,大毅國票9B售05  ,0,0,0,0,0,0,0,0,0,30000,0,0,0,30000,0,30000,30000
08406P,緯穎元大9C售01  ,0,0,0,0,0,0,0,0,0,30000,0,0,0,80000,50000,30000,30000
08420P,國巨群益9C售12  ,0,0,0,0,0,0,0,0,0,30000,0,0,0,30000,0,30000,30000
07714P,世紀鋼元大9A售03,0,0,0,0,0,0,0,0,0,30000,0,0,0,30000,0,30000,30000
07799P,南電國票9A售04  ,0,0,0,0,0,0,0,0,0,30000,0,0,0,30000,0,30000,30000
07979P,大立光凱基9B售05,0,0,0,0,0,0,0,0,0,30000,0,0,0,30000,0,30000,30000
068368,國巨富邦04購01  ,0,0,0,0,0,0,0,0,0,30000,0,0,0,30000,0,30000,30000
058947,SGBR2X群益9B購02,0,0,0,0,0,0,0,0,0,30000,0,0,0,30000,0,30000,30000
059065,南電凱基9A購01  ,0,0,0,0,0,0,0,0,0,30000,0,0,0,30000,0,30000,30000
059091,中信金元大99購01,0,0,0,0,0,0,0,0,0,30000,0,0,0,30000,0,30000,30000
058646,聯茂富邦9A購01  ,0,0,0,0,0,0,0,0,0,30000,0,0,0,50000,20000,30000,30000
058644,元黃金富邦03購01,0,0,0,0,0,0,0,0,0,30000,0,0,0,30000,0,30000,30000
063188,TPK凱基9B購01   ,0,0,0,0,0,0,0,0,0,30000,0,0,0,30000,0,30000,30000
062846,國泰金富邦9C購01,0,0,0,0,0,0,0,0,0,30000,0,0,0,60000,30000,30000,30000
062927,同欣電國票9B購02,0,0,0,0,0,0,0,0,0,30000,0,0,0,30000,0,30000,30000
058599,T50反1元大99購05,0,0,0,0,0,0,0,0,0,30000,0,0,0,30000,0,30000,30000
058517,景碩元大99購06  ,0,0,0,0,0,0,0,0,0,30000,0,0,0,30000,0,30000,30000
058496,文曄群益99購01  ,0,0,0,0,0,0,0,0,0,30000,0,0,0,30000,0,30000,30000
058203,信邦凱基99購01  ,0,0,0,0,0,0,0,0,0,30000,0,0,0,30000,0,30000,30000
058082,美律群益98購05  ,0,0,0,0,0,0,0,0,0,30000,0,0,0,30000,0,30000,30000
058135,景碩元大99購01  ,0,0,0,0,0,0,0,0,0,30000,0,0,0,30000,0,30000,30000
056135,緯創元大98購01  ,0,0,0,0,0,0,0,0,0,30000,0,0,0,30000,0,30000,30000
045837,群創群益98購02  ,0,0,0,0,0,0,0,0,0,30000,0,0,0,30000,0,30000,30000
046628,大立光統一98購01,0,0,0,0,0,0,0,0,0,30000,0,0,0,90000,60000,30000,30000
03017P,深中小群益01售02,0,0,0,0,0,0,0,0,0,30000,0,0,0,280000,250000,30000,30000
057745,泰鼎永豐99購01  ,0,0,0,0,0,0,0,0,0,30000,0,0,0,317000,287000,30000,30000
057078,國巨統一9A購02  ,0,0,0,0,0,0,0,0,0,30000,0,0,0,40000,10000,30000,30000
057000,亞德客國票99購01,0,0,0,0,0,0,0,0,0,30000,0,0,0,48000,18000,30000,30000
059663,旭富元大9C購02  ,0,0,0,0,0,0,0,0,0,30000,0,0,0,50000,20000,30000,30000
059778,上証2X元大9C購03,0,0,0,0,0,0,0,0,0,30000,0,0,0,30000,0,30000,30000
055324,TPK國票98購03   ,0,0,0,0,0,0,0,0,0,30000,0,0,0,30000,0,30000,30000
053342,全新國票99購01  ,0,0,0,0,0,0,0,0,0,30000,0,0,0,30000,0,30000,30000
053587,京元電元大98購01,0,0,0,0,0,0,0,0,0,30000,0,0,0,30000,0,30000,30000
064130,創意元大9C購02  ,0,0,0,0,0,0,0,0,0,30000,0,0,0,30000,0,30000,30000
064144,智邦統一01購02  ,0,0,0,0,0,0,0,0,0,30000,0,0,0,234000,204000,30000,30000
064145,宏碁統一02購01  ,0,0,0,0,0,0,0,0,0,30000,0,0,0,174000,144000,30000,30000
063989,大立光永豐9C購01,0,0,0,0,0,0,0,0,0,30000,0,0,0,30000,0,30000,30000
061326,新日興凱基9B購01,0,0,0,0,0,0,0,0,0,30000,0,0,0,40000,10000,30000,30000
064249,聯發科元富06購01,0,0,0,0,0,0,0,0,0,30000,0,0,0,30000,0,30000,30000
061162,南電群益9A購02  ,0,0,0,0,0,0,0,0,0,30000,0,0,0,30000,0,30000,30000
062596,緯穎統一01購02  ,0,0,0,0,0,0,0,0,0,30000,0,0,0,50000,20000,30000,30000
060851,國巨國泰9C購01  ,0,0,0,0,0,0,0,0,0,30000,0,0,0,41000,11000,30000,30000
061842,牧德凱基9C購01  ,0,0,0,0,0,0,0,0,0,30000,0,0,0,30000,0,30000,30000
061663,南六永豐9A購05  ,0,0,0,0,0,0,0,0,0,30000,0,0,0,64000,34000,30000,30000
061522,元黃金凱基01購01,0,0,0,0,0,0,0,0,0,30000,0,0,0,30000,0,30000,30000
062201,臺指反國票9B購05,0,0,0,0,0,0,0,0,0,30000,0,0,0,30000,0,30000,30000
063229,台表科群益9B購04,0,0,0,0,0,0,0,0,0,30000,0,0,0,40000,10000,30000,30000
064592,同欣電永豐9C購01,0,0,0,0,0,0,0,0,0,30000,0,0,0,30000,0,30000,30000
064450,致茂統一01購01  ,0,0,0,0,0,0,0,0,0,30000,0,0,0,30000,0,30000,30000
064691,友達群益9C購04  ,0,0,0,0,0,0,0,0,0,30000,0,0,0,40000,10000,30000,30000
064664,微星元大9C購04  ,0,0,0,0,0,0,0,0,0,30000,0,0,0,50000,20000,30000,30000
065602,聯發科元大9C購15,0,0,0,0,0,0,0,0,0,30000,0,0,0,30000,0,30000,30000
065578,台郡群益9C購02  ,0,0,0,0,0,0,0,0,0,30000,0,0,0,30000,0,30000,30000
065587,亞德客永豐9C購02,0,0,0,0,0,0,0,0,0,30000,0,0,0,30000,0,30000,30000
065207,奇力新國票9C購02,0,0,0,0,0,0,0,0,0,30000,0,0,0,105000,75000,30000,30000
066712,台灣50元大01購20,0,0,0,0,0,0,0,0,0,30000,0,0,0,30000,0,30000,30000
066713,台灣50元大01購21,0,0,0,0,0,0,0,0,0,30000,0,0,0,30000,0,30000,30000
066832,健策群益01購08  ,0,0,0,0,0,0,0,0,0,30000,0,0,0,54000,24000,30000,30000
066801,奇鋐凱基01購02  ,0,0,0,0,0,0,0,0,0,30000,0,0,0,108000,78000,30000,30000
066378,超眾兆豐03購01  ,0,0,0,0,0,0,0,0,0,30000,0,0,0,50000,20000,30000,30000
065776,鴻海國泰03購01  ,0,0,0,0,0,0,0,0,0,30000,0,0,0,82000,52000,30000,30000
066052,景碩元大02購01  ,0,0,0,0,0,0,0,0,0,30000,0,0,0,223000,193000,30000,30000
066061,超眾元大01購04  ,0,0,0,0,0,0,0,0,0,30000,0,0,0,62000,32000,30000,30000
066141,盛群群益01購01  ,0,0,0,0,0,0,0,0,0,30000,0,0,0,48000,18000,30000,30000
066319,聯強永豐01購01  ,0,0,0,0,0,0,0,0,0,30000,0,0,0,62000,32000,30000,30000
066329,達欣工永豐01購01,0,0,0,0,0,0,0,0,0,30000,0,0,0,275000,245000,30000,30000
3617,碩天            ,46000,16000,30000,0,0,0,0,0,0,0,0,0,0,0,0,0,30000
08794P,台積電兆豐01售03,0,0,0,0,0,0,0,0,0,30000,0,0,0,30000,0,30000,30000
08785P,滬深2X元富01售04,0,0,0,0,0,0,0,0,0,30000,0,0,0,30000,0,30000,30000
08752P,長榮航群益01售01,0,0,0,0,0,0,0,0,0,30000,0,0,0,30000,0,30000,30000
08614P,聯發科統一9C售18,0,0,0,0,0,0,0,0,0,30000,0,0,0,30000,0,30000,30000
08532P,國巨元富06售02  ,0,0,0,0,0,0,0,0,0,30000,0,0,0,30000,0,30000,30000
08459P,聯發科兆豐9C售04,0,0,0,0,0,0,0,0,0,30000,0,0,0,30000,0,30000,30000
068705,聯發科國票03購03,0,0,0,0,0,0,0,0,0,29000,0,0,0,91000,62000,29000,29000
068690,喬山凱基03購01  ,0,0,0,0,0,0,0,0,0,29000,0,0,0,29000,0,29000,29000
068692,為升凱基02購03  ,0,0,0,0,0,0,0,0,0,29000,0,0,0,44000,15000,29000,29000
068817,聯發科元大02購05,0,0,0,0,0,0,0,0,0,29000,0,0,0,180000,151000,29000,29000
067083,正文元大01購01  ,0,0,0,0,0,0,0,0,0,29000,0,0,0,83000,54000,29000,29000
067126,康控富邦03購02  ,0,0,0,0,0,0,0,0,0,29000,0,0,0,29000,0,29000,29000
067627,中興電永豐01購01,0,0,0,0,0,0,0,0,0,29000,0,0,0,37000,8000,29000,29000
067772,超眾統一03購02  ,0,0,0,0,0,0,0,0,0,29000,0,0,0,54000,25000,29000,29000
03091P,臺股指元大01售20,0,0,0,0,0,0,0,0,0,29000,0,0,0,70000,41000,29000,29000
03221P,和大凱基02售03  ,0,0,0,0,0,0,0,0,0,29000,0,0,0,35000,6000,29000,29000
060265,宏達電國票9A購02,0,0,0,0,0,0,0,0,0,29000,0,0,0,50000,21000,29000,29000
057862,智邦凱基99購01  ,0,0,0,0,0,0,0,0,0,29000,0,0,0,29000,0,29000,29000
062793,鴻海統一9B購06  ,0,0,0,0,0,0,0,0,0,29000,0,0,0,34000,5000,29000,29000
062733,巨大凱基9B購01  ,0,0,0,0,0,0,0,0,0,29000,0,0,0,29000,0,29000,29000
063190,聯茂凱基9B購01  ,0,0,0,0,0,0,0,0,0,29000,0,0,0,93000,64000,29000,29000
058699,楠梓電元大99購02,0,0,0,0,0,0,0,0,0,29000,0,0,0,31000,2000,29000,29000
061714,華新科凱基9A購15,0,0,0,0,0,0,0,0,0,29000,0,0,0,29000,0,29000,29000
060770,宏達電麥證9A購01,0,0,0,51000,0,51000,0,0,0,29000,0,0,0,51000,22000,29000,29000
064092,世紀鋼凱基9C購03,0,0,0,0,0,0,0,0,0,29000,0,0,0,74000,45000,29000,29000
066464,台郡統一02購02  ,0,0,0,0,0,0,0,0,0,29000,0,0,0,64000,35000,29000,29000
065004,瑞昱國票01購02  ,0,0,0,0,0,0,0,0,0,29000,0,0,0,48000,19000,29000,29000
065681,聯發科統一9C購17,0,0,0,0,0,0,0,0,0,29000,0,0,0,130000,101000,29000,29000
065393,旺宏群益9C購04  ,0,0,0,0,0,0,0,0,0,29000,0,0,0,32000,3000,29000,29000
08872P,臺股指群益01售05,0,0,0,0,0,0,0,0,0,29000,0,0,0,308000,279000,29000,29000
3311,閎暉            ,39000,10000,29000,0,0,0,0,0,0,0,0,0,0,0,0,0,29000
2537,聯上發          ,115000,86000,29000,0,0,0,0,0,0,0,0,0,0,0,0,0,29000
067298,台積電元大02購04,0,0,0,0,0,0,0,0,0,28000,0,0,0,82000,54000,28000,28000
067357,欣興群益01購02  ,0,0,0,0,0,0,0,0,0,28000,0,0,0,175000,147000,28000,28000
068482,光寶科元大01購01,0,0,0,0,0,0,0,0,0,28000,0,0,0,35000,7000,28000,28000
07744P,奇力新凱基9A售05,0,0,0,0,0,0,0,0,0,28000,0,0,0,28000,0,28000,28000
08403P,上銀元大9C售07  ,0,0,0,0,0,0,0,0,0,28000,0,0,0,50000,22000,28000,28000
058669,上銀群益99購01  ,0,0,0,0,0,0,0,0,0,28000,0,0,0,92000,64000,28000,28000
063197,遠東新統一9C購01,0,0,0,0,0,0,0,0,0,28000,0,0,0,55000,27000,28000,28000
063125,華擎元大9C購02  ,0,0,0,0,0,0,0,0,0,28000,0,0,0,103000,75000,28000,28000
063114,南電兆豐9B購01  ,0,0,0,0,0,0,0,0,0,28000,0,0,0,28000,0,28000,28000
058209,臺股指凱基01購01,0,0,0,0,0,0,0,0,0,28000,0,0,0,28000,0,28000,28000
047505,元金2X國票9B購01,0,0,0,0,0,0,0,0,0,28000,0,0,0,28000,0,28000,28000
054371,台積電中信9C購01,0,0,0,0,0,0,0,0,0,28000,0,0,0,28000,0,28000,28000
064082,緯創中信06購01  ,0,0,0,0,0,0,0,0,0,28000,0,0,0,98000,70000,28000,28000
064169,南電統一9C購01  ,0,0,0,0,0,0,0,0,0,28000,0,0,0,28000,0,28000,28000
061142,南電統一9A購01  ,0,0,0,0,0,0,0,0,0,28000,0,0,0,78000,50000,28000,28000
061124,微星永豐9A購02  ,0,0,0,0,0,0,0,0,0,28000,0,0,0,68000,40000,28000,28000
064253,貿聯元富9C購01  ,0,0,0,0,0,0,0,0,0,28000,0,0,0,96000,68000,28000,28000
060874,中鋼中信02購01  ,0,0,0,0,0,0,0,0,0,28000,0,0,0,43000,15000,28000,28000
060449,元金2X元大9A購02,0,0,0,0,0,0,0,0,0,28000,0,0,0,34000,6000,28000,28000
061851,智邦國票9B購01  ,0,0,0,0,0,0,0,0,0,28000,0,0,0,36000,8000,28000,28000
063345,嘉晶統一9C購02  ,0,0,0,0,0,0,0,0,0,28000,0,0,0,38000,10000,28000,28000
064994,南電兆豐01購01  ,0,0,0,0,0,0,0,0,0,28000,0,0,0,28000,0,28000,28000
065002,致茂國票01購01  ,0,0,0,0,0,0,0,0,0,28000,0,0,0,84000,56000,28000,28000
066002,健策國票02購01  ,0,0,0,0,0,0,0,0,0,28000,0,0,0,37000,9000,28000,28000
08555P,超眾國票01售01  ,0,0,0,0,0,0,0,0,0,28000,0,0,0,55000,27000,28000,28000
6598,ABC-KY          ,103100,75127,27973,0,0,0,0,0,0,0,0,0,0,0,0,0,27973
08346P,大立光元大9C售15,0,0,0,0,0,0,0,0,0,27000,0,0,0,27000,0,27000,27000
08003P,國巨國泰9B售07  ,0,0,0,0,0,0,0,0,0,27000,0,0,0,56000,29000,27000,27000
068425,道瓊銀凱基04購01,0,0,0,0,0,0,0,0,0,27000,0,0,0,70000,43000,27000,27000
068749,聯詠群益02購01  ,0,0,0,0,0,0,0,0,0,27000,0,0,0,29000,2000,27000,27000
068744,亞德客群益02購01,0,0,0,0,0,0,0,0,0,27000,0,0,0,27000,0,27000,27000
067901,旭富群益01購04  ,0,0,0,0,0,0,0,0,0,27000,0,0,0,27000,0,27000,27000
067898,玉晶光群益02購12,0,0,0,0,0,0,0,0,0,27000,0,0,0,27000,0,27000,27000
068096,聯電富邦03購01  ,0,0,0,0,0,0,0,0,0,27000,0,0,0,28000,1000,27000,27000
051695,元金2X中信98購01,0,0,0,0,0,0,0,0,0,27000,0,0,0,27000,0,27000,27000
056726,友達日盛9A購01  ,0,0,0,0,0,0,0,0,0,27000,0,0,0,44000,17000,27000,27000
057057,立積元大9A購01  ,0,0,0,0,0,0,0,0,0,27000,0,0,0,27000,0,27000,27000
03069P,大毅群益01售04  ,0,0,0,0,0,0,0,0,0,27000,0,0,0,132000,105000,27000,27000
03131P,南亞科元富07售02,0,0,0,0,0,0,0,0,0,27000,0,0,0,80000,53000,27000,27000
00728,第一金工業30    ,0,0,0,0,0,0,0,0,0,27000,0,0,0,206000,179000,27000,27000
058456,京鼎永豐99購01  ,0,0,0,0,0,0,0,0,0,27000,0,0,0,27000,0,27000,27000
060307,南港永豐9A購01  ,0,0,0,0,0,0,0,0,0,27000,0,0,0,27000,0,27000,27000
060017,全新康和99購01  ,0,0,0,0,0,0,0,0,0,27000,0,0,0,28000,1000,27000,27000
060159,健和興永豐9A購01,0,0,0,0,0,0,0,0,0,27000,0,0,0,27000,0,27000,27000
063157,鴻海台新9B購02  ,0,0,0,0,0,0,0,0,0,27000,0,0,0,27000,0,27000,27000
062739,嘉晶國票9B購02  ,0,0,0,0,0,0,0,0,0,27000,0,0,0,35000,8000,27000,27000
062850,友訊永豐9B購01  ,0,0,0,0,0,0,0,0,0,27000,0,0,0,54000,27000,27000,27000
058835,元油2X中信9C購02,0,0,0,0,0,0,0,0,0,27000,0,0,0,27000,0,27000,27000
058901,美律元大99購07  ,0,0,0,0,0,0,0,0,0,27000,0,0,0,27000,0,27000,27000
058801,致伸元大99購01  ,0,0,0,0,0,0,0,0,0,27000,0,0,0,27000,0,27000,27000
061955,FANG+統一9B購01 ,0,0,0,0,0,0,0,0,0,27000,0,0,0,37000,10000,27000,27000
060455,葡萄王元大9A購02,0,0,0,0,0,0,0,0,0,27000,0,0,0,27000,0,27000,27000
064215,康控凱基02購01  ,0,0,0,0,0,0,0,0,0,27000,0,0,0,34000,7000,27000,27000
065915,聯發科凱基01購09,0,0,0,0,0,0,0,0,0,27000,0,0,0,32000,5000,27000,27000
065729,聯詠凱基9C購04  ,0,0,0,0,0,0,0,0,0,27000,0,0,0,28000,1000,27000,27000
066578,臺股指元大01購07,0,0,0,0,0,0,0,0,0,27000,0,0,0,27000,0,27000,27000
066769,嘉基永豐01購02  ,0,0,0,0,0,0,0,0,0,27000,0,0,0,536000,509000,27000,27000
066688,台積電元富07購01,0,0,0,0,0,0,0,0,0,27000,0,0,0,205000,178000,27000,27000
064681,牧德兆豐01購01  ,0,0,0,0,0,0,0,0,0,27000,0,0,0,30000,3000,27000,27000
6668,中揚光          ,80000,50000,30000,0,0,0,0,0,0,-3000,0,3000,-3000,0,0,0,27000
8072,陞泰            ,43000,16000,27000,0,0,0,0,0,0,0,0,0,0,0,0,0,27000
910322,康師傅-DR       ,28000,1000,27000,0,0,0,0,0,0,0,0,0,0,0,0,0,27000
08560P,茂林國票01售01  ,0,0,0,0,0,0,0,0,0,27000,0,0,0,40000,13000,27000,27000
2702,華園            ,45000,18000,27000,0,0,0,0,0,0,0,0,0,0,0,0,0,27000
067339,欣興凱基02購01  ,0,10000,-10000,0,0,0,0,0,0,36000,0,0,0,323000,287000,36000,26000
067382,康控統一03購02  ,0,0,0,0,0,0,0,0,0,26000,0,0,0,56000,30000,26000,26000
06839P,玉晶光統一9A售05,0,0,0,0,0,0,0,0,0,26000,0,0,0,100000,74000,26000,26000
08004P,大毅永豐9B售02  ,0,0,0,0,0,0,0,0,0,26000,0,0,0,26000,0,26000,26000
07944P,華新科元大9B售08,0,0,0,0,0,0,0,0,0,26000,0,0,0,26000,0,26000,26000
058957,貿聯國票9A購01  ,0,0,0,0,0,0,0,0,0,26000,0,0,0,26000,0,26000,26000
00714,群益道瓊美國地產,0,0,0,0,0,0,0,0,0,26000,0,0,0,26000,0,26000,26000
054156,聯電亞東98購01  ,0,0,0,0,0,0,0,0,0,26000,0,0,0,26000,0,26000,26000
061043,百和永豐9A購01  ,0,0,0,0,0,0,0,0,0,26000,0,0,0,26000,0,26000,26000
060618,玉晶光元大9A購02,0,0,0,0,0,0,0,0,0,26000,0,0,0,26000,0,26000,26000
064639,聚陽凱基02購01  ,0,0,0,0,0,0,0,0,0,26000,0,0,0,70000,44000,26000,26000
065039,國巨凱基02購02  ,0,0,0,0,0,0,0,0,0,26000,0,0,0,48000,22000,26000,26000
065174,華新科元大02購02,0,0,0,0,0,0,0,0,0,26000,0,0,0,26000,0,26000,26000
065411,旺宏永豐9C購02  ,0,0,0,0,0,0,0,0,0,26000,0,0,0,35000,9000,26000,26000
065600,友達元大9C購11  ,0,0,0,0,0,0,0,0,0,26000,0,0,0,116000,90000,26000,26000
066892,台積電兆豐03購01,0,0,0,0,0,0,0,0,0,26000,0,0,0,26000,0,26000,26000
066843,台達電元大01購02,0,0,0,0,0,0,0,0,0,26000,0,0,0,107000,81000,26000,26000
066460,智原統一03購01  ,0,0,0,0,0,0,0,0,0,26000,0,0,0,150000,124000,26000,26000
065874,智原群益9C購01  ,0,0,0,0,0,0,0,0,0,26000,0,0,0,26000,0,26000,26000
07531P,大立光國泰9B售03,0,0,0,0,0,0,0,0,0,25000,0,0,0,25000,0,25000,25000
07508P,華新科國票9A售03,0,0,0,0,0,0,0,0,0,25000,0,0,0,25000,0,25000,25000
06872P,亞德客元富98售04,0,0,0,0,0,0,0,0,0,25000,0,0,0,25000,0,25000,25000
068818,聯發科元大02購06,0,0,0,0,0,0,0,0,0,25000,0,0,0,94000,69000,25000,25000
067565,聯發科日盛01購01,0,0,0,0,0,0,0,0,0,25000,0,0,0,35000,10000,25000,25000
067796,臺股指群益01購08,0,0,0,0,0,0,0,0,0,25000,0,0,0,41000,16000,25000,25000
059706,嘉晶凱基99購01  ,0,0,0,0,0,0,0,0,0,25000,0,0,0,39000,14000,25000,25000
03094P,台達電凱基01售04,0,0,0,0,0,0,0,0,0,25000,0,0,0,100000,75000,25000,25000
03085P,台積電元大01售34,0,0,0,0,0,0,0,0,0,25000,0,0,0,25000,0,25000,25000
058721,立積元富9C購01  ,0,0,0,0,0,0,0,0,0,25000,0,0,0,25000,0,25000,25000
058723,元石油國泰9A購01,0,0,0,0,0,0,0,0,0,25000,0,0,0,25000,0,25000,25000
062816,華新科兆豐9B購01,0,0,0,0,0,0,0,0,0,25000,0,0,0,25000,0,25000,25000
059360,全新永豐99購02  ,0,0,0,0,0,0,0,0,0,25000,0,0,0,34000,9000,25000,25000
060248,日月光元大9A購01,0,0,0,0,0,0,0,0,0,25000,0,0,0,25000,0,25000,25000
058035,旭富永豐98購02  ,0,0,0,0,0,0,0,0,0,25000,0,0,0,25000,0,25000,25000
06054P,臺股指中信9A售01,0,0,0,0,0,0,0,0,0,25000,0,0,0,158000,133000,25000,25000
062034,同欣電群益9B購01,0,0,0,0,0,0,0,0,0,25000,0,0,0,30000,5000,25000,25000
062638,茂林國票9C購01  ,0,0,0,0,0,0,0,0,0,25000,0,0,0,277000,252000,25000,25000
062316,康控凱基9B購03  ,0,0,0,0,0,0,0,0,0,25000,0,0,0,33000,8000,25000,25000
062297,億豐永豐9B購01  ,0,0,0,0,0,0,0,0,0,25000,0,0,0,424000,399000,25000,25000
062435,國巨元大9B購13  ,0,0,0,0,0,0,0,0,0,25000,0,0,0,56000,31000,25000,25000
060926,宏達電永豐9A購01,0,0,0,0,0,0,0,0,0,25000,0,0,0,43000,18000,25000,25000
062096,神隆永豐9B購01  ,0,0,0,0,0,0,0,0,0,25000,0,0,0,25000,0,25000,25000
062107,台光電國票9B購01,0,0,0,0,0,0,0,0,0,25000,0,0,0,29000,4000,25000,25000
061431,鈺齊元大9A購01  ,0,0,0,0,0,0,0,0,0,25000,0,0,0,25000,0,25000,25000
063421,可成凱基9C購02  ,0,0,0,0,0,0,0,0,0,25000,0,0,0,45000,20000,25000,25000
063407,泰鼎國票9C購01  ,0,0,0,0,0,0,0,0,0,25000,0,0,0,191000,166000,25000,25000
066025,宏達電群益01購01,0,0,0,0,0,0,0,0,0,25000,0,0,0,58000,33000,25000,25000
065802,義隆群益9C購05  ,0,0,0,0,0,0,0,0,0,25000,0,0,0,28000,3000,25000,25000
066621,川湖凱基01購01  ,0,0,0,0,0,0,0,0,0,25000,0,0,0,25000,0,25000,25000
065606,可成元大01購05  ,0,0,0,0,0,0,0,0,0,25000,0,0,0,112000,87000,25000,25000
065594,華通元大01購02  ,0,0,0,0,0,0,0,0,0,25000,0,0,0,217000,192000,25000,25000
065323,聯發科凱基9C購09,0,0,0,0,0,0,0,0,0,25000,0,0,0,37000,12000,25000,25000
064568,聯鈞群益9C購01  ,0,0,0,0,0,0,0,0,0,25000,0,0,0,25000,0,25000,25000
06455P,上銀統一99售03  ,0,0,0,0,0,0,0,0,0,25000,0,0,0,25000,0,25000,25000
064384,聯電富邦01購01  ,0,0,0,0,0,0,0,0,0,25000,0,0,0,25000,0,25000,25000
2535,達欣工          ,124000,307000,-183000,0,0,0,0,0,0,208000,200000,0,200000,26000,18000,8000,25000
5531,鄉林            ,71000,46000,25000,0,0,0,0,0,0,0,0,0,0,0,0,0,25000
08518P,世芯群益9C售03  ,0,0,0,0,0,0,0,0,0,25000,0,0,0,25000,0,25000,25000
08647P,鴻海凱基9C售06  ,0,0,0,0,0,0,0,0,0,25000,0,0,0,42000,17000,25000,25000
08862P,台積電元大01售24,0,0,0,0,0,0,0,0,0,25000,0,0,0,25000,0,25000,25000
08845P,友訊元大01售05  ,0,0,0,0,0,0,0,0,0,25000,0,0,0,25000,0,25000,25000
1339,昭輝            ,79000,54000,25000,0,0,0,0,0,0,0,0,0,0,0,0,0,25000
1108,幸福            ,59000,34000,25000,0,0,0,0,0,0,0,0,0,0,0,0,0,25000
1773,勝一            ,100000,75000,25000,0,0,0,0,0,0,0,0,0,0,0,0,0,25000
067176,健策麥證02購02  ,0,0,0,27000,0,27000,0,0,0,24000,0,0,0,27000,3000,24000,24000
068378,聯發科永豐01購03,0,0,0,0,0,0,0,0,0,24000,0,0,0,24000,0,24000,24000
068395,GIS統一03購03   ,0,0,0,0,0,0,0,0,0,24000,0,0,0,25000,1000,24000,24000
07033P,大立光統一9B售03,0,0,0,0,0,0,0,0,0,24000,0,0,0,24000,0,24000,24000
08365P,貿聯凱基9C售01  ,0,0,0,0,0,0,0,0,0,24000,0,0,0,150000,126000,24000,24000
062870,亞德客兆豐9C購01,0,0,0,0,0,0,0,0,0,24000,0,0,0,39000,15000,24000,24000
059067,上銀國票9A購02  ,0,0,0,0,0,0,0,0,0,24000,0,0,0,54000,30000,24000,24000
059189,國泰金富邦9B購01,0,0,0,0,0,0,0,0,0,24000,0,0,0,24000,0,24000,24000
03233P,台積電元大02售11,0,0,0,0,0,0,0,0,0,24000,0,0,0,100000,76000,24000,24000
050758,聯發科元富9B購01,0,0,0,0,0,0,0,0,0,24000,0,0,0,25000,1000,24000,24000
059955,美食康和99購01  ,0,0,0,0,0,0,0,0,0,24000,0,0,0,24000,0,24000,24000
057788,嘉聯益國票99購01,0,0,0,0,0,0,0,0,0,24000,0,0,0,224000,200000,24000,24000
063566,台光電元大9B購08,0,0,0,0,0,0,0,0,0,24000,0,0,0,32000,8000,24000,24000
063539,世紀鋼統一9B購02,0,0,0,0,0,0,0,0,0,24000,0,0,0,79000,55000,24000,24000
061572,奇力新元大9A購04,0,0,0,0,0,0,0,0,0,24000,0,0,0,80000,56000,24000,24000
062349,新日興群益9B購02,0,0,0,0,0,0,0,0,0,24000,0,0,0,24000,0,24000,24000
060552,群創凱基9B購05  ,0,0,0,0,0,0,0,0,0,24000,0,0,0,60000,36000,24000,24000
060320,元金2X群益02購01,0,0,0,0,0,0,0,0,0,24000,0,0,0,24000,0,24000,24000
063825,道瓊銀國票01購01,0,0,0,0,0,0,0,0,0,24000,0,0,0,24000,0,24000,24000
064648,臻鼎凱基9C購02  ,0,0,0,0,0,0,0,0,0,24000,0,0,0,201000,177000,24000,24000
064924,健策統一9C購05  ,0,0,0,0,0,0,0,0,0,24000,0,0,0,34000,10000,24000,24000
065042,國產凱基02購01  ,0,0,0,0,0,0,0,0,0,24000,0,0,0,38000,14000,24000,24000
065601,聯發科元大01購05,0,0,0,0,0,0,0,0,0,24000,0,0,0,29000,5000,24000,24000
065623,瑞昱中信04購01  ,0,0,0,0,0,0,0,0,0,24000,0,0,0,100000,76000,24000,24000
066118,台郡兆豐01購01  ,0,0,0,0,0,0,0,0,0,24000,0,0,0,54000,30000,24000,24000
1786,科妍            ,31000,7000,24000,0,0,0,0,0,0,0,0,0,0,0,0,0,24000
2034,允強            ,67000,43000,24000,0,0,0,0,0,0,0,0,0,0,0,0,0,24000
1304,台聚            ,166000,144000,22000,0,0,0,0,0,0,2000,2000,0,2000,0,0,0,24000
08462P,臻鼎國票9C售02  ,0,0,0,0,0,0,0,0,0,24000,0,0,0,56000,32000,24000,24000
4137,麗豐-KY         ,48000,35000,13000,0,0,0,0,0,0,11000,0,1000,-1000,13000,1000,12000,24000
910861,神州-DR         ,24000,0,24000,0,0,0,0,0,0,0,0,0,0,0,0,0,24000
08199P,大毅元大9B售02  ,0,0,0,0,0,0,0,0,0,23000,0,0,0,93000,70000,23000,23000
07365P,超眾元大99售07  ,0,0,0,0,0,0,0,0,0,23000,0,0,0,23000,0,23000,23000
068323,台積電元大01購42,0,0,0,0,0,0,0,0,0,23000,0,0,0,38000,15000,23000,23000
067340,欣興凱基02購02  ,0,0,0,0,0,0,0,0,0,23000,0,0,0,250000,227000,23000,23000
059728,聯鈞元大99購01  ,0,0,0,0,0,0,0,0,0,23000,0,0,0,23000,0,23000,23000
055406,大毅國泰99購01  ,0,0,0,0,0,0,0,0,0,23000,0,0,0,23000,0,23000,23000
056479,玉晶光元大99購05,0,0,0,0,0,0,0,0,0,23000,0,0,0,42000,19000,23000,23000
063170,智邦第一9B購01  ,0,0,0,0,0,0,0,0,0,23000,0,0,0,23000,0,23000,23000
057618,台光電凱基99購01,0,0,0,0,0,0,0,0,0,23000,0,0,0,33000,10000,23000,23000
064020,華通元大01購01  ,0,0,0,0,0,0,0,0,0,23000,0,0,0,388000,365000,23000,23000
062091,世紀鋼元大9B購01,0,0,0,0,0,0,0,0,0,23000,0,0,0,187000,164000,23000,23000
061397,上銀台新9A購01  ,0,0,0,0,0,0,0,0,0,23000,0,0,0,33000,10000,23000,23000
061586,智邦富邦9A購02  ,0,0,0,0,0,0,0,0,0,23000,0,0,0,28000,5000,23000,23000
063604,群創凱基01購02  ,0,0,0,0,0,0,0,0,0,23000,0,0,0,71000,48000,23000,23000
063706,台虹群益9B購01  ,0,0,0,0,0,0,0,0,0,23000,0,0,0,33000,10000,23000,23000
066063,南電元大01購04  ,0,0,0,0,0,0,0,0,0,23000,0,0,0,113000,90000,23000,23000
065941,超眾群益02購01  ,0,0,0,0,0,0,0,0,0,23000,0,0,0,23000,0,23000,23000
065005,台光電國票01購02,0,0,0,0,0,0,0,0,0,23000,0,0,0,37000,14000,23000,23000
065170,智邦元大9C購07  ,0,0,0,0,0,0,0,0,0,23000,0,0,0,326000,303000,23000,23000
064852,智邦台新9C購04  ,0,0,0,0,0,0,0,0,0,23000,0,0,0,68000,45000,23000,23000
064697,健策群益01購02  ,0,0,0,0,0,0,0,0,0,23000,0,0,0,27000,4000,23000,23000
08837P,牧德國票03售01  ,0,0,0,0,0,0,0,0,0,23000,0,0,0,23000,0,23000,23000
1307,三芳            ,34000,11000,23000,0,0,0,0,0,0,0,0,0,0,0,0,0,23000
08999P,玉晶光群益02售16,0,0,0,0,0,0,0,0,0,23000,0,0,0,23000,0,23000,23000
067476,台光電元大01購04,0,0,0,0,0,0,0,0,0,22000,0,0,0,169000,147000,22000,22000
068610,牧德凱基01購05  ,0,0,0,0,0,0,0,0,0,22000,0,0,0,27000,5000,22000,22000
08204P,台灣50中信01售04,0,0,0,0,0,0,0,0,0,22000,0,0,0,27000,5000,22000,22000
058347,玉晶光群益9B購01,0,0,0,0,0,0,0,0,0,22000,0,0,0,45000,23000,22000,22000
058296,明泰凱基99購01  ,0,0,0,0,0,0,0,0,0,22000,0,0,0,88000,66000,22000,22000
062774,儒鴻元大9C購01  ,0,0,0,0,0,0,0,0,0,22000,0,0,0,64000,42000,22000,22000
058737,鴻海第一01購01  ,0,0,0,0,0,0,0,0,0,22000,0,0,0,22000,0,22000,22000
057449,華新科元富99購02,0,0,0,0,0,0,0,0,0,22000,0,0,0,23000,1000,22000,22000
03101P,GIS凱基01售04   ,0,0,0,0,0,0,0,0,0,22000,0,0,0,23000,1000,22000,22000
00717,富邦美國特別股  ,0,0,0,0,0,0,0,0,0,22000,0,0,0,450000,428000,22000,22000
059662,旭富元大9C購01  ,0,0,0,0,0,0,0,0,0,22000,0,0,0,51000,29000,22000,22000
057009,信邦中信99購01  ,0,0,0,0,0,0,0,0,0,22000,0,0,0,22000,0,22000,22000
062482,台表科國票9B購01,0,0,0,0,0,0,0,0,0,22000,0,0,0,27000,5000,22000,22000
063476,台表科元大9C購03,0,0,0,0,0,0,0,0,0,22000,0,0,0,74000,52000,22000,22000
061928,群創凱基9B購06  ,0,0,0,0,0,0,0,0,0,22000,0,0,0,55000,33000,22000,22000
064246,南六統一9C購02  ,0,0,0,0,0,0,0,0,0,22000,0,0,0,62000,40000,22000,22000
061018,台積電國票9B購05,0,0,0,0,0,0,0,0,0,22000,0,0,0,32000,10000,22000,22000
060641,聯鈞永豐9A購01  ,0,0,0,0,0,0,0,0,0,22000,0,0,0,22000,0,22000,22000
060665,康控凱基9A購01  ,0,0,0,0,0,0,0,0,0,22000,0,0,0,24000,2000,22000,22000
062063,世紀鋼統一9C購01,0,0,0,0,0,0,0,0,0,22000,0,0,0,114000,92000,22000,22000
062594,祥碩統一01購02  ,0,0,0,0,0,0,0,0,0,22000,0,0,0,22000,0,22000,22000
064770,開發金中信01購01,0,0,0,0,0,0,0,0,0,22000,0,0,0,22000,0,22000,22000
065270,TPK元大01購01   ,0,0,0,0,0,0,0,0,0,22000,0,0,0,168000,146000,22000,22000
08638P,泰碩國票9C售01  ,0,0,0,0,0,0,0,0,0,22000,0,0,0,23000,1000,22000,22000
2495,普安            ,35000,11000,24000,0,0,0,0,0,0,-2000,0,2000,-2000,0,0,0,22000
07967P,力山元大9B售03  ,0,0,0,0,0,0,0,0,0,21000,0,0,0,51000,30000,21000,21000
068473,聯發科群益01購13,0,0,0,0,0,0,0,0,0,21000,0,0,0,136000,115000,21000,21000
068558,聯電元大01購07  ,0,0,0,0,0,0,0,0,0,21000,0,0,0,157000,136000,21000,21000
067164,台虹國票02購01  ,0,0,0,0,0,0,0,0,0,21000,0,0,0,80000,59000,21000,21000
067255,日月光國票02購01,0,0,0,0,0,0,0,0,0,21000,0,0,0,22000,1000,21000,21000
067068,台積電元大01購21,0,0,0,0,0,0,0,0,0,21000,0,0,0,21000,0,21000,21000
06698P,玉晶光國票99售05,0,0,0,0,0,0,0,0,0,21000,0,0,0,21000,0,21000,21000
067801,台達電凱基01購03,0,0,0,0,0,0,0,0,0,21000,0,0,0,41000,20000,21000,21000
03168P,聯發科元富01售03,0,0,0,0,0,0,0,0,0,21000,0,0,0,40000,19000,21000,21000
00866,新光Shiller CAPE,0,0,0,0,0,0,0,0,0,21000,0,0,0,47000,26000,21000,21000
00682U,元大美元指數    ,0,0,0,0,0,0,0,0,0,21000,0,0,0,23000,2000,21000,21000
00683L,元大美元指數正2 ,0,0,0,0,0,0,0,0,0,21000,0,0,0,22000,1000,21000,21000
03195P,台積電元富07售14,0,0,0,0,0,0,0,0,0,21000,0,0,0,21000,0,21000,21000
057494,玉晶光元大99購09,0,0,0,0,0,0,0,0,0,21000,0,0,0,34000,13000,21000,21000
059147,矽創國票99購01  ,0,0,0,0,0,0,0,0,0,21000,0,0,0,21000,0,21000,21000
063126,TPK元大9B購01   ,0,0,0,0,0,0,0,0,0,21000,0,0,0,23000,2000,21000,21000
063080,裕隆凱基9B購01  ,0,0,0,0,0,0,0,0,0,21000,0,0,0,91000,70000,21000,21000
057882,華通群益9A購03  ,0,0,0,0,0,0,0,0,0,21000,0,0,0,40000,19000,21000,21000
062296,南六永豐9B購02  ,0,0,0,0,0,0,0,0,0,21000,0,0,0,21000,0,21000,21000
062398,建準永豐9B購01  ,0,0,0,0,0,0,0,0,0,21000,0,0,0,122000,101000,21000,21000
064104,TPK群益9C購02   ,0,0,0,0,0,0,0,0,0,21000,0,0,0,21000,0,21000,21000
063864,健策富邦01購01  ,0,0,0,0,0,0,0,0,0,21000,0,0,0,21000,0,21000,21000
061957,上銀統一01購01  ,0,0,0,0,0,0,0,0,0,21000,0,0,0,160000,139000,21000,21000
062195,聚陽中信9C購01  ,0,0,0,0,0,0,0,0,0,21000,0,0,0,61000,40000,21000,21000
061813,鴻海群益9B購02  ,0,0,0,0,0,0,0,0,0,21000,0,0,0,86000,65000,21000,21000
063694,貿聯永豐9B購01  ,0,0,0,0,0,0,0,0,0,21000,0,0,0,61000,40000,21000,21000
063495,台光電富邦9C購01,0,0,0,0,0,0,0,0,0,21000,0,0,0,156000,135000,21000,21000
065335,玉晶光台新9C購03,0,0,0,0,0,0,0,0,0,21000,0,0,0,21000,0,21000,21000
065414,立積永豐9C購01  ,0,0,0,0,0,0,0,0,0,21000,0,0,0,85000,64000,21000,21000
064623,創意元大9C購04  ,0,0,0,0,0,0,0,0,0,21000,0,0,0,54000,33000,21000,21000
066901,台虹康和01購01  ,0,0,0,0,0,0,0,0,0,21000,0,0,0,124000,103000,21000,21000
066927,亞德客國票02購01,0,0,0,0,0,0,0,0,0,21000,0,0,0,184000,163000,21000,21000
2415,錩新            ,27000,6000,21000,0,0,0,0,0,0,0,0,0,0,0,0,0,21000
1316,上曜            ,46000,25000,21000,0,0,0,0,0,0,0,0,0,0,0,0,0,21000
9925,新保            ,81000,60000,21000,0,0,0,0,0,0,0,0,0,0,0,0,0,21000
067839,臺股指統一01購01,0,0,0,0,0,0,0,0,0,20000,0,0,0,20000,0,20000,20000
067895,玉晶光群益02購09,0,0,0,0,0,0,0,0,0,20000,0,0,0,53000,33000,20000,20000
068202,玉晶光凱基03購02,0,0,0,0,0,0,0,0,0,20000,0,0,0,20000,0,20000,20000
067965,美律群益01購02  ,0,0,0,0,0,0,0,0,0,20000,0,0,0,20000,0,20000,20000
06798P,臺股指凱基98售08,0,0,0,0,0,0,0,0,0,20000,0,0,0,40000,20000,20000,20000
068069,台光電凱基01購03,0,0,0,0,0,0,0,0,0,20000,0,0,0,100000,80000,20000,20000
066968,技嘉元富07購01  ,0,0,0,0,0,0,0,0,0,20000,0,0,0,20000,0,20000,20000
067112,泰碩群益01購02  ,0,0,0,0,0,0,0,0,0,20000,0,0,0,20000,0,20000,20000
067162,康控國票02購01  ,0,0,0,0,0,0,0,0,0,20000,0,0,0,23000,3000,20000,20000
067552,亞光兆豐01購01  ,0,0,0,0,0,0,0,0,0,20000,0,0,0,42000,22000,20000,20000
067367,台積電統一01購11,0,0,0,0,0,0,0,0,0,20000,0,0,0,20000,0,20000,20000
068548,台積電群益01購22,0,0,0,0,0,0,0,0,0,20000,0,0,0,21000,1000,20000,20000
07319P,台積電凱基01售02,0,0,0,0,0,0,0,0,0,20000,0,0,0,20000,0,20000,20000
07532P,台灣50中信01售02,0,0,0,0,0,0,0,0,0,20000,0,0,0,20000,0,20000,20000
06906P,國巨國泰99售01  ,0,0,0,0,0,0,0,0,0,20000,0,0,0,40000,20000,20000,20000
08211P,台表科元富9B售03,0,0,0,0,0,0,0,0,0,20000,0,0,0,30000,10000,20000,20000
08186P,泰碩永豐9B售03  ,0,0,0,0,0,0,0,0,0,20000,0,0,0,20000,0,20000,20000
08052P,臺股指國票9B售17,0,0,0,0,0,0,0,0,0,20000,0,0,0,20000,0,20000,20000
08055P,臺股指國票9B售20,0,0,0,0,0,0,0,0,0,20000,0,0,0,20000,0,20000,20000
08352P,大立光群益01售02,0,0,0,0,0,0,0,0,0,20000,0,0,0,20000,0,20000,20000
08328P,國巨國票9C售07  ,0,0,0,0,0,0,0,0,0,20000,0,0,0,20000,0,20000,20000
057881,SP黃豆群益9A購01,0,0,0,0,0,0,0,0,0,20000,0,0,0,20000,0,20000,20000
058552,欣興永豐99購01  ,0,0,0,0,0,0,0,0,0,20000,0,0,0,114000,94000,20000,20000
058480,新日興凱基9A購01,0,0,0,0,0,0,0,0,0,20000,0,0,0,20000,0,20000,20000
058268,泰碩永豐9A購01  ,0,0,0,0,0,0,0,0,0,20000,0,0,0,20000,0,20000,20000
058237,嘉晶元大99購04  ,0,0,0,0,0,0,0,0,0,20000,0,0,0,21000,1000,20000,20000
057529,嘉晶元大99購02  ,0,0,0,0,0,0,0,0,0,20000,0,0,0,22000,2000,20000,20000
057578,可成中信99購01  ,0,0,0,0,0,0,0,0,0,20000,0,0,0,20000,0,20000,20000
063184,台光電凱基9B購03,0,0,0,0,0,0,0,0,0,20000,0,0,0,26000,6000,20000,20000
062828,聯詠群益9B購02  ,0,0,0,0,0,0,0,0,0,20000,0,0,0,20000,0,20000,20000
062809,同欣電統一9C購01,0,0,0,0,0,0,0,0,0,20000,0,0,0,33000,13000,20000,20000
062874,微星兆豐9B購01  ,0,0,0,0,0,0,0,0,0,20000,0,0,0,20000,0,20000,20000
059005,嘉晶元大99購06  ,0,0,0,0,0,0,0,0,0,20000,0,0,0,20000,0,20000,20000
058934,台灣50中信03購03,0,0,0,0,0,0,0,0,0,20000,0,0,0,50000,30000,20000,20000
058697,亞德客元大99購01,0,0,0,0,0,0,0,0,0,20000,0,0,0,20000,0,20000,20000
058612,健策元大99購02  ,0,0,0,0,0,0,0,0,0,20000,0,0,0,23000,3000,20000,20000
056263,友訊統一99購01  ,0,0,0,0,0,0,0,0,0,20000,0,0,0,20000,0,20000,20000
056519,創意國票99購01  ,0,0,0,0,0,0,0,0,0,20000,0,0,0,20000,0,20000,20000
055892,國巨統一99購01  ,0,0,0,0,0,0,0,0,0,20000,0,0,0,490000,470000,20000,20000
046383,群創凱基98購01  ,0,0,0,0,0,0,0,0,0,20000,0,0,0,40000,20000,20000,20000
055661,亞德客中信98購01,0,0,0,0,0,0,0,0,0,20000,0,0,0,20000,0,20000,20000
03200P,台積電統一03售11,0,0,0,0,0,0,0,0,0,20000,0,0,0,20000,0,20000,20000
03194P,國巨元富07售14  ,0,0,0,0,0,0,0,0,0,20000,0,0,0,20000,0,20000,20000
03133P,聯電中信01售02  ,0,0,0,0,0,0,0,0,0,20000,0,0,0,25000,5000,20000,20000
03064P,台灣50群益01售14,0,0,0,0,0,0,0,0,0,20000,0,0,0,32000,12000,20000,20000
00732,國泰RMB短期報酬 ,0,0,0,0,0,0,0,0,0,20000,0,0,0,120000,100000,20000,20000
056917,國巨兆豐98購03  ,0,0,0,0,0,0,0,0,0,20000,0,0,0,20000,0,20000,20000
056947,國巨統一9A購01  ,0,0,0,0,0,0,0,0,0,20000,0,0,0,20000,0,20000,20000
057198,智伸科統一9B購01,0,0,0,0,0,0,0,0,0,20000,0,0,0,20000,0,20000,20000
057183,玉晶光元大99購07,0,0,0,0,0,0,0,0,0,20000,0,0,0,20000,0,20000,20000
057112,立積群益99購01  ,0,0,0,0,0,0,0,0,0,20000,0,0,0,20000,0,20000,20000
057796,鴻海兆豐99購03  ,0,0,0,0,0,0,0,0,0,20000,0,0,0,20000,0,20000,20000
059597,大立光元大99購21,0,0,0,0,0,0,0,0,0,20000,0,0,0,20000,0,20000,20000
055433,嘉聯益群益99購01,0,0,0,0,0,0,0,0,0,20000,0,0,0,20000,0,20000,20000
053925,群創國票98購01  ,0,0,0,0,0,0,0,0,0,20000,0,0,0,20000,0,20000,20000
054534,台積電富邦98購03,0,0,0,0,0,0,0,0,0,20000,0,0,0,20000,0,20000,20000
052491,泰碩國票99購01  ,0,0,0,0,0,0,0,0,0,20000,0,0,0,20000,0,20000,20000
052420,道瓊反國票9B購01,0,0,0,0,0,0,0,0,0,20000,0,0,0,20000,0,20000,20000
053163,上証2X群益9A購02,0,0,0,0,0,0,0,0,0,20000,0,0,0,20000,0,20000,20000
053063,力山群益98購01  ,0,0,0,0,0,0,0,0,0,20000,0,0,0,20000,0,20000,20000
063555,SP黃豆元大9B購01,0,0,0,0,0,0,0,0,0,20000,0,0,0,20000,0,20000,20000
063557,聚陽元大9B購01  ,0,0,0,0,0,0,0,0,0,20000,0,0,0,20000,0,20000,20000
063715,鈺齊凱基9C購01  ,0,0,0,0,0,0,0,0,0,20000,0,0,0,20000,0,20000,20000
063752,瑞祺國票9C購01  ,0,0,0,0,0,0,0,0,0,20000,0,0,0,67000,47000,20000,20000
063786,瑞昱中信06購01  ,0,0,0,0,0,0,0,0,0,20000,0,0,0,20000,0,20000,20000
062970,智邦元富9B購01  ,0,0,0,0,0,0,0,0,0,20000,0,0,0,20000,0,20000,20000
061771,玉晶光元大9C購04,0,0,0,0,0,0,0,0,0,20000,0,0,0,20000,0,20000,20000
061419,國巨元大9A購21  ,0,0,0,0,0,0,0,0,0,20000,0,0,0,30000,10000,20000,20000
061651,世紀鋼元大9C購02,0,0,0,0,0,0,0,0,0,20000,0,0,0,20000,0,20000,20000
062213,和大統一9B購02  ,0,0,0,0,0,0,0,0,0,20000,0,0,0,20000,0,20000,20000
062239,台汽電凱基9B購01,0,0,0,0,0,0,0,0,0,20000,0,0,0,80000,60000,20000,20000
061973,上銀元大9B購01  ,0,0,0,0,0,0,0,0,0,20000,0,0,0,20000,0,20000,20000
061563,群創國票9B購02  ,0,0,0,0,0,0,0,0,0,20000,0,0,0,35000,15000,20000,20000
061927,玉晶光凱基9C購01,0,0,0,0,0,0,0,0,0,20000,0,0,0,21000,1000,20000,20000
060943,宏達電國票9B購02,0,0,0,0,0,0,0,0,0,20000,0,0,0,40000,20000,20000,20000
060961,台光電凱基9A購03,0,0,0,0,0,0,0,0,0,20000,0,0,0,20000,0,20000,20000
060976,SP黃豆元大9A購03,0,0,0,0,0,0,0,0,0,20000,0,0,0,20000,0,20000,20000
063997,泰鼎群益9C購01  ,0,0,0,0,0,0,0,0,0,20000,0,0,0,134000,114000,20000,20000
063920,大立光元富03購02,0,0,0,0,0,0,0,0,0,20000,0,0,0,29000,9000,20000,20000
061150,國巨群益9A購09  ,0,0,0,0,0,0,0,0,0,20000,0,0,0,31000,11000,20000,20000
062302,聯詠中信05購02  ,0,0,0,0,0,0,0,0,0,20000,0,0,0,33000,13000,20000,20000
062617,京鼎元大9B購01  ,0,0,0,0,0,0,0,0,0,20000,0,0,0,20000,0,20000,20000
062698,台積電元大01購01,0,0,0,0,0,0,0,0,0,20000,0,0,0,20000,0,20000,20000
062700,台光電元大9B購05,0,0,0,0,0,0,0,0,0,20000,0,0,0,45000,25000,20000,20000
066783,友達中信01購04  ,0,0,0,0,0,0,0,0,0,20000,0,0,0,30000,10000,20000,20000
066495,技嘉國泰03購01  ,0,0,0,0,0,0,0,0,0,20000,0,0,0,20000,0,20000,20000
066455,聯發科統一01購10,0,0,0,0,0,0,0,0,0,20000,0,0,0,20000,0,20000,20000
066387,FBVIX凱基03購03 ,0,0,0,0,0,0,0,0,0,20000,0,0,0,20000,0,20000,20000
066400,健策凱基02購02  ,0,0,0,0,0,0,0,0,0,20000,0,0,0,34000,14000,20000,20000
065909,大立光永豐9C購02,0,0,0,0,0,0,0,0,0,20000,0,0,0,30000,10000,20000,20000
065877,TPK群益9C購05   ,0,0,0,0,0,0,0,0,0,20000,0,0,0,30000,10000,20000,20000
066057,華擎元大02購01  ,0,0,0,0,0,0,0,0,0,20000,0,0,0,232000,212000,20000,20000
066142,超眾群益01購03  ,0,0,0,0,0,0,0,0,0,20000,0,0,0,30000,10000,20000,20000
066151,大立光麥證01購02,0,0,0,20000,0,20000,0,0,0,20000,0,0,0,20000,0,20000,20000
066255,英利元大01購01  ,0,0,0,0,0,0,0,0,0,20000,0,0,0,20000,0,20000,20000
064720,長榮航統一02購01,0,0,0,0,0,0,0,0,0,20000,0,0,0,20000,0,20000,20000
064894,漢唐群益9C購02  ,0,0,0,0,0,0,0,0,0,20000,0,0,0,20000,0,20000,20000
064953,嘉晶凱基9C購02  ,0,0,0,0,0,0,0,0,0,20000,0,0,0,25000,5000,20000,20000
06433P,大立光群益99售01,0,0,0,0,0,0,0,0,0,20000,0,0,0,20000,0,20000,20000
064318,彩晶群益9C購01  ,0,0,0,0,0,0,0,0,0,20000,0,0,0,30000,10000,20000,20000
065641,台積電元大9C購12,0,0,0,0,0,0,0,0,0,20000,0,0,0,20000,0,20000,20000
065678,聯發科統一01購07,0,0,0,0,0,0,0,0,0,20000,0,0,0,30000,10000,20000,20000
065175,大立光元大01購05,0,0,0,0,0,0,0,0,0,20000,0,0,0,20000,0,20000,20000
065061,聯發科群益9C購08,0,0,0,0,0,0,0,0,0,20000,0,0,0,20000,0,20000,20000
08953P,大立光元富07售02,0,0,0,0,0,0,0,0,0,20000,0,0,0,20000,0,20000,20000
08903P,台積電兆豐01售04,0,0,0,0,0,0,0,0,0,20000,0,0,0,20000,0,20000,20000
08621P,景碩群益9C售01  ,0,0,0,0,0,0,0,0,0,20000,0,0,0,57000,37000,20000,20000
08487P,同欣電群益01售01,0,0,0,0,0,0,0,0,0,20000,0,0,0,20000,0,20000,20000
08542P,台勝科國票02售01,0,0,0,0,0,0,0,0,0,20000,0,0,0,20000,0,20000,20000
3056,總太            ,60000,38000,22000,0,0,0,0,0,0,-2000,0,8000,-8000,6000,0,6000,20000
068632,華新凱基03購01  ,0,0,0,0,0,0,0,0,0,19000,0,0,0,19000,0,19000,19000
067926,嘉晶兆豐01購02  ,0,0,0,0,0,0,0,0,0,19000,0,0,0,33000,14000,19000,19000
067751,臺股指元大01購15,0,0,0,0,0,0,0,0,0,19000,0,0,0,19000,0,19000,19000
059787,奇力新元大9A購02,0,0,0,0,0,0,0,0,0,19000,0,0,0,20000,1000,19000,19000
057458,TPK富邦9A購01   ,0,0,0,0,0,0,0,0,0,19000,0,0,0,22000,3000,19000,19000
062915,嘉澤元大9B購03  ,0,0,0,0,0,0,0,0,0,19000,0,0,0,51000,32000,19000,19000
058324,嘉聯益永豐9A購01,0,0,0,0,0,0,0,0,0,19000,0,0,0,68000,49000,19000,19000
059564,鴻海凱基9A購15  ,0,0,0,0,0,0,0,0,0,19000,0,0,0,69000,50000,19000,19000
060170,世紀鋼永豐9A購01,0,0,0,0,0,0,0,0,0,19000,0,0,0,19000,0,19000,19000
062026,華邦電群益9B購01,0,0,0,0,0,0,0,0,0,19000,0,0,0,30000,11000,19000,19000
060546,旺宏凱基9A購02  ,0,0,0,0,0,0,0,0,0,19000,0,0,0,22000,3000,19000,19000
063921,大立光元富9C購03,0,0,0,0,0,0,0,0,0,19000,0,0,0,29000,10000,19000,19000
063933,TPK統一01購01   ,0,0,0,0,0,0,0,0,0,19000,0,0,0,19000,0,19000,19000
064013,創意國票01購01  ,0,0,0,0,0,0,0,0,0,19000,0,0,0,39000,20000,19000,19000
061524,華通凱基9A購07  ,0,0,0,0,0,0,0,0,0,19000,0,0,0,92000,73000,19000,19000
061711,台積電凱基9A購27,0,0,0,0,0,0,0,0,0,19000,0,0,0,26000,7000,19000,19000
061679,健策元大9B購04  ,0,0,0,0,0,0,0,0,0,19000,0,0,0,25000,6000,19000,19000
061787,華新科群益9C購01,0,0,0,0,0,0,0,0,0,19000,0,0,0,136000,117000,19000,19000
063388,台光電兆豐9C購01,0,0,0,0,0,0,0,0,0,19000,0,0,0,99000,80000,19000,19000
063734,可成元大9B購04  ,0,0,0,0,0,0,0,0,0,19000,0,0,0,47000,28000,19000,19000
065657,智邦富邦9C購01  ,0,0,0,0,0,0,0,0,0,19000,0,0,0,21000,2000,19000,19000
065643,聯發科元大01購06,0,0,0,0,0,0,0,0,0,19000,0,0,0,25000,6000,19000,19000
065599,台光電元大9C購05,0,0,0,0,0,0,0,0,0,19000,0,0,0,228000,209000,19000,19000
064666,華新科元大02購01,0,0,0,0,0,0,0,0,0,19000,0,0,0,100000,81000,19000,19000
066138,健策群益01購05  ,0,0,0,0,0,0,0,0,0,19000,0,0,0,36000,17000,19000,19000
066091,南電永豐01購01  ,0,0,0,0,0,0,0,0,0,19000,0,0,0,361000,342000,19000,19000
066790,健策麥證01購01  ,0,0,0,34000,4000,30000,0,0,0,19000,0,0,0,38000,19000,19000,19000
2612,中航            ,22000,3000,19000,0,0,0,0,0,0,0,0,0,0,0,0,0,19000
08963P,牧德凱基01售02  ,0,0,0,0,0,0,0,0,0,19000,0,0,0,19000,0,19000,19000
068123,嘉聯益元富07購01,0,0,0,0,0,0,0,0,0,18000,0,0,0,18000,0,18000,18000
067570,台積電麥證01購11,0,0,0,18000,0,18000,0,0,0,18000,0,0,0,18000,0,18000,18000
068724,美律元大02購01  ,0,0,0,0,0,0,0,0,0,18000,0,0,0,35000,17000,18000,18000
08278P,玉晶光元富9C售02,0,0,0,0,0,0,0,0,0,18000,0,0,0,20000,2000,18000,18000
058589,群創中信01購01  ,0,0,0,0,0,0,0,0,0,18000,0,0,0,35000,17000,18000,18000
02001L,富邦蘋果正二N   ,0,0,0,0,0,0,0,0,0,18000,0,0,0,22000,4000,18000,18000
059825,嘉晶凱基99購02  ,0,0,0,0,0,0,0,0,0,18000,0,0,0,23000,5000,18000,18000
059948,正文永豐99購01  ,0,0,0,0,0,0,0,0,0,18000,0,0,0,72000,54000,18000,18000
057691,健策凱基99購01  ,0,0,0,0,0,0,0,0,0,18000,0,0,0,21000,3000,18000,18000
056772,欣興元大99購01  ,0,0,0,0,0,0,0,0,0,18000,0,0,0,20000,2000,18000,18000
056700,華新科國泰99購03,0,0,0,0,0,0,0,0,0,18000,0,0,0,18000,0,18000,18000
061446,鴻海中信04購01  ,0,0,0,0,0,0,0,0,0,18000,0,0,0,19000,1000,18000,18000
064081,國產中信06購01  ,0,0,0,0,0,0,0,0,0,18000,0,0,0,71000,53000,18000,18000
064227,和碩國票01購01  ,0,0,0,0,0,0,0,0,0,18000,0,0,0,22000,4000,18000,18000
061361,世紀鋼兆豐9A購01,0,0,0,0,0,0,0,0,0,18000,0,0,0,32000,14000,18000,18000
061268,玉晶光凱基9B購04,0,0,0,0,0,0,0,0,0,18000,0,0,0,38000,20000,18000,18000
066593,奇鋐群益01購01  ,0,0,0,0,0,0,0,0,0,18000,0,0,0,47000,29000,18000,18000
066168,強茂凱基01購02  ,0,0,0,0,0,0,0,0,0,18000,0,0,0,129000,111000,18000,18000
064905,嘉聯益群益9C購01,0,0,0,0,0,0,0,0,0,18000,0,0,0,260000,242000,18000,18000
064366,群創統一01購01  ,10000,0,10000,0,0,0,0,0,0,8000,0,0,0,71000,63000,8000,18000
064539,玉晶光麥證01購01,0,0,0,20000,2000,18000,0,0,0,18000,0,0,0,20000,2000,18000,18000
064988,志超元大9C購01  ,0,0,0,0,0,0,0,0,0,18000,0,0,0,20000,2000,18000,18000
064991,友達兆豐9C購01  ,0,0,0,0,0,0,0,0,0,18000,0,0,0,95000,77000,18000,18000
1234,黑松            ,20000,6000,14000,0,0,0,0,0,0,4000,4000,0,4000,0,0,0,18000
08871P,大立光群益01售08,0,0,0,0,0,0,0,0,0,18000,0,0,0,20000,2000,18000,18000
08684P,禾伸堂凱基01售01,0,0,0,0,0,0,0,0,0,18000,0,0,0,43000,25000,18000,18000
3018,同開            ,104000,86000,18000,0,0,0,0,0,0,0,0,0,0,0,0,0,18000
6582,申豐            ,183000,182000,1000,0,0,0,0,0,0,17000,0,6000,-6000,55000,32000,23000,18000
07013P,玉晶光群益9A售06,0,0,0,0,0,0,0,0,0,17000,0,0,0,17000,0,17000,17000
068309,聯詠國票03購01  ,0,0,0,0,0,0,0,0,0,17000,0,0,0,62000,45000,17000,17000
06755P,大立光永豐98售03,0,0,0,0,0,0,0,0,0,17000,0,0,0,18000,1000,17000,17000
068147,台積電元大02購06,0,0,0,0,0,0,0,0,0,17000,0,0,0,22000,5000,17000,17000
068023,聚陽元富07購01  ,0,0,0,0,0,0,0,0,0,17000,0,0,0,19000,2000,17000,17000
054589,聯鈞國泰99購01  ,0,0,0,0,0,0,0,0,0,17000,0,0,0,47000,30000,17000,17000
03129P,台光電統一01售06,0,0,0,0,0,0,0,0,0,17000,0,0,0,27000,10000,17000,17000
057450,國泰金元富98購01,0,0,0,0,0,0,0,0,0,17000,0,0,0,17000,0,17000,17000
03686C,臺股指元大04牛05,0,0,0,0,0,0,0,0,0,17000,0,0,0,18000,1000,17000,17000
047548,友達凱基99購03  ,0,0,0,0,0,0,0,0,0,17000,0,0,0,27000,10000,17000,17000
058656,燿華中信99購01  ,0,0,0,0,0,0,0,0,0,17000,0,0,0,17000,0,17000,17000
059267,群創中信01購02  ,0,0,0,0,0,0,0,0,0,17000,0,0,0,39000,22000,17000,17000
061106,群創元大9B購09  ,0,0,0,0,0,0,0,0,0,17000,0,0,0,31000,14000,17000,17000
063958,瑞祺元大9C購01  ,0,0,0,0,0,0,0,0,0,17000,0,0,0,130000,113000,17000,17000
060424,中租永豐9A購01  ,0,0,0,0,0,0,0,0,0,17000,0,0,0,51000,34000,17000,17000
060730,台積電群益9A購03,0,0,0,0,0,0,0,0,0,17000,0,0,0,117000,100000,17000,17000
061868,旺宏元大9B購03  ,0,0,0,0,0,0,0,0,0,17000,0,0,0,17000,0,17000,17000
060978,國巨元大9A購13  ,0,0,0,0,0,0,0,0,0,17000,0,0,0,108000,91000,17000,17000
062177,上銀元大9B購02  ,0,0,0,0,0,0,0,0,0,17000,0,0,0,17000,0,17000,17000
063033,台積電凱基9B購09,0,0,0,0,0,0,0,0,0,17000,0,0,0,17000,0,17000,17000
063267,台表科中信01購02,0,0,0,0,0,0,0,0,0,17000,0,0,0,18000,1000,17000,17000
065608,緯創元大9C購04  ,0,0,0,0,0,0,0,0,0,17000,0,0,0,72000,55000,17000,17000
064849,大立光元富9C購06,0,0,0,0,0,0,0,0,0,17000,0,0,0,20000,3000,17000,17000
064698,致伸群益9C購01  ,0,0,0,0,0,0,0,0,0,17000,0,0,0,24000,7000,17000,17000
064645,義隆凱基03購01  ,0,0,0,0,0,0,0,0,0,17000,0,0,0,34000,17000,17000,17000
066210,瑞祺統一02購01  ,0,0,0,0,0,0,0,0,0,17000,0,0,0,44000,27000,17000,17000
066217,美利達統一03購01,0,0,0,0,0,0,0,0,0,17000,0,0,0,20000,3000,17000,17000
066419,聯發科元大01購11,0,0,0,0,0,0,0,0,0,17000,0,0,0,17000,0,17000,17000
066886,T50反1中信05購01,0,0,0,0,0,0,0,0,0,17000,0,0,0,50000,33000,17000,17000
066943,FBVIX元大04購01 ,0,0,0,0,0,0,0,0,0,17000,0,0,0,27000,10000,17000,17000
067725,旭富凱基01購03  ,0,0,0,0,0,0,0,0,0,16000,0,0,0,16000,0,16000,16000
067673,義隆元大01購06  ,0,0,0,0,0,0,0,0,0,16000,0,0,0,160000,144000,16000,16000
067102,聯發科群益01購03,0,0,0,0,0,0,0,0,0,16000,0,0,0,16000,0,16000,16000
068488,台積電元大01購47,0,0,0,0,0,0,0,0,0,16000,0,0,0,16000,0,16000,16000
068453,台積電國票03購03,0,0,0,0,0,0,0,0,0,16000,0,0,0,18000,2000,16000,16000
068448,光寶科國票03購01,0,0,0,0,0,0,0,0,0,16000,0,0,0,17000,1000,16000,16000
068421,GIS兆豐01購02   ,0,0,0,0,0,0,0,0,0,16000,0,0,0,16000,0,16000,16000
068566,聯發科元大01購31,0,0,0,0,0,0,0,0,0,16000,0,0,0,30000,14000,16000,16000
08350P,臺股指中信9C售06,0,0,0,0,0,0,0,0,0,16000,0,0,0,36000,20000,16000,16000
059246,奇力新凱基9A購02,0,0,0,0,0,0,0,0,0,16000,0,0,0,26000,10000,16000,16000
062894,道瓊銀元大9B購02,0,0,0,0,0,0,0,0,0,16000,0,0,0,16000,0,16000,16000
057867,大立光凱基98購17,0,0,0,0,0,0,0,0,0,16000,0,0,0,16000,0,16000,16000
058484,元金2X國票04購01,0,0,0,0,0,0,0,0,0,16000,0,0,0,16000,0,16000,16000
057623,友訊國泰99購01  ,0,0,0,0,0,0,0,0,0,16000,0,0,0,16000,0,16000,16000
03153P,聯發科群益03售01,0,0,0,0,0,0,0,0,0,16000,0,0,0,16000,0,16000,16000
057318,台光電凱基9A購01,0,0,0,0,0,0,0,0,0,16000,0,0,0,142000,126000,16000,16000
00702,國泰標普低波高息,0,0,0,0,0,0,0,0,0,16000,0,0,0,16000,0,16000,16000
051047,深中小群益99購01,0,0,0,0,0,0,0,0,0,16000,0,0,0,16000,0,16000,16000
055417,健策富邦98購02  ,0,0,0,0,0,0,0,0,0,16000,0,0,0,16000,0,16000,16000
057096,緯穎元富98購01  ,0,0,0,0,0,0,0,0,0,16000,0,0,0,16000,0,16000,16000
059956,玉山金康和99購01,0,0,0,0,0,0,0,0,0,16000,0,0,0,18000,2000,16000,16000
062994,祥碩群益9B購05  ,0,0,0,0,0,0,0,0,0,16000,0,0,0,26000,10000,16000,16000
061010,上銀麥證9A購02  ,0,0,0,16000,0,16000,0,0,0,16000,0,0,0,16000,0,16000,16000
061900,志超永豐9B購01  ,0,0,0,0,0,0,0,0,0,16000,0,0,0,16000,0,16000,16000
061695,群創群益9A購01  ,0,0,0,0,0,0,0,0,0,16000,0,0,0,16000,0,16000,16000
062354,台達電元大9B購01,0,0,0,0,0,0,0,0,0,16000,0,0,0,16000,0,16000,16000
062647,南電國泰9C購02  ,0,0,0,0,0,0,0,0,0,16000,0,0,0,16000,0,16000,16000
066926,聚陽國票02購01  ,0,0,0,0,0,0,0,0,0,16000,0,0,0,19000,3000,16000,16000
066911,牧德凱基02購01  ,0,0,0,0,0,0,0,0,0,16000,0,0,0,43000,27000,16000,16000
066060,超眾元大01購03  ,0,0,0,0,0,0,0,0,0,16000,0,0,0,61000,45000,16000,16000
065800,技嘉群益9C購01  ,0,0,0,0,0,0,0,0,0,16000,0,0,0,63000,47000,16000,16000
065739,正崴麥證9C購01  ,0,0,0,27000,11000,16000,0,0,0,16000,0,0,0,27000,11000,16000,16000
065018,台達電富邦03購01,0,0,0,0,0,0,0,0,0,16000,0,0,0,17000,1000,16000,16000
065229,友達凱基02購03  ,0,0,0,0,0,0,0,0,0,16000,0,0,0,95000,79000,16000,16000
4426,利勤            ,45000,29000,16000,0,0,0,0,0,0,0,0,0,0,0,0,0,16000
3501,維熹            ,24000,8000,16000,0,0,0,0,0,0,0,0,0,0,0,0,0,16000
2204,中華            ,77000,84000,-7000,0,0,0,0,0,0,23000,0,0,0,23000,0,23000,16000
08881P,奇力新凱基01售02,0,0,0,0,0,0,0,0,0,16000,0,0,0,49000,33000,16000,16000
08576P,嘉澤凱基9C售03  ,0,0,0,0,0,0,0,0,0,16000,0,0,0,120000,104000,16000,16000
08125P,聯茂群益9B售02  ,0,0,0,0,0,0,0,0,0,15000,0,0,0,45000,30000,15000,15000
06963P,鴻海凱基99售04  ,0,0,0,0,0,0,0,0,0,15000,0,0,0,15000,0,15000,15000
07479P,A50正2元富9A售03,0,0,0,0,0,0,0,0,0,15000,0,0,0,15000,0,15000,15000
07978P,茂林群益9B售02  ,0,0,0,0,0,0,0,0,0,15000,0,0,0,15000,0,15000,15000
07949P,滬深2X元大9B售04,0,0,0,0,0,0,0,0,0,15000,0,0,0,15000,0,15000,15000
068763,世紀鋼永豐02購01,0,0,0,0,0,0,0,0,0,15000,0,0,0,15000,0,15000,15000
068527,義隆元富03購01  ,0,0,0,0,0,0,0,0,0,15000,0,0,0,147000,132000,15000,15000
067267,台積電富邦05購03,0,0,0,0,0,0,0,0,0,15000,0,0,0,15000,0,15000,15000
067377,欣興統一02購01  ,0,0,0,0,0,0,0,0,0,15000,0,0,0,85000,70000,15000,15000
067655,晶技元富07購01  ,0,0,0,0,0,0,0,0,0,15000,0,0,0,101000,86000,15000,15000
067632,台積電永豐01購03,0,0,0,0,0,0,0,0,0,15000,0,0,0,15000,0,15000,15000
067892,玉晶光群益02購06,0,0,0,0,0,0,0,0,0,15000,0,0,0,67000,52000,15000,15000
067910,玉晶光國泰03購03,0,0,0,0,0,0,0,0,0,15000,0,0,0,20000,5000,15000,15000
067874,台郡元大01購05  ,0,0,0,0,0,0,0,0,0,15000,0,0,0,53000,38000,15000,15000
057790,台積電統一99購04,0,0,0,0,0,0,0,0,0,15000,0,0,0,15000,0,15000,15000
056673,中石化元富9B購01,0,0,0,0,0,0,0,0,0,15000,0,0,0,15000,0,15000,15000
056829,台積電富邦9A購01,0,0,0,0,0,0,0,0,0,15000,0,0,0,24000,9000,15000,15000
055040,台虹富邦99購01  ,0,0,0,0,0,0,0,0,0,15000,0,0,0,15000,0,15000,15000
051848,元金2X中信98購02,0,0,0,0,0,0,0,0,0,15000,0,0,0,15000,0,15000,15000
053537,玉晶光永豐98購02,0,0,0,0,0,0,0,0,0,15000,0,0,0,32000,17000,15000,15000
054425,聯發科富邦99購03,0,0,0,0,0,0,0,0,0,15000,0,0,0,15000,0,15000,15000
00710B,FH彭博高收益債  ,0,0,0,0,0,0,0,0,0,15000,0,0,0,77000,62000,15000,15000
020008,元大特股高息N   ,0,0,0,0,0,0,0,0,0,15000,0,0,0,21000,6000,15000,15000
00684R,元大美元指數反1 ,0,0,0,0,0,0,0,0,0,15000,0,0,0,16000,1000,15000,15000
03211P,健鼎國票03售01  ,0,0,0,0,0,0,0,0,0,15000,0,0,0,16000,1000,15000,15000
057475,聯電元大9A購01  ,0,0,0,0,0,0,0,0,0,15000,0,0,0,15000,0,15000,15000
056383,上銀國泰99購01  ,0,0,0,0,0,0,0,0,0,15000,0,0,0,15000,0,15000,15000
057599,技嘉群益9A購01  ,0,0,0,0,0,0,0,0,0,15000,0,0,0,15000,0,15000,15000
058106,神達統一98購02  ,0,0,0,0,0,0,0,0,0,15000,0,0,0,75000,60000,15000,15000
060125,強茂永豐99購01  ,0,0,0,0,0,0,0,0,0,15000,0,0,0,20000,5000,15000,15000
063137,瑞昱統一01購02  ,0,0,0,0,0,0,0,0,0,15000,0,0,0,15000,0,15000,15000
059174,訊芯凱基99購01  ,0,0,0,0,0,0,0,0,0,15000,0,0,0,25000,10000,15000,15000
059048,元油2X凱基9A購11,0,0,0,0,0,0,0,0,0,15000,0,0,0,15000,0,15000,15000
062028,晶技群益9B購01  ,0,0,0,0,0,0,0,0,0,15000,0,0,0,15000,0,15000,15000
062455,鴻海群益9C購01  ,0,0,0,0,0,0,0,0,0,15000,0,0,0,15000,0,15000,15000
060757,台積電元大9A購18,0,0,0,0,0,0,0,0,0,15000,0,0,0,15000,0,15000,15000
060595,台灣50凱基04購04,0,0,0,0,0,0,0,0,0,15000,0,0,0,15000,0,15000,15000
060651,瑞儀中信9B購01  ,0,0,0,0,0,0,0,0,0,15000,0,0,0,15000,0,15000,15000
064100,義隆群益9C購01  ,0,0,0,0,0,0,0,0,0,15000,0,0,0,15000,0,15000,15000
061167,臻鼎兆豐9B購01  ,0,0,0,0,0,0,0,0,0,15000,0,0,0,15000,0,15000,15000
06125P,楠梓電元富99售01,0,0,0,0,0,0,0,0,0,15000,0,0,0,15000,0,15000,15000
061213,群創元大9A購05  ,0,0,0,0,0,0,0,0,0,15000,0,0,0,42000,27000,15000,15000
061642,創意元大9A購04  ,0,0,0,0,0,0,0,0,0,15000,0,0,0,16000,1000,15000,15000
061607,台表科凱基9B購02,0,0,0,0,0,0,0,0,0,15000,0,0,0,128000,113000,15000,15000
061796,興勤永豐9B購01  ,0,0,0,0,0,0,0,0,0,15000,0,0,0,40000,25000,15000,15000
061003,南亞科兆豐9A購01,0,0,0,0,0,0,0,0,0,15000,0,0,0,15000,0,15000,15000
061995,超眾元大01購01  ,0,0,0,0,0,0,0,0,0,15000,0,0,0,20000,5000,15000,15000
062194,遠東新中信9C購01,0,0,0,0,0,0,0,0,0,15000,0,0,0,15000,0,15000,15000
062110,華擎國票9B購01  ,0,0,0,0,0,0,0,0,0,15000,0,0,0,15000,0,15000,15000
063402,GIS群益9B購02   ,0,0,0,0,0,0,0,0,0,15000,0,0,0,15000,0,15000,15000
063058,A50正2元富02購01,0,0,0,0,0,0,0,0,0,15000,0,0,0,15000,0,15000,15000
065046,玉晶光凱基01購03,0,0,0,0,0,0,0,0,0,15000,0,0,0,124000,109000,15000,15000
064919,嘉晶統一02購02  ,0,0,0,0,0,0,0,0,0,15000,0,0,0,15000,0,15000,15000
065952,聯發科統一03購02,0,0,0,0,0,0,0,0,0,15000,0,0,0,15000,0,15000,15000
066894,聯發科兆豐03購01,0,0,0,0,0,0,0,0,0,15000,0,0,0,21000,6000,15000,15000
066888,長榮航中信07購01,0,0,0,0,0,0,0,0,0,15000,0,0,0,85000,70000,15000,15000
066375,南亞科兆豐01購01,0,0,0,0,0,0,0,0,0,15000,0,0,0,15000,0,15000,15000
066543,大成鋼元大01購02,0,0,0,0,0,0,0,0,0,15000,0,0,0,15000,0,15000,15000
08529P,臻鼎元大9C售03  ,0,0,0,0,0,0,0,0,0,15000,0,0,0,25000,10000,15000,15000
08905P,金像電群益01售06,0,0,0,0,0,0,0,0,0,15000,0,0,0,15000,0,15000,15000
08937P,大立光元大01售14,0,0,0,0,0,0,0,0,0,15000,0,0,0,15000,0,15000,15000
8222,寶一            ,36000,21000,15000,0,0,0,0,0,0,0,0,0,0,0,0,0,15000
067894,玉晶光群益02購08,0,0,0,0,0,0,0,0,0,14000,0,0,0,47000,33000,14000,14000
067649,台積電元富07購05,0,0,0,0,0,0,0,0,0,14000,0,0,0,14000,0,14000,14000
067048,聯詠凱基02購02  ,0,0,0,0,0,0,0,0,0,14000,0,0,0,16000,2000,14000,14000
06965P,台積電台新99售02,0,0,0,0,0,0,0,0,0,14000,0,0,0,14000,0,14000,14000
06926P,可成群益9A售04  ,0,0,0,0,0,0,0,0,0,14000,0,0,0,19000,5000,14000,14000
057954,宏碁元大99購01  ,0,0,0,0,0,0,0,0,0,14000,0,0,0,14000,0,14000,14000
059296,大立光元富99購06,0,0,0,0,0,0,0,0,0,14000,0,0,0,27000,13000,14000,14000
062912,新日興元大9B購01,0,0,0,0,0,0,0,0,0,14000,0,0,0,14000,0,14000,14000
062768,南電凱基9B購04  ,0,0,0,0,0,0,0,0,0,14000,0,0,0,34000,20000,14000,14000
058421,國泰金麥證01購01,0,0,0,45000,31000,14000,0,0,0,14000,0,0,0,45000,31000,14000,14000
03145P,聯發科國票03售01,0,0,0,0,0,0,0,0,0,14000,0,0,0,36000,22000,14000,14000
03095P,國巨凱基02售07  ,0,0,0,0,0,0,0,0,0,14000,0,0,0,24000,10000,14000,14000
054088,華新群益98購02  ,0,0,0,0,0,0,0,0,0,14000,0,0,0,14000,0,14000,14000
052755,滬深2X群益9A購01,0,0,0,0,0,0,0,0,0,14000,0,0,0,88000,74000,14000,14000
057723,臺股指元富98購02,0,0,0,0,0,0,0,0,0,14000,0,0,0,14000,0,14000,14000
059908,元金2X元大99購01,0,0,0,0,0,0,0,0,0,14000,0,0,0,14000,0,14000,14000
059688,燿華永豐99購01  ,0,0,0,0,0,0,0,0,0,14000,0,0,0,17000,3000,14000,14000
061439,寶成凱基9A購01  ,0,0,0,0,0,0,0,0,0,14000,0,0,0,170000,156000,14000,14000
060606,玉晶光凱基9A購05,0,0,0,0,0,0,0,0,0,14000,0,0,0,14000,0,14000,14000
062328,南亞科統一9C購01,0,0,0,0,0,0,0,0,0,14000,0,0,0,59000,45000,14000,14000
062636,聯鈞國票9B購01  ,0,0,0,0,0,0,0,0,0,14000,0,0,0,16000,2000,14000,14000
066053,創意元大01購01  ,0,0,0,0,0,0,0,0,0,14000,0,0,0,14000,0,14000,14000
066156,建準康和01購01  ,0,0,0,0,0,0,0,0,0,14000,0,0,0,14000,0,14000,14000
065202,南電元富06購01  ,0,0,0,0,0,0,0,0,0,14000,0,0,0,14000,0,14000,14000
065275,台灣50群益02購02,0,0,0,0,0,0,0,0,0,14000,0,0,0,14000,0,14000,14000
065610,牧德元大02購01  ,0,0,0,0,0,0,0,0,0,14000,0,0,0,16000,2000,14000,14000
2460,建通            ,15000,1000,14000,0,0,0,0,0,0,0,0,0,0,0,0,0,14000
4190,佐登-KY         ,11000,1000,10000,0,0,0,0,0,0,4000,0,0,0,4000,0,4000,14000
4141,龍燈-KY         ,21000,7000,14000,0,0,0,0,0,0,0,0,0,0,0,0,0,14000
07597P,臺股指中信01售02,0,0,0,0,0,0,0,0,0,13000,0,0,0,1645000,1632000,13000,13000
07190P,臺股指富邦9C售02,0,0,0,0,0,0,0,0,0,13000,0,0,0,14000,1000,13000,13000
07982P,全新群益9B售04  ,0,0,0,0,0,0,0,0,0,13000,0,0,0,20000,7000,13000,13000
07983P,茂林群益9B售03  ,0,0,0,0,0,0,0,0,0,13000,0,0,0,13000,0,13000,13000
067352,美律群益01購01  ,0,0,0,0,0,0,0,0,0,13000,0,0,0,13000,0,13000,13000
067636,復盛永豐01購01  ,0,0,0,0,0,0,0,0,0,13000,0,0,0,13000,0,13000,13000
067908,玉晶光國泰03購01,0,0,0,0,0,0,0,0,0,13000,0,0,0,175000,162000,13000,13000
068042,GIS元富07購01   ,0,0,0,0,0,0,0,0,0,13000,0,0,0,13000,0,13000,13000
057747,致新永豐98購01  ,0,0,0,0,0,0,0,0,0,13000,0,0,0,13000,0,13000,13000
057244,鈺齊凱基99購01  ,0,0,0,0,0,0,0,0,0,13000,0,0,0,20000,7000,13000,13000
057162,上銀元大98購03  ,0,0,0,0,0,0,0,0,0,13000,0,0,0,13000,0,13000,13000
054556,世芯凱基99購01  ,0,0,0,0,0,0,0,0,0,13000,0,0,0,13000,0,13000,13000
03177P,國巨群益01售12  ,0,0,0,0,0,0,0,0,0,13000,0,0,0,13000,0,13000,13000
058342,鴻海群益9A購01  ,0,0,0,0,0,0,0,0,0,13000,0,0,0,23000,10000,13000,13000
062725,大立光凱基9B購06,0,0,0,0,0,0,0,0,0,13000,0,0,0,13000,0,13000,13000
063216,元黃金群益9B購02,0,0,0,0,0,0,0,0,0,13000,0,0,0,13000,0,13000,13000
058654,鴻海中信03購01  ,0,0,0,0,0,0,0,0,0,13000,0,0,0,13000,0,13000,13000
060392,華擎群益9C購02  ,0,0,0,0,0,0,0,0,0,13000,0,0,0,13000,0,13000,13000
061270,彩晶凱基9A購02  ,0,0,0,0,0,0,0,0,0,13000,0,0,0,33000,20000,13000,13000
064148,瑞昱統一02購01  ,0,0,0,0,0,0,0,0,0,13000,0,0,0,13000,0,13000,13000
061817,高鐵群益9B購01  ,0,0,0,0,0,0,0,0,0,13000,0,0,0,42000,29000,13000,13000
061931,力山國票9B購02  ,0,0,0,0,0,0,0,0,0,13000,0,0,0,71000,58000,13000,13000
063410,南六國票9C購01  ,0,0,0,0,0,0,0,0,0,13000,0,0,0,16000,3000,13000,13000
063419,聯發科凱基03購01,0,0,0,0,0,0,0,0,0,13000,0,0,0,13000,0,13000,13000
063679,群創國泰01購01  ,0,0,0,0,0,0,0,0,0,13000,0,0,0,13000,0,13000,13000
065215,義隆國泰02購02  ,0,0,0,0,0,0,0,0,0,13000,0,0,0,34000,21000,13000,13000
065078,台積電元大02購01,0,0,0,0,0,0,0,0,0,13000,0,0,0,13000,0,13000,13000
065891,聯發科統一02購03,0,0,0,0,0,0,0,0,0,13000,0,0,0,13000,0,13000,13000
066385,巨大康和01購01  ,0,0,0,0,0,0,0,0,0,13000,0,0,0,41000,28000,13000,13000
066394,建準凱基01購01  ,0,0,0,0,0,0,0,0,0,13000,0,0,0,54000,41000,13000,13000
066430,台郡元大01購01  ,0,0,0,0,0,0,0,0,0,13000,0,0,0,93000,80000,13000,13000
2423,固緯            ,19000,7000,12000,0,0,0,0,0,0,1000,1000,0,1000,0,0,0,13000
2540,愛山林          ,13000,3000,10000,0,0,0,0,0,0,3000,3000,0,3000,0,0,0,13000
2881A,富邦特          ,0,0,0,0,0,0,0,0,0,13000,13000,0,13000,0,0,0,13000
1423,利華            ,23000,10000,13000,0,0,0,0,0,0,0,0,0,0,0,0,0,13000
2020,美亞            ,40000,27000,13000,0,0,0,0,0,0,0,0,0,0,0,0,0,13000
1522,堤維西          ,56000,43000,13000,0,0,0,0,0,0,0,0,0,0,0,0,0,13000
068200,亞光凱基01購01  ,0,0,0,0,0,0,0,0,0,12000,0,0,0,29000,17000,12000,12000
067630,大成鋼永豐01購01,0,0,0,0,0,0,0,0,0,12000,0,0,0,12000,0,12000,12000
067338,欣興凱基01購02  ,0,0,0,0,0,0,0,0,0,12000,0,0,0,109000,97000,12000,12000
067577,FBVIX群益01購02 ,0,0,0,0,0,0,0,0,0,12000,0,0,0,20000,8000,12000,12000
067603,冠德凱基02購01  ,0,0,0,0,0,0,0,0,0,12000,0,0,0,12000,0,12000,12000
067596,國巨凱基02購05  ,0,0,0,0,0,0,0,0,0,12000,0,0,0,50000,38000,12000,12000
067597,國巨凱基02購06  ,0,0,0,0,0,0,0,0,0,12000,0,0,0,16000,4000,12000,12000
067513,南六統一01購04  ,0,0,0,0,0,0,0,0,0,12000,0,0,0,12000,0,12000,12000
07939P,台積電統一9B售14,0,0,0,0,0,0,0,0,0,12000,0,0,0,12000,0,12000,12000
07076P,鴻海凱基9A售08  ,0,0,0,0,0,0,0,0,0,12000,0,0,0,12000,0,12000,12000
058822,樺漢國泰9B購01  ,0,0,0,0,0,0,0,0,0,12000,0,0,0,30000,18000,12000,12000
063212,聯發科國票9C購02,0,0,0,0,0,0,0,0,0,12000,0,0,0,13000,1000,12000,12000
058527,世紀鋼元大99購01,0,0,0,0,0,0,0,0,0,12000,0,0,0,32000,20000,12000,12000
057835,華擎元富9B購01  ,0,0,0,0,0,0,0,0,0,12000,0,0,0,151000,139000,12000,12000
060048,元金2X凱基99購03,0,0,0,0,0,0,0,0,0,12000,0,0,0,29000,17000,12000,12000
060232,友訊元大9C購01  ,0,0,0,0,0,0,0,0,0,12000,0,0,0,12000,0,12000,12000
057991,健策統一9C購01  ,0,0,0,0,0,0,0,0,0,12000,0,0,0,34000,22000,12000,12000
00733,富邦臺灣中小    ,0,0,0,0,0,0,0,0,0,12000,0,0,0,216000,204000,12000,12000
054385,矽創群益98購01  ,0,0,0,0,0,0,0,0,0,12000,0,0,0,12000,0,12000,12000
053882,聯發科中信98購02,0,0,0,0,0,0,0,0,0,12000,0,0,0,12000,0,12000,12000
052152,創意富邦98購01  ,0,0,0,0,0,0,0,0,0,12000,0,0,0,12000,0,12000,12000
051970,元黃金凱基98購01,0,0,0,0,0,0,0,0,0,12000,0,0,0,12000,0,12000,12000
053294,聯發科中信9C購01,0,0,0,0,0,0,0,0,0,12000,0,0,0,12000,0,12000,12000
055032,億光富邦99購01  ,0,0,0,0,0,0,0,0,0,12000,0,0,0,28000,16000,12000,12000
056914,臺股指元大99購09,0,0,0,0,0,0,0,0,0,12000,0,0,0,12000,0,12000,12000
063721,道瓊銀元大9B購03,0,0,0,0,0,0,0,0,0,12000,0,0,0,12000,0,12000,12000
063404,金像電國票9B購01,0,0,0,0,0,0,0,0,0,12000,0,0,0,215000,203000,12000,12000
061823,勤誠群益9B購01  ,0,0,0,0,0,0,0,0,0,12000,0,0,0,22000,10000,12000,12000
064188,玉晶光永豐9C購02,0,0,0,0,0,0,0,0,0,12000,0,0,0,82000,70000,12000,12000
064203,康控兆豐9C購02  ,0,0,0,0,0,0,0,0,0,12000,0,0,0,14000,2000,12000,12000
061263,微星凱基9A購01  ,0,0,0,0,0,0,0,0,0,12000,0,0,0,12000,0,12000,12000
061108,臻鼎元大9A購02  ,0,0,0,0,0,0,0,0,0,12000,0,0,0,12000,0,12000,12000
061368,南六國票9A購01  ,0,0,0,0,0,0,0,0,0,12000,0,0,0,49000,37000,12000,12000
066665,聯詠凱基02購01  ,0,0,0,0,0,0,0,0,0,12000,0,0,0,12000,0,12000,12000
066814,健鼎兆豐01購01  ,0,0,0,0,0,0,0,0,0,12000,0,0,0,286000,274000,12000,12000
06587P,國巨元大98售13  ,0,0,0,0,0,0,0,0,0,12000,0,0,0,12000,0,12000,12000
065869,微星群益02購01  ,0,0,0,0,0,0,0,0,0,12000,0,0,0,14000,2000,12000,12000
065702,聯發科群益9C購14,0,0,0,0,0,0,0,0,0,12000,0,0,0,12000,0,12000,12000
065859,GIS元大9C購10   ,0,0,0,0,0,0,0,0,0,12000,0,0,0,12000,0,12000,12000
065312,日月光國票01購01,0,0,0,0,0,0,0,0,0,12000,0,0,0,557000,545000,12000,12000
065604,聯發科元大9C購17,0,0,0,0,0,0,0,0,0,12000,0,0,0,12000,0,12000,12000
065349,玉晶光統一9C購05,0,0,0,0,0,0,0,0,0,12000,0,0,0,251000,239000,12000,12000
064903,新唐群益9C購01  ,0,0,0,0,0,0,0,0,0,12000,0,0,0,54000,42000,12000,12000
064736,超眾元富9C購04  ,0,0,0,0,0,0,0,0,0,12000,0,0,0,12000,0,12000,12000
064495,南亞科元大9C購03,0,0,0,0,0,0,0,0,0,12000,0,0,0,12000,0,12000,12000
1730,花仙子          ,13000,1000,12000,0,0,0,0,0,0,0,0,0,0,0,0,0,12000
1451,年興            ,19000,7000,12000,0,0,0,0,0,0,0,0,0,0,0,0,0,12000
1109,信大            ,13000,1000,12000,0,0,0,0,0,0,0,0,0,0,0,0,0,12000
08799P,台積電元大01售19,0,0,0,0,0,0,0,0,0,12000,0,0,0,12000,0,12000,12000
2405,浩鑫            ,28000,16000,12000,0,0,0,0,0,0,0,0,0,0,0,0,0,12000
07627P,超眾凱基9A售02  ,0,0,0,0,0,0,0,0,0,11000,0,0,0,14000,3000,11000,11000
08207P,金像電群益9B售05,0,0,0,0,0,0,0,0,0,11000,0,0,0,26000,15000,11000,11000
068768,台積電統一05購01,0,0,0,0,0,0,0,0,0,11000,0,0,0,23000,12000,11000,11000
067802,台積電凱基07購01,0,0,0,0,0,0,0,0,0,11000,0,0,0,11000,0,11000,11000
068142,鴻海元大02購02  ,0,0,0,0,0,0,0,0,0,11000,0,0,0,116000,105000,11000,11000
068144,台積電元大01購33,0,0,0,0,0,0,0,0,0,11000,0,0,0,11000,0,11000,11000
068012,台虹元大01購04  ,0,0,0,0,0,0,0,0,0,11000,0,0,0,21000,10000,11000,11000
059650,緯穎凱基99購04  ,0,0,0,0,0,0,0,0,0,11000,0,0,0,11000,0,11000,11000
055150,台積電元大98購04,0,0,0,0,0,0,0,0,0,11000,0,0,0,11000,0,11000,11000
055486,國巨元大98購06  ,80000,0,80000,0,0,0,0,0,0,-69000,0,0,0,49000,118000,-69000,11000
03179P,聯發科群益01售16,0,0,0,0,0,0,0,0,0,11000,0,0,0,11000,0,11000,11000
03164P,牧德元大01售03  ,0,0,0,0,0,0,0,0,0,11000,0,0,0,11000,0,11000,11000
046937,聯電元大99購01  ,0,0,0,0,0,0,0,0,0,11000,0,0,0,11000,0,11000,11000
058507,美律元大9A購01  ,0,0,0,0,0,0,0,0,0,11000,0,0,0,11000,0,11000,11000
058208,百和凱基99購01  ,0,0,0,0,0,0,0,0,0,11000,0,0,0,11000,0,11000,11000
057613,瑞昱元富02購02  ,0,0,0,0,0,0,0,0,0,11000,0,0,0,11000,0,11000,11000
058374,玉晶光凱基9A購03,0,0,0,0,0,0,0,0,0,11000,0,0,0,12000,1000,11000,11000
063139,聯發科統一9B購07,0,0,0,0,0,0,0,0,0,11000,0,0,0,36000,25000,11000,11000
059298,大立光元富9C購02,0,0,0,0,0,0,0,0,0,11000,0,0,0,192000,181000,11000,11000
062806,世芯統一02購01  ,0,0,0,0,0,0,0,0,0,11000,0,0,0,32000,21000,11000,11000
062884,康控兆豐9C購01  ,0,0,0,0,0,0,0,0,0,11000,0,0,0,26000,15000,11000,11000
058614,台郡元大9A購01  ,0,0,0,0,0,0,0,0,0,11000,0,0,0,11000,0,11000,11000
058948,道瓊銀群益9C購01,0,0,0,0,0,0,0,0,0,11000,0,0,0,11000,0,11000,11000
059156,台灣50凱基01購03,0,0,0,0,0,0,0,0,0,11000,0,0,0,11000,0,11000,11000
061303,玉晶光永豐9B購03,0,0,0,0,0,0,0,0,0,11000,0,0,0,11000,0,11000,11000
063826,中興電國票01購01,0,0,0,0,0,0,0,0,0,11000,0,0,0,50000,39000,11000,11000
064051,新日興統一01購01,0,0,0,0,0,0,0,0,0,11000,0,0,0,21000,10000,11000,11000
060493,美律元富01購01  ,0,0,0,0,0,0,0,0,0,11000,0,0,0,11000,0,11000,11000
061808,聯發科統一01購02,0,0,0,0,0,0,0,0,0,11000,0,0,0,24000,13000,11000,11000
061627,台表科群益9A購01,0,0,0,0,0,0,0,0,0,11000,0,0,0,11000,0,11000,11000
061951,南電群益9B購01  ,0,0,0,0,0,0,0,0,0,11000,0,0,0,36000,25000,11000,11000
060965,中租凱基9B購01  ,0,0,0,0,0,0,0,0,0,11000,0,0,0,40000,29000,11000,11000
060933,南電永豐9A購02  ,0,0,0,0,0,0,0,0,0,11000,0,0,0,11000,0,11000,11000
061542,旺宏群益9A購04  ,0,0,0,0,0,0,0,0,0,11000,0,0,0,11000,0,11000,11000
064583,光寶科永豐9C購01,0,0,0,0,0,0,0,0,0,11000,0,0,0,29000,18000,11000,11000
063797,台積電凱基02購02,0,0,0,0,0,0,0,0,0,11000,0,0,0,11000,0,11000,11000
064874,和大兆豐9C購01  ,0,0,0,0,0,0,0,0,0,11000,0,0,0,76000,65000,11000,11000
065355,聯發科元富03購05,0,0,0,0,0,0,0,0,0,11000,0,0,0,11000,0,11000,11000
065198,玉晶光元富06購01,0,0,0,0,0,0,0,0,0,11000,0,0,0,64000,53000,11000,11000
065079,致茂元大9C購01  ,0,0,0,0,0,0,0,0,0,11000,0,0,0,178000,167000,11000,11000
065072,和大元大9C購03  ,0,0,0,0,0,0,0,0,0,11000,0,0,0,54000,43000,11000,11000
065093,新日興元大9C購03,0,0,0,0,0,0,0,0,0,11000,0,0,0,40000,29000,11000,11000
065865,光寶科群益9C購02,0,0,0,0,0,0,0,0,0,11000,0,0,0,11000,0,11000,11000
066070,金像電凱基01購03,0,0,0,0,0,0,0,0,0,11000,0,0,0,11000,0,11000,11000
066807,揚明光凱基01購02,0,0,0,0,0,0,0,0,0,11000,0,0,0,11000,0,11000,11000
066797,台積電凱基02購09,0,0,0,0,0,0,0,0,0,11000,0,0,0,11000,0,11000,11000
066498,康控國泰02購01  ,0,0,0,0,0,0,0,0,0,11000,0,0,0,11000,0,11000,11000
066389,南港凱基01購01  ,0,0,0,0,0,0,0,0,0,11000,0,0,0,80000,69000,11000,11000
3607,谷崧            ,24000,13000,11000,0,0,0,0,0,0,0,0,0,0,0,0,0,11000
5258,虹堡            ,27000,10000,17000,0,0,0,0,0,0,-6000,0,6000,-6000,0,0,0,11000
1215,卜蜂            ,68000,57000,11000,0,0,0,0,0,0,0,0,0,0,0,0,0,11000
1558,伸興            ,22000,11000,11000,0,0,0,0,0,0,0,0,0,0,0,0,0,11000
8271,宇瞻            ,129000,103000,26000,0,0,0,0,0,0,-15000,0,15000,-15000,0,0,0,11000
8404,百和興業-KY     ,56000,47000,9000,0,0,0,0,0,0,2000,2000,0,2000,0,0,0,11000
9906,欣巴巴          ,13000,2000,11000,0,0,0,0,0,0,0,0,0,0,0,0,0,11000
068025,聯電元富02購01  ,0,0,0,0,0,0,0,0,0,10000,0,0,0,10000,0,10000,10000
067989,台積電元大01購31,0,0,0,0,0,0,0,0,0,10000,0,0,0,30000,20000,10000,10000
067971,玉晶光群益02購21,0,0,0,0,0,0,0,0,0,10000,0,0,0,10000,0,10000,10000
068233,同欣電元富05購01,0,0,0,0,0,0,0,0,0,10000,0,0,0,10000,0,10000,10000
067808,聯發科凱基01購16,0,0,0,0,0,0,0,0,0,10000,0,0,0,26000,16000,10000,10000
067912,上証2X永豐01購03,0,0,0,0,0,0,0,0,0,10000,0,0,0,10000,0,10000,10000
067847,大立光元富01購02,0,0,0,0,0,0,0,0,0,10000,0,0,0,10000,0,10000,10000
067467,鴻海元大01購16  ,0,0,0,0,0,0,0,0,0,10000,0,0,0,10000,0,10000,10000
067462,台灣50元大01購27,0,0,0,0,0,0,0,0,0,10000,0,0,0,10000,0,10000,10000
067342,新日興凱基01購02,0,0,0,0,0,0,0,0,0,10000,0,0,0,10000,0,10000,10000
067029,台表科兆豐03購01,0,0,0,0,0,0,0,0,0,10000,0,0,0,20000,10000,10000,10000
068443,致伸凱基01購01  ,0,0,0,0,0,0,0,0,0,10000,0,0,0,10000,0,10000,10000
068295,旭富兆豐01購02  ,0,0,0,0,0,0,0,0,0,10000,0,0,0,20000,10000,10000,10000
068393,GIS統一03購01   ,0,0,0,0,0,0,0,0,0,10000,0,0,0,10000,0,10000,10000
068381,玉晶光永豐03購01,0,0,0,0,0,0,0,0,0,10000,0,0,0,10000,0,10000,10000
06834P,訊芯群益99售02  ,0,0,0,0,0,0,0,0,0,10000,0,0,0,50000,40000,10000,10000
068338,GIS元大01購04   ,0,0,0,0,0,0,0,0,0,10000,0,0,0,129000,119000,10000,10000
068347,T50反1凱基04購03,0,0,0,0,0,0,0,0,0,10000,0,0,0,15000,5000,10000,10000
08275P,南亞科元富9C售01,0,0,0,0,0,0,0,0,0,10000,0,0,0,254000,244000,10000,10000
08270P,鴻海富邦9C售02  ,0,0,0,0,0,0,0,0,0,10000,0,0,0,10000,0,10000,10000
08120P,南亞科國票9C售01,0,0,0,0,0,0,0,0,0,10000,0,0,0,67000,57000,10000,10000
08135P,玉晶光國泰01售02,0,0,0,0,0,0,0,0,0,10000,0,0,0,10000,0,10000,10000
08442P,臺股指麥證01售01,0,0,0,60000,50000,10000,0,0,0,10000,0,0,0,60000,50000,10000,10000
07524P,臺股指中信9B售06,0,0,0,0,0,0,0,0,0,10000,0,0,0,10000,0,10000,10000
07474P,滬深2X群益9C售03,0,0,0,0,0,0,0,0,0,10000,0,0,0,10000,0,10000,10000
07509P,牧德國票9A售03  ,0,0,0,0,0,0,0,0,0,10000,0,0,0,10000,0,10000,10000
07358P,鴻海元大99售39  ,0,0,0,0,0,0,0,0,0,10000,0,0,0,30000,20000,10000,10000
07445P,大立光凱基9A售08,0,0,0,0,0,0,0,0,0,10000,0,0,0,10000,0,10000,10000
07051P,大立光中信99售02,0,0,0,0,0,0,0,0,0,10000,0,0,0,10000,0,10000,10000
06914P,南茂元大98售03  ,0,0,0,0,0,0,0,0,0,10000,0,0,0,10000,0,10000,10000
07898P,國巨國泰9C售02  ,0,0,0,0,0,0,0,0,0,10000,0,0,0,10000,0,10000,10000
07965P,玉晶光群益01售02,0,0,0,0,0,0,0,0,0,10000,0,0,0,10000,0,10000,10000
07747P,晶技凱基9A售04  ,0,0,0,0,0,0,0,0,0,10000,0,0,0,10000,0,10000,10000
059095,訊芯元大99購01  ,0,0,0,0,0,0,0,0,0,10000,0,0,0,10000,0,10000,10000
059087,台積電元大99購26,0,0,0,0,0,0,0,0,0,10000,0,0,0,60000,50000,10000,10000
059112,上銀永豐99購01  ,0,0,0,0,0,0,0,0,0,10000,0,0,0,31000,21000,10000,10000
059259,FBVIX中信03購06 ,0,0,0,0,0,0,0,0,0,10000,0,0,0,10000,0,10000,10000
058950,國巨群益99購06  ,0,0,0,0,0,0,0,0,0,10000,0,0,0,10000,0,10000,10000
059074,元油2X元大9C購15,0,0,0,0,0,0,0,0,0,10000,0,0,0,1019000,1009000,10000,10000
059063,康控凱基99購04  ,0,0,0,0,0,0,0,0,0,10000,0,0,0,10000,0,10000,10000
059031,元石油中信03購01,0,0,0,0,0,0,0,0,0,10000,0,0,0,10000,0,10000,10000
057947,和碩國票99購01  ,0,0,0,0,0,0,0,0,0,10000,0,0,0,15000,5000,10000,10000
058639,南電兆豐99購01  ,0,0,0,0,0,0,0,0,0,10000,0,0,0,10000,0,10000,10000
058684,健策凱基99購02  ,0,0,0,0,0,0,0,0,0,10000,0,0,0,10000,0,10000,10000
058687,聯茂凱基9A購01  ,0,0,0,0,0,0,0,0,0,10000,0,0,0,36000,26000,10000,10000
058806,道瓊銀統一9B購01,0,0,0,0,0,0,0,0,0,10000,0,0,0,10000,0,10000,10000
058749,康控凱基99購03  ,0,0,0,0,0,0,0,0,0,10000,0,0,0,10000,0,10000,10000
058905,京鼎元大99購01  ,0,0,0,0,0,0,0,0,0,10000,0,0,0,10000,0,10000,10000
058892,元油2X元大9C購08,0,0,0,0,0,0,0,0,0,10000,0,0,0,20000,10000,10000,10000
058876,南電國票9A購02  ,0,0,0,0,0,0,0,0,0,10000,0,0,0,12000,2000,10000,10000
058831,茂林永豐99購01  ,0,0,0,0,0,0,0,0,0,10000,0,0,0,10000,0,10000,10000
062903,燿華元大9B購04  ,0,0,0,0,0,0,0,0,0,10000,0,0,0,10000,0,10000,10000
062939,奇力新凱基9B購02,0,0,0,0,0,0,0,0,0,10000,0,0,0,96000,86000,10000,10000
059346,新日興凱基99購03,0,0,0,0,0,0,0,0,0,10000,0,0,0,10000,0,10000,10000
059348,日月光凱基99購01,0,0,0,0,0,0,0,0,0,10000,0,0,0,10000,0,10000,10000
063089,巨大凱基9C購01  ,0,0,0,0,0,0,0,0,0,10000,0,0,0,40000,30000,10000,10000
063215,台表科國票9C購02,0,0,0,0,0,0,0,0,0,10000,0,0,0,20000,10000,10000,10000
058375,群創凱基9B購04  ,0,0,0,0,0,0,0,0,0,10000,0,0,0,100000,90000,10000,10000
057658,玉晶光兆豐99購02,0,0,0,0,0,0,0,0,0,10000,0,0,0,10000,0,10000,10000
057545,國巨凱基99購05  ,0,0,0,0,0,0,0,0,0,10000,0,0,0,10000,0,10000,10000
058239,景碩元大99購03  ,0,0,0,0,0,0,0,0,0,10000,0,0,0,10000,0,10000,10000
058175,旺宏凱基99購03  ,0,0,0,0,0,0,0,0,0,10000,0,0,0,10000,0,10000,10000
058178,國巨國泰9A購02  ,0,0,0,0,0,0,0,0,0,10000,0,0,0,10000,0,10000,10000
058197,國巨中信99購02  ,0,0,0,0,0,0,0,0,0,10000,0,0,0,10000,0,10000,10000
058199,國巨康和99購01  ,0,0,0,0,0,0,0,0,0,10000,0,0,0,10000,0,10000,10000
058200,世芯康和99購01  ,0,0,0,0,0,0,0,0,0,10000,0,0,0,10000,0,10000,10000
058481,玉晶光凱基9A購04,0,0,0,0,0,0,0,0,0,10000,0,0,0,11000,1000,10000,10000
058490,元黃金群益9B購01,0,0,0,0,0,0,0,0,0,10000,0,0,0,10000,0,10000,10000
058405,訊連元大99購02  ,0,0,0,0,0,0,0,0,0,10000,0,0,0,10000,0,10000,10000
057886,聯詠群益98購01  ,0,0,0,0,0,0,0,0,0,10000,0,0,0,10000,0,10000,10000
057926,帆宣凱基98購02  ,0,0,0,0,0,0,0,0,0,10000,0,0,0,10000,0,10000,10000
058592,聯發科統一9C購01,0,0,0,0,0,0,0,0,0,10000,0,0,0,10000,0,10000,10000
057839,台積電富邦9A購02,0,0,0,0,0,0,0,0,0,10000,0,0,0,10000,0,10000,10000
058569,健策凱基9A購01  ,0,0,0,0,0,0,0,0,0,10000,0,0,0,12000,2000,10000,10000
057965,臺股指元大98購14,0,0,0,0,0,0,0,0,0,10000,0,0,0,10000,0,10000,10000
060310,瑞昱永豐9A購01  ,0,0,0,0,0,0,0,0,0,10000,0,0,0,10000,0,10000,10000
059573,健策凱基9A購02  ,0,0,0,0,0,0,0,0,0,10000,0,0,0,12000,2000,10000,10000
060260,京鼎凱基9C購01  ,0,0,0,0,0,0,0,0,0,10000,0,0,0,10000,0,10000,10000
059503,大立光富邦9B購04,0,0,0,0,0,0,0,0,0,10000,0,0,0,106000,96000,10000,10000
059516,TPK永豐99購01   ,0,0,0,0,0,0,0,0,0,10000,0,0,0,10000,0,10000,10000
058049,帆宣元大98購01  ,0,0,0,0,0,0,0,0,0,10000,0,0,0,10000,0,10000,10000
058044,鴻海元大99購07  ,0,0,0,0,0,0,0,0,0,10000,0,0,0,10000,0,10000,10000
058016,智邦凱基98購06  ,0,0,0,0,0,0,0,0,0,10000,0,0,0,20000,10000,10000,10000
046942,友達元大99購01  ,0,0,0,0,0,0,0,0,0,10000,0,0,0,15000,5000,10000,10000
045444,群創元富98購02  ,0,0,0,0,0,0,0,0,0,10000,0,0,0,10000,0,10000,10000
03025P,國巨元大01售12  ,0,0,0,0,0,0,0,0,0,10000,0,0,0,10000,0,10000,10000
055833,華通元大98購05  ,0,0,0,0,0,0,0,0,0,10000,0,0,0,10000,0,10000,10000
03033P,微星國票03售01  ,0,0,0,0,0,0,0,0,0,10000,0,0,0,10000,0,10000,10000
03425B,臺股指元大9A熊01,0,0,0,0,0,0,0,0,0,10000,0,0,0,10000,0,10000,10000
056406,建準國票99購01  ,0,0,0,0,0,0,0,0,0,10000,0,0,0,10000,0,10000,10000
056513,臻鼎亞東99購01  ,0,0,0,0,0,0,0,0,0,10000,0,0,0,10000,0,10000,10000
056345,嘉聯益凱基99購01,0,0,0,0,0,0,0,0,0,10000,0,0,0,10000,0,10000,10000
056347,GIS凱基9A購01   ,0,0,0,0,0,0,0,0,0,10000,0,0,0,10000,0,10000,10000
057306,玉晶光兆豐99購01,0,0,0,0,0,0,0,0,0,10000,0,0,0,10000,0,10000,10000
057394,台積電中信9C購02,0,0,0,0,0,0,0,0,0,10000,0,0,0,10000,0,10000,10000
055976,台積電統一99購03,0,0,0,0,0,0,0,0,0,10000,0,0,0,328000,318000,10000,10000
056200,大毅永豐98購01  ,0,0,0,0,0,0,0,0,0,10000,0,0,0,10000,0,10000,10000
03180P,台灣50元大01售39,0,0,0,0,0,0,0,0,0,10000,0,0,0,10000,0,10000,10000
03125P,台積電凱基01售24,0,0,0,0,0,0,0,0,0,10000,0,0,0,22000,12000,10000,10000
03075P,泰碩國泰03售01  ,0,0,0,0,0,0,0,0,0,10000,0,0,0,10000,0,10000,10000
01003T,兆豐新光R1      ,10000,0,10000,0,0,0,0,0,0,0,0,0,0,0,0,0,10000
0054,元大台商50      ,0,0,0,0,0,0,0,0,0,10000,0,0,0,10000,0,10000,10000
056552,台表科凱基99購01,0,0,0,0,0,0,0,0,0,10000,0,0,0,10000,0,10000,10000
056675,聯發科元富02購01,0,0,0,0,0,0,0,0,0,10000,0,0,0,10000,0,10000,10000
056603,嘉聯益國泰9A購01,0,0,0,0,0,0,0,0,0,10000,0,0,0,10000,0,10000,10000
056745,聯茂凱基99購03  ,0,0,0,0,0,0,0,0,0,10000,0,0,0,10000,0,10000,10000
055249,大毅統一99購01  ,0,0,0,0,0,0,0,0,0,10000,0,0,0,10000,0,10000,10000
051887,上証2X元富98購01,0,0,0,0,0,0,0,0,0,10000,0,0,0,10000,0,10000,10000
049759,元黃金富邦9A購01,0,0,0,0,0,0,0,0,0,10000,0,0,0,10000,0,10000,10000
052417,聯發科兆豐9B購01,0,0,0,0,0,0,0,0,0,10000,0,0,0,10000,0,10000,10000
052521,友達元大9B購01  ,0,0,0,0,0,0,0,0,0,10000,0,0,0,10000,0,10000,10000
052748,群創元大9A購02  ,0,0,0,0,0,0,0,0,0,10000,0,0,0,10000,0,10000,10000
054543,元金2X中信01購01,0,0,0,0,0,0,0,0,0,10000,0,0,0,10000,0,10000,10000
054559,台光電群益99購01,0,0,0,0,0,0,0,0,0,10000,0,0,0,20000,10000,10000,10000
054161,友訊凱基98購01  ,0,0,0,0,0,0,0,0,0,10000,0,0,0,10000,0,10000,10000
059600,緯穎元大99購07  ,0,0,0,0,0,0,0,0,0,10000,0,0,0,10000,0,10000,10000
059594,奇力新元大9B購01,0,0,0,0,0,0,0,0,0,10000,0,0,0,10000,0,10000,10000
059640,聯詠凱基99購04  ,0,0,0,0,0,0,0,0,0,10000,0,0,0,10000,0,10000,10000
059871,義隆凱基99購03  ,0,0,0,0,0,0,0,0,0,10000,0,0,0,10000,0,10000,10000
059878,聯茂凱基99購07  ,0,0,0,0,0,0,0,0,0,10000,0,0,0,30000,20000,10000,10000
059863,和大凱基99購01  ,0,0,0,0,0,0,0,0,0,10000,0,0,0,10000,0,10000,10000
059848,智邦永豐99購01  ,0,0,0,0,0,0,0,0,0,10000,0,0,0,10000,0,10000,10000
057004,滬深反中信9A購01,0,0,0,0,0,0,0,0,0,10000,0,0,0,10000,0,10000,10000
057294,台灣50永豐99購01,0,0,0,0,0,0,0,0,0,10000,0,0,0,10000,0,10000,10000
057665,技嘉元大99購01  ,0,0,0,0,0,0,0,0,0,10000,0,0,0,10000,0,10000,10000
057774,台光電群益99購02,0,0,0,0,0,0,0,0,0,10000,0,0,0,20000,10000,10000,10000
061520,健策中信9A購01  ,0,0,0,0,0,0,0,0,0,10000,0,0,0,20000,10000,10000,10000
061961,台積電統一01購02,0,0,0,0,0,0,0,0,0,10000,0,0,0,10000,0,10000,10000
060962,義隆凱基9B購01  ,0,0,0,0,0,0,0,0,0,10000,0,0,0,10000,0,10000,10000
060975,滬深2X元大01購02,0,0,0,0,0,0,0,0,0,10000,0,0,0,160000,150000,10000,10000
062159,聯詠凱基9B購01  ,0,0,0,0,0,0,0,0,0,10000,0,0,0,10000,0,10000,10000
062222,華新科統一9B購04,0,0,0,0,0,0,0,0,0,10000,0,0,0,10000,0,10000,10000
061580,華擎元大9A購06  ,0,0,0,0,0,0,0,0,0,10000,0,0,0,10000,0,10000,10000
061699,燿華國票9A購01  ,0,0,0,0,0,0,0,0,0,10000,0,0,0,10000,0,10000,10000
061701,友達國票9B購02  ,0,0,0,0,0,0,0,0,0,10000,0,0,0,10000,0,10000,10000
061658,聯茂富邦9A購03  ,0,0,0,0,0,0,0,0,0,10000,0,0,0,10000,0,10000,10000
061803,巨大永豐9B購01  ,0,0,0,0,0,0,0,0,0,10000,0,0,0,10000,0,10000,10000
061896,景碩永豐9B購01  ,0,0,0,0,0,0,0,0,0,10000,0,0,0,120000,110000,10000,10000
061420,國巨元大9A購22  ,0,0,0,0,0,0,0,0,0,10000,0,0,0,10000,0,10000,10000
061422,台積電元大9A購30,0,0,0,0,0,0,0,0,0,10000,0,0,0,10000,0,10000,10000
063250,同欣電元大9B購03,0,0,0,0,0,0,0,0,0,10000,0,0,0,11000,1000,10000,10000
062530,大立光統一01購03,0,0,0,0,0,0,0,0,0,10000,0,0,0,10000,0,10000,10000
063489,新日興國泰01購01,0,0,0,0,0,0,0,0,0,10000,0,0,0,10000,0,10000,10000
063584,南六國泰01購01  ,0,0,0,0,0,0,0,0,0,10000,0,0,0,34000,24000,10000,10000
060522,鴻海中信9A購03  ,0,0,0,0,0,0,0,0,0,10000,0,0,0,10000,0,10000,10000
060452,儒鴻元大9A購01  ,0,0,0,0,0,0,0,0,0,10000,0,0,0,33000,23000,10000,10000
060453,儒鴻元大9A購02  ,0,0,0,0,0,0,0,0,0,10000,0,0,0,10000,0,10000,10000
060443,滬深2X元大9A購03,0,0,0,0,0,0,0,0,0,10000,0,0,0,10000,0,10000,10000
060433,億豐永豐9A購01  ,0,0,0,0,0,0,0,0,0,10000,0,0,0,10000,0,10000,10000
060607,玉晶光凱基9A購06,0,0,0,0,0,0,0,0,0,10000,0,0,0,11000,1000,10000,10000
060548,友達凱基9B購03  ,0,0,0,0,0,0,0,0,0,10000,0,0,0,10000,0,10000,10000
060640,京鼎永豐9A購01  ,0,0,0,0,0,0,0,0,0,10000,0,0,0,10000,0,10000,10000
060761,南亞科元大9A購05,0,0,0,0,0,0,0,0,0,10000,0,0,0,10000,0,10000,10000
060812,智邦凱基9A購01  ,0,0,0,0,0,0,0,0,0,10000,0,0,0,10000,0,10000,10000
060814,健策凱基9B購01  ,0,0,0,0,0,0,0,0,0,10000,0,0,0,12000,2000,10000,10000
060714,晶技永豐9A購02  ,0,0,0,0,0,0,0,0,0,10000,0,0,0,10000,0,10000,10000
060335,明泰康和9A購01  ,0,0,0,0,0,0,0,0,0,10000,0,0,0,30000,20000,10000,10000
060897,健策凱基9A購04  ,0,0,0,0,0,0,0,0,0,10000,0,0,0,12000,2000,10000,10000
062640,訊連國票9C購01  ,0,0,0,0,0,0,0,0,0,10000,0,0,0,10000,0,10000,10000
062649,緯穎富邦9B購03  ,0,0,0,0,0,0,0,0,0,10000,0,0,0,10000,0,10000,10000
060385,台勝科凱基9A購01,0,0,0,0,0,0,0,0,0,10000,0,0,0,30000,20000,10000,10000
062322,元金2X統一01購01,0,0,0,0,0,0,0,0,0,10000,0,0,0,10000,0,10000,10000
062314,玉晶光凱基9B購06,0,0,0,0,0,0,0,0,0,10000,0,0,0,14000,4000,10000,10000
062368,聯詠元大9B購01  ,0,0,0,0,0,0,0,0,0,10000,0,0,0,67000,57000,10000,10000
064047,義隆統一02購01  ,0,0,0,0,0,0,0,0,0,10000,0,0,0,10000,0,10000,10000
064015,立積國票01購01  ,0,0,0,0,0,0,0,0,0,10000,0,0,0,10000,0,10000,10000
064010,GIS凱基02購01   ,0,0,0,0,0,0,0,0,0,10000,0,0,0,17000,7000,10000,10000
064011,嘉晶國票9C購01  ,0,0,0,0,0,0,0,0,0,10000,0,0,0,14000,4000,10000,10000
063982,TPK兆豐9C購01   ,0,0,0,0,0,0,0,0,0,10000,0,0,0,10000,0,10000,10000
064086,旺宏凱基9C購01  ,0,0,0,0,0,0,0,0,0,10000,0,0,0,10000,0,10000,10000
064147,瑞昱統一01購04  ,0,0,0,0,0,0,0,0,0,10000,0,0,0,10000,0,10000,10000
064135,復盛元大9C購01  ,0,0,0,0,0,0,0,0,0,10000,0,0,0,10000,0,10000,10000
063821,南亞科麥證9C購01,0,0,0,10000,0,10000,0,0,0,10000,0,0,0,10000,0,10000,10000
063836,台塑元大9C購01  ,0,0,0,0,0,0,0,0,0,10000,0,0,0,52000,42000,10000,10000
063847,聯發科元大9C購03,0,0,0,0,0,0,0,0,0,10000,0,0,0,12000,2000,10000,10000
061327,台郡凱基9A購02  ,0,0,0,0,0,0,0,0,0,10000,0,0,0,10000,0,10000,10000
063902,志超群益9C購01  ,0,0,0,0,0,0,0,0,0,10000,0,0,0,10000,0,10000,10000
061100,SP黃豆元大9A購04,0,0,0,0,0,0,0,0,0,10000,0,0,0,10000,0,10000,10000
061277,智邦台新9A購01  ,0,0,0,0,0,0,0,0,0,10000,0,0,0,10000,0,10000,10000
066469,申豐統一02購02  ,2000,0,2000,0,0,0,0,0,0,8000,0,0,0,688000,680000,8000,10000
066432,南六元大01購02  ,0,0,0,0,0,0,0,0,0,10000,0,0,0,133000,123000,10000,10000
066456,全新統一02購01  ,0,0,0,0,0,0,0,0,0,10000,0,0,0,20000,10000,10000,10000
066560,聯鈞元大01購04  ,0,0,0,0,0,0,0,0,0,10000,0,0,0,19000,9000,10000,10000
066812,志超凱基01購01  ,0,0,0,0,0,0,0,0,0,10000,0,0,0,10000,0,10000,10000
066689,技嘉台新01購01  ,0,0,0,0,0,0,0,0,0,10000,0,0,0,24000,14000,10000,10000
066860,健策國票02購02  ,0,0,0,0,0,0,0,0,0,10000,0,0,0,37000,27000,10000,10000
066158,惠特康和01購01  ,0,0,0,0,0,0,0,0,0,10000,0,0,0,10000,0,10000,10000
06616P,國巨元大98售15  ,0,0,0,0,0,0,0,0,0,10000,0,0,0,10000,0,10000,10000
066182,康控凱基01購01  ,0,0,0,0,0,0,0,0,0,10000,0,0,0,12000,2000,10000,10000
066252,南港元大01購02  ,0,0,0,0,0,0,0,0,0,10000,0,0,0,140000,130000,10000,10000
06627P,華新科元富99售01,0,0,0,0,0,0,0,0,0,10000,0,0,0,10000,0,10000,10000
065720,義隆兆豐9C購03  ,0,0,0,0,0,0,0,0,0,10000,0,0,0,10000,0,10000,10000
065741,聯發科麥證9C購06,0,0,0,10000,0,10000,0,0,0,10000,0,0,0,10000,0,10000,10000
065745,裕隆元大9C購03  ,0,0,0,0,0,0,0,0,0,10000,0,0,0,26000,16000,10000,10000
065873,信邦群益02購01  ,0,0,0,0,0,0,0,0,0,10000,0,0,0,20000,10000,10000,10000
065108,建準國票01購01  ,0,0,0,0,0,0,0,0,0,10000,0,0,0,16000,6000,10000,10000
065048,世芯凱基01購01  ,0,0,0,0,0,0,0,0,0,10000,0,0,0,10000,0,10000,10000
065021,貿聯富邦03購01  ,0,0,0,0,0,0,0,0,0,10000,0,0,0,11000,1000,10000,10000
064983,力成元大9C購04  ,0,0,0,0,0,0,0,0,0,10000,0,0,0,10000,0,10000,10000
065210,健策國票01購03  ,0,0,0,0,0,0,0,0,0,10000,0,0,0,13000,3000,10000,10000
065192,臺股指統一9C購03,0,0,0,0,0,0,0,0,0,10000,0,0,0,10000,0,10000,10000
065187,聯發科統一02購02,0,0,0,0,0,0,0,0,0,10000,0,0,0,10000,0,10000,10000
065172,義隆元大9C購05  ,0,0,0,0,0,0,0,0,0,10000,0,0,0,23000,13000,10000,10000
065583,超眾國泰02購01  ,0,0,0,0,0,0,0,0,0,10000,0,0,0,10000,0,10000,10000
065656,聯發科國泰03購01,0,0,0,0,0,0,0,0,0,10000,0,0,0,10000,0,10000,10000
064891,台達電群益9C購01,0,0,0,0,0,0,0,0,0,10000,0,0,0,10000,0,10000,10000
063800,玉晶光凱基9C購02,0,0,0,0,0,0,0,0,0,10000,0,0,0,10000,0,10000,10000
06453P,群創元大9B售02  ,0,0,0,0,0,0,0,0,0,10000,0,0,0,22000,12000,10000,10000
064483,瑞儀永豐9C購01  ,0,0,0,0,0,0,0,0,0,10000,0,0,0,10000,0,10000,10000
08901P,台表科群益01售02,0,0,0,0,0,0,0,0,0,10000,0,0,0,110000,100000,10000,10000
08832P,台表科群益01售01,0,0,0,0,0,0,0,0,0,10000,0,0,0,60000,50000,10000,10000
08712P,國巨元富07售03  ,0,0,0,0,0,0,0,0,0,10000,0,0,0,10000,0,10000,10000
08788P,A50正2元富01售03,0,0,0,0,0,0,0,0,0,10000,0,0,0,10000,0,10000,10000
08761P,聯詠元大01售02  ,0,0,0,0,0,0,0,0,0,10000,0,0,0,10000,0,10000,10000
08530P,鴻海統一9C售19  ,0,0,0,0,0,0,0,0,0,10000,0,0,0,10000,0,10000,10000
08524P,奇力新元大9C售01,0,0,0,0,0,0,0,0,0,10000,0,0,0,10000,0,10000,10000
08538P,聯發科國票01售01,0,0,0,0,0,0,0,0,0,10000,0,0,0,10000,0,10000,10000
4148,全宇生技-KY     ,13000,3000,10000,0,0,0,0,0,0,0,0,0,0,0,0,0,10000
2444,兆勁            ,13000,3000,10000,0,0,0,0,0,0,0,0,0,0,0,0,0,10000
068484,聯電元大03購02  ,0,0,0,0,0,0,0,0,0,9000,0,0,0,157000,148000,9000,9000
067667,台積電元大02購05,0,0,0,0,0,0,0,0,0,9000,0,0,0,30000,21000,9000,9000
068137,FBVIX元大01購04 ,0,0,0,0,0,0,0,0,0,9000,0,0,0,15000,6000,9000,9000
059682,可成富邦9A購01  ,0,0,0,0,0,0,0,0,0,9000,0,0,0,9000,0,9000,9000
056702,欣興國泰9A購01  ,0,0,0,0,0,0,0,0,0,9000,0,0,0,9000,0,9000,9000
055989,矽力元富9A購01  ,0,0,0,0,0,0,0,0,0,9000,0,0,0,9000,0,9000,9000
058586,鴻海中信01購02  ,0,0,0,0,0,0,0,0,0,9000,0,0,0,24000,15000,9000,9000
058438,大立光統一9B購01,0,0,0,0,0,0,0,0,0,9000,0,0,0,20000,11000,9000,9000
057575,世紀鋼永豐98購02,0,0,0,0,0,0,0,0,0,9000,0,0,0,23000,14000,9000,9000
063086,祥碩凱基9C購01  ,0,0,0,0,0,0,0,0,0,9000,0,0,0,40000,31000,9000,9000
062897,上銀元大9B購06  ,0,0,0,0,0,0,0,0,0,9000,0,0,0,9000,0,9000,9000
061275,臺股指凱基9A購25,0,0,0,0,0,0,0,0,0,9000,0,0,0,26000,17000,9000,9000
063942,台積電元大01購03,0,0,0,0,0,0,0,0,0,9000,0,0,0,10000,1000,9000,9000
063851,健策元大01購01  ,0,0,0,0,0,0,0,0,0,9000,0,0,0,67000,58000,9000,9000
064164,祥碩統一01購05  ,0,0,0,0,0,0,0,0,0,9000,0,0,0,10000,1000,9000,9000
064127,聯發科元大9C購06,0,0,0,0,0,0,0,0,0,9000,0,0,0,18000,9000,9000,9000
064052,創意統一01購02  ,0,0,0,0,0,0,0,0,0,9000,0,0,0,92000,83000,9000,9000
062460,京鼎群益9C購01  ,0,0,0,0,0,0,0,0,0,9000,0,0,0,9000,0,9000,9000
062383,大立光國泰01購01,0,0,0,0,0,0,0,0,0,9000,0,0,0,50000,41000,9000,9000
062390,元黃金富邦9C購01,0,0,0,0,0,0,0,0,0,9000,0,0,0,9000,0,9000,9000
062047,緯穎凱基9B購01  ,0,0,0,0,0,0,0,0,0,9000,0,0,0,57000,48000,9000,9000
063609,南電凱基9B購05  ,0,0,0,0,0,0,0,0,0,9000,0,0,0,36000,27000,9000,9000
063546,國巨兆豐9C購03  ,0,0,0,0,0,0,0,0,0,9000,0,0,0,10000,1000,9000,9000
062952,台積電永豐9B購02,0,0,0,0,0,0,0,0,0,9000,0,0,0,9000,0,9000,9000
062270,上銀群益9B購03  ,0,0,0,0,0,0,0,0,0,9000,0,0,0,135000,126000,9000,9000
063813,瑞昱群益9C購02  ,0,0,0,0,0,0,0,0,0,9000,0,0,0,9000,0,9000,9000
064344,緯創元大9C購01  ,0,0,0,0,0,0,0,0,0,9000,0,0,0,12000,3000,9000,9000
064345,創意元大9C購03  ,0,0,0,0,0,0,0,0,0,9000,0,0,0,9000,0,9000,9000
065426,台積電凱基01購09,0,0,0,0,0,0,0,0,0,9000,0,0,0,9000,0,9000,9000
065011,智邦國泰02購01  ,0,0,0,0,0,0,0,0,0,9000,0,0,0,101000,92000,9000,9000
065979,立積元大03購01  ,0,0,0,0,0,0,0,0,0,9000,0,0,0,9000,0,9000,9000
065784,正崴永豐9C購01  ,0,0,0,0,0,0,0,0,0,9000,0,0,0,9000,0,9000,9000
066126,南港群益01購01  ,0,0,0,0,0,0,0,0,0,9000,0,0,0,49000,40000,9000,9000
2482,連宇            ,9000,0,9000,0,0,0,0,0,0,0,0,0,0,0,0,0,9000
4526,東台            ,21000,12000,9000,0,0,0,0,0,0,0,0,0,0,0,0,0,9000
3543,州巧            ,10000,1000,9000,0,0,0,0,0,0,0,0,0,0,0,0,0,9000
3305,昇貿            ,12000,1000,11000,0,0,0,0,0,0,-2000,0,2000,-2000,0,0,0,9000
3055,蔚華科          ,6000,17000,-11000,0,0,0,0,0,0,20000,20000,0,20000,0,0,0,9000
08496P,金像電國票01售02,0,0,0,0,0,0,0,0,0,9000,0,0,0,10000,1000,9000,9000
1321,大洋            ,14000,5000,9000,0,0,0,0,0,0,0,0,0,0,0,0,0,9000
1626,艾美特-KY       ,14960,6000,8960,0,0,0,0,0,0,0,0,0,0,0,0,0,8960
068220,聯發科統一04購01,0,0,0,0,0,0,0,0,0,8000,0,0,0,79000,71000,8000,8000
067998,聯發科元大01購22,0,0,0,0,0,0,0,0,0,8000,0,0,0,8000,0,8000,8000
067950,元金2X永豐01購02,0,0,0,0,0,0,0,0,0,8000,0,0,0,35000,27000,8000,8000
067940,健策凱基01購04  ,0,0,0,0,0,0,0,0,0,8000,0,0,0,17000,9000,8000,8000
068022,聯發科台新01購01,0,0,0,0,0,0,0,0,0,8000,0,0,0,8000,0,8000,8000
068053,玉晶光統一03購03,0,0,0,0,0,0,0,0,0,8000,0,0,0,8000,0,8000,8000
067205,台積電元大01購22,0,0,0,0,0,0,0,0,0,8000,0,0,0,105000,97000,8000,8000
067386,巨大統一02購02  ,0,0,0,0,0,0,0,0,0,8000,0,0,0,297000,289000,8000,8000
067455,T50反1國泰03購01,0,0,0,0,0,0,0,0,0,8000,0,0,0,30000,22000,8000,8000
068459,玉晶光國票03購04,0,0,0,0,0,0,0,0,0,8000,0,0,0,9000,1000,8000,8000
068784,聯發科康和02購02,0,0,0,0,0,0,0,0,0,8000,0,0,0,10000,2000,8000,8000
07791P,奇鋐元大9A售02  ,0,0,0,0,0,0,0,0,0,8000,0,0,0,10000,2000,8000,8000
08018P,牧德國票9B售04  ,0,0,0,0,0,0,0,0,0,8000,0,0,0,13000,5000,8000,8000
06952P,大立光統一9A售03,0,0,0,0,0,0,0,0,0,8000,0,0,0,8000,0,8000,8000
07507P,國巨國票9B售02  ,0,0,0,0,0,0,0,0,0,8000,0,0,0,8000,0,8000,8000
08355P,智邦元大9C售03  ,0,0,0,0,0,0,0,0,0,8000,0,0,0,20000,12000,8000,8000
08298P,大立光國票9C售01,0,0,0,0,0,0,0,0,0,8000,0,0,0,8000,0,8000,8000
063211,道瓊銀國票9B購01,0,0,0,0,0,0,0,0,0,8000,0,0,0,13000,5000,8000,8000
063134,裕隆統一01購01  ,0,0,0,0,0,0,0,0,0,8000,0,0,0,8000,0,8000,8000
058833,台表科永豐99購01,0,0,0,0,0,0,0,0,0,8000,0,0,0,8000,0,8000,8000
059053,鴻海凱基99購07  ,0,0,0,0,0,0,0,0,0,8000,0,0,0,8000,0,8000,8000
059073,元油2X元大9C購14,0,0,0,0,0,0,0,0,0,8000,0,0,0,8000,0,8000,8000
058136,景碩元大99購02  ,0,0,0,0,0,0,0,0,0,8000,0,0,0,70000,62000,8000,8000
059434,全新元大99購05  ,0,0,0,0,0,0,0,0,0,8000,0,0,0,10000,2000,8000,8000
059975,元金2X元大99購02,0,0,0,0,0,0,0,0,0,8000,0,0,0,8000,0,8000,8000
03087P,聯發科元大01售24,0,0,0,0,0,0,0,0,0,8000,0,0,0,38000,30000,8000,8000
056550,瑞儀凱基99購01  ,0,0,0,0,0,0,0,0,0,8000,0,0,0,8000,0,8000,8000
052132,旺宏凱基9B購01  ,0,0,0,0,0,0,0,0,0,8000,0,0,0,15000,7000,8000,8000
053401,臺股指中信99購01,0,0,0,0,0,0,0,0,0,8000,0,0,0,8000,0,8000,8000
057278,可成元大98購06  ,0,0,0,0,0,0,0,0,0,8000,0,0,0,8000,0,8000,8000
056980,建準群益98購02  ,0,0,0,0,0,0,0,0,0,8000,0,0,0,8000,0,8000,8000
062150,南六國票9B購01  ,0,0,0,0,0,0,0,0,0,8000,0,0,0,8000,0,8000,8000
061594,玉晶光永豐9A購08,0,0,0,0,0,0,0,0,0,8000,0,0,0,33000,25000,8000,8000
062545,嘉晶永豐9B購01  ,0,0,0,0,0,0,0,0,0,8000,0,0,0,25000,17000,8000,8000
063299,金寶凱基9B購01  ,0,0,0,0,0,0,0,0,0,8000,0,0,0,187000,179000,8000,8000
063307,同欣電凱基9B購02,0,0,0,0,0,0,0,0,0,8000,0,0,0,8000,0,8000,8000
060572,景碩永豐9A購01  ,0,0,0,0,0,0,0,0,0,8000,0,0,0,8000,0,8000,8000
060436,巨大永豐9A購01  ,0,0,0,0,0,0,0,0,0,8000,0,0,0,8000,0,8000,8000
061109,臻鼎元大9A購03  ,0,0,0,0,0,0,0,0,0,8000,0,0,0,10000,2000,8000,8000
066223,拓凱國泰03購01  ,0,0,0,0,0,0,0,0,0,8000,0,0,0,8000,0,8000,8000
066580,臺股指元大01購09,0,0,0,0,0,0,0,0,0,8000,0,0,0,15000,7000,8000,8000
065026,世紀鋼永豐9C購02,0,0,0,0,0,0,0,0,0,8000,0,0,0,29000,21000,8000,8000
065297,旺宏統一02購01  ,0,0,0,0,0,0,0,0,0,8000,0,0,0,20000,12000,8000,8000
065590,元黃金元大9C購01,0,0,0,0,0,0,0,0,0,8000,0,0,0,8000,0,8000,8000
064423,義隆兆豐9C購02  ,0,0,0,0,0,0,0,0,0,8000,0,0,0,9000,1000,8000,8000
064972,台積電元大9C購11,0,0,0,0,0,0,0,0,0,8000,0,0,0,8000,0,8000,8000
064752,台達電凱基01購01,0,0,0,0,0,0,0,0,0,8000,0,0,0,20000,12000,8000,8000
064662,鴻海元大9C購10  ,0,0,0,0,0,0,0,0,0,8000,0,0,0,10000,2000,8000,8000
1709,和益            ,98000,90000,8000,0,0,0,0,0,0,0,0,0,0,0,0,0,8000
08467P,長榮航統一9C售01,0,0,0,0,0,0,0,0,0,8000,0,0,0,8000,0,8000,8000
08643P,和碩群益9C售02  ,0,0,0,0,0,0,0,0,0,8000,0,0,0,8000,0,8000,8000
08689P,高股息中信01售01,0,0,0,0,0,0,0,0,0,8000,0,0,0,10000,2000,8000,8000
3312,弘憶股          ,19000,11000,8000,0,0,0,0,0,0,0,0,0,0,0,0,0,8000
3031,佰鴻            ,29000,21000,8000,0,0,0,0,0,0,0,0,0,0,0,0,0,8000
2836,高雄銀          ,83000,75000,8000,0,0,0,0,0,0,0,0,0,0,0,0,0,8000
9802,鈺齊-KY         ,265000,292000,-27000,0,0,0,0,0,0,35000,50000,9000,41000,12000,18000,-6000,8000
6591,動力-KY         ,280000,253000,27000,0,0,0,0,0,0,-19000,0,19000,-19000,0,0,0,8000
067591,聚陽凱基02購02  ,0,0,0,0,0,0,0,0,0,7000,0,0,0,75000,68000,7000,7000
067718,鴻海凱基01購09  ,0,0,0,0,0,0,0,0,0,7000,0,0,0,15000,8000,7000,7000
056995,華新科日盛99購01,0,0,0,0,0,0,0,0,0,7000,0,0,0,7000,0,7000,7000
057785,智邦國票99購02  ,0,0,0,0,0,0,0,0,0,7000,0,0,0,13000,6000,7000,7000
059693,智原永豐99購01  ,0,0,0,0,0,0,0,0,0,7000,0,0,0,7000,0,7000,7000
053389,彩晶元大98購01  ,0,0,0,0,0,0,0,0,0,7000,0,0,0,11000,4000,7000,7000
052542,友達元富98購01  ,0,0,0,0,0,0,0,0,0,7000,0,0,0,9000,2000,7000,7000
054308,嘉晶凱基98購01  ,0,0,0,0,0,0,0,0,0,7000,0,0,0,7000,0,7000,7000
054632,緯穎凱基9A購01  ,0,0,0,0,0,0,0,0,0,7000,0,0,0,7000,0,7000,7000
03060P,微星凱基01售01  ,0,0,0,0,0,0,0,0,0,7000,0,0,0,7000,0,7000,7000
00763U,街口道瓊銅      ,0,13000,-13000,0,0,0,0,0,0,20000,0,0,0,20000,0,20000,7000
00706L,元大S&P日圓正2  ,0,0,0,0,0,0,0,0,0,7000,0,0,0,16000,9000,7000,7000
03011P,臺股指富邦01售01,0,0,0,0,0,0,0,0,0,7000,0,0,0,7000,0,7000,7000
055707,聯鈞永豐98購01  ,0,0,0,0,0,0,0,0,0,7000,0,0,0,7000,0,7000,7000
059424,SGBR2X元大9A購01,0,0,0,0,0,0,0,0,0,7000,0,0,0,10000,3000,7000,7000
060197,臻鼎元富9A購02  ,0,0,0,0,0,0,0,0,0,7000,0,0,0,7000,0,7000,7000
059062,群創凱基99購05  ,0,0,0,0,0,0,0,0,0,7000,0,0,0,40000,33000,7000,7000
059014,SGBR2X元富03購01,0,0,0,0,0,0,0,0,0,7000,0,0,0,18000,11000,7000,7000
058949,上銀群益99購02  ,0,0,0,0,0,0,0,0,0,7000,0,0,0,7000,0,7000,7000
059145,創意國票99購02  ,0,0,0,0,0,0,0,0,0,7000,0,0,0,8000,1000,7000,7000
059120,致伸永豐99購01  ,0,0,0,0,0,0,0,0,0,7000,0,0,0,17000,10000,7000,7000
057936,健策群益99購01  ,0,0,0,0,0,0,0,0,0,7000,0,0,0,33000,26000,7000,7000
061110,超眾元大9A購03  ,0,0,0,0,0,0,0,0,0,7000,0,0,0,7000,0,7000,7000
061039,台表科永豐9A購03,0,0,0,0,0,0,0,0,0,7000,0,0,0,8000,1000,7000,7000
061261,台積電凱基9B購03,0,0,0,0,0,0,0,0,0,7000,0,0,0,189000,182000,7000,7000
064154,大立光統一01購04,0,0,0,0,0,0,0,0,0,7000,0,0,0,7000,0,7000,7000
064177,立積國泰01購01  ,0,0,0,0,0,0,0,0,0,7000,0,0,0,7000,0,7000,7000
063872,嘉聯益永豐9C購01,0,0,0,0,0,0,0,0,0,7000,0,0,0,152000,145000,7000,7000
062437,廣達元大9B購01  ,0,0,0,0,0,0,0,0,0,7000,0,0,0,34000,27000,7000,7000
062289,緯穎群益9B購01  ,0,0,0,0,0,0,0,0,0,7000,0,0,0,37000,30000,7000,7000
063335,道瓊銀統一9C購01,0,0,0,0,0,0,0,0,0,7000,0,0,0,29000,22000,7000,7000
062546,新日興永豐9B購01,0,0,0,0,0,0,0,0,0,7000,0,0,0,7000,0,7000,7000
064740,台光電國票01購01,0,0,0,0,0,0,0,0,0,7000,0,0,0,25000,18000,7000,7000
064432,台積電凱基9C購04,0,0,0,0,0,0,0,0,0,7000,0,0,0,21000,14000,7000,7000
064335,可成元大9C購05  ,0,0,0,0,0,0,0,0,0,7000,0,0,0,7000,0,7000,7000
064496,聯發科元大9C購10,0,0,0,0,0,0,0,0,0,7000,0,0,0,7000,0,7000,7000
064540,神達麥證01購01  ,0,0,0,7000,0,7000,0,0,0,7000,0,0,0,7000,0,7000,7000
065577,超眾群益9C購02  ,0,0,0,0,0,0,0,0,0,7000,0,0,0,17000,10000,7000,7000
065505,健鼎永豐9C購01  ,0,0,0,0,0,0,0,0,0,7000,0,0,0,30000,23000,7000,7000
065438,緯穎凱基9C購04  ,0,0,0,0,0,0,0,0,0,7000,0,0,0,7000,0,7000,7000
065085,聯發科元大01購02,0,0,0,0,0,0,0,0,0,7000,0,0,0,7000,0,7000,7000
066361,微星中信05購01  ,0,0,0,0,0,0,0,0,0,7000,0,0,0,20000,13000,7000,7000
066829,奇力新群益01購01,0,0,0,0,0,0,0,0,0,7000,0,0,0,98000,91000,7000,7000
066253,泰豐元大01購01  ,0,0,0,0,0,0,0,0,0,7000,0,0,0,10000,3000,7000,7000
066154,聯強康和01購01  ,0,0,0,0,0,0,0,0,0,7000,0,0,0,52000,45000,7000,7000
6525,捷敏-KY         ,47000,2000,45000,0,0,0,0,28000,-28000,-10000,0,10000,-10000,0,0,0,7000
9930,中聯資源        ,14000,7000,7000,0,0,0,0,0,0,0,0,0,0,0,0,0,7000
2906,高林            ,92000,83000,9000,0,0,0,0,0,0,-2000,0,2000,-2000,0,0,0,7000
6226,光鼎            ,52000,45000,7000,0,0,0,0,0,0,0,0,0,0,0,0,0,7000
08634P,大立光元大9C售26,0,0,0,0,0,0,0,0,0,7000,0,0,0,7000,0,7000,7000
08540P,嘉晶國票01售01  ,0,0,0,0,0,0,0,0,0,7000,0,0,0,7000,0,7000,7000
2059,川湖            ,19000,18000,1000,0,0,0,0,0,0,6000,5000,1000,4000,2000,0,2000,7000
067818,玉晶光凱基02購02,0,0,0,0,0,0,0,0,0,6000,0,0,0,10000,4000,6000,6000
068070,友達凱基05購01  ,0,0,0,0,0,0,0,0,0,6000,0,0,0,126000,120000,6000,6000
068030,台積電元富07購10,0,0,0,0,0,0,0,0,0,6000,0,0,0,6000,0,6000,6000
068213,台塑化凱基01購01,0,0,0,0,0,0,0,0,0,6000,0,0,0,10000,4000,6000,6000
067226,台灣50群益01購09,0,0,0,0,0,0,0,0,0,6000,0,0,0,6000,0,6000,6000
058813,旺宏統一9B購04  ,0,0,0,0,0,0,0,0,0,6000,0,0,0,6000,0,6000,6000
063186,聯發科凱基9C購04,0,0,0,0,0,0,0,0,0,6000,0,0,0,16000,10000,6000,6000
06285P,台積電國票98售04,0,0,0,0,0,0,0,0,0,6000,0,0,0,6000,0,6000,6000
058036,南電永豐98購01  ,0,0,0,0,0,0,0,0,0,6000,0,0,0,6000,0,6000,6000
060280,元金2X元大9A購01,0,0,0,0,0,0,0,0,0,6000,0,0,0,10000,4000,6000,6000
057924,健策凱基98購02  ,0,0,0,0,0,0,0,0,0,6000,0,0,0,6000,0,6000,6000
055662,上銀中信99購01  ,0,0,0,0,0,0,0,0,0,6000,0,0,0,6000,0,6000,6000
057456,道瓊銀富邦9C購01,0,0,0,0,0,0,0,0,0,6000,0,0,0,6000,0,6000,6000
00865B,國泰US短期公債  ,0,0,0,0,0,0,0,0,0,6000,0,0,0,106000,100000,6000,6000
00685L,群益臺灣加權正2 ,0,0,0,0,0,0,0,0,0,6000,0,0,0,16000,10000,6000,6000
055523,道瓊銀群益9A購01,0,0,0,0,0,0,0,0,0,6000,0,0,0,6000,0,6000,6000
055294,智易元大98購01  ,0,0,0,0,0,0,0,0,0,6000,0,0,0,6000,0,6000,6000
055363,緯穎凱基98購03  ,0,0,0,0,0,0,0,0,0,6000,0,0,0,6000,0,6000,6000
054353,世紀鋼國泰98購01,0,0,0,0,0,0,0,0,0,6000,0,0,0,14000,8000,6000,6000
063346,TPK統一9C購01   ,0,0,0,0,0,0,0,0,0,6000,0,0,0,7000,1000,6000,6000
063328,京元電國票9C購02,0,0,0,0,0,0,0,0,0,6000,0,0,0,6000,0,6000,6000
062172,南六永豐9B購01  ,0,0,0,0,0,0,0,0,0,6000,0,0,0,36000,30000,6000,6000
062320,南電凱基9B購03  ,0,0,0,0,0,0,0,0,0,6000,0,0,0,10000,4000,6000,6000
062454,華通群益9C購03  ,0,0,0,0,0,0,0,0,0,6000,0,0,0,37000,31000,6000,6000
062044,健策凱基9B購02  ,0,0,0,0,0,0,0,0,0,6000,0,0,0,8000,2000,6000,6000
062669,微星中信03購01  ,0,0,0,0,0,0,0,0,0,6000,0,0,0,20000,14000,6000,6000
060801,滬深2X中信01購01,0,0,0,0,0,0,0,0,0,6000,0,0,0,6000,0,6000,6000
064071,台郡永豐9C購01  ,0,0,0,0,0,0,0,0,0,6000,0,0,0,6000,0,6000,6000
061305,帆宣永豐9A購01  ,0,0,0,0,0,0,0,0,0,6000,0,0,0,6000,0,6000,6000
061375,華通永豐9A購02  ,0,0,0,0,0,0,0,0,0,6000,0,0,0,158000,152000,6000,6000
066103,神基國票02購01  ,0,0,0,0,0,0,0,0,0,6000,0,0,0,15000,9000,6000,6000
066235,大毅富邦04購01  ,0,0,0,0,0,0,0,0,0,6000,0,0,0,47000,41000,6000,6000
066723,聯電元大02購01  ,0,0,0,0,0,0,0,0,0,6000,0,0,0,13000,7000,6000,6000
066934,宏達電國票02購01,0,0,0,0,0,0,0,0,0,6000,0,0,0,16000,10000,6000,6000
066467,晶碩統一03購01  ,0,0,0,0,0,0,0,0,0,6000,0,0,0,9000,3000,6000,6000
06652P,長榮航元大98售01,0,0,0,0,0,0,0,0,0,6000,0,0,0,6000,0,6000,6000
065122,電子類富邦9C購01,0,0,0,0,0,0,0,0,0,6000,0,0,0,6000,0,6000,6000
065303,國泰金元富9C購01,0,0,0,0,0,0,0,0,0,6000,0,0,0,113000,107000,6000,6000
065495,上銀富邦01購02  ,0,0,0,0,0,0,0,0,0,6000,0,0,0,465000,459000,6000,6000
065415,台積電兆豐9C購05,0,0,0,0,0,0,0,0,0,6000,0,0,0,6000,0,6000,6000
065596,鴻海元大9C購16  ,0,0,0,0,0,0,0,0,0,6000,0,0,0,20000,14000,6000,6000
064286,TPK元大9C購02   ,0,0,0,0,0,0,0,0,0,6000,0,0,0,20000,14000,6000,6000
064431,台積電凱基01購05,0,0,0,0,0,0,0,0,0,6000,0,0,0,6000,0,6000,6000
064629,和潤元大9C購01  ,0,0,0,0,0,0,0,0,0,6000,0,0,0,75000,69000,6000,6000
064612,聯電元大01購01  ,0,0,0,0,0,0,0,0,0,6000,0,0,0,6000,0,6000,6000
064916,玉山金統一02購01,0,0,0,0,0,0,0,0,0,6000,0,0,0,10000,4000,6000,6000
2030,彰源            ,11000,5000,6000,0,0,0,0,0,0,0,0,0,0,0,0,0,6000
1732,毛寶            ,39000,33000,6000,0,0,0,0,0,0,0,1000,1000,0,0,0,0,6000
1503,士電            ,27000,21000,6000,0,0,0,0,0,0,0,0,0,0,0,0,0,6000
08537P,台光電國票01售03,0,0,0,0,0,0,0,0,0,6000,0,0,0,6000,0,6000,6000
08516P,技嘉群益01售02  ,0,0,0,0,0,0,0,0,0,6000,0,0,0,10000,4000,6000,6000
08674P,嘉晶元富07售02  ,0,0,0,0,0,0,0,0,0,6000,0,0,0,6000,0,6000,6000
08820P,台積電凱基01售10,0,0,0,0,0,0,0,0,0,6000,0,0,0,8000,2000,6000,6000
6224,聚鼎            ,41000,37000,4000,0,0,0,0,0,0,2000,2000,0,2000,0,0,0,6000
6172,互億            ,7000,1000,6000,0,0,0,0,0,0,0,0,0,0,0,0,0,6000
2841,台開            ,601000,595000,6000,0,0,0,0,0,0,0,0,0,0,0,0,0,6000
9943,好樂迪          ,27000,21000,6000,0,0,0,0,0,0,0,0,0,0,0,0,0,6000
8462,柏文            ,9000,3000,6000,0,0,0,0,0,0,0,0,0,0,0,0,0,6000
6666,羅麗芬-KY       ,9000,3000,6000,0,0,0,0,0,0,0,0,0,0,0,0,0,6000
4994,傳奇            ,54000,47800,6200,0,0,0,0,0,0,-1000,0,1000,-1000,0,0,0,5200
067171,聯發科麥證01購08,0,0,0,5000,0,5000,0,0,0,5000,0,0,0,5000,0,5000,5000
067018,FB上証中信02購01,0,0,0,0,0,0,0,0,0,5000,0,0,0,5000,0,5000,5000
067407,南六永豐01購03  ,0,0,0,0,0,0,0,0,0,5000,0,0,0,27000,22000,5000,5000
068148,台積電元大02購07,0,0,0,0,0,0,0,0,0,5000,0,0,0,25000,20000,5000,5000
068043,GIS元富07購02   ,0,0,0,0,0,0,0,0,0,5000,0,0,0,10000,5000,5000,5000
067924,台積電兆豐03購03,0,0,0,0,0,0,0,0,0,5000,0,0,0,5000,0,5000,5000
067770,台積電統一03購03,0,0,0,0,0,0,0,0,0,5000,0,0,0,5000,0,5000,5000
067731,SP黃豆元大01購01,0,0,0,0,0,0,0,0,0,5000,0,0,0,5000,0,5000,5000
067647,鴻海元富07購09  ,0,0,0,0,0,0,0,0,0,5000,0,0,0,5000,0,5000,5000
08057P,京鼎群益9B售01  ,0,0,0,0,0,0,0,0,0,5000,0,0,0,5000,0,5000,5000
07505P,台勝科元大9A售01,0,0,0,0,0,0,0,0,0,5000,0,0,0,5000,0,5000,5000
07317P,T50正2凱基9B售02,0,0,0,0,0,0,0,0,0,5000,0,0,0,5000,0,5000,5000
07260P,台灣50元大9A售01,0,0,0,0,0,0,0,0,0,5000,0,0,0,5000,0,5000,5000
07026P,超眾凱基99售03  ,0,0,0,0,0,0,0,0,0,5000,0,0,0,5000,0,5000,5000
07977P,華新科群益01售01,0,0,0,0,0,0,0,0,0,5000,0,0,0,5000,0,5000,5000
07856P,力成凱基9A售02  ,0,0,0,0,0,0,0,0,0,5000,0,0,0,115000,110000,5000,5000
06879P,長榮航凱基98售02,0,0,0,0,0,0,0,0,0,5000,0,0,0,5000,0,5000,5000
068567,聯發科元大01購32,0,0,0,0,0,0,0,0,0,5000,0,0,0,51000,46000,5000,5000
068702,台達電國票03購01,0,0,0,0,0,0,0,0,0,5000,0,0,0,5000,0,5000,5000
068655,台積電元大02購08,0,0,0,0,0,0,0,0,0,5000,0,0,0,177000,172000,5000,5000
068370,臺股指富邦01購04,0,0,0,0,0,0,0,0,0,5000,0,0,0,5000,0,5000,5000
054742,京鼎凱基99購01  ,0,0,0,0,0,0,0,0,0,5000,0,0,0,10000,5000,5000,5000
055415,禾伸堂富邦9B購01,0,0,0,0,0,0,0,0,0,5000,0,0,0,5000,0,5000,5000
054152,漢唐國泰98購02  ,0,0,0,0,0,0,0,0,0,5000,0,0,0,5000,0,5000,5000
054080,微星中信98購01  ,0,0,0,0,0,0,0,0,0,5000,0,0,0,5000,0,5000,5000
053708,道瓊反凱基98購01,0,0,0,0,0,0,0,0,0,5000,0,0,0,5000,0,5000,5000
051432,群創元富99購03  ,0,0,0,0,0,0,0,0,0,5000,0,0,0,5000,0,5000,5000
053559,台積電國泰98購01,0,0,0,0,0,0,0,0,0,5000,0,0,0,5000,0,5000,5000
059785,美律元大9A購03  ,0,0,0,0,0,0,0,0,0,5000,0,0,0,5000,0,5000,5000
059862,全新群益99購04  ,0,0,0,0,0,0,0,0,0,5000,0,0,0,5000,0,5000,5000
059922,大立光元大99購25,0,0,0,0,0,0,0,0,0,5000,0,0,0,5000,0,5000,5000
059945,嘉澤永豐99購03  ,0,0,0,0,0,0,0,0,0,5000,0,0,0,5000,0,5000,5000
057793,群創統一99購02  ,0,0,0,0,0,0,0,0,0,5000,0,0,0,9000,4000,5000,5000
057739,新日興富邦9B購01,0,0,0,0,0,0,0,0,0,5000,0,0,0,20000,15000,5000,5000
057266,TPK兆豐98購02   ,0,0,0,0,0,0,0,0,0,5000,0,0,0,5000,0,5000,5000
057231,美律凱基98購05  ,0,0,0,0,0,0,0,0,0,5000,0,0,0,5000,0,5000,5000
057082,玉晶光統一9A購04,0,0,0,0,0,0,0,0,0,5000,0,0,0,25000,20000,5000,5000
057135,立積凱基98購01  ,0,0,0,0,0,0,0,0,0,5000,0,0,0,5000,0,5000,5000
0051,元大中型100     ,1000,1000,0,0,0,0,0,0,0,5000,0,0,0,11000,6000,5000,5000
00645,富邦日本        ,0,0,0,0,0,0,0,0,0,5000,0,0,0,110000,105000,5000,5000
020016,統一MSCI美科技N ,0,0,0,0,0,0,0,0,0,5000,0,0,0,5000,0,5000,5000
03178P,台積電群益01售23,0,0,0,0,0,0,0,0,0,5000,0,0,0,5000,0,5000,5000
00735,國泰臺韓科技    ,0,2000,-2000,0,0,0,0,0,0,7000,0,0,0,142000,135000,7000,5000
03059P,台積電凱基01售19,0,0,0,0,0,0,0,0,0,5000,0,0,0,5000,0,5000,5000
03055P,台積電康和01售02,0,0,0,0,0,0,0,0,0,5000,0,0,0,5000,0,5000,5000
03203P,台積電凱基01售26,0,0,0,0,0,0,0,0,0,5000,0,0,0,5000,0,5000,5000
056363,華新科元大99購04,0,0,0,0,0,0,0,0,0,5000,0,0,0,5000,0,5000,5000
056366,玉晶光元大99購04,0,0,0,0,0,0,0,0,0,5000,0,0,0,44000,39000,5000,5000
056451,可成凱基99購01  ,0,0,0,0,0,0,0,0,0,5000,0,0,0,5000,0,5000,5000
055996,矽力國泰99購01  ,0,0,0,0,0,0,0,0,0,5000,0,0,0,5000,0,5000,5000
057385,光罩永豐99購01  ,0,0,0,0,0,0,0,0,0,5000,0,0,0,55000,50000,5000,5000
047004,台積電統一99購01,0,0,0,0,0,0,0,0,0,5000,0,0,0,5000,0,5000,5000
058546,玉晶光富邦9B購01,0,0,0,0,0,0,0,0,0,5000,0,0,0,40000,35000,5000,5000
058170,國巨凱基9A購06  ,0,0,0,0,0,0,0,0,0,5000,0,0,0,5000,0,5000,5000
058243,華擎元大99購01  ,0,0,0,0,0,0,0,0,0,5000,0,0,0,5000,0,5000,5000
060301,國巨富邦9C購02  ,0,0,0,0,0,0,0,0,0,5000,0,0,0,5000,0,5000,5000
060172,智原台新9A購01  ,0,0,0,0,0,0,0,0,0,5000,0,0,0,5000,0,5000,5000
059990,健策元大9A購01  ,0,0,0,0,0,0,0,0,0,5000,0,0,0,19000,14000,5000,5000
060035,臺股指永豐99購04,0,0,0,0,0,0,0,0,0,5000,0,0,0,5000,0,5000,5000
062719,微星凱基9B購01  ,0,0,0,0,0,0,0,0,0,5000,0,0,0,16000,11000,5000,5000
062720,南亞科凱基9B購03,0,0,0,0,0,0,0,0,0,5000,0,0,0,95000,90000,5000,5000
062748,祥碩永豐9B購02  ,0,0,0,0,0,0,0,0,0,5000,0,0,0,5000,0,5000,5000
063140,聯發科統一9B購08,0,0,0,0,0,0,0,0,0,5000,0,0,0,5000,0,5000,5000
063121,友達元大9C購09  ,0,0,0,0,0,0,0,0,0,5000,0,0,0,5000,0,5000,5000
063424,新日興凱基01購01,0,0,0,0,0,0,0,0,0,5000,0,0,0,10000,5000,5000,5000
063102,旺宏群益9B購03  ,0,0,0,0,0,0,0,0,0,5000,0,0,0,5000,0,5000,5000
063103,技嘉群益9B購01  ,0,0,0,0,0,0,0,0,0,5000,0,0,0,10000,5000,5000,5000
059323,新日興元大99購02,0,0,0,0,0,0,0,0,0,5000,0,0,0,5000,0,5000,5000
059275,可成元大99購05  ,0,0,0,0,0,0,0,0,0,5000,0,0,0,5000,0,5000,5000
059281,創意永豐99購02  ,0,0,0,0,0,0,0,0,0,5000,0,0,0,5000,0,5000,5000
058794,旺宏元大99購09  ,0,0,0,0,0,0,0,0,0,5000,0,0,0,5000,0,5000,5000
058856,新光金兆豐99購01,0,0,0,0,0,0,0,0,0,5000,0,0,0,35000,30000,5000,5000
058847,國巨群益99購05  ,0,0,0,0,0,0,0,0,0,5000,0,0,0,5000,0,5000,5000
059268,鎧勝中信01購01  ,0,0,0,0,0,0,0,0,0,5000,0,0,0,5000,0,5000,5000
059162,國巨凱基99購12  ,0,0,0,0,0,0,0,0,0,5000,0,0,0,23000,18000,5000,5000
058991,台灣50元大03購01,0,0,0,0,0,0,0,0,0,5000,0,0,0,5000,0,5000,5000
059037,宏達電群益99購02,0,0,0,0,0,0,0,0,0,5000,0,0,0,5000,0,5000,5000
063955,TPK元大9C購01   ,0,0,0,0,0,0,0,0,0,5000,0,0,0,5000,0,5000,5000
061247,玉晶光群益9A購09,0,0,0,0,0,0,0,0,0,5000,0,0,0,8000,3000,5000,5000
061283,智邦統一9A購01  ,0,0,0,0,0,0,0,0,0,5000,0,0,0,5000,0,5000,5000
061041,南電永豐9A購03  ,0,0,0,0,0,0,0,0,0,5000,0,0,0,103000,98000,5000,5000
061075,亞德客兆豐9A購01,0,0,0,0,0,0,0,0,0,5000,0,0,0,5000,0,5000,5000
063960,南電元大9C購03  ,0,0,0,0,0,0,0,0,0,5000,0,0,0,5000,0,5000,5000
060707,台郡富邦9A購01  ,0,0,0,0,0,0,0,0,0,5000,0,0,0,5000,0,5000,5000
060450,南亞元大9A購02  ,0,0,0,0,0,0,0,0,0,5000,0,0,0,5000,0,5000,5000
060531,大立光中信9A購04,0,0,0,0,0,0,0,0,0,5000,0,0,0,5000,0,5000,5000
060547,瑞昱凱基9A購01  ,0,0,0,0,0,0,0,0,0,5000,0,0,0,5000,0,5000,5000
062623,元金2X國票01購01,0,0,0,0,0,0,0,0,0,5000,0,0,0,5000,0,5000,5000
062040,玉晶光凱基01購01,0,0,0,0,0,0,0,0,0,5000,0,0,0,82000,77000,5000,5000
062619,台表科元大9B購03,0,0,0,0,0,0,0,0,0,5000,0,0,0,7000,2000,5000,5000
062299,台積電第一9B購01,0,0,0,0,0,0,0,0,0,5000,0,0,0,5000,0,5000,5000
062272,鴻海群益9B購05  ,0,0,0,0,0,0,0,0,0,5000,0,0,0,35000,30000,5000,5000
062225,華擎統一01購01  ,0,0,0,0,0,0,0,0,0,5000,0,0,0,5000,0,5000,5000
061001,智邦兆豐9B購01  ,0,0,0,0,0,0,0,0,0,5000,0,0,0,5000,0,5000,5000
061503,臻鼎國票9B購01  ,0,0,0,0,0,0,0,0,0,5000,0,0,0,49000,44000,5000,5000
06154P,超眾元大98售01  ,0,0,0,0,0,0,0,0,0,5000,0,0,0,5000,0,5000,5000
061601,台積電凱基9A購26,0,0,0,0,0,0,0,0,0,5000,0,0,0,5000,0,5000,5000
061920,台積電凱基9C購02,0,0,0,0,0,0,0,0,0,5000,0,0,0,5000,0,5000,5000
063409,GIS國票9C購02   ,0,0,0,0,0,0,0,0,0,5000,0,0,0,5000,0,5000,5000
063290,GIS元大9B購02   ,0,0,0,0,0,0,0,0,0,5000,0,0,0,5000,0,5000,5000
063263,高鐵永豐9B購01  ,0,0,0,0,0,0,0,0,0,5000,0,0,0,5000,0,5000,5000
062538,台積電國泰9C購02,0,0,0,0,0,0,0,0,0,5000,0,0,0,5000,0,5000,5000
063571,TPK元大9B購03   ,0,0,0,0,0,0,0,0,0,5000,0,0,0,5000,0,5000,5000
063493,金像電富邦01購01,0,0,0,0,0,0,0,0,0,5000,0,0,0,6000,1000,5000,5000
063519,聚陽凱基9B購02  ,0,0,0,0,0,0,0,0,0,5000,0,0,0,5000,0,5000,5000
063623,祥碩兆豐9B購02  ,0,0,0,0,0,0,0,0,0,5000,0,0,0,5000,0,5000,5000
063740,矽格元大9B購03  ,0,0,0,0,0,0,0,0,0,5000,0,0,0,187000,182000,5000,5000
063785,華通中信06購02  ,0,0,0,0,0,0,0,0,0,5000,0,0,0,25000,20000,5000,5000
064861,緯創富邦9C購01  ,0,0,0,0,0,0,0,0,0,5000,0,0,0,10000,5000,5000,5000
064757,義隆凱基01購02  ,0,0,0,0,0,0,0,0,0,5000,0,0,0,57000,52000,5000,5000
064378,群創元富9C購01  ,0,0,0,0,0,0,0,0,0,5000,0,0,0,136000,131000,5000,5000
064319,南電群益9C購01  ,0,0,0,0,0,0,0,0,0,5000,0,0,0,5000,0,5000,5000
064307,聚陽群益9C購03  ,0,0,0,0,0,0,0,0,0,5000,0,0,0,6000,1000,5000,5000
064528,國巨中信02購01  ,0,0,0,0,0,0,0,0,0,5000,0,0,0,7000,2000,5000,5000
064466,聯電元富9C購01  ,0,0,0,0,0,0,0,0,0,5000,0,0,0,5000,0,5000,5000
064444,聚陽統一01購02  ,0,0,0,0,0,0,0,0,0,5000,0,0,0,445000,440000,5000,5000
065680,聯發科統一9C購16,0,0,0,0,0,0,0,0,0,5000,0,0,0,5000,0,5000,5000
065409,鴻海永豐9C購01  ,0,0,0,0,0,0,0,0,0,5000,0,0,0,5000,0,5000,5000
065453,康友統一02購02  ,0,0,0,0,0,0,0,0,0,5000,0,0,0,5000,0,5000,5000
065322,聯發科凱基01購05,0,0,0,0,0,0,0,0,0,5000,0,0,0,5000,0,5000,5000
065230,義隆凱基02購01  ,0,0,0,0,0,0,0,0,0,5000,0,0,0,9000,4000,5000,5000
06653P,美食元大98售02  ,0,0,0,0,0,0,0,0,0,5000,0,0,0,5000,0,5000,5000
066649,華新科麥證01購02,0,0,0,0,0,0,0,0,0,5000,0,0,0,5000,0,5000,5000
066450,松翰群益01購01  ,0,0,0,0,0,0,0,0,0,5000,0,0,0,15000,10000,5000,5000
066392,聯強凱基01購01  ,0,0,0,0,0,0,0,0,0,5000,0,0,0,60000,55000,5000,5000
066720,滬深2X元大01購07,0,0,0,0,0,0,0,0,0,5000,0,0,0,5000,0,5000,5000
066710,彩晶群益03購01  ,0,0,0,0,0,0,0,0,0,5000,0,0,0,5000,0,5000,5000
066808,牧德凱基01購01  ,0,0,0,0,0,0,0,0,0,5000,0,0,0,5000,0,5000,5000
066290,台塑化元大01購01,0,0,0,0,0,0,0,0,0,5000,0,0,0,20000,15000,5000,5000
066067,台積電凱基02購05,0,0,0,0,0,0,0,0,0,5000,0,0,0,5000,0,5000,5000
065750,智邦元大9C購09  ,0,0,0,0,0,0,0,0,0,5000,0,0,0,237000,232000,5000,5000
5234,達興材料        ,17000,11000,6000,0,0,0,0,0,0,-1000,0,1000,-1000,0,0,0,5000
4560,強信-KY         ,136000,131000,5000,0,0,0,0,0,0,0,0,0,0,0,0,0,5000
4916,事欣科          ,17000,12000,5000,0,0,0,0,0,0,0,0,0,0,0,0,0,5000
6409,旭隼            ,14000,10000,4000,0,0,0,1000,0,1000,0,0,0,0,0,0,0,5000
2497,怡利電          ,12000,7000,5000,0,0,0,0,0,0,0,0,0,0,0,0,0,5000
2538,基泰            ,44000,39000,5000,0,0,0,0,0,0,0,0,0,0,0,0,0,5000
2440,太空梭          ,7000,2000,5000,0,0,0,0,0,0,0,0,0,0,0,0,0,5000
2438,翔耀            ,7000,2000,5000,0,0,0,0,0,0,0,0,0,0,0,0,0,5000
08898P,台積電群益01售15,0,0,0,0,0,0,0,0,0,5000,0,0,0,5000,0,5000,5000
08899P,台積電群益01售16,0,0,0,0,0,0,0,0,0,5000,0,0,0,5000,0,5000,5000
08981P,台積電凱基01售16,0,0,0,0,0,0,0,0,0,5000,0,0,0,10000,5000,5000,5000
8367,建新國際        ,6000,1000,5000,0,0,0,0,0,0,0,0,0,0,0,0,0,5000
068535,台積電中信05購06,0,0,0,0,0,0,0,0,0,4000,0,0,0,34000,30000,4000,4000
068682,神達富邦03購01  ,0,0,0,0,0,0,0,0,0,4000,0,0,0,14000,10000,4000,4000
068775,上証2X元富08購01,0,0,0,0,0,0,0,0,0,4000,0,0,0,88000,84000,4000,4000
07892P,臺股指國票9B售02,0,0,0,0,0,0,0,0,0,4000,0,0,0,4000,0,4000,4000
08229P,祥碩國票9B售04  ,0,0,0,0,0,0,0,0,0,4000,0,0,0,5000,1000,4000,4000
08407P,臺股指元大9C售13,0,0,0,0,0,0,0,0,0,4000,0,0,0,5000,1000,4000,4000
067735,聯電元大03購01  ,0,0,0,0,0,0,0,0,0,4000,0,0,0,4000,0,4000,4000
067764,寶成永豐01購01  ,0,0,0,0,0,0,0,0,0,4000,0,0,0,23000,19000,4000,4000
06776P,鴻海元大99售05  ,0,0,0,0,0,0,0,0,0,4000,0,0,0,4000,0,4000,4000
068125,潤泰新元富07購01,0,0,0,0,0,0,0,0,0,4000,0,0,0,4000,0,4000,4000
067360,日月光群益01購01,0,0,0,0,0,0,0,0,0,4000,0,0,0,10000,6000,4000,4000
067461,晶碩永豐01購02  ,0,0,0,0,0,0,0,0,0,4000,0,0,0,4000,0,4000,4000
058747,友達凱基9A購03  ,0,0,0,0,0,0,0,0,0,4000,0,0,0,50000,46000,4000,4000
058648,聯陽永豐99購01  ,0,0,0,0,0,0,0,0,0,4000,0,0,0,17000,13000,4000,4000
059363,超眾永豐99購02  ,0,0,0,0,0,0,0,0,0,4000,0,0,0,4000,0,4000,4000
063087,南六凱基9C購02  ,0,0,0,0,0,0,0,0,0,4000,0,0,0,4000,0,4000,4000
062728,健策凱基9B購04  ,0,0,0,0,0,0,0,0,0,4000,0,0,0,4000,0,4000,4000
059450,和大永豐99購01  ,0,0,0,0,0,0,0,0,0,4000,0,0,0,4000,0,4000,4000
060305,得力永豐9A購01  ,0,0,0,0,0,0,0,0,0,4000,0,0,0,4000,0,4000,4000
060287,燿華元大9A購01  ,0,0,0,0,0,0,0,0,0,4000,0,0,0,4000,0,4000,4000
057982,帆宣永豐98購01  ,0,0,0,0,0,0,0,0,0,4000,0,0,0,4000,0,4000,4000
058549,藍天永豐99購01  ,0,0,0,0,0,0,0,0,0,4000,0,0,0,4000,0,4000,4000
057930,旺宏群益99購04  ,0,0,0,0,0,0,0,0,0,4000,0,0,0,4000,0,4000,4000
057893,亞德客元富98購03,0,0,0,0,0,0,0,0,0,4000,0,0,0,4000,0,4000,4000
057858,T50正2康和98購01,0,0,0,0,0,0,0,0,0,4000,0,0,0,4000,0,4000,4000
03262P,建準國票04售01  ,0,0,0,0,0,0,0,0,0,4000,0,0,0,4000,0,4000,4000
045443,群創元富98購01  ,0,0,0,0,0,0,0,0,0,4000,0,0,0,4000,0,4000,4000
03020P,大立光群益01售11,0,0,0,0,0,0,0,0,0,4000,0,0,0,4000,0,4000,4000
03300P,台積電元富08售07,0,0,0,0,0,0,0,0,0,4000,0,0,0,4000,0,4000,4000
056059,美律元大98購02  ,0,0,0,0,0,0,0,0,0,4000,0,0,0,4000,0,4000,4000
057454,上銀國泰99購02  ,0,0,0,0,0,0,0,0,0,4000,0,0,0,4000,0,4000,4000
057093,臻鼎元富98購02  ,0,0,0,0,0,0,0,0,0,4000,0,0,0,4000,0,4000,4000
057010,景碩中信98購01  ,0,0,0,0,0,0,0,0,0,4000,0,0,0,4000,0,4000,4000
056963,建準永豐98購01  ,0,0,0,0,0,0,0,0,0,4000,0,0,0,4000,0,4000,4000
057268,臻鼎兆豐99購01  ,0,0,0,0,0,0,0,0,0,4000,0,0,0,4000,0,4000,4000
059882,臺股指凱基9C購06,0,0,0,0,0,0,0,0,0,4000,0,0,0,10000,6000,4000,4000
059886,可成國票99購04  ,0,0,0,0,0,0,0,0,0,4000,0,0,0,4000,0,4000,4000
053082,聯電元大98購03  ,0,0,0,0,0,0,0,0,0,4000,0,0,0,4000,0,4000,4000
055384,緯穎元大98購02  ,0,0,0,0,0,0,0,0,0,4000,0,0,0,4000,0,4000,4000
054740,強茂凱基99購01  ,0,0,0,0,0,0,0,0,0,4000,0,0,0,4000,0,4000,4000
055151,台積電元大98購05,0,0,0,0,0,0,0,0,0,4000,0,0,0,4000,0,4000,4000
063708,上銀凱基9B購06  ,0,0,0,0,0,0,0,0,0,4000,0,0,0,114000,110000,4000,4000
063606,TPK凱基9C購01   ,0,0,0,0,0,0,0,0,0,4000,0,0,0,4000,0,4000,4000
062541,臻鼎國泰01購01  ,0,0,0,0,0,0,0,0,0,4000,0,0,0,10000,6000,4000,4000
062513,玉晶光國票9C購01,0,0,0,0,0,0,0,0,0,4000,0,0,0,18000,14000,4000,4000
062975,京鼎元富9B購01  ,0,0,0,0,0,0,0,0,0,4000,0,0,0,4000,0,4000,4000
063256,鴻海國泰01購02  ,0,0,0,0,0,0,0,0,0,4000,0,0,0,11000,7000,4000,4000
061907,裕隆中信9B購01  ,0,0,0,0,0,0,0,0,0,4000,0,0,0,4000,0,4000,4000
061413,台勝科群益9A購01,0,0,0,0,0,0,0,0,0,4000,0,0,0,8000,4000,4000,4000
061616,鴻海群益9A購07  ,0,0,0,0,0,0,0,0,0,4000,0,0,0,4000,0,4000,4000
061640,智原元大9A購01  ,0,0,0,0,0,0,0,0,0,4000,0,0,0,34000,30000,4000,4000
061655,微星國票9A購01  ,0,0,0,0,0,0,0,0,0,4000,0,0,0,9000,5000,4000,4000
061705,健策國票9A購06  ,0,0,0,0,0,0,0,0,0,4000,0,0,0,15000,11000,4000,4000
061698,智邦國票9A購04  ,0,0,0,0,0,0,0,0,0,4000,0,0,0,4000,0,4000,4000
061015,旺宏麥證9A購03  ,0,0,0,4000,0,4000,0,0,0,4000,0,0,0,4000,0,4000,4000
062312,大立光凱基9B購03,0,0,0,0,0,0,0,0,0,4000,0,0,0,4000,0,4000,4000
062407,同欣電永豐9B購01,0,0,0,0,0,0,0,0,0,4000,0,0,0,4000,0,4000,4000
062632,嘉晶國票9B購01  ,0,0,0,0,0,0,0,0,0,4000,0,0,0,16000,12000,4000,4000
062676,南六台新9B購01  ,0,0,0,0,0,0,0,0,0,4000,0,0,0,186000,182000,4000,4000
060835,亞德客國票9A購01,0,0,0,0,0,0,0,0,0,4000,0,0,0,11000,7000,4000,4000
064182,臻鼎富邦01購01  ,0,0,0,0,0,0,0,0,0,4000,0,0,0,4000,0,4000,4000
061370,晶技國泰9C購01  ,0,0,0,0,0,0,0,0,0,4000,0,0,0,4000,0,4000,4000
066117,茂林兆豐02購01  ,0,0,0,0,0,0,0,0,0,4000,0,0,0,409000,405000,4000,4000
066903,中興電凱基01購01,0,0,0,0,0,0,0,0,0,4000,0,0,0,74000,70000,4000,4000
066904,台積電凱基02購10,0,0,0,0,0,0,0,0,0,4000,0,0,0,4000,0,4000,4000
065311,TPK國票01購03   ,0,0,0,0,0,0,0,0,0,4000,0,0,0,4000,0,4000,4000
065067,億豐群益01購01  ,0,0,0,0,0,0,0,0,0,4000,0,0,0,50000,46000,4000,4000
065416,華通國票01購02  ,0,0,0,0,0,0,0,0,0,4000,0,0,0,88000,84000,4000,4000
064332,聯發科元大01購01,0,0,0,0,0,0,0,0,0,4000,0,0,0,4000,0,4000,4000
064357,中橡統一9C購01  ,0,0,0,0,0,0,0,0,0,4000,0,0,0,4000,0,4000,4000
064744,創意國票01購02  ,0,0,0,0,0,0,0,0,0,4000,0,0,0,4000,0,4000,4000
064616,智邦元大9C購04  ,0,0,0,0,0,0,0,0,0,4000,0,0,0,68000,64000,4000,4000
064659,台達電元大9C購02,0,0,0,0,0,0,0,0,0,4000,0,0,0,72000,68000,4000,4000
6605,帝寶            ,8000,4000,4000,0,0,0,0,0,0,0,0,0,0,0,0,0,4000
9946,三發地產        ,10000,6000,4000,0,0,0,0,0,0,0,0,0,0,0,0,0,4000
08984P,玉晶光凱基02售03,0,0,0,0,0,0,0,0,0,4000,0,0,0,35000,31000,4000,4000
1612,宏泰            ,24000,20000,4000,0,0,0,0,0,0,0,0,0,0,0,0,0,4000
08613P,同欣電凱基9C售04,0,0,0,0,0,0,0,0,0,4000,0,0,0,20000,16000,4000,4000
2936,客思達-KY       ,4000,0,4000,0,0,0,0,0,0,0,0,0,0,0,0,0,4000
4942,嘉彰            ,13000,9000,4000,0,0,0,0,0,0,0,0,0,0,0,0,0,4000
3021,鴻名            ,8000,4000,4000,0,0,0,0,0,0,0,0,0,0,0,0,0,4000
067458,台積電永豐01購02,0,0,0,0,0,0,0,0,0,3000,0,0,0,3000,0,3000,3000
067546,世紀鋼群益01購05,0,0,0,0,0,0,0,0,0,3000,0,0,0,40000,37000,3000,3000
08333P,大立光富邦02售03,0,0,0,0,0,0,0,0,0,3000,0,0,0,3000,0,3000,3000
08261P,玉晶光元大9C售08,0,0,0,0,0,0,0,0,0,3000,0,0,0,3000,0,3000,3000
06939P,國巨永豐98售09  ,0,0,0,0,0,0,0,0,0,3000,0,0,0,3000,0,3000,3000
07280P,FBVIX凱基99售01 ,0,0,0,0,0,0,0,0,0,3000,0,0,0,3000,0,3000,3000
068696,聯詠凱基02購03  ,0,0,0,0,0,0,0,0,0,3000,0,0,0,22000,19000,3000,3000
068468,聯電群益03購03  ,0,0,0,0,0,0,0,0,0,3000,0,0,0,22000,19000,3000,3000
068382,亞德客統一03購01,0,0,0,0,0,0,0,0,0,3000,0,0,0,3000,0,3000,3000
068246,台積電元大01購38,0,0,0,0,0,0,0,0,0,3000,0,0,0,3000,0,3000,3000
055414,奇力新富邦9B購01,0,0,0,0,0,0,0,0,0,3000,0,0,0,3000,0,3000,3000
055300,緯穎元大98購01  ,0,0,0,0,0,0,0,0,0,3000,0,0,0,3000,0,3000,3000
056746,超眾凱基99購01  ,0,0,0,0,0,0,0,0,0,3000,0,0,0,3000,0,3000,3000
053770,元金2X元大98購01,0,0,0,0,0,0,0,0,0,3000,0,0,0,239000,236000,3000,3000
059716,鴻海元大99購35  ,0,0,0,0,0,0,0,0,0,3000,0,0,0,3000,0,3000,3000
059611,台積電永豐99購05,0,0,0,0,0,0,0,0,0,3000,0,0,0,3000,0,3000,3000
057693,臺股指凱基98購11,0,0,0,0,0,0,0,0,0,3000,0,0,0,3000,0,3000,3000
057147,新日興國票99購01,0,0,0,0,0,0,0,0,0,3000,0,0,0,3000,0,3000,3000
05750P,臺股指群益99售04,0,0,0,0,0,0,0,0,0,3000,0,0,0,3000,0,3000,3000
056469,國巨元大99購01  ,0,0,0,0,0,0,0,0,0,3000,0,0,0,3000,0,3000,3000
050797,聯發科中信99購01,0,0,0,0,0,0,0,0,0,3000,0,0,0,3000,0,3000,3000
057357,超眾統一98購01  ,0,0,0,0,0,0,0,0,0,3000,0,0,0,3000,0,3000,3000
057428,正崴兆豐98購01  ,0,0,0,0,0,0,0,0,0,3000,0,0,0,3000,0,3000,3000
046384,群創凱基98購02  ,0,0,0,0,0,0,0,0,0,3000,0,0,0,13000,10000,3000,3000
03104P,大立光元富04售01,0,0,0,0,0,0,0,0,0,3000,0,0,0,3000,0,3000,3000
058314,欣興富邦9B購01  ,0,0,0,0,0,0,0,0,0,3000,0,0,0,3000,0,3000,3000
058091,欣興元大99購03  ,0,0,0,0,0,0,0,0,0,3000,0,0,0,16000,13000,3000,3000
057981,臻鼎永豐98購01  ,0,0,0,0,0,0,0,0,0,3000,0,0,0,3000,0,3000,3000
060247,牧德元大9A購02  ,0,0,0,0,0,0,0,0,0,3000,0,0,0,3000,0,3000,3000
062889,可成群益9C購01  ,0,0,0,0,0,0,0,0,0,3000,0,0,0,8000,5000,3000,3000
059068,台虹國票9A購01  ,0,0,0,0,0,0,0,0,0,3000,0,0,0,32000,29000,3000,3000
058946,SGBR2X群益9B購01,0,0,0,0,0,0,0,0,0,3000,0,0,0,63000,60000,3000,3000
058977,SGBR2X凱基03購01,0,0,0,0,0,0,0,0,0,3000,0,0,0,61000,58000,3000,3000
064231,鴻海統一01購03  ,0,0,0,0,0,0,0,0,0,3000,0,0,0,13000,10000,3000,3000
063930,高鐵統一02購02  ,0,0,0,0,0,0,0,0,0,3000,0,0,0,67000,64000,3000,3000
064225,健策國票01購02  ,0,0,0,0,0,0,0,0,0,3000,0,0,0,31000,28000,3000,3000
063824,S&P反1國票9C購01,0,0,0,0,0,0,0,0,0,3000,0,0,0,3000,0,3000,3000
064026,建準元大9C購02  ,0,0,0,0,0,0,0,0,0,3000,0,0,0,37000,34000,3000,3000
064126,聯發科元大9C購05,0,0,0,0,0,0,0,0,0,3000,0,0,0,11000,8000,3000,3000
060363,美律元富9A購01  ,0,0,0,0,0,0,0,0,0,3000,0,0,0,3000,0,3000,3000
061024,南電國泰9B購01  ,0,0,0,0,0,0,0,0,0,3000,0,0,0,3000,0,3000,3000
061501,嘉澤國票9A購01  ,0,0,0,0,0,0,0,0,0,3000,0,0,0,19000,16000,3000,3000
061811,A50正2群益01購03,0,0,0,0,0,0,0,0,0,3000,0,0,0,3000,0,3000,3000
062992,聯發科群益9B購09,0,0,0,0,0,0,0,0,0,3000,0,0,0,3000,0,3000,3000
063336,大成鋼統一9C購02,0,0,0,0,0,0,0,0,0,3000,0,0,0,46000,43000,3000,3000
063647,超眾元大9B購02  ,0,0,0,0,0,0,0,0,0,3000,0,0,0,17000,14000,3000,3000
063661,聚陽統一9C購02  ,0,0,0,0,0,0,0,0,0,3000,0,0,0,3000,0,3000,3000
064749,巨大國票01購01  ,0,0,0,0,0,0,0,0,0,3000,0,0,0,44000,41000,3000,3000
064295,聚陽國票01購01  ,0,0,0,0,0,0,0,0,0,3000,0,0,0,13000,10000,3000,3000
064526,臺股指群益9C購11,0,0,0,0,0,0,0,0,0,3000,0,0,0,3000,0,3000,3000
064553,臺指反群益9C購01,0,0,0,0,0,0,0,0,0,3000,0,0,0,21000,18000,3000,3000
064566,大立光群益9C購04,0,0,0,0,0,0,0,0,0,3000,0,0,0,3000,0,3000,3000
065428,旺宏凱基03購01  ,0,0,0,0,0,0,0,0,0,3000,0,0,0,3000,0,3000,3000
065071,電子類群益9C購01,0,0,0,0,0,0,0,0,0,3000,0,0,0,3000,0,3000,3000
065063,玉晶光群益02購04,0,0,0,0,0,0,0,0,0,3000,0,0,0,9000,6000,3000,3000
065139,華通凱基03購01  ,0,0,0,0,0,0,0,0,0,3000,0,0,0,67000,64000,3000,3000
064979,華擎元大9C購04  ,0,0,0,0,0,0,0,0,0,3000,0,0,0,217000,214000,3000,3000
066699,台積電群益01購08,0,0,0,0,0,0,0,0,0,3000,0,0,0,3000,0,3000,3000
06646P,國巨元大98售16  ,0,0,0,0,0,0,0,0,0,3000,0,0,0,3000,0,3000,3000
066157,晶碩康和01購01  ,0,0,0,0,0,0,0,0,0,3000,0,0,0,10000,7000,3000,3000
065772,道瓊反國票01購02,0,0,0,0,0,0,0,0,0,3000,0,0,0,3000,0,3000,3000
065730,新日興凱基9C購01,0,0,0,0,0,0,0,0,0,3000,0,0,0,13000,10000,3000,3000
065846,華新科元大03購01,0,0,0,0,0,0,0,0,0,3000,0,0,0,3000,0,3000,3000
065972,聯發科元大01購07,0,0,0,0,0,0,0,0,0,3000,0,0,0,4000,1000,3000,3000
3702A,大聯大甲特      ,0,0,0,0,0,0,0,0,0,3000,3000,0,3000,0,0,0,3000
4572,駐龍            ,7000,4000,3000,0,0,0,0,0,0,0,0,0,0,0,0,0,3000
5522,遠雄            ,222000,207000,15000,0,0,0,0,0,0,-12000,0,12000,-12000,0,0,0,3000
2882B,國泰金乙特      ,0,0,0,0,0,0,0,0,0,3000,3000,0,3000,0,0,0,3000
2488,漢平            ,10000,7000,3000,0,0,0,0,0,0,0,0,0,0,0,0,0,3000
2546,根基            ,7000,4000,3000,0,0,0,0,0,0,0,0,0,0,0,0,0,3000
2069,運錩            ,4000,1000,3000,0,0,0,0,0,0,0,0,0,0,0,0,0,3000
08593P,聯發科凱基9C售13,0,0,0,0,0,0,0,0,0,3000,0,0,0,23000,20000,3000,3000
08836P,滬深2X國票02售04,0,0,0,0,0,0,0,0,0,3000,0,0,0,8000,5000,3000,3000
08720P,台光電元大01售03,0,0,0,0,0,0,0,0,0,3000,0,0,0,11000,8000,3000,3000
08710P,鴻海元富07售03  ,0,0,0,0,0,0,0,0,0,3000,0,0,0,5000,2000,3000,3000
9934,成霖            ,41000,38000,3000,0,0,0,0,0,0,0,0,0,0,0,0,0,3000
068753,聯發科國泰06購01,0,0,0,0,0,0,0,0,0,2000,0,0,0,22000,20000,2000,2000
06881P,國巨群益98售10  ,0,0,0,0,0,0,0,0,0,2000,0,0,0,2000,0,2000,2000
07275P,FBVIX群益99售02 ,0,0,0,0,0,0,0,0,0,2000,0,0,0,2000,0,2000,2000
07054P,華新科兆豐99售04,0,0,0,0,0,0,0,0,0,2000,0,0,0,2000,0,2000,2000
07057P,大立光康和9B售02,0,0,0,0,0,0,0,0,0,2000,0,0,0,2000,0,2000,2000
07100P,華航元大99售01  ,0,0,0,0,0,0,0,0,0,2000,0,0,0,2000,0,2000,2000
07871P,台積電群益9C售02,0,0,0,0,0,0,0,0,0,2000,0,0,0,2000,0,2000,2000
07797P,大立光國票9A售08,0,0,0,0,0,0,0,0,0,2000,0,0,0,2000,0,2000,2000
07706P,長榮航元大9A售03,0,0,0,0,0,0,0,0,0,2000,0,0,0,2000,0,2000,2000
08259P,華新科元大9C售04,0,0,0,0,0,0,0,0,0,2000,0,0,0,2000,0,2000,2000
067361,旭富群益01購02  ,0,0,0,0,0,0,0,0,0,2000,0,0,0,2000,0,2000,2000
067356,欣興群益01購01  ,0,0,0,0,0,0,0,0,0,2000,0,0,0,2000,0,2000,2000
067143,台灣50統一04購01,0,0,0,0,0,0,0,0,0,2000,0,0,0,2000,0,2000,2000
068145,台積電元大01購35,0,0,0,0,0,0,0,0,0,2000,0,0,0,37000,35000,2000,2000
067792,GIS群益02購02   ,0,0,0,0,0,0,0,0,0,2000,0,0,0,32000,30000,2000,2000
067705,遠東新元富01購01,0,0,0,0,0,0,0,0,0,2000,0,0,0,40000,38000,2000,2000
067605,新日興凱基02購02,0,0,0,0,0,0,0,0,0,2000,0,0,0,2000,0,2000,2000
067660,元金2X元大01購01,0,0,0,0,0,0,0,0,0,2000,0,0,0,2000,0,2000,2000
058983,旺宏凱基99購05  ,0,0,0,0,0,0,0,0,0,2000,0,0,0,2000,0,2000,2000
058944,元石油群益9C購02,0,0,0,0,0,0,0,0,0,2000,0,0,0,2000,0,2000,2000
059274,國巨元大99購22  ,0,0,0,0,0,0,0,0,0,2000,0,0,0,2000,0,2000,2000
059124,台積電第一03購01,0,0,0,0,0,0,0,0,0,2000,0,0,0,2000,0,2000,2000
059107,南茂國泰9A購01  ,0,0,0,0,0,0,0,0,0,2000,0,0,0,2000,0,2000,2000
058633,台灣50兆豐99購01,0,0,0,0,0,0,0,0,0,2000,0,0,0,2000,0,2000,2000
058694,鈺齊國票9A購02  ,0,0,0,0,0,0,0,0,0,2000,0,0,0,12000,10000,2000,2000
058722,台郡元富99購01  ,0,0,0,0,0,0,0,0,0,2000,0,0,0,2000,0,2000,2000
058861,國巨凱基9A購08  ,0,0,0,0,0,0,0,0,0,2000,0,0,0,4000,2000,2000,2000
058897,國巨元大99購17  ,0,0,0,0,0,0,0,0,0,2000,0,0,0,2000,0,2000,2000
062887,台積電群益9C購05,0,0,0,0,0,0,0,0,0,2000,0,0,0,2000,0,2000,2000
060217,國巨凱基9A購10  ,0,0,0,0,0,0,0,0,0,2000,0,0,0,2000,0,2000,2000
060011,臺股指群益9C購06,0,0,0,0,0,0,0,0,0,2000,0,0,0,2000,0,2000,2000
060008,華邦電群益9A購01,0,0,0,0,0,0,0,0,0,2000,0,0,0,2000,0,2000,2000
060063,可成兆豐9B購01  ,0,0,0,0,0,0,0,0,0,2000,0,0,0,2000,0,2000,2000
060098,華新科元大99購24,0,0,0,0,0,0,0,0,0,2000,0,0,0,56000,54000,2000,2000
058167,鴻海凱基9A購03  ,0,0,0,0,0,0,0,0,0,2000,0,0,0,2000,0,2000,2000
058124,玉晶光國票9A購01,0,0,0,0,0,0,0,0,0,2000,0,0,0,2000,0,2000,2000
058023,南電凱基98購02  ,0,0,0,0,0,0,0,0,0,2000,0,0,0,7000,5000,2000,2000
058259,訊連國泰9B購01  ,0,0,0,0,0,0,0,0,0,2000,0,0,0,2000,0,2000,2000
057557,聯茂凱基99購04  ,0,0,0,0,0,0,0,0,0,2000,0,0,0,20000,18000,2000,2000
057809,英業達元大98購01,0,0,0,0,0,0,0,0,0,2000,0,0,0,2000,0,2000,2000
058497,新日興群益9B購01,0,0,0,0,0,0,0,0,0,2000,0,0,0,2000,0,2000,2000
03127P,台表科凱基01售03,0,0,0,0,0,0,0,0,0,2000,0,0,0,47000,45000,2000,2000
03198P,台積電統一01售15,0,0,0,0,0,0,0,0,0,2000,0,0,0,2000,0,2000,2000
00731,FH富時高息低波  ,0,0,0,0,0,0,0,0,0,2000,0,0,0,1013000,1011000,2000,2000
00657,國泰日經225     ,0,0,0,0,0,0,0,0,0,2000,0,0,0,102000,100000,2000,2000
048070,聯發科元富99購03,0,0,0,0,0,0,0,0,0,2000,0,0,0,2000,0,2000,2000
055820,矽力國票98購02  ,0,0,0,0,0,0,0,0,0,2000,0,0,0,2000,0,2000,2000
056997,台灣50康和9A購02,0,0,0,0,0,0,0,0,0,2000,0,0,0,2000,0,2000,2000
056921,京元電兆豐98購01,0,0,0,0,0,0,0,0,0,2000,0,0,0,2000,0,2000,2000
057669,嘉晶元大99購03  ,0,0,0,0,0,0,0,0,0,2000,0,0,0,2000,0,2000,2000
057664,台積電元大9A購03,0,0,0,0,0,0,0,0,0,2000,0,0,0,2000,0,2000,2000
057716,神達統一98購01  ,0,0,0,0,0,0,0,0,0,2000,0,0,0,2000,0,2000,2000
057731,華擎國泰9A購02  ,0,0,0,0,0,0,0,0,0,2000,0,0,0,2000,0,2000,2000
059632,聯發科凱基01購01,0,0,0,0,0,0,0,0,0,2000,0,0,0,2000,0,2000,2000
059932,世紀鋼富邦9A購02,0,0,0,0,0,0,0,0,0,2000,0,0,0,2000,0,2000,2000
053759,晶相光國泰98購01,0,0,0,0,0,0,0,0,0,2000,0,0,0,2000,0,2000,2000
054377,臺股指中信99購09,0,0,0,0,0,0,0,0,0,2000,0,0,0,2000,0,2000,2000
054565,玉晶光群益99購02,0,0,0,0,0,0,0,0,0,2000,0,0,0,2000,0,2000,2000
053413,台積電國票99購01,0,0,0,0,0,0,0,0,0,2000,0,0,0,2000,0,2000,2000
051843,聯發科富邦99購01,0,0,0,0,0,0,0,0,0,2000,0,0,0,2000,0,2000,2000
052318,友達元大98購01  ,0,0,0,0,0,0,0,0,0,2000,0,0,0,2000,0,2000,2000
056855,祥碩中信98購02  ,0,0,0,0,0,0,0,0,0,2000,0,0,0,2000,0,2000,2000
056606,華新科富邦9A購02,0,0,0,0,0,0,0,0,0,2000,0,0,0,2000,0,2000,2000
063324,道瓊反國票9B購03,0,0,0,0,0,0,0,0,0,2000,0,0,0,2000,0,2000,2000
063241,聯發科元大9B購18,0,0,0,0,0,0,0,0,0,2000,0,0,0,3000,1000,2000,2000
062496,矽創中信9B購01  ,0,0,0,0,0,0,0,0,0,2000,0,0,0,302000,300000,2000,2000
061421,台積電元大9A購29,0,0,0,0,0,0,0,0,0,2000,0,0,0,8000,6000,2000,2000
061768,晶技元大9B購02  ,0,0,0,0,0,0,0,0,0,2000,0,0,0,3000,1000,2000,2000
060998,華通兆豐9A購01  ,0,0,0,0,0,0,0,0,0,2000,0,0,0,2000,0,2000,2000
062261,嘉晶元大9B購02  ,0,0,0,0,0,0,0,0,0,2000,0,0,0,4000,2000,2000,2000
062206,緯創國票9B購01  ,0,0,0,0,0,0,0,0,0,2000,0,0,0,10000,8000,2000,2000
060329,鎧勝群益9B購01  ,0,0,0,0,0,0,0,0,0,2000,0,0,0,2000,0,2000,2000
060870,旭富群益9A購01  ,0,0,0,0,0,0,0,0,0,2000,0,0,0,2000,0,2000,2000
060561,台積電富邦04購01,0,0,0,0,0,0,0,0,0,2000,0,0,0,2000,0,2000,2000
060608,玉晶光凱基9A購08,0,0,0,0,0,0,0,0,0,2000,0,0,0,12000,10000,2000,2000
060463,台積電元大9A購10,0,0,0,0,0,0,0,0,0,2000,0,0,0,2000,0,2000,2000
060451,中石化元大9C購02,0,0,0,0,0,0,0,0,0,2000,0,0,0,2000,0,2000,2000
062667,立積群益9B購01  ,0,0,0,0,0,0,0,0,0,2000,0,0,0,2000,0,2000,2000
062562,瑞儀凱基9B購02  ,0,0,0,0,0,0,0,0,0,2000,0,0,0,12000,10000,2000,2000
062031,臻鼎群益9B購01  ,0,0,0,0,0,0,0,0,0,2000,0,0,0,42000,40000,2000,2000
064078,台積電中信06購04,0,0,0,0,0,0,0,0,0,2000,0,0,0,2000,0,2000,2000
063986,聯發科富邦02購01,0,0,0,0,0,0,0,0,0,2000,0,0,0,2000,0,2000,2000
063888,TPK中信01購01   ,0,0,0,0,0,0,0,0,0,2000,0,0,0,4000,2000,2000,2000
063940,國巨元大01購02  ,0,0,0,0,0,0,0,0,0,2000,0,0,0,87000,85000,2000,2000
061366,台勝科國票9A購01,0,0,0,0,0,0,0,0,0,2000,0,0,0,85000,83000,2000,2000
061078,台積電兆豐9A購01,0,0,0,0,0,0,0,0,0,2000,0,0,0,2000,0,2000,2000
061249,億豐群益9A購01  ,0,0,0,0,0,0,0,0,0,2000,0,0,0,3000,1000,2000,2000
065792,TPK永豐9C購02   ,0,0,0,0,0,0,0,0,0,2000,0,0,0,2000,0,2000,2000
066085,台積電富邦05購01,0,0,0,0,0,0,0,0,0,2000,0,0,0,2000,0,2000,2000
066199,金像電統一02購01,0,0,0,0,0,0,0,0,0,2000,0,0,0,2000,0,2000,2000
06657P,寶成元大98售01  ,0,0,0,0,0,0,0,0,0,2000,0,0,0,2000,0,2000,2000
066748,同欣電元大01購03,0,0,0,0,0,0,0,0,0,2000,0,0,0,5000,3000,2000,2000
066944,鴻海元大01購13  ,0,0,0,0,0,0,0,0,0,2000,0,0,0,2000,0,2000,2000
065266,創意元大9C購05  ,0,0,0,0,0,0,0,0,0,2000,0,0,0,2000,0,2000,2000
065232,健策凱基02購01  ,0,0,0,0,0,0,0,0,0,2000,0,0,0,26000,24000,2000,2000
065550,聯發科凱基01購07,0,0,0,0,0,0,0,0,0,2000,0,0,0,7000,5000,2000,2000
064753,英業達凱基9C購01,0,0,0,0,0,0,0,0,0,2000,0,0,0,2000,0,2000,2000
064800,鴻海元大9C購12  ,0,0,0,0,0,0,0,0,0,2000,0,0,0,2000,0,2000,2000
064920,景碩統一01購02  ,0,0,0,0,0,0,0,0,0,2000,0,0,0,2000,0,2000,2000
064908,世紀鋼群益01購02,0,0,0,0,0,0,0,0,0,2000,0,0,0,16000,14000,2000,2000
6531,愛普            ,321000,319000,2000,0,0,0,0,0,0,0,0,0,0,0,0,0,2000
08759P,滬深2X元大01售08,0,0,0,0,0,0,0,0,0,2000,0,0,0,2000,0,2000,2000
08668P,燿華群益01售01  ,0,0,0,0,0,0,0,0,0,2000,0,0,0,10000,8000,2000,2000
08567P,台勝科群益9C售01,0,0,0,0,0,0,0,0,0,2000,0,0,0,3000,1000,2000,2000
1533,車王電          ,9000,7000,2000,0,0,0,0,0,0,0,0,0,0,0,0,0,2000
2062,橋椿            ,50000,48000,2000,0,0,0,0,0,0,0,0,0,0,0,0,0,2000
1101B,台泥乙特        ,0,0,0,0,0,0,0,0,0,2000,2000,0,2000,0,0,0,2000
1324,地球            ,2000,0,2000,0,0,0,0,0,0,0,0,0,0,0,0,0,2000
1315,達新            ,17000,30000,-13000,0,0,0,0,0,0,15000,0,0,0,18000,3000,15000,2000
2358,廷鑫            ,5000,3000,2000,0,0,0,0,0,0,0,0,0,0,0,0,0,2000
2428,興勤            ,74000,71000,3000,0,0,0,0,0,0,-1000,0,0,0,0,1000,-1000,2000
2613,中櫃            ,3000,1000,2000,0,0,0,0,0,0,0,0,0,0,0,0,0,2000
2881B,富邦金乙特      ,0,0,0,0,0,0,0,0,0,2000,5000,3000,2000,0,0,0,2000
4566,時碩工業        ,6000,4000,2000,0,0,0,0,0,0,0,0,0,0,0,0,0,2000
4581,光隆精密-KY     ,2000,0,2000,0,0,0,0,0,0,0,0,0,0,0,0,0,2000
6216,居易            ,6000,4000,2000,0,0,0,0,0,0,0,0,0,0,0,0,0,2000
6201,亞弘電          ,2000,0,2000,0,0,0,0,0,0,0,0,0,0,0,0,0,2000
6115,鎰勝            ,1000,8000,-7000,0,0,0,0,0,0,9000,9000,0,9000,0,0,0,2000
6131,鈞泰            ,2000,0,2000,0,0,0,0,0,0,0,0,0,0,0,0,0,2000
4144,康聯-KY         ,12000,9000,3000,0,0,0,0,0,0,-1000,0,1000,-1000,0,0,0,2000
3518,柏騰            ,36000,34000,2000,0,0,0,0,0,0,0,0,0,0,0,0,0,2000
3416,融程電          ,2000,0,2000,0,0,0,0,0,0,0,0,0,0,0,0,0,2000
3058,立德            ,6000,4000,2000,0,0,0,0,0,0,0,0,0,0,0,0,0,2000
067744,神達元大01購02  ,0,0,0,0,0,0,0,0,0,1000,0,0,0,3000,2000,1000,1000
067822,同欣電凱基01購02,0,0,0,0,0,0,0,0,0,1000,0,0,0,1000,0,1000,1000
067873,神達元大01購03  ,0,0,0,0,0,0,0,0,0,1000,0,0,0,1000,0,1000,1000
067880,滬深反群益01購02,0,0,0,0,0,0,0,0,0,1000,0,0,0,1000,0,1000,1000
068138,道瓊銀元大01購03,0,0,0,0,0,0,0,0,0,1000,0,0,0,11000,10000,1000,1000
068172,燿華中信01購02  ,0,0,0,0,0,0,0,0,0,1000,0,0,0,1000,0,1000,1000
067990,台積電元大01購32,0,0,0,0,0,0,0,0,0,1000,0,0,0,1000,0,1000,1000
067133,正崴永豐01購01  ,0,0,0,0,0,0,0,0,0,1000,0,0,0,1000,0,1000,1000
067117,健策群益01購09  ,0,0,0,0,0,0,0,0,0,1000,0,0,0,19000,18000,1000,1000
067381,康控統一03購01  ,0,0,0,0,0,0,0,0,0,1000,0,0,0,11000,10000,1000,1000
067553,上証2X國票02購03,0,0,0,0,0,0,0,0,0,1000,0,0,0,1000,0,1000,1000
067537,大立光群益02購04,0,0,0,0,0,0,0,0,0,1000,0,0,0,1000,0,1000,1000
08411P,技嘉凱基9C售01  ,0,0,0,0,0,0,0,0,0,1000,0,0,0,9000,8000,1000,1000
07928P,國巨統一9B售09  ,0,0,0,0,0,0,0,0,0,1000,0,0,0,1000,0,1000,1000
06925P,致茂群益9A售02  ,0,0,0,0,0,0,0,0,0,1000,0,0,0,41000,40000,1000,1000
068803,國揚群益03購01  ,0,0,0,0,0,0,0,0,0,1000,0,0,0,19000,18000,1000,1000
068698,聯鈞凱基02購01  ,0,0,0,0,0,0,0,0,0,1000,0,0,0,9000,8000,1000,1000
068709,上緯控國票03購01,0,0,0,0,0,0,0,0,0,1000,0,0,0,125000,124000,1000,1000
068607,聯詠凱基01購02  ,0,0,0,0,0,0,0,0,0,1000,0,0,0,26000,25000,1000,1000
068483,聯電元大01購06  ,0,0,0,0,0,0,0,0,0,1000,0,0,0,148000,147000,1000,1000
068458,玉晶光國票01購10,0,0,0,0,0,0,0,0,0,1000,0,0,0,3000,2000,1000,1000
068526,聯發科元富04購03,0,0,0,0,0,0,0,0,0,1000,0,0,0,14000,13000,1000,1000
06854P,鴻海富邦99售05  ,0,0,0,0,0,0,0,0,0,1000,0,0,0,1000,0,1000,1000
056721,台灣50永昌9A購01,0,0,0,0,0,0,0,0,0,1000,0,0,0,1000,0,1000,1000
055578,群創統一98購03  ,0,0,0,0,0,0,0,0,0,1000,0,0,0,1000,0,1000,1000
056576,晶技元大99購02  ,0,0,0,0,0,0,0,0,0,1000,0,0,0,1000,0,1000,1000
055228,聯發科國票98購03,0,0,0,0,0,0,0,0,0,1000,0,0,0,1000,0,1000,1000
055002,群創元富99購04  ,0,0,0,0,0,0,0,0,0,1000,0,0,0,1000,0,1000,1000
052135,聯發科凱基9B購01,0,0,0,0,0,0,0,0,0,1000,0,0,0,1000,0,1000,1000
053382,友達元大9C購02  ,0,0,0,0,0,0,0,0,0,1000,0,0,0,1000,0,1000,1000
053377,台積電元大98購01,0,0,0,0,0,0,0,0,0,1000,0,0,0,1000,0,1000,1000
053378,台積電元大98購02,0,0,0,0,0,0,0,0,0,1000,0,0,0,1000,0,1000,1000
054231,國巨群益98購03  ,0,0,0,0,0,0,0,0,0,1000,0,0,0,1000,0,1000,1000
053797,台積電中信98購01,0,0,0,0,0,0,0,0,0,1000,0,0,0,1000,0,1000,1000
054138,晶技元大98購02  ,0,0,0,0,0,0,0,0,0,1000,0,0,0,1000,0,1000,1000
059933,台灣50永豐99購11,0,0,0,0,0,0,0,0,0,1000,0,0,0,1000,0,1000,1000
059877,康控凱基99購05  ,0,0,0,0,0,0,0,0,0,1000,0,0,0,9000,8000,1000,1000
059649,矽力凱基99購02  ,0,0,0,0,0,0,0,0,0,1000,0,0,0,1000,0,1000,1000
057670,欣興元大99購02  ,0,0,0,0,0,0,0,0,0,1000,0,0,0,1000,0,1000,1000
057708,臺股指群益98購08,0,0,0,0,0,0,0,0,0,1000,0,0,0,1000,0,1000,1000
057291,國巨國泰9A購01  ,0,0,0,0,0,0,0,0,0,1000,0,0,0,1000,0,1000,1000
057279,國揚元大98購01  ,0,0,0,0,0,0,0,0,0,1000,0,0,0,1000,0,1000,1000
056994,緯穎兆豐98購02  ,0,0,0,0,0,0,0,0,0,1000,0,0,0,1000,0,1000,1000
057202,TPK元富98購02   ,0,0,0,0,0,0,0,0,0,1000,0,0,0,1000,0,1000,1000
057207,立積元富98購02  ,0,0,0,0,0,0,0,0,0,1000,0,0,0,1000,0,1000,1000
057175,美律元大98購03  ,0,0,0,0,0,0,0,0,0,1000,0,0,0,1000,0,1000,1000
055750,瑞昱永昌9C購01  ,0,0,0,0,0,0,0,0,0,1000,0,0,0,1000,0,1000,1000
055679,華通凱基99購01  ,0,0,0,0,0,0,0,0,0,1000,0,0,0,1000,0,1000,1000
03280P,台積電凱基02售14,0,0,0,0,0,0,0,0,0,1000,0,0,0,1000,0,1000,1000
057411,臺股指群益99購05,0,0,0,0,0,0,0,0,0,1000,0,0,0,4000,3000,1000,1000
056222,台積電凱基9A購01,0,0,0,0,0,0,0,0,0,1000,0,0,0,1000,0,1000,1000
056159,牧德凱基99購01  ,0,0,0,0,0,0,0,0,0,1000,0,0,0,1000,0,1000,1000
00742,新光內需收益    ,0,0,0,0,0,0,0,0,0,1000,250000,250000,0,354000,353000,1000,1000
058408,華通兆豐99購02  ,0,0,0,0,0,0,0,0,0,1000,0,0,0,1000,0,1000,1000
058379,臺股指凱基99購14,0,0,0,0,0,0,0,0,0,1000,0,0,0,1000,0,1000,1000
058559,華新科日盛99購02,0,0,0,0,0,0,0,0,0,1000,0,0,0,1000,0,1000,1000
058588,致茂中信9B購01  ,0,0,0,0,0,0,0,0,0,1000,0,0,0,70000,69000,1000,1000
057904,矽力永豐98購01  ,0,0,0,0,0,0,0,0,0,1000,0,0,0,2000,1000,1000,1000
057564,台積電富邦9B購03,0,0,0,0,0,0,0,0,0,1000,0,0,0,1000,0,1000,1000
057566,欣興富邦99購01  ,0,0,0,0,0,0,0,0,0,1000,0,0,0,1000,0,1000,1000
058321,大立光永豐99購01,0,0,0,0,0,0,0,0,0,1000,0,0,0,21000,20000,1000,1000
058211,國巨群益9A購02  ,0,0,0,0,0,0,0,0,0,1000,0,0,0,1000,0,1000,1000
057962,超眾元大99購03  ,0,0,0,0,0,0,0,0,0,1000,0,0,0,1000,0,1000,1000
060298,鎧勝元大9C購01  ,0,0,0,0,0,0,0,0,0,1000,0,0,0,1000,0,1000,1000
060093,友達元大03購01  ,0,0,0,0,0,0,0,0,0,1000,0,0,0,1000,0,1000,1000
060069,T50反1元富99購13,0,0,0,0,0,0,0,0,0,1000,0,0,0,1000,0,1000,1000
059958,鎧勝康和99購01  ,0,0,0,0,0,0,0,0,0,1000,0,0,0,1000,0,1000,1000
060190,國泰金元富9A購01,0,0,0,0,0,0,0,0,0,1000,0,0,0,6000,5000,1000,1000
060165,上緯控永豐9A購01,0,0,0,0,0,0,0,0,0,1000,0,0,0,1000,0,1000,1000
060185,聯發科元富04購01,0,0,0,0,0,0,0,0,0,1000,0,0,0,1000,0,1000,1000
062901,台積電元大9B購05,0,0,0,0,0,0,0,0,0,1000,0,0,0,1000,0,1000,1000
062840,臺股指群益9B購07,0,0,0,0,0,0,0,0,0,1000,0,0,0,1000,0,1000,1000
063164,聯發科永豐9B購03,0,0,0,0,0,0,0,0,0,1000,0,0,0,1000,0,1000,1000
059082,華通元大99購06  ,0,0,0,0,0,0,0,0,0,1000,0,0,0,1000,0,1000,1000
059125,台積電第一03購02,0,0,0,0,0,0,0,0,0,1000,0,0,0,1000,0,1000,1000
059121,瑞儀永豐99購01  ,0,0,0,0,0,0,0,0,0,1000,0,0,0,1000,0,1000,1000
059230,滬深2X國票9B購02,0,0,0,0,0,0,0,0,0,1000,0,0,0,6000,5000,1000,1000
059219,旺宏元大99購12  ,0,0,0,0,0,0,0,0,0,1000,0,0,0,1000,0,1000,1000
059035,旺宏群益99購06  ,0,0,0,0,0,0,0,0,0,1000,0,0,0,1000,0,1000,1000
061235,台積電元大9A購23,0,0,0,0,0,0,0,0,0,1000,0,0,0,1000,0,1000,1000
063972,緯創國票9C購01  ,0,0,0,0,0,0,0,0,0,1000,0,0,0,40000,39000,1000,1000
064075,台積電中信06購01,0,0,0,0,0,0,0,0,0,1000,0,0,0,1000,0,1000,1000
064077,台積電中信06購03,0,0,0,0,0,0,0,0,0,1000,0,0,0,1000,0,1000,1000
064095,鴻海群益01購02  ,0,0,0,0,0,0,0,0,0,1000,0,0,0,111000,110000,1000,1000
062008,南亞科國泰9C購01,0,0,0,0,0,0,0,0,0,1000,0,0,0,1000,0,1000,1000
062002,鴻海國泰01購01  ,0,0,0,0,0,0,0,0,0,1000,0,0,0,30000,29000,1000,1000
062388,旭富國泰01購01  ,0,0,0,0,0,0,0,0,0,1000,0,0,0,1000,0,1000,1000
062318,台郡凱基9B購01  ,0,0,0,0,0,0,0,0,0,1000,0,0,0,1000,0,1000,1000
062558,義隆凱基9B購02  ,0,0,0,0,0,0,0,0,0,1000,0,0,0,1000,0,1000,1000
062668,國巨中信9B購04  ,0,0,0,0,0,0,0,0,0,1000,0,0,0,1000,0,1000,1000
062672,兆豐金中信03購01,0,0,0,0,0,0,0,0,0,1000,0,0,0,6000,5000,1000,1000
062643,緯穎國票9B購01  ,0,0,0,0,0,0,0,0,0,1000,0,0,0,1000,0,1000,1000
060474,中租元大9B購01  ,0,0,0,0,0,0,0,0,0,1000,0,0,0,1000,0,1000,1000
060514,南電元大9A購02  ,0,0,0,0,0,0,0,0,0,1000,0,0,0,1000,0,1000,1000
060559,世紀鋼凱基9C購01,0,0,0,0,0,0,0,0,0,1000,0,0,0,1000,0,1000,1000
060871,台灣50中信01購03,0,0,0,0,0,0,0,0,0,1000,0,0,0,1000,0,1000,1000
060758,台積電元大9A購19,0,0,0,0,0,0,0,0,0,1000,0,0,0,1000,0,1000,1000
060995,泰鼎元大9A購03  ,0,0,0,0,0,0,0,0,0,1000,0,0,0,1000,0,1000,1000
061662,瑞儀永豐9A購02  ,0,0,0,0,0,0,0,0,0,1000,0,0,0,1000,0,1000,1000
061617,微星群益9A購02  ,0,0,0,0,0,0,0,0,0,1000,0,0,0,51000,50000,1000,1000
061592,義隆永豐9A購03  ,0,0,0,0,0,0,0,0,0,1000,0,0,0,1000,0,1000,1000
061839,華新科凱基05購04,0,0,0,0,0,0,0,0,0,1000,0,0,0,16000,15000,1000,1000
062490,聯茂永豐9B購01  ,0,0,0,0,0,0,0,0,0,1000,0,0,0,1000,0,1000,1000
062508,臺股指群益9B購03,0,0,0,0,0,0,0,0,0,1000,0,0,0,1000,0,1000,1000
062537,聯電國泰9C購01  ,0,0,0,0,0,0,0,0,0,1000,0,0,0,1000,0,1000,1000
062468,台積電凱基9B購06,0,0,0,0,0,0,0,0,0,1000,0,0,0,1000,0,1000,1000
063249,祥碩元大9B購06  ,0,0,0,0,0,0,0,0,0,1000,0,0,0,1000,0,1000,1000
063317,大立光群益9B購06,0,0,0,0,0,0,0,0,0,1000,0,0,0,2000,1000,1000,1000
063355,超眾元富9B購01  ,0,0,0,0,0,0,0,0,0,1000,0,0,0,1000,0,1000,1000
062991,台光電群益9B購03,0,0,0,0,0,0,0,0,0,1000,0,0,0,1000,0,1000,1000
063742,道瓊指國票9C購01,0,0,0,0,0,0,0,0,0,1000,0,0,0,21000,20000,1000,1000
063730,台積電元大9B購09,0,0,0,0,0,0,0,0,0,1000,0,0,0,1000,0,1000,1000
063448,聯發科統一9C購11,0,0,0,0,0,0,0,0,0,1000,0,0,0,1000,0,1000,1000
064884,台表科第一9C購01,0,0,0,0,0,0,0,0,0,1000,0,0,0,1000,0,1000,1000
064710,元金2X統一03購01,0,0,0,0,0,0,0,0,0,1000,0,0,0,1000,0,1000,1000
064621,大立光元大9C購20,0,0,0,0,0,0,0,0,0,1000,0,0,0,1000,0,1000,1000
064668,大立光元大9C購21,0,0,0,0,0,0,0,0,0,1000,0,0,0,1000,0,1000,1000
064578,TPK國泰02購01   ,0,0,0,0,0,0,0,0,0,1000,0,0,0,1000,0,1000,1000
064590,牧德永豐9C購01  ,0,0,0,0,0,0,0,0,0,1000,0,0,0,1000,0,1000,1000
064340,大立光元大9C購17,0,0,0,0,0,0,0,0,0,1000,0,0,0,1000,0,1000,1000
064428,裕隆凱基02購01  ,0,0,0,0,0,0,0,0,0,1000,0,0,0,1000,0,1000,1000
065553,聯詠凱基9C購03  ,0,0,0,0,0,0,0,0,0,1000,0,0,0,10000,9000,1000,1000
065542,緯穎統一01購05  ,0,0,0,0,0,0,0,0,0,1000,0,0,0,66000,65000,1000,1000
065642,台積電元大9C購13,0,0,0,0,0,0,0,0,0,1000,0,0,0,1000,0,1000,1000
065419,立積國票01購03  ,0,0,0,0,0,0,0,0,0,1000,0,0,0,1000,0,1000,1000
06548P,大立光元大98售10,0,0,0,0,0,0,0,0,0,1000,0,0,0,1000,0,1000,1000
065181,南電元大01購01  ,0,0,0,0,0,0,0,0,0,1000,0,0,0,1000,0,1000,1000
064995,世紀鋼兆豐9C購01,0,0,0,0,0,0,0,0,0,1000,0,0,0,19000,18000,1000,1000
066919,台積電麥證01購06,0,0,0,1000,0,1000,0,0,0,1000,0,0,0,1000,0,1000,1000
066791,牧德康和01購01  ,0,0,0,0,0,0,0,0,0,1000,0,0,0,7000,6000,1000,1000
066786,聯發科麥證01購05,0,0,0,11000,10000,1000,0,0,0,1000,0,0,0,11000,10000,1000,1000
066597,緯穎群益02購01  ,0,0,0,0,0,0,0,0,0,1000,0,0,0,43000,42000,1000,1000
066397,智原凱基01購01  ,0,0,0,0,0,0,0,0,0,1000,0,0,0,50000,49000,1000,1000
066417,台積電元大01購13,0,0,0,0,0,0,0,0,0,1000,0,0,0,1000,0,1000,1000
066211,瑞祺統一04購01  ,0,0,0,0,0,0,0,0,0,1000,0,0,0,21000,20000,1000,1000
066068,台積電凱基02購06,0,0,0,0,0,0,0,0,0,1000,0,0,0,1000,0,1000,1000
066059,帆宣元大01購01  ,0,0,0,0,0,0,0,0,0,1000,0,0,0,41000,40000,1000,1000
066128,台積電群益02購01,0,0,0,0,0,0,0,0,0,1000,0,0,0,1000,0,1000,1000
06581P,南亞科凱基98售04,0,0,0,0,0,0,0,0,0,1000,0,0,0,1000,0,1000,1000
065881,京元電台新9C購01,0,0,0,0,0,0,0,0,0,1000,0,0,0,1000,0,1000,1000
3028,增你強          ,8000,7000,1000,0,0,0,0,0,0,0,0,0,0,0,0,0,1000
3054,立萬利          ,2000,1000,1000,0,0,0,0,0,0,0,0,0,0,0,0,0,1000
4722,國精化          ,13000,12000,1000,0,0,0,0,0,0,0,0,0,0,0,0,0,1000
5538,東明-KY         ,1000,0,1000,0,0,0,0,0,0,0,0,0,0,0,0,0,1000
2748,雲品            ,6000,5000,1000,0,0,0,0,0,0,0,0,0,0,0,0,0,1000
2891C,中信金丙特      ,0,0,0,0,0,0,0,0,0,1000,1000,0,1000,0,0,0,1000
2630,亞航            ,4000,3000,1000,0,0,0,0,0,0,0,0,0,0,0,0,0,1000
2491,吉祥全          ,8000,7000,1000,0,0,0,0,0,0,0,0,0,0,0,0,0,1000
2450,神腦            ,10000,7000,3000,0,0,0,0,0,0,-2000,0,2000,-2000,0,0,0,1000
2465,麗臺            ,1000,0,1000,0,0,0,0,0,0,0,0,0,0,0,0,0,1000
1104,環泥            ,13000,12000,1000,0,0,0,0,0,0,0,0,0,0,0,0,0,1000
1203,味王            ,3000,2000,1000,0,0,0,0,0,0,0,0,0,0,0,0,0,1000
1410,南染            ,1000,0,1000,0,0,0,0,0,0,0,0,0,0,0,0,0,1000
1341,富林-KY         ,1000,0,1000,0,0,0,0,0,0,0,0,0,0,0,0,0,1000
2002A,中鋼特          ,0,0,0,0,0,0,0,0,0,1000,1000,0,1000,0,0,0,1000
1725,元禎            ,1000,0,1000,0,0,0,0,0,0,0,0,0,0,0,0,0,1000
1532,勤美            ,36000,35000,1000,0,0,0,0,0,0,0,0,0,0,0,0,0,1000
1468,昶和            ,2000,1000,1000,0,0,0,0,0,0,0,0,0,0,0,0,0,1000
08762P,南六元大01售03  ,0,0,0,0,0,0,0,0,0,1000,0,0,0,1000,0,1000,1000
08859P,奇鋐國票03售01  ,0,0,0,0,0,0,0,0,0,1000,0,0,0,11000,10000,1000,1000
6581,鋼聯            ,1000,0,1000,0,0,0,0,0,0,0,0,0,0,0,0,0,1000
8473,山林水          ,2000,1000,1000,0,0,0,0,0,0,0,0,0,0,0,0,0,1000
008201,BP上證50        ,0,0,0,0,0,0,0,0,0,100,0,0,0,100,0,100,100
068553,T50反1元大01購09,0,0,0,0,0,0,0,0,0,0,0,0,0,200000,200000,0,0
068449,國巨國票01購03  ,0,0,0,0,0,0,0,0,0,0,0,0,0,2000,2000,0,0
068444,中磊凱基01購01  ,0,0,0,0,0,0,0,0,0,0,0,0,0,12000,12000,0,0
068424,台灣50凱基04購11,0,0,0,0,0,0,0,0,0,0,0,0,0,40000,40000,0,0
068410,緯穎元富07購02  ,0,0,0,0,0,0,0,0,0,0,0,0,0,10000,10000,0,0
068273,嘉晶永豐01購01  ,0,0,0,0,0,0,0,0,0,0,0,0,0,19000,19000,0,0
068318,中興電元大01購01,0,0,0,0,0,0,0,0,0,0,0,0,0,41000,41000,0,0
068570,日月光元大01購06,0,0,0,0,0,0,0,0,0,0,0,0,0,5000,5000,0,0
068706,國產國票03購01  ,0,0,0,0,0,0,0,0,0,0,0,0,0,8000,8000,0,0
068668,國巨統一03購03  ,0,0,0,0,0,0,0,0,0,0,0,0,0,2000,2000,0,0
068790,義隆凱基02購02  ,0,0,0,0,0,0,0,0,0,0,0,0,0,16000,16000,0,0
068839,康控永豐02購01  ,0,0,0,0,0,0,0,0,0,0,0,0,0,9000,9000,0,0
068854,超眾統一03購03  ,0,0,0,0,0,0,0,0,0,0,0,0,0,10000,10000,0,0
068886,群創統一02購04  ,0,0,0,0,0,0,0,0,0,0,0,0,0,6000,6000,0,0
07059P,華通國票9A售02  ,0,0,0,0,0,0,0,0,0,0,0,0,0,200000,200000,0,0
07065P,臺股指元大9A售26,0,0,0,0,0,0,0,0,0,0,0,0,0,50000,50000,0,0
07460P,臺股指元大9B售03,0,0,0,0,0,0,0,0,0,0,0,0,0,130000,130000,0,0
07600P,台灣50凱基04售06,0,0,0,0,0,0,0,0,0,0,0,0,0,10000,10000,0,0
07894P,燿華元大9B售01  ,0,0,0,0,0,0,0,0,0,0,0,0,0,80000,80000,0,0
08043P,電子類群益9B售01,0,0,0,0,0,0,0,0,0,0,0,0,0,60000,60000,0,0
07695P,台郡元大9A售02  ,0,0,0,0,0,0,0,0,0,0,0,0,0,20000,20000,0,0
07673P,電子類元大9A售01,0,0,0,0,0,0,0,0,0,0,0,0,0,120000,120000,0,0
07760P,力山永豐9A售03  ,0,0,0,0,0,0,0,0,0,0,0,0,0,10000,10000,0,0
08452P,智邦台新9C售05  ,0,0,0,0,0,0,0,0,0,0,0,0,0,60000,60000,0,0
08450P,台積電統一9C售14,0,0,0,0,0,0,0,0,0,0,0,0,0,5000,5000,0,0
08329P,台達電統一9C售02,0,0,0,0,0,0,0,0,0,0,0,0,0,2000,2000,0,0
08244P,同欣電凱基9C售03,0,0,0,0,0,0,0,0,0,0,0,0,0,60000,60000,0,0
08226P,台灣50元大9B售26,0,0,0,0,0,0,0,0,0,0,0,0,0,70000,70000,0,0
08168P,金像電群益9B售03,0,0,0,0,0,0,0,0,0,0,0,0,0,200000,200000,0,0
08171P,嘉澤國票9C售01  ,0,0,0,0,0,0,0,0,0,0,0,0,0,50000,50000,0,0
08056P,華通群益9B售06  ,0,0,0,0,0,0,0,0,0,0,0,0,0,20000,20000,0,0
067540,新日興群益02購01,0,0,0,0,0,0,0,0,0,0,0,0,0,4000,4000,0,0
067535,友達群益02購01  ,0,0,0,0,0,0,0,0,0,0,0,0,0,40000,40000,0,0
067548,亞德客中信03購01,0,0,0,0,0,0,0,0,0,0,0,0,0,167000,167000,0,0
06758P,鴻海元大98售10  ,0,0,0,0,0,0,0,0,0,0,0,0,0,56000,56000,0,0
067600,台積電凱基01購15,0,0,0,0,0,0,0,0,0,0,0,0,0,20000,20000,0,0
067457,FBVIX國泰03購01 ,0,0,0,0,0,0,0,0,0,0,0,0,0,10000,10000,0,0
067464,上証2X元大03購01,0,0,0,0,0,0,0,0,0,0,0,0,0,30000,30000,0,0
067394,國巨永豐01購01  ,0,0,0,0,0,0,0,0,0,0,0,0,0,2000,2000,0,0
06732P,台灣50日盛9A售01,0,0,0,0,0,0,0,0,0,0,0,0,0,530000,530000,0,0
067059,A50正2元大01購01,0,0,0,0,0,0,0,0,0,0,0,0,0,3000,3000,0,0
066992,緯穎群益01購02  ,0,0,0,0,0,0,0,0,0,0,0,0,0,10000,10000,0,0
067179,健策康和01購01  ,0,0,0,0,0,0,0,0,0,0,0,0,0,12000,12000,0,0
067978,緯穎群益01購06  ,0,0,0,0,0,0,0,0,0,0,0,0,0,30000,30000,0,0
067948,群創國泰03購01  ,0,0,0,0,0,0,0,0,0,0,0,0,0,31000,31000,0,0
068019,玉晶光國票02購06,0,0,0,0,0,0,0,0,0,0,0,0,0,1000,1000,0,0
068020,玉晶光國票02購07,0,0,0,0,0,0,0,0,0,0,0,0,0,4000,4000,0,0
068004,玉晶光元大02購04,0,0,0,0,0,0,0,0,0,0,0,0,0,100000,100000,0,0
068006,玉晶光元大03購03,0,0,0,0,0,0,0,0,0,0,0,0,0,100000,100000,0,0
068178,華邦電群益01購04,0,0,0,0,0,0,0,0,0,0,0,0,0,100000,100000,0,0
068212,GIS凱基02購04   ,0,0,0,0,0,0,0,0,0,0,0,0,0,68000,68000,0,0
067697,致茂國票02購01  ,0,0,0,0,0,0,0,0,0,0,0,0,0,13000,13000,0,0
00774B,新光中國政金綠債,0,0,0,0,0,0,0,0,0,0,0,0,0,2000,2000,0,0
00775B,新光投等債15+   ,0,0,0,0,0,0,0,0,0,0,0,0,0,2000,2000,0,0
020004,兆豐電菁英30N   ,0,0,0,0,0,0,0,0,0,0,0,0,0,1000,1000,0,0
00707R,元大S&P日圓反1  ,0,0,0,0,0,0,0,0,0,0,0,0,0,1000,1000,0,0
00657K,國泰日經225+U   ,0,0,0,0,0,0,0,0,0,0,0,0,0,100,100,0,0
00668K,國泰美國道瓊+U  ,0,0,0,0,0,0,0,0,0,0,0,0,0,100,100,0,0
00643,群益深証中小    ,436000,464000,-28000,0,0,0,0,0,0,28000,0,0,0,413000,385000,28000,0
00636K,國泰中國A50+U   ,0,0,0,0,0,0,0,0,0,0,0,0,0,100,100,0,0
006204,永豐臺灣加權    ,0,0,0,0,0,0,0,0,0,0,0,0,0,1000,1000,0,0
03228P,緯穎凱基02售02  ,0,0,0,0,0,0,0,0,0,0,0,0,0,18000,18000,0,0
056471,台光電元大99購01,0,0,0,0,0,0,0,0,0,0,0,0,0,5000,5000,0,0
056455,群創凱基9A購01  ,0,0,0,0,0,0,0,0,0,0,0,0,0,50000,50000,0,0
057480,技嘉元大98購03  ,0,0,0,0,0,0,0,0,0,0,0,0,0,1000,1000,0,0
057466,泰鼎永豐98購01  ,0,0,0,0,0,0,0,0,0,0,0,0,0,40000,40000,0,0
056305,群創元大9A購03  ,0,0,0,0,0,0,0,0,0,0,0,0,0,1000,1000,0,0
049697,群創元大98購01  ,0,200000,-200000,0,0,0,0,0,0,200000,0,0,0,200000,0,200000,0
046375,友達凱基98購01  ,0,0,0,0,0,0,0,0,0,0,0,0,0,2000,2000,0,0
03678C,臺股指凱基01牛02,0,0,0,0,0,0,0,0,0,0,0,0,0,9000,9000,0,0
03692C,T50反1元大05牛01,0,0,0,0,0,0,0,0,0,0,0,0,0,50000,50000,0,0
03158P,大立光元大01售20,0,0,0,0,0,0,0,0,0,0,0,0,0,90000,90000,0,0
03029P,玉晶光元大02售05,0,0,0,0,0,0,0,0,0,0,0,0,0,10000,10000,0,0
055726,台表科元大98購03,0,0,0,0,0,0,0,0,0,0,0,0,0,28000,28000,0,0
057084,立積統一9B購01  ,0,0,0,0,0,0,0,0,0,0,0,0,0,2000,2000,0,0
059642,健策凱基99購04  ,0,0,0,0,0,0,0,0,0,0,0,0,0,10000,10000,0,0
059707,健策凱基9A購03  ,0,0,0,0,0,0,0,0,0,0,0,0,0,8000,8000,0,0
059712,滬深2X元大9C購03,0,0,0,0,0,0,0,0,0,0,0,0,0,2000,2000,0,0
059781,A50正2元大9C購03,0,0,0,0,0,0,0,0,0,0,0,0,0,20000,20000,0,0
059783,旺宏元大99購17  ,0,0,0,0,0,0,0,0,0,0,0,0,0,1000,1000,0,0
059921,大立光元大99購24,0,0,0,0,0,0,0,0,0,0,0,0,0,16000,16000,0,0
059935,國巨永豐99購07  ,0,0,0,0,0,0,0,0,0,0,0,0,0,3000,3000,0,0
059828,健策凱基99購05  ,0,0,0,0,0,0,0,0,0,0,0,0,0,11000,11000,0,0
053811,國巨群益98購02  ,0,0,0,0,0,0,0,0,0,0,0,0,0,10000,10000,0,0
053402,A50正2群益9A購02,0,0,0,0,0,0,0,0,0,0,0,0,0,4000,4000,0,0
053256,上銀富邦98購01  ,0,0,0,0,0,0,0,0,0,0,0,0,0,20000,20000,0,0
052853,友達日盛99購01  ,0,0,0,0,0,0,0,0,0,0,0,0,0,3000,3000,0,0
055281,台光電元大98購03,0,0,0,0,0,0,0,0,0,0,0,0,0,1000,1000,0,0
056856,華通群益9A購01  ,0,0,0,0,0,0,0,0,0,0,0,0,0,3000,3000,0,0
056771,嘉晶元大99購01  ,0,0,0,0,0,0,0,0,0,0,0,0,0,1000,1000,0,0
059008,鈺齊元大99購03  ,0,0,0,0,0,0,0,0,0,0,0,0,0,47000,47000,0,0
058955,台積電國票9A購04,0,0,0,0,0,0,0,0,0,0,0,0,0,20000,20000,0,0
058959,南茂國票9A購01  ,0,0,0,0,0,0,0,0,0,0,0,0,0,6000,6000,0,0
059249,大立光凱基99購05,0,0,0,0,0,0,0,0,0,0,0,0,0,10000,10000,0,0
059166,友達凱基99購05  ,0,0,0,0,0,0,0,0,0,0,0,0,0,10000,10000,0,0
058874,聯鈞國票9A購01  ,0,0,0,0,0,0,0,0,0,0,0,0,0,1000,1000,0,0
058827,聯發科永豐9A購01,0,0,0,0,0,0,0,0,0,0,0,0,0,60000,60000,0,0
058735,南茂永豐99購01  ,0,0,0,0,0,0,0,0,0,0,0,0,0,200000,200000,0,0
058649,健策永豐99購01  ,0,0,0,0,0,0,0,0,0,0,0,0,0,1000,1000,0,0
058611,欣興元大99購06  ,0,0,0,0,0,0,0,0,0,0,0,0,0,4000,4000,0,0
063148,建準元富9B購01  ,0,0,0,0,0,0,0,0,0,0,0,0,0,68000,68000,0,0
063181,聚陽凱基9B購01  ,0,0,0,0,0,0,0,0,0,0,0,0,0,1000,1000,0,0
063218,台塑群益9B購01  ,0,0,0,0,0,0,0,0,0,0,0,0,0,60000,60000,0,0
062881,緯創兆豐9C購01  ,0,0,0,0,0,0,0,0,0,0,0,0,0,1000,1000,0,0
062741,立積國票9B購02  ,0,0,0,0,0,0,0,0,0,0,0,0,0,68000,68000,0,0
062796,技嘉統一9C購01  ,0,0,0,0,0,0,0,0,0,0,0,0,0,23000,23000,0,0
059451,國巨永豐99購05  ,0,0,0,0,0,0,0,0,0,0,0,0,0,2000,2000,0,0
059466,國巨元大99購26  ,0,0,0,0,0,0,0,0,0,0,0,0,0,1000,1000,0,0
060013,S&P正2康和99購01,0,0,0,0,0,0,0,0,0,0,0,0,0,5000,5000,0,0
060293,緯創元大9A購01  ,0,0,0,0,0,0,0,0,0,0,0,0,0,1000,1000,0,0
059538,健策凱基99購03  ,0,0,0,0,0,0,0,0,0,0,0,0,0,12000,12000,0,0
059539,緯穎凱基99購03  ,0,0,0,0,0,0,0,0,0,0,0,0,0,10000,10000,0,0
058013,SP黃豆凱基9A購01,0,0,0,0,0,0,0,0,0,0,0,0,0,200000,200000,0,0
058048,群創元大9B購07  ,0,0,0,0,0,0,0,0,0,0,0,0,0,7000,7000,0,0
058084,大立光群益98購04,0,0,0,0,0,0,0,0,0,0,0,0,0,10000,10000,0,0
058216,TPK群益99購01   ,0,0,0,0,0,0,0,0,0,0,0,0,0,10000,10000,0,0
058246,帆宣元大99購01  ,0,0,0,0,0,0,0,0,0,0,0,0,0,10000,10000,0,0
058344,旺宏群益99購05  ,0,0,0,0,0,0,0,0,0,0,0,0,0,10000,10000,0,0
05830P,滬深2X元富99售03,0,0,0,0,0,0,0,0,0,0,0,0,0,60000,60000,0,0
058293,光寶科凱基9A購01,0,0,0,0,0,0,0,0,0,0,0,0,0,7000,7000,0,0
058358,技嘉凱基9A購01  ,0,0,0,0,0,0,0,0,0,0,0,0,0,10000,10000,0,0
057616,聯電凱基99購01  ,0,0,0,0,0,0,0,0,0,0,0,0,0,2000,2000,0,0
057609,友訊元富98購01  ,0,0,0,0,0,0,0,0,0,0,0,0,0,10000,10000,0,0
057919,技嘉凱基98購03  ,0,0,0,0,0,0,0,0,0,0,0,0,0,10000,10000,0,0
058600,國巨元大99購15  ,0,0,0,0,0,0,0,0,0,0,0,0,0,10000,10000,0,0
057818,泰碩元大9A購01  ,0,0,0,0,0,0,0,0,0,0,0,0,0,194000,194000,0,0
058420,聯發科麥證99購03,0,0,0,20000,0,20000,0,0,0,0,0,0,0,20000,20000,0,0
058403,玉晶光元大99購12,0,0,0,0,0,0,0,0,0,0,0,0,0,1000,1000,0,0
058439,玉晶光統一01購02,0,0,0,0,0,0,0,0,0,0,0,0,0,1000,1000,0,0
058470,台灣50日盛9B購02,0,0,0,0,0,0,0,0,0,0,0,0,0,20000,20000,0,0
058514,潤泰全元大99購01,0,0,0,0,0,0,0,0,0,0,0,0,0,100000,100000,0,0
058544,FBVIX富邦9B購01 ,0,0,0,0,0,0,0,0,0,0,0,0,0,10000,10000,0,0
058539,聯發科台新99購01,0,0,0,0,0,0,0,0,0,0,0,0,0,122000,122000,0,0
063475,同欣電元大9C購01,0,0,0,0,0,0,0,0,0,0,0,0,0,22000,22000,0,0
063468,聯詠元大9B購04  ,0,0,0,0,0,0,0,0,0,0,0,0,0,5000,5000,0,0
063747,國巨國票9C購06  ,0,0,0,0,0,0,0,0,0,0,0,0,0,1000,1000,0,0
063622,健策兆豐9B購01  ,0,0,0,0,0,0,0,0,0,0,0,0,0,1000,1000,0,0
063508,緯創群益9B購01  ,0,0,0,0,0,0,0,0,0,0,0,0,0,10000,10000,0,0
063521,國巨凱基03購01  ,0,0,0,0,0,0,0,0,0,0,0,0,0,2000,2000,0,0
063538,神達統一9C購01  ,0,0,0,0,0,0,0,0,0,0,0,0,0,6000,6000,0,0
063411,和潤國票9C購01  ,0,0,0,0,0,0,0,0,0,0,0,0,0,7000,7000,0,0
063052,國巨統一9C購10  ,0,0,0,0,0,0,0,0,0,0,0,0,0,2000,2000,0,0
063031,鴻海凱基9C購01  ,0,0,0,0,0,0,0,0,0,0,0,0,0,2000,2000,0,0
063019,聯發科元大9C購01,0,0,0,0,0,0,0,0,0,0,0,0,0,16000,16000,0,0
063358,華擎國泰01購01  ,0,0,0,0,0,0,0,0,0,0,0,0,0,11000,11000,0,0
063370,國巨永豐9B購03  ,0,0,0,0,0,0,0,0,0,0,0,0,0,2000,2000,0,0
063361,台表科國泰01購02,0,0,0,0,0,0,0,0,0,0,0,0,0,84000,84000,0,0
063329,健策國票9C購01  ,0,0,0,0,0,0,0,0,0,0,0,0,0,20000,20000,0,0
062495,友達中信01購02  ,0,0,0,0,0,0,0,0,0,0,0,0,0,20000,20000,0,0
061873,友達元大9C購07  ,0,0,0,0,0,0,0,0,0,0,0,0,0,6000,6000,0,0
061395,健策統一9C購02  ,0,0,0,0,0,0,0,0,0,0,0,0,0,5000,5000,0,0
061919,國巨凱基9B購06  ,0,0,0,0,0,0,0,0,0,0,0,0,0,40000,40000,0,0
061434,國巨麥證9A購04  ,0,0,0,0,2000,-2000,0,0,0,0,0,0,0,2000,2000,0,0
061481,嘉澤元大9A購03  ,0,0,0,0,0,0,0,0,0,0,0,0,0,1000,1000,0,0
061482,健策元大9C購01  ,0,0,0,0,0,0,0,0,0,0,0,0,0,2000,2000,0,0
061458,臻鼎凱基9A購02  ,0,0,0,0,0,0,0,0,0,0,0,0,0,20000,20000,0,0
063465,友達元大9C購10  ,0,0,0,0,0,0,0,0,0,0,0,0,0,42000,42000,0,0
061635,台積電元大9A購34,0,0,0,0,0,0,0,0,0,0,0,0,0,60000,60000,0,0
061644,健策元大9C購02  ,0,0,0,0,0,0,0,0,0,0,0,0,0,2000,2000,0,0
061706,旭富國票9A購02  ,0,0,0,0,0,0,0,0,0,0,0,0,0,280000,280000,0,0
060959,金像電凱基9A購01,0,0,0,0,0,0,0,0,0,0,0,0,0,1000,1000,0,0
061535,群創統一9C購01  ,0,0,0,0,0,0,0,0,0,0,0,0,0,17000,17000,0,0
061499,嘉晶國票9A購03  ,0,0,0,0,0,0,0,0,0,0,0,0,0,7000,7000,0,0
061974,光寶科元大9B購01,0,0,0,0,0,0,0,0,0,0,0,0,0,4000,4000,0,0
062202,國巨國票9C購04  ,0,0,0,0,0,0,0,0,0,0,0,0,0,5000,5000,0,0
062246,力山元大9B購02  ,0,0,0,0,0,0,0,0,0,0,0,0,0,10000,10000,0,0
062247,國巨元大9B購07  ,0,0,0,0,0,0,0,0,0,0,0,0,0,52000,52000,0,0
062248,國巨元大9B購08  ,0,0,0,0,0,0,0,0,0,0,0,0,0,55000,55000,0,0
062141,遠東新國票9B購01,0,0,0,0,0,0,0,0,0,0,0,0,0,3000,3000,0,0
062134,國巨群益9B購04  ,0,0,0,0,0,0,0,0,0,0,0,0,0,1000,1000,0,0
061573,義隆元大9A購02  ,0,0,0,0,0,0,0,0,0,0,0,0,0,2000,2000,0,0
061568,國巨元大9A購25  ,0,0,0,0,0,0,0,0,0,0,0,0,0,1000,1000,0,0
060816,世紀鋼凱基9C購02,0,0,0,0,0,0,0,0,0,0,0,0,0,10000,10000,0,0
060706,群創富邦9A購01  ,0,0,0,0,0,0,0,0,0,0,0,0,0,13000,13000,0,0
060841,宏達電國票9B購01,0,0,0,0,0,0,0,0,0,0,0,0,0,34000,34000,0,0
060339,國巨統一01購01  ,0,0,0,0,0,0,0,0,0,0,0,0,0,2000,2000,0,0
061021,聯電國泰9B購01  ,0,0,0,0,0,0,0,0,0,0,0,0,0,2000,2000,0,0
060355,元金2X元富9C購01,0,0,0,0,0,0,0,0,0,0,0,0,0,3000,3000,0,0
060550,可成凱基9A購02  ,0,0,0,0,0,0,0,0,0,0,0,0,0,70000,70000,0,0
060621,玉晶光元大9A購05,0,0,0,0,0,0,0,0,0,0,0,0,0,1000,1000,0,0
060601,技嘉凱基9A購02  ,0,0,0,0,0,0,0,0,0,0,0,0,0,10000,10000,0,0
060652,滬深2X群益9C購04,0,0,0,0,0,0,0,0,0,0,0,0,0,198000,198000,0,0
060653,全新群益9A購02  ,0,0,0,0,0,0,0,0,0,0,0,0,0,10000,10000,0,0
060656,國巨統一9C購03  ,0,0,0,0,0,0,0,0,0,0,0,0,0,2000,2000,0,0
060511,群創元大9B購08  ,0,0,0,0,0,0,0,0,0,0,0,0,0,15000,15000,0,0
060469,台勝科元大9A購02,0,0,0,0,0,0,0,0,0,0,0,0,0,10000,10000,0,0
060425,凌華永豐9A購01  ,0,0,0,0,0,0,0,0,0,0,0,0,0,1000,1000,0,0
062660,神隆群益9B購02  ,0,0,0,0,0,0,0,0,0,0,0,0,0,24000,24000,0,0
062685,華新科統一9C購03,0,0,0,0,0,0,0,0,0,0,0,0,0,1000,1000,0,0
060369,滬深2X元富01購01,0,0,0,0,0,0,0,0,0,0,0,0,0,2000,2000,0,0
062593,健策統一9B購03  ,0,0,0,0,0,0,0,0,0,0,0,0,0,11000,11000,0,0
062315,健策凱基9C購01  ,0,0,0,0,0,0,0,0,0,0,0,0,0,13000,13000,0,0
062371,健策元大9B購08  ,0,0,0,0,0,0,0,0,0,0,0,0,0,4000,4000,0,0
062385,玉晶光國泰01購01,0,0,0,0,0,0,0,0,0,0,0,0,0,1000,1000,0,0
062448,健策元大9C購04  ,0,0,0,0,0,0,0,0,0,0,0,0,0,7000,7000,0,0
064063,健策國泰01購02  ,0,0,0,0,0,0,0,0,0,0,0,0,0,96000,96000,0,0
063979,健鼎兆豐9C購01  ,0,0,0,0,0,0,0,0,0,0,0,0,0,20000,20000,0,0
063868,嘉晶永豐9C購01  ,0,0,0,0,0,0,0,0,0,0,0,0,0,10000,10000,0,0
063858,鴻海國泰02購01  ,0,0,0,0,0,0,0,0,0,0,0,0,0,227000,227000,0,0
061290,玉晶光統一01購04,0,0,0,0,0,0,0,0,0,0,0,0,0,3000,3000,0,0
061280,國巨統一9C購06  ,0,0,0,0,0,0,0,0,0,0,0,0,0,2000,2000,0,0
061088,國巨統一9C購05  ,0,0,0,0,0,0,0,0,0,0,0,0,0,2000,2000,0,0
061067,貿聯凱基9A購03  ,0,0,0,0,0,0,0,0,0,0,0,0,0,70000,70000,0,0
061053,國巨群益9A購08  ,0,0,0,0,0,0,0,0,0,0,0,0,0,2000,2000,0,0
065982,T50反1國泰02購01,0,0,0,0,0,0,0,0,0,0,0,0,0,135000,135000,0,0
065725,技嘉凱基9C購03  ,0,0,0,0,0,0,0,0,0,0,0,0,0,47000,47000,0,0
065758,嘉澤元大9C購03  ,0,0,0,0,0,0,0,0,0,0,0,0,0,49000,49000,0,0
066062,同欣電元大01購02,0,0,0,0,0,0,0,0,0,0,0,0,0,1000,1000,0,0
06637P,大立光凱基98售15,0,0,0,0,0,0,0,0,0,0,0,0,0,200000,200000,0,0
066601,上証2X富邦02購01,0,0,0,0,0,0,0,0,0,0,0,0,0,3000,3000,0,0
066728,台積電元大01購15,0,0,0,0,0,0,0,0,0,0,0,0,0,1000,1000,0,0
066708,嘉澤群益02購01  ,0,0,0,0,0,0,0,0,0,0,0,0,0,42000,42000,0,0
066874,A50正2富邦02購01,0,0,0,0,0,0,0,0,0,0,0,0,0,14000,14000,0,0
066939,TPK國票02購02   ,0,0,0,0,0,0,0,0,0,0,0,0,0,4000,4000,0,0
065008,TPK國票01購02   ,0,0,0,0,0,0,0,0,0,0,0,0,0,3000,3000,0,0
064984,同欣電元大9C購06,0,0,0,0,0,0,0,0,0,0,0,0,0,1000,1000,0,0
065144,大立光凱基01購06,0,0,0,0,0,0,0,0,0,0,0,0,0,5000,5000,0,0
065196,技嘉元富06購01  ,0,0,0,0,0,0,0,0,0,0,0,0,0,5000,5000,0,0
065179,同欣電元大02購01,0,0,0,0,0,0,0,0,0,0,0,0,0,2000,2000,0,0
065291,日電貿群益01購01,0,0,0,0,0,0,0,0,0,0,0,0,0,10000,10000,0,0
065410,國巨永豐9C購01  ,0,0,0,0,0,0,0,0,0,0,0,0,0,5000,5000,0,0
065691,國巨群益9C購16  ,0,0,0,0,0,0,0,0,0,0,0,0,0,1000,1000,0,0
065692,國巨群益9C購17  ,0,0,0,0,0,0,0,0,0,0,0,0,0,1000,1000,0,0
065543,緯穎元富01購01  ,0,0,0,0,0,0,0,0,0,0,0,0,0,165000,165000,0,0
064437,可成凱基02購01  ,0,0,0,0,0,0,0,0,0,0,0,0,0,5000,5000,0,0
064333,義隆元大9C購02  ,0,0,0,0,0,0,0,0,0,0,0,0,0,2000,2000,0,0
064308,國巨群益9C購09  ,0,0,0,0,0,0,0,0,0,0,0,0,0,1000,1000,0,0
064310,華新科群益9C購02,0,0,0,0,0,0,0,0,0,0,0,0,0,10000,10000,0,0
064577,大立光國泰02購01,0,0,0,0,0,0,0,0,0,0,0,0,0,50000,50000,0,0
064458,玉晶光統一01購09,0,0,0,0,0,0,0,0,0,0,0,0,0,3000,3000,0,0
064497,可成元大01購02  ,0,0,0,0,0,0,0,0,0,0,0,0,0,5000,5000,0,0
064488,台達電元大9C購01,0,0,0,0,0,0,0,0,0,0,0,0,0,8000,8000,0,0
064521,群創群益02購01  ,0,0,0,0,0,0,0,0,0,0,0,0,0,1000,1000,0,0
064669,健策元大01購03  ,0,0,0,0,0,0,0,0,0,0,0,0,0,5000,5000,0,0
06466P,台積電統一9B售01,0,0,0,0,0,0,0,0,0,0,0,0,0,60000,60000,0,0
064688,國巨群益9C購11  ,0,0,0,0,0,0,0,0,0,0,0,0,0,1000,1000,0,0
064646,群創凱基02購01  ,0,0,0,0,0,0,0,0,0,0,0,0,0,69000,69000,0,0
8427,基勝-KY         ,1000,1000,0,0,0,0,0,0,0,0,0,0,0,0,0,0,0
9918,欣天然          ,1000,0,1000,0,0,0,0,0,0,-1000,1000,2000,-1000,0,0,0,0
6655,科定            ,1000,1000,0,0,0,0,0,0,0,0,0,0,0,0,0,0,0
08850P,台光電群益01售03,0,0,0,0,0,0,0,0,0,0,0,0,0,60000,60000,0,0
08793P,聯詠中信07售02  ,0,0,0,0,0,0,0,0,0,0,0,0,0,30000,30000,0,0
08682P,鴻海凱基01售06  ,0,0,0,0,0,0,0,0,0,0,0,0,0,1000,1000,0,0
08508P,臺股指國票9C售09,0,0,0,0,0,0,0,0,0,0,0,0,0,30000,30000,0,0
08465P,玉晶光兆豐01售02,0,0,0,0,0,0,0,0,0,0,0,0,0,4000,4000,0,0
1465,偉全            ,1000,1000,0,0,0,0,0,0,0,0,0,0,0,0,0,0,0
1539,巨庭            ,2000,2000,0,0,0,0,0,0,0,0,0,0,0,0,0,0,0
1583,程泰            ,1000,1000,0,0,0,0,0,0,0,0,0,0,0,0,0,0,0
1737,臺鹽            ,6000,6000,0,0,0,0,0,0,0,0,0,0,0,0,0,0,0
1417,嘉裕            ,36000,36000,0,0,0,0,0,0,0,0,0,0,0,0,0,0,0
1446,宏和            ,2000,2000,0,0,0,0,0,0,0,0,0,0,0,0,0,0,0
1436,華友聯          ,1000,1000,0,0,0,0,0,0,0,0,0,0,0,0,0,0,0
08987P,臻鼎元富07售02  ,0,0,0,0,0,0,0,0,0,0,0,0,0,50000,50000,0,0
2359,所羅門          ,83000,83000,0,0,0,0,0,0,0,0,0,0,0,0,0,0,0
2243,宏旭-KY         ,1000,1000,0,0,0,0,0,0,0,0,0,0,0,0,0,0,0
5285,界霖            ,5000,5000,0,0,0,0,0,0,0,0,0,0,0,0,0,0,0
5706,鳳凰            ,1000,1000,0,0,0,0,0,0,0,0,0,0,0,0,0,0,0
6117,迎廣            ,3000,3000,0,0,0,0,0,0,0,0,0,0,0,0,0,0,0
3025,星通            ,2000,2000,0,0,0,0,0,0,0,0,0,0,0,0,0,0,0
3383,新世紀          ,1000,1000,0,0,0,0,0,0,0,0,0,0,0,0,0,0,0
3550,聯穎            ,0,1000,-1000,0,0,0,0,0,0,1000,1000,0,1000,0,0,0,0
06770P,台灣50第一9C售01,0,0,0,0,0,0,0,0,0,-1000,0,0,0,0,1000,-1000,-1000
067719,旺宏凱基01購03  ,0,0,0,0,0,0,0,0,0,-1000,0,0,0,7000,8000,-1000,-1000
067618,臺股指凱基01購14,0,0,0,0,0,0,0,0,0,-1000,0,0,0,4000,5000,-1000,-1000
067881,香港2X群益01購02,0,0,0,0,0,0,0,0,0,-1000,0,0,0,0,1000,-1000,-1000
067896,玉晶光群益02購10,0,0,0,0,0,0,0,0,0,-1000,0,0,0,47000,48000,-1000,-1000
068111,大成鋼元富07購01,0,0,0,0,0,0,0,0,0,-1000,0,0,0,0,1000,-1000,-1000
067004,義隆永豐01購01  ,0,0,0,0,0,0,0,0,0,-1000,0,0,0,103000,104000,-1000,-1000
067512,台郡統一02購03  ,0,0,0,0,0,0,0,0,0,-1000,0,0,0,0,1000,-1000,-1000
08162P,台灣50台新9C售06,0,0,0,0,0,0,0,0,0,-1000,0,0,0,0,1000,-1000,-1000
08287P,茂林凱基9C售02  ,0,0,0,0,0,0,0,0,0,-1000,0,0,0,44000,45000,-1000,-1000
08290P,高鐵統一01售01  ,0,0,0,0,0,0,0,0,0,-1000,0,0,0,1000,2000,-1000,-1000
07754P,日月光元大9A售02,0,0,0,0,0,0,0,0,0,-1000,0,0,0,0,1000,-1000,-1000
07713P,台郡元大9A售03  ,0,0,0,0,0,0,0,0,0,-1000,0,0,0,0,1000,-1000,-1000
07802P,瑞昱永豐9A售03  ,0,0,0,0,0,0,0,0,0,-1000,0,0,0,0,1000,-1000,-1000
07899P,和大凱基9B售01  ,0,0,0,0,0,0,0,0,0,-1000,0,0,0,0,1000,-1000,-1000
07901P,臺股指凱基9B售04,0,0,0,0,0,0,0,0,0,-1000,0,0,0,0,1000,-1000,-1000
068933,奇鋐永豐02購01  ,0,0,0,0,0,0,0,0,0,-1000,0,0,0,0,1000,-1000,-1000
068806,景碩群益03購01  ,0,0,0,0,0,0,0,0,0,-1000,0,0,0,3000,4000,-1000,-1000
068639,神基凱基03購01  ,0,0,0,0,0,0,0,0,0,-1000,0,0,0,0,1000,-1000,-1000
068697,聯詠凱基03購02  ,0,0,0,0,0,0,0,0,0,-1000,0,0,0,26000,27000,-1000,-1000
068587,T50反1元富07購05,0,0,0,0,0,0,0,0,0,-1000,0,0,0,0,1000,-1000,-1000
068266,國巨永豐01購02  ,0,0,0,0,0,0,0,0,0,-1000,0,0,0,0,1000,-1000,-1000
068398,上証2X元富07購04,0,0,0,0,0,0,0,0,0,-1000,0,0,0,0,1000,-1000,-1000
068365,大立光國泰03購06,0,0,0,0,0,0,0,0,0,-1000,0,0,0,509000,510000,-1000,-1000
058531,華通元富99購01  ,0,0,0,0,0,0,0,0,0,-1000,0,0,0,3000,4000,-1000,-1000
058471,台積電日盛9C購01,0,0,0,0,0,0,0,0,0,-1000,0,0,0,10000,11000,-1000,-1000
058585,S&P正2中信9B購02,0,0,0,0,0,0,0,0,0,-1000,0,0,0,0,1000,-1000,-1000
057925,貿聯凱基99購01  ,0,0,0,0,0,0,0,0,0,-1000,0,0,0,0,1000,-1000,-1000
057652,欣興永昌9C購01  ,0,0,0,0,0,0,0,0,0,-1000,0,0,0,1000,2000,-1000,-1000
058261,大立光富邦03購01,0,0,0,0,0,0,0,0,0,-1000,0,0,0,0,1000,-1000,-1000
058119,華新亞東99購01  ,0,0,0,0,0,0,0,0,0,-1000,0,0,0,0,1000,-1000,-1000
057957,嘉晶元大98購01  ,0,0,0,0,0,0,0,0,0,-1000,0,0,0,2000,3000,-1000,-1000
059973,A50正2元大99購02,0,0,0,0,0,0,0,0,0,-1000,0,0,0,0,1000,-1000,-1000
059476,道瓊指群益9C購01,0,0,0,0,0,0,0,0,0,-1000,0,0,0,0,1000,-1000,-1000
059415,台灣50元大9A購03,0,0,0,0,0,0,0,0,0,-1000,0,0,0,2000,3000,-1000,-1000
062795,國巨統一9B購15  ,0,0,0,0,0,0,0,0,0,-1000,0,0,0,3000,4000,-1000,-1000
062848,臺股指富邦9B購02,0,0,0,0,0,0,0,0,0,-1000,0,0,0,0,1000,-1000,-1000
063221,京元電群益9B購02,0,0,0,0,0,0,0,0,0,-1000,0,0,0,4000,5000,-1000,-1000
063171,光寶科中信9B購01,0,0,0,0,0,0,0,0,0,-1000,0,0,0,4000,5000,-1000,-1000
058642,旺宏麥證9A購01  ,0,0,0,0,1000,-1000,0,0,0,-1000,0,0,0,0,1000,-1000,-1000
058631,鈺齊國票9A購01  ,0,0,0,0,0,0,0,0,0,-1000,0,0,0,10000,11000,-1000,-1000
058899,旺宏元大99購10  ,0,0,0,0,0,0,0,0,0,-1000,0,0,0,63000,64000,-1000,-1000
058768,南港兆豐99購01  ,0,0,0,0,0,0,0,0,0,-1000,0,0,0,0,1000,-1000,-1000
059142,道瓊指國票9B購02,0,0,0,0,0,0,0,0,0,-1000,0,0,0,0,1000,-1000,-1000
058985,可成凱基99購03  ,0,0,0,0,0,0,0,0,0,-1000,0,0,0,0,1000,-1000,-1000
059047,元油2X凱基9A購10,0,0,0,0,0,0,0,0,0,-1000,0,0,0,0,1000,-1000,-1000
056813,聯茂統一99購01  ,0,0,0,0,0,0,0,0,0,-1000,0,0,0,0,1000,-1000,-1000
055176,大毅統一98購02  ,0,0,0,0,0,0,0,0,0,-1000,0,0,0,0,1000,-1000,-1000
052328,台表科中信99購01,0,0,0,0,0,0,0,0,0,-1000,0,0,0,16000,17000,-1000,-1000
053186,健策中信9C購01  ,0,0,0,0,0,0,0,0,0,-1000,0,0,0,10000,11000,-1000,-1000
059721,旺宏元大99購16  ,0,0,0,0,0,0,0,0,0,-1000,0,0,0,0,1000,-1000,-1000
057164,國巨元大98購14  ,0,0,0,0,0,0,0,0,0,-1000,0,0,0,0,1000,-1000,-1000
057113,祥碩群益98購01  ,0,0,0,0,0,0,0,0,0,-1000,0,0,0,0,1000,-1000,-1000
057249,華邦電統一9A購01,0,0,0,0,0,0,0,0,0,-1000,0,0,0,0,1000,-1000,-1000
055813,聯發科國票98購04,0,0,0,0,0,0,0,0,0,-1000,0,0,0,0,1000,-1000,-1000
03006X,元展06          ,0,0,0,0,0,0,0,0,0,-1000,0,0,0,0,1000,-1000,-1000
03240P,臺股指元大02售05,0,0,0,0,0,0,0,0,0,-1000,0,0,0,0,1000,-1000,-1000
03282P,京元電凱基02售01,0,0,0,0,0,0,0,0,0,-1000,0,0,0,0,1000,-1000,-1000
057364,國巨元大98購18  ,0,0,0,0,0,0,0,0,0,-1000,0,0,0,0,1000,-1000,-1000
057335,技嘉國票99購01  ,0,0,0,0,0,0,0,0,0,-1000,0,0,0,0,1000,-1000,-1000
03196P,台積電元富07售15,0,0,0,0,0,0,0,0,0,-1000,0,0,0,0,1000,-1000,-1000
03096P,台積電凱基03售05,0,0,0,0,0,0,0,0,0,-1000,0,0,0,0,1000,-1000,-1000
03052X,元展49          ,0,0,0,0,0,0,0,0,0,-1000,0,0,0,0,1000,-1000,-1000
03094X,大立光元大68展08,0,0,0,0,0,0,0,0,0,-1000,0,0,0,0,1000,-1000,-1000
0057,富邦摩台        ,0,0,0,0,0,0,0,0,0,-1000,0,0,0,20000,21000,-1000,-1000
03001P,玉晶光群益02售17,0,0,0,0,0,0,0,0,0,-1000,0,0,0,49000,50000,-1000,-1000
020011,統一微波高息20N ,0,0,0,0,0,0,0,0,0,-1000,0,0,0,20000,21000,-1000,-1000
061282,台積電統一9C購06,0,0,0,0,0,0,0,0,0,-1000,0,0,0,1000,2000,-1000,-1000
061233,國巨元大9A購17  ,0,0,0,0,0,0,0,0,0,-1000,0,0,0,2000,3000,-1000,-1000
061234,國巨元大9A購18  ,0,0,0,0,0,0,0,0,0,-1000,0,0,0,52000,53000,-1000,-1000
061188,大成鋼富邦9B購01,0,0,0,0,0,0,0,0,0,-1000,0,0,0,0,1000,-1000,-1000
061381,台灣50群益9B購07,0,0,0,0,0,0,0,0,0,-1000,0,0,0,0,1000,-1000,-1000
063865,旺宏永豐9C購01  ,0,0,0,0,0,0,0,0,0,-1000,0,0,0,0,1000,-1000,-1000
063844,台積電元大9C購05,0,0,0,0,0,0,0,0,0,-1000,0,0,0,42000,43000,-1000,-1000
063841,國巨元大01購01  ,0,0,0,0,0,0,0,0,0,-1000,0,0,0,90000,91000,-1000,-1000
064003,台積電凱基01購03,0,0,0,0,0,0,0,0,0,-1000,0,0,0,0,1000,-1000,-1000
062415,聯茂中信9C購01  ,0,0,0,0,0,0,0,0,0,-1000,0,0,0,0,1000,-1000,-1000
062053,華通統一9C購02  ,0,0,0,0,0,0,0,0,0,-1000,0,0,0,0,1000,-1000,-1000
062042,台勝科凱基9C購01,0,0,0,0,0,0,0,0,0,-1000,0,0,0,0,1000,-1000,-1000
062629,聯發科國票9C購01,0,0,0,0,0,0,0,0,0,-1000,0,0,0,3000,4000,-1000,-1000
060343,台積電統一9C購02,0,0,0,0,0,0,0,0,0,-1000,0,0,0,11000,12000,-1000,-1000
060802,道瓊指中信9C購03,0,0,0,0,0,0,0,0,0,-1000,0,0,0,0,1000,-1000,-1000
062135,國巨群益9B購05  ,0,0,0,0,0,0,0,0,0,-1000,0,0,0,0,1000,-1000,-1000
062235,億光凱基9B購01  ,0,0,0,0,0,0,0,0,0,-1000,0,0,0,11000,12000,-1000,-1000
061728,華新科麥證9A購02,0,0,0,0,1000,-1000,0,0,0,-1000,0,0,0,0,1000,-1000,-1000
061407,鴻海國票9A購07  ,0,0,0,0,0,0,0,0,0,-1000,0,0,0,0,1000,-1000,-1000
061871,瑞昱元大9B購01  ,0,0,0,0,0,0,0,0,0,-1000,0,0,0,2000,3000,-1000,-1000
061886,力山國泰01購01  ,0,0,0,0,0,0,0,0,0,-1000,0,0,0,10000,11000,-1000,-1000
062503,玉晶光群益01購03,0,0,0,0,0,0,0,0,0,-1000,0,0,0,5000,6000,-1000,-1000
063524,瑞昱凱基9B購05  ,0,0,0,0,0,0,0,0,0,-1000,0,0,0,0,1000,-1000,-1000
064743,聯詠國票01購01  ,0,0,0,0,0,0,0,0,0,-1000,0,0,0,1000,2000,-1000,-1000
064502,大立光元大9C購19,0,0,0,0,0,0,0,0,0,-1000,0,0,0,0,1000,-1000,-1000
064571,帆宣群益9C購01  ,0,0,0,0,0,0,0,0,0,-1000,0,0,0,0,1000,-1000,-1000
064595,超眾統一02購01  ,0,0,0,0,0,0,0,0,0,-1000,0,0,0,0,1000,-1000,-1000
064367,貿聯統一01購02  ,0,0,0,0,0,0,0,0,0,-1000,0,0,0,0,1000,-1000,-1000
06556P,臺股指元大99售08,0,0,0,0,0,0,0,0,0,-1000,0,0,0,0,1000,-1000,-1000
065541,GIS統一01購05   ,0,0,0,0,0,0,0,0,0,-1000,0,0,0,218000,219000,-1000,-1000
065506,道瓊指群益9C購03,0,0,0,0,0,0,0,0,0,-1000,0,0,0,0,1000,-1000,-1000
065328,緯穎凱基9C購03  ,0,0,0,0,0,0,0,0,0,-1000,0,0,0,0,1000,-1000,-1000
066928,台達電國票01購02,0,0,0,0,0,0,0,0,0,-1000,0,0,0,1000,2000,-1000,-1000
066923,滬深2X國票02購01,0,0,0,0,0,0,0,0,0,-1000,0,0,0,144000,145000,-1000,-1000
066787,聯發科麥證01購06,0,0,0,10000,11000,-1000,0,0,0,-1000,0,0,0,10000,11000,-1000,-1000
066655,上証2X凱基03購03,0,0,0,0,0,0,0,0,0,-1000,0,0,0,0,1000,-1000,-1000
066585,臺指反群益01購01,0,0,0,0,0,0,0,0,0,-1000,0,0,0,0,1000,-1000,-1000
066353,台塑化永豐01購01,0,0,0,0,0,0,0,0,0,-1000,0,0,0,0,1000,-1000,-1000
06602P,國巨統一99售02  ,0,0,0,0,0,0,0,0,0,-1000,0,0,0,0,1000,-1000,-1000
066289,晶碩元大02購01  ,0,0,0,0,0,0,0,0,0,-1000,0,0,0,0,1000,-1000,-1000
065996,T50反1第一01購01,0,0,0,0,0,0,0,0,0,-1000,0,0,0,0,1000,-1000,-1000
065871,南亞科群益9C購03,0,0,0,0,0,0,0,0,0,-1000,0,0,0,9000,10000,-1000,-1000
3308,聯德            ,0,1000,-1000,0,0,0,0,0,0,0,0,0,0,0,0,0,-1000
3046,建碁            ,0,1000,-1000,0,0,0,0,0,0,0,0,0,0,0,0,0,-1000
6120,達運            ,82000,83000,-1000,0,0,0,0,0,0,0,0,0,0,0,0,0,-1000
5906,台南-KY         ,0,1000,-1000,0,0,0,0,0,0,0,0,0,0,0,0,0,-1000
5484,慧友            ,0,1000,-1000,0,0,0,0,0,0,0,0,0,0,0,0,0,-1000
5283,禾聯碩          ,0,1000,-1000,0,0,0,0,0,0,0,0,0,0,0,0,0,-1000
4545,銘鈺            ,8000,9000,-1000,0,0,0,0,0,0,0,0,0,0,0,0,0,-1000
4552,力達-KY         ,14000,15000,-1000,0,0,0,0,0,0,0,0,0,0,0,0,0,-1000
4807,日成-KY         ,0,1000,-1000,0,0,0,0,0,0,0,0,0,0,0,0,0,-1000
2236,百達-KY         ,0,1000,-1000,0,0,0,0,0,0,0,0,0,0,0,0,0,-1000
2462,良得電          ,0,1000,-1000,0,0,0,0,0,0,0,0,0,0,0,0,0,-1000
2433,互盛電          ,4000,5000,-1000,0,0,0,0,0,0,0,0,0,0,0,0,0,-1000
2477,美隆電          ,3000,4000,-1000,0,0,0,0,0,0,0,0,0,0,0,0,0,-1000
2712,遠雄來          ,0,1000,-1000,0,0,0,0,0,0,0,0,0,0,0,0,0,-1000
2904,匯僑            ,0,1000,-1000,0,0,0,0,0,0,0,0,0,0,0,0,0,-1000
2910,統領            ,0,1000,-1000,0,0,0,0,0,0,0,0,0,0,0,0,0,-1000
3011,今皓            ,0,1000,-1000,0,0,0,0,0,0,0,0,0,0,0,0,0,-1000
3015,全漢            ,0,1000,-1000,0,0,0,0,0,0,0,0,0,0,0,0,0,-1000
08979P,電子類群益01售01,0,0,0,0,0,0,0,0,0,-1000,0,0,0,8000,9000,-1000,-1000
08996P,華通群益02售05  ,0,0,0,0,0,0,0,0,0,-1000,0,0,0,0,1000,-1000,-1000
1443,立益            ,0,1000,-1000,0,0,0,0,0,0,0,0,0,0,0,0,0,-1000
1323,永裕            ,1000,2000,-1000,0,0,0,0,0,0,0,0,0,0,0,0,0,-1000
1233,天仁            ,0,1000,-1000,0,0,0,0,0,0,0,0,0,0,0,0,0,-1000
1219,福壽            ,4000,5000,-1000,0,0,0,0,0,0,0,0,0,0,0,0,0,-1000
1906,寶隆            ,2000,3000,-1000,0,0,0,0,0,0,0,0,0,0,0,0,0,-1000
2033,佳大            ,1000,2000,-1000,0,0,0,0,0,0,0,0,0,0,0,0,0,-1000
2028,威致            ,0,1000,-1000,0,0,0,0,0,0,0,0,0,0,0,0,0,-1000
1470,大統新創        ,0,1000,-1000,0,0,0,0,0,0,0,0,0,0,0,0,0,-1000
1525,江申            ,0,1000,-1000,0,0,0,0,0,0,0,0,0,0,0,0,0,-1000
08520P,和大元大9C售04  ,0,0,0,0,0,0,0,0,0,-1000,0,0,0,30000,31000,-1000,-1000
08636P,華通國票01售03  ,0,0,0,0,0,0,0,0,0,-1000,0,0,0,0,1000,-1000,-1000
08639P,聯發科永豐9C售03,0,0,0,0,0,0,0,0,0,-1000,0,0,0,0,1000,-1000,-1000
08860P,鴻海統一01售06  ,0,0,0,0,0,0,0,0,0,-1000,0,0,0,0,1000,-1000,-1000
6464,台數科          ,0,1000,-1000,0,0,0,0,0,0,0,0,0,0,0,0,0,-1000
6442,光聖            ,0,1000,-1000,0,0,0,0,0,0,0,0,0,0,0,0,0,-1000
6671,三能-KY         ,0,1000,-1000,0,0,0,0,0,0,0,0,0,0,0,0,0,-1000
9929,秋雨            ,0,1000,-1000,0,0,0,0,0,0,0,0,0,0,0,0,0,-1000
9926,新海            ,2000,1000,1000,0,0,0,0,0,0,-2000,0,2000,-2000,0,0,0,-1000
9931,欣高            ,0,1000,-1000,0,0,0,0,0,0,0,0,0,0,0,0,0,-1000
8463,潤泰材          ,8000,9000,-1000,0,0,0,0,0,0,0,0,0,0,0,0,0,-1000
8478,東哥遊艇        ,2000,3000,-1000,0,0,0,0,0,0,0,0,0,0,0,0,0,-1000
8481,政伸            ,0,1000,-1000,0,0,0,0,0,0,0,0,0,0,0,0,0,-1000
8488,吉源-KY         ,0,1000,-1000,0,0,0,0,0,0,0,0,0,0,0,0,0,-1000
068280,滬深2X中信01購03,0,0,0,0,0,0,0,0,0,-2000,0,0,0,0,2000,-2000,-2000
068766,台積電統一04購04,0,0,0,0,0,0,0,0,0,-2000,0,0,0,0,2000,-2000,-2000
068896,聯詠元大02購02  ,0,0,0,0,0,0,0,0,0,-2000,0,0,0,0,2000,-2000,-2000
07641P,上銀凱基9A售05  ,0,0,0,0,0,0,0,0,0,-2000,0,0,0,0,2000,-2000,-2000
07555P,玉晶光元大9A售07,0,0,0,0,0,0,0,0,0,-2000,0,0,0,0,2000,-2000,-2000
07293P,臺股指凱基99售45,0,0,0,0,0,0,0,0,0,-2000,0,0,0,0,2000,-2000,-2000
07876P,台灣50國泰01售01,0,0,0,0,0,0,0,0,0,-2000,0,0,0,0,2000,-2000,-2000
08314P,國巨元大9C售14  ,0,0,0,0,0,0,0,0,0,-2000,0,0,0,0,2000,-2000,-2000
08408P,臺股指元大9C售14,0,0,0,0,0,0,0,0,0,-2000,0,0,0,0,2000,-2000,-2000
08069P,大立光國泰01售02,0,0,0,0,0,0,0,0,0,-2000,0,0,0,6000,8000,-2000,-2000
067320,訊連元大01購01  ,0,0,0,0,0,0,0,0,0,-2000,0,0,0,19000,21000,-2000,-2000
067227,T50反1群益01購06,0,0,0,0,0,0,0,0,0,-2000,0,0,0,0,2000,-2000,-2000
068107,台灣50台新01購06,0,0,0,0,0,0,0,0,0,-2000,0,0,0,10000,12000,-2000,-2000
068206,牧德凱基01購03  ,0,0,0,0,0,0,0,0,0,-2000,0,0,0,7000,9000,-2000,-2000
067885,台積電群益02購02,0,0,0,0,0,0,0,0,0,-2000,0,0,0,0,2000,-2000,-2000
067612,超眾凱基02購03  ,0,0,0,0,0,0,0,0,0,-2000,0,0,0,0,2000,-2000,-2000
067715,泰豐凱基02購01  ,0,0,0,0,0,0,0,0,0,-2000,0,0,0,0,2000,-2000,-2000
067703,臺股指國票01購11,0,0,0,0,0,0,0,0,0,-2000,0,0,0,6000,8000,-2000,-2000
00625K,富邦上証+R      ,0,0,0,0,0,0,0,0,0,-2000,0,0,0,50000,52000,-2000,-2000
00663L,國泰臺灣加權正2 ,3000,1000,2000,0,0,0,0,0,0,-4000,0,0,0,4000,8000,-4000,-2000
056037,美律凱基98購03  ,0,0,0,0,0,0,0,0,0,-2000,0,0,0,0,2000,-2000,-2000
03267P,台灣50元大02售06,0,0,0,0,0,0,0,0,0,-2000,0,0,0,0,2000,-2000,-2000
057116,鴻海日盛9A購01  ,0,0,0,0,0,0,0,0,0,-2000,0,0,0,0,2000,-2000,-2000
057229,友達凱基9B購02  ,0,0,0,0,0,0,0,0,0,-2000,0,0,0,0,2000,-2000,-2000
059605,臺股指元大9A購42,0,0,0,0,0,0,0,0,0,-2000,0,0,0,0,2000,-2000,-2000
052130,國巨凱基9B購01  ,0,0,0,0,0,0,0,0,0,-2000,0,0,0,61000,63000,-2000,-2000
054159,T50正2凱基99購01,0,0,0,0,0,0,0,0,0,-2000,0,0,0,0,2000,-2000,-2000
055007,晶相光元富9A購02,0,0,0,0,0,0,0,0,0,-2000,0,0,0,0,2000,-2000,-2000
059006,樺漢元大99購01  ,0,0,0,0,0,0,0,0,0,-2000,0,0,0,0,2000,-2000,-2000
058933,FBVIX台新9B購01 ,0,0,0,0,0,0,0,0,0,-2000,0,0,0,0,2000,-2000,-2000
058832,立積永豐99購01  ,0,0,0,0,0,0,0,0,0,-2000,0,0,0,59000,61000,-2000,-2000
057944,新日興國票99購02,0,0,0,0,0,0,0,0,0,-2000,0,0,0,14000,16000,-2000,-2000
059302,大立光群益99購08,0,0,0,0,0,0,0,0,0,-2000,0,0,0,0,2000,-2000,-2000
062883,智易兆豐9C購01  ,0,0,0,0,0,0,0,0,0,-2000,0,0,0,128000,130000,-2000,-2000
060203,緯穎元富9A購01  ,0,0,0,0,0,0,0,0,0,-2000,0,0,0,0,2000,-2000,-2000
059999,緯穎元富99購01  ,0,0,0,0,0,0,0,0,0,-2000,0,0,0,0,2000,-2000,-2000
060262,臺股指凱基9B購02,0,0,0,0,0,0,0,0,0,-2000,0,0,0,0,2000,-2000,-2000
058160,奇鋐元富99購01  ,0,0,0,0,0,0,0,0,0,-2000,0,0,0,0,2000,-2000,-2000
057864,奇力新凱基99購03,0,0,0,0,0,0,0,0,0,-2000,0,0,0,0,2000,-2000,-2000
058371,智原凱基9A購01  ,0,0,0,0,0,0,0,0,0,-2000,0,0,0,8000,10000,-2000,-2000
062501,台積電群益9C購03,0,0,0,0,0,0,0,0,0,-2000,0,0,0,0,2000,-2000,-2000
063240,聯發科元大9B購17,0,0,0,0,0,0,0,0,0,-2000,0,0,0,0,2000,-2000,-2000
063227,祥碩群益9B購06  ,0,0,0,0,0,0,0,0,0,-2000,0,0,0,3000,5000,-2000,-2000
061852,大立光國票9B購02,0,0,0,0,0,0,0,0,0,-2000,0,0,0,0,2000,-2000,-2000
061448,旺宏中信9A購02  ,0,0,0,0,0,0,0,0,0,-2000,0,0,0,0,2000,-2000,-2000
061719,緯穎凱基9A購06  ,0,0,0,0,0,0,0,0,0,-2000,0,0,0,0,2000,-2000,-2000
061639,晶豪科元大9A購02,0,0,0,0,0,0,0,0,0,-2000,0,0,0,210000,212000,-2000,-2000
061609,華新科統一9C購01,0,0,0,0,0,0,0,0,0,-2000,0,0,0,0,2000,-2000,-2000
062269,葡萄王群益9B購01,0,0,0,0,0,0,0,0,0,-2000,0,0,0,0,2000,-2000,-2000
061975,華通元大9B購01  ,0,0,0,0,0,0,0,0,0,-2000,0,0,0,5000,7000,-2000,-2000
060967,鈺齊凱基9A購02  ,0,0,0,0,0,0,0,0,0,-2000,0,0,0,0,2000,-2000,-2000
060983,南亞科元大9A購06,0,0,0,0,0,0,0,0,0,-2000,0,0,0,41000,43000,-2000,-2000
060810,滬深2X凱基9B購03,0,0,0,0,0,0,0,0,0,-2000,0,0,0,0,2000,-2000,-2000
060709,緯穎富邦9B購01  ,0,0,0,0,0,0,0,0,0,-2000,0,0,0,0,2000,-2000,-2000
060351,滬深2X元富9A購01,0,0,0,0,0,0,0,0,0,-2000,0,0,0,0,2000,-2000,-2000
060419,漢翔永豐9A購01  ,0,0,0,0,0,0,0,0,0,-2000,0,0,0,0,2000,-2000,-2000
060521,鴻海中信01購03  ,0,0,0,0,0,0,0,0,0,-2000,0,0,0,3000,5000,-2000,-2000
060664,聯詠凱基9A購01  ,0,0,0,0,0,0,0,0,0,-2000,0,0,0,0,2000,-2000,-2000
062630,全新國票9B購02  ,0,0,0,0,0,0,0,0,0,-2000,0,0,0,276000,278000,-2000,-2000
062693,中石化元大02購01,0,0,0,0,0,0,0,0,0,-2000,0,0,0,0,2000,-2000,-2000
062553,台積電凱基9B購07,0,0,0,0,0,0,0,0,0,-2000,0,0,0,5000,7000,-2000,-2000
062394,大立光富邦02購01,0,0,0,0,0,0,0,0,0,-2000,0,0,0,0,2000,-2000,-2000
064132,神達元大9C購02  ,0,0,0,0,0,0,0,0,0,-2000,0,0,0,0,2000,-2000,-2000
063945,京元電元大9C購01,0,0,0,0,0,0,0,0,0,-2000,0,0,0,0,2000,-2000,-2000
063911,大立光凱基9C購03,0,0,0,0,0,0,0,0,0,-2000,0,0,0,38000,40000,-2000,-2000
061035,亞光永豐9A購01  ,0,0,0,0,0,0,0,0,0,-2000,0,0,0,0,2000,-2000,-2000
065995,台虹永豐01購01  ,0,0,0,0,0,0,0,0,0,-2000,0,0,0,47000,49000,-2000,-2000
065983,亞德客國泰03購01,0,0,0,0,0,0,0,0,0,-2000,0,0,0,73000,75000,-2000,-2000
065863,臺股指元大9C購37,0,0,0,0,0,0,0,0,0,-2000,0,0,0,0,2000,-2000,-2000
066226,惠特國泰03購01  ,0,0,0,0,0,0,0,0,0,-2000,0,0,0,819000,821000,-2000,-2000
066675,滬深2X兆豐03購01,0,0,0,0,0,0,0,0,0,-2000,0,0,0,0,2000,-2000,-2000
066818,力成兆豐01購01  ,0,0,0,0,0,0,0,0,0,-2000,0,0,0,0,2000,-2000,-2000
066835,台郡群益01購02  ,0,0,0,0,0,0,0,0,0,-2000,0,0,0,0,2000,-2000,-2000
06689P,鴻海中信9C售02  ,0,0,0,0,0,0,0,0,0,-2000,0,0,0,0,2000,-2000,-2000
066885,牧德永豐01購02  ,0,0,0,0,0,0,0,0,0,-2000,0,0,0,0,2000,-2000,-2000
065269,貿聯元大9C購05  ,0,0,0,0,0,0,0,0,0,-2000,0,0,0,112000,114000,-2000,-2000
065211,世芯國票01購03  ,0,0,0,0,0,0,0,0,0,-2000,0,0,0,14000,16000,-2000,-2000
065212,瑞儀國票01購01  ,0,0,0,0,0,0,0,0,0,-2000,0,0,0,0,2000,-2000,-2000
065693,國巨群益9C購18  ,0,0,0,0,0,0,0,0,0,-2000,0,0,0,7000,9000,-2000,-2000
064535,國產國票01購01  ,0,0,0,0,0,0,0,0,0,-2000,0,0,0,8000,10000,-2000,-2000
064443,同欣電凱基03購01,0,0,0,0,0,0,0,0,0,-2000,0,0,0,0,2000,-2000,-2000
064857,T50反1富邦01購02,0,0,0,0,0,0,0,0,0,-2000,0,0,0,0,2000,-2000,-2000
064819,華新統一01購02  ,0,0,0,0,0,0,0,0,0,-2000,0,0,0,207000,209000,-2000,-2000
8466,美吉吉-KY       ,0,2000,-2000,0,0,0,0,0,0,0,0,0,0,0,0,0,-2000
8467,波力-KY         ,2000,4000,-2000,0,0,0,0,0,0,0,0,0,0,0,0,0,-2000
8442,威宏-KY         ,0,2000,-2000,0,0,0,0,0,0,0,0,0,0,0,0,0,-2000
8443,阿瘦            ,0,2000,-2000,0,0,0,0,0,0,0,0,0,0,0,0,0,-2000
9924,福興            ,11000,13000,-2000,0,0,0,0,0,0,0,0,0,0,0,0,0,-2000
8201,無敵            ,1000,3000,-2000,0,0,0,0,0,0,0,0,0,0,0,0,0,-2000
6491,晶碩            ,118000,41000,77000,0,0,0,0,79000,-79000,0,0,0,0,0,0,0,-2000
08798P,聯發科國票01售03,0,0,0,0,0,0,0,0,0,-2000,0,0,0,28000,30000,-2000,-2000
08784P,上証2X元富01售01,0,0,0,0,0,0,0,0,0,-2000,0,0,0,150000,152000,-2000,-2000
08491P,全新元大9C售01  ,0,0,0,0,0,0,0,0,0,-2000,0,0,0,0,2000,-2000,-2000
08546P,可成中信9C售02  ,0,0,0,0,0,0,0,0,0,-2000,0,0,0,10000,12000,-2000,-2000
1530,亞崴            ,0,1000,-1000,0,0,0,0,0,0,-1000,0,1000,-1000,0,0,0,-2000
1506,正道            ,19000,21000,-2000,0,0,0,0,0,0,0,0,0,0,0,0,0,-2000
1587,吉茂            ,14000,16000,-2000,0,0,0,0,0,0,0,0,0,0,0,0,0,-2000
1537,廣隆            ,5000,52000,-47000,0,0,0,49000,4000,45000,0,0,0,0,0,0,0,-2000
1616,億泰            ,0,2000,-2000,0,0,0,0,0,0,0,0,0,0,0,0,0,-2000
2008,高興昌          ,0,2000,-2000,0,0,0,0,0,0,0,0,0,0,0,0,0,-2000
1817,凱撒衛          ,0,2000,-2000,0,0,0,0,0,0,0,0,0,0,0,0,0,-2000
1805,寶徠            ,0,2000,-2000,0,0,0,0,0,0,0,0,0,0,0,0,0,-2000
1724,台硝            ,0,2000,-2000,0,0,0,0,0,0,0,0,0,0,0,0,0,-2000
1225,福懋油          ,0,2000,-2000,0,0,0,0,0,0,0,0,0,0,0,0,0,-2000
1435,中福            ,0,2000,-2000,0,0,0,0,0,0,0,0,0,0,0,0,0,-2000
08978P,臺股指群益01售12,0,0,0,0,0,0,0,0,0,-2000,0,0,0,14000,16000,-2000,-2000
08926P,台積電元富07售06,0,0,0,0,0,0,0,0,0,-2000,0,0,0,103000,105000,-2000,-2000
2838A,聯邦銀甲特      ,0,0,0,0,0,0,0,0,0,-2000,18000,20000,-2000,0,0,0,-2000
2722,夏都            ,13000,15000,-2000,0,0,0,0,0,0,0,0,0,0,0,0,0,-2000
2506,太設            ,0,2000,-2000,0,0,0,0,0,0,0,0,0,0,0,0,0,-2000
2509,全坤建          ,0,2000,-2000,0,0,0,0,0,0,0,0,0,0,0,0,0,-2000
6108,競國            ,16000,18000,-2000,0,0,0,0,0,0,0,0,0,0,0,0,0,-2000
6205,詮欣            ,22000,24000,-2000,0,0,0,0,0,0,0,0,0,0,0,0,0,-2000
3296,勝德            ,2000,4000,-2000,0,0,0,0,0,0,0,2000,2000,0,0,0,0,-2000
068165,南電元大01購08  ,0,0,0,0,0,0,0,0,0,-3000,0,0,0,503000,506000,-3000,-3000
067235,正崴群益02購02  ,0,0,0,0,0,0,0,0,0,-3000,0,0,0,43000,46000,-3000,-3000
08149P,祥碩群益9B售07  ,0,0,0,0,0,0,0,0,0,-3000,0,0,0,0,3000,-3000,-3000
08139P,華新科元大9B售12,0,0,0,0,0,0,0,0,0,-3000,0,0,0,0,3000,-3000,-3000
08264P,南電元大9C售02  ,0,0,0,0,0,0,0,0,0,-3000,0,0,0,0,3000,-3000,-3000
08332P,智邦台新9C售03  ,0,0,0,0,0,0,0,0,0,-3000,0,0,0,60000,63000,-3000,-3000
07920P,大立光中信01售01,0,0,0,0,0,0,0,0,0,-3000,0,0,0,0,3000,-3000,-3000
07987P,大立光統一9B售13,0,0,0,0,0,0,0,0,0,-3000,0,0,0,0,3000,-3000,-3000
068862,義隆元富04購01  ,0,0,0,0,0,0,0,0,0,-3000,0,0,0,7000,10000,-3000,-3000
068880,茂林凱基03購02  ,0,0,0,0,0,0,0,0,0,-3000,0,0,0,0,3000,-3000,-3000
068859,台積電元富08購06,0,0,0,0,0,0,0,0,0,-3000,0,0,0,7000,10000,-3000,-3000
068428,神隆凱基03購01  ,0,0,0,0,0,0,0,0,0,-3000,0,0,0,0,3000,-3000,-3000
068470,台積電群益01購20,0,0,0,0,0,0,0,0,0,-3000,0,0,0,3000,6000,-3000,-3000
068552,台灣50元大01購38,0,0,0,0,0,0,0,0,0,-3000,0,0,0,0,3000,-3000,-3000
068510,鴻海統一03購06  ,0,20000,-20000,0,0,0,0,0,0,17000,0,0,0,60000,43000,17000,-3000
057889,致新群益99購01  ,0,0,0,0,0,0,0,0,0,-3000,0,0,0,0,3000,-3000,-3000
058583,臻鼎群益99購01  ,0,0,0,0,0,0,0,0,0,-3000,0,0,0,0,3000,-3000,-3000
058064,華邦電亞東99購01,0,0,0,0,0,0,0,0,0,-3000,0,0,0,0,3000,-3000,-3000
058025,聯茂國泰99購01  ,0,0,0,0,0,0,0,0,0,-3000,0,0,0,0,3000,-3000,-3000
060308,劍麟永豐9A購01  ,0,0,0,0,0,0,0,0,0,-3000,0,0,0,3000,6000,-3000,-3000
062947,國巨富邦01購01  ,0,0,0,0,0,0,0,0,0,-3000,0,0,0,7000,10000,-3000,-3000
062931,上証2X凱基01購01,0,0,0,0,0,0,0,0,0,-3000,0,0,0,1000,4000,-3000,-3000
062744,超眾國泰9C購01  ,0,0,0,0,0,0,0,0,0,-3000,0,0,0,0,3000,-3000,-3000
059262,致茂中信01購01  ,0,0,0,0,0,0,0,0,0,-3000,0,0,0,44000,47000,-3000,-3000
058770,貿聯兆豐9A購01  ,0,0,0,0,0,0,0,0,0,-3000,0,0,0,10000,13000,-3000,-3000
059126,臺指反中信9B購01,0,0,0,0,0,0,0,0,0,-3000,0,0,0,0,3000,-3000,-3000
053890,華新科群益98購01,0,0,0,0,0,0,0,0,0,-3000,0,0,0,0,3000,-3000,-3000
059832,超眾康和99購01  ,0,0,0,0,0,0,0,0,0,-3000,0,0,0,0,3000,-3000,-3000
059938,凱美永豐99購01  ,0,0,0,0,0,0,0,0,0,-3000,0,0,0,0,3000,-3000,-3000
059901,滬深2X元大9C購07,0,0,0,0,0,0,0,0,0,-3000,0,0,0,0,3000,-3000,-3000
03264P,聯茂國票04售01  ,0,0,0,0,0,0,0,0,0,-3000,0,0,0,10000,13000,-3000,-3000
03454B,臺股指元大04熊06,0,0,0,0,0,0,0,0,0,-3000,0,0,0,69000,72000,-3000,-3000
03206P,台郡凱基01售05  ,0,0,0,0,0,0,0,0,0,-3000,0,0,0,15000,18000,-3000,-3000
063856,臺股指元大9C購09,0,0,0,0,0,0,0,0,0,-3000,0,0,0,7000,10000,-3000,-3000
062007,台光電國泰9C購01,0,0,0,0,0,0,0,0,0,-3000,0,0,0,0,3000,-3000,-3000
060574,高股息中信9C購01,0,0,0,0,0,0,0,0,0,-3000,0,0,0,2000,5000,-3000,-3000
060544,國巨凱基9B購03  ,0,0,0,0,0,0,0,0,0,-3000,0,0,0,1000,4000,-3000,-3000
060350,元黃金元富9B購01,0,0,0,0,0,0,0,0,0,-3000,0,0,0,5000,8000,-3000,-3000
060799,茂林永豐9A購01  ,0,0,0,0,0,0,0,0,0,-3000,0,0,0,0,3000,-3000,-3000
060957,SP黃豆凱基9A購04,0,0,0,0,0,0,0,0,0,-3000,0,0,0,0,3000,-3000,-3000
062186,晶技元大9B購05  ,0,0,0,0,0,0,0,0,0,-3000,0,0,0,0,3000,-3000,-3000
061604,台光電凱基9B購01,0,0,0,0,0,0,0,0,0,-3000,0,0,0,47000,50000,-3000,-3000
061468,神達群益9A購01  ,0,0,0,0,0,0,0,0,0,-3000,0,0,0,0,3000,-3000,-3000
061876,明泰元大9B購01  ,0,0,0,0,0,0,0,0,0,-3000,0,0,0,671000,674000,-3000,-3000
061877,貿聯元大9B購01  ,0,0,0,0,0,0,0,0,0,-3000,0,0,0,50000,53000,-3000,-3000
063272,GIS兆豐9C購01   ,0,0,0,0,0,0,0,0,0,-3000,0,0,0,0,3000,-3000,-3000
063300,華通凱基9B購05  ,0,0,0,0,0,0,0,0,0,-3000,0,0,0,18000,21000,-3000,-3000
063348,祥碩統一01購04  ,0,0,0,0,0,0,0,0,0,-3000,0,0,0,0,3000,-3000,-3000
063351,億豐統一9B購01  ,0,0,0,0,0,0,0,0,0,-3000,0,0,0,7000,10000,-3000,-3000
063394,金像電群益9B購01,0,0,0,0,0,0,0,0,0,-3000,0,0,0,0,3000,-3000,-3000
063617,鴻海兆豐01購01  ,0,0,0,0,0,0,0,0,0,-3000,0,0,0,0,3000,-3000,-3000
063429,南電凱基01購01  ,0,0,0,0,0,0,0,0,0,-3000,0,0,0,7000,10000,-3000,-3000
063686,國巨永豐9B購04  ,0,0,0,0,0,0,0,0,0,-3000,0,0,0,6000,9000,-3000,-3000
064807,義隆元大9C購03  ,0,0,0,0,0,0,0,0,0,-3000,0,0,0,7000,10000,-3000,-3000
064694,玉晶光群益02購02,0,0,0,0,0,0,0,0,0,-3000,0,0,0,156000,159000,-3000,-3000
064667,大立光元大02購01,0,0,0,0,0,0,0,0,0,-3000,0,0,0,2000,5000,-3000,-3000
065665,鴻海凱基9C購04  ,0,0,0,0,0,0,0,0,0,-3000,0,0,0,0,3000,-3000,-3000
065396,微星群益01購01  ,0,0,0,0,0,0,0,0,0,-3000,0,0,0,5000,8000,-3000,-3000
065325,亞光凱基9C購01  ,0,0,0,0,0,0,0,0,0,-3000,0,0,0,7000,10000,-3000,-3000
066390,鴻海凱基02購03  ,0,0,0,0,0,0,0,0,0,-3000,0,0,0,4000,7000,-3000,-3000
066311,生達永豐01購01  ,0,0,0,0,0,0,0,0,0,-3000,0,0,0,0,3000,-3000,-3000
3229,晟鈦            ,0,3000,-3000,0,0,0,0,0,0,0,0,0,0,0,0,0,-3000
3050,鈺德            ,18000,21000,-3000,0,0,0,0,0,0,0,0,0,0,0,0,0,-3000
3454,晶睿            ,21000,24000,-3000,0,0,0,0,0,0,0,0,0,0,0,0,0,-3000
4438,廣越            ,0,3000,-3000,0,0,0,0,0,0,0,0,0,0,0,0,0,-3000
6215,和椿            ,15000,18000,-3000,0,0,0,0,0,0,0,0,0,0,0,0,0,-3000
6128,上福            ,0,3000,-3000,0,0,0,0,0,0,0,0,0,0,0,0,0,-3000
6133,金橋            ,3000,6000,-3000,0,0,0,0,0,0,0,0,0,0,0,0,0,-3000
4763,材料-KY         ,3000,9000,-6000,0,0,0,0,0,0,3000,3000,0,3000,0,0,0,-3000
4930,燦星網          ,4000,7000,-3000,0,0,0,0,0,0,0,0,0,0,0,0,0,-3000
5284,jpp-KY          ,0,3000,-3000,0,0,0,0,0,0,0,0,0,0,0,0,0,-3000
2642,宅配通          ,33000,36000,-3000,0,0,0,0,0,0,0,0,0,0,0,0,0,-3000
2611,志信            ,4000,7000,-3000,0,0,0,0,0,0,0,0,0,0,0,0,0,-3000
2597,潤弘            ,2000,5000,-3000,0,0,0,0,0,0,0,0,0,0,0,0,0,-3000
08941P,臺股指中信04售04,0,0,0,0,0,0,0,0,0,-3000,0,0,0,11000,14000,-3000,-3000
1453,大將            ,0,3000,-3000,0,0,0,0,0,0,0,0,0,0,0,0,0,-3000
1437,勤益控          ,4000,7000,-3000,0,0,0,0,0,0,0,0,0,0,0,0,0,-3000
1439,中和            ,70000,73000,-3000,0,0,0,0,0,0,0,0,0,0,0,0,0,-3000
1414,東和            ,8000,11000,-3000,0,0,0,0,0,0,0,0,0,0,0,0,0,-3000
1235,興泰            ,0,3000,-3000,0,0,0,0,0,0,0,0,0,0,0,0,0,-3000
2009,第一銅          ,1000,4000,-3000,0,0,0,0,0,0,0,0,0,0,0,0,0,-3000
2024,志聯            ,0,3000,-3000,0,0,0,0,0,0,0,0,0,0,0,0,0,-3000
1713,國化            ,0,3000,-3000,0,0,0,0,0,0,0,0,0,0,0,0,0,-3000
1463,強盛            ,0,3000,-3000,0,0,0,0,0,0,0,0,0,0,0,0,0,-3000
08471P,日月光凱基9C售02,0,0,0,0,0,0,0,0,0,-3000,0,0,0,0,3000,-3000,-3000
8114,振樺電          ,0,3000,-3000,0,0,0,0,0,0,0,0,0,0,0,0,0,-3000
8374,羅昇            ,0,3000,-3000,0,0,0,0,0,0,0,0,0,0,0,0,0,-3000
068455,聯發科國票03購02,0,0,0,0,0,0,0,0,0,-4000,0,0,0,468000,472000,-4000,-4000
07940P,國巨群益9B售06  ,0,0,0,0,0,0,0,0,0,-4000,0,0,0,0,4000,-4000,-4000
07721P,台積電凱基9A售22,0,0,0,0,0,0,0,0,0,-4000,0,0,0,0,4000,-4000,-4000
08283P,T50反1凱基01售01,0,0,0,0,0,0,0,0,0,-4000,0,0,0,8000,12000,-4000,-4000
08063P,立積國票9B售03  ,0,0,0,0,0,0,0,0,0,-4000,0,0,0,12000,16000,-4000,-4000
066967,台積電元富07購03,0,0,0,0,0,0,0,0,0,-4000,0,0,0,2000,6000,-4000,-4000
067466,元金2X元大03購01,0,0,0,0,0,0,0,0,0,-4000,0,0,0,26000,30000,-4000,-4000
068127,台積電統一02購07,0,0,0,0,0,0,0,0,0,-4000,0,0,0,6000,10000,-4000,-4000
06807P,臺股指群益98售13,0,0,0,0,0,0,0,0,0,-4000,0,0,0,1000,5000,-4000,-4000
03067P,南亞科群益01售01,0,0,0,0,0,0,0,0,0,-4000,0,0,0,20000,24000,-4000,-4000
03107P,台積電元大01售39,0,0,0,0,0,0,0,0,0,-4000,0,0,0,9000,13000,-4000,-4000
03682C,臺股指凱基9C牛07,0,0,0,0,0,0,0,0,0,-4000,0,0,0,5000,9000,-4000,-4000
059807,大立光元富99購09,56000,46000,10000,0,0,0,0,0,0,-14000,0,0,0,52000,66000,-14000,-4000
057100,國巨中信9A購02  ,0,0,0,0,0,0,0,0,0,-4000,0,0,0,0,4000,-4000,-4000
053411,深中小國票9B購01,0,0,0,0,0,0,0,0,0,-4000,0,0,0,0,4000,-4000,-4000
053651,台光電凱基98購01,0,0,0,0,0,0,0,0,0,-4000,0,0,0,0,4000,-4000,-4000
059251,大立光凱基9A購04,0,0,0,0,0,0,0,0,0,-4000,0,0,0,0,4000,-4000,-4000
057946,晶相光國票99購01,0,0,0,0,0,0,0,0,0,-4000,0,0,0,0,4000,-4000,-4000
058660,樺漢中信9A購01  ,0,0,0,0,0,0,0,0,0,-4000,0,0,0,0,4000,-4000,-4000
063142,奇力新統一9C購04,0,0,0,0,0,0,0,0,0,-4000,0,0,0,93000,97000,-4000,-4000
058148,百和元大99購01  ,0,0,0,0,0,0,0,0,0,-4000,0,0,0,0,4000,-4000,-4000
059489,上証2X國票9A購01,0,0,0,0,0,0,0,0,0,-4000,0,0,0,26000,30000,-4000,-4000
057897,華通富邦99購01  ,0,0,0,0,0,0,0,0,0,-4000,0,0,0,27000,31000,-4000,-4000
058473,上銀凱基9A購03  ,0,0,0,0,0,0,0,0,0,-4000,0,0,0,30000,34000,-4000,-4000
057523,大成鋼元大99購01,0,0,0,0,0,0,0,0,0,-4000,0,0,0,0,4000,-4000,-4000
063598,國巨凱基9B購14  ,0,0,0,0,0,0,0,0,0,-4000,0,0,0,1000,5000,-4000,-4000
063001,巨大國票9B購01  ,0,0,0,0,0,0,0,0,0,-4000,0,0,0,29000,33000,-4000,-4000
061830,元金2X凱基01購01,0,0,0,0,0,0,0,0,0,-4000,0,0,0,0,4000,-4000,-4000
061600,聯電凱基9B購01  ,0,0,0,0,0,0,0,0,0,-4000,0,0,0,1000,5000,-4000,-4000
061708,同欣電國票9A購02,0,0,0,0,0,0,0,0,0,-4000,0,0,0,5000,9000,-4000,-4000
060838,華通國票9A購05  ,0,0,0,0,0,0,0,0,0,-4000,0,0,0,0,4000,-4000,-4000
062038,鴻海凱基9B購05  ,0,0,0,0,0,0,0,0,0,-4000,0,0,0,0,4000,-4000,-4000
062652,上証2X永豐9B購01,0,0,0,0,0,0,0,0,0,-4000,0,0,0,10000,14000,-4000,-4000
064206,鴻海凱基03購02  ,0,0,0,0,0,0,0,0,0,-4000,0,0,0,20000,24000,-4000,-4000
061365,國巨國票9B購05  ,0,0,0,0,0,0,0,0,0,-4000,0,0,0,17000,21000,-4000,-4000
061314,滬深2X凱基9B購06,0,0,0,0,0,0,0,0,0,-4000,0,0,0,0,4000,-4000,-4000
066050,亞光元大01購01  ,0,0,0,0,0,0,0,0,0,-4000,0,0,0,117000,121000,-4000,-4000
065727,冠德凱基9C購01  ,0,0,0,0,0,0,0,0,0,-4000,0,0,0,2000,6000,-4000,-4000
066717,上証2X元大01購01,0,0,0,0,0,0,0,0,0,-4000,0,0,0,11000,15000,-4000,-4000
065320,技嘉凱基9C購02  ,0,0,0,0,0,0,0,0,0,-4000,0,0,0,41000,45000,-4000,-4000
065288,華新科群益02購02,0,0,0,0,0,0,0,0,0,-4000,0,0,0,322000,326000,-4000,-4000
065536,健鼎統一02購04  ,0,0,0,0,0,0,0,0,0,-4000,0,0,0,103000,107000,-4000,-4000
064693,玉晶光群益01購06,0,0,0,0,0,0,0,0,0,-4000,0,0,0,6000,10000,-4000,-4000
064947,台積電凱基01購08,0,0,0,0,0,0,0,0,0,-4000,0,0,0,0,4000,-4000,-4000
064575,鈺齊群益9C購01  ,0,0,0,0,0,0,0,0,0,-4000,0,0,0,80000,84000,-4000,-4000
064352,嘉聯益元大9C購01,0,0,0,0,0,0,0,0,0,-4000,0,0,0,230000,234000,-4000,-4000
8249,菱光            ,31000,35000,-4000,0,0,0,0,0,0,0,0,0,0,0,0,0,-4000
08504P,臺股指國票9C售06,0,0,0,0,0,0,0,0,0,-4000,0,0,0,220000,224000,-4000,-4000
08779P,旺宏群益01售04  ,0,0,0,0,0,0,0,0,0,-4000,0,0,0,56000,60000,-4000,-4000
08705P,臺股指群益01售02,0,0,0,0,0,0,0,0,0,-4000,0,0,0,0,4000,-4000,-4000
1507,永大            ,5000,9000,-4000,0,0,0,0,0,0,0,0,0,0,0,0,0,-4000
1568,倉佑            ,0,4000,-4000,0,0,0,0,0,0,0,0,0,0,0,0,0,-4000
1236,宏亞            ,0,4000,-4000,0,0,0,0,0,0,0,0,0,0,0,0,0,-4000
2443,億麗            ,0,4000,-4000,0,0,0,0,0,0,0,0,0,0,0,0,0,-4000
2397,友通            ,3000,7000,-4000,0,0,0,0,0,0,0,0,0,0,0,0,0,-4000
2374,佳能            ,39000,41000,-2000,0,0,0,0,0,0,-2000,0,2000,-2000,0,0,0,-4000
5525,順天            ,0,4000,-4000,0,0,0,0,0,0,0,0,0,0,0,0,0,-4000
4755,三福化          ,53000,57000,-4000,0,0,0,0,0,0,0,0,0,0,0,0,0,-4000
6136,富爾特          ,0,4000,-4000,0,0,0,0,0,0,0,0,0,0,0,0,0,-4000
3593,力銘            ,6000,10000,-4000,0,0,0,0,0,0,0,0,0,0,0,0,0,-4000
3266,昇陽            ,2000,6000,-4000,0,0,0,0,0,0,0,0,0,0,0,0,0,-4000
067968,大立光群益01購10,0,0,0,0,0,0,0,0,0,-5000,0,0,0,50000,55000,-5000,-5000
067702,臺股指國票01購10,0,0,0,0,0,0,0,0,0,-5000,0,0,0,0,5000,-5000,-5000
067779,滬深2X群益01購08,0,0,0,0,0,0,0,0,0,-5000,0,0,0,0,5000,-5000,-5000
067576,元金反群益04購01,0,0,0,0,0,0,0,0,0,-5000,0,0,0,5000,10000,-5000,-5000
067562,牧德國票02購01  ,0,0,0,0,0,0,0,0,0,-5000,0,0,0,9000,14000,-5000,-5000
067206,台積電元大01購23,0,0,0,0,0,0,0,0,0,-5000,0,0,0,4000,9000,-5000,-5000
08145P,台灣50群益9B售11,0,0,0,0,0,0,0,0,0,-5000,0,0,0,0,5000,-5000,-5000
08256P,台積電元大9C售02,0,0,0,0,0,0,0,0,0,-5000,0,0,0,0,5000,-5000,-5000
08396P,鴻海元富9C售04  ,0,0,0,0,0,0,0,0,0,-5000,0,0,0,1000,6000,-5000,-5000
07728P,臺股指凱基9A售20,0,0,0,0,0,0,0,0,0,-5000,0,0,0,0,5000,-5000,-5000
07829P,旺宏凱基9A售07  ,0,0,0,0,0,0,0,0,0,-5000,0,0,0,0,5000,-5000,-5000
07943P,瑞昱元大9B售02  ,0,0,0,0,0,0,0,0,0,-5000,0,0,0,5000,10000,-5000,-5000
07389P,臺股指群益9C售08,0,0,0,0,0,0,0,0,0,-5000,0,0,0,0,5000,-5000,-5000
068934,聯詠永豐02購01  ,0,0,0,0,0,0,0,0,0,-5000,0,0,0,0,5000,-5000,-5000
068937,TPK永豐02購01   ,0,0,0,0,0,0,0,0,0,-5000,0,0,0,0,5000,-5000,-5000
07105P,大毅元富99售02  ,0,0,0,0,0,0,0,0,0,-5000,0,0,0,95000,100000,-5000,-5000
068285,道瓊反群益01購05,0,0,0,0,0,0,0,0,0,-5000,0,0,0,0,5000,-5000,-5000
068871,台灣50凱基03購04,0,0,0,0,0,0,0,0,0,-5000,0,0,0,0,5000,-5000,-5000
068913,聯發科群益02購11,0,0,0,0,0,0,0,0,0,-5000,0,0,0,0,5000,-5000,-5000
068781,欣興國票03購03  ,0,0,0,0,0,0,0,0,0,-5000,0,0,0,5000,10000,-5000,-5000
068648,臺指反元大02購19,0,0,0,0,0,0,0,0,0,-5000,0,0,0,0,5000,-5000,-5000
058356,華邦電凱基99購01,0,0,0,0,0,0,0,0,0,-5000,0,0,0,0,5000,-5000,-5000
057605,旺宏統一99購03  ,0,0,0,0,0,0,0,0,0,-5000,0,0,0,0,5000,-5000,-5000
058290,南電國票9A購01  ,0,0,0,0,0,0,0,0,0,-5000,0,0,0,0,5000,-5000,-5000
057891,華新科統一9A購01,0,0,0,0,0,0,0,0,0,-5000,0,0,0,0,5000,-5000,-5000
057876,隆達元大98購01  ,0,0,0,0,0,0,0,0,0,-5000,0,0,0,0,5000,-5000,-5000
059419,滬深2X元大99購03,0,0,0,0,0,0,0,0,0,-5000,0,0,0,0,5000,-5000,-5000
058164,FBVIX凱基03購02 ,0,0,0,0,0,0,0,0,0,-5000,0,0,0,0,5000,-5000,-5000
063166,超眾永豐9B購01  ,0,0,0,0,0,0,0,0,0,-5000,0,0,0,0,5000,-5000,-5000
062749,元金2X中信9B購01,0,0,0,0,0,0,0,0,0,-5000,0,0,0,0,5000,-5000,-5000
062937,旺宏凱基9B購08  ,0,0,0,0,0,0,0,0,0,-5000,0,0,0,0,5000,-5000,-5000
062849,中興電永豐9B購02,0,0,0,0,0,0,0,0,0,-5000,0,0,0,13000,18000,-5000,-5000
059128,友達中信99購02  ,0,0,0,0,0,0,0,0,0,-5000,0,0,0,5000,10000,-5000,-5000
058980,鴻海凱基99購06  ,0,0,0,0,0,0,0,0,0,-5000,0,0,0,10000,15000,-5000,-5000
058972,新日興永豐9A購01,0,0,0,0,0,0,0,0,0,-5000,0,0,0,0,5000,-5000,-5000
059034,華通群益9B購02  ,0,0,0,0,0,0,0,0,0,-5000,0,0,0,0,5000,-5000,-5000
059049,元油2X凱基9A購12,0,0,0,0,0,0,0,0,0,-5000,0,0,0,0,5000,-5000,-5000
053585,友達元大9C購03  ,0,0,0,0,0,0,0,0,0,-5000,0,0,0,0,5000,-5000,-5000
056833,和大元富9B購01  ,0,0,0,0,0,0,0,0,0,-5000,0,0,0,0,5000,-5000,-5000
057751,神達國票99購02  ,0,0,0,0,0,0,0,0,0,-5000,0,0,0,0,5000,-5000,-5000
059911,國巨元大99購27  ,0,0,0,0,0,0,0,0,0,-5000,0,0,0,5000,10000,-5000,-5000
059912,國巨元大99購28  ,0,0,0,0,0,0,0,0,0,-5000,0,0,0,22000,27000,-5000,-5000
059923,緯穎元大99購09  ,0,0,0,0,0,0,0,0,0,-5000,0,0,0,0,5000,-5000,-5000
059940,微星永豐99購01  ,0,0,0,0,0,0,0,0,0,-5000,0,0,0,0,5000,-5000,-5000
059849,興勤永豐99購01  ,0,0,0,0,0,0,0,0,0,-5000,0,0,0,5000,10000,-5000,-5000
03283P,台灣50群益03售03,0,0,0,0,0,0,0,0,0,-5000,0,0,0,0,5000,-5000,-5000
047211,華新科富邦99購01,0,0,0,0,0,0,0,0,0,-5000,0,0,0,0,5000,-5000,-5000
03297P,台積電統一02售14,0,0,0,0,0,0,0,0,0,-5000,0,0,0,0,5000,-5000,-5000
03272P,台積電統一02售10,0,0,0,0,0,0,0,0,0,-5000,0,0,0,0,5000,-5000,-5000
055689,台郡凱基99購01  ,0,0,0,0,0,0,0,0,0,-5000,0,0,0,0,5000,-5000,-5000
057451,大立光元富9B購01,0,0,0,0,0,0,0,0,0,-5000,0,0,0,0,5000,-5000,-5000
03144P,台積電國票01售09,0,0,0,0,0,0,0,0,0,-5000,0,0,0,10000,15000,-5000,-5000
03054P,宏碁中信03售02  ,0,0,0,0,0,0,0,0,0,-5000,0,0,0,0,5000,-5000,-5000
03038P,玉晶光國票02售03,0,0,0,0,0,0,0,0,0,-5000,0,0,0,0,5000,-5000,-5000
00686R,群益臺灣加權反1 ,0,0,0,0,0,0,0,0,0,-5000,0,0,0,112000,117000,-5000,-5000
01002T,土銀國泰R1      ,3000,8000,-5000,0,0,0,0,0,0,0,0,0,0,0,0,0,-5000
063926,南亞科統一03購01,0,0,0,0,0,0,0,0,0,-5000,0,0,0,0,5000,-5000,-5000
063934,寶成統一02購01  ,0,0,0,0,0,0,0,0,0,-5000,0,0,0,0,5000,-5000,-5000
064275,台光電元大9C購03,0,0,0,0,0,0,0,0,0,-5000,0,0,0,122000,127000,-5000,-5000
061228,聯茂中信9A購01  ,0,0,0,0,0,0,0,0,0,-5000,0,0,0,0,5000,-5000,-5000
064199,南六群益01購01  ,0,0,0,0,0,0,0,0,0,-5000,0,0,0,18000,23000,-5000,-5000
063823,T50反1國票01購02,0,0,0,0,0,0,0,0,0,-5000,0,0,0,0,5000,-5000,-5000
063991,南六永豐9C購02  ,0,0,0,0,0,0,0,0,0,-5000,0,0,0,38000,43000,-5000,-5000
062573,大毅群益9B購03  ,0,0,0,0,0,0,0,0,0,-5000,0,0,0,100000,105000,-5000,-5000
062462,GIS群益9B購01   ,0,0,0,0,0,0,0,0,0,-5000,0,0,0,0,5000,-5000,-5000
060322,卜蜂群益9A購01  ,0,0,0,0,0,0,0,0,0,-5000,0,0,0,0,5000,-5000,-5000
060712,建準永豐9A購01  ,0,0,0,0,0,0,0,0,0,-5000,0,0,0,15000,20000,-5000,-5000
060382,儒鴻凱基9A購01  ,0,0,0,0,0,0,0,0,0,-5000,0,0,0,10000,15000,-5000,-5000
060398,立積國票9B購01  ,0,0,0,0,0,0,0,0,0,-5000,0,0,0,0,5000,-5000,-5000
060682,牧德元大9A購03  ,0,0,0,0,0,0,0,0,0,-5000,0,0,0,0,5000,-5000,-5000
061764,旺宏元大9B購01  ,0,0,0,0,0,0,0,0,0,-5000,0,0,0,0,5000,-5000,-5000
061751,華通台新9B購01  ,0,0,0,0,0,0,0,0,0,-5000,0,0,0,10000,15000,-5000,-5000
061649,緯穎元大9A購06  ,0,0,0,0,0,0,0,0,0,-5000,0,0,0,45000,50000,-5000,-5000
061858,南電國票9B購02  ,0,0,0,0,0,0,0,0,0,-5000,0,0,0,69000,74000,-5000,-5000
062136,南亞科群益9B購01,0,0,0,0,0,0,0,0,0,-5000,0,0,0,0,5000,-5000,-5000
060980,台積電元大9A購21,0,0,0,0,0,0,0,0,0,-5000,0,0,0,0,5000,-5000,-5000
061014,台積電麥證9A購04,0,0,0,0,5000,-5000,0,0,0,-5000,0,0,0,0,5000,-5000,-5000
061936,旺宏國票9B購03  ,0,0,0,0,0,0,0,0,0,-5000,0,0,0,0,5000,-5000,-5000
063608,力成凱基9B購03  ,0,0,0,0,0,0,0,0,0,-5000,0,0,0,0,5000,-5000,-5000
063716,旺宏兆豐9B購01  ,0,0,0,0,0,0,0,0,0,-5000,0,0,0,0,5000,-5000,-5000
064415,群創麥證9C購01  ,0,0,0,21000,26000,-5000,0,0,0,-5000,0,0,0,22000,27000,-5000,-5000
065531,聯電統一01購01  ,0,0,0,0,0,0,0,0,0,-5000,0,0,0,0,5000,-5000,-5000
065565,神隆群益01購01  ,0,0,0,0,0,0,0,0,0,-5000,0,0,0,0,5000,-5000,-5000
065662,台勝科永豐9C購01,0,0,0,0,0,0,0,0,0,-5000,0,0,0,0,5000,-5000,-5000
065663,凌華永豐9C購01  ,0,0,0,0,0,0,0,0,0,-5000,0,0,0,0,5000,-5000,-5000
065618,電子類元大9C購01,0,0,0,0,0,0,0,0,0,-5000,0,0,0,0,5000,-5000,-5000
065287,華新科群益01購03,0,0,0,0,0,0,0,0,0,-5000,0,0,0,0,5000,-5000,-5000
065137,中鋼凱基01購01  ,0,0,0,0,0,0,0,0,0,-5000,0,0,0,0,5000,-5000,-5000
065102,同欣電元大9C購07,0,0,0,0,0,0,0,0,0,-5000,0,0,0,1000,6000,-5000,-5000
066833,正文群益01購01  ,0,0,0,0,0,0,0,0,0,-5000,0,0,0,15000,20000,-5000,-5000
066120,臺指反群益02購02,0,0,0,0,0,0,0,0,0,-5000,0,0,0,0,5000,-5000,-5000
066342,上緯控永豐01購01,0,0,0,0,0,0,0,0,0,-5000,0,0,0,0,5000,-5000,-5000
3167,大量            ,1000,6000,-5000,0,0,0,0,0,0,0,0,0,0,0,0,0,-5000
4540,全球傳動        ,8000,13000,-5000,0,0,0,0,0,0,0,0,0,0,0,0,0,-5000
5546,永固-KY         ,10000,15000,-5000,0,0,0,0,0,0,0,0,0,0,0,0,0,-5000
2429,銘旺科          ,0,5000,-5000,0,0,0,0,0,0,0,0,0,0,0,0,0,-5000
2701,萬企            ,0,5000,-5000,0,0,0,0,0,0,0,0,0,0,0,0,0,-5000
1615,大山            ,8000,13000,-5000,0,0,0,0,0,0,0,0,0,0,0,0,0,-5000
1618,合機            ,0,5000,-5000,0,0,0,0,0,0,0,0,0,0,0,0,0,-5000
2007,燁興            ,0,5000,-5000,0,0,0,0,0,0,0,0,0,0,0,0,0,-5000
1727,中華化          ,2000,7000,-5000,0,0,0,0,0,0,0,0,0,0,0,0,0,-5000
08722P,臺股指元大01售03,0,0,0,0,0,0,0,0,0,-5000,0,0,0,20000,25000,-5000,-5000
9908,大台北          ,6000,11000,-5000,0,0,0,0,0,0,0,0,0,0,0,0,0,-5000
9905,大華            ,0,5000,-5000,0,0,0,0,0,0,0,0,0,0,0,0,0,-5000
068691,大成鋼凱基02購01,0,0,0,0,0,0,0,0,0,-6000,0,0,0,0,6000,-6000,-6000
068780,國揚國票03購01  ,0,0,0,0,0,0,0,0,0,-6000,0,0,0,0,6000,-6000,-6000
068442,牧德凱基01購04  ,0,0,0,0,0,0,0,0,0,-6000,0,0,0,12000,18000,-6000,-6000
068539,T50反1國票03購04,0,0,0,0,0,0,0,0,0,-6000,0,0,0,0,6000,-6000,-6000
06997P,台灣50中信03售01,0,0,0,0,0,0,0,0,0,-6000,0,0,0,0,6000,-6000,-6000
067178,京鼎康和01購01  ,0,0,0,0,0,0,0,0,0,-6000,0,0,0,115000,121000,-6000,-6000
067427,奇力新凱基01購01,0,0,0,0,0,0,0,0,0,-6000,0,0,0,13000,19000,-6000,-6000
067858,上証2X元大01購06,0,0,0,0,0,0,0,0,0,-6000,0,0,0,0,6000,-6000,-6000
067987,台積電元大01購29,0,0,0,0,0,0,0,0,0,-6000,0,0,0,0,6000,-6000,-6000
068135,S&P反1元大03購01,0,0,0,0,0,0,0,0,0,-6000,0,0,0,0,6000,-6000,-6000
068089,T50反1群益01購08,0,0,0,0,0,0,0,0,0,-6000,0,0,0,47000,53000,-6000,-6000
056011,矽力中信99購01  ,0,0,0,0,0,0,0,0,0,-6000,0,0,0,1000,7000,-6000,-6000
03318P,台積電元富08售12,0,0,0,0,0,0,0,0,0,-6000,0,0,0,0,6000,-6000,-6000
055187,彩晶統一98購01  ,0,0,0,0,0,0,0,0,0,-6000,0,0,0,0,6000,-6000,-6000
058673,華新科群益9A購02,0,0,0,0,0,0,0,0,0,-6000,0,0,0,0,6000,-6000,-6000
058884,世紀鋼永豐99購02,0,0,0,0,0,0,0,0,0,-6000,0,0,0,2000,8000,-6000,-6000
058150,中502X統一9B購01,0,0,0,0,0,0,0,0,0,-6000,0,0,0,14000,20000,-6000,-6000
058138,晶相光元大9C購01,0,0,0,0,0,0,0,0,0,-6000,0,0,0,0,6000,-6000,-6000
058370,聯詠凱基99購01  ,0,0,0,0,0,0,0,0,0,-6000,0,0,0,0,6000,-6000,-6000
063578,瑞祺元大9B購03  ,0,0,0,0,0,0,0,0,0,-6000,0,0,0,109000,115000,-6000,-6000
063422,奇鋐凱基9B購04  ,0,0,0,0,0,0,0,0,0,-6000,0,0,0,49000,55000,-6000,-6000
063399,智原群益9B購01  ,0,0,0,0,0,0,0,0,0,-6000,0,0,0,16000,22000,-6000,-6000
063337,國巨統一02購02  ,0,0,0,0,0,0,0,0,0,-6000,0,0,0,32000,38000,-6000,-6000
061816,長榮航群益9B購02,0,0,0,0,0,0,0,0,0,-6000,0,0,0,114000,120000,-6000,-6000
061806,元黃金統一9B購01,0,0,0,0,0,0,0,0,0,-6000,0,0,0,0,6000,-6000,-6000
061447,鴻海中信04購02  ,0,0,0,0,0,0,0,0,0,-6000,0,0,0,24000,30000,-6000,-6000
060327,美律群益9A購02  ,0,0,0,0,0,0,0,0,0,-6000,0,0,0,28000,34000,-6000,-6000
064035,GIS元大9C購03   ,0,0,0,0,0,0,0,0,0,-6000,0,0,0,4000,10000,-6000,-6000
063873,南六永豐9C購01  ,0,0,0,0,0,0,0,0,0,-6000,0,0,0,24000,30000,-6000,-6000
061143,道瓊指中信9C購04,0,0,0,0,0,0,0,0,0,-6000,0,0,0,0,6000,-6000,-6000
063907,華通凱基9C購03  ,0,0,0,0,0,0,0,0,0,-6000,0,0,0,41000,47000,-6000,-6000
066307,華城永豐01購01  ,0,0,0,0,0,0,0,0,0,-6000,0,0,0,0,6000,-6000,-6000
065999,燿華國票02購01  ,0,0,0,0,0,0,0,0,0,-6000,0,0,0,78000,84000,-6000,-6000
066707,揚明光群益01購02,0,0,0,0,0,0,0,0,0,-6000,0,0,0,59000,65000,-6000,-6000
065334,立積國票01購02  ,0,0,0,0,0,0,0,0,0,-6000,0,0,0,20000,26000,-6000,-6000
064611,亞德客元大9C購02,0,0,0,0,0,0,0,0,0,-6000,0,0,0,10000,16000,-6000,-6000
064760,玉晶光凱基01購02,0,0,0,0,0,0,0,0,0,-6000,0,0,0,14000,20000,-6000,-6000
064777,南亞科群益9C購01,0,0,0,0,0,0,0,0,0,-6000,0,0,0,0,6000,-6000,-6000
064799,裕隆元大9C購02  ,0,0,0,0,0,0,0,0,0,-6000,0,0,0,43000,49000,-6000,-6000
064716,國巨統一9C購14  ,0,0,0,0,0,0,0,0,0,-6000,0,0,0,5000,11000,-6000,-6000
8482,商億-KY         ,42000,48000,-6000,0,0,0,0,0,0,0,0,0,0,0,0,0,-6000
9927,泰銘            ,1000,7000,-6000,0,0,0,0,0,0,0,0,0,0,0,0,0,-6000
9937,全國            ,0,6000,-6000,0,0,0,0,0,0,0,0,0,0,0,0,0,-6000
6579,研揚            ,0,6000,-6000,0,0,0,0,0,0,0,0,0,0,0,0,0,-6000
6674,鋐寶科技        ,0,6000,-6000,0,0,0,0,0,0,0,0,0,0,0,0,0,-6000
08817P,致新元富01售02  ,0,0,0,0,0,0,0,0,0,-6000,0,0,0,95000,101000,-6000,-6000
2017,官田鋼          ,44000,50000,-6000,0,0,0,0,0,0,0,0,0,0,0,0,0,-6000
1419,新紡            ,0,6000,-6000,0,0,0,0,0,0,0,0,0,0,0,0,0,-6000
08949P,臺股指國票01售06,0,0,0,0,0,0,0,0,0,-6000,0,0,0,37000,43000,-6000,-6000
2543,皇昌            ,0,6000,-6000,0,0,0,0,0,0,0,0,0,0,0,0,0,-6000
2486,一詮            ,69000,75000,-6000,0,0,0,0,0,0,0,0,0,0,0,0,0,-6000
2516,新建            ,0,6000,-6000,0,0,0,0,0,0,0,0,0,0,0,0,0,-6000
2832,台產            ,0,6000,-6000,0,0,0,0,0,0,0,0,0,0,0,0,0,-6000
5533,皇鼎            ,4000,8000,-4000,0,0,0,0,0,0,-2000,0,2000,-2000,0,0,0,-6000
4737,華廣            ,0,5000,-5000,0,0,0,0,0,0,-1000,0,1000,-1000,0,0,0,-6000
6152,百一            ,3000,9000,-6000,0,0,0,0,0,0,0,0,0,0,0,0,0,-6000
6164,華興            ,7000,13000,-6000,0,0,0,0,0,0,0,0,0,0,0,0,0,-6000
067944,緯穎凱基01購04  ,0,0,0,0,0,0,0,0,0,-7000,0,0,0,40000,47000,-7000,-7000
067882,A50正2群益01購06,0,0,0,0,0,0,0,0,0,-7000,0,0,0,0,7000,-7000,-7000
067440,A50正2國票02購01,0,0,0,0,0,0,0,0,0,-7000,0,0,0,0,7000,-7000,-7000
067544,超眾群益03購01  ,0,0,0,0,0,0,0,0,0,-7000,0,0,0,52000,59000,-7000,-7000
067508,奇鋐統一03購01  ,0,0,0,0,0,0,0,0,0,-7000,0,0,0,178000,185000,-7000,-7000
067159,上証2X國票02購01,0,0,0,0,0,0,0,0,0,-7000,0,0,0,3000,10000,-7000,-7000
07888P,大立光國票9B售01,0,0,0,0,0,0,0,0,0,-7000,0,0,0,11000,18000,-7000,-7000
068257,聯發科國泰03購05,0,0,0,0,0,0,0,0,0,-7000,0,0,0,907000,914000,-7000,-7000
068890,南六統一02購03  ,0,0,0,0,0,0,0,0,0,-7000,0,0,0,0,7000,-7000,-7000
068895,京元電元大02購02,0,0,0,0,0,0,0,0,0,-7000,0,0,0,0,7000,-7000,-7000
058074,欣興凱基99購01  ,0,0,0,0,0,0,0,0,0,-7000,0,0,0,10000,17000,-7000,-7000
058824,晶技富邦9A購01  ,0,0,0,0,0,0,0,0,0,-7000,0,0,0,39000,46000,-7000,-7000
057945,京鼎國票99購03  ,0,0,0,0,0,0,0,0,0,-7000,0,0,0,73000,80000,-7000,-7000
062891,台汽電群益9B購01,0,0,0,0,0,0,0,0,0,-7000,0,0,0,10000,17000,-7000,-7000
062819,奇鋐兆豐9B購01  ,0,0,0,0,0,0,0,0,0,-7000,0,0,0,3000,10000,-7000,-7000
056783,國巨群益99購01  ,0,0,0,0,0,0,0,0,0,-7000,0,0,0,3000,10000,-7000,-7000
053461,台郡永昌99購01  ,0,0,0,0,0,0,0,0,0,-7000,0,0,0,3000,10000,-7000,-7000
059761,國巨永豐99購06  ,0,0,0,0,0,0,0,0,0,-7000,0,0,0,5000,12000,-7000,-7000
057241,超眾凱基99購02  ,0,0,0,0,0,0,0,0,0,-7000,0,0,0,9000,16000,-7000,-7000
03254P,台積電國泰03售09,0,0,0,0,0,0,0,0,0,-7000,0,0,0,0,7000,-7000,-7000
03175P,台積電國票03售04,0,0,0,0,0,0,0,0,0,-7000,0,0,0,6000,13000,-7000,-7000
03077P,臺股指富邦01售03,0,0,0,0,0,0,0,0,0,-7000,0,0,0,13000,20000,-7000,-7000
03082P,鴻海元大01售21  ,0,0,0,0,0,0,0,0,0,-7000,0,0,0,0,7000,-7000,-7000
061154,可成群益9B購04  ,0,0,0,0,0,0,0,0,0,-7000,0,0,0,3000,10000,-7000,-7000
061125,億光永豐9A購01  ,0,0,0,0,0,0,0,0,0,-7000,0,0,0,48000,55000,-7000,-7000
061081,宏碁兆豐9A購01  ,0,0,0,0,0,0,0,0,0,-7000,0,0,0,0,7000,-7000,-7000
061204,國巨元大9A購16  ,0,0,0,0,0,0,0,0,0,-7000,0,0,0,27000,34000,-7000,-7000
064183,聯茂富邦01購01  ,0,0,0,0,0,0,0,0,0,-7000,0,0,0,28000,35000,-7000,-7000
060699,華新科國泰9B購03,0,0,0,0,0,0,0,0,0,-7000,0,0,0,43000,50000,-7000,-7000
060818,上銀統一9C購01  ,0,0,0,0,0,0,0,0,0,-7000,0,0,0,0,7000,-7000,-7000
062451,瀚宇博元大9B購02,0,0,0,0,0,0,0,0,0,-7000,0,0,0,0,7000,-7000,-7000
062355,華通元大9B購03  ,0,0,0,0,0,0,0,0,0,-7000,0,0,0,0,7000,-7000,-7000
061451,南電中信9A購03  ,0,0,0,0,0,0,0,0,0,-7000,0,0,0,0,7000,-7000,-7000
060999,國巨兆豐9A購01  ,0,0,0,0,0,0,0,0,0,-7000,0,0,0,11000,18000,-7000,-7000
062132,神隆群益9B購01  ,0,0,0,0,0,0,0,0,0,-7000,0,0,0,4000,11000,-7000,-7000
062122,國巨統一02購01  ,0,0,0,0,0,0,0,0,0,-7000,0,0,0,0,7000,-7000,-7000
06334P,臺股指群益9C售03,0,0,0,0,0,0,0,0,0,-7000,0,0,0,139000,146000,-7000,-7000
064362,友達統一01購02  ,0,0,0,0,0,0,0,0,0,-7000,0,0,0,139000,146000,-7000,-7000
064326,裕隆元大9C購01  ,0,0,0,0,0,0,0,0,0,-7000,0,0,0,34000,41000,-7000,-7000
066890,聯詠中信07購01  ,0,0,0,0,0,0,0,0,0,-7000,0,0,0,18000,25000,-7000,-7000
066553,大立光元大01購09,0,0,0,0,0,0,0,0,0,-7000,0,0,0,123000,130000,-7000,-7000
065893,華新科統一02購02,0,0,0,0,0,0,0,0,0,-7000,0,0,0,0,7000,-7000,-7000
065788,緯創永豐9C購02  ,0,0,0,0,0,0,0,0,0,-7000,0,0,0,60000,67000,-7000,-7000
066113,金像電兆豐01購01,0,0,0,0,0,0,0,0,0,-7000,0,0,0,22000,29000,-7000,-7000
6192,巨路            ,56000,62000,-6000,0,0,0,0,0,0,-1000,0,1000,-1000,0,0,0,-7000
6281,全國電          ,0,6000,-6000,0,0,0,0,0,0,-1000,0,1000,-1000,0,0,0,-7000
4562,穎漢            ,0,7000,-7000,0,0,0,0,0,0,0,0,0,0,0,0,0,-7000
4999,鑫禾            ,0,7000,-7000,0,0,0,0,0,0,0,0,0,0,0,0,0,-7000
3432,台端            ,0,7000,-7000,0,0,0,0,0,0,0,0,0,0,0,0,0,-7000
2731,雄獅            ,5000,12000,-7000,0,0,0,0,0,0,0,0,0,0,0,0,0,-7000
2514,龍邦            ,0,7000,-7000,0,0,0,0,0,0,0,0,0,0,0,0,0,-7000
2459,敦吉            ,0,6000,-6000,0,0,0,0,0,0,-1000,0,1000,-1000,0,0,0,-7000
2032,新鋼            ,0,7000,-7000,0,0,0,0,0,0,0,0,0,0,0,0,0,-7000
1603,華電            ,1000,8000,-7000,0,0,0,0,0,0,0,0,0,0,0,0,0,-7000
08811P,鴻海群益01售08  ,0,0,0,0,0,0,0,0,0,-7000,0,0,0,40000,47000,-7000,-7000
068611,臻鼎凱基01購01  ,0,0,0,0,0,0,0,0,0,-8000,0,0,0,80000,88000,-8000,-8000
068319,聯電元大01購05  ,0,0,0,0,0,0,0,0,0,-8000,0,0,0,44000,52000,-8000,-8000
07861P,台灣50中信03售08,0,0,0,0,0,0,0,0,0,-8000,0,0,0,2000,10000,-8000,-8000
07379P,大立光元大99售30,0,0,0,0,0,0,0,0,0,-8000,0,0,0,0,8000,-8000,-8000
067437,瑞祺凱基02購02  ,0,0,0,0,0,0,0,0,0,-8000,0,0,0,82000,90000,-8000,-8000
067803,台積電凱基07購02,0,0,0,0,0,0,0,0,0,-8000,0,0,0,0,8000,-8000,-8000
06771P,台灣50中信02售01,20000,0,20000,0,0,0,0,0,0,-28000,0,0,0,0,28000,-28000,-8000
067758,儒鴻永豐01購01  ,0,0,0,0,0,0,0,0,0,-8000,0,0,0,216000,224000,-8000,-8000
068047,台積電統一03購06,0,0,0,0,0,0,0,0,0,-8000,0,0,0,0,8000,-8000,-8000
068169,臺股指元大01購22,0,0,0,0,0,0,0,0,0,-8000,0,0,0,10000,18000,-8000,-8000
03083P,鴻海元大01售22  ,0,0,0,0,0,0,0,0,0,-8000,0,0,0,0,8000,-8000,-8000
03037P,玉晶光國票02售02,0,0,0,0,0,0,0,0,0,-8000,0,0,0,2000,10000,-8000,-8000
03229P,臺股指凱基02售07,0,0,0,0,0,0,0,0,0,-8000,0,0,0,0,8000,-8000,-8000
00709,富邦歐洲        ,0,0,0,0,0,0,0,0,0,-8000,0,0,0,107000,115000,-8000,-8000
03260P,技嘉凱基02售01  ,0,0,0,0,0,0,0,0,0,-8000,0,0,0,50000,58000,-8000,-8000
03006P,華通永豐01售01  ,0,0,0,0,0,0,0,0,0,-8000,0,0,0,0,8000,-8000,-8000
059868,台光電凱基99購03,0,0,0,0,0,0,0,0,0,-8000,0,0,0,12000,20000,-8000,-8000
059952,旺宏康和99購01  ,0,0,0,0,0,0,0,0,0,-8000,0,0,0,0,8000,-8000,-8000
062930,旺宏統一9C購02  ,0,0,0,0,0,0,0,0,0,-8000,0,0,0,2000,10000,-8000,-8000
063151,奇鋐元富9B購01  ,0,0,0,0,0,0,0,0,0,-8000,0,0,0,0,8000,-8000,-8000
063082,瑞昱凱基9B購04  ,0,0,0,0,0,0,0,0,0,-8000,0,0,0,2000,10000,-8000,-8000
058626,瑞昱國票9A購01  ,0,0,0,0,0,0,0,0,0,-8000,0,0,0,0,8000,-8000,-8000
057543,華通凱基99購02  ,0,0,0,0,0,0,0,0,0,-8000,0,0,0,21000,29000,-8000,-8000
058492,華通群益9B購01  ,0,0,0,0,0,0,0,0,0,-8000,0,0,0,0,8000,-8000,-8000
063583,GIS國泰01購01   ,0,0,0,0,0,0,0,0,0,-8000,0,0,0,32000,40000,-8000,-8000
063603,友達凱基9B購05  ,0,0,0,0,0,0,0,0,0,-8000,0,0,0,0,8000,-8000,-8000
063504,國巨群益9C購06  ,0,0,0,0,0,0,0,0,0,-8000,0,0,0,5000,13000,-8000,-8000
063533,緯穎凱基9B購06  ,0,0,0,0,0,0,0,0,0,-8000,0,0,0,19000,27000,-8000,-8000
063665,南亞科統一01購02,0,0,0,0,0,0,0,0,0,-8000,0,0,0,22000,30000,-8000,-8000
063750,和鑫國票9B購01  ,0,0,0,0,0,0,0,0,0,-8000,0,0,0,301000,309000,-8000,-8000
062128,祥碩統一01購01  ,0,0,0,0,0,0,0,0,0,-8000,0,0,0,2000,10000,-8000,-8000
060940,國巨國票9B購03  ,0,0,0,0,0,0,0,0,0,-8000,0,0,0,32000,40000,-8000,-8000
061744,超眾凱基9B購02  ,0,0,0,0,0,0,0,0,0,-8000,0,0,0,0,8000,-8000,-8000
060760,南亞科元大9A購04,0,0,0,0,0,0,0,0,0,-8000,0,0,0,22000,30000,-8000,-8000
064187,亞光永豐9C購01  ,0,0,0,0,0,0,0,0,0,-8000,0,0,0,16000,24000,-8000,-8000
061259,台積電凱基9A購21,0,0,0,0,0,0,0,0,0,-8000,0,0,0,16000,24000,-8000,-8000
065902,燿華富邦02購01  ,0,0,0,0,0,0,0,0,0,-8000,0,0,0,410000,418000,-8000,-8000
066711,臺股指群益01購03,0,0,0,0,0,0,0,0,0,-8000,0,0,0,0,8000,-8000,-8000
066716,高股息元大01購01,0,0,0,0,0,0,0,0,0,-8000,0,0,0,4000,12000,-8000,-8000
066805,泰碩凱基02購03  ,0,0,0,0,0,0,0,0,0,-8000,0,0,0,0,8000,-8000,-8000
063801,GIS凱基01購01   ,0,0,0,0,0,0,0,0,0,-8000,0,0,0,0,8000,-8000,-8000
065228,南亞科凱基01購03,0,0,0,0,0,0,0,0,0,-8000,0,0,0,0,8000,-8000,-8000
065084,南亞科元大9C購08,0,0,0,0,0,0,0,0,0,-8000,0,0,0,2000,10000,-8000,-8000
065151,國巨群益9C購13  ,0,0,0,0,0,0,0,0,0,-8000,0,0,0,3000,11000,-8000,-8000
065394,英業達群益9C購01,0,0,0,0,0,0,0,0,0,-8000,0,0,0,0,8000,-8000,-8000
08590P,智邦凱基9C售04  ,0,0,0,0,0,0,0,0,0,-8000,0,0,0,10000,18000,-8000,-8000
1464,得力            ,11000,19000,-8000,0,0,0,0,0,0,0,0,0,0,0,0,0,-8000
1726,永記            ,0,8000,-8000,0,0,0,0,0,0,0,0,0,0,0,0,0,-8000
08950P,臺股指國票01售07,0,0,0,0,0,0,0,0,0,-8000,0,0,0,20000,28000,-8000,-8000
2427,三商電          ,0,8000,-8000,0,0,0,0,0,0,0,0,0,0,0,0,0,-8000
2114,鑫永銓          ,0,8000,-8000,0,0,0,0,0,0,0,0,0,0,0,0,0,-8000
2908,特力            ,7000,15000,-8000,0,0,0,0,0,0,0,0,0,0,0,0,0,-8000
3338,泰碩            ,79000,45000,34000,0,0,0,0,43000,-43000,1000,0,3000,-3000,10000,6000,4000,-8000
068209,彩晶凱基04購02  ,0,0,0,0,0,0,0,0,0,-9000,0,0,0,5000,14000,-9000,-9000
067920,玉晶光永豐01購04,0,0,0,0,0,0,0,0,0,-9000,0,0,0,1000,10000,-9000,-9000
067536,大立光群益01購09,0,0,0,0,0,0,0,0,0,-9000,0,0,0,1000,10000,-9000,-9000
067584,技嘉群益02購01  ,0,0,0,0,0,0,0,0,0,-9000,0,0,0,59000,68000,-9000,-9000
08181P,華新科國泰9C售02,0,0,0,0,0,0,0,0,0,-9000,0,0,0,11000,20000,-9000,-9000
08165P,台表科永豐9B售02,0,0,0,0,0,0,0,0,0,-9000,0,0,0,0,9000,-9000,-9000
068349,聯電凱基03購03  ,0,0,0,0,0,0,0,0,0,-9000,0,0,0,20000,29000,-9000,-9000
068578,帆宣國泰03購01  ,0,0,0,0,0,0,0,0,0,-9000,0,0,0,58000,67000,-9000,-9000
068919,台積電元富08購09,0,0,0,0,0,0,0,0,0,-9000,0,0,0,0,9000,-9000,-9000
058448,滬深2X永豐9A購01,0,0,0,0,0,0,0,0,0,-9000,0,0,0,18000,27000,-9000,-9000
058378,南電凱基99購01  ,0,0,0,0,0,0,0,0,0,-9000,0,0,0,12000,21000,-9000,-9000
058033,景碩永豐98購02  ,0,0,0,0,0,0,0,0,0,-9000,0,0,0,32000,41000,-9000,-9000
058630,日月光國票9A購01,0,0,0,0,0,0,0,0,0,-9000,0,0,0,24000,33000,-9000,-9000
062925,建準國票9B購01  ,0,0,0,0,0,0,0,0,0,-9000,0,0,0,27000,36000,-9000,-9000
059934,華通永豐99購02  ,0,0,0,0,0,0,0,0,0,-9000,0,0,0,1000,10000,-9000,-9000
059905,A50正2元大9C購06,0,0,0,0,0,0,0,0,0,-9000,0,0,0,1000,10000,-9000,-9000
059626,台積電凱基01購01,0,0,0,0,0,0,0,0,0,-9000,0,0,0,4000,13000,-9000,-9000
057442,玉晶光統一98購03,0,0,0,0,0,0,0,0,0,-9000,0,0,0,86000,95000,-9000,-9000
057363,華通元大99購02  ,0,0,0,0,0,0,0,0,0,-9000,0,0,0,47000,56000,-9000,-9000
006203,元大MSCI台灣    ,0,0,0,0,0,0,0,0,0,-9000,0,0,0,12000,21000,-9000,-9000
03219P,台積電康和02售01,0,0,0,0,0,0,0,0,0,-9000,0,0,0,0,9000,-9000,-9000
03184P,台積電元大01售48,0,0,0,0,0,0,0,0,0,-9000,0,0,0,41000,50000,-9000,-9000
062560,奇鋐凱基9B購02  ,0,0,0,0,0,0,0,0,0,-9000,0,0,0,23000,32000,-9000,-9000
063478,GIS元大9B購03   ,0,0,0,0,0,0,0,0,0,-9000,0,0,0,4000,13000,-9000,-9000
062223,大立光統一9C購04,0,0,0,0,0,0,0,0,0,-9000,0,0,0,0,9000,-9000,-9000
063641,泰鼎元大9B購04  ,0,0,0,0,0,0,0,0,0,-9000,0,0,0,10000,19000,-9000,-9000
065514,建準群益9C購01  ,0,0,0,0,0,0,0,0,0,-9000,0,0,0,6000,15000,-9000,-9000
065128,大成鋼兆豐9C購01,0,0,0,0,0,0,0,0,0,-9000,0,0,0,4000,13000,-9000,-9000
064408,TPK凱基02購01   ,0,0,0,0,0,0,0,0,0,-9000,0,0,0,16000,25000,-9000,-9000
063815,玉晶光群益02購01,0,0,0,0,0,0,0,0,0,-9000,0,0,0,9000,18000,-9000,-9000
064712,聚陽統一02購03  ,0,0,0,0,0,0,0,0,0,-9000,0,0,0,1000,10000,-9000,-9000
064850,智原元富9C購01  ,0,0,0,0,0,0,0,0,0,-9000,0,0,0,26000,35000,-9000,-9000
065844,南亞科元大9C購09,0,0,0,0,0,0,0,0,0,-9000,0,0,0,0,9000,-9000,-9000
065770,元黃金國票01購01,0,0,0,0,0,0,0,0,0,-9000,0,0,0,1000,10000,-9000,-9000
2891B,中信金乙特      ,0,0,0,0,0,0,0,0,0,-9000,1000,10000,-9000,0,0,0,-9000
2527,宏璟            ,4000,13000,-9000,0,0,0,0,0,0,0,0,0,0,0,0,0,-9000
1110,東泥            ,0,9000,-9000,0,0,0,0,0,0,0,0,0,0,0,0,0,-9000
1521,大億            ,0,9000,-9000,0,0,0,0,0,0,0,0,0,0,0,0,0,-9000
08776P,上証2X群益03售02,0,0,0,0,0,0,0,0,0,-9000,0,0,0,12000,21000,-9000,-9000
068605,聯發科凱基01購25,0,0,0,0,0,0,0,0,0,-10000,0,0,0,0,10000,-10000,-10000
068598,台積電凱基01購25,0,0,0,0,0,0,0,0,0,-10000,0,0,0,0,10000,-10000,-10000
068618,上証2X群益02購04,0,0,0,0,0,0,0,0,0,-10000,0,0,0,0,10000,-10000,-10000
068687,亞聚凱基02購01  ,0,0,0,0,0,0,0,0,0,-10000,0,0,0,0,10000,-10000,-10000
068559,鴻海元大01購29  ,0,0,0,0,0,0,0,0,0,-10000,0,0,0,5000,15000,-10000,-10000
068435,聯發科凱基01購21,0,0,0,0,0,0,0,0,0,-10000,0,0,0,58000,68000,-10000,-10000
08144P,臺股指凱基02售03,0,0,0,0,0,0,0,0,0,-10000,0,0,0,0,10000,-10000,-10000
08132P,南六元大9B售05  ,0,0,0,0,0,0,0,0,0,-10000,0,0,0,0,10000,-10000,-10000
08088P,義隆凱基9B售03  ,0,0,0,0,0,0,0,0,0,-10000,0,0,0,0,10000,-10000,-10000
08111P,臺股指中信01售06,0,0,0,0,0,0,0,0,0,-10000,0,0,0,10000,20000,-10000,-10000
08182P,金像電永豐9B售01,0,0,0,0,0,0,0,0,0,-10000,0,0,0,0,10000,-10000,-10000
08242P,聯發科凱基9C售06,0,0,0,0,0,0,0,0,0,-10000,0,0,0,0,10000,-10000,-10000
08359P,緯創元大9C售02  ,0,0,0,0,0,0,0,0,0,-10000,0,0,0,0,10000,-10000,-10000
08319P,台積電統一9C售11,0,0,0,0,0,0,0,0,0,-10000,0,0,0,0,10000,-10000,-10000
08347P,大立光元大9C售16,0,0,0,0,0,0,0,0,0,-10000,0,0,0,0,10000,-10000,-10000
08438P,鴻海國票01售02  ,0,0,0,0,0,0,0,0,0,-10000,0,0,0,0,10000,-10000,-10000
07341P,台積電凱基99售18,0,0,0,0,0,0,0,0,0,-10000,0,0,0,0,10000,-10000,-10000
07255P,國巨凱基99售15  ,0,0,0,0,0,0,0,0,0,-10000,0,0,0,0,10000,-10000,-10000
07198P,臺股指元大99售14,0,0,0,0,0,0,0,0,0,-10000,0,0,0,0,10000,-10000,-10000
07519P,臺股指元大9B售10,0,0,0,0,0,0,0,0,0,-10000,0,0,0,0,10000,-10000,-10000
06987P,鴻海元富99售08  ,0,0,0,0,0,0,0,0,0,-10000,0,0,0,0,10000,-10000,-10000
07812P,大立光統一9A售06,0,0,0,0,0,0,0,0,0,-10000,0,0,0,0,10000,-10000,-10000
07737P,華通永豐9A售01  ,0,0,0,0,0,0,0,0,0,-10000,0,0,0,10000,20000,-10000,-10000
07758P,台積電國票9A售06,0,0,0,0,0,0,0,0,0,-10000,0,0,0,0,10000,-10000,-10000
07692P,玉晶光元大9A售11,0,0,0,0,0,0,0,0,0,-10000,0,0,0,45000,55000,-10000,-10000
07882P,台灣50凱基01售12,0,0,0,0,0,0,0,0,0,-10000,0,0,0,0,10000,-10000,-10000
07903P,台積電群益9B售03,0,0,0,0,0,0,0,0,0,-10000,0,0,0,23000,33000,-10000,-10000
07906P,中租群益9B售02  ,0,0,0,0,0,0,0,0,0,-10000,0,0,0,0,10000,-10000,-10000
07907P,台灣50台新9B售08,0,0,0,0,0,0,0,0,0,-10000,0,0,0,0,10000,-10000,-10000
07980P,臺股指凱基02售01,0,0,0,0,0,0,0,0,0,-10000,0,0,0,0,10000,-10000,-10000
07964P,大立光統一9B售12,0,0,0,0,0,0,0,0,0,-10000,0,0,0,0,10000,-10000,-10000
067578,SP黃豆群益01購01,0,0,0,0,0,0,0,0,0,-10000,0,0,0,0,10000,-10000,-10000
067549,聯電中信03購01  ,0,0,0,0,0,0,0,0,0,-10000,0,0,0,0,10000,-10000,-10000
067425,京元電凱基01購01,0,0,0,0,0,0,0,0,0,-10000,0,0,0,45000,55000,-10000,-10000
067165,世紀鋼國票02購02,0,0,0,0,0,0,0,0,0,-10000,0,0,0,0,10000,-10000,-10000
067128,華城永豐01購02  ,0,0,0,0,0,0,0,0,0,-10000,0,0,0,0,10000,-10000,-10000
067251,長興國票01購01  ,0,0,0,0,0,0,0,0,0,-10000,0,0,0,0,10000,-10000,-10000
06696P,台灣50國票99售01,0,0,0,0,0,0,0,0,0,-10000,0,0,0,0,10000,-10000,-10000
067856,寶成國票02購01  ,0,0,0,0,0,0,0,0,0,-10000,0,0,0,10000,20000,-10000,-10000
067800,SP黃豆凱基04購01,0,0,0,0,0,0,0,0,0,-10000,0,0,0,0,10000,-10000,-10000
068188,T50反1凱基04購02,0,0,0,0,0,0,0,0,0,-10000,0,0,0,0,10000,-10000,-10000
068150,英業達元大01購02,0,0,0,0,0,0,0,0,0,-10000,0,0,0,0,10000,-10000,-10000
067954,大立光永豐01購02,0,0,0,0,0,0,0,0,0,-10000,0,0,0,0,10000,-10000,-10000
067928,華城凱基01購01  ,0,0,0,0,0,0,0,0,0,-10000,0,0,0,6000,16000,-10000,-10000
03236P,大立光元大02售03,0,0,0,0,0,0,0,0,0,-10000,0,0,0,0,10000,-10000,-10000
03040P,玉晶光國票03售02,0,0,0,0,0,0,0,0,0,-10000,0,0,0,0,10000,-10000,-10000
03081P,華通元大01售06  ,0,0,0,0,0,0,0,0,0,-10000,0,0,0,0,10000,-10000,-10000
03090P,臺股指元大01售19,0,0,0,0,0,0,0,0,0,-10000,0,0,0,32000,42000,-10000,-10000
03122P,台積電元大01售44,0,0,0,0,0,0,0,0,0,-10000,0,0,0,0,10000,-10000,-10000
057396,健鼎中信99購01  ,0,0,0,0,0,0,0,0,0,-10000,0,0,0,0,10000,-10000,-10000
057489,奇力新元大99購06,0,0,0,0,0,0,0,0,0,-10000,0,0,0,10000,20000,-10000,-10000
056453,禾伸堂凱基99購02,0,0,0,0,0,0,0,0,0,-10000,0,0,0,0,10000,-10000,-10000
03277P,聯發科中信04售03,0,0,0,0,0,0,0,0,0,-10000,0,0,0,0,10000,-10000,-10000
055781,聯詠凱基98購01  ,0,0,0,0,0,0,0,0,0,-10000,0,0,0,0,10000,-10000,-10000
055787,聯茂凱基99購01  ,0,0,0,0,0,0,0,0,0,-10000,0,0,0,10000,20000,-10000,-10000
03026P,國巨元大01售13  ,0,0,0,0,0,0,0,0,0,-10000,0,0,0,0,10000,-10000,-10000
03288P,台灣50元大02售09,0,0,0,0,0,0,0,0,0,-10000,0,0,0,0,10000,-10000,-10000
03245P,聯發科統一02售11,0,0,0,0,0,0,0,0,0,-10000,0,0,0,0,10000,-10000,-10000
046881,智原富邦99購01  ,0,0,0,0,0,0,0,0,0,-10000,0,0,0,0,10000,-10000,-10000
059645,祥碩凱基99購05  ,0,0,0,0,0,0,0,0,0,-10000,0,0,0,0,10000,-10000,-10000
059687,卜蜂永豐99購01  ,0,0,0,0,0,0,0,0,0,-10000,0,0,0,0,10000,-10000,-10000
059733,緯穎元大99購08  ,0,0,0,0,0,0,0,0,0,-10000,0,0,0,5000,15000,-10000,-10000
059907,道瓊指元大99購03,0,0,0,0,0,0,0,0,0,-10000,0,0,0,0,10000,-10000,-10000
059879,GIS凱基99購03   ,0,0,0,0,0,0,0,0,0,-10000,0,0,0,0,10000,-10000,-10000
059864,亞德客凱基99購01,0,0,0,0,0,0,0,0,0,-10000,0,0,0,0,10000,-10000,-10000
057699,可成群益9A購02  ,0,0,0,0,0,0,0,0,0,-10000,0,0,0,0,10000,-10000,-10000
059581,日月光元富99購02,0,0,0,0,0,0,0,0,0,-10000,0,0,0,0,10000,-10000,-10000
057128,台光電凱基98購03,0,0,0,0,0,0,0,0,0,-10000,0,0,0,0,10000,-10000,-10000
057180,華新科元大99購08,0,0,0,0,0,0,0,0,0,-10000,0,0,0,0,10000,-10000,-10000
057028,台郡凱基99購02  ,0,0,0,0,0,0,0,0,0,-10000,0,0,0,0,10000,-10000,-10000
056970,TPK永豐98購01   ,0,0,0,0,0,0,0,0,0,-10000,0,0,0,1000,11000,-10000,-10000
056954,聯詠富邦9A購01  ,0,0,0,0,0,0,0,0,0,-10000,0,0,0,0,10000,-10000,-10000
053122,美律凱基98購01  ,0,0,0,0,0,0,0,0,0,-10000,0,0,0,0,10000,-10000,-10000
053574,奇力新元富99購01,0,0,0,0,0,0,0,0,0,-10000,0,0,0,0,10000,-10000,-10000
053901,T50反1凱基99購03,0,0,0,0,0,0,0,0,0,-10000,0,0,0,0,10000,-10000,-10000
056768,宏達電元大99購03,0,0,0,0,0,0,0,0,0,-10000,0,0,0,10000,20000,-10000,-10000
056854,友達中信9A購01  ,0,0,0,0,0,0,0,0,0,-10000,0,0,0,0,10000,-10000,-10000
055428,友達群益9C購01  ,0,0,0,0,0,0,0,0,0,-10000,0,0,0,0,10000,-10000,-10000
055218,彩晶凱基99購01  ,0,0,0,0,0,0,0,0,0,-10000,0,0,0,0,10000,-10000,-10000
055259,玉晶光統一9A購01,0,0,0,0,0,0,0,0,0,-10000,0,0,0,0,10000,-10000,-10000
055399,超眾統一99購01  ,0,0,0,0,0,0,0,0,0,-10000,0,0,0,0,10000,-10000,-10000
054640,健策中信9B購01  ,0,0,0,0,0,0,0,0,0,-10000,0,0,0,31000,41000,-10000,-10000
054758,南亞國票9A購01  ,0,0,0,0,0,0,0,0,0,-10000,0,0,0,0,10000,-10000,-10000
054803,味全元大9A購01  ,0,0,0,0,0,0,0,0,0,-10000,0,0,0,0,10000,-10000,-10000
062869,帆宣中信9B購01  ,0,0,0,0,0,0,0,0,0,-10000,0,0,0,0,10000,-10000,-10000
062767,GIS凱基9B購02   ,0,0,0,0,0,0,0,0,0,-10000,0,0,0,0,10000,-10000,-10000
062718,技嘉凱基9B購01  ,0,0,0,0,0,0,0,0,0,-10000,0,0,0,0,10000,-10000,-10000
063099,臺指反群益9B購05,0,0,0,0,0,0,0,0,0,-10000,0,0,0,0,10000,-10000,-10000
063120,台光電元大9C購01,0,0,0,0,0,0,0,0,0,-10000,0,0,0,16000,26000,-10000,-10000
059278,群創元大9A購04  ,0,0,0,0,0,0,0,0,0,-10000,0,0,0,4000,14000,-10000,-10000
059345,禾伸堂凱基99購03,0,0,0,0,0,0,0,0,0,-10000,0,0,0,0,10000,-10000,-10000
058651,FBVIX中信9C購01 ,0,0,0,0,0,0,0,0,0,-10000,0,0,0,40000,50000,-10000,-10000
058713,國巨統一9B購02  ,0,0,0,0,0,0,0,0,0,-10000,0,0,0,300000,310000,-10000,-10000
058672,可成群益9B購02  ,0,0,0,0,0,0,0,0,0,-10000,0,0,0,0,10000,-10000,-10000
058908,貿聯元大99購03  ,0,0,0,0,0,0,0,0,0,-10000,0,0,0,0,10000,-10000,-10000
058863,可成凱基99購02  ,0,0,0,0,0,0,0,0,0,-10000,0,0,0,0,10000,-10000,-10000
058937,仁寶中信99購01  ,0,0,0,0,0,0,0,0,0,-10000,0,0,0,20000,30000,-10000,-10000
059534,國泰金凱基99購01,0,0,0,0,0,0,0,0,0,-10000,0,0,0,0,10000,-10000,-10000
057996,臻鼎中信98購01  ,0,0,0,0,0,0,0,0,0,-10000,0,0,0,0,10000,-10000,-10000
059403,T50反1台新03購03,0,0,0,0,0,0,0,0,0,-10000,0,0,0,0,10000,-10000,-10000
059490,國巨國票99購09  ,0,0,0,0,0,0,0,0,0,-10000,0,0,0,0,10000,-10000,-10000
059471,華新科元大99購17,0,0,0,0,0,0,0,0,0,-10000,0,0,0,0,10000,-10000,-10000
060200,同欣電元富9A購01,0,0,0,0,0,0,0,0,0,-10000,0,0,0,0,10000,-10000,-10000
060222,貿聯凱基9A購02  ,0,0,0,0,0,0,0,0,0,-10000,0,0,0,0,10000,-10000,-10000
060009,南亞科群益99購03,0,0,0,0,0,0,0,0,0,-10000,0,0,0,0,10000,-10000,-10000
059985,華新科元大99購22,0,0,0,0,0,0,0,0,0,-10000,0,0,0,0,10000,-10000,-10000
060019,彰銀康和99購01  ,0,0,0,0,0,0,0,0,0,-10000,0,0,0,0,10000,-10000,-10000
060088,國巨元大99購30  ,0,0,0,0,0,0,0,0,0,-10000,0,0,0,2000,12000,-10000,-10000
060057,欣興凱基9B購01  ,0,0,0,0,0,0,0,0,0,-10000,0,0,0,49000,59000,-10000,-10000
060134,鈺齊群益9A購01  ,0,0,0,0,0,0,0,0,0,-10000,0,0,0,10000,20000,-10000,-10000
058515,健鼎元大99購01  ,0,0,0,0,0,0,0,0,0,-10000,0,0,0,0,10000,-10000,-10000
058601,台積電元大99購10,0,0,0,0,0,0,0,0,0,-10000,0,0,0,0,10000,-10000,-10000
058355,旺宏凱基99購04  ,0,0,0,0,0,0,0,0,0,-10000,0,0,0,0,10000,-10000,-10000
057530,奇鋐元大99購01  ,0,0,0,0,0,0,0,0,0,-10000,0,0,0,0,10000,-10000,-10000
058299,同欣電凱基9A購01,0,0,0,0,0,0,0,0,0,-10000,0,0,0,10000,20000,-10000,-10000
058238,奇鋐元大99購02  ,0,0,0,0,0,0,0,0,0,-10000,0,0,0,0,10000,-10000,-10000
063532,GIS凱基9B購03   ,0,0,0,0,0,0,0,0,0,-10000,0,0,0,5000,15000,-10000,-10000
063062,群創元富9B購01  ,0,0,0,0,0,0,0,0,0,-10000,0,0,0,0,10000,-10000,-10000
063772,智邦富邦9B購02  ,0,0,0,0,0,0,0,0,0,-10000,0,0,0,375000,385000,-10000,-10000
063711,高鐵凱基9B購01  ,0,0,0,0,0,0,0,0,0,-10000,0,0,0,0,10000,-10000,-10000
063321,泰鼎群益9B購03  ,0,0,0,0,0,0,0,0,0,-10000,0,0,0,192000,202000,-10000,-10000
063396,金像電群益9C購01,0,0,0,0,0,0,0,0,0,-10000,0,0,0,146000,156000,-10000,-10000
063390,嘉晶兆豐9B購01  ,0,0,0,0,0,0,0,0,0,-10000,0,0,0,54000,64000,-10000,-10000
063014,技嘉元大9B購03  ,0,0,0,0,0,0,0,0,0,-10000,0,0,0,0,10000,-10000,-10000
063054,健鼎統一01購01  ,0,0,0,0,0,0,0,0,0,-10000,0,0,0,10000,20000,-10000,-10000
063073,瑞昱永豐9B購01  ,0,0,0,0,0,0,0,0,0,-10000,0,0,0,46000,56000,-10000,-10000
062216,國巨統一9B購11  ,0,0,0,0,0,0,0,0,0,-10000,0,0,0,0,10000,-10000,-10000
062129,世紀鋼統一02購01,0,0,0,0,0,0,0,0,0,-10000,0,0,0,0,10000,-10000,-10000
061989,晶技元大9B購04  ,0,0,0,0,0,0,0,0,0,-10000,0,0,0,1000,11000,-10000,-10000
061566,華通元大9A購10  ,0,0,0,0,0,0,0,0,0,-10000,0,0,0,3000,13000,-10000,-10000
061648,緯穎元大9A購04  ,0,0,0,0,0,0,0,0,0,-10000,0,0,0,0,10000,-10000,-10000
061737,南亞科凱基9B購01,0,0,0,0,0,0,0,0,0,-10000,0,0,0,0,10000,-10000,-10000
061881,緯穎元大9B購02  ,0,0,0,0,0,0,0,0,0,-10000,0,0,0,39000,49000,-10000,-10000
062603,台化凱基9B購01  ,0,0,0,0,0,0,0,0,0,-10000,0,0,0,0,10000,-10000,-10000
062552,南電永豐9B購01  ,0,0,0,0,0,0,0,0,0,-10000,0,0,0,239000,249000,-10000,-10000
062335,茂林統一01購01  ,0,0,0,0,0,0,0,0,0,-10000,0,0,0,0,10000,-10000,-10000
062295,康友永豐9B購01  ,0,0,0,0,0,0,0,0,0,-10000,0,0,0,0,10000,-10000,-10000
062464,T50反1凱基9C購03,0,0,0,0,0,0,0,0,0,-10000,0,0,0,0,10000,-10000,-10000
062392,國巨富邦02購01  ,0,0,0,0,0,0,0,0,0,-10000,0,0,0,5000,15000,-10000,-10000
060774,南亞科凱基9A購01,0,0,0,0,0,0,0,0,0,-10000,0,0,0,0,10000,-10000,-10000
060783,亞德客富邦9B購01,0,0,0,0,0,0,0,0,0,-10000,0,0,0,0,10000,-10000,-10000
060721,瑞儀永豐9A購01  ,0,0,0,0,0,0,0,0,0,-10000,0,0,0,20000,30000,-10000,-10000
060736,旺宏統一01購01  ,0,0,0,0,0,0,0,0,0,-10000,0,0,0,0,10000,-10000,-10000
060361,南亞科元富9A購03,0,0,0,0,0,0,0,0,0,-10000,0,0,0,0,10000,-10000,-10000
060857,旭富富邦9B購01  ,0,0,0,0,0,0,0,0,0,-10000,0,0,0,0,10000,-10000,-10000
060660,國巨凱基9B購04  ,0,0,0,0,0,0,0,0,0,-10000,0,0,0,0,10000,-10000,-10000
060553,祥碩凱基9A購01  ,0,0,0,0,0,0,0,0,0,-10000,0,0,0,0,10000,-10000,-10000
060556,緯穎凱基9A購04  ,0,0,0,0,0,0,0,0,0,-10000,0,0,0,0,10000,-10000,-10000
060605,大立光凱基9C購01,0,0,0,0,0,0,0,0,0,-10000,0,0,0,0,10000,-10000,-10000
060476,瑞祺元大9A購02  ,0,0,0,0,0,0,0,0,0,-10000,0,0,0,0,10000,-10000,-10000
060477,和潤元大9A購01  ,0,0,0,0,0,0,0,0,0,-10000,0,0,0,0,10000,-10000,-10000
061155,華新科群益9A購06,0,0,0,0,0,0,0,0,0,-10000,0,0,0,0,10000,-10000,-10000
063891,國巨群益9C購07  ,0,0,0,0,0,0,0,0,0,-10000,0,0,0,8000,18000,-10000,-10000
063909,旺宏凱基02購01  ,0,0,0,0,0,0,0,0,0,-10000,0,0,0,10000,20000,-10000,-10000
064173,國產元富9C購01  ,0,0,0,0,0,0,0,0,0,-10000,0,0,0,4000,14000,-10000,-10000
064055,台郡統一02購01  ,0,0,0,0,0,0,0,0,0,-10000,0,0,0,0,10000,-10000,-10000
063981,貿聯兆豐9C購01  ,0,0,0,0,0,0,0,0,0,-10000,0,0,0,0,10000,-10000,-10000
065721,中壽兆豐9C購01  ,0,0,0,0,0,0,0,0,0,-10000,0,0,0,10000,20000,-10000,-10000
065806,貿聯群益9C購05  ,0,0,0,0,0,0,0,0,0,-10000,0,0,0,0,10000,-10000,-10000
065787,奇鋐永豐9C購01  ,0,0,0,0,0,0,0,0,0,-10000,0,0,0,0,10000,-10000,-10000
065795,康友永豐9C購02  ,0,0,0,0,0,0,0,0,0,-10000,0,0,0,0,10000,-10000,-10000
065896,智易統一02購01  ,0,0,0,0,0,0,0,0,0,-10000,0,0,0,10000,20000,-10000,-10000
065907,南亞科永豐9C購01,0,0,0,0,0,0,0,0,0,-10000,0,0,0,0,10000,-10000,-10000
065945,鴻海統一02購01  ,0,0,0,0,0,0,0,0,0,-10000,0,0,0,0,10000,-10000,-10000
065921,GIS凱基01購02   ,0,0,0,0,0,0,0,0,0,-10000,0,0,0,0,10000,-10000,-10000
066030,超眾群益01購01  ,0,0,0,0,0,0,0,0,0,-10000,0,0,0,0,10000,-10000,-10000
066090,泰鼎永豐01購01  ,0,0,0,0,0,0,0,0,0,-10000,0,0,0,133000,143000,-10000,-10000
066273,晶技元大01購02  ,0,0,0,0,0,0,0,0,0,-10000,0,0,0,15000,25000,-10000,-10000
066732,可成元大01購06  ,0,0,0,0,0,0,0,0,0,-10000,0,0,0,0,10000,-10000,-10000
066878,牧德富邦03購01  ,0,0,0,0,0,0,0,0,0,-10000,0,0,0,0,10000,-10000,-10000
066896,緯穎兆豐03購01  ,0,0,0,0,0,0,0,0,0,-10000,0,0,0,0,10000,-10000,-10000
066942,滬深2X元大03購02,0,0,0,0,0,0,0,0,0,-10000,0,0,0,0,10000,-10000,-10000
066643,旺宏麥證01購01  ,0,0,0,0,10000,-10000,0,0,0,-10000,0,0,0,0,10000,-10000,-10000
066614,貿聯麥證01購01  ,0,0,0,10000,20000,-10000,0,0,0,-10000,0,0,0,10000,20000,-10000,-10000
066470,惠特統一02購01  ,0,0,0,0,0,0,0,0,0,-10000,0,0,0,0,10000,-10000,-10000
066403,台郡凱基01購02  ,0,0,0,0,0,0,0,0,0,-10000,0,0,0,0,10000,-10000,-10000
064880,神達兆豐9C購01  ,0,0,0,0,0,0,0,0,0,-10000,0,0,0,0,10000,-10000,-10000
064808,國產元大9C購02  ,0,0,0,0,0,0,0,0,0,-10000,0,0,0,53000,63000,-10000,-10000
064928,同欣電統一01購02,0,0,0,0,0,0,0,0,0,-10000,0,0,0,0,10000,-10000,-10000
064975,南亞科元大9C購07,0,0,0,0,0,0,0,0,0,-10000,0,0,0,0,10000,-10000,-10000
064734,大立光元富9C購05,0,0,0,0,0,0,0,0,0,-10000,0,0,0,0,10000,-10000,-10000
064772,FBVIX群益9C購04 ,0,0,0,0,0,0,0,0,0,-10000,0,0,0,0,10000,-10000,-10000
063816,TPK群益9C購01   ,0,0,0,0,0,0,0,0,0,-10000,0,0,0,0,10000,-10000,-10000
064439,大立光凱基03購02,0,0,0,0,0,0,0,0,0,-10000,0,0,0,0,10000,-10000,-10000
064341,聯詠元大9C購01  ,0,0,0,0,0,0,0,0,0,-10000,0,0,0,24000,34000,-10000,-10000
06458P,玉晶光統一9A售02,0,0,0,0,0,0,0,0,0,-10000,0,0,0,0,10000,-10000,-10000
065107,道瓊反國票9C購03,0,0,0,0,0,0,0,0,0,-10000,0,0,0,0,10000,-10000,-10000
065203,FBVIX國票9C購01 ,0,0,0,0,0,0,0,0,0,-10000,0,0,0,0,10000,-10000,-10000
065469,FBVIX元大9C購05 ,0,0,0,0,0,0,0,0,0,-10000,0,0,0,0,10000,-10000,-10000
065366,英業達元大9C購02,0,0,0,0,0,0,0,0,0,-10000,0,0,0,28000,38000,-10000,-10000
065521,貿聯群益9C購04  ,0,0,0,0,0,0,0,0,0,-10000,0,0,0,0,10000,-10000,-10000
08789P,A50正2元富01售04,0,0,0,0,0,0,0,0,0,-10000,0,0,0,0,10000,-10000,-10000
08842P,京鼎凱基01售03  ,0,0,0,0,0,0,0,0,0,-10000,0,0,0,0,10000,-10000,-10000
08587P,聯發科中信01售05,0,0,0,0,0,0,0,0,0,-10000,0,0,0,0,10000,-10000,-10000
08577P,臺指2X中信03售01,0,0,0,0,0,0,0,0,0,-10000,0,0,0,0,10000,-10000,-10000
08581P,臺股指元大9C售29,0,0,0,0,0,0,0,0,0,-10000,0,0,0,10000,20000,-10000,-10000
08651P,台灣50群益02售05,0,0,0,0,0,0,0,0,0,-10000,0,0,0,0,10000,-10000,-10000
08505P,臺股指國票9C售07,0,0,0,0,0,0,0,0,0,-10000,0,0,0,0,10000,-10000,-10000
1459,聯發            ,0,10000,-10000,0,0,0,0,0,0,0,0,0,0,0,0,0,-10000
1220,台榮            ,3000,13000,-10000,0,0,0,0,0,0,0,0,0,0,0,0,0,-10000
08939P,緯穎元大01售06  ,0,0,0,0,0,0,0,0,0,-10000,0,0,0,0,10000,-10000,-10000
08933P,上銀元大01售02  ,0,0,0,0,0,0,0,0,0,-10000,0,0,0,0,10000,-10000,-10000
08965P,台灣50元大01售30,0,0,0,0,0,0,0,0,0,-10000,0,0,0,0,10000,-10000,-10000
2496,卓越            ,1000,11000,-10000,0,0,0,0,0,0,0,0,0,0,0,0,0,-10000
2706,第一店          ,0,10000,-10000,0,0,0,0,0,0,0,0,0,0,0,0,0,-10000
6277,宏正            ,11000,20000,-9000,0,0,0,0,0,0,-1000,0,1000,-1000,0,0,0,-10000
9912,偉聯            ,0,10000,-10000,0,0,0,0,0,0,0,0,0,0,0,0,0,-10000
8480,泰昇-KY         ,7000,17000,-10000,0,0,0,0,0,0,0,0,0,0,0,0,0,-10000
067956,玉晶光永豐01購08,0,0,0,0,0,0,0,0,0,-11000,0,0,0,0,11000,-11000,-11000
067972,玉晶光群益02購22,0,0,0,0,0,0,0,0,0,-11000,0,0,0,139000,150000,-11000,-11000
068059,宏碁中信03購01  ,0,0,0,0,0,0,0,0,0,-11000,0,0,0,0,11000,-11000,-11000
067811,高鐵凱基01購01  ,0,0,0,0,0,0,0,0,0,-11000,0,0,0,3000,14000,-11000,-11000
067363,同欣電群益01購02,0,0,0,0,0,0,0,0,0,-11000,0,0,0,10000,21000,-11000,-11000
067493,健策元大01購12  ,0,0,0,0,0,0,0,0,0,-11000,0,0,0,88000,99000,-11000,-11000
07235P,T50正2元大9C售02,0,0,0,0,0,0,0,0,0,-11000,0,0,0,10000,21000,-11000,-11000
08429P,台達電凱基9C售01,0,0,0,0,0,0,0,0,0,-11000,0,0,0,3000,14000,-11000,-11000
068447,A50正2國票03購01,0,0,0,0,0,0,0,0,0,-11000,0,0,0,1000,12000,-11000,-11000
060183,南亞科元富9A購01,0,0,0,0,0,0,0,0,0,-11000,0,0,0,0,11000,-11000,-11000
063191,台表科凱基9B購03,0,0,0,0,0,0,0,0,0,-11000,0,0,0,115000,126000,-11000,-11000
057374,禾伸堂元大99購03,0,0,0,0,0,0,0,0,0,-11000,0,0,0,0,11000,-11000,-11000
056164,聯茂凱基98購03  ,0,0,0,0,0,0,0,0,0,-11000,0,0,0,1000,12000,-11000,-11000
03079P,台灣50元大01售31,0,0,0,0,0,0,0,0,0,-11000,0,0,0,100000,111000,-11000,-11000
00711B,FH彭博新興債    ,0,0,0,0,0,0,0,0,0,-11000,0,0,0,125000,136000,-11000,-11000
064039,亞德客統一02購01,0,0,0,0,0,0,0,0,0,-11000,0,0,0,1000,12000,-11000,-11000
064110,國巨國票01購01  ,0,0,0,0,0,0,0,0,0,-11000,0,0,0,111000,122000,-11000,-11000
063827,國巨國票02購01  ,0,0,0,0,0,0,0,0,0,-11000,0,0,0,29000,40000,-11000,-11000
060471,台勝科元大9B購01,0,0,0,0,0,0,0,0,0,-11000,0,0,0,0,11000,-11000,-11000
060551,大立光凱基9B購02,0,0,0,0,0,0,0,0,0,-11000,0,0,0,0,11000,-11000,-11000
060680,玉晶光元大9C購03,0,0,0,0,0,0,0,0,0,-11000,0,0,0,21000,32000,-11000,-11000
060342,台積電統一02購01,0,0,0,0,0,0,0,0,0,-11000,0,0,0,0,11000,-11000,-11000
061867,旺宏元大9B購02  ,0,0,0,0,0,0,0,0,0,-11000,0,0,0,1000,12000,-11000,-11000
061400,可成兆豐9B購02  ,0,0,0,0,0,0,0,0,0,-11000,0,0,0,0,11000,-11000,-11000
061707,超眾國票9B購01  ,0,0,0,0,0,0,0,0,0,-11000,0,0,0,2000,13000,-11000,-11000
061521,亞光兆豐9A購02  ,0,0,0,0,0,0,0,0,0,-11000,0,0,0,50000,61000,-11000,-11000
063053,聯發科統一01購04,0,0,0,0,0,0,0,0,0,-11000,0,0,0,13000,24000,-11000,-11000
062497,遠東新群益9B購01,0,0,0,0,0,0,0,0,0,-11000,0,0,0,13000,24000,-11000,-11000
065234,旭富凱基01購01  ,0,0,0,0,0,0,0,0,0,-11000,0,0,0,3000,14000,-11000,-11000
064510,GIS元大01購01   ,0,0,0,0,0,0,0,0,0,-11000,0,0,0,4000,15000,-11000,-11000
064296,奇鋐國票01購01  ,0,0,0,0,0,0,0,0,0,-11000,0,0,0,20000,31000,-11000,-11000
064619,南亞科元大9C購05,0,0,0,0,0,0,0,0,0,-11000,0,0,0,0,11000,-11000,-11000
066396,可成凱基01購04  ,0,0,0,0,0,0,0,0,0,-11000,0,0,0,68000,79000,-11000,-11000
066951,長榮航元大01購01,0,0,0,0,0,0,0,0,0,-11000,0,0,0,0,11000,-11000,-11000
066094,元黃金中信03購01,0,0,0,0,0,0,0,0,0,-11000,0,0,0,10000,21000,-11000,-11000
06613P,華新科富邦9A售03,0,0,0,0,0,0,0,0,0,-11000,0,0,0,0,11000,-11000,-11000
065780,國巨富邦03購02  ,0,0,0,0,0,0,0,0,0,-11000,0,0,0,0,11000,-11000,-11000
065825,鴻海凱基02購02  ,0,0,0,0,0,0,0,0,0,-11000,0,0,0,3000,14000,-11000,-11000
9136,巨騰-DR         ,3000,18000,-15000,0,0,0,0,0,0,4000,4000,0,4000,0,0,0,-11000
6573,虹揚-KY         ,2000,13000,-11000,0,0,0,0,0,0,0,0,0,0,0,0,0,-11000
6184,大豐電          ,3000,14000,-11000,0,0,0,0,0,0,0,0,0,0,0,0,0,-11000
5907,大洋-KY         ,2000,13000,-11000,0,0,0,0,0,0,0,0,0,0,0,0,0,-11000
3164,景岳            ,6000,17000,-11000,0,0,0,0,0,0,0,0,0,0,0,0,0,-11000
2399,映泰            ,68000,79000,-11000,0,0,0,0,0,0,0,0,0,0,0,0,0,-11000
2468,華經            ,1000,12000,-11000,0,0,0,0,0,0,0,0,0,0,0,0,0,-11000
1452,宏益            ,11000,22000,-11000,0,0,0,0,0,0,0,0,0,0,0,0,0,-11000
08861P,台積電統一01售10,0,0,0,0,0,0,0,0,0,-11000,0,0,0,5000,16000,-11000,-11000
08857P,台灣50國票01售07,0,0,0,0,0,0,0,0,0,-11000,0,0,0,0,11000,-11000,-11000
08828P,上証2X群益01售05,0,0,0,0,0,0,0,0,0,-11000,0,0,0,0,11000,-11000,-11000
08696P,臺股指群益01售01,0,0,0,0,0,0,0,0,0,-11000,0,0,0,4000,15000,-11000,-11000
1231,聯華食          ,15000,26450,-11450,0,0,0,0,0,0,0,0,0,0,0,0,0,-11450
068433,台光電凱基01購04,0,0,0,0,0,0,0,0,0,-12000,0,0,0,65000,77000,-12000,-12000
068849,旺宏統一04購01  ,0,0,0,0,0,0,0,0,0,-12000,0,0,0,0,12000,-12000,-12000
068726,全新元大02購01  ,0,0,0,0,0,0,0,0,0,-12000,0,0,0,204000,216000,-12000,-12000
08410P,臺股指元大9C售16,0,0,0,0,0,0,0,0,0,-12000,0,0,0,8000,20000,-12000,-12000
07991P,鴻海群益9C售02  ,0,0,0,0,0,0,0,0,0,-12000,0,0,0,1000,13000,-12000,-12000
08014P,微星凱基9B售02  ,0,0,0,0,0,0,0,0,0,-12000,0,0,0,0,12000,-12000,-12000
06750P,聯發科元富02售03,0,0,0,0,0,0,0,0,0,-12000,0,0,0,0,12000,-12000,-12000
067121,台虹群益01購01  ,0,0,0,0,0,0,0,0,0,-12000,0,0,0,0,12000,-12000,-12000
067859,滬深2X元大01購12,0,0,0,0,0,0,0,0,0,-12000,0,0,0,0,12000,-12000,-12000
067634,高鐵永豐01購01  ,0,0,0,0,0,0,0,0,0,-12000,0,0,0,0,12000,-12000,-12000
059334,A50正2國票9A購02,0,0,0,0,0,0,0,0,0,-12000,0,0,0,30000,42000,-12000,-12000
058865,群創凱基01購01  ,0,0,0,0,0,0,0,0,0,-12000,0,0,0,3000,15000,-12000,-12000
058472,亞德客凱基9A購01,0,0,0,0,0,0,0,0,0,-12000,0,0,0,0,12000,-12000,-12000
063434,和潤元富9B購01  ,0,0,0,0,0,0,0,0,0,-12000,0,0,0,200000,212000,-12000,-12000
063525,廣達凱基9B購02  ,0,0,0,0,0,0,0,0,0,-12000,0,0,0,40000,52000,-12000,-12000
060988,華新科元大9A購12,0,0,0,0,0,0,0,0,0,-12000,0,0,0,60000,72000,-12000,-12000
061742,奇鋐凱基9B購01  ,0,0,0,0,0,0,0,0,0,-12000,0,0,0,0,12000,-12000,-12000
061334,華通元大9A購09  ,0,0,0,0,0,0,0,0,0,-12000,0,0,0,0,12000,-12000,-12000
061379,鈺齊永豐9A購02  ,0,0,0,0,0,0,0,0,0,-12000,0,0,0,12000,24000,-12000,-12000
061286,大立光統一9A購05,0,0,0,0,0,0,0,0,0,-12000,0,0,0,0,12000,-12000,-12000
066131,群光群益02購01  ,0,0,0,0,0,0,0,0,0,-12000,0,0,0,339000,351000,-12000,-12000
066024,金像電群益01購04,0,0,0,0,0,0,0,0,0,-12000,0,0,0,0,12000,-12000,-12000
064969,達新元大9C購01  ,0,0,0,0,0,0,0,0,0,-12000,0,0,0,0,12000,-12000,-12000
064348,TPK元大9C購03   ,0,0,0,0,0,0,0,0,0,-12000,0,0,0,10000,22000,-12000,-12000
064349,泰鼎元大9C購02  ,0,0,0,0,0,0,0,0,0,-12000,0,0,0,232000,244000,-12000,-12000
064394,全新永豐9C購02  ,0,0,0,0,0,0,0,0,0,-12000,0,0,0,0,12000,-12000,-12000
065250,同欣電麥證9C購01,0,0,0,0,12000,-12000,0,0,0,-12000,0,0,0,0,12000,-12000,-12000
065146,帆宣凱基9C購01  ,0,0,0,0,0,0,0,0,0,-12000,0,0,0,6000,18000,-12000,-12000
065025,健策永豐9C購02  ,0,0,0,0,0,0,0,0,0,-12000,0,0,0,2000,14000,-12000,-12000
065434,台勝科凱基01購01,0,0,0,0,0,0,0,0,0,-12000,0,0,0,20000,32000,-12000,-12000
1445,大宇            ,0,5000,-5000,0,0,0,0,0,0,-7000,0,7000,-7000,0,0,0,-12000
1447,力鵬            ,428000,440000,-12000,0,0,0,0,0,0,0,0,0,0,0,0,0,-12000
1614,三洋電          ,1000,13000,-12000,0,0,0,0,0,0,0,0,0,0,0,0,0,-12000
08683P,大立光凱基02售03,0,0,0,0,0,0,0,0,0,-12000,0,0,0,10000,22000,-12000,-12000
08457P,大毅元大9C售03  ,0,0,0,0,0,0,0,0,0,-12000,0,0,0,17000,29000,-12000,-12000
08629P,緯創凱基9C售02  ,0,0,0,0,0,0,0,0,0,-12000,0,0,0,65000,77000,-12000,-12000
2302,麗正            ,0,12000,-12000,0,0,0,0,0,0,0,0,0,0,0,0,0,-12000
2739,寒舍            ,3000,15000,-12000,0,0,0,0,0,0,0,0,0,0,0,0,0,-12000
2887F,台新戊特二      ,0,0,0,0,0,0,0,0,0,-12000,0,12000,-12000,0,0,0,-12000
6183,關貿            ,15000,26000,-11000,0,0,0,0,0,0,-1000,0,1000,-1000,0,0,0,-12000
5007,三星            ,0,12000,-12000,0,0,0,0,0,0,0,0,0,0,0,0,0,-12000
067843,聯發科元富07購05,0,0,0,0,0,0,0,0,0,-13000,0,0,0,20000,33000,-13000,-13000
067899,玉晶光群益02購13,0,0,0,0,0,0,0,0,0,-13000,0,0,0,48000,61000,-13000,-13000
066965,鴻海元富07購07  ,0,0,0,0,0,0,0,0,0,-13000,0,0,0,0,13000,-13000,-13000
067238,大立光群益02購03,0,0,0,0,0,0,0,0,0,-13000,0,0,0,5000,18000,-13000,-13000
067571,大立光麥證01購04,0,0,0,212000,225000,-13000,0,0,0,-13000,0,0,0,212000,225000,-13000,-13000
067330,台達電凱基02購01,0,0,0,0,0,0,0,0,0,-13000,0,0,0,12000,25000,-13000,-13000
068924,國巨國泰05購01  ,0,0,0,0,0,0,0,0,0,-13000,0,0,0,15000,28000,-13000,-13000
068807,上緯控群益02購01,0,0,0,0,0,0,0,0,0,-13000,0,0,0,0,13000,-13000,-13000
068824,緯創元大02購02  ,0,0,0,0,0,0,0,0,0,-13000,0,0,0,136000,149000,-13000,-13000
068889,康友統一04購01  ,0,0,0,0,0,0,0,0,0,-13000,0,0,0,0,13000,-13000,-13000
068644,臺股指凱基03購10,0,0,0,0,0,0,0,0,0,-13000,0,0,0,3000,16000,-13000,-13000
068516,聯發科統一05購02,0,0,0,0,0,0,0,0,0,-13000,0,0,0,0,13000,-13000,-13000
068371,華城永豐01購04  ,0,0,0,0,0,0,0,0,0,-13000,0,0,0,2000,15000,-13000,-13000
058061,貿聯元富9B購01  ,0,0,0,0,0,0,0,0,0,-13000,0,0,0,10000,23000,-13000,-13000
059284,緯穎永豐99購03  ,0,0,0,0,0,0,0,0,0,-13000,0,0,0,0,13000,-13000,-13000
063173,矽格中信9B購01  ,0,0,0,0,0,0,0,0,0,-13000,0,0,0,2000,15000,-13000,-13000
053891,欣興群益98購01  ,0,0,0,0,0,0,0,0,0,-13000,0,0,0,8000,21000,-13000,-13000
062005,旺宏國泰01購01  ,0,0,0,0,0,0,0,0,0,-13000,0,0,0,0,13000,-13000,-13000
062104,上証2X國票9B購03,0,0,0,0,0,0,0,0,0,-13000,0,0,0,2000,15000,-13000,-13000
062996,致茂國票9C購01  ,0,0,0,0,0,0,0,0,0,-13000,0,0,0,0,13000,-13000,-13000
063344,臺企銀統一9C購01,0,0,0,0,0,0,0,0,0,-13000,0,0,0,87000,100000,-13000,-13000
065417,嘉晶國票01購02  ,0,0,0,0,0,0,0,0,0,-13000,0,0,0,5000,18000,-13000,-13000
064672,同欣電元大01購01,0,0,0,0,0,0,0,0,0,-13000,0,0,0,1000,14000,-13000,-13000
066332,慧洋永豐01購01  ,0,0,0,0,0,0,0,0,0,-13000,0,0,0,37000,50000,-13000,-13000
065838,鴻海元大03購01  ,0,0,0,0,0,0,0,0,0,-13000,0,0,0,2000,15000,-13000,-13000
065927,智原國票02購01  ,0,0,0,0,0,0,0,0,0,-13000,0,0,0,0,13000,-13000,-13000
066754,南電國泰02購01  ,0,0,0,0,0,0,0,0,0,-13000,0,0,0,69000,82000,-13000,-13000
066701,京元電群益01購02,0,0,0,0,0,0,0,0,0,-13000,0,0,0,18000,31000,-13000,-13000
066587,台船群益01購01  ,0,0,0,0,0,0,0,0,0,-13000,0,0,0,7000,20000,-13000,-13000
4555,氣立            ,6000,15000,-9000,0,0,0,0,0,0,-4000,0,4000,-4000,0,0,0,-13000
2616,山隆            ,0,13000,-13000,0,0,0,0,0,0,0,0,0,0,0,0,0,-13000
2373,震旦行          ,0,11000,-11000,0,0,0,0,0,0,-2000,0,2000,-2000,0,0,0,-13000
08835P,聯發科統一01售12,0,0,0,0,0,0,0,0,0,-13000,0,0,0,82000,95000,-13000,-13000
08884P,義隆國票02售01  ,0,0,0,0,0,0,0,0,0,-13000,0,0,0,4000,17000,-13000,-13000
1472,三洋紡          ,4000,17000,-13000,0,0,0,0,0,0,0,0,0,0,0,0,0,-13000
2038,海光            ,4000,17000,-13000,0,0,0,0,0,0,0,0,0,0,0,0,0,-13000
6431,光麗-KY         ,0,13000,-13000,0,0,0,0,0,0,0,0,0,0,0,0,0,-13000
8341,日友            ,8000,20000,-12000,0,0,0,0,0,0,-1000,0,1000,-1000,0,0,0,-13000
5880,合庫金          ,4882688,4868224,14464,0,0,0,59000,0,59000,-87000,0,87000,-87000,0,0,0,-13536
068899,TPK元大02購01   ,0,0,0,0,0,0,0,0,0,-14000,0,0,0,0,14000,-14000,-14000
07844P,可成國票9A售01  ,0,0,0,0,0,0,0,0,0,-14000,0,0,0,1000,15000,-14000,-14000
067331,友訊凱基01購02  ,0,0,0,0,0,0,0,0,0,-14000,0,0,0,179000,193000,-14000,-14000
067297,台積電元大02購03,0,0,0,0,0,0,0,0,0,-14000,0,0,0,150000,164000,-14000,-14000
067799,玉晶光康和01購01,0,0,0,0,0,0,0,0,0,-14000,0,0,0,60000,74000,-14000,-14000
067629,亞德客永豐01購01,0,0,0,0,0,0,0,0,0,-14000,0,0,0,0,14000,-14000,-14000
068066,亞德客凱基03購01,1000,0,1000,0,0,0,0,0,0,-15000,0,0,0,0,15000,-15000,-14000
054312,TPK凱基98購01   ,0,0,0,0,0,0,0,0,0,-14000,0,0,0,96000,110000,-14000,-14000
059643,日月光凱基99購02,0,0,0,0,0,0,0,0,0,-14000,0,0,0,0,14000,-14000,-14000
00700,富邦恒生國企    ,0,0,0,0,0,0,0,0,0,-14000,0,0,0,102000,116000,-14000,-14000
00666R,富邦恒生國企反1 ,0,0,0,0,0,0,0,0,0,-14000,0,0,0,81000,95000,-14000,-14000
03088P,大立光元大01售17,0,0,0,0,0,0,0,0,0,-14000,0,0,0,1000,15000,-14000,-14000
03187P,聯發科元大01售33,0,0,0,0,0,0,0,0,0,-14000,0,0,0,6000,20000,-14000,-14000
056015,華通群益99購01  ,0,0,0,0,0,0,0,0,0,-14000,0,0,0,0,14000,-14000,-14000
056320,京鼎群益99購01  ,0,0,0,0,0,0,0,0,0,-14000,0,0,0,26000,40000,-14000,-14000
03009P,玉晶光凱基01售08,0,0,0,0,0,0,0,0,0,-14000,0,0,0,78000,92000,-14000,-14000
063129,祥碩元大9C購03  ,0,0,0,0,0,0,0,0,0,-14000,0,0,0,6000,20000,-14000,-14000
057852,國巨國票99購05  ,0,0,0,0,0,0,0,0,0,-14000,0,0,0,0,14000,-14000,-14000
063393,華通群益9C購05  ,0,0,0,0,0,0,0,0,0,-14000,0,0,0,1000,15000,-14000,-14000
063268,GIS中信9B購01   ,0,0,0,0,0,0,0,0,0,-14000,0,0,0,24000,38000,-14000,-14000
063727,鴻海元大9C購05  ,0,0,0,0,0,0,0,0,0,-14000,0,0,0,0,14000,-14000,-14000
060964,日月光凱基9A購01,0,0,0,0,0,0,0,0,0,-14000,0,0,0,27000,41000,-14000,-14000
061017,國泰金麥證9A購01,0,0,0,0,14000,-14000,0,0,0,-14000,0,0,0,0,14000,-14000,-14000
061498,大立光國票9A購10,0,0,0,0,0,0,0,0,0,-14000,0,0,0,16000,30000,-14000,-14000
061409,力成國票9A購02  ,0,0,0,0,0,0,0,0,0,-14000,0,0,0,0,14000,-14000,-14000
062680,微星統一01購01  ,0,0,0,0,0,0,0,0,0,-14000,0,0,0,10000,24000,-14000,-14000
066499,台郡國泰02購01  ,0,0,0,0,0,0,0,0,0,-14000,0,0,0,34000,48000,-14000,-14000
066866,滬深2X元富01購03,0,0,0,0,0,0,0,0,0,-14000,0,0,0,0,14000,-14000,-14000
065797,臺指反群益9C購02,0,0,0,0,0,0,0,0,0,-14000,0,0,0,0,14000,-14000,-14000
064791,友達國票9C購01  ,0,0,0,0,0,0,0,0,0,-14000,0,0,0,222000,236000,-14000,-14000
4164,承業醫          ,81000,54000,27000,0,0,0,0,0,0,-41000,2000,43000,-41000,0,0,0,-14000
2923,鼎固-KY         ,8000,19000,-11000,0,0,0,0,0,0,-3000,0,3000,-3000,0,0,0,-14000
1809,中釉            ,31000,45000,-14000,0,0,0,0,0,0,0,0,0,0,0,0,0,-14000
1449,佳和            ,52000,66000,-14000,0,0,0,0,0,0,0,0,0,0,0,0,0,-14000
08797P,健策凱基02售03  ,0,0,0,0,0,0,0,0,0,-14000,0,0,0,67000,81000,-14000,-14000
08725P,臺股指元大01售06,0,0,0,0,0,0,0,0,0,-14000,0,0,0,7000,21000,-14000,-14000
6405,悅城            ,2000,16000,-14000,0,0,0,0,0,0,0,0,0,0,0,0,0,-14000
068029,台積電元富07購09,0,0,0,0,0,0,0,0,0,-15000,0,0,0,5000,20000,-15000,-15000
068024,聚陽元富07購02  ,0,0,0,0,0,0,0,0,0,-15000,0,0,0,0,15000,-15000,-15000
067979,寶成群益03購01  ,0,0,0,0,0,0,0,0,0,-15000,0,0,0,5000,20000,-15000,-15000
067754,元金2X元大01購02,0,0,0,0,0,0,0,0,0,-15000,0,0,0,0,15000,-15000,-15000
067842,微星元富07購01  ,0,0,0,0,0,0,0,0,0,-15000,0,0,0,15000,30000,-15000,-15000
067575,道瓊反群益01購04,0,0,0,0,0,0,0,0,0,-15000,0,0,0,0,15000,-15000,-15000
066963,T50反1元富07購03,0,0,0,0,0,0,0,0,0,-15000,0,0,0,21000,36000,-15000,-15000
067055,上証2X元大01購03,0,0,0,0,0,0,0,0,0,-15000,0,0,0,0,15000,-15000,-15000
08015P,可成凱基9B售05  ,0,0,0,0,0,0,0,0,0,-15000,0,0,0,40000,55000,-15000,-15000
08390P,旺宏凱基9C售02  ,0,0,0,0,0,0,0,0,0,-15000,0,0,0,5000,20000,-15000,-15000
08393P,鴻海群益9C售05  ,0,0,0,0,0,0,0,0,0,-15000,0,0,0,0,15000,-15000,-15000
08306P,台積電凱基01售04,0,0,0,0,0,0,0,0,0,-15000,0,0,0,0,15000,-15000,-15000
08176P,國巨元大9B售20  ,0,0,0,0,0,0,0,0,0,-15000,0,0,0,0,15000,-15000,-15000
08062P,華擎國票9B售03  ,0,0,0,0,0,0,0,0,0,-15000,0,0,0,64000,79000,-15000,-15000
068832,台積電國泰06購02,0,0,0,0,0,0,0,0,0,-15000,0,0,0,0,15000,-15000,-15000
068741,上証2X群益03購04,0,0,0,0,0,0,0,0,0,-15000,0,0,0,0,15000,-15000,-15000
068622,技嘉群益03購01  ,0,0,0,0,0,0,0,0,0,-15000,0,0,0,20000,35000,-15000,-15000
068577,台積電國泰03購08,0,0,0,0,0,0,0,0,0,-15000,0,0,0,36000,51000,-15000,-15000
068243,聯電元大02購02  ,0,0,0,0,0,0,0,0,0,-15000,0,0,0,15000,30000,-15000,-15000
068436,聯發科凱基03購06,0,0,0,0,0,0,0,0,0,-15000,0,0,0,0,15000,-15000,-15000
057563,旭富國泰9A購01  ,0,0,0,0,0,0,0,0,0,-15000,0,0,0,0,15000,-15000,-15000
058808,大成鋼統一9B購01,0,0,0,0,0,0,0,0,0,-15000,0,0,0,0,15000,-15000,-15000
03306P,臺股指中信05售01,0,0,0,0,0,0,0,0,0,-15000,0,0,0,0,15000,-15000,-15000
03693C,T50反1元大03牛01,0,0,0,0,0,0,0,0,0,-15000,0,0,0,0,15000,-15000,-15000
056498,A50正2富邦9B購01,0,0,0,0,0,0,0,0,0,-15000,0,0,0,42000,57000,-15000,-15000
03064X,元展59          ,0,0,0,0,0,0,0,0,0,-15000,0,0,0,0,15000,-15000,-15000
059639,大立光凱基9A購06,0,0,0,0,0,0,0,0,0,-15000,0,0,0,0,15000,-15000,-15000
054301,楠梓電凱基98購01,0,0,0,0,0,0,0,0,0,-15000,0,0,0,0,15000,-15000,-15000
055327,致新國票98購01  ,0,0,0,0,0,0,0,0,0,-15000,0,0,0,0,15000,-15000,-15000
062429,A50正2元大9B購01,0,0,0,0,0,0,0,0,0,-15000,0,0,0,0,15000,-15000,-15000
062366,義隆元大9B購04  ,0,0,0,0,0,0,0,0,0,-15000,0,0,0,0,15000,-15000,-15000
060747,聯鈞國票9A購02  ,0,0,0,0,0,0,0,0,0,-15000,0,0,0,101000,116000,-15000,-15000
06136P,華新科國泰99售02,0,0,0,0,0,0,0,0,0,-15000,0,0,0,0,15000,-15000,-15000
064224,玉晶光國票01購04,0,0,0,0,0,0,0,0,0,-15000,0,0,0,19000,34000,-15000,-15000
064162,貿聯統一02購01  ,0,0,0,0,0,0,0,0,0,-15000,0,0,0,0,15000,-15000,-15000
064194,燿華群益9C購01  ,0,0,0,0,0,0,0,0,0,-15000,0,0,0,93000,108000,-15000,-15000
064114,南茂國票01購01  ,0,0,0,0,0,0,0,0,0,-15000,0,0,0,7000,22000,-15000,-15000
064088,大立光凱基02購01,0,0,0,0,0,0,0,0,0,-15000,0,0,0,0,15000,-15000,-15000
061736,國巨凱基9B購05  ,0,0,0,0,0,0,0,0,0,-15000,0,0,0,0,15000,-15000,-15000
062088,緯穎元大9B購04  ,0,0,0,0,0,0,0,0,0,-15000,0,0,0,80000,95000,-15000,-15000
063640,貿聯元大9B購03  ,0,0,0,0,0,0,0,0,0,-15000,0,0,0,50000,65000,-15000,-15000
063280,燿華元大9B購05  ,0,0,0,0,0,0,0,0,0,-15000,0,0,0,30000,45000,-15000,-15000
062473,同欣電凱基9B購01,0,0,0,0,0,0,0,0,0,-15000,0,0,0,0,15000,-15000,-15000
064790,金像電國票01購01,0,0,0,0,0,0,0,0,0,-15000,0,0,0,5000,20000,-15000,-15000
064665,南亞科元大9C購06,0,0,0,0,0,0,0,0,0,-15000,0,0,0,0,15000,-15000,-15000
064949,南亞科凱基9C購01,0,0,0,0,0,0,0,0,0,-15000,0,0,0,0,15000,-15000,-15000
063803,世紀鋼凱基01購01,0,0,0,0,0,0,0,0,0,-15000,0,0,0,0,15000,-15000,-15000
065694,國巨群益9C購19  ,0,0,0,0,0,0,0,0,0,-15000,0,0,0,16000,31000,-15000,-15000
065716,道瓊反中信03購01,0,0,0,0,0,0,0,0,0,-15000,0,0,0,0,15000,-15000,-15000
065994,南六永豐01購01  ,0,0,0,0,0,0,0,0,0,-15000,0,0,0,44000,59000,-15000,-15000
066301,大成永豐01購01  ,0,0,0,0,0,0,0,0,0,-15000,0,0,0,10000,25000,-15000,-15000
066360,致茂中信05購01  ,0,0,0,0,0,0,0,0,0,-15000,0,0,0,77000,92000,-15000,-15000
066371,同欣電中信05購01,0,0,0,0,0,0,0,0,0,-15000,0,0,0,26000,41000,-15000,-15000
8210,勤誠            ,51000,64000,-13000,0,0,0,0,0,0,-2000,0,1000,-1000,0,1000,-1000,-15000
8422,可寧衛          ,5000,19000,-14000,0,0,0,0,0,0,-1000,0,1000,-1000,0,0,0,-15000
08648P,健策凱基9C售05  ,0,0,0,0,0,0,0,0,0,-15000,0,0,0,0,15000,-15000,-15000
08461P,長榮航國票9C售01,0,0,0,0,0,0,0,0,0,-15000,0,0,0,85000,100000,-15000,-15000
08544P,和碩國票01售02  ,0,0,0,0,0,0,0,0,0,-15000,0,0,0,1000,16000,-15000,-15000
08976P,臺股指群益01售10,0,0,0,0,0,0,0,0,0,-15000,0,0,0,64000,79000,-15000,-15000
1592,英瑞-KY         ,14000,29000,-15000,0,0,0,0,0,0,0,0,0,0,0,0,0,-15000
2849,安泰銀          ,13000,26000,-13000,0,0,0,0,0,0,-2000,0,2000,-2000,0,0,0,-15000
068487,台積電元大01購46,0,0,0,0,0,0,0,0,0,-16000,0,0,0,4000,20000,-16000,-16000
068596,亞德客凱基01購03,0,0,0,0,0,0,0,0,0,-16000,0,0,0,70000,86000,-16000,-16000
07086P,力成元富9C售01  ,0,0,0,0,0,0,0,0,0,-16000,0,0,0,64000,80000,-16000,-16000
066961,超眾元大01購05  ,0,0,0,0,0,0,0,0,0,-16000,0,0,0,6000,22000,-16000,-16000
067626,聚陽永豐01購01  ,0,0,0,0,0,0,0,0,0,-16000,0,0,0,5000,21000,-16000,-16000
03050X,元展47          ,0,0,0,0,0,0,0,0,0,-16000,0,0,0,7000,23000,-16000,-16000
03033X,元展30          ,0,0,0,0,0,0,0,0,0,-16000,0,0,0,0,16000,-16000,-16000
059129,麗豐中信99購01  ,0,0,0,0,0,0,0,0,0,-16000,0,0,0,0,16000,-16000,-16000
059242,南亞科凱基99購06,0,0,0,0,0,0,0,0,0,-16000,0,0,0,0,16000,-16000,-16000
058499,滬深2X元大9C購01,0,0,0,0,0,0,0,0,0,-16000,0,0,0,15000,31000,-16000,-16000
062522,同欣電元大9B購02,0,0,0,0,0,0,0,0,0,-16000,0,0,0,0,16000,-16000,-16000
063522,技嘉凱基9B購03  ,0,0,0,0,0,0,0,0,0,-16000,0,0,0,4000,20000,-16000,-16000
062113,瑞祺國票9B購01  ,0,0,0,0,0,0,0,0,0,-16000,0,0,0,64000,80000,-16000,-16000
060402,神隆國泰9B購01  ,0,0,0,0,0,0,0,0,0,-16000,0,0,0,0,16000,-16000,-16000
066813,亞德客兆豐01購01,0,0,0,0,0,0,0,0,0,-16000,0,0,0,95000,111000,-16000,-16000
065938,文曄群益01購01  ,0,0,0,0,0,0,0,0,0,-16000,0,0,0,24000,40000,-16000,-16000
064434,微星凱基02購01  ,0,0,0,0,0,0,0,0,0,-16000,0,0,0,39000,55000,-16000,-16000
064597,鴻海元富9C購03  ,0,0,0,0,0,0,0,0,0,-16000,0,0,0,0,16000,-16000,-16000
064530,康控中信9C購01  ,0,0,0,0,0,0,0,0,0,-16000,0,0,0,106000,122000,-16000,-16000
064638,儒鴻凱基9C購03  ,0,0,0,0,0,0,0,0,0,-16000,0,0,0,263000,279000,-16000,-16000
064724,健鼎統一02購02  ,0,0,0,0,0,0,0,0,0,-16000,0,0,0,48000,64000,-16000,-16000
1611,中電            ,22000,38000,-16000,0,0,0,0,0,0,0,0,0,0,0,0,0,-16000
1232,大統益          ,0,21000,-21000,0,0,0,0,0,0,5000,5000,0,5000,0,0,0,-16000
8033,雷虎            ,15000,31000,-16000,0,0,0,0,0,0,0,0,0,0,0,0,0,-16000
068105,GIS永豐01購01   ,0,0,0,0,0,0,0,0,0,-17000,0,0,0,37000,54000,-17000,-17000
067374,大立光統一01購08,0,0,0,0,0,0,0,0,0,-17000,0,0,0,2000,19000,-17000,-17000
07045P,上銀國票9A售01  ,0,0,0,0,0,0,0,0,0,-17000,0,0,0,0,17000,-17000,-17000
07867P,晶技元大9B售01  ,0,0,0,0,0,0,0,0,0,-17000,0,0,0,3000,20000,-17000,-17000
08122P,晶技國票9C售01  ,0,0,0,0,0,0,0,0,0,-17000,0,0,0,0,17000,-17000,-17000
068787,國巨凱基02購09  ,0,0,0,0,0,0,0,0,0,-17000,0,0,0,5000,22000,-17000,-17000
068805,欣興群益03購01  ,0,0,0,0,0,0,0,0,0,-17000,0,0,0,65000,82000,-17000,-17000
059513,揚明光永豐99購01,0,0,0,0,0,0,0,0,0,-17000,0,0,0,16000,33000,-17000,-17000
060238,強茂元大9C購01  ,0,0,0,0,0,0,0,0,0,-17000,0,0,0,37000,54000,-17000,-17000
059173,矽力凱基99購01  ,0,0,0,0,0,0,0,0,0,-17000,0,0,0,0,17000,-17000,-17000
058675,康控群益9B購01  ,0,0,0,0,0,0,0,0,0,-17000,0,0,0,0,17000,-17000,-17000
063208,鈺齊統一9C購01  ,0,0,0,0,0,0,0,0,0,-17000,0,0,0,43000,60000,-17000,-17000
062935,華通凱基9C購02  ,0,0,0,0,0,0,0,0,0,-17000,0,0,0,20000,37000,-17000,-17000
03268P,可成元大02售01  ,0,0,0,0,0,0,0,0,0,-17000,0,0,0,0,17000,-17000,-17000
03263P,日月光國票04售01,0,0,0,0,0,0,0,0,0,-17000,0,0,0,0,17000,-17000,-17000
054778,世紀鋼國票99購01,0,0,0,0,0,0,0,0,0,-17000,0,0,0,31000,48000,-17000,-17000
059646,聯茂凱基99購06  ,0,0,0,0,0,0,0,0,0,-17000,0,0,0,3000,20000,-17000,-17000
060755,鴻海元大9A購15  ,0,0,0,0,0,0,0,0,0,-17000,0,0,0,0,17000,-17000,-17000
063937,上銀元大9C購02  ,0,0,0,0,0,0,0,0,0,-17000,0,0,0,63000,80000,-17000,-17000
062098,億光永豐9B購01  ,0,0,0,0,0,0,0,0,0,-17000,0,0,0,0,17000,-17000,-17000
060932,南六永豐9A購02  ,0,0,0,0,0,0,0,0,0,-17000,0,0,0,53000,70000,-17000,-17000
061657,智原國票9A購01  ,0,0,0,0,0,0,0,0,0,-17000,0,0,0,2000,19000,-17000,-17000
061584,勤誠元大9A購01  ,0,0,0,0,0,0,0,0,0,-17000,0,0,0,208000,225000,-17000,-17000
061410,緯穎國票9A購03  ,0,0,0,0,0,0,0,0,0,-17000,0,0,0,0,17000,-17000,-17000
063395,金像電群益9B購02,0,0,0,0,0,0,0,0,0,-17000,0,0,0,0,17000,-17000,-17000
065576,泰鼎群益9C購02  ,0,0,0,0,0,0,0,0,0,-17000,0,0,0,115000,132000,-17000,-17000
065340,旺宏統一9C購04  ,0,0,0,0,0,0,0,0,0,-17000,0,0,0,0,17000,-17000,-17000
065282,國巨群益9C購14  ,0,0,0,0,0,0,0,0,0,-17000,0,0,0,1000,18000,-17000,-17000
066935,奇鋐國票02購02  ,0,0,0,0,0,0,0,0,0,-17000,0,0,0,0,17000,-17000,-17000
6541,泰福-KY         ,35000,52000,-17000,0,0,0,0,0,0,0,0,0,0,0,0,0,-17000
9942,茂順            ,0,17000,-17000,0,0,0,0,0,0,0,0,0,0,0,0,0,-17000
08924P,鴻海元富07售10  ,0,0,0,0,0,0,0,0,0,-17000,0,0,0,0,17000,-17000,-17000
08925P,國巨元富07售10  ,0,0,0,0,0,0,0,0,0,-17000,0,0,0,0,17000,-17000,-17000
1710,東聯            ,215000,232000,-17000,0,0,0,0,0,0,0,0,0,0,0,0,0,-17000
1808,潤隆            ,51000,68000,-17000,0,0,0,0,0,0,0,0,0,0,0,0,0,-17000
4766,南寶            ,28000,45000,-17000,0,0,0,0,0,0,0,0,0,0,0,0,0,-17000
068826,群創元大05購01  ,0,0,0,0,0,0,0,0,0,-18000,0,0,0,27000,45000,-18000,-18000
068836,義隆永豐02購01  ,0,0,0,0,0,0,0,0,0,-18000,0,0,0,4000,22000,-18000,-18000
068901,嘉聯益元大02購02,0,0,0,0,0,0,0,0,0,-18000,0,0,0,0,18000,-18000,-18000
068564,燿華元大01購04  ,0,0,0,0,0,0,0,0,0,-18000,0,0,0,225000,243000,-18000,-18000
068532,台郡元富07購02  ,0,0,0,0,0,0,0,0,0,-18000,0,0,0,0,18000,-18000,-18000
068408,緯穎元富01購02  ,0,0,0,0,0,0,0,0,0,-18000,0,0,0,0,18000,-18000,-18000
08105P,景碩元大9B售01  ,0,0,0,0,0,0,0,0,0,-18000,0,0,0,93000,111000,-18000,-18000
08263P,台表科元大9C售06,0,0,0,0,0,0,0,0,0,-18000,0,0,0,20000,38000,-18000,-18000
07814P,華通群益9A售06  ,0,0,0,0,0,0,0,0,0,-18000,0,0,0,0,18000,-18000,-18000
059726,華新科元大99購18,0,0,0,0,0,0,0,0,0,-18000,0,0,0,0,18000,-18000,-18000
03302P,聯發科元富02售08,0,0,0,0,0,0,0,0,0,-18000,0,0,0,0,18000,-18000,-18000
00654R,富邦印度反1     ,2000,0,2000,0,0,0,0,0,0,-20000,0,0,0,4000,24000,-20000,-18000
062896,中興電元大9B購01,0,0,0,0,0,0,0,0,0,-18000,0,0,0,80000,98000,-18000,-18000
059297,大立光元富9C購01,0,0,0,0,0,0,0,0,0,-18000,0,0,0,15000,33000,-18000,-18000
059355,國巨富邦9B購03  ,0,0,0,0,0,0,0,0,0,-18000,0,0,0,1000,19000,-18000,-18000
058189,嘉澤永豐99購01  ,0,0,0,0,0,0,0,0,0,-18000,0,0,0,0,18000,-18000,-18000
060951,元黃金群益9A購01,0,0,0,0,0,0,0,0,0,-18000,0,0,0,6000,24000,-18000,-18000
061929,嘉澤凱基9B購01  ,0,0,0,0,0,0,0,0,0,-18000,0,0,0,0,18000,-18000,-18000
061205,旺宏元大9A購11  ,0,0,0,0,0,0,0,0,0,-18000,0,0,0,20000,38000,-18000,-18000
064214,群創凱基03購01  ,0,0,0,0,0,0,0,0,0,-18000,0,0,0,45000,63000,-18000,-18000
060630,國巨富邦9C購03  ,0,0,0,0,0,0,0,0,0,-18000,0,0,0,0,18000,-18000,-18000
062285,台勝科群益9B購01,0,0,0,0,0,0,0,0,0,-18000,0,0,0,0,18000,-18000,-18000
062673,台新金中信03購01,0,0,0,0,0,0,0,0,0,-18000,0,0,0,20000,38000,-18000,-18000
066697,長興群益01購01  ,0,0,0,0,0,0,0,0,0,-18000,0,0,0,11000,29000,-18000,-18000
066698,川湖群益01購01  ,0,0,0,0,0,0,0,0,0,-18000,0,0,0,8000,26000,-18000,-18000
066509,南亞永豐01購01  ,0,0,0,0,0,0,0,0,0,-18000,0,0,0,2000,20000,-18000,-18000
066607,台郡永豐01購01  ,0,0,0,0,0,0,0,0,0,-18000,0,0,0,0,18000,-18000,-18000
065798,華通群益01購03  ,0,0,0,0,0,0,0,0,0,-18000,0,0,0,102000,120000,-18000,-18000
065009,勤誠國票01購01  ,0,0,0,0,0,0,0,0,0,-18000,0,0,0,0,18000,-18000,-18000
065101,力成元大9C購05  ,0,0,0,0,0,0,0,0,0,-18000,0,0,0,0,18000,-18000,-18000
065563,T50反1群益9C購04,0,0,0,0,0,0,0,0,0,-18000,0,0,0,894000,912000,-18000,-18000
064402,宏碁凱基01購01  ,0,0,0,0,0,0,0,0,0,-18000,0,0,0,135000,153000,-18000,-18000
2022,聚亨            ,14000,32000,-18000,0,0,0,0,0,0,0,0,0,0,0,0,0,-18000
2023,燁輝            ,283000,301000,-18000,0,0,0,0,0,0,0,0,0,0,0,0,0,-18000
08943P,嘉晶國票03售01  ,0,0,0,0,0,0,0,0,0,-18000,0,0,0,19000,37000,-18000,-18000
1256,鮮活果汁-KY     ,0,6000,-6000,0,0,0,0,12000,-12000,0,0,0,0,0,0,0,-18000
08559P,瑞昱國票9C售01  ,0,0,0,0,0,0,0,0,0,-18000,0,0,0,0,18000,-18000,-18000
08739P,台郡凱基01售03  ,0,0,0,0,0,0,0,0,0,-18000,0,0,0,0,18000,-18000,-18000
08803P,鴻海元富07售08  ,0,0,0,0,0,0,0,0,0,-18000,0,0,0,0,18000,-18000,-18000
07748P,茂林凱基9A售04  ,0,0,0,0,0,0,0,0,0,-19000,0,0,0,11000,30000,-19000,-19000
07996P,亞德客凱基9B售03,0,0,0,0,0,0,0,0,0,-19000,0,0,0,38000,57000,-19000,-19000
07127P,精元元大99售01  ,0,0,0,0,0,0,0,0,0,-19000,0,0,0,4000,23000,-19000,-19000
07009P,臺股指中信9B售01,0,0,0,0,0,0,0,0,0,-19000,0,0,0,0,19000,-19000,-19000
067173,京鼎兆豐01購01  ,0,0,0,0,0,0,0,0,0,-19000,0,0,0,173000,192000,-19000,-19000
067929,華通凱基01購04  ,0,0,0,0,0,0,0,0,0,-19000,0,0,0,285000,304000,-19000,-19000
057597,華通群益9A購02  ,0,0,0,0,0,0,0,0,0,-19000,0,0,0,61000,80000,-19000,-19000
062787,超眾元大9C購02  ,0,0,0,0,0,0,0,0,0,-19000,0,0,0,20000,39000,-19000,-19000
00861,元大全球未來通訊,7000,10000,-3000,0,0,0,0,0,0,-16000,0,0,0,269000,285000,-16000,-19000
03174P,台積電國票01售12,0,0,0,0,0,0,0,0,0,-19000,0,0,0,32000,51000,-19000,-19000
053609,華新中信9A購01  ,0,0,0,0,0,0,0,0,0,-19000,0,0,0,0,19000,-19000,-19000
062357,國巨元大9B購11  ,0,0,0,0,0,0,0,0,0,-19000,0,0,0,6000,25000,-19000,-19000
064005,義隆凱基01購01  ,0,0,0,0,0,0,0,0,0,-19000,0,0,0,8000,27000,-19000,-19000
061236,台積電元大9A購24,0,0,0,0,0,0,0,0,0,-19000,0,0,0,0,19000,-19000,-19000
061349,嘉澤元大9A購02  ,0,0,0,0,0,0,0,0,0,-19000,0,0,0,7000,26000,-19000,-19000
061945,華通群益9B購04  ,0,0,0,0,0,0,0,0,0,-19000,0,0,0,10000,29000,-19000,-19000
062271,華通群益9C購02  ,0,0,0,0,0,0,0,0,0,-19000,0,0,0,0,19000,-19000,-19000
061626,超眾群益9A購02  ,0,0,0,0,0,0,0,0,0,-19000,0,0,0,7000,26000,-19000,-19000
063714,超眾凱基9B購03  ,0,0,0,0,0,0,0,0,0,-19000,0,0,0,0,19000,-19000,-19000
064410,超眾凱基02購01  ,0,0,0,0,0,0,0,0,0,-19000,0,0,0,10000,29000,-19000,-19000
064692,嘉晶群益9C購03  ,0,0,0,0,0,0,0,0,0,-19000,0,0,0,86000,105000,-19000,-19000
066583,上証2X群益03購01,0,0,0,0,0,0,0,0,0,-19000,0,0,0,0,19000,-19000,-19000
08967P,聯電元大01售03  ,0,0,0,0,0,0,0,0,0,-19000,0,0,0,0,19000,-19000,-19000
1617,榮星            ,0,19000,-19000,0,0,0,0,0,0,0,0,0,0,0,0,0,-19000
2882A,國泰特          ,0,16000,-16000,0,0,0,0,0,0,-3000,6000,9000,-3000,0,0,0,-19000
912000,晨訊科-DR       ,2000,21000,-19000,0,0,0,0,0,0,0,0,0,0,0,0,0,-19000
068041,訊芯元富07購01  ,0,0,0,0,0,0,0,0,0,-20000,0,0,0,0,20000,-20000,-20000
067569,台積電麥證01購10,0,0,0,10000,30000,-20000,0,0,0,-20000,0,0,0,10000,30000,-20000,-20000
067451,嘉晶國票02購01  ,0,0,0,0,0,0,0,0,0,-20000,0,0,0,18000,38000,-20000,-20000
07145P,為升元大99售03  ,0,0,0,0,0,0,0,0,0,-20000,0,0,0,1000,21000,-20000,-20000
07594P,大立光永豐9A售01,0,0,0,0,0,0,0,0,0,-20000,0,0,0,0,20000,-20000,-20000
07992P,玉晶光群益01售04,0,0,0,0,0,0,0,0,0,-20000,0,0,0,370000,390000,-20000,-20000
08048P,臺股指國票9B售13,0,0,0,0,0,0,0,0,0,-20000,0,0,0,0,20000,-20000,-20000
07715P,台灣50群益9A售14,0,0,0,0,0,0,0,0,0,-20000,0,0,0,0,20000,-20000,-20000
07720P,臺股指群益9A售09,0,0,0,0,0,0,0,0,0,-20000,0,0,0,0,20000,-20000,-20000
07683P,宏達電凱基9A售03,0,0,0,0,0,0,0,0,0,-20000,0,0,0,0,20000,-20000,-20000
07832P,台積電群益9A售08,0,0,0,0,0,0,0,0,0,-20000,0,0,0,0,20000,-20000,-20000
08251P,臺股指群益9C售09,0,0,0,0,0,0,0,0,0,-20000,0,0,0,0,20000,-20000,-20000
08220P,華邦電凱基9B售02,0,0,0,0,0,0,0,0,0,-20000,0,0,0,0,20000,-20000,-20000
08128P,聯發科元大9B售22,0,0,0,0,0,0,0,0,0,-20000,0,0,0,0,20000,-20000,-20000
08155P,聯發科元富9B售05,0,0,0,0,0,0,0,0,0,-20000,0,0,0,0,20000,-20000,-20000
08428P,GIS國票01售01   ,0,0,0,0,0,0,0,0,0,-20000,0,0,0,1000,21000,-20000,-20000
08437P,台郡群益9C售01  ,0,0,0,0,0,0,0,0,0,-20000,0,0,0,0,20000,-20000,-20000
068416,致茂中信07購01  ,0,0,0,0,0,0,0,0,0,-20000,0,0,0,0,20000,-20000,-20000
068496,景碩元大01購04  ,0,0,0,0,0,0,0,0,0,-20000,0,0,0,173000,193000,-20000,-20000
068342,鴻海麥證01購03  ,0,0,0,4000,20000,-16000,0,0,0,-20000,0,0,0,4000,24000,-20000,-20000
068911,聯發科群益02購09,0,0,0,0,0,0,0,0,0,-20000,0,0,0,0,20000,-20000,-20000
068876,聯詠凱基02購04  ,0,0,0,0,0,0,0,0,0,-20000,0,0,0,0,20000,-20000,-20000
068773,T50反1元富08購01,0,0,0,0,0,0,0,0,0,-20000,0,0,0,0,20000,-20000,-20000
068795,上緯控凱基02購02,0,0,0,0,0,0,0,0,0,-20000,0,0,0,0,20000,-20000,-20000
054638,國泰金中信99購01,0,0,0,0,0,0,0,0,0,-20000,0,0,0,10000,30000,-20000,-20000
052775,滬深2X國票99購02,0,0,0,0,0,0,0,0,0,-20000,0,0,0,0,20000,-20000,-20000
052619,茂林國泰99購01  ,0,0,0,0,0,0,0,0,0,-20000,0,0,0,70000,90000,-20000,-20000
056894,佳世達元大99購01,0,0,0,0,0,0,0,0,0,-20000,0,0,0,0,20000,-20000,-20000
056748,T50反1兆豐99購01,0,0,0,0,0,0,0,0,0,-20000,0,0,0,0,20000,-20000,-20000
057117,開發金日盛9B購01,0,0,0,0,0,0,0,0,0,-20000,0,0,0,0,20000,-20000,-20000
057694,臺股指凱基98購12,0,0,0,0,0,0,0,0,0,-20000,0,0,0,30000,50000,-20000,-20000
03166P,台積電台新03售01,0,0,0,0,0,0,0,0,0,-20000,0,0,0,0,20000,-20000,-20000
03036P,玉晶光國票01售08,0,0,0,0,0,0,0,0,0,-20000,0,0,0,27000,47000,-20000,-20000
03074P,大立光國泰03售05,0,0,0,0,0,0,0,0,0,-20000,0,0,0,0,20000,-20000,-20000
03056P,台灣50兆豐03售02,0,0,0,0,0,0,0,0,0,-20000,0,0,0,0,20000,-20000,-20000
03141P,台灣50國票01售08,0,0,0,0,0,0,0,0,0,-20000,0,0,0,0,20000,-20000,-20000
055680,美律凱基99購01  ,0,0,0,0,0,0,0,0,0,-20000,0,0,0,0,20000,-20000,-20000
03686P,大立光統一98售02,0,0,0,0,0,0,0,0,0,-20000,0,0,0,0,20000,-20000,-20000
055899,群創中信99購01  ,0,0,0,0,0,0,0,0,0,-20000,0,0,0,0,20000,-20000,-20000
056156,禾伸堂凱基98購04,0,0,0,0,0,0,0,0,0,-20000,0,0,0,0,20000,-20000,-20000
057307,瀚宇博兆豐99購01,0,0,0,0,0,0,0,0,0,-20000,0,0,0,0,20000,-20000,-20000
057325,可成群益9A購01  ,0,0,0,0,0,0,0,0,0,-20000,0,0,0,0,20000,-20000,-20000
062740,致伸國票9B購01  ,0,0,0,0,0,0,0,0,0,-20000,0,0,0,9000,29000,-20000,-20000
062734,臺指反國票9C購03,0,0,0,0,0,0,0,0,0,-20000,0,0,0,0,20000,-20000,-20000
059320,華新科元大99購15,0,0,0,0,0,0,0,0,0,-20000,0,0,0,0,20000,-20000,-20000
063081,技嘉凱基9B購02  ,0,0,0,0,0,0,0,0,0,-20000,0,0,0,0,20000,-20000,-20000
063104,大立光群益9C購02,0,0,0,0,0,0,0,0,0,-20000,0,0,0,0,20000,-20000,-20000
058652,SGBR2X中信01購01,0,0,0,0,0,0,0,0,0,-20000,0,0,0,0,20000,-20000,-20000
057949,南電國票99購01  ,0,0,0,0,0,0,0,0,0,-20000,0,0,0,0,20000,-20000,-20000
058810,國巨統一9B購04  ,0,0,0,0,0,0,0,0,0,-20000,0,0,0,230000,250000,-20000,-20000
059165,南亞科凱基99購04,0,0,0,0,0,0,0,0,0,-20000,0,0,0,10000,30000,-20000,-20000
058926,勤誠元富99購01  ,0,0,0,0,0,0,0,0,0,-20000,0,0,0,0,20000,-20000,-20000
059072,元油2X元大9C購13,0,0,0,0,0,0,0,0,0,-20000,0,0,0,0,20000,-20000,-20000
059054,國巨凱基99購11  ,0,0,0,0,0,0,0,0,0,-20000,0,0,0,2000,22000,-20000,-20000
058179,國巨國泰9B購02  ,0,0,0,0,0,0,0,0,0,-20000,0,0,0,0,20000,-20000,-20000
058221,上銀統一99購04  ,0,0,0,0,0,0,0,0,0,-20000,0,0,0,0,20000,-20000,-20000
058319,大毅永豐9A購01  ,0,0,0,0,0,0,0,0,0,-20000,0,0,0,0,20000,-20000,-20000
058494,可成群益9B購01  ,0,0,0,0,0,0,0,0,0,-20000,0,0,0,0,20000,-20000,-20000
058467,日月光中信9A購01,0,0,0,0,0,0,0,0,0,-20000,0,0,0,150000,170000,-20000,-20000
057878,台郡元大99購04  ,0,0,0,0,0,0,0,0,0,-20000,0,0,0,0,20000,-20000,-20000
060064,華新科兆豐99購07,0,0,0,0,0,0,0,0,0,-20000,0,0,0,0,20000,-20000,-20000
059533,富邦金凱基99購01,0,0,0,0,0,0,0,0,0,-20000,0,0,0,21000,41000,-20000,-20000
058021,牧德凱基98購02  ,0,0,0,0,0,0,0,0,0,-20000,0,0,0,0,20000,-20000,-20000
063463,瑞昱元大9B購05  ,0,0,0,0,0,0,0,0,0,-20000,0,0,0,2000,22000,-20000,-20000
063451,漢翔統一9C購01  ,0,0,0,0,0,0,0,0,0,-20000,0,0,0,0,20000,-20000,-20000
063070,奇力新富邦01購01,0,0,0,0,0,0,0,0,0,-20000,0,0,0,0,20000,-20000,-20000
063548,同欣電兆豐9B購01,0,0,0,0,0,0,0,0,0,-20000,0,0,0,0,20000,-20000,-20000
063378,茂林永豐9B購02  ,0,0,0,0,0,0,0,0,0,-20000,0,0,0,0,20000,-20000,-20000
063013,技嘉元大9B購02  ,0,0,0,0,0,0,0,0,0,-20000,0,0,0,0,20000,-20000,-20000
063064,台表科元富9B購01,0,0,0,0,0,0,0,0,0,-20000,0,0,0,0,20000,-20000,-20000
063027,台汽電元大9B購01,0,0,0,0,0,0,0,0,0,-20000,0,0,0,83000,103000,-20000,-20000
062985,元金2X第一9B購02,0,0,0,0,0,0,0,0,0,-20000,0,0,0,0,20000,-20000,-20000
061717,力成凱基9B購01  ,0,0,0,0,0,0,0,0,0,-20000,0,0,0,30000,50000,-20000,-20000
061743,祥碩凱基9B購02  ,0,0,0,0,0,0,0,0,0,-20000,0,0,0,0,20000,-20000,-20000
061430,致新元大9A購01  ,0,0,0,0,0,0,0,0,0,-20000,0,0,0,0,20000,-20000,-20000
061855,台郡國票9B購01  ,0,0,0,0,0,0,0,0,0,-20000,0,0,0,0,20000,-20000,-20000
062143,大成鋼國票9B購01,0,0,0,0,0,0,0,0,0,-20000,0,0,0,0,20000,-20000,-20000
060952,滬深2X群益9C購05,0,0,0,0,0,0,0,0,0,-20000,0,0,0,100000,120000,-20000,-20000
060919,滬深2X富邦9B購01,0,0,0,0,0,0,0,0,0,-20000,0,0,0,0,20000,-20000,-20000
060996,臻鼎元大9A購01  ,0,0,0,0,0,0,0,0,0,-20000,0,0,0,0,20000,-20000,-20000
061988,大立光元大9B購04,0,0,0,0,0,0,0,0,0,-20000,0,0,0,30000,50000,-20000,-20000
061164,燿華兆豐9B購01  ,0,0,0,0,0,0,0,0,0,-20000,0,0,0,0,20000,-20000,-20000
061068,祥碩凱基9B購01  ,0,0,0,0,0,0,0,0,0,-20000,0,0,0,0,20000,-20000,-20000
064112,宏碁國票01購01  ,0,0,0,0,0,0,0,0,0,-20000,0,0,0,39000,59000,-20000,-20000
064128,國產元大9C購01  ,0,0,0,0,0,0,0,0,0,-20000,0,0,0,8000,28000,-20000,-20000
062281,奇鋐群益9B購01  ,0,0,0,0,0,0,0,0,0,-20000,0,0,0,0,20000,-20000,-20000
062389,台表科國泰01購01,0,0,0,0,0,0,0,0,0,-20000,0,0,0,40000,60000,-20000,-20000
060649,國巨第一9A購01  ,0,0,0,0,0,0,0,0,0,-20000,0,0,0,0,20000,-20000,-20000
060597,華通凱基9A購04  ,0,0,0,0,0,0,0,0,0,-20000,0,0,0,10000,30000,-20000,-20000
060598,鴻海凱基9A購20  ,0,0,0,0,0,0,0,0,0,-20000,0,0,0,0,20000,-20000,-20000
060617,華新科元大9A購08,0,0,0,0,0,0,0,0,0,-20000,0,0,0,0,20000,-20000,-20000
060485,華新科富邦9C購04,0,0,0,0,0,0,0,0,0,-20000,0,0,0,0,20000,-20000,-20000
060515,臺股指元大9B購12,0,0,0,0,0,0,0,0,0,-20000,0,0,0,10000,30000,-20000,-20000
060741,滬深2X國票9A購05,0,0,0,0,0,0,0,0,0,-20000,0,0,0,0,20000,-20000,-20000
066656,滬深2X凱基03購02,0,0,0,0,0,0,0,0,0,-20000,0,0,0,0,20000,-20000,-20000
066380,瑞昱康和01購02  ,0,0,0,0,0,0,0,0,0,-20000,0,0,0,4000,24000,-20000,-20000
066882,A50正2永豐01購01,0,0,0,0,0,0,0,0,0,-20000,0,0,0,0,20000,-20000,-20000
065894,漢翔統一03購01  ,0,0,0,0,0,0,0,0,0,-20000,0,0,0,0,20000,-20000,-20000
066004,國巨統一01購11  ,0,0,0,0,0,0,0,0,0,-20000,0,0,0,0,20000,-20000,-20000
066313,泰豐永豐01購01  ,0,0,0,0,0,0,0,0,0,-20000,0,0,0,0,20000,-20000,-20000
066101,微星國票02購01  ,0,0,0,0,0,0,0,0,0,-20000,0,0,0,0,20000,-20000,-20000
066076,台勝科凱基01購02,0,0,0,0,0,0,0,0,0,-20000,0,0,0,0,20000,-20000,-20000
066149,潤泰新群益01購01,0,0,0,0,0,0,0,0,0,-20000,0,0,0,178000,198000,-20000,-20000
064912,國巨統一01購09  ,0,0,0,0,0,0,0,0,0,-20000,0,0,0,3000,23000,-20000,-20000
064544,國巨凱基9C購09  ,0,0,0,0,0,0,0,0,0,-20000,0,0,0,8000,28000,-20000,-20000
065525,瑞儀群益01購01  ,0,0,0,0,0,0,0,0,0,-20000,0,0,0,387000,407000,-20000,-20000
065473,鴻海元大9C購14  ,0,0,0,0,0,0,0,0,0,-20000,0,0,0,0,20000,-20000,-20000
065219,緯穎國泰01購01  ,0,0,0,0,0,0,0,0,0,-20000,0,0,0,283000,303000,-20000,-20000
2109,華豐            ,68000,88000,-20000,0,0,0,0,0,0,0,0,0,0,0,0,0,-20000
1529,樂士            ,0,20000,-20000,0,0,0,0,0,0,0,0,0,0,0,0,0,-20000
08985P,台表科兆豐03售02,0,0,0,0,0,0,0,0,0,-20000,0,0,0,80000,100000,-20000,-20000
08930P,嘉晶元富07售04  ,0,0,0,0,0,0,0,0,0,-20000,0,0,0,0,20000,-20000,-20000
08909P,華新科凱基01售04,0,0,0,0,0,0,0,0,0,-20000,0,0,0,0,20000,-20000,-20000
08907P,奇鋐群益01售03  ,0,0,0,0,0,0,0,0,0,-20000,0,0,0,39000,59000,-20000,-20000
08522P,智邦元大9C售08  ,0,0,0,0,0,0,0,0,0,-20000,0,0,0,0,20000,-20000,-20000
08657P,牧德群益9C售02  ,0,0,0,0,0,0,0,0,0,-20000,0,0,0,30000,50000,-20000,-20000
08230P,台表科國票9C售03,0,0,0,0,0,0,0,0,0,-21000,0,0,0,82000,103000,-21000,-21000
067957,玉晶光永豐01購09,0,0,0,0,0,0,0,0,0,-21000,0,0,0,10000,31000,-21000,-21000
067864,台光電元大01購05,0,0,0,0,0,0,0,0,0,-21000,0,0,0,65000,86000,-21000,-21000
059571,奇力新凱基99購06,0,0,0,0,0,0,0,0,0,-21000,0,0,0,0,21000,-21000,-21000
059324,智易元大99購04  ,0,0,0,0,0,0,0,0,0,-21000,0,0,0,0,21000,-21000,-21000
057152,緯穎國票99購03  ,0,0,0,0,0,0,0,0,0,-21000,0,0,0,0,21000,-21000,-21000
059705,華新科凱基9A購07,0,0,0,0,0,0,0,0,0,-21000,0,0,0,0,21000,-21000,-21000
059838,茂林國泰9B購01  ,0,0,0,0,0,0,0,0,0,-21000,0,0,0,57000,78000,-21000,-21000
060743,鴻海國票9A購03  ,0,0,0,0,0,0,0,0,0,-21000,0,0,0,0,21000,-21000,-21000
060434,台汽電永豐9A購01,0,0,0,0,0,0,0,0,0,-21000,0,0,0,1000,22000,-21000,-21000
061541,旺宏群益9A購03  ,0,0,0,0,0,0,0,0,0,-21000,0,0,0,1000,22000,-21000,-21000
061545,華新科群益9A購09,0,0,0,0,0,0,0,0,0,-21000,0,0,0,0,21000,-21000,-21000
061769,晶技元大9B購03  ,0,0,0,0,0,0,0,0,0,-21000,0,0,0,0,21000,-21000,-21000
063313,南亞科群益9B購02,0,0,0,0,0,0,0,0,0,-21000,0,0,0,0,21000,-21000,-21000
063302,國巨凱基9C購05  ,0,0,0,0,0,0,0,0,0,-21000,0,0,0,1000,22000,-21000,-21000
063547,大立光兆豐9B購04,0,0,0,0,0,0,0,0,0,-21000,0,0,0,3000,24000,-21000,-21000
064511,GIS元大9C購05   ,0,0,0,0,0,0,0,0,0,-21000,0,0,0,76000,97000,-21000,-21000
064494,南亞科元大9C購02,0,0,0,0,0,0,0,0,0,-21000,0,0,0,0,21000,-21000,-21000
064492,技嘉元大9C購01  ,0,0,0,0,0,0,0,0,0,-21000,0,0,0,1000,22000,-21000,-21000
064742,奇鋐國票01購02  ,0,0,0,0,0,0,0,0,0,-21000,0,0,0,0,21000,-21000,-21000
064796,緯穎國票01購01  ,0,0,0,0,0,0,0,0,0,-21000,0,0,0,206000,227000,-21000,-21000
065993,立積永豐01購02  ,0,0,0,0,0,0,0,0,0,-21000,0,0,0,0,21000,-21000,-21000
065910,立積永豐9C購02  ,0,0,0,0,0,0,0,0,0,-21000,0,0,0,0,21000,-21000,-21000
065778,南亞科國泰01購01,0,0,0,0,0,0,0,0,0,-21000,0,0,0,21000,42000,-21000,-21000
06638P,鴻海統一99售02  ,0,0,0,0,0,0,0,0,0,-21000,0,0,0,64000,85000,-21000,-21000
08697P,臺股指麥證01售03,0,0,0,0,21000,-21000,0,0,0,-21000,0,0,0,0,21000,-21000,-21000
1454,台富            ,1000,22000,-21000,0,0,0,0,0,0,0,0,0,0,0,0,0,-21000
2348,海悅            ,85000,96000,-11000,0,0,0,0,0,0,-10000,0,10000,-10000,0,0,0,-21000
8429,金麗-KY         ,4000,25000,-21000,0,0,0,0,0,0,0,0,0,0,0,0,0,-21000
1536,和大            ,464000,295320,168680,0,0,0,0,30000,-30000,-160000,0,10000,-10000,19000,169000,-150000,-21320
068073,京城銀凱基01購01,0,0,0,0,0,0,0,0,0,-22000,0,0,0,195000,217000,-22000,-22000
067594,國巨凱基01購06  ,0,0,0,0,0,0,0,0,0,-22000,0,0,0,10000,32000,-22000,-22000
067404,盛群永豐01購01  ,0,0,0,0,0,0,0,0,0,-22000,0,0,0,38000,60000,-22000,-22000
066958,日月光元大01購02,0,0,0,0,0,0,0,0,0,-22000,0,0,0,26000,48000,-22000,-22000
067123,京鼎富邦05購01  ,0,0,0,0,0,0,0,0,0,-22000,0,0,0,0,22000,-22000,-22000
07671P,超眾元大9A售04  ,0,0,0,0,0,0,0,0,0,-22000,0,0,0,80000,102000,-22000,-22000
059841,國巨富邦9C購01  ,0,0,0,0,0,0,0,0,0,-22000,0,0,0,23000,45000,-22000,-22000
054272,華通中信98購01  ,0,0,0,0,0,0,0,0,0,-22000,0,0,0,30000,52000,-22000,-22000
03118P,台積電國票01售07,0,0,0,0,0,0,0,0,0,-22000,0,0,0,5000,27000,-22000,-22000
00689R,國泰20年美債反1 ,0,0,0,0,0,0,0,0,0,-22000,0,0,0,100000,122000,-22000,-22000
063108,世紀鋼群益9C購01,0,0,0,0,0,0,0,0,0,-22000,0,0,0,18000,40000,-22000,-22000
059188,京元電富邦9B購01,0,0,0,0,0,0,0,0,0,-22000,0,0,0,15000,37000,-22000,-22000
058387,國巨國票9A購03  ,0,0,0,0,0,0,0,0,0,-22000,0,0,0,8000,30000,-22000,-22000
057540,緯穎日盛99購01  ,0,0,0,0,0,0,0,0,0,-22000,0,0,0,20000,42000,-22000,-22000
063705,臻鼎群益9B購03  ,0,0,0,0,0,0,0,0,0,-22000,0,0,0,353000,375000,-22000,-22000
062192,南六元大9B購01  ,0,0,0,0,0,0,0,0,0,-22000,0,0,0,30000,52000,-22000,-22000
062426,大立光統一02購02,0,0,0,0,0,0,0,0,0,-22000,0,0,0,18000,40000,-22000,-22000
062307,華通凱基9C購01  ,0,0,0,0,0,0,0,0,0,-22000,0,0,0,29000,51000,-22000,-22000
061194,聯鈞永豐9A購02  ,0,0,0,0,0,0,0,0,0,-22000,0,0,0,0,22000,-22000,-22000
061269,嘉澤凱基9A購01  ,0,0,0,0,0,0,0,0,0,-22000,0,0,0,34000,56000,-22000,-22000
064412,緯穎凱基01購01  ,0,0,0,0,0,0,0,0,0,-22000,0,0,0,0,22000,-22000,-22000
064361,旺宏統一01購06  ,0,0,0,0,0,0,0,0,0,-22000,0,0,0,0,22000,-22000,-22000
065249,聯發科麥證9C購04,0,0,0,18000,40000,-22000,0,0,0,-22000,0,0,0,18000,40000,-22000,-22000
065265,景碩元大9C購02  ,0,0,0,0,0,0,0,0,0,-22000,0,0,0,34000,56000,-22000,-22000
08633P,聯發科元大9C售20,0,0,0,0,0,0,0,0,0,-22000,0,0,0,120000,142000,-22000,-22000
08486P,富邦金群益9C售02,0,0,0,0,0,0,0,0,0,-22000,0,0,0,58000,80000,-22000,-22000
2530,華建            ,31000,53000,-22000,0,0,0,0,0,0,0,0,0,0,0,0,0,-22000
8070,長華*           ,26000,50000,-24000,0,0,0,0,0,0,2000,2000,0,2000,0,0,0,-22000
059512,晶豪科永豐99購02,0,0,0,0,0,0,0,0,0,-23000,0,0,0,11000,34000,-23000,-23000
0053,元大電子        ,0,0,0,0,0,0,0,0,0,-23000,0,0,0,1000,24000,-23000,-23000
00830,國泰費城半導體  ,0,414000,-414000,0,0,0,0,0,0,391000,0,0,0,528000,137000,391000,-23000
03199P,台積電統一01售16,0,0,0,0,0,0,0,0,0,-23000,0,0,0,429000,452000,-23000,-23000
059762,禾伸堂永豐99購02,0,0,0,0,0,0,0,0,0,-23000,0,0,0,0,23000,-23000,-23000
061153,奇力新群益9A購02,0,0,0,0,0,0,0,0,0,-23000,0,0,0,84000,107000,-23000,-23000
061363,儒鴻國票9B購01  ,0,0,0,0,0,0,0,0,0,-23000,0,0,0,139000,162000,-23000,-23000
064232,鴻海統一01購04  ,0,0,0,0,0,0,0,0,0,-23000,0,0,0,12000,35000,-23000,-23000
064089,新日興凱基02購01,0,0,0,0,0,0,0,0,0,-23000,0,0,0,0,23000,-23000,-23000
063994,台光電群益9C購01,0,0,0,0,0,0,0,0,0,-23000,0,0,0,51000,74000,-23000,-23000
064217,GIS凱基02購02   ,0,0,0,0,0,0,0,0,0,-23000,0,0,0,56000,79000,-23000,-23000
063883,超眾元富9C購02  ,0,0,0,0,0,0,0,0,0,-23000,0,0,0,0,23000,-23000,-23000
060567,華擎富邦9C購01  ,0,0,0,0,0,0,0,0,0,-23000,0,0,0,39000,62000,-23000,-23000
063322,台郡群益9B購02  ,0,0,0,0,0,0,0,0,0,-23000,0,0,0,23000,46000,-23000,-23000
063015,微星元大9B購01  ,0,0,0,0,0,0,0,0,0,-23000,0,0,0,4000,27000,-23000,-23000
065326,華擎凱基02購01  ,0,0,0,0,0,0,0,0,0,-23000,0,0,0,118000,141000,-23000,-23000
064336,可成元大9C購06  ,0,0,0,0,0,0,0,0,0,-23000,0,0,0,7000,30000,-23000,-23000
064932,緯穎統一01購04  ,0,0,0,0,0,0,0,0,0,-23000,0,0,0,288000,311000,-23000,-23000
06690P,玉晶光群益9A售05,0,0,0,0,0,0,0,0,0,-23000,0,0,0,0,23000,-23000,-23000
065785,奇力新永豐9C購02,0,0,0,0,0,0,0,0,0,-23000,0,0,0,64000,87000,-23000,-23000
8411,福貞-KY         ,0,53000,-53000,0,0,0,0,0,0,30000,30000,0,30000,0,0,0,-23000
2850,新產            ,8000,42000,-34000,0,0,0,0,0,0,11000,11000,0,11000,0,0,0,-23000
2029,盛餘            ,0,23000,-23000,0,0,0,0,0,0,0,0,0,0,0,0,0,-23000
08908P,義隆凱基01售05  ,0,0,0,0,0,0,0,0,0,-23000,0,0,0,7000,30000,-23000,-23000
07800P,華新科國泰9B售04,0,0,0,0,0,0,0,0,0,-24000,0,0,0,0,24000,-24000,-24000
068614,台郡凱基01購04  ,0,0,0,0,0,0,0,0,0,-24000,0,0,0,0,24000,-24000,-24000
068616,日月光國票03購01,0,0,0,0,0,0,0,0,0,-24000,0,0,0,1000,25000,-24000,-24000
068272,華新科永豐01購02,0,0,0,0,0,0,0,0,0,-24000,0,0,0,20000,44000,-24000,-24000
068303,台積電國票01購08,0,0,0,0,0,0,0,0,0,-24000,0,0,0,16000,40000,-24000,-24000
067561,晶技國票02購01  ,0,0,0,0,0,0,0,0,0,-24000,0,0,0,131000,155000,-24000,-24000
067974,玉晶光群益02購24,0,0,0,0,0,0,0,0,0,-24000,0,0,0,78000,102000,-24000,-24000
059727,大立光元大9A購01,0,0,0,0,0,0,0,0,0,-24000,0,0,0,0,24000,-24000,-24000
059644,茂林凱基99購03  ,0,0,0,0,0,0,0,0,0,-24000,0,0,0,0,24000,-24000,-24000
059887,華新科國票99購02,0,0,0,0,0,0,0,0,0,-24000,0,0,0,0,24000,-24000,-24000
03010P,國巨國泰03售01  ,0,0,0,0,0,0,0,0,0,-24000,0,0,0,20000,44000,-24000,-24000
063045,國巨兆豐9C購02  ,0,0,0,0,0,0,0,0,0,-24000,0,0,0,1000,25000,-24000,-24000
063432,金寶元富9B購01  ,0,0,0,0,0,0,0,0,0,-24000,0,0,0,206000,230000,-24000,-24000
061531,奇鋐台新9A購01  ,0,0,0,0,0,0,0,0,0,-24000,0,0,0,0,24000,-24000,-24000
061869,智邦元大9B購01  ,0,0,0,0,0,0,0,0,0,-24000,0,0,0,101000,125000,-24000,-24000
061998,緯穎元大9B購03  ,0,0,0,0,0,0,0,0,0,-24000,0,0,0,125000,149000,-24000,-24000
065925,鴻海國票04購01  ,0,0,0,0,0,0,0,0,0,-24000,0,0,0,0,24000,-24000,-24000
066734,聯詠元大01購03  ,0,0,0,0,0,0,0,0,0,-24000,0,0,0,9000,33000,-24000,-24000
064440,大立光凱基03購03,0,0,0,0,0,0,0,0,0,-24000,0,0,0,20000,44000,-24000,-24000
064989,鈺齊元大01購01  ,0,0,0,0,0,0,0,0,0,-24000,0,0,0,8000,32000,-24000,-24000
065432,景碩凱基9C購03  ,0,0,0,0,0,0,0,0,0,-24000,0,0,0,105000,129000,-24000,-24000
2704,國賓            ,41000,65000,-24000,0,0,0,0,0,0,0,0,0,0,0,0,0,-24000
068040,超眾元富04購01  ,0,0,0,0,0,0,0,0,0,-25000,0,0,0,0,25000,-25000,-25000
068217,台達電統一03購01,0,0,0,0,0,0,0,0,0,-25000,0,0,0,500000,525000,-25000,-25000
067902,中磊群益01購01  ,0,0,0,0,0,0,0,0,0,-25000,0,0,0,61000,86000,-25000,-25000
066990,啟碁群益01購01  ,0,0,0,0,0,0,0,0,0,-25000,0,0,0,0,25000,-25000,-25000
068316,台灣50元大01購34,0,0,0,0,0,0,0,0,0,-25000,0,0,0,51000,76000,-25000,-25000
068230,亞光元富04購01  ,0,0,0,0,0,0,0,0,0,-25000,0,0,0,0,25000,-25000,-25000
068557,道瓊銀元大03購02,0,0,0,0,0,0,0,0,0,-25000,0,0,0,0,25000,-25000,-25000
068694,台積電凱基02購12,0,0,0,0,0,0,0,0,0,-25000,0,0,0,0,25000,-25000,-25000
068885,健鼎統一02購06  ,0,0,0,0,0,0,0,0,0,-25000,0,0,0,0,25000,-25000,-25000
07757P,國巨國票9B售04  ,0,0,0,0,0,0,0,0,0,-25000,0,0,0,0,25000,-25000,-25000
08016P,臺股指凱基02售02,0,0,0,0,0,0,0,0,0,-25000,0,0,0,5000,30000,-25000,-25000
07142P,台灣50元大01售01,0,0,0,0,0,0,0,0,0,-25000,0,0,0,52000,77000,-25000,-25000
08238P,嘉晶永豐9B售03  ,0,0,0,0,0,0,0,0,0,-25000,0,0,0,0,25000,-25000,-25000
03204P,台積電凱基01售28,0,0,0,0,0,0,0,0,0,-25000,0,0,0,1000,26000,-25000,-25000
03202P,聯電凱基01售03  ,0,0,0,0,0,0,0,0,0,-25000,0,0,0,81000,106000,-25000,-25000
060176,T50反1元富04購03,0,0,0,0,0,0,0,0,0,-25000,0,0,0,0,25000,-25000,-25000
058376,貿聯凱基9A購01  ,0,0,0,0,0,0,0,0,0,-25000,0,0,0,10000,35000,-25000,-25000
058297,茂林凱基9A購02  ,0,0,0,0,0,0,0,0,0,-25000,0,0,0,0,25000,-25000,-25000
063153,南六元富9B購01  ,0,0,0,0,0,0,0,0,0,-25000,0,0,0,67000,92000,-25000,-25000
063163,京元電永豐9B購01,0,0,0,0,0,0,0,0,0,-25000,0,0,0,21000,46000,-25000,-25000
062463,世紀鋼麥證9B購01,0,0,0,30000,55000,-25000,0,0,0,-25000,0,0,0,30000,55000,-25000,-25000
060573,力成永豐9A購01  ,0,0,0,0,0,0,0,0,0,-25000,0,0,0,0,25000,-25000,-25000
060826,牧德元大9B購02  ,0,0,0,0,0,0,0,0,0,-25000,0,0,0,0,25000,-25000,-25000
061320,奇力新凱基9A購04,0,0,0,0,0,0,0,0,0,-25000,0,0,0,30000,55000,-25000,-25000
061546,大立光群益9A購05,0,0,0,0,0,0,0,0,0,-25000,0,0,0,0,25000,-25000,-25000
061506,瑞祺國票9A購02  ,0,0,0,0,0,0,0,0,0,-25000,0,0,0,20000,45000,-25000,-25000
061977,國巨元大9B購02  ,0,0,0,0,0,0,0,0,0,-25000,0,0,0,52000,77000,-25000,-25000
065041,金像電凱基02購02,0,0,0,0,0,0,0,0,0,-25000,0,0,0,5000,30000,-25000,-25000
065283,台積電群益01購01,0,0,0,0,0,0,0,0,0,-25000,0,0,0,0,25000,-25000,-25000
065235,旭富凱基02購01  ,0,0,0,0,0,0,0,0,0,-25000,0,0,0,0,25000,-25000,-25000
065233,TPK凱基01購01   ,0,0,0,0,0,0,0,0,0,-25000,0,0,0,55000,80000,-25000,-25000
064537,健鼎國票01購02  ,0,0,0,0,0,0,0,0,0,-25000,0,0,0,0,25000,-25000,-25000
064847,金像電元富9C購01,0,0,0,0,0,0,0,0,0,-25000,0,0,0,0,25000,-25000,-25000
064858,鴻海富邦01購01  ,0,0,0,0,0,0,0,0,0,-25000,0,0,0,0,25000,-25000,-25000
064687,國巨群益9C購10  ,0,0,0,0,0,0,0,0,0,-25000,0,0,0,0,25000,-25000,-25000
066858,聯鈞國票02購01  ,0,0,0,0,0,0,0,0,0,-25000,0,0,0,76000,101000,-25000,-25000
066356,嘉基永豐01購01  ,0,0,0,0,0,0,0,0,0,-25000,0,0,0,353000,378000,-25000,-25000
066200,建準統一02購01  ,0,0,0,0,0,0,0,0,0,-25000,0,0,0,45000,70000,-25000,-25000
2617,台航            ,25000,50000,-25000,0,0,0,0,0,0,0,0,0,0,0,0,0,-25000
2476,鉅祥            ,0,25000,-25000,0,0,0,0,0,0,0,0,0,0,0,0,0,-25000
6024,群益期          ,5000,30000,-25000,0,0,0,0,0,0,0,0,0,0,0,0,0,-25000
067388,聯發科元富07購03,0,0,0,0,0,0,0,0,0,-26000,0,0,0,62000,88000,-26000,-26000
063217,元金2X群益9B購03,0,0,0,0,0,0,0,0,0,-26000,0,0,0,12000,38000,-26000,-26000
062758,國巨凱基9B購09  ,0,0,0,0,0,0,0,0,0,-26000,0,0,0,1000,27000,-26000,-26000
062814,台光電兆豐9B購01,0,0,0,0,0,0,0,0,0,-26000,0,0,0,0,26000,-26000,-26000
03109P,台積電元大01售41,0,0,0,0,0,0,0,0,0,-26000,0,0,0,20000,46000,-26000,-26000
061940,世紀鋼國票9C購01,0,0,0,0,0,0,0,0,0,-26000,0,0,0,9000,35000,-26000,-26000
061800,泰鼎永豐9B購01  ,0,0,0,0,0,0,0,0,0,-26000,0,0,0,153000,179000,-26000,-26000
062500,國巨群益01購01  ,0,0,0,0,0,0,0,0,0,-26000,0,0,0,12000,38000,-26000,-26000
063281,京元電元大9B購01,0,0,0,0,0,0,0,0,0,-26000,0,0,0,9000,35000,-26000,-26000
061378,南六永豐9A購03  ,0,0,0,0,0,0,0,0,0,-26000,0,0,0,46000,72000,-26000,-26000
064262,玉晶光永豐9C購03,0,0,0,0,0,0,0,0,0,-26000,0,0,0,7000,33000,-26000,-26000
061244,和碩兆豐9A購01  ,0,0,0,0,0,0,0,0,0,-26000,0,0,0,125000,151000,-26000,-26000
062621,緯穎元大9B購05  ,0,0,0,0,0,0,0,0,0,-26000,0,0,0,50000,76000,-26000,-26000
062609,帆宣凱基9B購01  ,0,0,0,0,0,0,0,0,0,-26000,0,0,0,0,26000,-26000,-26000
066883,聯發科永豐01購01,0,0,0,0,0,0,0,0,0,-26000,0,0,0,118000,144000,-26000,-26000
066941,滬深2X元大03購01,0,0,0,0,0,0,0,0,0,-26000,0,0,0,184000,210000,-26000,-26000
064856,GIS國泰02購01   ,0,0,0,0,0,0,0,0,0,-26000,0,0,0,23000,49000,-26000,-26000
064832,長榮航統一01購01,0,0,0,0,0,0,0,0,0,-26000,0,0,0,0,26000,-26000,-26000
065260,金像電元大9C購07,0,0,0,0,0,0,0,0,0,-26000,0,0,0,24000,50000,-26000,-26000
065581,寶成群益9C購01  ,0,0,0,0,0,0,0,0,0,-26000,0,0,0,13000,39000,-26000,-26000
3094,聯傑            ,43000,66000,-23000,0,0,0,0,0,0,-3000,0,3000,-3000,0,0,0,-26000
08906P,義隆群益01售04  ,0,0,0,0,0,0,0,0,0,-26000,0,0,0,0,26000,-26000,-26000
08983P,玉晶光凱基01售06,0,0,0,0,0,0,0,0,0,-26000,0,0,0,20000,46000,-26000,-26000
08671P,友訊國票01售01  ,0,0,0,0,0,0,0,0,0,-26000,0,0,0,0,26000,-26000,-26000
067721,義隆凱基01購06  ,0,0,0,0,0,0,0,0,0,-27000,0,0,0,76000,103000,-27000,-27000
08391P,智邦凱基02售02  ,0,0,0,0,0,0,0,0,0,-27000,0,0,0,0,27000,-27000,-27000
08369P,鴻海凱基01售04  ,0,0,0,0,0,0,0,0,0,-27000,0,0,0,0,27000,-27000,-27000
07953P,健策元大9B售07  ,0,0,0,0,0,0,0,0,0,-27000,0,0,0,0,27000,-27000,-27000
068630,T50反1凱基04購04,0,0,0,0,0,0,0,0,0,-27000,0,0,0,0,27000,-27000,-27000
03250P,日月光元富07售02,0,0,0,0,0,0,0,0,0,-27000,0,0,0,13000,40000,-27000,-27000
056214,義隆國票99購01  ,0,0,0,0,0,0,0,0,0,-27000,0,0,0,0,27000,-27000,-27000
059742,富邦金元富99購01,0,0,0,0,0,0,0,0,0,-27000,0,0,0,36000,63000,-27000,-27000
054164,強茂凱基98購01  ,0,0,0,0,0,0,0,0,0,-27000,0,0,0,66000,93000,-27000,-27000
054811,裕隆元大9A購01  ,0,0,0,0,0,0,0,0,0,-27000,0,0,0,3000,30000,-27000,-27000
059203,勤誠永豐99購02  ,0,0,0,0,0,0,0,0,0,-27000,0,0,0,0,27000,-27000,-27000
058454,嘉晶永豐99購01  ,0,0,0,0,0,0,0,0,0,-27000,0,0,0,0,27000,-27000,-27000
060072,國巨元富99購04  ,0,0,0,0,0,0,0,0,0,-27000,0,0,0,0,27000,-27000,-27000
059391,立積凱基9A購01  ,0,0,0,0,0,0,0,0,0,-27000,0,0,0,3000,30000,-27000,-27000
060311,盟立永豐9A購01  ,0,0,0,0,0,0,0,0,0,-27000,0,0,0,5000,32000,-27000,-27000
058156,超眾統一9A購02  ,0,0,0,0,0,0,0,0,0,-27000,0,0,0,4000,31000,-27000,-27000
063859,國巨國泰01購03  ,0,0,0,0,0,0,0,0,0,-27000,0,0,0,15000,42000,-27000,-27000
064008,日月光凱基9C購01,0,0,0,0,0,0,0,0,0,-27000,0,0,0,50000,77000,-27000,-27000
064090,祥碩凱基9C購03  ,0,0,0,0,0,0,0,0,0,-27000,0,0,0,0,27000,-27000,-27000
061547,禾伸堂群益9A購01,0,0,0,0,0,0,0,0,0,-27000,0,0,0,10000,37000,-27000,-27000
065429,微星凱基02購02  ,0,0,0,0,0,0,0,0,0,-27000,0,0,0,2000,29000,-27000,-27000
065427,台積電凱基02購04,0,0,0,0,0,0,0,0,0,-27000,0,0,0,0,27000,-27000,-27000
066317,英利永豐01購01  ,0,0,0,0,0,0,0,0,0,-27000,0,0,0,0,27000,-27000,-27000
1103,嘉泥            ,132000,188000,-56000,0,0,0,0,0,0,29000,29000,0,29000,0,0,0,-27000
2471,資通            ,56000,83000,-27000,0,0,0,0,0,0,0,0,0,0,0,0,0,-27000
2239,英利-KY         ,51000,13000,38000,0,0,0,0,65000,-65000,0,0,0,0,0,0,0,-27000
068397,世紀鋼統一03購01,0,0,0,0,0,0,0,0,0,-28000,0,0,0,51000,79000,-28000,-28000
07981P,上銀群益9B售04  ,0,0,0,0,0,0,0,0,0,-28000,0,0,0,0,28000,-28000,-28000
07707P,玉山金元大9A售03,0,0,0,0,0,0,0,0,0,-28000,0,0,0,1000,29000,-28000,-28000
07779P,鴻海凱基9B售04  ,0,0,0,0,0,0,0,0,0,-28000,0,0,0,0,28000,-28000,-28000
067742,大立光元大01購16,0,0,0,0,0,0,0,0,0,-28000,0,0,0,52000,80000,-28000,-28000
068088,台灣50群益01購13,0,0,0,0,0,0,0,0,0,-28000,0,0,0,22000,50000,-28000,-28000
059117,禾伸堂永豐99購01,0,0,0,0,0,0,0,0,0,-28000,0,0,0,0,28000,-28000,-28000
059114,華新科永豐99購05,0,0,0,0,0,0,0,0,0,-28000,0,0,0,0,28000,-28000,-28000
054318,台虹凱基98購01  ,0,0,0,0,0,0,0,0,0,-28000,0,0,0,20000,48000,-28000,-28000
059876,智易凱基99購02  ,0,0,0,0,0,0,0,0,0,-28000,0,0,0,75000,103000,-28000,-28000
03092P,臺股指元大01售21,0,0,0,0,0,0,0,0,0,-28000,0,0,0,2000,30000,-28000,-28000
03188P,聯發科元大01售34,0,0,0,0,0,0,0,0,0,-28000,0,0,0,0,28000,-28000,-28000
064111,國巨國票02購02  ,0,0,0,0,0,0,0,0,0,-28000,0,0,0,8000,36000,-28000,-28000
062041,華擎凱基9C購01  ,0,0,0,0,0,0,0,0,0,-28000,0,0,0,0,28000,-28000,-28000
062427,嘉澤統一01購01  ,0,0,0,0,0,0,0,0,0,-28000,0,0,0,10000,38000,-28000,-28000
060502,國巨元大9A購07  ,0,0,0,0,0,0,0,0,0,-28000,0,0,0,0,28000,-28000,-28000
065713,緯穎群益9C購04  ,0,0,0,0,0,0,0,0,0,-28000,0,0,0,0,28000,-28000,-28000
066473,大成鋼麥證01購01,0,0,0,16000,44000,-28000,0,0,0,-28000,0,0,0,16000,44000,-28000,-28000
066512,致茂永豐01購01  ,0,0,0,0,0,0,0,0,0,-28000,0,0,0,54000,82000,-28000,-28000
064381,道瓊銀國泰02購01,0,0,0,0,0,0,0,0,0,-28000,0,0,0,2000,30000,-28000,-28000
064289,台郡元大9C購01  ,0,0,0,0,0,0,0,0,0,-28000,0,0,0,17000,45000,-28000,-28000
2723,美食-KY         ,166000,145000,21000,0,0,0,0,0,0,-49000,0,24000,-24000,2000,27000,-25000,-28000
2012,春雨            ,0,28000,-28000,0,0,0,0,0,0,0,0,0,0,0,0,0,-28000
08724P,臺股指元大01售05,0,0,0,0,0,0,0,0,0,-28000,0,0,0,10000,38000,-28000,-28000
067942,瑞儀凱基02購01  ,0,0,0,0,0,0,0,0,0,-29000,0,0,0,421000,450000,-29000,-29000
067010,訊芯永豐01購01  ,0,0,0,0,0,0,0,0,0,-29000,0,0,0,118000,147000,-29000,-29000
06962P,華新科永豐99售01,0,0,0,0,0,0,0,0,0,-29000,0,0,0,31000,60000,-29000,-29000
08141P,鴻海凱基9B售09  ,0,0,0,0,0,0,0,0,0,-29000,0,0,0,0,29000,-29000,-29000
03687C,臺股指凱基9C牛22,0,0,0,0,0,0,0,0,0,-29000,0,0,0,46000,75000,-29000,-29000
055318,華通國票98購01  ,0,0,0,0,0,0,0,0,0,-29000,0,0,0,1000,30000,-29000,-29000
056864,新日興群益99購01,0,0,0,0,0,0,0,0,0,-29000,0,0,0,0,29000,-29000,-29000
063146,南六統一9B購02  ,0,0,0,0,0,0,0,0,0,-29000,0,0,0,36000,65000,-29000,-29000
060264,華新科國票9A購02,0,0,0,0,0,0,0,0,0,-29000,0,0,0,0,29000,-29000,-29000
060105,牧德元大9B購01  ,0,0,0,0,0,0,0,0,0,-29000,0,0,0,0,29000,-29000,-29000
060122,亞德客永豐99購02,0,0,0,0,0,0,0,0,0,-29000,0,0,0,218000,247000,-29000,-29000
062457,京元電群益9B購01,0,0,0,0,0,0,0,0,0,-29000,0,0,0,112000,141000,-29000,-29000
062694,遠東新元大9B購01,0,0,0,0,0,0,0,0,0,-29000,0,0,0,3000,32000,-29000,-29000
063870,健策永豐01購01  ,0,0,0,0,0,0,0,0,0,-29000,0,0,0,56000,85000,-29000,-29000
061069,嘉聯益凱基9A購01,0,0,0,0,0,0,0,0,0,-29000,0,0,0,108000,137000,-29000,-29000
061558,旺宏國票9B購02  ,0,0,0,0,0,0,0,0,0,-29000,0,0,0,0,29000,-29000,-29000
061976,國巨元大9B購01  ,0,0,0,0,0,0,0,0,0,-29000,0,0,0,48000,77000,-29000,-29000
061606,景碩凱基9A購02  ,0,0,0,0,0,0,0,0,0,-29000,0,0,0,109000,138000,-29000,-29000
063507,奇鋐群益9B購02  ,0,0,0,0,0,0,0,0,0,-29000,0,0,0,0,29000,-29000,-29000
064371,矽格統一9C購02  ,0,0,0,0,0,0,0,0,0,-29000,0,0,0,97000,126000,-29000,-29000
065412,金像電永豐9C購01,0,0,0,0,0,0,0,0,0,-29000,0,0,0,1000,30000,-29000,-29000
065452,康友統一02購01  ,0,0,0,0,0,0,0,0,0,-29000,0,0,0,0,29000,-29000,-29000
066756,長興永豐01購02  ,0,0,0,0,0,0,0,0,0,-29000,0,0,0,10000,39000,-29000,-29000
066343,佳醫永豐01購01  ,0,0,0,0,0,0,0,0,0,-29000,0,0,0,0,29000,-29000,-29000
066034,南六群益02購02  ,0,0,0,0,0,0,0,0,0,-29000,0,0,0,9000,38000,-29000,-29000
08774P,華擎凱基01售02  ,0,0,0,0,0,0,0,0,0,-29000,0,0,0,400000,429000,-29000,-29000
08851P,義隆群益01售03  ,0,0,0,0,0,0,0,0,0,-29000,0,0,0,0,29000,-29000,-29000
08902P,台灣50中信05售01,0,0,0,0,0,0,0,0,0,-29000,0,0,0,0,29000,-29000,-29000
2816,旺旺保          ,4000,33000,-29000,0,0,0,0,0,0,0,0,0,0,0,0,0,-29000
2466,冠西電          ,9000,38000,-29000,0,0,0,0,0,0,0,0,0,0,0,0,0,-29000
4104,佳醫            ,75000,97000,-22000,0,0,0,0,0,0,-7000,0,7000,-7000,0,0,0,-29000
08091P,A50正2元富9B售02,0,0,0,0,0,0,0,0,0,-30000,0,0,0,13000,43000,-30000,-30000
08445P,臺股指麥證9C售03,0,0,0,0,30000,-30000,0,0,0,-30000,0,0,0,0,30000,-30000,-30000
08430P,友達凱基01售01  ,0,0,0,0,0,0,0,0,0,-30000,0,0,0,0,30000,-30000,-30000
068927,台達電永豐02購01,0,0,0,0,0,0,0,0,0,-30000,0,0,0,0,30000,-30000,-30000
07414P,台積電元大99售51,0,0,0,0,0,0,0,0,0,-30000,0,0,0,0,30000,-30000,-30000
07756P,台灣50國票04售01,0,0,0,0,0,0,0,0,0,-30000,0,0,0,0,30000,-30000,-30000
08000P,奇鋐凱基9B售03  ,0,0,0,0,0,0,0,0,0,-30000,0,0,0,0,30000,-30000,-30000
07879P,瑞昱群益9C售01  ,0,0,0,0,0,0,0,0,0,-30000,0,0,0,0,30000,-30000,-30000
068581,台積電永豐01購05,0,0,0,0,0,0,0,0,0,-30000,0,0,0,50000,80000,-30000,-30000
068914,奇鋐群益02購01  ,0,0,0,0,0,0,0,0,0,-30000,0,0,0,0,30000,-30000,-30000
068831,台積電國泰06購01,0,0,0,0,0,0,0,0,0,-30000,0,0,0,0,30000,-30000,-30000
068835,台積電永豐02購01,0,0,0,0,0,0,0,0,0,-30000,0,0,0,0,30000,-30000,-30000
067527,遠東新群益01購01,0,0,0,0,0,0,0,0,0,-30000,0,0,0,10000,40000,-30000,-30000
067980,上証2X元大03購02,0,0,0,0,0,0,0,0,0,-30000,0,0,0,0,30000,-30000,-30000
067695,國產中信05購01  ,0,0,0,0,0,0,0,0,0,-30000,0,0,0,0,30000,-30000,-30000
059390,華新科凱基99購05,0,0,0,0,0,0,0,0,0,-30000,0,0,0,0,30000,-30000,-30000
058510,全新元大9B購02  ,0,0,0,0,0,0,0,0,0,-30000,0,0,0,0,30000,-30000,-30000
057848,台表科永豐98購02,0,0,0,0,0,0,0,0,0,-30000,0,0,0,0,30000,-30000,-30000
057830,T50反1台新02購02,0,0,0,0,0,0,0,0,0,-30000,0,0,0,0,30000,-30000,-30000
059327,南茂元大99購01  ,0,0,0,0,0,0,0,0,0,-30000,0,0,0,0,30000,-30000,-30000
062820,禾伸堂兆豐9B購01,0,0,0,0,0,0,0,0,0,-30000,0,0,0,0,30000,-30000,-30000
058677,矽格群益99購01  ,0,0,0,0,0,0,0,0,0,-30000,0,0,0,24000,54000,-30000,-30000
055411,國巨富邦9A購02  ,0,0,0,0,0,0,0,0,0,-30000,0,0,0,0,30000,-30000,-30000
054309,禾伸堂凱基98購01,0,0,0,0,0,0,0,0,0,-30000,0,0,0,0,30000,-30000,-30000
054585,禾伸堂國泰99購01,0,0,0,0,0,0,0,0,0,-30000,0,0,0,0,30000,-30000,-30000
059631,京元電凱基99購02,0,0,0,0,0,0,0,0,0,-30000,0,0,0,0,30000,-30000,-30000
059629,友達凱基99購06  ,0,0,0,0,0,0,0,0,0,-30000,0,0,0,0,30000,-30000,-30000
057763,康控凱基99購02  ,0,0,0,0,0,0,0,0,0,-30000,0,0,0,0,30000,-30000,-30000
03162P,泰碩元大01售02  ,0,0,0,0,0,0,0,0,0,-30000,0,0,0,0,30000,-30000,-30000
03017X,元展17          ,0,0,0,0,0,0,0,0,0,-30000,0,0,0,0,30000,-30000,-30000
03052P,台灣50第一01售01,0,0,0,0,0,0,0,0,0,-30000,0,0,0,0,30000,-30000,-30000
063644,祥碩元大9B購10  ,0,0,0,0,0,0,0,0,0,-30000,0,0,0,4000,34000,-30000,-30000
063575,矽格元大9B購02  ,0,0,0,0,0,0,0,0,0,-30000,0,0,0,20000,50000,-30000,-30000
063735,華新科元大9B購15,0,0,0,0,0,0,0,0,0,-30000,0,0,0,20000,50000,-30000,-30000
063002,上証2X元大9B購03,0,0,0,0,0,0,0,0,0,-30000,0,0,0,0,30000,-30000,-30000
063341,燿華統一9C購01  ,0,0,0,0,0,0,0,0,0,-30000,0,0,0,204000,234000,-30000,-30000
063386,國巨兆豐9B購04  ,0,0,0,0,0,0,0,0,0,-30000,0,0,0,20000,50000,-30000,-30000
061610,力成統一9C購01  ,0,0,0,0,0,0,0,0,0,-30000,0,0,0,0,30000,-30000,-30000
061376,瑞昱永豐9A購02  ,0,0,0,0,0,0,0,0,0,-30000,0,0,0,43000,73000,-30000,-30000
064228,同欣電國票01購01,0,0,0,0,0,0,0,0,0,-30000,0,0,0,10000,40000,-30000,-30000
063978,美食兆豐9C購01  ,0,0,0,0,0,0,0,0,0,-30000,0,0,0,0,30000,-30000,-30000
060386,台勝科凱基9B購01,0,0,0,0,0,0,0,0,0,-30000,0,0,0,0,30000,-30000,-30000
060381,元黃金凱基9A購01,0,0,0,0,0,0,0,0,0,-30000,0,0,0,80000,110000,-30000,-30000
062458,全新群益9B購03  ,0,0,0,0,0,0,0,0,0,-30000,0,0,0,40000,70000,-30000,-30000
060655,國巨統一9B購06  ,0,0,0,0,0,0,0,0,0,-30000,0,0,0,2000,32000,-30000,-30000
060904,臺指反元大9C購07,0,0,0,0,0,0,0,0,0,-30000,0,0,0,0,30000,-30000,-30000
060754,華通元大9A購04  ,0,0,0,0,0,0,0,0,0,-30000,0,0,0,0,30000,-30000,-30000
06694P,臺股指凱基99售13,0,0,0,0,0,0,0,0,0,-30000,0,0,0,0,30000,-30000,-30000
066632,智原凱基02購01  ,0,0,0,0,0,0,0,0,0,-30000,0,0,0,0,30000,-30000,-30000
065508,大成鋼群益01購01,0,0,0,0,0,0,0,0,0,-30000,0,0,0,0,30000,-30000,-30000
065261,技嘉元大9C購03  ,0,0,0,0,0,0,0,0,0,-30000,0,0,0,0,30000,-30000,-30000
065058,東元群益9C購01  ,0,0,0,0,0,0,0,0,0,-30000,0,0,0,10000,40000,-30000,-30000
063804,華邦電兆豐01購01,0,0,0,0,0,0,0,0,0,-30000,0,0,0,0,30000,-30000,-30000
064806,微星元大01購01  ,0,0,0,0,0,0,0,0,0,-30000,0,0,0,0,30000,-30000,-30000
064649,同欣電凱基01購01,0,0,0,0,0,0,0,0,0,-30000,0,0,0,0,30000,-30000,-30000
064769,漢翔中信9C購01  ,0,0,0,0,0,0,0,0,0,-30000,0,0,0,0,30000,-30000,-30000
2305,全友            ,1000,31000,-30000,0,0,0,0,0,0,0,0,0,0,0,0,0,-30000
2528,皇普            ,1000,31000,-30000,0,0,0,0,0,0,0,0,0,0,0,0,0,-30000
1340,勝悅-KY         ,2000,32000,-30000,0,0,0,0,0,0,0,0,0,0,0,0,0,-30000
08809P,台灣50群益01售07,0,0,0,0,0,0,0,0,0,-30000,0,0,0,6000,36000,-30000,-30000
08827P,緯穎元大01售05  ,0,0,0,0,0,0,0,0,0,-30000,0,0,0,50000,80000,-30000,-30000
08640P,台灣50群益9C售07,0,0,0,0,0,0,0,0,0,-30000,0,0,0,0,30000,-30000,-30000
08503P,臺股指國票9C售05,0,0,0,0,0,0,0,0,0,-30000,0,0,0,0,30000,-30000,-30000
6112,聚碩            ,86000,127680,-41680,0,0,0,0,0,0,11000,0,0,0,11000,0,11000,-30680
067590,茂林群益01購01  ,0,0,0,0,0,0,0,0,0,-31000,0,0,0,0,31000,-31000,-31000
067332,旺宏凱基03購02  ,0,0,0,0,0,0,0,0,0,-31000,0,0,0,52000,83000,-31000,-31000
067335,國產凱基02購02  ,0,0,0,0,0,0,0,0,0,-31000,0,0,0,26000,57000,-31000,-31000
03455B,臺股指凱基03熊06,0,0,0,0,0,0,0,0,0,-31000,0,0,0,0,31000,-31000,-31000
03299P,華通元富02售04  ,0,0,0,0,0,0,0,0,0,-31000,0,0,0,0,31000,-31000,-31000
053316,友達群益9A購01  ,0,0,0,0,0,0,0,0,0,-31000,0,0,0,42000,73000,-31000,-31000
057548,微星凱基99購01  ,0,0,0,0,0,0,0,0,0,-31000,0,0,0,60000,91000,-31000,-31000
060054,華新科凱基9B購04,0,0,0,0,0,0,0,0,0,-31000,0,0,0,17000,48000,-31000,-31000
060430,和潤永豐9A購01  ,0,0,0,0,0,0,0,0,0,-31000,0,0,0,50000,81000,-31000,-31000
064084,群創中信06購02  ,0,0,0,0,0,0,0,0,0,-31000,0,0,0,34000,65000,-31000,-31000
061072,南電凱基9B購01  ,0,0,0,0,0,0,0,0,0,-31000,0,0,0,144000,175000,-31000,-31000
061477,晶豪科元大9A購01,0,0,0,0,0,0,0,0,0,-31000,0,0,0,0,31000,-31000,-31000
061470,鈺齊群益9A購02  ,0,0,0,0,0,0,0,0,0,-31000,0,0,0,2000,33000,-31000,-31000
063332,矽格國票9B購01  ,0,0,0,0,0,0,0,0,0,-31000,0,0,0,4000,35000,-31000,-31000
064899,大立光群益9C購06,0,0,0,0,0,0,0,0,0,-31000,0,0,0,10000,41000,-31000,-31000
066345,正文永豐01購01  ,0,0,0,0,0,0,0,0,0,-31000,0,0,0,37000,68000,-31000,-31000
066322,群光永豐01購01  ,0,0,0,0,0,0,0,0,0,-31000,0,0,0,225000,256000,-31000,-31000
6166,凌華            ,52000,97000,-45000,0,0,0,0,0,0,14000,0,1000,-1000,17000,2000,15000,-31000
4564,元翎            ,234000,194000,40000,0,0,0,0,0,0,-71000,0,60000,-60000,0,11000,-11000,-31000
2414,精技            ,3000,31000,-28000,0,0,0,0,0,0,-3000,0,3000,-3000,0,0,0,-31000
9940,信義            ,17000,53000,-36000,0,0,0,0,0,0,5000,10000,5000,5000,0,0,0,-31000
067917,冠德永豐01購01  ,0,0,0,0,0,0,0,0,0,-32000,0,0,0,0,32000,-32000,-32000
067821,力成凱基01購02  ,0,0,0,0,0,0,0,0,0,-32000,0,0,0,0,32000,-32000,-32000
068732,嘉聯益元大02購01,0,0,0,0,0,0,0,0,0,-32000,0,0,0,213000,245000,-32000,-32000
068353,台積電凱基01購23,0,0,0,0,0,0,0,0,0,-32000,0,0,0,147000,179000,-32000,-32000
068524,友達元富07購01  ,0,0,0,0,0,0,0,0,0,-32000,0,0,0,105000,137000,-32000,-32000
07889P,旭富國票9B售01  ,0,0,0,0,0,0,0,0,0,-32000,0,0,0,0,32000,-32000,-32000
08123P,台表科國票9C售01,0,0,0,0,0,0,0,0,0,-32000,0,0,0,60000,92000,-32000,-32000
062944,茂林凱基9B購02  ,0,0,0,0,0,0,0,0,0,-32000,0,0,0,0,32000,-32000,-32000
062512,美食國票9B購01  ,0,0,0,0,0,0,0,0,0,-32000,0,0,0,0,32000,-32000,-32000
063936,道瓊反元大9C購02,0,0,0,0,0,0,0,0,0,-32000,0,0,0,3000,35000,-32000,-32000
060823,旺宏元大9A購05  ,0,0,0,0,0,0,0,0,0,-32000,0,0,0,0,32000,-32000,-32000
06597P,國巨富邦9A售05  ,0,0,0,0,0,0,0,0,0,-32000,0,0,0,0,32000,-32000,-32000
064971,裕隆元大01購01  ,0,0,0,0,0,0,0,0,0,-32000,0,0,0,47000,79000,-32000,-32000
3057,喬鼎            ,0,32000,-32000,0,0,0,0,0,0,0,0,0,0,0,0,0,-32000
08509P,臺股指國票9C售10,0,0,0,0,0,0,0,0,0,-32000,0,0,0,205000,237000,-32000,-32000
08673P,友訊元富01售03  ,0,0,0,0,0,0,0,0,0,-32000,0,0,0,0,32000,-32000,-32000
08843P,台表科凱基01售01,0,0,0,0,0,0,0,0,0,-32000,0,0,0,30000,62000,-32000,-32000
08741P,國巨凱基01售05  ,0,0,0,0,0,0,0,0,0,-32000,0,0,0,0,32000,-32000,-32000
1442,名軒            ,4000,36000,-32000,0,0,0,0,0,0,0,0,0,0,0,0,0,-32000
1795,美時            ,113000,45000,68000,0,0,0,0,100000,-100000,0,0,0,0,0,0,0,-32000
068935,晶技永豐02購01  ,0,0,0,0,0,0,0,0,0,-33000,0,0,0,1000,34000,-33000,-33000
068582,聯發科永豐01購04,0,0,0,0,0,0,0,0,0,-33000,0,0,0,515000,548000,-33000,-33000
068714,臺指反元大05購01,0,0,0,0,0,0,0,0,0,-33000,0,0,0,0,33000,-33000,-33000
067555,旺宏國票02購01  ,0,0,0,0,0,0,0,0,0,-33000,0,0,0,10000,43000,-33000,-33000
062845,微星富邦01購01  ,0,0,0,0,0,0,0,0,0,-33000,0,0,0,23000,56000,-33000,-33000
062762,聯詠凱基9B購02  ,0,0,0,0,0,0,0,0,0,-33000,0,0,0,58000,91000,-33000,-33000
062726,華擎凱基9B購02  ,0,0,0,0,0,0,0,0,0,-33000,0,0,0,41000,74000,-33000,-33000
063159,嘉澤國泰01購01  ,0,0,0,0,0,0,0,0,0,-33000,0,0,0,368000,401000,-33000,-33000
058670,鴻海群益9A購03  ,0,0,0,0,0,0,0,0,0,-33000,0,0,0,10000,43000,-33000,-33000
057570,技嘉永豐98購02  ,0,0,0,0,0,0,0,0,0,-33000,0,0,0,0,33000,-33000,-33000
03028P,玉晶光元大01售11,0,0,0,0,0,0,0,0,0,-33000,0,0,0,11000,44000,-33000,-33000
057401,晶豪科群益99購01,0,0,0,0,0,0,0,0,0,-33000,0,0,0,1000,34000,-33000,-33000
062580,華通統一9C購03  ,0,0,0,0,0,0,0,0,0,-33000,0,0,0,100000,133000,-33000,-33000
064006,晶技凱基9C購02  ,0,0,0,0,0,0,0,0,0,-33000,0,0,0,7000,40000,-33000,-33000
061853,晶技國票9B購02  ,0,0,0,0,0,0,0,0,0,-33000,0,0,0,113000,146000,-33000,-33000
063481,緯穎元大9B購08  ,0,0,0,0,0,0,0,0,0,-33000,0,0,0,70000,103000,-33000,-33000
061938,大立光國票9B購03,0,0,0,0,0,0,0,0,0,-33000,0,0,0,0,33000,-33000,-33000
064813,祥碩元大9C購05  ,0,0,0,0,0,0,0,0,0,-33000,0,0,0,1000,34000,-33000,-33000
065607,聯詠元大9C購02  ,0,0,0,0,0,0,0,0,0,-33000,0,0,0,9000,42000,-33000,-33000
065911,超眾永豐9C購01  ,0,0,0,0,0,0,0,0,0,-33000,0,0,0,3000,36000,-33000,-33000
066339,總太永豐01購01  ,0,0,0,0,0,0,0,0,0,-33000,0,0,0,0,33000,-33000,-33000
066672,瑞祺凱基03購01  ,0,0,0,0,0,0,0,0,0,-33000,0,0,0,137000,170000,-33000,-33000
08952P,台積電元富07售08,0,0,0,0,0,0,0,0,0,-33000,0,0,0,67000,100000,-33000,-33000
08732P,臺股指麥證01售04,0,0,0,7000,40000,-33000,0,0,0,-33000,0,0,0,7000,40000,-33000,-33000
9917,中保科          ,51000,105000,-54000,0,0,0,0,0,0,21000,25000,4000,21000,0,0,0,-33000
9935,慶豐富          ,91000,124000,-33000,0,0,0,0,0,0,0,0,0,0,0,0,0,-33000
911868,同方友友-DR     ,3000,36000,-33000,0,0,0,0,0,0,0,0,0,0,0,0,0,-33000
067454,矽格國票02購02  ,0,0,0,0,0,0,0,0,0,-34000,0,0,0,0,34000,-34000,-34000
067203,台達電元大01購03,0,0,0,0,0,0,0,0,0,-34000,0,0,0,97000,131000,-34000,-34000
067855,達方國票02購01  ,0,0,0,0,0,0,0,0,0,-34000,0,0,0,31000,65000,-34000,-34000
068286,聯電群益03購02  ,0,0,0,0,0,0,0,0,0,-34000,0,0,0,100000,134000,-34000,-34000
08210P,健策元富9B售02  ,0,0,0,0,0,0,0,0,0,-34000,0,0,0,0,34000,-34000,-34000
056411,緯穎國票99購01  ,0,0,0,0,0,0,0,0,0,-34000,0,0,0,0,34000,-34000,-34000
063554,GIS國票9C購03   ,0,0,0,0,0,0,0,0,0,-34000,0,0,0,0,34000,-34000,-34000
061245,晶技群益9A購01  ,0,0,0,0,0,0,0,0,0,-34000,0,0,0,59000,93000,-34000,-34000
061243,麗豐兆豐9A購01  ,0,0,0,0,0,0,0,0,0,-34000,0,0,0,8000,42000,-34000,-34000
061179,華擎凱基9A購01  ,0,0,0,0,0,0,0,0,0,-34000,0,0,0,0,34000,-34000,-34000
062438,台光電元大9B購04,0,0,0,0,0,0,0,0,0,-34000,0,0,0,21000,55000,-34000,-34000
06645P,上銀元大98售05  ,0,0,0,0,0,0,0,0,0,-34000,0,0,0,0,34000,-34000,-34000
065856,中租元大9C購03  ,0,0,0,0,0,0,0,0,0,-34000,0,0,0,66000,100000,-34000,-34000
08698P,可成凱基01售02  ,0,0,0,0,0,0,0,0,0,-34000,0,0,0,16000,50000,-34000,-34000
3591,艾笛森          ,2000,36000,-34000,0,0,0,0,0,0,0,0,0,0,0,0,0,-34000
2425,承啟            ,27000,61000,-34000,0,0,0,0,0,0,0,0,0,0,0,0,0,-34000
08228P,華擎國票9C售01  ,0,0,0,0,0,0,0,0,0,-35000,0,0,0,30000,65000,-35000,-35000
07060P,台表科國票9A售01,0,0,0,0,0,0,0,0,0,-35000,0,0,0,0,35000,-35000,-35000
08042P,臺股指群益9B售15,0,0,0,0,0,0,0,0,0,-35000,0,0,0,0,35000,-35000,-35000
068460,健策國票03購02  ,0,0,0,0,0,0,0,0,0,-35000,0,0,0,27000,62000,-35000,-35000
06797P,臺股指凱基98售07,0,0,0,0,0,0,0,0,0,-35000,0,0,0,29000,64000,-35000,-35000
068207,日月光凱基01購02,0,0,0,0,0,0,0,0,0,-35000,0,0,0,11000,46000,-35000,-35000
057339,群創國票99購02  ,0,0,0,0,0,0,0,0,0,-35000,0,0,0,60000,95000,-35000,-35000
056165,矽力凱基98購02  ,0,0,0,0,0,0,0,0,0,-35000,0,0,0,5000,40000,-35000,-35000
03315P,聯發科群益02售12,0,0,0,0,0,0,0,0,0,-35000,0,0,0,0,35000,-35000,-35000
03002P,玉晶光群益02售18,0,0,0,0,0,0,0,0,0,-35000,0,0,0,30000,65000,-35000,-35000
03113P,南電元大01售09  ,0,0,0,0,0,0,0,0,0,-35000,0,0,0,56000,91000,-35000,-35000
03134P,台積電中信07售05,0,0,0,0,0,0,0,0,0,-35000,0,0,0,0,35000,-35000,-35000
052987,華新科元大99購01,0,0,0,0,0,0,0,0,0,-35000,0,0,0,0,35000,-35000,-35000
057103,禾伸堂中信9A購01,0,0,0,0,0,0,0,0,0,-35000,0,0,0,85000,120000,-35000,-35000
059766,同欣電永豐99購03,0,0,0,0,0,0,0,0,0,-35000,0,0,0,0,35000,-35000,-35000
058207,南茂凱基99購01  ,0,0,0,0,0,0,0,0,0,-35000,0,0,0,0,35000,-35000,-35000
060097,華新科元大99購23,0,0,0,0,0,0,0,0,0,-35000,0,0,0,16000,51000,-35000,-35000
060157,致茂永豐9A購02  ,0,0,0,0,0,0,0,0,0,-35000,0,0,0,58000,93000,-35000,-35000
063179,群創兆豐9B購01  ,0,0,0,0,0,0,0,0,0,-35000,0,0,0,0,35000,-35000,-35000
062877,可成兆豐9C購01  ,0,0,0,0,0,0,0,0,0,-35000,0,0,0,0,35000,-35000,-35000
062356,國巨元大9B購10  ,0,0,0,0,0,0,0,0,0,-35000,0,0,0,3000,38000,-35000,-35000
060602,京元電凱基9A購01,0,0,0,0,0,0,0,0,0,-35000,0,0,0,5000,40000,-35000,-35000
064219,滬深2X國票03購01,0,0,0,0,0,0,0,0,0,-35000,0,0,0,0,35000,-35000,-35000
063861,南亞科國泰02購01,0,0,0,0,0,0,0,0,0,-35000,0,0,0,0,35000,-35000,-35000
062509,SP黃豆國票9B購03,0,0,0,0,0,0,0,0,0,-35000,0,0,0,75000,110000,-35000,-35000
061922,瑞昱凱基9B購01  ,0,0,0,0,0,0,0,0,0,-35000,0,0,0,38000,73000,-35000,-35000
061536,華擎統一9C購02  ,0,0,0,0,0,0,0,0,0,-35000,0,0,0,26000,61000,-35000,-35000
066033,南六群益02購01  ,0,0,0,0,0,0,0,0,0,-35000,0,0,0,22000,57000,-35000,-35000
066445,牧德群益01購01  ,0,0,0,0,0,0,0,0,0,-35000,0,0,0,32000,67000,-35000,-35000
065369,瑞昱元大9C購01  ,0,0,0,0,0,0,0,0,0,-35000,0,0,0,0,35000,-35000,-35000
065208,義隆國票01購01  ,0,0,0,0,0,0,0,0,0,-35000,0,0,0,14000,49000,-35000,-35000
064627,矽格元大9C購01  ,0,0,0,0,0,0,0,0,0,-35000,0,0,0,15000,50000,-35000,-35000
064604,聯茂元富9C購01  ,0,0,0,0,0,0,0,0,0,-35000,0,0,0,5000,40000,-35000,-35000
064588,玉晶光永豐9C購05,0,0,0,0,0,0,0,0,0,-35000,0,0,0,0,35000,-35000,-35000
3494,誠研            ,3000,38000,-35000,0,0,0,0,0,0,0,0,0,0,0,0,0,-35000
08764P,台灣50富邦03售03,0,0,0,0,0,0,0,0,0,-35000,0,0,0,5000,40000,-35000,-35000
08977P,臺股指群益01售11,0,0,0,0,0,0,0,0,0,-35000,0,0,0,0,35000,-35000,-35000
067093,台灣50群益01購08,0,0,0,0,0,0,0,0,0,-36000,0,0,0,14000,50000,-36000,-36000
068793,聯詠凱基03購03  ,0,0,0,0,0,0,0,0,0,-36000,0,0,0,18000,54000,-36000,-36000
062920,康友元大9B購01  ,0,0,0,0,0,0,0,0,0,-36000,0,0,0,112000,148000,-36000,-36000
060052,宏碁凱基99購01  ,0,0,0,0,0,0,0,0,0,-36000,0,0,0,2000,38000,-36000,-36000
058022,樺漢凱基99購02  ,0,0,0,0,0,0,0,0,0,-36000,0,0,0,5000,41000,-36000,-36000
03110P,聯發科元大01售26,0,0,0,0,0,0,0,0,0,-36000,0,0,0,592000,628000,-36000,-36000
03259P,聯發科康和02售01,0,0,0,0,0,0,0,0,0,-36000,0,0,0,11000,47000,-36000,-36000
061497,大立光國票9A購09,0,0,0,0,0,0,0,0,0,-36000,0,0,0,0,36000,-36000,-36000
062999,聯茂國票9C購01  ,0,0,0,0,0,0,0,0,0,-36000,0,0,0,0,36000,-36000,-36000
063452,創意統一01購01  ,0,0,0,0,0,0,0,0,0,-36000,0,0,0,21000,57000,-36000,-36000
063754,道瓊指統一9B購01,0,0,0,0,0,0,0,0,0,-36000,0,0,0,0,36000,-36000,-36000
061237,晶技元大9A購01  ,0,0,0,0,0,0,0,0,0,-36000,0,0,0,52000,88000,-36000,-36000
062628,廣達國票9B購01  ,0,0,0,0,0,0,0,0,0,-36000,0,0,0,79000,115000,-36000,-36000
065598,微星元大01購02  ,0,0,0,0,0,0,0,0,0,-36000,0,0,0,47000,83000,-36000,-36000
066127,劍麟群益03購01  ,0,0,0,0,0,0,0,0,0,-36000,0,0,0,14000,50000,-36000,-36000
065920,日月光凱基02購01,0,0,0,0,0,0,0,0,0,-36000,0,0,0,7000,43000,-36000,-36000
08727P,健策群益01售07  ,0,0,0,0,0,0,0,0,0,-36000,0,0,0,0,36000,-36000,-36000
08723P,臺股指元大01售04,0,0,0,0,0,0,0,0,0,-36000,0,0,0,16000,52000,-36000,-36000
08608P,臺股指富邦9C售06,0,0,0,0,0,0,0,0,0,-36000,0,0,0,0,36000,-36000,-36000
3346,麗清            ,33000,69000,-36000,0,0,0,0,0,0,0,0,0,0,0,0,0,-36000
6669,緯穎            ,581032,574000,7032,0,0,0,2000,71000,-69000,25000,19000,21000,-2000,34000,7000,27000,-36968
068617,康舒國票03購01  ,0,0,0,0,0,0,0,0,0,-37000,0,0,0,24000,61000,-37000,-37000
068478,瑞儀群益01購02  ,0,0,0,0,0,0,0,0,0,-37000,0,0,0,385000,422000,-37000,-37000
067015,義隆富邦04購01  ,0,0,0,0,0,0,0,0,0,-37000,0,0,0,40000,77000,-37000,-37000
068027,國巨元富07購11  ,0,0,0,0,0,0,0,0,0,-37000,0,0,0,5000,42000,-37000,-37000
057165,國巨元大99購05  ,0,0,0,0,0,0,0,0,0,-37000,0,0,0,5000,42000,-37000,-37000
053291,旺宏中信9A購01  ,0,0,0,0,0,0,0,0,0,-37000,0,0,0,0,37000,-37000,-37000
058731,貿聯永豐99購02  ,0,0,0,0,0,0,0,0,0,-37000,0,0,0,0,37000,-37000,-37000
058744,FBVIX凱基9C購03 ,0,0,0,0,0,0,0,0,0,-37000,0,0,0,68000,105000,-37000,-37000
062377,力成元大9B購01  ,0,0,0,0,0,0,0,0,0,-37000,0,0,0,43000,80000,-37000,-37000
060400,南電國票9A購03  ,0,0,0,0,0,0,0,0,0,-37000,0,0,0,0,37000,-37000,-37000
061241,晶技兆豐9A購01  ,0,0,0,0,0,0,0,0,0,-37000,0,0,0,6000,43000,-37000,-37000
061322,華新科凱基9A購12,0,0,0,0,0,0,0,0,0,-37000,0,0,0,0,37000,-37000,-37000
063523,微星凱基9B購03  ,0,0,0,0,0,0,0,0,0,-37000,0,0,0,22000,59000,-37000,-37000
061550,聯鈞群益9A購03  ,0,0,0,0,0,0,0,0,0,-37000,0,0,0,24000,61000,-37000,-37000
061916,元金2X凱基02購01,0,0,0,0,0,0,0,0,0,-37000,0,0,0,8000,45000,-37000,-37000
2705,六福            ,10000,47000,-37000,0,0,0,0,0,0,0,0,0,0,0,0,0,-37000
1721,三晃            ,12000,49000,-37000,0,0,0,0,0,0,0,0,0,0,0,0,0,-37000
2353,宏碁            ,6480189,10097708,-3617519,0,0,0,2000,0,2000,3578000,2523000,26000,2497000,1374000,293000,1081000,-37519
068194,致茂凱基01購02  ,0,0,0,0,0,0,0,0,0,-38000,0,0,0,70000,108000,-38000,-38000
067872,玉晶光元大02購03,0,0,0,0,0,0,0,0,0,-38000,0,0,0,133000,171000,-38000,-38000
067503,聚陽統一03購01  ,0,0,0,0,0,0,0,0,0,-38000,0,0,0,101000,139000,-38000,-38000
068683,聯電永豐02購02  ,0,0,0,0,0,0,0,0,0,-38000,0,0,0,70000,108000,-38000,-38000
08205P,智邦凱基9B售03  ,0,0,0,0,0,0,0,0,0,-38000,0,0,0,30000,68000,-38000,-38000
08250P,GIS群益9C售02   ,0,0,0,0,0,0,0,0,0,-38000,0,0,0,0,38000,-38000,-38000
08363P,南亞科凱基01售01,0,0,0,0,0,0,0,0,0,-38000,0,0,0,0,38000,-38000,-38000
059160,華通凱基99購03  ,0,0,0,0,0,0,0,0,0,-38000,0,0,0,17000,55000,-38000,-38000
062732,南六凱基9B購03  ,0,0,0,0,0,0,0,0,0,-38000,0,0,0,0,38000,-38000,-38000
057553,景碩凱基98購03  ,0,0,0,0,0,0,0,0,0,-38000,0,0,0,23000,61000,-38000,-38000
058389,聯茂國票9A購01  ,0,0,0,0,0,0,0,0,0,-38000,0,0,0,0,38000,-38000,-38000
03165P,台表科元大01售06,0,0,0,0,0,0,0,0,0,-38000,0,0,0,0,38000,-38000,-38000
006206,元大上證50      ,23000,135000,-112000,0,0,0,0,0,0,74000,0,0,0,425000,351000,74000,-38000
063007,儒鴻元大9B購01  ,0,0,0,0,0,0,0,0,0,-38000,0,0,0,42000,80000,-38000,-38000
063315,京元電群益9B購03,0,0,0,0,0,0,0,0,0,-38000,0,0,0,124000,162000,-38000,-38000
066285,松翰元大01購02  ,0,0,0,0,0,0,0,0,0,-38000,0,0,0,14000,52000,-38000,-38000
064563,全新群益02購01  ,0,0,0,0,0,0,0,0,0,-38000,0,0,0,100000,138000,-38000,-38000
1806,冠軍            ,19000,57000,-38000,0,0,0,0,0,0,0,0,0,0,0,0,0,-38000
08993P,彩晶元大01售02  ,0,0,0,0,0,0,0,0,0,-38000,0,0,0,2000,40000,-38000,-38000
1337,再生-KY         ,0,38000,-38000,0,0,0,0,0,0,0,0,0,0,0,0,0,-38000
08695P,嘉晶群益01售01  ,0,0,0,0,0,0,0,0,0,-38000,0,0,0,20000,58000,-38000,-38000
068804,大立光群益02購05,0,0,0,0,0,0,0,0,0,-39000,0,0,0,19000,58000,-39000,-39000
067449,微星國票02購02  ,0,0,0,0,0,0,0,0,0,-39000,0,0,0,100000,139000,-39000,-39000
067181,華通凱基01購02  ,0,0,0,0,0,0,0,0,0,-39000,0,0,0,353000,392000,-39000,-39000
068224,健策統一03購01  ,0,0,0,0,0,0,0,0,0,-39000,0,0,0,8000,47000,-39000,-39000
068021,泰鼎國票02購01  ,0,0,0,0,0,0,0,0,0,-39000,0,0,0,58000,97000,-39000,-39000
03235P,宏達電元大02售02,0,0,0,0,0,0,0,0,0,-39000,0,0,0,50000,89000,-39000,-39000
055999,電子類富邦99購01,0,0,0,0,0,0,0,0,0,-39000,0,0,0,3000,42000,-39000,-39000
059756,奇力新富邦9C購01,0,0,0,0,0,0,0,0,0,-39000,0,0,0,0,39000,-39000,-39000
062812,國巨兆豐9B購03  ,0,0,0,0,0,0,0,0,0,-39000,0,0,0,20000,59000,-39000,-39000
063500,嘉晶永豐9B購02  ,0,0,0,0,0,0,0,0,0,-39000,0,0,0,11000,50000,-39000,-39000
061710,國巨凱基9A購18  ,0,0,0,0,0,0,0,0,0,-39000,0,0,0,6000,45000,-39000,-39000
060963,禾伸堂凱基9A購01,0,0,0,0,0,0,0,0,0,-39000,0,0,0,111000,150000,-39000,-39000
062133,大成鋼群益9B購01,0,0,0,0,0,0,0,0,0,-39000,0,0,0,0,39000,-39000,-39000
061094,彩晶統一9B購02  ,0,0,0,0,0,0,0,0,0,-39000,0,0,0,54000,93000,-39000,-39000
064660,華通元大9C購05  ,0,0,0,0,0,0,0,0,0,-39000,0,0,0,116000,155000,-39000,-39000
064651,GIS凱基9C購02   ,0,0,0,0,0,0,0,0,0,-39000,0,0,0,31000,70000,-39000,-39000
065445,台光電統一01購05,0,0,0,0,0,0,0,0,0,-39000,0,0,0,0,39000,-39000,-39000
066306,亞聚永豐01購01  ,0,0,0,0,0,0,0,0,0,-39000,0,0,0,0,39000,-39000,-39000
066069,英業達凱基02購01,0,0,0,0,0,0,0,0,0,-39000,0,0,0,0,39000,-39000,-39000
065880,訊芯群益9C購01  ,0,0,0,0,0,0,0,0,0,-39000,0,0,0,228000,267000,-39000,-39000
066741,華擎元大01購03  ,0,0,0,0,0,0,0,0,0,-39000,0,0,0,142000,181000,-39000,-39000
08595P,南電群益9C售03  ,0,0,0,0,0,0,0,0,0,-39000,0,0,0,1000,40000,-39000,-39000
08670P,健策統一01售01  ,0,0,0,0,0,0,0,0,0,-39000,0,0,0,0,39000,-39000,-39000
08672P,聯發科統一01售09,0,0,0,0,0,0,0,0,0,-39000,0,0,0,0,39000,-39000,-39000
1708,東鹼            ,16000,55000,-39000,0,0,0,0,0,0,0,0,0,0,0,0,0,-39000
1457,宜進            ,5000,44000,-39000,0,0,0,0,0,0,0,0,0,0,0,0,0,-39000
068136,香港2X元大01購01,0,0,0,0,0,0,0,0,0,-40000,0,0,0,70000,110000,-40000,-40000
067871,玉晶光元大01購08,0,0,0,0,0,0,0,0,0,-40000,0,0,0,320000,360000,-40000,-40000
067111,聯詠群益01購03  ,0,0,0,0,0,0,0,0,0,-40000,0,0,0,826000,866000,-40000,-40000
067370,南亞科統一03購03,0,0,0,0,0,0,0,0,0,-40000,0,0,0,0,40000,-40000,-40000
068601,台積電凱基03購07,0,0,0,0,0,0,0,0,0,-40000,0,0,0,0,40000,-40000,-40000
068456,冠德國票03購01  ,0,0,0,0,0,0,0,0,0,-40000,0,0,0,0,40000,-40000,-40000
08357P,聯發科元大9C售09,0,0,0,0,0,0,0,0,0,-40000,0,0,0,0,40000,-40000,-40000
08248P,旺宏群益9C售02  ,0,0,0,0,0,0,0,0,0,-40000,0,0,0,20000,60000,-40000,-40000
06929P,鴻海元大99售11  ,0,0,0,0,0,0,0,0,0,-40000,0,0,0,0,40000,-40000,-40000
06977P,臺股指元大9A售15,0,0,0,0,0,0,0,0,0,-40000,0,0,0,0,40000,-40000,-40000
062730,致伸凱基9B購01  ,0,0,0,0,0,0,0,0,0,-40000,0,0,0,0,40000,-40000,-40000
059350,樺漢凱基9A購01  ,0,0,0,0,0,0,0,0,0,-40000,0,0,0,0,40000,-40000,-40000
059380,鴻海亞東99購01  ,0,0,0,0,0,0,0,0,0,-40000,0,0,0,0,40000,-40000,-40000
059143,國巨國票9A購04  ,0,0,0,0,0,0,0,0,0,-40000,0,0,0,30000,70000,-40000,-40000
058707,泰鼎元大99購02  ,0,0,0,0,0,0,0,0,0,-40000,0,0,0,0,40000,-40000,-40000
058441,T50反1台新03購01,0,0,0,0,0,0,0,0,0,-40000,0,0,0,0,40000,-40000,-40000
059529,華新科凱基9A購04,0,0,0,0,0,0,0,0,0,-40000,0,0,0,0,40000,-40000,-40000
060249,正文元大9C購01  ,0,0,0,0,0,0,0,0,0,-40000,0,0,0,10000,50000,-40000,-40000
059833,緯穎康和99購01  ,0,0,0,0,0,0,0,0,0,-40000,0,0,0,0,40000,-40000,-40000
053328,滬深2X永豐99購01,0,0,0,0,0,0,0,0,0,-40000,0,0,0,50000,90000,-40000,-40000
055780,禾伸堂凱基99購01,0,0,0,0,0,0,0,0,0,-40000,0,0,0,0,40000,-40000,-40000
03058P,台積電凱基01售18,0,0,0,0,0,0,0,0,0,-40000,0,0,0,0,40000,-40000,-40000
00757,統一FANG+       ,0,0,0,0,0,0,0,0,0,-40000,0,0,0,201000,241000,-40000,-40000
061048,國巨中信9A購05  ,0,0,0,0,0,0,0,0,0,-40000,0,0,0,23000,63000,-40000,-40000
060729,國巨群益9A購05  ,0,0,0,0,0,0,0,0,0,-40000,0,0,0,2000,42000,-40000,-40000
060703,T50反1富邦9C購01,0,0,0,0,0,0,0,0,0,-40000,0,0,0,0,40000,-40000,-40000
061749,群創統一9C購02  ,0,0,0,0,0,0,0,0,0,-40000,0,0,0,0,40000,-40000,-40000
061643,嘉澤元大9A購05  ,0,0,0,0,0,0,0,0,0,-40000,0,0,0,8000,48000,-40000,-40000
063704,麗豐群益9B購01  ,0,0,0,0,0,0,0,0,0,-40000,0,0,0,20000,60000,-40000,-40000
063010,國巨元大9C購02  ,0,0,0,0,0,0,0,0,0,-40000,0,0,0,10000,50000,-40000,-40000
063025,超眾元大9B購01  ,0,0,0,0,0,0,0,0,0,-40000,0,0,0,0,40000,-40000,-40000
062498,華通群益9C購04  ,0,0,0,0,0,0,0,0,0,-40000,0,0,0,29000,69000,-40000,-40000
066687,國巨元富07購05  ,0,0,0,0,0,0,0,0,0,-40000,0,0,0,0,40000,-40000,-40000
066454,金像電統一01購03,0,0,0,0,0,0,0,0,0,-40000,0,0,0,0,40000,-40000,-40000
066500,T50反1富邦03購02,0,0,0,0,0,0,0,0,0,-40000,0,0,0,0,40000,-40000,-40000
066605,盟立永豐01購02  ,0,0,0,0,0,0,0,0,0,-40000,0,0,0,10000,50000,-40000,-40000
066592,大立光群益01購06,0,0,0,0,0,0,0,0,0,-40000,0,0,0,0,40000,-40000,-40000
066584,滬深2X群益03購01,0,0,0,0,0,0,0,0,0,-40000,0,0,0,15000,55000,-40000,-40000
065884,智原元富9C購02  ,0,0,0,0,0,0,0,0,0,-40000,0,0,0,28000,68000,-40000,-40000
065861,台汽電元大9C購01,0,0,0,0,0,0,0,0,0,-40000,0,0,0,110000,150000,-40000,-40000
065460,嘉聯益台新9C購01,0,0,0,0,0,0,0,0,0,-40000,0,0,0,58000,98000,-40000,-40000
065513,旺宏群益9C購05  ,0,0,0,0,0,0,0,0,0,-40000,0,0,0,58000,98000,-40000,-40000
065338,旺宏統一01購07  ,0,0,0,0,0,0,0,0,0,-40000,0,0,0,0,40000,-40000,-40000
06438P,玉晶光國票99售02,0,0,0,0,0,0,0,0,0,-40000,0,0,0,0,40000,-40000,-40000
08566P,禾伸堂群益9C售01,0,0,0,0,0,0,0,0,0,-40000,0,0,0,0,40000,-40000,-40000
08552P,華新科群益9C售04,0,0,0,0,0,0,0,0,0,-40000,0,0,0,0,40000,-40000,-40000
08691P,鎧勝中信05售02  ,0,0,0,0,0,0,0,0,0,-40000,0,0,0,20000,60000,-40000,-40000
6189,豐藝            ,6000,46000,-40000,0,0,0,0,0,0,0,0,0,0,0,0,0,-40000
08219P,上銀凱基9B售08  ,0,0,0,0,0,0,0,0,0,-41000,0,0,0,0,41000,-41000,-41000
08401P,玉晶光元富9C售04,0,0,0,0,0,0,0,0,0,-41000,0,0,0,100000,141000,-41000,-41000
068881,台郡凱基02購02  ,0,0,0,0,0,0,0,0,0,-41000,0,0,0,0,41000,-41000,-41000
067260,台郡國票02購02  ,0,0,0,0,0,0,0,0,0,-41000,0,0,0,0,41000,-41000,-41000
00762,元大全球AI      ,0,0,0,0,0,0,0,0,0,-41000,0,0,0,53000,94000,-41000,-41000
03303P,義隆元富02售01  ,0,0,0,0,0,0,0,0,0,-41000,0,0,0,0,41000,-41000,-41000
03239P,臺股指元大02售04,0,0,0,0,0,0,0,0,0,-41000,0,0,0,0,41000,-41000,-41000
057532,智原元大98購03  ,0,0,0,0,0,0,0,0,0,-41000,0,0,0,0,41000,-41000,-41000
058802,矽創元大99購02  ,0,0,0,0,0,0,0,0,0,-41000,0,0,0,0,41000,-41000,-41000
063400,華擎群益9B購03  ,0,0,0,0,0,0,0,0,0,-41000,0,0,0,32000,73000,-41000,-41000
062145,億光國票9B購01  ,0,0,0,0,0,0,0,0,0,-41000,0,0,0,10000,51000,-41000,-41000
064351,中租元大9C購01  ,0,0,0,0,0,0,0,0,0,-41000,0,0,0,59000,100000,-41000,-41000
064493,南亞科元大9C購01,0,0,0,0,0,0,0,0,0,-41000,0,0,0,0,41000,-41000,-41000
064875,國巨兆豐01購01  ,0,0,0,0,0,0,0,0,0,-41000,0,0,0,0,41000,-41000,-41000
065833,中租凱基02購01  ,0,0,0,0,0,0,0,0,0,-41000,0,0,0,14000,55000,-41000,-41000
3557,嘉威            ,47000,88000,-41000,0,0,0,0,0,0,0,0,0,0,0,0,0,-41000
08469P,富邦金凱基9C售01,0,0,0,0,0,0,0,0,0,-41000,0,0,0,0,41000,-41000,-41000
2010,春源            ,0,42000,-42000,0,0,0,0,0,0,1000,1000,0,1000,0,0,0,-41000
067807,京元電凱基01購02,0,0,0,0,0,0,0,0,0,-42000,0,0,0,26000,68000,-42000,-42000
068198,奇力新凱基02購02,0,0,0,0,0,0,0,0,0,-42000,0,0,0,19000,61000,-42000,-42000
068551,台灣50元大01購37,0,0,0,0,0,0,0,0,0,-42000,0,0,0,0,42000,-42000,-42000
068311,牧德國票03購02  ,0,0,0,0,0,0,0,0,0,-42000,0,0,0,61000,103000,-42000,-42000
06937P,GIS元大98售03   ,0,0,0,0,0,0,0,0,0,-42000,0,0,0,0,42000,-42000,-42000
063182,國巨凱基9B購10  ,0,0,0,0,0,0,0,0,0,-42000,0,0,0,0,42000,-42000,-42000
058046,國巨元大9A購01  ,0,0,0,0,0,0,0,0,0,-42000,0,0,0,170000,212000,-42000,-42000
057328,京鼎群益99購02  ,0,0,0,0,0,0,0,0,0,-42000,0,0,0,8000,50000,-42000,-42000
057163,上銀元大98購04  ,0,0,0,0,0,0,0,0,0,-42000,0,0,0,0,42000,-42000,-42000
061475,漢唐元大9A購01  ,0,0,0,0,0,0,0,0,0,-42000,0,0,0,0,42000,-42000,-42000
062488,台光電永豐9B購02,0,0,0,0,0,0,0,0,0,-42000,0,0,0,30000,72000,-42000,-42000
065855,瀚宇博元大9C購03,0,0,0,0,0,0,0,0,0,-42000,0,0,0,329000,371000,-42000,-42000
065719,T50反1兆豐9C購01,0,0,0,0,0,0,0,0,0,-42000,0,0,0,0,42000,-42000,-42000
065986,金像電永豐01購03,0,0,0,0,0,0,0,0,0,-42000,0,0,0,0,42000,-42000,-42000
064438,大立光凱基01購03,0,0,0,0,0,0,0,0,0,-42000,0,0,0,0,42000,-42000,-42000
065385,億豐元大03購01  ,0,0,0,0,0,0,0,0,0,-42000,0,0,0,202000,244000,-42000,-42000
065519,台勝科群益9C購02,0,0,0,0,0,0,0,0,0,-42000,0,0,0,0,42000,-42000,-42000
065463,大立光中信01購02,0,0,0,0,0,0,0,0,0,-42000,0,0,0,350000,392000,-42000,-42000
065331,亞德客國票01購01,0,0,0,0,0,0,0,0,0,-42000,0,0,0,35000,77000,-42000,-42000
065052,南六凱基02購02  ,0,0,0,0,0,0,0,0,0,-42000,0,0,0,6000,48000,-42000,-42000
2014,中鴻            ,139000,193000,-54000,0,0,0,0,0,0,12000,12000,0,12000,0,0,0,-42000
3048,益登            ,20000,62000,-42000,0,0,0,0,0,0,0,0,0,0,0,0,0,-42000
2227,裕日車          ,14000,56000,-42000,0,0,0,0,0,0,0,0,0,0,0,0,0,-42000
2608,嘉里大榮        ,3000,36000,-33000,0,0,0,0,0,0,-9000,0,9000,-9000,0,0,0,-42000
068429,裕隆凱基01購01  ,0,0,0,0,0,0,0,0,0,-43000,0,0,0,7000,50000,-43000,-43000
068572,帆宣元大01購07  ,0,0,0,0,0,0,0,0,0,-43000,0,0,0,131000,174000,-43000,-43000
067120,矽創群益01購01  ,0,0,0,0,0,0,0,0,0,-43000,0,0,0,10000,53000,-43000,-43000
067505,微星統一03購01  ,0,0,0,0,0,0,0,0,0,-43000,0,0,0,197000,240000,-43000,-43000
059855,緯穎永豐99購04  ,0,0,0,0,0,0,0,0,0,-43000,0,0,0,0,43000,-43000,-43000
053764,A50正2富邦99購01,0,0,0,0,0,0,0,0,0,-43000,0,0,0,0,43000,-43000,-43000
00678,群益NBI生技     ,0,0,0,0,0,0,0,0,0,-43000,0,0,0,300000,343000,-43000,-43000
059517,茂林永豐99購02  ,0,0,0,0,0,0,0,0,0,-43000,0,0,0,0,43000,-43000,-43000
058455,玉晶光永豐99購03,0,0,0,0,0,0,0,0,0,-43000,0,0,0,48000,91000,-43000,-43000
059291,華新科元富9B購01,0,0,0,0,0,0,0,0,0,-43000,0,0,0,8000,51000,-43000,-43000
062727,華擎凱基9B購03  ,0,0,0,0,0,0,0,0,0,-43000,0,0,0,0,43000,-43000,-43000
063412,寶成國票9C購01  ,0,0,0,0,0,0,0,0,0,-43000,0,0,0,29000,72000,-43000,-43000
061723,嘉聯益永豐9A購03,0,0,0,0,0,0,0,0,0,-43000,0,0,0,43000,86000,-43000,-43000
064210,台光電凱基03購01,0,0,0,0,0,0,0,0,0,-43000,0,0,0,27000,70000,-43000,-43000
065597,旺宏元大01購03  ,0,0,0,0,0,0,0,0,0,-43000,0,0,0,1000,44000,-43000,-43000
064442,嘉聯益凱基9C購01,0,0,0,0,0,0,0,0,0,-43000,0,0,0,279000,322000,-43000,-43000
064463,聯茂統一01購02  ,0,0,0,0,0,0,0,0,0,-43000,0,0,0,10000,53000,-43000,-43000
065981,超眾元大02購01  ,0,0,0,0,0,0,0,0,0,-43000,0,0,0,0,43000,-43000,-43000
067258,盛群國票01購01  ,0,0,0,0,0,0,0,0,0,-44000,0,0,0,33000,77000,-44000,-44000
068293,國巨兆豐01購03  ,0,0,0,0,0,0,0,0,0,-44000,0,0,0,4000,48000,-44000,-44000
063113,聯茂兆豐9B購01  ,0,0,0,0,0,0,0,0,0,-44000,0,0,0,5000,49000,-44000,-44000
059168,奇力新凱基99購05,0,0,0,0,0,0,0,0,0,-44000,0,0,0,0,44000,-44000,-44000
059223,大立光元大99購14,0,0,0,0,0,0,0,0,0,-44000,0,0,0,67000,111000,-44000,-44000
057556,智易凱基99購01  ,0,0,0,0,0,0,0,0,0,-44000,0,0,0,0,44000,-44000,-44000
061037,嘉澤永豐9A購01  ,0,0,0,0,0,0,0,0,0,-44000,0,0,0,8000,52000,-44000,-44000
061258,華通凱基9A購06  ,0,0,0,0,0,0,0,0,0,-44000,0,0,0,0,44000,-44000,-44000
061206,旺宏元大9A購12  ,0,0,0,0,0,0,0,0,0,-44000,0,0,0,2000,46000,-44000,-44000
062003,國巨國泰01購01  ,0,0,0,0,0,0,0,0,0,-44000,0,0,0,55000,99000,-44000,-44000
062586,國巨統一01購06  ,0,0,0,0,0,0,0,0,0,-44000,0,0,0,2000,46000,-44000,-44000
066831,亞光群益01購01  ,0,0,0,0,0,0,0,0,0,-44000,0,0,0,0,44000,-44000,-44000
064288,瀚宇博元大9C購02,0,0,0,0,0,0,0,0,0,-44000,0,0,0,0,44000,-44000,-44000
2524,京城            ,1000,45000,-44000,0,0,0,0,0,0,0,0,0,0,0,0,0,-44000
6698,旭暉應材        ,22000,66000,-44000,0,0,0,0,0,0,0,0,0,0,0,0,0,-44000
068083,南電凱基01購04  ,0,0,0,0,0,0,0,0,0,-45000,0,0,0,130000,175000,-45000,-45000
067740,精元元大01購02  ,0,0,0,0,0,0,0,0,0,-45000,0,0,0,792000,837000,-45000,-45000
060061,旺宏兆豐99購02  ,0,0,0,0,0,0,0,0,0,-45000,0,0,0,0,45000,-45000,-45000
058936,國喬中信99購01  ,0,0,0,0,0,0,0,0,0,-45000,0,0,0,45000,90000,-45000,-45000
058748,景碩凱基9A購01  ,0,0,0,0,0,0,0,0,0,-45000,0,0,0,114000,159000,-45000,-45000
054158,國巨日盛99購01  ,0,0,0,0,0,0,0,0,0,-45000,0,0,0,375000,420000,-45000,-45000
052659,上証2X國票99購01,0,0,0,0,0,0,0,0,0,-45000,0,0,0,20000,65000,-45000,-45000
055623,貿聯國泰99購01  ,0,0,0,0,0,0,0,0,0,-45000,0,0,0,0,45000,-45000,-45000
059660,華新科元大9A購04,0,0,0,0,0,0,0,0,0,-45000,0,0,0,0,45000,-45000,-45000
060675,南亞科元大9A購02,0,0,0,0,0,0,0,0,0,-45000,0,0,0,5000,50000,-45000,-45000
061357,寶成元大9A購01  ,0,0,0,0,0,0,0,0,0,-45000,0,0,0,366000,411000,-45000,-45000
064272,鴻海元大9C購09  ,0,0,0,0,0,0,0,0,0,-45000,0,0,0,5000,50000,-45000,-45000
061702,奇鋐國票9A購02  ,0,0,0,0,0,0,0,0,0,-45000,0,0,0,28000,73000,-45000,-45000
061654,旺宏國票9A購02  ,0,0,0,0,0,0,0,0,0,-45000,0,0,0,0,45000,-45000,-45000
062147,大毅國票9B購02  ,0,0,0,0,0,0,0,0,0,-45000,0,0,0,0,45000,-45000,-45000
063034,致茂凱基9B購01  ,0,0,0,0,0,0,0,0,0,-45000,0,0,0,18000,63000,-45000,-45000
06326P,鴻海中信01售01  ,0,0,0,0,0,0,0,0,0,-45000,0,0,0,2000,47000,-45000,-45000
064751,亞德客凱基9C購02,0,0,0,0,0,0,0,0,0,-45000,0,0,0,5000,50000,-45000,-45000
065940,立積群益02購01  ,0,0,0,0,0,0,0,0,0,-45000,0,0,0,50000,95000,-45000,-45000
9902,台火            ,45000,89000,-44000,0,0,0,0,0,0,-1000,0,1000,-1000,0,0,0,-45000
08896P,台灣50群益01售10,0,0,0,0,0,0,0,0,0,-45000,0,0,0,15000,60000,-45000,-45000
067840,滬深2X元富04購02,0,0,0,0,0,0,0,0,0,-46000,0,0,0,6000,52000,-46000,-46000
067459,微星永豐01購01  ,0,0,0,0,0,0,0,0,0,-46000,0,0,0,166000,212000,-46000,-46000
067558,中工國票02購01  ,0,0,0,0,0,0,0,0,0,-46000,0,0,0,124000,170000,-46000,-46000
08011P,玉晶光元大9B售05,0,0,0,0,0,0,0,0,0,-46000,0,0,0,74000,120000,-46000,-46000
08426P,奇力新國票01售01,0,0,0,0,0,0,0,0,0,-46000,0,0,0,14000,60000,-46000,-46000
08427P,義隆國票9C售01  ,0,0,0,0,0,0,0,0,0,-46000,0,0,0,4000,50000,-46000,-46000
056670,樺漢國票99購01  ,0,0,0,0,0,0,0,0,0,-46000,0,0,0,34000,80000,-46000,-46000
03093P,台灣50凱基04售10,0,0,0,0,0,0,0,0,0,-46000,0,0,0,0,46000,-46000,-46000
058625,旺宏國票9A購01  ,0,0,0,0,0,0,0,0,0,-46000,0,0,0,0,46000,-46000,-46000
060049,華通凱基99購06  ,0,0,0,0,0,0,0,0,0,-46000,0,0,0,20000,66000,-46000,-46000
063688,建準永豐9B購03  ,20000,20000,0,0,0,0,0,0,0,-46000,0,0,0,73000,119000,-46000,-46000
062164,禾伸堂國泰01購01,0,0,0,0,0,0,0,0,0,-46000,0,0,0,152000,198000,-46000,-46000
061613,南六統一9C購01  ,0,0,0,0,0,0,0,0,0,-46000,0,0,0,71000,117000,-46000,-46000
063917,南六凱基02購01  ,0,0,0,0,0,0,0,0,0,-46000,0,0,0,45000,91000,-46000,-46000
064213,大立光凱基03購01,0,0,0,0,0,0,0,0,0,-46000,0,0,0,0,46000,-46000,-46000
060782,道瓊指富邦9C購01,0,0,0,0,0,0,0,0,0,-46000,0,0,0,0,46000,-46000,-46000
066568,聚碩元大01購01  ,0,0,0,0,0,0,0,0,0,-46000,0,0,0,74000,120000,-46000,-46000
065555,旭富凱基01購02  ,0,0,0,0,0,0,0,0,0,-46000,0,0,0,0,46000,-46000,-46000
9939,宏全            ,20000,42000,-22000,0,0,0,0,0,0,-24000,0,22000,-22000,8000,10000,-2000,-46000
067151,聯發科統一02購06,0,0,0,0,0,0,0,0,0,-47000,0,0,0,61000,108000,-47000,-47000
067101,華邦電群益01購02,0,0,0,0,0,0,0,0,0,-47000,0,0,0,0,47000,-47000,-47000
059580,大立光元富99購07,0,0,0,0,0,0,0,0,0,-47000,0,0,0,2000,49000,-47000,-47000
058943,元石油群益9C購01,0,0,0,0,0,0,0,0,0,-47000,0,0,0,0,47000,-47000,-47000
059248,華新科凱基99購04,0,0,0,0,0,0,0,0,0,-47000,0,0,0,3000,50000,-47000,-47000
03231P,聯電元大02售03  ,0,0,0,0,0,0,0,0,0,-47000,0,0,0,104000,151000,-47000,-47000
055030,帆宣國泰99購02  ,0,0,0,0,0,0,0,0,0,-47000,0,0,0,5000,52000,-47000,-47000
059797,大立光國票99購01,0,0,0,0,0,0,0,0,0,-47000,0,0,0,0,47000,-47000,-47000
060506,京元電元大9A購02,0,0,0,0,0,0,0,0,0,-47000,0,0,0,0,47000,-47000,-47000
060467,神基元大9A購01  ,0,0,0,0,0,0,0,0,0,-47000,0,0,0,100000,147000,-47000,-47000
062058,瑞昱統一01購01  ,0,0,0,0,0,0,0,0,0,-47000,0,0,0,0,47000,-47000,-47000
061145,臻鼎中信9A購02  ,0,0,0,0,0,0,0,0,0,-47000,0,0,0,21000,68000,-47000,-47000
061634,遠東新元大9A購01,0,0,0,0,0,0,0,0,0,-47000,0,0,0,53000,100000,-47000,-47000
062121,奇鋐台新9B購01  ,0,0,0,0,0,0,0,0,0,-47000,0,0,0,1000,48000,-47000,-47000
063471,泰鼎元大9C購01  ,0,0,0,0,0,0,0,0,0,-47000,0,0,0,365000,412000,-47000,-47000
063331,瑞儀國票9C購01  ,0,0,0,0,0,0,0,0,0,-47000,0,0,0,48000,95000,-47000,-47000
065660,晶豪科永豐9C購01,0,0,0,0,0,0,0,0,0,-47000,0,0,0,0,47000,-47000,-47000
065383,南電元大01購02  ,0,0,0,0,0,0,0,0,0,-47000,0,0,0,28000,75000,-47000,-47000
06498P,臺股指元大9A售03,0,0,0,0,0,0,0,0,0,-47000,0,0,0,16000,63000,-47000,-47000
065293,玉晶光群益01購07,0,0,0,0,0,0,0,0,0,-47000,0,0,0,125000,172000,-47000,-47000
064841,彩晶統一02購02  ,0,0,0,0,0,0,0,0,0,-47000,0,0,0,152000,199000,-47000,-47000
064508,力成元大9C購03  ,0,0,0,0,0,0,0,0,0,-47000,0,0,0,20000,67000,-47000,-47000
066422,嘉晶元大02購01  ,0,0,0,0,0,0,0,0,0,-47000,0,0,0,88000,135000,-47000,-47000
08473P,康控凱基9C售01  ,0,0,0,0,0,0,0,0,0,-47000,0,0,0,3000,50000,-47000,-47000
08556P,臺股指中信01售08,0,0,0,0,0,0,0,0,0,-47000,0,0,0,90000,137000,-47000,-47000
08623P,健策群益01售04  ,0,0,0,0,0,0,0,0,0,-47000,0,0,0,0,47000,-47000,-47000
08607P,聯發科富邦03售04,0,0,0,0,0,0,0,0,0,-47000,0,0,0,405000,452000,-47000,-47000
07457P,宏達電元大9A售01,0,0,0,0,0,0,0,0,0,-48000,0,0,0,80000,128000,-48000,-48000
055437,禾伸堂中信99購01,0,0,0,0,0,0,0,0,0,-48000,0,0,0,0,48000,-48000,-48000
03183P,鴻海元大01售28  ,0,0,0,0,0,0,0,0,0,-48000,0,0,0,0,48000,-48000,-48000
063301,鴻海凱基9B購08  ,0,0,0,0,0,0,0,0,0,-48000,0,0,0,2000,50000,-48000,-48000
063581,同欣電國泰9C購01,0,0,0,0,0,0,0,0,0,-48000,0,0,0,32000,80000,-48000,-48000
061443,大立光統一9C購02,0,0,0,0,0,0,0,0,0,-48000,0,0,0,2000,50000,-48000,-48000
061180,華擎凱基9B購01  ,0,0,0,0,0,0,0,0,0,-48000,0,0,0,4000,52000,-48000,-48000
060315,易華電永豐9A購01,0,0,0,0,0,0,0,0,0,-48000,0,0,0,0,48000,-48000,-48000
064409,彩晶凱基04購01  ,0,0,0,0,0,0,0,0,0,-48000,0,0,0,30000,78000,-48000,-48000
2852,第一保          ,0,48000,-48000,0,0,0,0,0,0,0,0,0,0,0,0,0,-48000
2233,宇隆            ,11000,62000,-51000,0,0,0,0,0,0,3000,3000,0,3000,0,0,0,-48000
2382,廣達            ,6063329,5206705,856624,0,0,0,717000,0,717000,-1622000,50000,1637000,-1587000,183000,218000,-35000,-48376
07952P,富邦金元大9B售02,0,0,0,0,0,0,0,0,0,-49000,0,0,0,0,49000,-49000,-49000
08154P,上銀元富9B售04  ,0,0,0,0,0,0,0,0,0,-49000,0,0,0,0,49000,-49000,-49000
08104P,晶技元大9B售06  ,0,0,0,0,0,0,0,0,0,-49000,0,0,0,0,49000,-49000,-49000
08074P,緯穎元富9B售02  ,0,0,0,0,0,0,0,0,0,-49000,0,0,0,71000,120000,-49000,-49000
068419,聯發科兆豐03購02,0,0,0,0,0,0,0,0,0,-49000,0,0,0,25000,74000,-49000,-49000
057798,貿聯兆豐99購01  ,0,0,0,0,0,0,0,0,0,-49000,0,0,0,151000,200000,-49000,-49000
058732,矽格永豐99購01  ,0,0,0,0,0,0,0,0,0,-49000,0,0,0,585000,634000,-49000,-49000
058712,鴻海統一9B購03  ,0,0,0,0,0,0,0,0,0,-49000,0,0,0,1000,50000,-49000,-49000
060214,茂林康和9A購01  ,0,0,0,0,0,0,0,0,0,-49000,0,0,0,165000,214000,-49000,-49000
058202,鴻海凱基9A購04  ,0,0,0,0,0,0,0,0,0,-49000,0,0,0,1000,50000,-49000,-49000
062969,旺宏元富9B購01  ,0,0,0,0,0,0,0,0,0,-49000,0,0,0,0,49000,-49000,-49000
064391,亞德客永豐9C購01,0,0,0,0,0,0,0,0,0,-49000,0,0,0,55000,104000,-49000,-49000
066433,南六元大02購01  ,0,0,0,0,0,0,0,0,0,-49000,0,0,0,73000,122000,-49000,-49000
066303,泰山永豐01購01  ,0,0,0,0,0,0,0,0,0,-49000,0,0,0,126000,175000,-49000,-49000
068441,台勝科凱基01購03,0,0,0,0,0,0,0,0,0,-50000,0,0,0,20000,70000,-50000,-50000
068305,台光電國票03購01,0,0,0,0,0,0,0,0,0,-50000,0,0,0,116000,166000,-50000,-50000
068713,台灣50元大02購05,0,0,0,0,0,0,0,0,0,-50000,0,0,0,0,50000,-50000,-50000
068688,聚陽凱基02購03  ,0,0,0,0,0,0,0,0,0,-50000,0,0,0,30000,80000,-50000,-50000
068908,道瓊銀群益02購02,0,0,0,0,0,0,0,0,0,-50000,0,0,0,0,50000,-50000,-50000
068733,瑞儀元大02購01  ,0,0,0,0,0,0,0,0,0,-50000,0,0,0,111000,161000,-50000,-50000
068769,義隆統一04購01  ,0,0,0,0,0,0,0,0,0,-50000,0,0,0,124000,174000,-50000,-50000
08110P,臺股指中信01售05,0,0,0,0,0,0,0,0,0,-50000,0,0,0,120000,170000,-50000,-50000
08241P,微星中信06售01  ,0,0,0,0,0,0,0,0,0,-50000,0,0,0,50000,100000,-50000,-50000
07926P,上銀統一9B售02  ,0,0,0,0,0,0,0,0,0,-50000,0,0,0,0,50000,-50000,-50000
08026P,臺股指凱基9B售12,0,0,0,0,0,0,0,0,0,-50000,0,0,0,0,50000,-50000,-50000
07865P,可成元大9B售02  ,0,0,0,0,0,0,0,0,0,-50000,0,0,0,0,50000,-50000,-50000
07580P,緯穎元大9A售03  ,0,0,0,0,0,0,0,0,0,-50000,0,0,0,0,50000,-50000,-50000
07652P,臺股指中信9A售07,0,0,0,0,0,0,0,0,0,-50000,0,0,0,0,50000,-50000,-50000
067072,建準元大01購01  ,0,0,0,0,0,0,0,0,0,-50000,0,0,0,120000,170000,-50000,-50000
067199,滬深2X元大04購02,0,0,0,0,0,0,0,0,0,-50000,0,0,0,0,50000,-50000,-50000
067438,緯穎凱基01購03  ,0,0,0,0,0,0,0,0,0,-50000,0,0,0,7000,57000,-50000,-50000
067832,鴻海統一02購04  ,0,0,0,0,0,0,0,0,0,-50000,0,0,0,0,50000,-50000,-50000
067732,遠東新元大01購01,0,0,0,0,0,0,0,0,0,-50000,0,0,0,33000,83000,-50000,-50000
067693,滬深2X中信04購02,0,0,0,0,0,0,0,0,0,-50000,0,0,0,0,50000,-50000,-50000
068087,臺股指凱基04購04,0,0,0,0,0,0,0,0,0,-50000,0,0,0,40000,90000,-50000,-50000
068193,順德凱基01購01  ,0,0,0,0,0,0,0,0,0,-50000,0,0,0,0,50000,-50000,-50000
068171,T50反1中信05購02,0,0,0,0,0,0,0,0,0,-50000,0,0,0,150000,200000,-50000,-50000
068163,緯穎元大01購07  ,0,0,0,0,0,0,0,0,0,-50000,0,0,0,50000,100000,-50000,-50000
06799P,臺股指凱基98售09,0,0,0,0,0,0,0,0,0,-50000,0,0,0,0,50000,-50000,-50000
058230,國巨元大99購11  ,0,0,0,0,0,0,0,0,0,-50000,0,0,0,0,50000,-50000,-50000
057533,晶相光元大98購02,0,0,0,0,0,0,0,0,0,-50000,0,0,0,0,50000,-50000,-50000
058458,牧德永豐9A購01  ,0,0,0,0,0,0,0,0,0,-50000,0,0,0,0,50000,-50000,-50000
057844,新日興永豐99購01,0,0,0,0,0,0,0,0,0,-50000,0,0,0,0,50000,-50000,-50000
057841,茂林富邦9A購02  ,0,0,0,0,0,0,0,0,0,-50000,0,0,0,0,50000,-50000,-50000
058556,百和永豐99購01  ,0,0,0,0,0,0,0,0,0,-50000,0,0,0,0,50000,-50000,-50000
060212,華航康和9A購01  ,0,0,0,0,0,0,0,0,0,-50000,0,0,0,0,50000,-50000,-50000
059435,大立光元大99購17,0,0,0,0,0,0,0,0,0,-50000,0,0,0,0,50000,-50000,-50000
059528,華新科凱基99購06,0,0,0,0,0,0,0,0,0,-50000,0,0,0,0,50000,-50000,-50000
058051,同欣電元大98購03,0,0,0,0,0,0,0,0,0,-50000,0,0,0,0,50000,-50000,-50000
059070,道瓊指元大99購02,0,0,0,0,0,0,0,0,0,-50000,0,0,0,0,50000,-50000,-50000
062706,大立光元大9B購06,0,0,0,0,0,0,0,0,0,-50000,0,0,0,0,50000,-50000,-50000
062778,國巨元大9B購17  ,0,0,0,0,0,0,0,0,0,-50000,0,0,0,52000,102000,-50000,-50000
057177,奇力新元大99購04,0,0,0,0,0,0,0,0,0,-50000,0,0,0,0,50000,-50000,-50000
057228,友達凱基9B購01  ,0,0,0,0,0,0,0,0,0,-50000,0,0,0,0,50000,-50000,-50000
059788,華新科元大9A購05,0,0,0,0,0,0,0,0,0,-50000,0,0,0,0,50000,-50000,-50000
059661,大立光元大99購22,0,0,0,0,0,0,0,0,0,-50000,0,0,0,0,50000,-50000,-50000
059926,世紀鋼國泰9B購01,0,0,0,0,0,0,0,0,0,-50000,0,0,0,0,50000,-50000,-50000
056635,亞德客日盛99購01,0,0,0,0,0,0,0,0,0,-50000,0,0,0,0,50000,-50000,-50000
056763,國巨元大99購02  ,0,0,0,0,0,0,0,0,0,-50000,0,0,0,2000,52000,-50000,-50000
056520,鴻海日盛99購01  ,0,0,0,0,0,0,0,0,0,-50000,0,0,0,0,50000,-50000,-50000
056325,群創兆豐9A購01  ,0,0,0,0,0,0,0,0,0,-50000,0,0,0,0,50000,-50000,-50000
056301,開發金元大9A購01,0,0,0,0,0,0,0,0,0,-50000,0,0,0,0,50000,-50000,-50000
062493,元金反中信9B購01,0,0,0,0,0,0,0,0,0,-50000,0,0,0,0,50000,-50000,-50000
063278,國巨元大9C購04  ,0,0,0,0,0,0,0,0,0,-50000,0,0,0,0,50000,-50000,-50000
062548,智易永豐9B購01  ,0,0,0,0,0,0,0,0,0,-50000,0,0,0,0,50000,-50000,-50000
063389,大立光兆豐9C購02,0,0,0,0,0,0,0,0,0,-50000,0,0,0,0,50000,-50000,-50000
063041,貿聯凱基9B購01  ,0,0,0,0,0,0,0,0,0,-50000,0,0,0,0,50000,-50000,-50000
063408,茂林國票9C購02  ,0,0,0,0,0,0,0,0,0,-50000,0,0,0,0,50000,-50000,-50000
063009,國巨元大9B購18  ,0,0,0,0,0,0,0,0,0,-50000,0,0,0,0,50000,-50000,-50000
06350P,臺股指台新99售02,0,0,0,0,0,0,0,0,0,-50000,0,0,0,0,50000,-50000,-50000
063565,旺宏元大9B購08  ,0,0,0,0,0,0,0,0,0,-50000,0,0,0,27000,77000,-50000,-50000
063773,可成富邦9C購01  ,0,0,0,0,0,0,0,0,0,-50000,0,0,0,0,50000,-50000,-50000
061402,矽創兆豐9B購01  ,0,0,0,0,0,0,0,0,0,-50000,0,0,0,0,50000,-50000,-50000
061795,智邦永豐9B購01  ,0,0,0,0,0,0,0,0,0,-50000,0,0,0,58000,108000,-50000,-50000
062149,牧德國票9B購01  ,0,0,0,0,0,0,0,0,0,-50000,0,0,0,0,50000,-50000,-50000
062158,禾伸堂凱基9B購01,0,0,0,0,0,0,0,0,0,-50000,0,0,0,0,50000,-50000,-50000
062127,台勝科統一01購02,0,0,0,0,0,0,0,0,0,-50000,0,0,0,0,50000,-50000,-50000
062187,台勝科元大9B購02,0,0,0,0,0,0,0,0,0,-50000,0,0,0,0,50000,-50000,-50000
062188,貿聯元大9B購02  ,0,0,0,0,0,0,0,0,0,-50000,0,0,0,0,50000,-50000,-50000
060946,世紀鋼國票9A購02,0,0,0,0,0,0,0,0,0,-50000,0,0,0,0,50000,-50000,-50000
061946,鴻海群益9B購03  ,0,0,0,0,0,0,0,0,0,-50000,0,0,0,0,50000,-50000,-50000
061987,大立光元大9B購03,0,0,0,0,0,0,0,0,0,-50000,0,0,0,17000,67000,-50000,-50000
062572,元金反群益9C購01,0,0,0,0,0,0,0,0,0,-50000,0,0,0,0,50000,-50000,-50000
062309,燿華凱基9B購01  ,0,0,0,0,0,0,0,0,0,-50000,0,0,0,77000,127000,-50000,-50000
062282,禾伸堂群益9B購01,0,0,0,0,0,0,0,0,0,-50000,0,0,0,0,50000,-50000,-50000
064223,日電貿國票01購01,0,0,0,0,0,0,0,0,0,-50000,0,0,0,0,50000,-50000,-50000
066073,奇鋐凱基01購01  ,0,0,0,0,0,0,0,0,0,-50000,0,0,0,0,50000,-50000,-50000
066159,寶成康和01購01  ,0,0,0,0,0,0,0,0,0,-50000,0,0,0,88000,138000,-50000,-50000
066189,和潤凱基01購01  ,0,0,0,0,0,0,0,0,0,-50000,0,0,0,50000,100000,-50000,-50000
065929,TPK國票02購01   ,0,0,0,0,0,0,0,0,0,-50000,0,0,0,0,50000,-50000,-50000
065812,寶成群益9C購02  ,0,0,0,0,0,0,0,0,0,-50000,0,0,0,90000,140000,-50000,-50000
066411,南紡元大01購01  ,0,0,0,0,0,0,0,0,0,-50000,0,0,0,0,50000,-50000,-50000
066563,日月光元大01購01,0,0,0,0,0,0,0,0,0,-50000,0,0,0,26000,76000,-50000,-50000
066599,鴻海國泰03購02  ,0,0,0,0,0,0,0,0,0,-50000,0,0,0,0,50000,-50000,-50000
066638,聚碩凱基01購01  ,0,0,0,0,0,0,0,0,0,-50000,0,0,0,0,50000,-50000,-50000
064419,鴻海兆豐9C購01  ,0,0,0,0,0,0,0,0,0,-50000,0,0,0,0,50000,-50000,-50000
064346,貿聯元大01購01  ,0,0,0,0,0,0,0,0,0,-50000,0,0,0,0,50000,-50000,-50000
064285,貿聯元大9C購02  ,0,0,0,0,0,0,0,0,0,-50000,0,0,0,0,50000,-50000,-50000
064549,神基凱基9C購01  ,0,0,0,0,0,0,0,0,0,-50000,0,0,0,0,50000,-50000,-50000
064925,和碩統一02購01  ,0,0,0,0,0,0,0,0,0,-50000,0,0,0,15000,65000,-50000,-50000
064641,神隆凱基9C購01  ,0,0,0,0,0,0,0,0,0,-50000,0,0,0,100000,150000,-50000,-50000
08852P,台灣50台新01售01,0,0,0,0,0,0,0,0,0,-50000,0,0,0,0,50000,-50000,-50000
08738P,TPK凱基01售02   ,0,0,0,0,0,0,0,0,0,-50000,0,0,0,50000,100000,-50000,-50000
08970P,臺股指元大01售13,0,0,0,0,0,0,0,0,0,-50000,0,0,0,0,50000,-50000,-50000
08971P,臺股指元大01售14,0,0,0,0,0,0,0,0,0,-50000,0,0,0,0,50000,-50000,-50000
2547,日勝生          ,122000,172260,-50260,0,0,0,0,0,0,0,0,0,0,0,0,0,-50260
08425P,世紀鋼元富9C售03,0,0,0,0,0,0,0,0,0,-51000,0,0,0,25000,76000,-51000,-51000
068330,大立光元大01購19,0,0,0,0,0,0,0,0,0,-51000,0,0,0,46000,97000,-51000,-51000
057416,T50反1凱基9C購01,0,0,0,0,0,0,0,0,0,-51000,0,0,0,0,51000,-51000,-51000
054874,帆宣群益99購02  ,0,0,0,0,0,0,0,0,0,-51000,0,0,0,40000,91000,-51000,-51000
059951,台塑康和99購01  ,0,0,0,0,0,0,0,0,0,-51000,0,0,0,0,51000,-51000,-51000
059187,國巨富邦9B購02  ,0,0,0,0,0,0,0,0,0,-51000,0,0,0,3000,54000,-51000,-51000
060107,旭富元大99購03  ,0,0,0,0,0,0,0,0,0,-51000,0,0,0,8000,59000,-51000,-51000
058373,晶技凱基99購02  ,0,0,0,0,0,0,0,0,0,-51000,0,0,0,1000,52000,-51000,-51000
058201,華通凱基9A購01  ,0,0,0,0,0,0,0,0,0,-51000,0,0,0,25000,76000,-51000,-51000
062597,世紀鋼統一01購01,0,0,0,0,0,0,0,0,0,-51000,0,0,0,20000,71000,-51000,-51000
061913,宏碁中信9B購01  ,0,0,0,0,0,0,0,0,0,-51000,0,0,0,106000,157000,-51000,-51000
061408,華新科國票9A購06,0,0,0,0,0,0,0,0,0,-51000,0,0,0,0,51000,-51000,-51000
062955,立積永豐9B購02  ,0,0,0,0,0,0,0,0,0,-51000,0,0,0,0,51000,-51000,-51000
064960,世紀鋼凱基03購01,0,0,0,0,0,0,0,0,0,-51000,0,0,0,0,51000,-51000,-51000
065111,瀚宇博國票01購01,0,0,0,0,0,0,0,0,0,-51000,0,0,0,38000,89000,-51000,-51000
065532,台光電統一02購02,0,0,0,0,0,0,0,0,0,-51000,0,0,0,204000,255000,-51000,-51000
066451,台郡群益01購01  ,0,0,0,0,0,0,0,0,0,-51000,0,0,0,23000,74000,-51000,-51000
2851,中再保          ,40000,87000,-47000,0,0,0,0,0,0,-4000,1000,5000,-4000,0,0,0,-51000
2355,敬鵬            ,239000,264000,-25000,0,0,0,0,0,0,-26000,58000,3000,55000,38000,119000,-81000,-51000
1218,泰山            ,67000,125000,-58000,0,0,0,0,0,0,7000,0,0,0,19000,12000,7000,-51000
8131,福懋科          ,11000,61000,-50000,0,0,0,0,0,0,-1000,0,1000,-1000,0,0,0,-51000
068877,聯詠凱基03購04  ,0,0,0,0,0,0,0,0,0,-52000,0,0,0,0,52000,-52000,-52000
08117P,聯發科元富9B售04,0,0,0,0,0,0,0,0,0,-52000,0,0,0,0,52000,-52000,-52000
067005,盟立永豐01購04  ,0,0,0,0,0,0,0,0,0,-52000,0,0,0,145000,197000,-52000,-52000
058309,大毅元大99購02  ,0,0,0,0,0,0,0,0,0,-52000,0,0,0,25000,77000,-52000,-52000
059827,晶技凱基99購03  ,0,0,0,0,0,0,0,0,0,-52000,0,0,0,0,52000,-52000,-52000
062080,奇力新元大9B購02,0,0,0,0,0,0,0,0,0,-52000,0,0,0,163000,215000,-52000,-52000
060909,金像電元大9B購01,0,0,0,0,0,0,0,0,0,-52000,0,0,0,10000,62000,-52000,-52000
064009,超眾凱基01購01  ,0,0,0,0,0,0,0,0,0,-52000,0,0,0,2000,54000,-52000,-52000
061126,京元電永豐9A購02,0,0,0,0,0,0,0,0,0,-52000,0,0,0,28000,80000,-52000,-52000
065726,京元電凱基9C購02,0,0,0,0,0,0,0,0,0,-52000,0,0,0,11000,63000,-52000,-52000
066145,昇陽半群益01購01,0,0,0,0,0,0,0,0,0,-52000,0,0,0,0,52000,-52000,-52000
064401,台達電凱基06購01,0,0,0,0,0,0,0,0,0,-52000,0,0,0,1000,53000,-52000,-52000
08975P,欣興群益01售05  ,0,0,0,0,0,0,0,0,0,-52000,0,0,0,110000,162000,-52000,-52000
3209,全科            ,5000,57000,-52000,0,0,0,0,0,0,0,0,0,0,0,0,0,-52000
067202,聚陽元大01購02  ,0,0,0,0,0,0,0,0,0,-53000,0,0,0,78000,131000,-53000,-53000
067282,金像電國票02購02,0,0,0,0,0,0,0,0,0,-53000,0,0,0,20000,73000,-53000,-53000
067977,中磊群益01購02  ,0,0,0,0,0,0,0,0,0,-53000,0,0,0,5000,58000,-53000,-53000
06822P,上銀富邦99售03  ,0,0,0,0,0,0,0,0,0,-53000,0,0,0,7000,60000,-53000,-53000
067711,緯穎元富05購01  ,0,0,0,0,0,0,0,0,0,-53000,0,0,0,156000,209000,-53000,-53000
08339P,上銀統一9C售04  ,0,0,0,0,0,0,0,0,0,-53000,0,0,0,40000,93000,-53000,-53000
068454,致茂國票03購01  ,0,0,0,0,0,0,0,0,0,-53000,0,0,0,46000,99000,-53000,-53000
059856,昇陽半永豐99購03,0,0,0,0,0,0,0,0,0,-53000,0,0,0,22000,75000,-53000,-53000
056765,友達元大9B購05  ,0,0,0,0,0,0,0,0,0,-53000,0,0,0,47000,100000,-53000,-53000
03453B,臺股指元大02熊02,0,0,0,0,0,0,0,0,0,-53000,0,0,0,107000,160000,-53000,-53000
03192P,台積電國泰03售05,0,0,0,0,0,0,0,0,0,-53000,0,0,0,20000,73000,-53000,-53000
00701,國泰股利精選30  ,73000,2000,71000,0,0,0,0,0,0,-124000,104000,0,104000,205000,433000,-228000,-53000
057595,健鼎兆豐98購01  ,0,0,0,0,0,0,0,0,0,-53000,0,0,0,27000,80000,-53000,-53000
058008,禾伸堂國票99購02,0,0,0,0,0,0,0,0,0,-53000,0,0,0,0,53000,-53000,-53000
064004,全新凱基01購01  ,0,0,0,0,0,0,0,0,0,-53000,0,0,0,0,53000,-53000,-53000
064200,華通兆豐01購01  ,0,0,0,0,0,0,0,0,0,-53000,0,0,0,210000,263000,-53000,-53000
062073,國巨元大9B購06  ,0,0,0,0,0,0,0,0,0,-53000,0,0,0,80000,133000,-53000,-53000
065930,矽格國票02購01  ,0,0,0,0,0,0,0,0,0,-53000,0,0,0,23000,76000,-53000,-53000
5608,四維航          ,62000,115000,-53000,0,0,0,0,0,0,0,0,0,0,0,0,0,-53000
2707,晶華            ,58000,59000,-1000,0,0,0,0,50000,-50000,-2000,0,2000,-2000,0,0,0,-53000
08545P,南電國泰01售02  ,0,0,0,0,0,0,0,0,0,-53000,0,0,0,127000,180000,-53000,-53000
068334,玉晶光元大01購14,0,0,0,0,0,0,0,0,0,-54000,0,0,0,192000,246000,-54000,-54000
068916,聯詠群益03購02  ,0,0,0,0,0,0,0,0,0,-54000,0,0,0,0,54000,-54000,-54000
068734,瑞儀元大02購02  ,0,0,0,0,0,0,0,0,0,-54000,0,0,0,60000,114000,-54000,-54000
08094P,華新科元富9B售05,0,0,0,0,0,0,0,0,0,-54000,0,0,0,6000,60000,-54000,-54000
068075,欣興凱基01購04  ,0,0,0,0,0,0,0,0,0,-54000,0,0,0,404000,458000,-54000,-54000
058923,華新科元富99購06,0,0,0,0,0,0,0,0,0,-54000,0,0,0,0,54000,-54000,-54000
062858,微星國票9B購01  ,0,0,0,0,0,0,0,0,0,-54000,0,0,0,1000,55000,-54000,-54000
056459,茂林凱基99購01  ,0,0,0,0,0,0,0,0,0,-54000,0,0,0,1000,55000,-54000,-54000
063788,矽創統一02購01  ,0,0,0,0,0,0,0,0,0,-54000,0,0,0,11000,65000,-54000,-54000
064012,泰碩國票01購02  ,0,0,0,0,0,0,0,0,0,-54000,0,0,0,45000,99000,-54000,-54000
063894,漢唐群益9C購01  ,0,0,0,0,0,0,0,0,0,-54000,0,0,0,152000,206000,-54000,-54000
065864,光寶科群益9C購01,0,0,0,0,0,0,0,0,0,-54000,0,0,0,6000,60000,-54000,-54000
066093,世紀鋼永豐01購01,0,0,0,0,0,0,0,0,0,-54000,0,0,0,31000,85000,-54000,-54000
067952,台光電永豐01購01,0,0,0,0,0,0,0,0,0,-55000,0,0,0,92000,147000,-55000,-55000
067337,欣興凱基01購01  ,0,0,0,0,0,0,0,0,0,-55000,0,0,0,145000,200000,-55000,-55000
07672P,南電元大9A售05  ,0,0,0,0,0,0,0,0,0,-55000,0,0,0,100000,155000,-55000,-55000
068650,神隆元大02購02  ,0,0,0,0,0,0,0,0,0,-55000,0,0,0,10000,65000,-55000,-55000
068308,強茂國票01購01  ,0,0,0,0,0,0,0,0,0,-55000,0,0,0,80000,135000,-55000,-55000
063135,國巨統一9B購16  ,0,0,0,0,0,0,0,0,0,-55000,0,0,0,17000,72000,-55000,-55000
059191,茂林富邦9B購01  ,0,0,0,0,0,0,0,0,0,-55000,0,0,0,1000,56000,-55000,-55000
060715,日電貿永豐9A購01,0,0,0,0,0,0,0,0,0,-55000,0,0,0,0,55000,-55000,-55000
060470,台勝科元大9A購03,0,0,0,0,0,0,0,0,0,-55000,0,0,0,0,55000,-55000,-55000
060416,神隆永豐9A購01  ,0,0,0,0,0,0,0,0,0,-55000,0,0,0,0,55000,-55000,-55000
062428,超眾統一9B購01  ,0,0,0,0,0,0,0,0,0,-55000,0,0,0,10000,65000,-55000,-55000
063498,金像電永豐9B購02,0,0,0,0,0,0,0,0,0,-55000,0,0,0,55000,110000,-55000,-55000
063634,台光電元大9B購09,0,0,0,0,0,0,0,0,0,-55000,0,0,0,82000,137000,-55000,-55000
063233,國巨元大9B購19  ,0,0,0,0,0,0,0,0,0,-55000,0,0,0,54000,109000,-55000,-55000
063479,南六元大9B購06  ,0,0,0,0,0,0,0,0,0,-55000,0,0,0,10000,65000,-55000,-55000
066602,滬深2X富邦03購01,0,0,0,0,0,0,0,0,0,-55000,0,0,0,0,55000,-55000,-55000
066515,強茂永豐01購02  ,0,0,0,0,0,0,0,0,0,-55000,0,0,0,66000,121000,-55000,-55000
066735,智原元大01購03  ,0,0,0,0,0,0,0,0,0,-55000,0,0,0,98000,153000,-55000,-55000
064579,大立光富邦03購02,0,0,0,0,0,0,0,0,0,-55000,0,0,0,75000,130000,-55000,-55000
064936,世紀鋼統一9C購02,0,0,0,0,0,0,0,0,0,-55000,0,0,0,0,55000,-55000,-55000
064656,聚陽元大9C購03  ,0,0,0,0,0,0,0,0,0,-55000,0,0,0,88000,143000,-55000,-55000
065684,超眾統一03購01  ,0,0,0,0,0,0,0,0,0,-55000,0,0,0,0,55000,-55000,-55000
08645P,臺股指中信03售01,0,0,0,0,0,0,0,0,0,-55000,0,0,0,10000,65000,-55000,-55000
08646P,臺股指中信03售02,0,0,0,0,0,0,0,0,0,-55000,0,0,0,0,55000,-55000,-55000
2536,宏普            ,16000,81000,-65000,0,0,0,0,0,0,10000,10000,0,10000,0,0,0,-55000
3533,嘉澤            ,184000,346000,-162000,0,0,0,139000,145000,-6000,113000,21000,6000,15000,112000,14000,98000,-55000
4532,瑞智            ,264000,319000,-55000,0,0,0,0,0,0,0,0,0,0,0,0,0,-55000
9907,統一實          ,240000,295000,-55000,0,0,0,0,0,0,0,0,0,0,0,0,0,-55000
067130,泰豐永豐01購02  ,0,0,0,0,0,0,0,0,0,-56000,0,0,0,0,56000,-56000,-56000
058323,泰鼎永豐9A購01  ,0,0,0,0,0,0,0,0,0,-56000,0,0,0,122000,178000,-56000,-56000
063271,中磊兆豐9C購01  ,0,0,0,0,0,0,0,0,0,-56000,0,0,0,12000,68000,-56000,-56000
063600,燿華凱基9B購04  ,0,0,0,0,0,0,0,0,0,-56000,0,0,0,96000,152000,-56000,-56000
062049,亞德客統一01購01,0,0,0,0,0,0,0,0,0,-56000,0,0,0,40000,96000,-56000,-56000
060824,旺宏元大9A購06  ,0,0,0,0,0,0,0,0,0,-56000,0,0,0,17000,73000,-56000,-56000
060888,金像電統一9C購01,0,0,0,0,0,0,0,0,0,-56000,0,0,0,3000,59000,-56000,-56000
064277,可成元大9C購04  ,0,0,0,0,0,0,0,0,0,-56000,0,0,0,0,56000,-56000,-56000
064872,南電永豐9C購02  ,0,0,0,0,0,0,0,0,0,-56000,0,0,0,41000,97000,-56000,-56000
066551,大立光元大01購07,0,0,0,0,0,0,0,0,0,-56000,0,0,0,147000,203000,-56000,-56000
066556,和鑫元大01購01  ,0,0,0,0,0,0,0,0,0,-56000,0,0,0,28000,84000,-56000,-56000
066310,長興永豐01購01  ,0,0,0,0,0,0,0,0,0,-56000,0,0,0,0,56000,-56000,-56000
066221,康友台新01購01  ,0,0,0,0,0,0,0,0,0,-56000,0,0,0,0,56000,-56000,-56000
08936P,鴻海元大01售20  ,0,0,0,0,0,0,0,0,0,-56000,0,0,0,3000,59000,-56000,-56000
5215,科嘉-KY         ,72000,173048,-101048,0,0,0,0,15000,-15000,60000,60000,0,60000,0,0,0,-56048
067551,欣興中信02購01  ,0,0,0,0,0,0,0,0,0,-57000,0,0,0,173000,230000,-57000,-57000
068049,玉晶光統一01購13,0,0,0,0,0,0,0,0,0,-57000,0,0,0,70000,127000,-57000,-57000
03126P,旭富凱基01售04  ,0,0,0,0,0,0,0,0,0,-57000,0,0,0,20000,77000,-57000,-57000
064220,力山國票01購01  ,0,0,0,0,0,0,0,0,0,-57000,0,0,0,142000,199000,-57000,-57000
063326,正隆國票9B購01  ,0,0,0,0,0,0,0,0,0,-57000,0,0,0,58000,115000,-57000,-57000
066005,國巨統一03購01  ,0,0,0,0,0,0,0,0,0,-57000,0,0,0,4000,61000,-57000,-57000
064598,國巨元富9C購03  ,0,0,0,0,0,0,0,0,0,-57000,0,0,0,23000,80000,-57000,-57000
065289,冠德群益9C購01  ,0,0,0,0,0,0,0,0,0,-57000,0,0,0,69000,126000,-57000,-57000
065190,緯穎統一9C購02  ,0,0,0,0,0,0,0,0,0,-57000,0,0,0,350000,407000,-57000,-57000
08988P,華碩國票01售02  ,0,0,0,0,0,0,0,0,0,-57000,0,0,0,3000,60000,-57000,-57000
068203,玉晶光凱基03購03,0,0,0,0,0,0,0,0,0,-58000,0,0,0,62000,120000,-58000,-58000
067434,日月光凱基01購01,0,0,0,0,0,0,0,0,0,-58000,0,0,0,0,58000,-58000,-58000
068606,聯發科凱基01購26,0,0,0,0,0,0,0,0,0,-58000,0,0,0,12000,70000,-58000,-58000
068750,欣興群益02購01  ,0,0,0,0,0,0,0,0,0,-58000,0,0,0,91000,149000,-58000,-58000
00771,元大US高息特別股,0,0,0,0,0,0,0,0,0,-58000,0,0,0,10000,68000,-58000,-58000
048105,滬深2X群益99購02,0,0,0,0,0,0,0,0,0,-58000,0,0,0,0,58000,-58000,-58000
063167,同欣電永豐9B購03,0,0,0,0,0,0,0,0,0,-58000,0,0,0,2000,60000,-58000,-58000
062873,國巨兆豐9C購01  ,0,0,0,0,0,0,0,0,0,-58000,0,0,0,2000,60000,-58000,-58000
062736,漢唐國票9B購01  ,0,0,0,0,0,0,0,0,0,-58000,0,0,0,0,58000,-58000,-58000
063234,國巨元大9C購03  ,0,0,0,0,0,0,0,0,0,-58000,0,0,0,0,58000,-58000,-58000
061939,中租國票9B購01  ,0,0,0,0,0,0,0,0,0,-58000,0,0,0,29000,87000,-58000,-58000
064030,泰碩元大01購01  ,0,0,0,0,0,0,0,0,0,-58000,0,0,0,0,58000,-58000,-58000
060906,旺宏元大9A購07  ,0,0,0,0,0,0,0,0,0,-58000,0,0,0,2000,60000,-58000,-58000
064725,緯創統一02購01  ,0,0,0,0,0,0,0,0,0,-58000,0,0,0,157000,215000,-58000,-58000
065878,麗豐群益02購01  ,0,0,0,0,0,0,0,0,0,-58000,0,0,0,2000,60000,-58000,-58000
066161,力山凱基01購01  ,0,0,0,0,0,0,0,0,0,-58000,0,0,0,328000,386000,-58000,-58000
066383,臻鼎康和01購01  ,0,0,0,0,0,0,0,0,0,-58000,0,0,0,108000,166000,-58000,-58000
08715P,創意元富07售02  ,0,0,0,0,0,0,0,0,0,-58000,0,0,0,39000,97000,-58000,-58000
068834,大立光國泰08購01,0,0,0,0,0,0,0,0,0,-59000,0,0,0,150000,209000,-59000,-59000
067813,晶技凱基01購03  ,0,0,0,0,0,0,0,0,0,-59000,0,0,0,45000,104000,-59000,-59000
062111,台勝科國票9B購01,0,0,0,0,0,0,0,0,0,-59000,0,0,0,2000,61000,-59000,-59000
064708,帆宣永豐9C購01  ,0,0,0,0,0,0,0,0,0,-59000,0,0,0,20000,79000,-59000,-59000
065010,國巨國泰01購04  ,0,0,0,0,0,0,0,0,0,-59000,0,0,0,213000,272000,-59000,-59000
065589,景碩永豐9C購02  ,0,0,0,0,0,0,0,0,0,-59000,0,0,0,147000,206000,-59000,-59000
6670,復盛應用        ,16000,79000,-63000,0,0,0,0,0,0,4000,0,1000,-1000,5000,0,5000,-59000
067610,上緯控凱基02購01,0,0,0,0,0,0,0,0,0,-60000,0,0,0,10000,70000,-60000,-60000
06810P,國巨統一99售03  ,0,0,0,0,0,0,0,0,0,-60000,0,0,0,0,60000,-60000,-60000
067161,嘉澤國票02購01  ,0,0,0,0,0,0,0,0,0,-60000,0,0,0,0,60000,-60000,-60000
068869,光寶科中信03購01,0,0,0,0,0,0,0,0,0,-60000,0,0,0,0,60000,-60000,-60000
068751,日月光群益02購01,0,0,0,0,0,0,0,0,0,-60000,0,0,0,0,60000,-60000,-60000
07031P,台灣50中信03售02,0,0,0,0,0,0,0,0,0,-60000,0,0,0,20000,80000,-60000,-60000
08292P,華新科台新9C售01,0,0,0,0,0,0,0,0,0,-60000,0,0,0,0,60000,-60000,-60000
062466,FBVIX凱基9B購01 ,0,0,0,0,0,0,0,0,0,-60000,0,0,0,40000,100000,-60000,-60000
059059,宏達電凱基99購03,0,0,0,0,0,0,0,0,0,-60000,0,0,0,0,60000,-60000,-60000
058772,茂林兆豐9A購01  ,0,0,0,0,0,0,0,0,0,-60000,0,0,0,0,60000,-60000,-60000
058295,欣興凱基99購02  ,0,0,0,0,0,0,0,0,0,-60000,0,0,0,8000,68000,-60000,-60000
058477,億光凱基9A購01  ,0,0,0,0,0,0,0,0,0,-60000,0,0,0,46000,106000,-60000,-60000
059987,大立光元大99購28,0,0,0,0,0,0,0,0,0,-60000,0,0,0,0,60000,-60000,-60000
03694C,臺股指元大04牛08,0,0,0,0,0,0,0,0,0,-60000,0,0,0,10000,70000,-60000,-60000
03018P,華邦電群益01售03,0,0,0,0,0,0,0,0,0,-60000,0,0,0,0,60000,-60000,-60000
056127,致新國票98購02  ,0,0,0,0,0,0,0,0,0,-60000,0,0,0,0,60000,-60000,-60000
03207P,臺股指凱基03售09,0,0,0,0,0,0,0,0,0,-60000,0,0,0,0,60000,-60000,-60000
055039,神達富邦99購01  ,0,0,0,0,0,0,0,0,0,-60000,0,0,0,0,60000,-60000,-60000
059636,宏達電凱基99購05,0,0,0,0,0,0,0,0,0,-60000,0,0,0,10000,70000,-60000,-60000
057263,可成兆豐99購01  ,0,0,0,0,0,0,0,0,0,-60000,0,0,0,0,60000,-60000,-60000
061991,牧德元大9C購01  ,0,0,0,0,0,0,0,0,0,-60000,0,0,0,0,60000,-60000,-60000
061838,華新科凱基05購03,0,0,0,0,0,0,0,0,0,-60000,0,0,0,0,60000,-60000,-60000
063428,矽創凱基9B購02  ,0,0,0,0,0,0,0,0,0,-60000,0,0,0,0,60000,-60000,-60000
063436,儒鴻統一01購03  ,0,0,0,0,0,0,0,0,0,-60000,0,0,0,453000,513000,-60000,-60000
063701,燿華群益9B購02  ,0,0,0,0,0,0,0,0,0,-60000,0,0,0,0,60000,-60000,-60000
060708,康友富邦9B購01  ,0,0,0,0,0,0,0,0,0,-60000,0,0,0,0,60000,-60000,-60000
060401,世紀鋼國票9B購01,0,0,0,0,0,0,0,0,0,-60000,0,0,0,0,60000,-60000,-60000
060510,大立光元大9A購03,0,0,0,0,0,0,0,0,0,-60000,0,0,0,0,60000,-60000,-60000
062425,可成統一01購01  ,0,0,0,0,0,0,0,0,0,-60000,0,0,0,0,60000,-60000,-60000
063842,國巨元大9C購10  ,0,0,0,0,0,0,0,0,0,-60000,0,0,0,52000,112000,-60000,-60000
065375,神基元大03購01  ,0,0,0,0,0,0,0,0,0,-60000,0,0,0,100000,160000,-60000,-60000
065467,臺指反元大03購03,0,0,0,0,0,0,0,0,0,-60000,0,0,0,0,60000,-60000,-60000
064992,玉晶光兆豐01購01,0,0,0,0,0,0,0,0,0,-60000,0,0,0,120000,180000,-60000,-60000
065163,香港反元大03購01,0,0,0,0,0,0,0,0,0,-60000,0,0,0,0,60000,-60000,-60000
065309,亞光國票01購01  ,0,0,0,0,0,0,0,0,0,-60000,0,0,0,0,60000,-60000,-60000
064618,南亞科元大9C購04,0,0,0,0,0,0,0,0,0,-60000,0,0,0,8000,68000,-60000,-60000
064968,道瓊銀元大01購02,0,0,0,0,0,0,0,0,0,-60000,0,0,0,0,60000,-60000,-60000
064489,宏碁元大9C購01  ,0,0,0,0,0,0,0,0,0,-60000,0,0,0,14000,74000,-60000,-60000
066438,南紡群益01購01  ,0,0,0,0,0,0,0,0,0,-60000,0,0,0,30000,90000,-60000,-60000
066000,奇鋐國票02購01  ,0,0,0,0,0,0,0,0,0,-60000,0,0,0,1000,61000,-60000,-60000
08468P,台郡統一9C售02  ,0,0,0,0,0,0,0,0,0,-60000,0,0,0,0,60000,-60000,-60000
08928P,漢唐元富07售02  ,0,0,0,0,0,0,0,0,0,-60000,0,0,0,0,60000,-60000,-60000
08271P,華通元富9C售01  ,0,0,0,0,0,0,0,0,0,-61000,0,0,0,24000,85000,-61000,-61000
07653P,華新科群益9A售05,0,0,0,0,0,0,0,0,0,-61000,0,0,0,0,61000,-61000,-61000
067261,樺漢國票02購01  ,0,0,0,0,0,0,0,0,0,-61000,0,0,0,149000,210000,-61000,-61000
067042,旺宏凱基01購02  ,0,0,0,0,0,0,0,0,0,-61000,0,0,0,17000,78000,-61000,-61000
068185,嘉聯益群益01購01,0,0,0,0,0,0,0,0,0,-61000,0,0,0,166000,227000,-61000,-61000
03191P,國巨國泰03售02  ,0,0,0,0,0,0,0,0,0,-61000,0,0,0,0,61000,-61000,-61000
03234P,技嘉元大02售01  ,0,0,0,0,0,0,0,0,0,-61000,0,0,0,51000,112000,-61000,-61000
03078P,上銀統一01售05  ,0,0,0,0,0,0,0,0,0,-61000,0,0,0,0,61000,-61000,-61000
060681,華擎元大9A購02  ,0,0,0,0,0,0,0,0,0,-61000,0,0,0,25000,86000,-61000,-61000
063729,國巨元大9C購08  ,0,0,0,0,0,0,0,0,0,-61000,0,0,0,37000,98000,-61000,-61000
061915,T50反1凱基02購02,0,0,0,0,0,0,0,0,0,-61000,0,0,0,124000,185000,-61000,-61000
062182,華新科元大9B購07,0,0,0,0,0,0,0,0,0,-61000,0,0,0,0,61000,-61000,-61000
062275,燿華群益9B購01  ,0,0,0,0,0,0,0,0,0,-61000,0,0,0,107000,168000,-61000,-61000
066086,東元永豐01購01  ,0,0,0,0,0,0,0,0,0,-61000,0,0,0,12000,73000,-61000,-61000
066525,創意統一03購01  ,0,0,0,0,0,0,0,0,0,-61000,0,0,0,231000,292000,-61000,-61000
065188,玉晶光統一02購01,0,0,0,0,0,0,0,0,0,-61000,0,0,0,12000,73000,-61000,-61000
08929P,可成元富07售04  ,0,0,0,0,0,0,0,0,0,-61000,0,0,0,91000,152000,-61000,-61000
067784,富邦金群益02購01,0,0,0,0,0,0,0,0,0,-62000,0,0,0,162000,224000,-62000,-62000
067081,華擎元大01購05  ,0,0,0,0,0,0,0,0,0,-62000,0,0,0,340000,402000,-62000,-62000
03045P,台表科國票03售01,0,0,0,0,0,0,0,0,0,-62000,0,0,0,0,62000,-62000,-62000
00770,國泰北美科技    ,0,0,0,0,0,0,0,0,0,-62000,0,0,0,4000,66000,-62000,-62000
057102,亞光中信9A購01  ,0,0,0,0,0,0,0,0,0,-62000,0,0,0,6000,68000,-62000,-62000
059889,華新科國票99購04,0,0,0,0,0,0,0,0,0,-62000,0,0,0,0,62000,-62000,-62000
062769,臺股指凱基9B購13,0,0,0,0,0,0,0,0,0,-62000,0,0,0,0,62000,-62000,-62000
062824,國巨群益9C購03  ,0,0,0,0,0,0,0,0,0,-62000,0,0,0,0,62000,-62000,-62000
062203,燿華國票9C購01  ,0,0,0,0,0,0,0,0,0,-62000,0,0,0,59000,121000,-62000,-62000
061947,旺宏群益9B購02  ,0,0,0,0,0,0,0,0,0,-62000,0,0,0,1000,63000,-62000,-62000
061693,華新科群益9B購02,0,0,0,0,0,0,0,0,0,-62000,0,0,0,0,62000,-62000,-62000
063832,矽創國票01購01  ,0,0,0,0,0,0,0,0,0,-62000,0,0,0,0,62000,-62000,-62000
064142,國巨統一9C購13  ,0,0,0,0,0,0,0,0,0,-62000,0,0,0,5000,67000,-62000,-62000
063899,同欣電群益9C購01,0,0,0,0,0,0,0,0,0,-62000,0,0,0,0,62000,-62000,-62000
065605,義隆元大01購02  ,0,0,0,0,0,0,0,0,0,-62000,0,0,0,75000,137000,-62000,-62000
065724,國巨凱基9C購11  ,0,0,0,0,0,0,0,0,0,-62000,0,0,0,10000,72000,-62000,-62000
08969P,臺股指元大01售12,0,0,0,0,0,0,0,0,0,-62000,0,0,0,1000,63000,-62000,-62000
4551,智伸科          ,32000,30000,2000,0,0,0,0,10000,-10000,-54000,0,0,0,7000,61000,-54000,-62000
068794,欣興凱基02購04  ,0,0,0,0,0,0,0,0,0,-63000,0,0,0,0,63000,-63000,-63000
068821,聯詠元大02購01  ,0,0,0,0,0,0,0,0,0,-63000,0,0,0,299000,362000,-63000,-63000
068717,華通元大02購04  ,0,0,0,0,0,0,0,0,0,-63000,0,0,0,246000,309000,-63000,-63000
059358,旺宏永豐99購02  ,0,0,0,0,0,0,0,0,0,-63000,0,0,0,0,63000,-63000,-63000
063147,東元元富9B購01  ,0,0,0,0,0,0,0,0,0,-63000,0,0,0,31000,94000,-63000,-63000
058746,華通凱基9A購02  ,0,0,0,0,0,0,0,0,0,-63000,0,0,0,0,63000,-63000,-63000
060213,牧德康和9A購01  ,0,0,0,0,0,0,0,0,0,-63000,0,0,0,32000,95000,-63000,-63000
057535,泰鼎元大99購01  ,0,0,0,0,0,0,0,0,0,-63000,0,0,0,90000,153000,-63000,-63000
03224P,鴻海凱基03售06  ,0,0,0,0,0,0,0,0,0,-63000,0,0,0,0,63000,-63000,-63000
03132P,玉晶光台新01售01,0,0,0,0,0,0,0,0,0,-63000,0,0,0,95000,158000,-63000,-63000
061582,麗豐元大9A購01  ,0,0,0,0,0,0,0,0,0,-63000,0,0,0,0,63000,-63000,-63000
062982,同欣電元富9B購01,0,0,0,0,0,0,0,0,0,-63000,0,0,0,0,63000,-63000,-63000
065744,華新元大9C購01  ,0,0,0,0,0,0,0,0,0,-63000,0,0,0,103000,166000,-63000,-63000
065520,台勝科群益9C購03,0,0,0,0,0,0,0,0,0,-63000,0,0,0,1000,64000,-63000,-63000
065109,台勝科國票01購01,0,0,0,0,0,0,0,0,0,-63000,0,0,0,0,63000,-63000,-63000
1531,高林股          ,5000,68000,-63000,0,0,0,0,0,0,0,0,0,0,0,0,0,-63000
08557P,臺股指中信01售09,0,0,0,0,0,0,0,0,0,-63000,0,0,0,60000,123000,-63000,-63000
08597P,聯發科元大9C售18,0,0,0,0,0,0,0,0,0,-63000,0,0,0,200000,263000,-63000,-63000
07913P,友達元大01售01  ,0,0,0,0,0,0,0,0,0,-64000,0,0,0,0,64000,-64000,-64000
067688,南六元大01購06  ,0,0,0,0,0,0,0,0,0,-64000,0,0,0,395000,459000,-64000,-64000
057787,TPK國票99購01   ,0,0,0,0,0,0,0,0,0,-64000,0,0,0,101000,165000,-64000,-64000
059387,華通凱基9A購03  ,0,0,0,0,0,0,0,0,0,-64000,0,0,0,10000,74000,-64000,-64000
060130,瀚宇博永豐99購02,0,0,0,0,0,0,0,0,0,-64000,0,0,0,0,64000,-64000,-64000
060275,元黃金元大9A購01,0,0,0,0,0,0,0,0,0,-64000,0,0,0,0,64000,-64000,-64000
062757,華通凱基9B購02  ,0,0,0,0,0,0,0,0,0,-64000,0,0,0,25000,89000,-64000,-64000
063462,金像電元大9C購01,0,0,0,0,0,0,0,0,0,-64000,0,0,0,10000,74000,-64000,-64000
063515,香港2X凱基01購01,0,0,0,0,0,0,0,0,0,-64000,0,0,0,0,64000,-64000,-64000
062166,致新國泰01購01  ,0,0,0,0,0,0,0,0,0,-64000,0,0,0,6000,70000,-64000,-64000
062148,奇鋐國票9B購01  ,0,0,0,0,0,0,0,0,0,-64000,0,0,0,38000,102000,-64000,-64000
06505P,康控國票99售02  ,0,0,0,0,0,0,0,0,0,-64000,0,0,0,80000,144000,-64000,-64000
065304,台勝科元富03購01,0,0,0,0,0,0,0,0,0,-64000,0,0,0,0,64000,-64000,-64000
065470,聚陽元大01購01  ,0,0,0,0,0,0,0,0,0,-64000,0,0,0,50000,114000,-64000,-64000
064729,聯茂統一02購02  ,0,0,0,0,0,0,0,0,0,-64000,0,0,0,30000,94000,-64000,-64000
066323,精元永豐01購01  ,0,0,0,0,0,0,0,0,0,-64000,0,0,0,51000,115000,-64000,-64000
066459,智原統一01購01  ,0,0,0,0,0,0,0,0,0,-64000,0,0,0,73000,137000,-64000,-64000
066496,大立光國泰03購01,0,0,0,0,0,0,0,0,0,-64000,0,0,0,2000,66000,-64000,-64000
066374,臺股指中信04購01,0,0,0,0,0,0,0,0,0,-64000,0,0,0,157000,221000,-64000,-64000
08563P,金像電元富9C售03,0,0,0,0,0,0,0,0,0,-64000,0,0,0,86000,150000,-64000,-64000
068887,新唐統一02購01  ,0,0,0,0,0,0,0,0,0,-65000,0,0,0,0,65000,-65000,-65000
068337,同欣電元大01購05,0,0,0,0,0,0,0,0,0,-65000,0,0,0,35000,100000,-65000,-65000
068556,道瓊銀元大03購01,0,0,0,0,0,0,0,0,0,-65000,0,0,0,0,65000,-65000,-65000
059425,SGBR2X元大9A購02,0,0,0,0,0,0,0,0,0,-65000,0,0,0,16000,81000,-65000,-65000
060204,矽創元富9A購01  ,0,0,0,0,0,0,0,0,0,-65000,0,0,0,0,65000,-65000,-65000
060234,凱美元大9C購01  ,0,0,0,0,0,0,0,0,0,-65000,0,0,0,50000,115000,-65000,-65000
058188,華擎永豐99購01  ,0,0,0,0,0,0,0,0,0,-65000,0,0,0,108000,173000,-65000,-65000
055891,鴻海統一9A購01  ,0,0,0,0,0,0,0,0,0,-65000,0,0,0,0,65000,-65000,-65000
064136,致新元大9C購01  ,0,0,0,0,0,0,0,0,0,-65000,0,0,0,193000,258000,-65000,-65000
062057,華邦電統一01購01,0,0,0,0,0,0,0,0,0,-65000,0,0,0,95000,160000,-65000,-65000
064370,聯茂統一02購01  ,0,0,0,0,0,0,0,0,0,-65000,0,0,0,0,65000,-65000,-65000
064287,日月光元大9C購01,0,0,0,0,0,0,0,0,0,-65000,0,0,0,31000,96000,-65000,-65000
06564P,國巨富邦9A售04  ,0,0,0,0,0,0,0,0,0,-65000,0,0,0,0,65000,-65000,-65000
065204,神隆國票01購01  ,0,0,0,0,0,0,0,0,0,-65000,0,0,0,0,65000,-65000,-65000
2609,陽明            ,39000,104000,-65000,0,0,0,0,0,0,0,0,0,0,0,0,0,-65000
068098,同欣電富邦01購02,0,0,0,0,0,0,0,0,0,-66000,0,0,0,0,66000,-66000,-66000
03112P,GIS元大01售03   ,0,0,0,0,0,0,0,0,0,-66000,0,0,0,82000,148000,-66000,-66000
059061,晶技凱基9A購01  ,0,0,0,0,0,0,0,0,0,-66000,0,0,0,21000,87000,-66000,-66000
062602,華通麥證9C購01  ,0,0,0,306000,372000,-66000,0,0,0,-66000,0,0,0,306000,372000,-66000,-66000
061273,臺股指凱基9A購23,0,0,0,0,0,0,0,0,0,-66000,0,0,0,30000,96000,-66000,-66000
062105,國巨國票9C購03  ,0,0,0,0,0,0,0,0,0,-66000,0,0,0,0,66000,-66000,-66000
063427,南六凱基9B購04  ,0,0,0,0,0,0,0,0,0,-66000,0,0,0,18000,84000,-66000,-66000
065149,遠東新群益9C購01,0,0,0,0,0,0,0,0,0,-66000,0,0,0,2000,68000,-66000,-66000
065420,中租國票01購01  ,0,0,0,0,0,0,0,0,0,-66000,0,0,0,22000,88000,-66000,-66000
064518,華新科群益02購01,0,0,0,0,0,0,0,0,0,-66000,0,0,0,0,66000,-66000,-66000
064907,緯穎群益9C購02  ,0,0,0,0,0,0,0,0,0,-66000,0,0,0,51000,117000,-66000,-66000
066685,T50反1元富07購02,0,0,0,0,0,0,0,0,0,-66000,0,0,0,240000,306000,-66000,-66000
066114,瑞昱兆豐02購01  ,0,0,0,0,0,0,0,0,0,-66000,0,0,0,201000,267000,-66000,-66000
065699,南亞科群益9C購02,0,0,0,0,0,0,0,0,0,-66000,0,0,0,14000,80000,-66000,-66000
068092,聯發科群益01購10,0,0,0,0,0,0,0,0,0,-67000,0,0,0,91000,158000,-67000,-67000
059826,欣興凱基99購06  ,0,0,0,0,0,0,0,0,0,-67000,0,0,0,0,67000,-67000,-67000
063645,瑞儀元大9B購02  ,0,0,0,0,0,0,0,0,0,-67000,0,0,0,2000,69000,-67000,-67000
063621,華新科兆豐9B購02,0,0,0,0,0,0,0,0,0,-67000,0,0,0,0,67000,-67000,-67000
063012,技嘉元大9B購01  ,0,0,0,0,0,0,0,0,0,-67000,0,0,0,1000,68000,-67000,-67000
066220,矽格台新01購01  ,0,0,0,0,0,0,0,0,0,-67000,0,0,0,11000,78000,-67000,-67000
066654,上証2X凱基03購02,0,0,0,0,0,0,0,0,0,-67000,0,0,0,60000,127000,-67000,-67000
064927,瀚宇博統一02購01,0,0,0,0,0,0,0,0,0,-67000,0,0,0,126000,193000,-67000,-67000
064486,聚陽元大9C購01  ,0,0,0,0,0,0,0,0,0,-67000,0,0,0,20000,87000,-67000,-67000
6214,精誠            ,105000,119000,-14000,0,0,0,0,0,0,-53000,14000,67000,-53000,0,0,0,-67000
08517P,奇力新群益9C售03,0,0,0,0,0,0,0,0,0,-67000,0,0,0,0,67000,-67000,-67000
08968P,台表科元大01售04,0,0,0,0,0,0,0,0,0,-67000,0,0,0,5000,72000,-67000,-67000
067504,鴻海統一01購07  ,0,0,0,0,0,0,0,0,0,-68000,0,0,0,2000,70000,-68000,-68000
068718,台積電元大02購12,0,0,0,0,0,0,0,0,0,-68000,0,0,0,12000,80000,-68000,-68000
051597,T50反1中信99購02,0,0,0,0,0,0,0,0,0,-68000,0,0,0,0,68000,-68000,-68000
03148P,聯電群益03售04  ,0,0,0,0,0,0,0,0,0,-68000,0,0,0,57000,125000,-68000,-68000
059058,可成凱基9B購01  ,0,0,0,0,0,0,0,0,0,-68000,0,0,0,0,68000,-68000,-68000
059116,晶豪科永豐99購01,0,0,0,0,0,0,0,0,0,-68000,0,0,0,0,68000,-68000,-68000
063183,國巨凱基9B購12  ,0,0,0,0,0,0,0,0,0,-68000,0,0,0,0,68000,-68000,-68000
057626,技嘉富邦9A購01  ,0,0,0,0,0,0,0,0,0,-68000,0,0,0,80000,148000,-68000,-68000
058555,矽創永豐9A購01  ,0,0,0,0,0,0,0,0,0,-68000,0,0,0,0,68000,-68000,-68000
062968,仁寶元富9B購01  ,0,0,0,0,0,0,0,0,0,-68000,0,0,0,66000,134000,-68000,-68000
063779,華邦電永豐9B購01,0,0,0,0,0,0,0,0,0,-68000,0,0,0,0,68000,-68000,-68000
062179,旺宏元大9B購05  ,0,0,0,0,0,0,0,0,0,-68000,0,0,0,0,68000,-68000,-68000
061070,超眾凱基9C購01  ,0,0,0,0,0,0,0,0,0,-68000,0,0,0,0,68000,-68000,-68000
064365,美食統一01購02  ,0,0,0,0,0,0,0,0,0,-68000,0,0,0,0,68000,-68000,-68000
064904,茂林群益9C購02  ,0,0,0,0,0,0,0,0,0,-68000,0,0,0,65000,133000,-68000,-68000
064703,T50反1國泰01購01,0,0,0,0,0,0,0,0,0,-68000,0,0,0,0,68000,-68000,-68000
065671,大立光凱基9C購07,0,0,0,0,0,0,0,0,0,-68000,0,0,0,50000,118000,-68000,-68000
065036,世芯統一02購02  ,0,0,0,0,0,0,0,0,0,-68000,0,0,0,67000,135000,-68000,-68000
1325,恆大            ,1000,74000,-73000,0,0,0,0,0,0,5000,5000,0,5000,0,0,0,-68000
1702,南僑            ,12000,61000,-49000,0,0,0,0,0,0,-19000,0,0,0,0,19000,-19000,-68000
068695,台積電凱基02購13,0,0,0,0,0,0,0,0,0,-69000,0,0,0,0,69000,-69000,-69000
068576,台積電國泰03購07,0,0,0,0,0,0,0,0,0,-69000,0,0,0,112000,181000,-69000,-69000
068597,聯電凱基03購04  ,0,0,0,0,0,0,0,0,0,-69000,0,0,0,25000,94000,-69000,-69000
07875P,祥碩群益9B售01  ,0,0,0,0,0,0,0,0,0,-69000,0,0,0,470000,539000,-69000,-69000
058372,欣興凱基99購03  ,0,0,0,0,0,0,0,0,0,-69000,0,0,0,10000,79000,-69000,-69000
058184,鴻海永豐99購01  ,0,0,0,0,0,0,0,0,0,-69000,0,0,0,11000,80000,-69000,-69000
063169,台汽電永豐9B購01,0,0,0,0,0,0,0,0,0,-69000,0,0,0,0,69000,-69000,-69000
061996,矽格元大9B購01  ,0,0,0,0,0,0,0,0,0,-69000,0,0,0,0,69000,-69000,-69000
03458B,臺股指元大04熊07,0,0,0,0,0,0,0,0,0,-69000,0,0,0,0,69000,-69000,-69000
03189P,玉晶光元大03售05,0,0,0,0,0,0,0,0,0,-69000,0,0,0,2000,71000,-69000,-69000
00648R,元大S&P500反1   ,0,0,0,0,0,0,0,0,0,-69000,0,0,0,316000,385000,-69000,-69000
064216,矽格凱基01購01  ,0,0,0,0,0,0,0,0,0,-69000,0,0,0,5000,74000,-69000,-69000
062434,華通元大9B購04  ,0,0,0,0,0,0,0,0,0,-69000,0,0,0,372000,441000,-69000,-69000
062358,國巨元大9B購12  ,0,0,0,0,0,0,0,0,0,-69000,0,0,0,2000,71000,-69000,-69000
060571,京元電永豐9A購01,0,0,0,0,0,0,0,0,0,-69000,0,0,0,12000,81000,-69000,-69000
063420,奇力新凱基9B購03,0,0,0,0,0,0,0,0,0,-69000,0,0,0,27000,96000,-69000,-69000
063061,華新科元富9B購04,0,0,0,0,0,0,0,0,0,-69000,0,0,0,0,69000,-69000,-69000
063035,燿華凱基9B購02  ,0,0,0,0,0,0,0,0,0,-69000,0,0,0,55000,124000,-69000,-69000
065661,智原永豐9C購01  ,0,0,0,0,0,0,0,0,0,-69000,0,0,0,14000,83000,-69000,-69000
064342,晶技元大9C購01  ,0,0,0,0,0,0,0,0,0,-69000,0,0,0,80000,149000,-69000,-69000
064330,燿華元大9C購02  ,0,0,0,0,0,0,0,0,0,-69000,0,0,0,112000,181000,-69000,-69000
065700,京元電群益9C購01,0,0,0,0,0,0,0,0,0,-69000,0,0,0,314000,383000,-69000,-69000
08934P,鴻海元大01售18  ,0,0,0,0,0,0,0,0,0,-69000,0,0,0,0,69000,-69000,-69000
08734P,創意康和01售02  ,0,0,0,0,0,0,0,0,0,-69000,0,0,0,31000,100000,-69000,-69000
08006P,長榮航中信03售01,0,0,0,0,0,0,0,0,0,-70000,0,0,0,30000,100000,-70000,-70000
08348P,貿聯元大9C售01  ,0,0,0,0,0,0,0,0,0,-70000,0,0,0,100000,170000,-70000,-70000
068847,台積電統一06購01,0,0,0,0,0,0,0,0,0,-70000,0,0,0,0,70000,-70000,-70000
067444,國巨國票03購01  ,0,0,0,0,0,0,0,0,0,-70000,0,0,0,36000,106000,-70000,-70000
067287,瀚宇博國票02購01,0,0,0,0,0,0,0,0,0,-70000,0,0,0,0,70000,-70000,-70000
067794,臺股指群益01購06,0,0,0,0,0,0,0,0,0,-70000,0,0,0,0,70000,-70000,-70000
03071P,GIS群益01售02   ,0,0,0,0,0,0,0,0,0,-70000,0,0,0,0,70000,-70000,-70000
055736,宏達電元富99購01,0,0,0,0,0,0,0,0,0,-70000,0,0,0,0,70000,-70000,-70000
03154P,華新科群益01售07,0,0,0,0,0,0,0,0,0,-70000,0,0,0,0,70000,-70000,-70000
053317,友達群益9A購02  ,0,0,0,0,0,0,0,0,0,-70000,0,0,0,0,70000,-70000,-70000
058837,SGBR2X中信9C購01,0,0,0,0,0,0,0,0,0,-70000,0,0,0,0,70000,-70000,-70000
060300,佐登國泰9B購01  ,0,0,0,0,0,0,0,0,0,-70000,0,0,0,0,70000,-70000,-70000
058017,漢唐凱基99購01  ,0,0,0,0,0,0,0,0,0,-70000,0,0,0,0,70000,-70000,-70000
058075,貿聯凱基99購02  ,0,0,0,0,0,0,0,0,0,-70000,0,0,0,0,70000,-70000,-70000
063406,麗豐國票9C購01  ,0,0,0,0,0,0,0,0,0,-70000,0,0,0,10000,80000,-70000,-70000
063467,大立光元大9C購06,0,0,0,0,0,0,0,0,0,-70000,0,0,0,35000,105000,-70000,-70000
063563,國巨元大9C購07  ,0,0,0,0,0,0,0,0,0,-70000,0,0,0,80000,150000,-70000,-70000
061840,長榮航凱基9C購01,0,0,0,0,0,0,0,0,0,-70000,0,0,0,0,70000,-70000,-70000
061104,華新科元大9A購13,0,0,0,0,0,0,0,0,0,-70000,0,0,0,0,70000,-70000,-70000
063913,貿聯凱基02購01  ,0,0,0,0,0,0,0,0,0,-70000,0,0,0,0,70000,-70000,-70000
065761,中租元大9C購02  ,0,0,0,0,0,0,0,0,0,-70000,0,0,0,100000,170000,-70000,-70000
066326,敦陽科永豐01購01,0,0,0,0,0,0,0,0,0,-70000,0,0,0,0,70000,-70000,-70000
066064,T50反1凱基03購03,0,0,0,0,0,0,0,0,0,-70000,0,0,0,0,70000,-70000,-70000
066630,東森凱基01購01  ,0,0,0,0,0,0,0,0,0,-70000,0,0,0,0,70000,-70000,-70000
065367,技嘉元大01購01  ,0,0,0,0,0,0,0,0,0,-70000,0,0,0,4000,74000,-70000,-70000
065316,大成鋼凱基9C購01,0,0,0,0,0,0,0,0,0,-70000,0,0,0,0,70000,-70000,-70000
08598P,立積元大9C售04  ,0,0,0,0,0,0,0,0,0,-70000,0,0,0,79000,149000,-70000,-70000
2420,新巨            ,9000,78000,-69000,0,0,0,0,0,0,-1000,0,1000,-1000,0,0,0,-70000
067865,友達元大01購02  ,0,0,0,0,0,0,0,0,0,-71000,0,0,0,90000,161000,-71000,-71000
067254,華擎國票02購02  ,0,0,0,0,0,0,0,0,0,-71000,0,0,0,0,71000,-71000,-71000
068837,欣興永豐02購02  ,0,0,0,0,0,0,0,0,0,-71000,0,0,0,0,71000,-71000,-71000
068561,台積電元大01購52,0,0,0,0,0,0,0,0,0,-71000,0,0,0,25000,96000,-71000,-71000
068925,欣興國泰04購01  ,0,0,0,0,0,0,0,0,0,-71000,0,0,0,0,71000,-71000,-71000
060220,華新科凱基9A購08,0,0,0,0,0,0,0,0,0,-71000,0,0,0,0,71000,-71000,-71000
058622,國巨國票99購07  ,0,0,0,0,0,0,0,0,0,-71000,0,0,0,14000,85000,-71000,-71000
059931,緯穎富邦9A購01  ,0,0,0,0,0,0,0,0,0,-71000,0,0,0,0,71000,-71000,-71000
061240,華新科兆豐9A購01,0,0,0,0,0,0,0,0,0,-71000,0,0,0,0,71000,-71000,-71000
060877,華邦電中信02購01,0,0,0,0,0,0,0,0,0,-71000,0,0,0,19000,90000,-71000,-71000
060896,晶技凱基9A購02  ,0,0,0,0,0,0,0,0,0,-71000,0,0,0,5000,76000,-71000,-71000
065677,南亞科統一03購02,0,0,0,0,0,0,0,0,0,-71000,0,0,0,12000,83000,-71000,-71000
064543,華通凱基02購02  ,0,0,0,0,0,0,0,0,0,-71000,0,0,0,3000,74000,-71000,-71000
08931P,晶技元富07售02  ,0,0,0,0,0,0,0,0,0,-71000,0,0,0,0,71000,-71000,-71000
08951P,臺股指國票01售08,0,0,0,0,0,0,0,0,0,-71000,0,0,0,86000,157000,-71000,-71000
1707,葡萄王          ,47000,65000,-18000,0,0,0,0,60000,-60000,7000,0,0,0,7000,0,7000,-71000
058854,樺漢群益9B購01  ,0,0,0,0,0,0,0,0,0,-72000,0,0,0,1000,73000,-72000,-72000
058570,臻鼎凱基9A購01  ,0,0,0,0,0,0,0,0,0,-72000,0,0,0,0,72000,-72000,-72000
064061,GIS麥證01購01   ,0,0,0,35000,107000,-72000,0,0,0,-72000,0,0,0,35000,107000,-72000,-72000
063993,華通群益01購01  ,0,0,0,0,0,0,0,0,0,-72000,0,0,0,19000,91000,-72000,-72000
061565,滬深2X元大9A購08,0,0,0,0,0,0,0,0,0,-72000,0,0,0,0,72000,-72000,-72000
063499,金像電永豐9B購03,0,0,0,0,0,0,0,0,0,-72000,0,0,0,63000,135000,-72000,-72000
065557,中磊凱基9C購01  ,0,0,0,0,0,0,0,0,0,-72000,0,0,0,5000,77000,-72000,-72000
065392,華通群益01購02  ,0,0,0,0,0,0,0,0,0,-72000,0,0,0,66000,138000,-72000,-72000
066023,燿華群益01購02  ,0,0,0,0,0,0,0,0,0,-72000,0,0,0,44000,116000,-72000,-72000
065989,泰碩永豐01購01  ,0,0,0,0,0,0,0,0,0,-72000,0,0,0,20000,92000,-72000,-72000
068357,富邦金凱基01購01,0,0,0,0,0,0,0,0,0,-73000,0,0,0,100000,173000,-73000,-73000
068720,台積電元大02購14,0,0,0,0,0,0,0,0,0,-73000,0,0,0,24000,97000,-73000,-73000
068093,達欣工群益01購01,0,0,0,0,0,0,0,0,0,-73000,0,0,0,0,73000,-73000,-73000
068149,旺宏元大01購05  ,0,0,0,0,0,0,0,0,0,-73000,0,0,0,0,73000,-73000,-73000
058318,致茂永豐9A購01  ,0,0,0,0,0,0,0,0,0,-73000,0,0,0,2000,75000,-73000,-73000
060033,臻鼎永豐99購01  ,0,0,0,0,0,0,0,0,0,-73000,0,0,0,0,73000,-73000,-73000
063713,麗豐凱基9B購01  ,0,0,0,0,0,0,0,0,0,-73000,0,0,0,0,73000,-73000,-73000
063238,漢唐元大9B購02  ,0,0,0,0,0,0,0,0,0,-73000,0,0,0,50000,123000,-73000,-73000
061084,京元電兆豐9A購02,0,0,0,0,0,0,0,0,0,-73000,0,0,0,20000,93000,-73000,-73000
062032,崇越群益9B購01  ,0,0,0,0,0,0,0,0,0,-73000,0,0,0,0,73000,-73000,-73000
062633,亞光國票9B購01  ,0,0,0,0,0,0,0,0,0,-73000,0,0,0,0,73000,-73000,-73000
065037,緯穎統一02購02  ,0,0,0,0,0,0,0,0,0,-73000,0,0,0,1000,74000,-73000,-73000
5519,隆大            ,136000,209000,-73000,0,0,0,0,0,0,0,0,0,0,0,0,0,-73000
3576,聯合再生        ,863000,936000,-73000,0,0,0,0,0,0,0,0,0,0,0,0,0,-73000
068174,華新科中信01購01,0,0,0,0,0,0,0,0,0,-74000,0,0,0,19000,93000,-74000,-74000
067262,嘉基國票02購01  ,0,0,0,0,0,0,0,0,0,-74000,0,0,0,115000,189000,-74000,-74000
068757,亞德客永豐02購01,0,0,0,0,0,0,0,0,0,-74000,0,0,0,12000,86000,-74000,-74000
068431,華通凱基03購02  ,0,0,0,0,0,0,0,0,0,-74000,0,0,0,27000,101000,-74000,-74000
058011,台虹國票99購01  ,0,0,0,0,0,0,0,0,0,-74000,0,0,0,0,74000,-74000,-74000
058390,樺漢國票9A購01  ,0,0,0,0,0,0,0,0,0,-74000,0,0,0,9000,83000,-74000,-74000
063030,華通凱基9B購03  ,0,0,0,0,0,0,0,0,0,-74000,0,0,0,30000,104000,-74000,-74000
061599,元金反中信9C購01,0,0,0,0,0,0,0,0,0,-74000,0,0,0,0,74000,-74000,-74000
065130,奇鋐兆豐9C購01  ,0,0,0,0,0,0,0,0,0,-74000,0,0,0,4000,78000,-74000,-74000
065649,牧德元大03購01  ,0,0,0,0,0,0,0,0,0,-74000,0,0,0,30000,104000,-74000,-74000
065828,大立光凱基06購01,0,0,0,0,0,0,0,0,0,-74000,0,0,0,13000,87000,-74000,-74000
066426,台勝科元大01購02,0,0,0,0,0,0,0,0,0,-74000,0,0,0,1000,75000,-74000,-74000
3003,健和興          ,106000,178000,-72000,0,0,0,0,0,0,-2000,0,1000,-1000,0,1000,-1000,-74000
068637,長榮航凱基03購01,0,0,0,0,0,0,0,0,0,-75000,0,0,0,0,75000,-75000,-75000
08092P,仁寶元富9B售02  ,0,0,0,0,0,0,0,0,0,-75000,0,0,0,127000,202000,-75000,-75000
067734,亞德客元大01購03,0,0,0,0,0,0,0,0,0,-75000,0,0,0,231000,306000,-75000,-75000
058516,健鼎元大99購02  ,0,0,0,0,0,0,0,0,0,-75000,0,0,0,100000,175000,-75000,-75000
060288,群光元大9C購01  ,0,0,0,0,0,0,0,0,0,-75000,0,0,0,484000,559000,-75000,-75000
062867,東元中信9B購01  ,0,0,0,0,0,0,0,0,0,-75000,0,0,0,0,75000,-75000,-75000
057243,樺漢凱基99購01  ,0,0,0,0,0,0,0,0,0,-75000,0,0,0,5000,80000,-75000,-75000
056547,臻鼎凱基99購01  ,0,0,0,0,0,0,0,0,0,-75000,0,0,0,20000,95000,-75000,-75000
061690,旺宏群益9A購05  ,0,0,0,0,0,0,0,0,0,-75000,0,0,0,0,75000,-75000,-75000
060840,可成國票9B購01  ,0,0,0,0,0,0,0,0,0,-75000,0,0,0,0,75000,-75000,-75000
066569,帆宣元大01購02  ,0,0,0,0,0,0,0,0,0,-75000,0,0,0,3000,78000,-75000,-75000
065284,旺宏群益9C購03  ,0,0,0,0,0,0,0,0,0,-75000,0,0,0,0,75000,-75000,-75000
064305,健鼎兆豐9C購02  ,0,0,0,0,0,0,0,0,0,-75000,0,0,0,15000,90000,-75000,-75000
064846,旺宏元富03購01  ,0,0,0,0,0,0,0,0,0,-75000,0,0,0,0,75000,-75000,-75000
1903,士紙            ,1000,76000,-75000,0,0,0,0,0,0,0,0,0,0,0,0,0,-75000
08650P,臺股指元大9C售36,0,0,0,0,0,0,0,0,0,-75000,0,0,0,0,75000,-75000,-75000
058817,嘉聯益台新99購01,0,0,0,0,0,0,0,0,0,-76000,0,0,0,356000,432000,-76000,-76000
062379,致新元大9B購01  ,0,0,0,0,0,0,0,0,0,-76000,0,0,0,141000,217000,-76000,-76000
064218,南六凱基01購01  ,0,0,0,0,0,0,0,0,0,-76000,0,0,0,34000,110000,-76000,-76000
062165,聯茂國泰01購01  ,0,0,0,0,0,0,0,0,0,-76000,0,0,0,32000,108000,-76000,-76000
064788,台汽電群益9C購01,0,0,0,0,0,0,0,0,0,-76000,0,0,0,0,76000,-76000,-76000
064574,達方群益01購01  ,0,0,0,0,0,0,0,0,0,-76000,0,0,0,80000,156000,-76000,-76000
065368,技嘉元大9C購04  ,0,0,0,0,0,0,0,0,0,-76000,0,0,0,6000,82000,-76000,-76000
066570,力成元大02購01  ,0,0,0,0,0,0,0,0,0,-76000,0,0,0,40000,116000,-76000,-76000
066604,台郡富邦04購01  ,0,0,0,0,0,0,0,0,0,-76000,0,0,0,103000,179000,-76000,-76000
066730,致茂元大01購01  ,0,0,0,0,0,0,0,0,0,-76000,0,0,0,132000,208000,-76000,-76000
066065,東元凱基04購01  ,0,0,0,0,0,0,0,0,0,-76000,0,0,0,52000,128000,-76000,-76000
8081,致新            ,597000,705000,-108000,0,0,0,0,200000,-200000,232000,4000,42000,-38000,283000,13000,270000,-76000
068703,瑞昱國票03購01  ,0,0,0,0,0,0,0,0,0,-77000,0,0,0,50000,127000,-77000,-77000
068260,道瓊銀富邦07購01,0,0,0,0,0,0,0,0,0,-77000,0,0,0,175000,252000,-77000,-77000
062941,大立光凱基9B購07,0,0,0,0,0,0,0,0,0,-77000,0,0,0,0,77000,-77000,-77000
061687,大成鋼群益9A購01,0,0,0,0,0,0,0,0,0,-77000,0,0,0,23000,100000,-77000,-77000
061612,南六統一9A購01  ,0,0,0,0,0,0,0,0,0,-77000,0,0,0,186000,263000,-77000,-77000
062511,台光電國票9B購02,0,0,0,0,0,0,0,0,0,-77000,0,0,0,49000,126000,-77000,-77000
063915,祥碩凱基01購01  ,0,0,0,0,0,0,0,0,0,-77000,0,0,0,19000,96000,-77000,-77000
064274,燿華元大9C購01  ,0,0,0,0,0,0,0,0,0,-77000,0,0,0,52000,129000,-77000,-77000
065609,嘉澤元大01購02  ,0,0,0,0,0,0,0,0,0,-77000,0,0,0,367000,444000,-77000,-77000
08742P,友達凱基01售02  ,0,0,0,0,0,0,0,0,0,-77000,0,0,0,70000,147000,-77000,-77000
2480,敦陽科          ,18000,111000,-93000,0,0,0,0,0,0,16000,15000,0,15000,2000,1000,1000,-77000
068359,GIS凱基01購05   ,0,0,0,0,0,0,0,0,0,-78000,0,0,0,0,78000,-78000,-78000
067762,康舒永豐01購02  ,0,0,0,0,0,0,0,0,0,-78000,0,0,0,27000,105000,-78000,-78000
061343,大立光元大9A購04,0,0,0,0,0,0,0,0,0,-78000,0,0,0,2000,80000,-78000,-78000
063969,晶豪科國票01購01,0,0,0,0,0,0,0,0,0,-78000,0,0,0,0,78000,-78000,-78000
062340,力成麥證9B購01  ,0,0,0,0,78000,-78000,0,0,0,-78000,0,0,0,0,78000,-78000,-78000
064441,嘉澤凱基9C購02  ,0,0,0,0,0,0,0,0,0,-78000,0,0,0,0,78000,-78000,-78000
065924,東元國票02購01  ,0,0,0,0,0,0,0,0,0,-78000,0,0,0,0,78000,-78000,-78000
066539,晶技兆豐01購02  ,0,0,0,0,0,0,0,0,0,-78000,0,0,0,5000,83000,-78000,-78000
2380,虹光            ,18000,96000,-78000,0,0,0,0,0,0,0,0,0,0,0,0,0,-78000
3705,永信            ,57000,132000,-75000,0,0,0,0,0,0,-3000,0,3000,-3000,0,0,0,-78000
067798,GIS中信03購01   ,0,0,0,0,0,0,0,0,0,-79000,0,0,0,21000,100000,-79000,-79000
068833,大立光國泰04購01,0,0,0,0,0,0,0,0,0,-79000,0,0,0,299000,378000,-79000,-79000
06922P,元上證群益9C售01,0,0,0,0,0,0,0,0,0,-79000,0,0,0,23000,102000,-79000,-79000
058434,旺宏統一9B購01  ,0,0,0,0,0,0,0,0,0,-79000,0,0,0,0,79000,-79000,-79000
03185P,台積電元大01售49,0,0,0,0,0,0,0,0,0,-79000,0,0,0,50000,129000,-79000,-79000
0052,富邦科技        ,7000,5000,2000,0,0,0,0,0,0,-81000,0,0,0,101000,182000,-81000,-79000
057724,亞德客國泰99購01,0,0,0,0,0,0,0,0,0,-79000,0,0,0,0,79000,-79000,-79000
062654,技嘉永豐9B購01  ,0,0,0,0,0,0,0,0,0,-79000,0,0,0,13000,92000,-79000,-79000
063418,京元電凱基9B購03,0,0,0,0,0,0,0,0,0,-79000,0,0,0,22000,101000,-79000,-79000
065766,南電元大9C購08  ,0,0,0,0,0,0,0,0,0,-79000,0,0,0,19000,98000,-79000,-79000
064291,南六元大9C購04  ,0,0,0,0,0,0,0,0,0,-79000,0,0,0,48000,127000,-79000,-79000
08753P,群創群益01售01  ,0,0,0,0,0,0,0,0,0,-79000,0,0,0,10000,89000,-79000,-79000
07081P,南電群益9A售01  ,0,0,0,0,0,0,0,0,0,-80000,0,0,0,50000,130000,-80000,-80000
07694P,超眾元大9A售05  ,0,0,0,0,0,0,0,0,0,-80000,0,0,0,20000,100000,-80000,-80000
08336P,聯發科中信9C售05,0,0,0,0,0,0,0,0,0,-80000,0,0,0,0,80000,-80000,-80000
067846,大立光元富01購01,0,0,0,0,0,0,0,0,0,-80000,0,0,0,40000,120000,-80000,-80000
067722,國產凱基01購01  ,0,0,0,0,0,0,0,0,0,-80000,0,0,0,0,80000,-80000,-80000
067482,高鐵元大01購01  ,0,0,0,0,0,0,0,0,0,-80000,0,0,0,20000,100000,-80000,-80000
059867,華邦電凱基99購02,0,0,0,0,0,0,0,0,0,-80000,0,0,0,0,80000,-80000,-80000
042792,T50反1台新9C購01,0,0,0,0,0,0,0,0,0,-80000,0,0,0,0,80000,-80000,-80000
060036,上証2X國票99購03,0,0,0,0,0,0,0,0,0,-80000,0,0,0,0,80000,-80000,-80000
062710,盛群元大9B購01  ,0,0,0,0,0,0,0,0,0,-80000,0,0,0,171000,251000,-80000,-80000
058829,華新科永豐99購04,0,0,0,0,0,0,0,0,0,-80000,0,0,0,0,80000,-80000,-80000
058688,矽創凱基9A購01  ,0,0,0,0,0,0,0,0,0,-80000,0,0,0,0,80000,-80000,-80000
063032,國巨凱基9C購04  ,0,0,0,0,0,0,0,0,0,-80000,0,0,0,2000,82000,-80000,-80000
063246,嘉晶元大9C購01  ,0,0,0,0,0,0,0,0,0,-80000,0,0,0,86000,166000,-80000,-80000
061423,廣達元大9A購01  ,0,0,0,0,0,0,0,0,0,-80000,0,0,0,0,80000,-80000,-80000
062160,南六凱基9B購01  ,0,0,0,0,0,0,0,0,0,-80000,0,0,0,0,80000,-80000,-80000
062102,T50反1國票9B購07,0,0,0,0,0,0,0,0,0,-80000,0,0,0,0,80000,-80000,-80000
061956,和大統一01購01  ,0,0,0,0,0,0,0,0,0,-80000,0,0,0,1000,81000,-80000,-80000
062622,南電元大9B購03  ,0,0,0,0,0,0,0,0,0,-80000,0,0,0,0,80000,-80000,-80000
063887,香港2X中信02購01,0,0,0,0,0,0,0,0,0,-80000,0,0,0,0,80000,-80000,-80000
061063,國巨凱基9A購14  ,0,0,0,0,0,0,0,0,0,-80000,0,0,0,2000,82000,-80000,-80000
064711,國喬統一02購01  ,0,0,0,0,0,0,0,0,0,-80000,0,0,0,0,80000,-80000,-80000
065491,華新科國泰02購01,0,0,0,0,0,0,0,0,0,-80000,0,0,0,993000,1073000,-80000,-80000
065074,亞德客元大9C購03,0,0,0,0,0,0,0,0,0,-80000,0,0,0,0,80000,-80000,-80000
065980,中租元大02購01  ,0,0,0,0,0,0,0,0,0,-80000,0,0,0,40000,120000,-80000,-80000
065958,T50反1元大01購01,0,0,0,0,0,0,0,0,0,-80000,0,0,0,0,80000,-80000,-80000
066788,聯發科麥證01購07,0,0,0,0,80000,-80000,0,0,0,-80000,0,0,0,0,80000,-80000,-80000
08703P,華碩凱基01售02  ,0,0,0,0,0,0,0,0,0,-80000,0,0,0,10000,90000,-80000,-80000
4977,眾達-KY         ,268000,270000,-2000,0,0,0,0,0,0,-78000,11000,5000,6000,20000,104000,-84000,-80000
058798,大立光元大99購11,0,0,0,0,0,0,0,0,0,-81000,0,0,0,0,81000,-81000,-81000
062923,緯穎元大9B購06  ,0,0,0,0,0,0,0,0,0,-81000,0,0,0,0,81000,-81000,-81000
00662,富邦NASDAQ      ,0,0,0,0,0,0,0,0,0,-81000,0,0,0,87000,168000,-81000,-81000
03100P,玉晶光凱基03售04,0,0,0,0,0,0,0,0,0,-81000,0,0,0,0,81000,-81000,-81000
062574,美食群益9B購02  ,0,0,0,0,0,0,0,0,0,-81000,0,0,0,7000,88000,-81000,-81000
063273,緯穎兆豐9C購01  ,0,0,0,0,0,0,0,0,0,-81000,0,0,0,0,81000,-81000,-81000
063038,富邦金凱基9B購02,0,0,0,0,0,0,0,0,0,-81000,0,0,0,72000,153000,-81000,-81000
063572,麗豐元大9B購01  ,0,0,0,0,0,0,0,0,0,-81000,0,0,0,290000,371000,-81000,-81000
065992,立積永豐01購01  ,0,0,0,0,0,0,0,0,0,-81000,0,0,0,71000,152000,-81000,-81000
065841,國巨元大9C購20  ,0,0,0,0,0,0,0,0,0,-81000,0,0,0,0,81000,-81000,-81000
065537,健鼎統一02購05  ,0,0,0,0,0,0,0,0,0,-81000,0,0,0,77000,158000,-81000,-81000
07825P,健策國泰9B售04  ,0,0,0,0,0,0,0,0,0,-82000,0,0,0,30000,112000,-82000,-82000
03063P,臺股指凱基04售03,0,0,0,0,0,0,0,0,0,-82000,0,0,0,35000,117000,-82000,-82000
061512,國巨永豐9A購04  ,0,0,0,0,0,0,0,0,0,-82000,0,0,0,6000,88000,-82000,-82000
061745,南電凱基9B購02  ,0,0,0,0,0,0,0,0,0,-82000,0,0,0,86000,168000,-82000,-82000
063941,國巨元大9C購12  ,0,0,0,0,0,0,0,0,0,-82000,0,0,0,455000,537000,-82000,-82000
065003,燿華國票01購01  ,0,0,0,0,0,0,0,0,0,-82000,0,0,0,1000,83000,-82000,-82000
066859,華擎國票02購01  ,0,0,0,0,0,0,0,0,0,-82000,0,0,0,77000,159000,-82000,-82000
1201,味全            ,54000,136000,-82000,0,0,0,0,0,0,0,0,0,0,0,0,0,-82000
2395,研華            ,204157,282018,-77861,0,0,0,1000,1545,-545,-4000,0,4000,-4000,0,0,0,-82406
068808,瑞儀群益02購01  ,0,0,0,0,0,0,0,0,0,-83000,0,0,0,0,83000,-83000,-83000
067583,金像電群益01購05,0,0,0,0,0,0,0,0,0,-83000,0,0,0,71000,154000,-83000,-83000
067076,聯詠元大01購05  ,0,0,0,0,0,0,0,0,0,-83000,0,0,0,37000,120000,-83000,-83000
067041,國巨凱基04購02  ,0,0,0,0,0,0,0,0,0,-83000,0,0,0,395000,478000,-83000,-83000
03269P,健策元大02售04  ,0,0,0,0,0,0,0,0,0,-83000,0,0,0,0,83000,-83000,-83000
063175,燿華兆豐9C購01  ,0,0,0,0,0,0,0,0,0,-83000,0,0,0,126000,209000,-83000,-83000
058650,台虹永豐9A購01  ,0,0,0,0,0,0,0,0,0,-83000,0,0,0,0,83000,-83000,-83000
058632,世紀鋼國票9A購01,0,0,0,0,0,0,0,0,0,-83000,0,0,0,2000,85000,-83000,-83000
064268,緯穎永豐9C購01  ,0,0,0,0,0,0,0,0,0,-83000,0,0,0,0,83000,-83000,-83000
063901,緯穎群益9C購01  ,0,0,0,0,0,0,0,0,0,-83000,0,0,0,15000,98000,-83000,-83000
063965,漢唐國票01購01  ,0,0,0,0,0,0,0,0,0,-83000,0,0,0,13000,96000,-83000,-83000
063643,臻鼎元大9B購03  ,0,0,0,0,0,0,0,0,0,-83000,0,0,0,59000,142000,-83000,-83000
063784,華通中信06購01  ,0,0,0,0,0,0,0,0,0,-83000,0,0,0,139000,222000,-83000,-83000
066335,潤泰全永豐01購01,0,0,0,0,0,0,0,0,0,-83000,0,0,0,0,83000,-83000,-83000
066295,昇陽半元大01購01,0,0,0,0,0,0,0,0,0,-83000,0,0,0,5000,88000,-83000,-83000
064956,麗豐凱基9C購01  ,0,0,0,0,0,0,0,0,0,-83000,0,0,0,7000,90000,-83000,-83000
4720,德淵            ,23000,27000,-4000,0,0,0,0,0,0,-79000,1000,80000,-79000,0,0,0,-83000
3032,偉訓            ,180000,274000,-94000,0,0,0,0,0,0,11000,11000,0,11000,0,0,0,-83000
08957P,聯電凱基03售02  ,0,0,0,0,0,0,0,0,0,-83000,0,0,0,0,83000,-83000,-83000
068861,聯發科元富08購02,0,0,0,0,0,0,0,0,0,-84000,0,0,0,0,84000,-84000,-84000
063154,南六元富9B購02  ,0,0,0,0,0,0,0,0,0,-84000,0,0,0,25000,109000,-84000,-84000
063673,GIS統一9C購02   ,0,0,0,0,0,0,0,0,0,-84000,0,0,0,82000,166000,-84000,-84000
064745,聯鈞國票01購01  ,0,0,0,0,0,0,0,0,0,-84000,0,0,0,48000,132000,-84000,-84000
066365,富邦金中信03購01,0,0,0,0,0,0,0,0,0,-84000,0,0,0,36000,120000,-84000,-84000
08822P,聯發科凱基01售12,0,0,0,0,0,0,0,0,0,-84000,0,0,0,240000,324000,-84000,-84000
068102,晶豪科永豐01購01,0,0,0,0,0,0,0,0,0,-85000,0,0,0,0,85000,-85000,-85000
058139,臻鼎元大99購01  ,0,0,0,0,0,0,0,0,0,-85000,0,0,0,165000,250000,-85000,-85000
03316P,欣興群益02售02  ,0,0,0,0,0,0,0,0,0,-85000,0,0,0,0,85000,-85000,-85000
03230P,道瓊銀元大02售02,0,0,0,0,0,0,0,0,0,-85000,0,0,0,198000,283000,-85000,-85000
061906,統一中信9B購01  ,0,0,0,0,0,0,0,0,0,-85000,0,0,0,0,85000,-85000,-85000
060928,明泰永豐9A購01  ,0,0,0,0,0,0,0,0,0,-85000,0,0,0,0,85000,-85000,-85000
064255,泰碩國泰02購01  ,0,0,0,0,0,0,0,0,0,-85000,0,0,0,3000,88000,-85000,-85000
062404,新唐永豐9B購01  ,0,0,0,0,0,0,0,0,0,-85000,0,0,0,101000,186000,-85000,-85000
060599,國巨凱基9C購01  ,0,0,0,0,0,0,0,0,0,-85000,0,0,0,7000,92000,-85000,-85000
060677,京元電元大9A購04,0,0,0,0,0,0,0,0,0,-85000,0,0,0,42000,127000,-85000,-85000
066516,智原永豐01購01  ,0,0,0,0,0,0,0,0,0,-85000,0,0,0,1000,86000,-85000,-85000
066694,深中小群益03購01,0,0,0,0,0,0,0,0,0,-85000,0,0,0,312000,397000,-85000,-85000
065857,嘉聯益元大9C購03,0,0,0,0,0,0,0,0,0,-85000,0,0,0,291000,376000,-85000,-85000
065997,元黃金國票03購01,0,0,0,0,0,0,0,0,0,-85000,0,0,0,45000,130000,-85000,-85000
064763,祥碩凱基02購01  ,0,0,0,0,0,0,0,0,0,-85000,0,0,0,630000,715000,-85000,-85000
064323,滬深2X元大9C購09,0,0,0,0,0,0,0,0,0,-85000,0,0,0,6000,91000,-85000,-85000
067411,矽格兆豐03購01  ,0,0,0,0,0,0,0,0,0,-86000,0,0,0,2000,88000,-86000,-86000
07883P,可成凱基9B售03  ,0,0,0,0,0,0,0,0,0,-86000,0,0,0,70000,156000,-86000,-86000
03247P,聯電元富03售02  ,0,0,0,0,0,0,0,0,0,-86000,0,0,0,0,86000,-86000,-86000
059454,亞光永豐99購01  ,0,0,0,0,0,0,0,0,0,-86000,0,0,0,11000,97000,-86000,-86000
058284,滬深反群益01購01,0,0,0,0,0,0,0,0,0,-86000,0,0,0,0,86000,-86000,-86000
060490,華新科台新9A購01,0,0,0,0,0,0,0,0,0,-86000,0,0,0,0,86000,-86000,-86000
062703,可成元大9C購02  ,0,0,0,0,0,0,0,0,0,-86000,0,0,0,206000,292000,-86000,-86000
063860,旺宏國泰02購01  ,0,0,0,0,0,0,0,0,0,-86000,0,0,0,19000,105000,-86000,-86000
062212,臻鼎台新9B購01  ,0,0,0,0,0,0,0,0,0,-86000,0,0,0,263000,349000,-86000,-86000
063443,金像電統一01購02,0,0,0,0,0,0,0,0,0,-86000,0,0,0,0,86000,-86000,-86000
066418,京元電元大01購02,0,0,0,0,0,0,0,0,0,-86000,0,0,0,60000,146000,-86000,-86000
08751P,友達群益01售01  ,0,0,0,0,0,0,0,0,0,-86000,0,0,0,0,86000,-86000,-86000
2607,榮運            ,6000,89000,-83000,0,0,0,0,0,0,-3000,0,3000,-3000,0,0,0,-86000
063469,牧德元大9C購02  ,0,0,0,0,0,0,0,0,0,-87000,0,0,0,13000,100000,-87000,-87000
062072,國巨元大9B購05  ,0,0,0,0,0,0,0,0,0,-87000,0,0,0,52000,139000,-87000,-87000
061321,華新科凱基9A購09,0,0,0,0,0,0,0,0,0,-87000,0,0,0,0,87000,-87000,-87000
062690,華擎統一9B購01  ,0,0,0,0,0,0,0,0,0,-87000,0,0,0,15000,102000,-87000,-87000
065926,金像電國票02購01,0,0,0,0,0,0,0,0,0,-87000,0,0,0,0,87000,-87000,-87000
6235,華孚            ,58000,144000,-86000,0,0,0,0,0,0,-1000,0,1000,-1000,0,0,0,-87000
08833P,緯穎群益01售03  ,0,0,0,0,0,0,0,0,0,-87000,0,0,0,23000,110000,-87000,-87000
068844,台積電統一02購11,0,0,0,0,0,0,0,0,0,-88000,0,0,0,0,88000,-88000,-88000
067964,燿華群益02購02  ,0,0,0,0,0,0,0,0,0,-88000,0,0,0,117000,205000,-88000,-88000
058836,FBVIX中信03購05 ,0,0,0,0,0,0,0,0,0,-88000,0,0,0,20000,108000,-88000,-88000
055775,友達凱基9A購01  ,0,0,0,0,0,0,0,0,0,-88000,0,0,0,0,88000,-88000,-88000
062146,大毅國票9B購01  ,0,0,0,0,0,0,0,0,0,-88000,0,0,0,0,88000,-88000,-88000
061986,晶豪科元大9B購01,0,0,0,0,0,0,0,0,0,-88000,0,0,0,180000,268000,-88000,-88000
062986,T50反1中信02購01,0,0,0,0,0,0,0,0,0,-88000,0,0,0,180000,268000,-88000,-88000
064591,臻鼎永豐9C購01  ,0,0,0,0,0,0,0,0,0,-88000,0,0,0,15000,103000,-88000,-88000
064922,玉晶光統一01購10,0,0,0,0,0,0,0,0,0,-88000,0,0,0,22000,110000,-88000,-88000
064811,華擎元大01購01  ,0,0,0,0,0,0,0,0,0,-88000,0,0,0,170000,258000,-88000,-88000
4912,聯德控股-KY     ,168000,256000,-88000,0,0,0,0,0,0,0,10000,10000,0,0,0,0,-88000
067769,國巨統一02購04  ,0,0,0,0,0,0,0,0,0,-89000,0,0,0,63000,152000,-89000,-89000
068277,緯穎永豐01購03  ,0,0,0,0,0,0,0,0,0,-89000,0,0,0,29000,118000,-89000,-89000
00743,國泰中國A150    ,0,0,0,0,0,0,0,0,0,-89000,0,0,0,22000,111000,-89000,-89000
063464,廣達元大9B購02  ,0,0,0,0,0,0,0,0,0,-89000,0,0,0,92000,181000,-89000,-89000
061529,國巨台新9A購02  ,0,0,0,0,0,0,0,0,0,-89000,0,0,0,4000,93000,-89000,-89000
060953,富邦金群益9A購01,0,0,0,0,0,0,0,0,0,-89000,0,0,0,22000,111000,-89000,-89000
062310,南亞科凱基9B購02,0,0,0,0,0,0,0,0,0,-89000,0,0,0,0,89000,-89000,-89000
064895,奇力新群益9C購02,0,0,0,0,0,0,0,0,0,-89000,0,0,0,32000,121000,-89000,-89000
066893,技嘉兆豐01購02  ,0,0,0,0,0,0,0,0,0,-89000,0,0,0,147000,236000,-89000,-89000
07895P,美律元大9B售01  ,0,0,0,0,0,0,0,0,0,-90000,0,0,0,0,90000,-90000,-90000
07841P,臻鼎元大9A售04  ,0,0,0,0,0,0,0,0,0,-90000,0,0,0,70000,160000,-90000,-90000
08449P,華新科群益9C售03,0,0,0,0,0,0,0,0,0,-90000,0,0,0,0,90000,-90000,-90000
067724,大立光凱基01購08,0,0,0,0,0,0,0,0,0,-90000,0,0,0,0,90000,-90000,-90000
068063,大立光兆豐01購02,0,0,0,0,0,0,0,0,0,-90000,0,0,0,10000,100000,-90000,-90000
068026,華通元富07購01  ,0,0,0,0,0,0,0,0,0,-90000,0,0,0,0,90000,-90000,-90000
067436,訊連凱基01購01  ,0,0,0,0,0,0,0,0,0,-90000,0,0,0,10000,100000,-90000,-90000
067333,凌陽凱基02購01  ,0,0,0,0,0,0,0,0,0,-90000,0,0,0,60000,150000,-90000,-90000
057738,旺宏富邦9A購01  ,0,0,0,0,0,0,0,0,0,-90000,0,0,0,30000,120000,-90000,-90000
058437,可成統一9B購01  ,0,0,0,0,0,0,0,0,0,-90000,0,0,0,90000,180000,-90000,-90000
058428,大立光元富99購02,0,0,0,0,0,0,0,0,0,-90000,0,0,0,0,90000,-90000,-90000
062436,國巨元大9B購14  ,0,0,0,0,0,0,0,0,0,-90000,0,0,0,1000,91000,-90000,-90000
062588,國巨統一9B購14  ,0,0,0,0,0,0,0,0,0,-90000,0,0,0,0,90000,-90000,-90000
062565,漢唐中信9C購01  ,0,0,0,0,0,0,0,0,0,-90000,0,0,0,20000,110000,-90000,-90000
060388,世紀鋼凱基9B購01,0,0,0,0,0,0,0,0,0,-90000,0,0,0,0,90000,-90000,-90000
060671,亞德客元大9A購03,0,0,0,0,0,0,0,0,0,-90000,0,0,0,0,90000,-90000,-90000
063558,聚陽元大9B購02  ,0,0,0,0,0,0,0,0,0,-90000,0,0,0,0,90000,-90000,-90000
066035,南電群益01購01  ,0,0,0,0,0,0,0,0,0,-90000,0,0,0,38000,128000,-90000,-90000
065666,旺宏凱基9C購03  ,0,0,0,0,0,0,0,0,0,-90000,0,0,0,0,90000,-90000,-90000
065668,南亞科凱基9C購02,0,0,0,0,0,0,0,0,0,-90000,0,0,0,0,90000,-90000,-90000
065444,燿華統一02購02  ,0,0,0,0,0,0,0,0,0,-90000,0,0,0,0,90000,-90000,-90000
2534,宏盛            ,220000,310000,-90000,0,0,0,0,0,0,0,0,0,0,0,0,0,-90000
08913P,臺股指凱基01售04,0,0,0,0,0,0,0,0,0,-90000,0,0,0,0,90000,-90000,-90000
1308,亞聚            ,44000,138000,-94000,0,0,0,0,0,0,4000,0,0,0,4000,0,4000,-90000
1733,五鼎            ,43000,137000,-94000,0,0,0,0,0,0,4000,6000,2000,4000,0,0,0,-90000
063284,大立光元大9B購07,0,0,0,0,0,0,0,0,0,-91000,0,0,0,0,91000,-91000,-91000
061762,台塑元大9B購01  ,0,0,0,0,0,0,0,0,0,-91000,0,0,0,0,91000,-91000,-91000
060813,高鐵凱基9A購01  ,0,0,0,0,0,0,0,0,0,-91000,0,0,0,0,91000,-91000,-91000
062444,大立光元大9C購01,0,0,0,0,0,0,0,0,0,-91000,0,0,0,0,91000,-91000,-91000
063948,高鐵元大9C購01  ,0,0,0,0,0,0,0,0,0,-91000,0,0,0,23000,114000,-91000,-91000
061057,華新科國票9A購04,0,0,0,0,0,0,0,0,0,-91000,0,0,0,13000,104000,-91000,-91000
064103,大立光群益9C購03,0,0,0,0,0,0,0,0,0,-91000,0,0,0,10000,101000,-91000,-91000
066679,微星兆豐01購01  ,0,0,0,0,0,0,0,0,0,-91000,0,0,0,170000,261000,-91000,-91000
066423,智原元大01購02  ,0,0,0,0,0,0,0,0,0,-91000,0,0,0,126000,217000,-91000,-91000
067958,中磊永豐01購01  ,0,0,0,0,0,0,0,0,0,-92000,0,0,0,6000,98000,-92000,-92000
08294P,台積電元大9C售06,0,0,0,0,0,0,0,0,0,-92000,0,0,0,8000,100000,-92000,-92000
059873,華新科凱基99購09,0,0,0,0,0,0,0,0,0,-92000,0,0,0,10000,102000,-92000,-92000
056330,玉晶光國票99購03,0,0,0,0,0,0,0,0,0,-92000,0,0,0,59000,151000,-92000,-92000
061238,晶技元大9A購02  ,0,0,0,0,0,0,0,0,0,-92000,0,0,0,8000,100000,-92000,-92000
062144,華通國票9B購01  ,0,0,0,0,0,0,0,0,0,-92000,0,0,0,0,92000,-92000,-92000
065124,燿華永豐9C購03  ,0,0,0,0,0,0,0,0,0,-92000,0,0,0,2000,94000,-92000,-92000
08194P,同欣電國票9C售03,0,0,0,0,0,0,0,0,0,-93000,0,0,0,42000,135000,-93000,-93000
068440,華擎凱基01購04  ,0,0,0,0,0,0,0,0,0,-93000,0,0,0,136000,229000,-93000,-93000
068856,台達電元富08購01,0,0,0,0,0,0,0,0,0,-93000,0,0,0,0,93000,-93000,-93000
067891,玉晶光群益02購05,0,0,0,0,0,0,0,0,0,-93000,0,0,0,156000,249000,-93000,-93000
059113,群光永豐99購01  ,0,0,0,0,0,0,0,0,0,-93000,0,0,0,174000,267000,-93000,-93000
061583,矽創元大9A購01  ,0,0,0,0,0,0,0,0,0,-93000,0,0,0,22000,115000,-93000,-93000
063470,泰鼎元大9B購03  ,0,0,0,0,0,0,0,0,0,-93000,0,0,0,624000,717000,-93000,-93000
062625,華通國票9B購02  ,0,0,0,0,0,0,0,0,0,-93000,0,0,0,111000,204000,-93000,-93000
060341,國巨統一9C購02  ,0,0,0,0,0,0,0,0,0,-93000,0,0,0,29000,122000,-93000,-93000
065435,臻鼎凱基02購01  ,0,0,0,0,0,0,0,0,0,-93000,0,0,0,109000,202000,-93000,-93000
065389,聯茂兆豐9C購01  ,0,0,0,0,0,0,0,0,0,-93000,0,0,0,0,93000,-93000,-93000
06380P,臺股指統一98售02,0,0,0,0,0,0,0,0,0,-93000,0,0,0,0,93000,-93000,-93000
065707,聯詠群益9C購02  ,0,0,0,0,0,0,0,0,0,-93000,0,0,0,13000,106000,-93000,-93000
068032,大毅元富07購01  ,0,0,0,0,0,0,0,0,0,-94000,0,0,0,0,94000,-94000,-94000
067443,國巨國票02購04  ,0,0,0,0,0,0,0,0,0,-94000,0,0,0,11000,105000,-94000,-94000
068604,聯發科凱基01購23,0,0,0,0,0,0,0,0,0,-94000,0,0,0,11000,105000,-94000,-94000
068387,國巨統一03購02  ,0,0,0,0,0,0,0,0,0,-94000,0,0,0,7000,101000,-94000,-94000
08392P,上銀群益9C售01  ,0,0,0,0,0,0,0,0,0,-94000,0,0,0,0,94000,-94000,-94000
058941,華新科中信99購03,0,0,0,0,0,0,0,0,0,-94000,0,0,0,0,94000,-94000,-94000
063096,勤誠國票9B購02  ,0,0,0,0,0,0,0,0,0,-94000,0,0,0,0,94000,-94000,-94000
03241P,聯電統一02售03  ,0,0,0,0,0,0,0,0,0,-94000,0,0,0,119000,213000,-94000,-94000
060895,華新科凱基9B購05,0,0,0,0,0,0,0,0,0,-94000,0,0,0,0,94000,-94000,-94000
060423,智易永豐9A購01  ,0,0,0,0,0,0,0,0,0,-94000,0,0,0,0,94000,-94000,-94000
064247,廣達元富9C購01  ,0,0,0,0,0,0,0,0,0,-94000,0,0,0,27000,121000,-94000,-94000
062167,燿華永豐9B購01  ,0,0,0,0,0,0,0,0,0,-94000,0,0,0,0,94000,-94000,-94000
061564,華擎國票9A購02  ,0,0,0,0,0,0,0,0,0,-94000,0,0,0,56000,150000,-94000,-94000
066077,健策凱基01購01  ,0,0,0,0,0,0,0,0,0,-94000,0,0,0,144000,238000,-94000,-94000
064958,GIS凱基02購03   ,0,0,0,0,0,0,0,0,0,-94000,0,0,0,71000,165000,-94000,-94000
064993,嘉澤兆豐9C購01  ,0,0,0,0,0,0,0,0,0,-94000,0,0,0,0,94000,-94000,-94000
068103,松翰永豐01購02  ,0,0,0,0,0,0,0,0,0,-95000,0,0,0,11000,106000,-95000,-95000
054976,上証2X元富9A購01,0,0,0,0,0,0,0,0,0,-95000,0,0,0,65000,160000,-95000,-95000
063739,台勝科元大9B購03,0,0,0,0,0,0,0,0,0,-95000,0,0,0,105000,200000,-95000,-95000
061362,台塑國票9B購01  ,0,0,0,0,0,0,0,0,0,-95000,0,0,0,86000,181000,-95000,-95000
063849,奇鋐元大9C購01  ,0,0,0,0,0,0,0,0,0,-95000,0,0,0,16000,111000,-95000,-95000
1905,華紙            ,144000,234000,-90000,0,0,0,0,0,0,-5000,0,0,0,0,5000,-5000,-95000
1466,聚隆            ,300000,398000,-98000,0,0,0,0,0,0,3000,3000,0,3000,0,0,0,-95000
08669P,聯發科群益02售02,0,0,0,0,0,0,0,0,0,-95000,0,0,0,0,95000,-95000,-95000
056579,麗豐元大99購01  ,0,0,0,0,0,0,0,0,0,-96000,0,0,0,4000,100000,-96000,-96000
058608,華新科元大99購13,0,0,0,0,0,0,0,0,0,-96000,0,0,0,40000,136000,-96000,-96000
063051,仁寶統一01購01  ,0,0,0,0,0,0,0,0,0,-96000,0,0,0,0,96000,-96000,-96000
063347,祥碩統一01購03  ,0,0,0,0,0,0,0,0,0,-96000,0,0,0,14000,110000,-96000,-96000
062253,燿華元大9B購02  ,0,0,0,0,0,0,0,0,0,-96000,0,0,0,69000,165000,-96000,-96000
061619,大立光群益9B購01,0,0,0,0,0,0,0,0,0,-96000,0,0,0,4000,100000,-96000,-96000
061656,華新科國票9A購08,0,0,0,0,0,0,0,0,0,-96000,0,0,0,20000,116000,-96000,-96000
065474,旺宏元大9C購06  ,0,0,0,0,0,0,0,0,0,-96000,0,0,0,20000,116000,-96000,-96000
064853,亞德客麥證9C購01,0,0,0,83000,179000,-96000,0,0,0,-96000,0,0,0,83000,179000,-96000,-96000
06658P,台灣50富邦9C售01,0,0,0,0,0,0,0,0,0,-96000,0,0,0,0,96000,-96000,-96000
066838,致新群益02購02  ,0,0,0,0,0,0,0,0,0,-96000,0,0,0,72000,168000,-96000,-96000
08801P,聯發科元大01售13,0,0,0,0,0,0,0,0,0,-96000,0,0,0,306000,402000,-96000,-96000
2207,和泰車          ,131122,226632,-95510,0,0,0,1000,563,437,-1000,0,1000,-1000,0,0,0,-96073
067139,訊連永豐01購01  ,0,0,0,0,0,0,0,0,0,-97000,0,0,0,57000,154000,-97000,-97000
068929,台積電永豐02購02,0,0,0,0,0,0,0,0,0,-97000,0,0,0,0,97000,-97000,-97000
03305P,台達電台新02售01,0,0,0,0,0,0,0,0,0,-97000,0,0,0,0,97000,-97000,-97000
063655,華通元富9B購01  ,0,0,0,0,0,0,0,0,0,-97000,0,0,0,31000,128000,-97000,-97000
061229,緯穎中信9B購01  ,0,0,0,0,0,0,0,0,0,-97000,0,0,0,3000,100000,-97000,-97000
066620,長興凱基01購01  ,0,0,0,0,0,0,0,0,0,-97000,0,0,0,87000,184000,-97000,-97000
065305,泰鼎元富9C購01  ,0,0,0,0,0,0,0,0,0,-97000,0,0,0,309000,406000,-97000,-97000
07576P,可成元大9A售01  ,0,0,0,0,0,0,0,0,0,-98000,0,0,0,2000,100000,-98000,-98000
068346,GIS麥證01購02   ,0,0,0,0,98000,-98000,0,0,0,-98000,0,0,0,0,98000,-98000,-98000
068290,大立光群益01購12,0,0,0,0,0,0,0,0,0,-98000,0,0,0,2000,100000,-98000,-98000
068490,台光電元大01購06,0,0,0,0,0,0,0,0,0,-98000,0,0,0,75000,173000,-98000,-98000
068234,T50反1元大01購07,0,0,0,0,0,0,0,0,0,-98000,0,0,0,1210000,1308000,-98000,-98000
03161P,景碩元大01售03  ,0,0,0,0,0,0,0,0,0,-98000,0,0,0,27000,125000,-98000,-98000
063999,日月光兆豐9C購01,0,0,0,0,0,0,0,0,0,-98000,0,0,0,2000,100000,-98000,-98000
063232,裕隆元大9B購01  ,0,0,0,0,0,0,0,0,0,-98000,0,0,0,6000,104000,-98000,-98000
062480,茂林國票9B購01  ,0,0,0,0,0,0,0,0,0,-98000,0,0,0,0,98000,-98000,-98000
066181,泰鼎凱基01購01  ,0,0,0,0,0,0,0,0,0,-98000,0,0,0,189000,287000,-98000,-98000
08628P,微星中信9C售01  ,0,0,0,0,0,0,0,0,0,-98000,0,0,0,2000,100000,-98000,-98000
07300P,臺股指元大9A售33,0,0,0,0,0,0,0,0,0,-99000,0,0,0,0,99000,-99000,-99000
058711,鴻海統一9A購02  ,0,0,0,0,0,0,0,0,0,-99000,0,0,0,1000,100000,-99000,-99000
061833,華新科凱基02購01,0,0,0,0,0,0,0,0,0,-99000,0,0,0,0,99000,-99000,-99000
066823,國巨群益02購02  ,0,0,0,0,0,0,0,0,0,-99000,0,0,0,37000,136000,-99000,-99000
065245,國泰金兆豐9C購01,0,0,0,0,0,0,0,0,0,-99000,0,0,0,18000,117000,-99000,-99000
064673,南茂元大9C購01  ,0,0,0,0,0,0,0,0,0,-99000,0,0,0,254000,353000,-99000,-99000
07654P,台灣50凱基01售08,0,0,0,0,0,0,0,0,0,-100000,0,0,0,0,100000,-100000,-100000
07612P,國巨國泰9B售06  ,0,0,0,0,0,0,0,0,0,-100000,0,0,0,0,100000,-100000,-100000
06897P,FBVIX群益01售01 ,0,0,0,0,0,0,0,0,0,-100000,0,0,0,0,100000,-100000,-100000
07130P,台郡元大9B售01  ,0,0,0,0,0,0,0,0,0,-100000,0,0,0,0,100000,-100000,-100000
07789P,緯穎群益9A售03  ,0,0,0,0,0,0,0,0,0,-100000,0,0,0,0,100000,-100000,-100000
07684P,大立光凱基9A售11,0,0,0,0,0,0,0,0,0,-100000,0,0,0,0,100000,-100000,-100000
08236P,國巨富邦03售01  ,0,0,0,0,0,0,0,0,0,-100000,0,0,0,0,100000,-100000,-100000
08078P,聯發科國票9B售04,0,0,0,0,0,0,0,0,0,-100000,0,0,0,0,100000,-100000,-100000
08065P,瑞昱凱基9B售03  ,0,0,0,0,0,0,0,0,0,-100000,0,0,0,0,100000,-100000,-100000
068450,台積電國票01購10,0,0,0,0,0,0,0,0,0,-100000,0,0,0,92000,192000,-100000,-100000
068779,華邦電國票03購01,0,0,0,0,0,0,0,0,0,-100000,0,0,0,0,100000,-100000,-100000
068783,亞德客康和02購01,0,0,0,0,0,0,0,0,0,-100000,0,0,0,0,100000,-100000,-100000
068181,長榮航群益02購01,0,0,0,0,0,0,0,0,0,-100000,0,0,0,0,100000,-100000,-100000
067884,鴻海群益02購03  ,0,0,0,0,0,0,0,0,0,-100000,0,0,0,0,100000,-100000,-100000
067691,台虹元大01購03  ,0,0,0,0,0,0,0,0,0,-100000,0,0,0,0,100000,-100000,-100000
067644,康舒統一01購01  ,0,0,0,0,0,0,0,0,0,-100000,0,0,0,167000,267000,-100000,-100000
067676,大立光元大01購12,0,0,0,0,0,0,0,0,0,-100000,0,0,0,0,100000,-100000,-100000
067201,A50正2元大03購01,0,0,0,0,0,0,0,0,0,-100000,0,0,0,0,100000,-100000,-100000
067186,晶豪科凱基01購02,0,0,0,0,0,0,0,0,0,-100000,0,0,0,0,100000,-100000,-100000
067038,滬深2X凱基04購02,0,0,0,0,0,0,0,0,0,-100000,0,0,0,0,100000,-100000,-100000
066964,T50反1元富07購04,0,0,0,0,0,0,0,0,0,-100000,0,0,0,0,100000,-100000,-100000
067523,上証反群益06購01,0,0,0,0,0,0,0,0,0,-100000,0,0,0,0,100000,-100000,-100000
058736,鈺齊永豐99購02  ,0,0,0,0,0,0,0,0,0,-100000,0,0,0,0,100000,-100000,-100000
058986,華新科凱基9A購03,0,0,0,0,0,0,0,0,0,-100000,0,0,0,0,100000,-100000,-100000
063189,臻鼎凱基9B購01  ,0,0,0,0,0,0,0,0,0,-100000,0,0,0,0,100000,-100000,-100000
063194,華新科台新9B購01,0,0,0,0,0,0,0,0,0,-100000,0,0,0,0,100000,-100000,-100000
062717,華邦電凱基9C購01,0,0,0,0,0,0,0,0,0,-100000,0,0,0,10000,110000,-100000,-100000
060145,牧德國票9A購02  ,0,0,0,0,0,0,0,0,0,-100000,0,0,0,0,100000,-100000,-100000
03669C,滬深2X元富09牛01,0,0,0,0,0,0,0,0,0,-100000,0,0,0,0,100000,-100000,-100000
006208,富邦台50        ,9000,8000,1000,0,0,0,0,0,0,-101000,0,0,0,500000,601000,-101000,-100000
03209P,台積電國票02售05,0,0,0,0,0,0,0,0,0,-100000,0,0,0,0,100000,-100000,-100000
057011,日月光中信99購01,0,0,0,0,0,0,0,0,0,-100000,0,0,0,0,100000,-100000,-100000
053408,友達兆豐98購01  ,0,0,0,0,0,0,0,0,0,-100000,0,0,0,30000,130000,-100000,-100000
061646,力成元大9A購02  ,0,0,0,0,0,0,0,0,0,-100000,0,0,0,0,100000,-100000,-100000
062124,大立光統一9B購09,0,0,0,0,0,0,0,0,0,-100000,0,0,0,0,100000,-100000,-100000
061549,泰碩群益9A購01  ,0,0,0,0,0,0,0,0,0,-100000,0,0,0,0,100000,-100000,-100000
062983,緯穎元富9B購01  ,0,0,0,0,0,0,0,0,0,-100000,0,0,0,0,100000,-100000,-100000
062485,華通國泰01購01  ,0,0,0,0,0,0,0,0,0,-100000,0,0,0,73000,173000,-100000,-100000
063304,大立光凱基01購02,0,0,0,0,0,0,0,0,0,-100000,0,0,0,0,100000,-100000,-100000
063305,亞光凱基9B購01  ,0,0,0,0,0,0,0,0,0,-100000,0,0,0,1000,101000,-100000,-100000
061342,華新科元大9A購17,0,0,0,0,0,0,0,0,0,-100000,0,0,0,0,100000,-100000,-100000
061391,晶技群益9A購02  ,0,0,0,0,0,0,0,0,0,-100000,0,0,0,323000,423000,-100000,-100000
060454,葡萄王元大9A購01,0,0,0,0,0,0,0,0,0,-100000,0,0,0,0,100000,-100000,-100000
062298,國巨第一9B購01  ,0,0,0,0,0,0,0,0,0,-100000,0,0,0,0,100000,-100000,-100000
062362,致茂元大9B購01  ,0,0,0,0,0,0,0,0,0,-100000,0,0,0,0,100000,-100000,-100000
064942,道瓊反凱基02購01,0,0,0,0,0,0,0,0,0,-100000,0,0,0,0,100000,-100000,-100000
064298,台灣50兆豐01購02,0,0,0,0,0,0,0,0,0,-100000,0,0,0,0,100000,-100000,-100000
064368,日月光統一01購01,0,0,0,0,0,0,0,0,0,-100000,0,0,0,147000,247000,-100000,-100000
064570,TPK群益9C購03   ,0,0,0,0,0,0,0,0,0,-100000,0,0,0,167000,267000,-100000,-100000
06536P,臺股指群益98售04,0,0,0,0,0,0,0,0,0,-100000,0,0,0,0,100000,-100000,-100000
065653,同欣電元大03購01,0,0,0,0,0,0,0,0,0,-100000,0,0,0,0,100000,-100000,-100000
066784,滬深反中信03購01,0,0,0,0,0,0,0,0,0,-100000,0,0,0,0,100000,-100000,-100000
066691,京元電台新01購01,0,0,0,0,0,0,0,0,0,-100000,0,0,0,6000,106000,-100000,-100000
066733,大立光元大01購10,0,0,0,0,0,0,0,0,0,-100000,0,0,0,0,100000,-100000,-100000
066634,泰碩凱基02購02  ,0,0,0,0,0,0,0,0,0,-100000,0,0,0,0,100000,-100000,-100000
066670,貿聯凱基01購01  ,0,0,0,0,0,0,0,0,0,-100000,0,0,0,0,100000,-100000,-100000
066244,臺指反元大04購01,0,0,0,0,0,0,0,0,0,-100000,0,0,0,0,100000,-100000,-100000
066019,T50反1群益01購03,0,0,0,0,0,0,0,0,0,-100000,0,0,0,0,100000,-100000,-100000
065966,國巨元大01購06  ,0,0,0,0,0,0,0,0,0,-100000,0,0,0,30000,130000,-100000,-100000
08656P,大立光群益9C售07,0,0,0,0,0,0,0,0,0,-100000,0,0,0,0,100000,-100000,-100000
08620P,聯發科群益9C售15,0,0,0,0,0,0,0,0,0,-100000,0,0,0,20000,120000,-100000,-100000
08490P,上銀元大9C售08  ,0,0,0,0,0,0,0,0,0,-100000,0,0,0,0,100000,-100000,-100000
4536,拓凱            ,148000,149000,-1000,0,0,0,0,50000,-50000,-49000,23000,6000,17000,6000,72000,-66000,-100000
068401,瑞昱元富07購03  ,0,0,0,0,0,0,0,0,0,-101000,0,0,0,181000,282000,-101000,-101000
062832,嘉澤群益9B購02  ,0,0,0,0,0,0,0,0,0,-101000,0,0,0,29000,130000,-101000,-101000
065988,晶技永豐01購01  ,0,0,0,0,0,0,0,0,0,-101000,0,0,0,3000,104000,-101000,-101000
065950,正崴統一03購01  ,0,0,0,0,0,0,0,0,0,-101000,0,0,0,146000,247000,-101000,-101000
064980,牧德元大01購01  ,0,0,0,0,0,0,0,0,0,-101000,0,0,0,0,101000,-101000,-101000
064682,嘉聯益兆豐01購01,0,0,0,0,0,0,0,0,0,-101000,0,0,0,93000,194000,-101000,-101000
08310P,南電凱基9C售01  ,0,0,0,0,0,0,0,0,0,-102000,0,0,0,0,102000,-102000,-102000
059699,華通凱基99購04  ,0,0,0,0,0,0,0,0,0,-102000,0,0,0,20000,122000,-102000,-102000
064085,儒鴻凱基9C購02  ,0,0,0,0,0,0,0,0,0,-102000,0,0,0,271000,373000,-102000,-102000
064876,旺宏兆豐9C購01  ,0,0,0,0,0,0,0,0,0,-102000,0,0,0,6000,108000,-102000,-102000
065314,矽創國票01購02  ,0,0,0,0,0,0,0,0,0,-102000,0,0,0,10000,112000,-102000,-102000
065259,燿華元大9C購05  ,0,0,0,0,0,0,0,0,0,-102000,0,0,0,126000,228000,-102000,-102000
9938,百和            ,301000,308000,-7000,0,0,0,0,0,0,-95000,12000,12000,0,0,95000,-95000,-102000
067149,瑞昱統一03購01  ,0,0,0,0,0,0,0,0,0,-103000,0,0,0,74000,177000,-103000,-103000
067229,台達電群益01購02,0,0,0,0,0,0,0,0,0,-103000,0,0,0,37000,140000,-103000,-103000
067786,緯創群益04購01  ,0,0,0,0,0,0,0,0,0,-103000,0,0,0,52000,155000,-103000,-103000
059817,華通凱基99購05  ,0,0,0,0,0,0,0,0,0,-103000,0,0,0,10000,113000,-103000,-103000
056554,GIS凱基99購01   ,0,0,0,0,0,0,0,0,0,-103000,0,0,0,0,103000,-103000,-103000
063207,聯茂統一01購01  ,0,0,0,0,0,0,0,0,0,-103000,0,0,0,60000,163000,-103000,-103000
062641,瀚宇博國票9B購01,0,0,0,0,0,0,0,0,0,-103000,0,0,0,2000,105000,-103000,-103000
063783,儒鴻中信9C購01  ,0,0,0,0,0,0,0,0,0,-103000,0,0,0,246000,349000,-103000,-103000
065271,日月光元大9C購02,0,0,0,0,0,0,0,0,0,-103000,0,0,0,54000,157000,-103000,-103000
065053,南電凱基02購01  ,0,0,0,0,0,0,0,0,0,-103000,0,0,0,79000,182000,-103000,-103000
064400,大成鋼凱基01購01,0,0,0,0,0,0,0,0,0,-103000,0,0,0,0,103000,-103000,-103000
065976,牧德元大02購02  ,0,0,0,0,0,0,0,0,0,-103000,0,0,0,10000,113000,-103000,-103000
065826,國巨凱基9C購12  ,0,0,0,0,0,0,0,0,0,-103000,0,0,0,1000,104000,-103000,-103000
065794,麗豐永豐9C購01  ,0,0,0,0,0,0,0,0,0,-103000,0,0,0,10000,113000,-103000,-103000
067869,玉晶光元大01購05,0,0,0,0,0,0,0,0,0,-104000,0,0,0,98000,202000,-104000,-104000
066954,聯詠元大01購04  ,0,0,0,0,0,0,0,0,0,-104000,0,0,0,53000,157000,-104000,-104000
066983,禾伸堂群益01購01,0,0,0,0,0,0,0,0,0,-104000,0,0,0,47000,151000,-104000,-104000
058623,國巨國票99購08  ,0,0,0,0,0,0,0,0,0,-104000,0,0,0,84000,188000,-104000,-104000
060259,潤泰全凱基9C購01,0,0,0,0,0,0,0,0,0,-104000,0,0,0,0,104000,-104000,-104000
058534,友達統一9B購01  ,0,0,0,0,0,0,0,0,0,-104000,0,0,0,161000,265000,-104000,-104000
03066P,台積電群益01售19,0,0,0,0,0,0,0,0,0,-104000,0,0,0,2000,106000,-104000,-104000
064133,力成元大9C購01  ,0,0,0,0,0,0,0,0,0,-104000,0,0,0,0,104000,-104000,-104000
064195,晶豪科群益9C購01,0,0,0,0,0,0,0,0,0,-104000,0,0,0,0,104000,-104000,-104000
065062,亞光群益9C購01  ,0,0,0,0,0,0,0,0,0,-104000,0,0,0,71000,175000,-104000,-104000
065097,貿聯元大9C購04  ,0,0,0,0,0,0,0,0,0,-104000,0,0,0,100000,204000,-104000,-104000
065696,旺宏群益9C購06  ,0,0,0,0,0,0,0,0,0,-104000,0,0,0,24000,128000,-104000,-104000
068219,聯發科統一03購06,0,0,0,0,0,0,0,0,0,-105000,0,0,0,0,105000,-105000,-105000
07708P,玉晶光元大9A售13,0,0,0,0,0,0,0,0,0,-105000,0,0,0,20000,125000,-105000,-105000
068506,GIS元大01購07   ,0,0,0,0,0,0,0,0,0,-105000,0,0,0,244000,349000,-105000,-105000
059515,牧德永豐99購01  ,0,0,0,0,0,0,0,0,0,-105000,0,0,0,60000,165000,-105000,-105000
062004,國巨國泰9C購03  ,0,0,0,0,0,0,0,0,0,-105000,0,0,0,8000,113000,-105000,-105000
060417,正隆永豐9A購01  ,0,0,0,0,0,0,0,0,0,-105000,0,0,0,11000,116000,-105000,-105000
063225,茂林群益9B購04  ,0,0,0,0,0,0,0,0,0,-105000,0,0,0,0,105000,-105000,-105000
065378,嘉澤元大01購01  ,0,0,0,0,0,0,0,0,0,-105000,0,0,0,10000,115000,-105000,-105000
065503,燿華永豐9C購04  ,0,0,0,0,0,0,0,0,0,-105000,0,0,0,0,105000,-105000,-105000
066684,T50反1元富07購01,0,0,0,0,0,0,0,0,0,-105000,0,0,0,0,105000,-105000,-105000
3645,達邁            ,257000,212000,45000,0,0,0,0,0,0,-150000,0,150000,-150000,0,0,0,-105000
068301,華通國票03購02  ,0,0,0,0,0,0,0,0,0,-106000,0,0,0,0,106000,-106000,-106000
068366,泰碩國泰03購02  ,0,0,0,0,0,0,0,0,0,-106000,0,0,0,50000,156000,-106000,-106000
07946P,華通統一9B售02  ,0,0,0,0,0,0,0,0,0,-106000,0,0,0,4000,110000,-106000,-106000
067012,台虹永豐01購02  ,0,0,0,0,0,0,0,0,0,-106000,0,0,0,1000,107000,-106000,-106000
059456,智易永豐99購01  ,0,0,0,0,0,0,0,0,0,-106000,0,0,0,64000,170000,-106000,-106000
058900,旺宏元大99購11  ,0,0,0,0,0,0,0,0,0,-106000,0,0,0,0,106000,-106000,-106000
03070P,台表科群益01售04,0,0,0,0,0,0,0,0,0,-106000,0,0,0,40000,146000,-106000,-106000
065458,立積元富03購02  ,0,0,0,0,0,0,0,0,0,-106000,0,0,0,20000,126000,-106000,-106000
064909,華擎麥證9C購01  ,0,0,0,312000,418000,-106000,0,0,0,-106000,0,0,0,312000,418000,-106000,-106000
6239,力成            ,1697301,2083713,-386412,0,0,0,388000,129000,259000,21000,8000,8000,0,21000,0,21000,-106412
067985,聚陽元大02購01  ,0,0,0,0,0,0,0,0,0,-107000,0,0,0,126000,233000,-107000,-107000
068546,國巨群益01購11  ,0,0,0,0,0,0,0,0,0,-107000,0,0,0,3000,110000,-107000,-107000
063529,聯茂凱基9B購02  ,0,0,0,0,0,0,0,0,0,-107000,0,0,0,0,107000,-107000,-107000
063966,大毅國票01購01  ,0,0,0,0,0,0,0,0,0,-107000,0,0,0,1000,108000,-107000,-107000
064278,高鐵元大9C購02  ,0,0,0,0,0,0,0,0,0,-107000,0,0,0,100000,207000,-107000,-107000
061134,大成鋼統一9C購01,0,0,0,0,0,0,0,0,0,-107000,0,0,0,1000,108000,-107000,-107000
064546,燿華凱基02購01  ,0,0,0,0,0,0,0,0,0,-107000,0,0,0,88000,195000,-107000,-107000
066777,群創富邦01購01  ,0,0,0,0,0,0,0,0,0,-107000,0,0,0,3000,110000,-107000,-107000
060456,正隆元大9A購01  ,0,0,0,0,0,0,0,0,0,-108000,0,0,0,22000,130000,-108000,-108000
063497,東元永豐9B購01  ,0,0,0,0,0,0,0,0,0,-108000,0,0,0,0,108000,-108000,-108000
063458,正隆元大9B購01  ,0,0,0,0,0,0,0,0,0,-108000,0,0,0,21000,129000,-108000,-108000
063683,大成鋼永豐9B購01,0,0,0,0,0,0,0,0,0,-108000,0,0,0,0,108000,-108000,-108000
066616,創意康和01購01  ,0,0,0,0,0,0,0,0,0,-108000,0,0,0,140000,248000,-108000,-108000
066590,華新科群益01購04,0,0,0,0,0,0,0,0,0,-108000,0,0,0,544000,652000,-108000,-108000
065274,南茂元大9C購03  ,0,0,0,0,0,0,0,0,0,-108000,0,0,0,125000,233000,-108000,-108000
08453P,玉晶光台新9C售02,0,0,0,0,0,0,0,0,0,-109000,0,0,0,643000,752000,-109000,-109000
067484,聯詠元大01購07  ,0,0,0,0,0,0,0,0,0,-109000,0,0,0,18000,127000,-109000,-109000
059942,全新永豐99購04  ,0,0,0,0,0,0,0,0,0,-109000,0,0,0,154000,263000,-109000,-109000
060283,台肥元大9C購01  ,0,0,0,0,0,0,0,0,0,-109000,0,0,0,1000,110000,-109000,-109000
063728,國巨元大9B購21  ,0,0,0,0,0,0,0,0,0,-109000,0,0,0,52000,161000,-109000,-109000
061425,華新科元大9A購19,0,0,0,0,0,0,0,0,0,-109000,0,0,0,20000,129000,-109000,-109000
08478P,臺股指凱基9C售16,0,0,0,0,0,0,0,0,0,-109000,0,0,0,265000,374000,-109000,-109000
067011,嘉基永豐01購03  ,0,0,0,0,0,0,0,0,0,-110000,0,0,0,224000,334000,-110000,-110000
067283,南亞科國票02購01,0,0,0,0,0,0,0,0,0,-110000,0,0,0,0,110000,-110000,-110000
068095,GIS群益01購01   ,0,0,0,0,0,0,0,0,0,-110000,0,0,0,2000,112000,-110000,-110000
08434P,臺股指凱基03售02,0,0,0,0,0,0,0,0,0,-110000,0,0,0,306000,416000,-110000,-110000
08380P,GIS元大9C售06   ,0,0,0,0,0,0,0,0,0,-110000,0,0,0,0,110000,-110000,-110000
068420,大立光兆豐01購03,0,0,0,0,0,0,0,0,0,-110000,0,0,0,0,110000,-110000,-110000
068852,可成統一04購01  ,0,0,0,0,0,0,0,0,0,-110000,0,0,0,0,110000,-110000,-110000
068828,台郡元大02購02  ,0,0,0,0,0,0,0,0,0,-110000,0,0,0,22000,132000,-110000,-110000
057842,緯穎富邦99購02  ,0,0,0,0,0,0,0,0,0,-110000,0,0,0,0,110000,-110000,-110000
059224,大立光元大99購15,0,0,0,0,0,0,0,0,0,-110000,0,0,0,0,110000,-110000,-110000
057768,華新科中信9A購01,0,0,0,0,0,0,0,0,0,-110000,0,0,0,0,110000,-110000,-110000
056747,致新凱基99購01  ,0,0,0,0,0,0,0,0,0,-110000,0,0,0,20000,130000,-110000,-110000
056907,群創元大9C購04  ,0,0,0,0,0,0,0,0,0,-110000,0,0,0,20000,130000,-110000,-110000
053388,群創元大9C購02  ,0,0,0,0,0,0,0,0,0,-110000,0,0,0,0,110000,-110000,-110000
03044P,康控國票03售01  ,0,0,0,0,0,0,0,0,0,-110000,0,0,0,20000,130000,-110000,-110000
061776,晶技國票9B購01  ,0,0,0,0,0,0,0,0,0,-110000,0,0,0,23000,133000,-110000,-110000
063472,茂林元大9B購04  ,0,0,0,0,0,0,0,0,0,-110000,0,0,0,17000,127000,-110000,-110000
063252,緯穎元大9B購07  ,0,0,0,0,0,0,0,0,0,-110000,0,0,0,0,110000,-110000,-110000
064107,友達兆豐01購01  ,0,0,0,0,0,0,0,0,0,-110000,0,0,0,0,110000,-110000,-110000
066680,友達兆豐01購02  ,0,0,0,0,0,0,0,0,0,-110000,0,0,0,0,110000,-110000,-110000
066750,緯穎元大01購04  ,0,0,0,0,0,0,0,0,0,-110000,0,0,0,20000,130000,-110000,-110000
08754P,臺股指群益01售04,0,0,0,0,0,0,0,0,0,-110000,0,0,0,399000,509000,-110000,-110000
08994P,台灣50群益01售11,0,0,0,0,0,0,0,0,0,-110000,0,0,0,0,110000,-110000,-110000
6412,群電            ,223000,156000,67000,0,0,0,0,163000,-163000,-14000,0,3000,-3000,0,11000,-11000,-110000
068113,台光電元富07購01,0,0,0,0,0,0,0,0,0,-111000,0,0,0,83000,194000,-111000,-111000
067677,大立光元大01購13,0,0,0,0,0,0,0,0,0,-111000,0,0,0,0,111000,-111000,-111000
03108P,台積電元大01售40,0,0,0,0,0,0,0,0,0,-111000,0,0,0,0,111000,-111000,-111000
057446,旺宏元富02購01  ,0,0,0,0,0,0,0,0,0,-111000,0,0,0,0,111000,-111000,-111000
064041,國巨統一01購07  ,0,0,0,0,0,0,0,0,0,-111000,0,0,0,5000,116000,-111000,-111000
065712,緯穎群益9C購03  ,0,0,0,0,0,0,0,0,0,-111000,0,0,0,5000,116000,-111000,-111000
067022,台虹中信01購01  ,0,0,0,0,0,0,0,0,0,-112000,0,0,0,0,112000,-112000,-112000
067109,晶豪科群益01購01,0,0,0,0,0,0,0,0,0,-112000,0,0,0,0,112000,-112000,-112000
068620,聯電群益03購05  ,0,0,0,0,0,0,0,0,0,-112000,0,0,0,23000,135000,-112000,-112000
068677,日月光元富07購01,0,0,0,0,0,0,0,0,0,-112000,0,0,0,14000,126000,-112000,-112000
068377,京元電永豐01購03,0,0,0,0,0,0,0,0,0,-112000,0,0,0,25000,137000,-112000,-112000
068388,宏碁統一03購02  ,0,0,0,0,0,0,0,0,0,-112000,0,0,0,0,112000,-112000,-112000
054169,上緯控凱基98購01,0,0,0,0,0,0,0,0,0,-112000,0,0,0,28000,140000,-112000,-112000
060731,奇力新群益9A購01,0,0,0,0,0,0,0,0,0,-112000,0,0,0,10000,122000,-112000,-112000
063026,南六元大9B購04  ,0,0,0,0,0,0,0,0,0,-112000,0,0,0,143000,255000,-112000,-112000
063722,遠東新元大9B購02,0,0,0,0,0,0,0,0,0,-112000,0,0,0,28000,140000,-112000,-112000
061689,國巨群益9A購12  ,0,0,0,0,0,0,0,0,0,-112000,0,0,0,41000,153000,-112000,-112000
065241,南電凱基01購02  ,0,0,0,0,0,0,0,0,0,-112000,0,0,0,34000,146000,-112000,-112000
068684,台積電中信02購02,0,0,0,0,0,0,0,0,0,-113000,0,0,0,2000,115000,-113000,-113000
067543,臻鼎群益01購01  ,0,0,0,0,0,0,0,0,0,-113000,0,0,0,57000,170000,-113000,-113000
067745,泰鼎元大01購03  ,0,0,0,0,0,0,0,0,0,-113000,0,0,0,249000,362000,-113000,-113000
061496,華新科國票9A購07,0,0,0,0,0,0,0,0,0,-113000,0,0,0,0,113000,-113000,-113000
064407,貿聯凱基02購02  ,0,0,0,0,0,0,0,0,0,-113000,0,0,0,0,113000,-113000,-113000
064650,台表科凱基03購01,0,0,0,0,0,0,0,0,0,-113000,0,0,0,108000,221000,-113000,-113000
064764,聯茂凱基01購01  ,0,0,0,0,0,0,0,0,0,-113000,0,0,0,11000,124000,-113000,-113000
067009,樺漢永豐01購01  ,0,0,0,0,0,0,0,0,0,-114000,0,0,0,223000,337000,-114000,-114000
068819,國揚元大02購01  ,0,0,0,0,0,0,0,0,0,-114000,0,0,0,2000,116000,-114000,-114000
068545,帆宣康和01購01  ,0,0,0,0,0,0,0,0,0,-114000,0,0,0,83000,197000,-114000,-114000
058613,茂林元大99購03  ,0,0,0,0,0,0,0,0,0,-114000,0,0,0,3000,117000,-114000,-114000
062089,矽創元大9B購02  ,0,0,0,0,0,0,0,0,0,-114000,0,0,0,18000,132000,-114000,-114000
062520,晶豪科元大9B購02,40000,0,40000,0,0,0,0,0,0,-154000,0,0,0,100000,254000,-154000,-114000
064186,燿華永豐9C購01  ,0,0,0,0,0,0,0,0,0,-114000,0,0,0,22000,136000,-114000,-114000
065173,可成元大9C購10  ,0,0,0,0,0,0,0,0,0,-114000,0,0,0,9000,123000,-114000,-114000
065840,國巨元大03購01  ,0,0,0,0,0,0,0,0,0,-114000,0,0,0,12000,126000,-114000,-114000
066369,瀚宇博中信01購01,0,0,0,0,0,0,0,0,0,-114000,0,0,0,43000,157000,-114000,-114000
08578P,TPK元大9C售04   ,0,0,0,0,0,0,0,0,0,-114000,0,0,0,49000,163000,-114000,-114000
9933,中鼎            ,218000,98000,120000,0,0,0,0,0,0,-234000,0,6000,-6000,0,228000,-228000,-114000
068335,牧德元大03購02  ,0,0,0,0,0,0,0,0,0,-115000,0,0,0,40000,155000,-115000,-115000
068921,奇鋐元富08購01  ,0,0,0,0,0,0,0,0,0,-115000,0,0,0,0,115000,-115000,-115000
067680,聯詠元大01購08  ,0,0,0,0,0,0,0,0,0,-115000,0,0,0,65000,180000,-115000,-115000
068173,友達中信01購05  ,0,0,0,0,0,0,0,0,0,-115000,0,0,0,55000,170000,-115000,-115000
062780,旺宏元大01購01  ,0,0,0,0,0,0,0,0,0,-115000,0,0,0,0,115000,-115000,-115000
059531,華新科凱基9B購02,0,0,0,0,0,0,0,0,0,-115000,0,0,0,0,115000,-115000,-115000
057969,緯穎國泰99購01  ,0,0,0,0,0,0,0,0,0,-115000,0,0,0,43000,158000,-115000,-115000
057964,緯穎元大99購03  ,0,0,0,0,0,0,0,0,0,-115000,0,0,0,134000,249000,-115000,-115000
060894,奇力新凱基9A購03,0,0,0,0,0,0,0,0,0,-115000,0,0,0,50000,165000,-115000,-115000
060644,泰鼎永豐9A購02  ,0,0,0,0,0,0,0,0,0,-115000,0,0,0,28000,143000,-115000,-115000
060367,緯穎元富9A購02  ,0,0,0,0,0,0,0,0,0,-115000,0,0,0,0,115000,-115000,-115000
066575,緯穎元大01購03  ,0,0,0,0,0,0,0,0,0,-115000,0,0,0,26000,141000,-115000,-115000
1560,中砂            ,23000,118000,-95000,0,0,0,0,0,0,-20000,0,20000,-20000,0,0,0,-115000
068090,大成鋼群益01購02,0,0,0,0,0,0,0,0,0,-116000,0,0,0,0,116000,-116000,-116000
067091,台虹元大01購02  ,0,0,0,0,0,0,0,0,0,-116000,0,0,0,84000,200000,-116000,-116000
07917P,可成永豐9B售01  ,0,0,0,0,0,0,0,0,0,-116000,0,0,0,0,116000,-116000,-116000
07840P,康控元大9A售02  ,0,0,0,0,0,0,0,0,0,-116000,0,0,0,4000,120000,-116000,-116000
068264,達新永豐01購01  ,0,0,0,0,0,0,0,0,0,-116000,0,0,0,113000,229000,-116000,-116000
066357,昇陽半永豐01購01,0,0,0,0,0,0,0,0,0,-116000,0,0,0,19000,135000,-116000,-116000
065040,燿華凱基9C購01  ,0,0,0,0,0,0,0,0,0,-116000,0,0,0,65000,181000,-116000,-116000
065499,京元電富邦01購01,0,0,0,0,0,0,0,0,0,-116000,0,0,0,311000,427000,-116000,-116000
064581,葡萄王永豐9C購01,0,0,0,0,0,0,0,0,0,-116000,0,0,0,0,116000,-116000,-116000
08763P,健策永豐01售02  ,0,0,0,0,0,0,0,0,0,-116000,0,0,0,0,116000,-116000,-116000
068222,緯創統一01購02  ,0,0,0,0,0,0,0,0,0,-117000,0,0,0,27000,144000,-117000,-117000
056124,華通國票98購02  ,0,0,0,0,0,0,0,0,0,-117000,0,0,0,28000,145000,-117000,-117000
064580,統一永豐9C購01  ,0,0,0,0,0,0,0,0,0,-117000,0,0,0,0,117000,-117000,-117000
065321,瑞昱凱基9C購01  ,0,0,0,0,0,0,0,0,0,-117000,0,0,0,227000,344000,-117000,-117000
065847,嘉晶元大9C購03  ,0,0,0,0,0,0,0,0,0,-117000,0,0,0,21000,138000,-117000,-117000
065818,奇鋐元富9C購01  ,0,0,0,0,0,0,0,0,0,-117000,0,0,0,33000,150000,-117000,-117000
08743P,群創凱基01售04  ,0,0,0,0,0,0,0,0,0,-117000,0,0,0,0,117000,-117000,-117000
067473,旺宏元大02購01  ,0,0,0,0,0,0,0,0,0,-118000,0,0,0,6000,124000,-118000,-118000
068760,精元永豐02購01  ,0,0,0,0,0,0,0,0,0,-118000,0,0,0,201000,319000,-118000,-118000
059090,台新金元大99購01,0,0,0,0,0,0,0,0,0,-118000,0,0,0,0,118000,-118000,-118000
063973,緯穎國票9C購01  ,0,0,0,0,0,0,0,0,0,-118000,0,0,0,26000,144000,-118000,-118000
063286,嘉澤元大9B購04  ,0,0,0,0,0,0,0,0,0,-118000,0,0,0,111000,229000,-118000,-118000
066203,景碩統一03購01  ,0,0,0,0,0,0,0,0,0,-118000,0,0,0,666000,784000,-118000,-118000
064885,T50反1中信04購01,0,0,0,0,0,0,0,0,0,-118000,0,0,0,12000,130000,-118000,-118000
08331P,義隆元富9C售02  ,0,0,0,0,0,0,0,0,0,-119000,0,0,0,3000,122000,-119000,-119000
067475,微星元大01購05  ,0,0,0,0,0,0,0,0,0,-119000,0,0,0,200000,319000,-119000,-119000
067678,大立光元大02購02,0,0,0,0,0,0,0,0,0,-119000,0,0,0,50000,169000,-119000,-119000
067791,康舒群益01購01  ,0,0,0,0,0,0,0,0,0,-119000,0,0,0,96000,215000,-119000,-119000
063596,嘉澤中信9B購01  ,0,0,0,0,0,0,0,0,0,-119000,0,0,0,3000,122000,-119000,-119000
064622,晶技元大01購01  ,0,0,0,0,0,0,0,0,0,-119000,0,0,0,1000,120000,-119000,-119000
066834,泰鼎群益01購01  ,0,0,0,0,0,0,0,0,0,-119000,0,0,0,55000,174000,-119000,-119000
067659,滬深2X元大03購05,0,0,0,0,0,0,0,0,0,-120000,0,0,0,0,120000,-120000,-120000
067936,泰碩凱基01購02  ,0,0,0,0,0,0,0,0,0,-120000,0,0,0,40000,160000,-120000,-120000
07055P,景碩群益9A售02  ,0,0,0,0,0,0,0,0,0,-120000,0,0,0,120000,240000,-120000,-120000
068445,精成科凱基01購01,0,0,0,0,0,0,0,0,0,-120000,0,0,0,100000,220000,-120000,-120000
058092,牧德元大98購02  ,0,0,0,0,0,0,0,0,0,-120000,0,0,0,0,120000,-120000,-120000
059984,華新科元大99購21,0,0,0,0,0,0,0,0,0,-120000,0,0,0,0,120000,-120000,-120000
057412,臺股指群益99購06,0,0,0,0,0,0,0,0,0,-120000,0,0,0,0,120000,-120000,-120000
03005P,旭富群益01售05  ,0,0,0,0,0,0,0,0,0,-120000,0,0,0,0,120000,-120000,-120000
053212,友達凱基99購04  ,0,0,0,0,0,0,0,0,0,-120000,0,0,0,0,120000,-120000,-120000
062445,大立光元大9C購02,0,0,0,0,0,0,0,0,0,-120000,0,0,0,0,120000,-120000,-120000
060889,國泰金統一9C購01,0,0,0,0,0,0,0,0,0,-120000,0,0,0,0,120000,-120000,-120000
066842,卜蜂元大01購01  ,0,0,0,0,0,0,0,0,0,-120000,0,0,0,0,120000,-120000,-120000
066288,晶碩元大01購01  ,0,0,0,0,0,0,0,0,0,-120000,0,0,0,0,120000,-120000,-120000
066074,文曄凱基01購01  ,0,0,0,0,0,0,0,0,0,-120000,0,0,0,52000,172000,-120000,-120000
065734,凌華凱基9C購01  ,0,0,0,0,0,0,0,0,0,-120000,0,0,0,0,120000,-120000,-120000
064329,國巨元大01購03  ,0,0,0,0,0,0,0,0,0,-120000,0,0,0,10000,130000,-120000,-120000
3653,健策            ,303000,349000,-46000,0,0,0,143000,0,143000,-217000,18000,212000,-194000,22000,45000,-23000,-120000
3413,京鼎            ,369000,389000,-20000,0,0,0,66000,0,66000,-166000,60000,15000,45000,18000,229000,-211000,-120000
068842,國巨統一02購05  ,0,0,0,0,0,0,0,0,0,-121000,0,0,0,2000,123000,-121000,-121000
08398P,台積電元富9C售04,0,0,0,0,0,0,0,0,0,-121000,0,0,0,0,121000,-121000,-121000
067661,大成元大01購01  ,0,0,0,0,0,0,0,0,0,-121000,0,0,0,4000,125000,-121000,-121000
067564,訊芯國票02購01  ,0,0,0,0,0,0,0,0,0,-121000,0,0,0,47000,168000,-121000,-121000
067207,微星元大01購04  ,0,0,0,0,0,0,0,0,0,-121000,0,0,0,349000,470000,-121000,-121000
058055,華擎統一9A購01  ,0,0,0,0,0,0,0,0,0,-121000,0,0,0,0,121000,-121000,-121000
058248,聯茂元大99購05  ,0,0,0,0,0,0,0,0,0,-121000,0,0,0,277000,398000,-121000,-121000
062942,嘉澤凱基9B購02  ,0,0,0,0,0,0,0,0,0,-121000,0,0,0,34000,155000,-121000,-121000
064105,南茂群益9C購01  ,0,0,0,0,0,0,0,0,0,-121000,0,0,0,100000,221000,-121000,-121000
061168,力成兆豐9A購01  ,0,0,0,0,0,0,0,0,0,-121000,0,0,0,0,121000,-121000,-121000
064313,嘉晶群益9C購02  ,0,0,0,0,0,0,0,0,0,-121000,0,0,0,1000,122000,-121000,-121000
064559,旺宏群益01購02  ,0,0,0,0,0,0,0,0,0,-121000,0,0,0,0,121000,-121000,-121000
065012,燿華國泰02購01  ,0,0,0,0,0,0,0,0,0,-121000,0,0,0,467000,588000,-121000,-121000
066349,聚碩永豐01購01  ,0,0,0,0,0,0,0,0,0,-121000,0,0,0,0,121000,-121000,-121000
066562,上緯控元大01購01,0,0,0,0,0,0,0,0,0,-121000,0,0,0,164000,285000,-121000,-121000
3712,永崴投控        ,213000,334000,-121000,0,0,0,0,0,0,0,0,0,0,0,0,0,-121000
08972P,義隆永豐01售02  ,0,0,0,0,0,0,0,0,0,-121000,0,0,0,34000,155000,-121000,-121000
067469,國巨元大01購09  ,0,0,0,0,0,0,0,0,0,-122000,0,0,0,5000,127000,-122000,-122000
068402,群光元富03購01  ,0,0,0,0,0,0,0,0,0,-122000,0,0,0,496000,618000,-122000,-122000
068530,瀚宇博元富04購02,0,0,0,0,0,0,0,0,0,-122000,0,0,0,29000,151000,-122000,-122000
068356,奇力新凱基01購03,0,0,0,0,0,0,0,0,0,-122000,0,0,0,10000,132000,-122000,-122000
061350,牧德元大9B購03  ,0,0,0,0,0,0,0,0,0,-122000,0,0,0,35000,157000,-122000,-122000
066785,台光電麥證01購01,0,0,0,79000,201000,-122000,0,0,0,-122000,0,0,0,79000,201000,-122000,-122000
07731P,臺股指凱基9A售28,0,0,0,0,0,0,0,0,0,-123000,0,0,0,30000,153000,-123000,-123000
067560,聯詠國票02購01  ,50000,0,50000,0,0,0,0,0,0,-173000,0,0,0,209000,382000,-173000,-123000
068204,玉晶光凱基03購05,0,0,0,0,0,0,0,0,0,-123000,0,0,0,50000,173000,-123000,-123000
068112,宏碁元富07購01  ,0,0,0,0,0,0,0,0,0,-123000,0,0,0,15000,138000,-123000,-123000
058841,深中小群益01購01,0,0,0,0,0,0,0,0,0,-123000,0,0,0,48000,171000,-123000,-123000
064165,同欣電統一01購01,0,0,0,0,0,0,0,0,0,-123000,0,0,0,60000,183000,-123000,-123000
063852,瀚宇博元大9C購01,0,0,0,0,0,0,0,0,0,-123000,0,0,0,323000,446000,-123000,-123000
065403,健鼎國泰02購01  ,0,0,0,0,0,0,0,0,0,-123000,0,0,0,44000,167000,-123000,-123000
068101,奇力新永豐01購01,0,0,0,0,0,0,0,0,0,-124000,0,0,0,8000,132000,-124000,-124000
08178P,南亞科元大9B售01,0,0,0,0,0,0,0,0,0,-124000,0,0,0,11000,135000,-124000,-124000
060698,旺宏國泰9C購01  ,0,0,0,0,0,0,0,0,0,-124000,0,0,0,50000,174000,-124000,-124000
063610,儒鴻群益9B購02  ,0,0,0,0,0,0,0,0,0,-124000,0,0,0,438000,562000,-124000,-124000
065030,亞光兆豐9C購01  ,0,0,0,0,0,0,0,0,0,-124000,0,0,0,78000,202000,-124000,-124000
08389P,技嘉國票9C售01  ,0,0,0,0,0,0,0,0,0,-125000,0,0,0,0,125000,-125000,-125000
068609,華擎凱基03購01  ,0,0,0,0,0,0,0,0,0,-125000,0,0,0,0,125000,-125000,-125000
068104,彩晶永豐01購01  ,0,0,0,0,0,0,0,0,0,-125000,0,0,0,194000,319000,-125000,-125000
067478,興勤元大01購01  ,0,0,0,0,0,0,0,0,0,-125000,0,0,0,0,125000,-125000,-125000
067125,健策富邦03購01  ,0,0,0,0,0,0,0,0,0,-125000,0,0,0,1000,126000,-125000,-125000
057105,致茂群益9A購01  ,0,0,0,0,0,0,0,0,0,-125000,0,0,0,369000,494000,-125000,-125000
063562,國巨元大9C購06  ,0,0,0,0,0,0,0,0,0,-125000,0,0,0,0,125000,-125000,-125000
065006,景碩國票01購01  ,0,0,0,0,0,0,0,0,0,-125000,0,0,0,223000,348000,-125000,-125000
064560,技嘉群益01購01  ,0,0,0,0,0,0,0,0,0,-125000,0,0,0,62000,187000,-125000,-125000
066639,彩晶凱基05購01  ,0,0,0,0,0,0,0,0,0,-125000,0,0,0,90000,215000,-125000,-125000
066327,強茂永豐01購01  ,0,0,0,0,0,0,0,0,0,-125000,0,0,0,5000,130000,-125000,-125000
08699P,南電元大01售05  ,0,0,0,0,0,0,0,0,0,-125000,0,0,0,6000,131000,-125000,-125000
3036,文曄            ,171000,316000,-145000,0,0,0,1000,0,1000,19000,69000,105000,-36000,55000,0,55000,-125000
062499,鴻海群益01購01  ,0,0,0,0,0,0,0,0,0,-126000,0,0,0,24000,150000,-126000,-126000
064180,國巨富邦02購03  ,0,0,0,0,0,0,0,0,0,-126000,0,0,0,30000,156000,-126000,-126000
066406,南六凱基01購02  ,0,0,0,0,0,0,0,0,0,-126000,0,0,0,15000,141000,-126000,-126000
064935,寶成統一02購02  ,0,0,0,0,0,0,0,0,0,-126000,0,0,0,218000,344000,-126000,-126000
067160,燿華國票03購01  ,0,0,0,0,0,0,0,0,0,-127000,0,0,0,103000,230000,-127000,-127000
066615,長榮航康和01購01,0,0,0,0,0,0,0,0,0,-127000,0,0,0,0,127000,-127000,-127000
066225,松翰國泰03購01  ,0,0,0,0,0,0,0,0,0,-127000,0,0,0,25000,152000,-127000,-127000
6177,達麗            ,54000,181000,-127000,0,0,0,0,0,0,0,0,0,0,0,0,0,-127000
07845P,南亞科元大9A售08,0,0,0,0,0,0,0,0,0,-128000,0,0,0,10000,138000,-128000,-128000
057684,聯茂日盛99購01  ,0,0,0,0,0,0,0,0,0,-128000,0,0,0,43000,171000,-128000,-128000
064018,儒鴻元大9C購02  ,0,0,0,0,0,0,0,0,0,-128000,0,0,0,119000,247000,-128000,-128000
062413,台光電中信9B購02,0,0,0,0,0,0,0,0,0,-128000,0,0,0,167000,295000,-128000,-128000
063595,燿華中信9B購02  ,0,0,0,0,0,0,0,0,0,-128000,0,0,0,2000,130000,-128000,-128000
066146,昇陽半群益01購02,0,0,0,0,0,0,0,0,0,-128000,0,0,0,9000,137000,-128000,-128000
2615,萬海            ,120000,210000,-90000,0,0,0,0,0,0,-38000,11000,49000,-38000,0,0,0,-128000
057812,友達元大9A購05  ,0,0,0,0,0,0,0,0,0,-129000,0,0,0,135000,264000,-129000,-129000
063379,帆宣永豐9B購01  ,0,0,0,0,0,0,0,0,0,-129000,0,0,0,22000,151000,-129000,-129000
2727,王品            ,0,129000,-129000,0,0,0,0,0,0,0,0,0,0,0,0,0,-129000
067613,康舒凱基01購01  ,0,0,0,0,0,0,0,0,0,-130000,0,0,0,154000,284000,-130000,-130000
058073,大立光凱基99購04,0,0,0,0,0,0,0,0,0,-130000,0,0,0,2000,132000,-130000,-130000
03035P,玉晶光國票01售07,0,0,0,0,0,0,0,0,0,-130000,0,0,0,2000,132000,-130000,-130000
061978,旺宏元大9C購01  ,0,0,0,0,0,0,0,0,0,-130000,0,0,0,20000,150000,-130000,-130000
061620,禾伸堂群益9A購02,0,0,0,0,0,0,0,0,0,-130000,0,0,0,0,130000,-130000,-130000
061785,奇力新群益9B購01,0,0,0,0,0,0,0,0,0,-130000,0,0,0,0,130000,-130000,-130000
064057,緯穎統一02購01  ,0,0,0,0,0,0,0,0,0,-130000,0,0,0,75000,205000,-130000,-130000
066626,盟立凱基01購01  ,0,0,0,0,0,0,0,0,0,-130000,0,0,0,240000,370000,-130000,-130000
2108,南帝            ,669000,466000,203000,0,0,0,0,0,0,-333000,0,0,0,10000,343000,-333000,-130000
08610P,鴻海凱基9C售05  ,0,0,0,0,0,0,0,0,0,-130000,0,0,0,71000,201000,-130000,-130000
068745,上銀群益02購01  ,0,0,0,0,0,0,0,0,0,-131000,0,0,0,59000,190000,-131000,-131000
068418,微星兆豐03購01  ,0,0,0,0,0,0,0,0,0,-131000,0,0,0,34000,165000,-131000,-131000
064158,健鼎統一02購01  ,0,0,0,0,0,0,0,0,0,-131000,0,0,0,55000,186000,-131000,-131000
062610,啟碁凱基9B購01  ,0,0,0,0,0,0,0,0,0,-131000,0,0,0,43000,174000,-131000,-131000
060850,康友國票9A購03  ,0,0,0,0,0,0,0,0,0,-131000,0,0,0,40000,171000,-131000,-131000
066041,台光電元大01購02,0,0,0,0,0,0,0,0,0,-131000,0,0,0,56000,187000,-131000,-131000
064536,富邦金國票01購01,0,0,0,0,0,0,0,0,0,-131000,0,0,0,205000,336000,-131000,-131000
065481,臻鼎元大9C購04  ,0,0,0,0,0,0,0,0,0,-131000,0,0,0,173000,304000,-131000,-131000
065400,華擎群益01購02  ,0,0,0,0,0,0,0,0,0,-131000,0,0,0,0,131000,-131000,-131000
2545,皇翔            ,13000,144000,-131000,0,0,0,0,0,0,0,0,0,0,0,0,0,-131000
068547,台積電群益01購21,0,0,0,0,0,0,0,0,0,-132000,0,0,0,120000,252000,-132000,-132000
068701,道瓊銀國票02購01,0,0,0,0,0,0,0,0,0,-132000,0,0,0,0,132000,-132000,-132000
059509,奇力新永豐99購02,0,0,0,0,0,0,0,0,0,-132000,0,0,0,57000,189000,-132000,-132000
059453,奇力新永豐99購01,0,0,0,0,0,0,0,0,0,-132000,0,0,0,10000,142000,-132000,-132000
063285,華擎元大9B購03  ,0,0,0,0,0,0,0,0,0,-132000,0,0,0,78000,210000,-132000,-132000
063736,大立光元大9B購08,0,0,0,0,0,0,0,0,0,-132000,0,0,0,3000,135000,-132000,-132000
065213,南六國票01購03  ,0,0,0,0,0,0,0,0,0,-132000,0,0,0,0,132000,-132000,-132000
066762,總太永豐01購02  ,0,0,0,0,0,0,0,0,0,-132000,0,0,0,0,132000,-132000,-132000
067817,玉晶光凱基02購01,0,0,0,0,0,0,0,0,0,-133000,0,0,0,80000,213000,-133000,-133000
056904,大立光元大99購05,0,0,0,0,0,0,0,0,0,-133000,0,0,0,20000,153000,-133000,-133000
055487,國巨元大98購07  ,0,0,0,0,0,0,0,0,0,-133000,0,0,0,10000,143000,-133000,-133000
063230,緯穎群益9B購02  ,0,0,0,0,0,0,0,0,0,-133000,0,0,0,25000,158000,-133000,-133000
060718,中磊永豐9A購01  ,0,0,0,0,0,0,0,0,0,-133000,0,0,0,0,133000,-133000,-133000
066872,亞光國泰03購01  ,0,0,0,0,0,0,0,0,0,-133000,0,0,0,222000,355000,-133000,-133000
064933,矽創統一01購01  ,0,0,0,0,0,0,0,0,0,-133000,0,0,0,115000,248000,-133000,-133000
067483,禾伸堂元大01購02,0,0,0,0,0,0,0,0,0,-134000,0,0,0,151000,285000,-134000,-134000
067351,國巨群益01購08  ,0,0,0,0,0,0,0,0,0,-134000,0,0,0,92000,226000,-134000,-134000
062382,燿華國泰9C購01  ,0,0,0,0,0,0,0,0,0,-134000,0,0,0,143000,277000,-134000,-134000
064001,華通凱基02購01  ,0,0,0,0,0,0,0,0,0,-134000,0,0,0,100000,234000,-134000,-134000
064679,晶技兆豐9C購01  ,0,0,0,0,0,0,0,0,0,-134000,0,0,0,10000,144000,-134000,-134000
064507,臻鼎元大9C購02  ,0,0,0,0,0,0,0,0,0,-134000,0,0,0,58000,192000,-134000,-134000
2606,裕民            ,127000,254000,-127000,0,0,0,0,0,0,-7000,0,7000,-7000,0,0,0,-134000
067620,聚陽國泰02購01  ,0,0,0,0,0,0,0,0,0,-135000,0,0,0,395000,530000,-135000,-135000
068306,建準國票03購01  ,0,0,0,0,0,0,0,0,0,-135000,0,0,0,67000,202000,-135000,-135000
059954,華新科康和99購01,0,0,0,0,0,0,0,0,0,-135000,0,0,0,46000,181000,-135000,-135000
057639,國巨元大99購07  ,0,0,0,0,0,0,0,0,0,-135000,0,0,0,0,135000,-135000,-135000
064931,南六統一9C購05  ,0,0,0,0,0,0,0,0,0,-135000,0,0,0,245000,380000,-135000,-135000
060109,茂林元大99購05  ,0,0,0,0,0,0,0,0,0,-136000,0,0,0,12000,148000,-136000,-136000
063187,全新凱基9B購02  ,0,0,0,0,0,0,0,0,0,-136000,0,0,0,60000,196000,-136000,-136000
056943,華通統一99購01  ,0,0,0,0,0,0,0,0,0,-136000,0,0,0,319000,455000,-136000,-136000
055446,奇力新統一9A購01,0,0,0,0,0,0,0,0,0,-136000,0,0,0,170000,306000,-136000,-136000
062264,南六元大9B購02  ,0,0,0,0,0,0,0,0,0,-136000,0,0,0,89000,225000,-136000,-136000
062207,牧德國票9B購02  ,0,0,0,0,0,0,0,0,0,-136000,0,0,0,0,136000,-136000,-136000
066938,敦泰國票02購01  ,0,0,0,0,0,0,0,0,0,-136000,0,0,0,11000,147000,-136000,-136000
068657,台積電元大02購10,0,0,0,0,0,0,0,0,0,-137000,0,0,0,0,137000,-137000,-137000
068056,台表科統一03購01,0,0,0,0,0,0,0,0,0,-137000,0,0,0,40000,177000,-137000,-137000
067420,國巨凱基02購03  ,0,0,0,0,0,0,0,0,0,-137000,0,0,0,43000,180000,-137000,-137000
059261,華邦電中信01購01,0,0,0,0,0,0,0,0,0,-137000,0,0,0,135000,272000,-137000,-137000
057963,緯穎元大98購08  ,0,0,0,0,0,0,0,0,0,-137000,0,0,0,7000,144000,-137000,-137000
062184,奇鋐元大9B購02  ,0,0,0,0,0,0,0,0,0,-137000,0,0,0,17000,154000,-137000,-137000
062060,奇鋐統一9C購01  ,0,0,0,0,0,0,0,0,0,-137000,0,0,0,55000,192000,-137000,-137000
064817,鈺齊元大9C購02  ,0,0,0,0,0,0,0,0,0,-137000,0,0,0,26000,163000,-137000,-137000
065545,華通兆豐9C購03  ,0,0,0,0,0,0,0,0,0,-137000,0,0,0,0,137000,-137000,-137000
067289,燿華兆豐03購01  ,0,0,0,0,0,0,0,0,0,-138000,0,0,0,108000,246000,-138000,-138000
067213,大立光元大01購11,0,0,0,0,0,0,0,0,0,-138000,0,0,0,19000,157000,-138000,-138000
059279,台灣50富邦9C購03,0,0,0,0,0,0,0,0,0,-138000,0,0,0,0,138000,-138000,-138000
062050,亞德客統一9C購01,0,0,0,0,0,0,0,0,0,-138000,0,0,0,387000,525000,-138000,-138000
061192,奇鋐永豐9A購01  ,0,0,0,0,0,0,0,0,0,-138000,0,0,0,0,138000,-138000,-138000
061525,華新科凱基9A購13,0,0,0,0,0,0,0,0,0,-138000,0,0,0,240000,378000,-138000,-138000
061848,國巨國票9B購07  ,0,0,0,0,0,0,0,0,0,-138000,0,0,0,2000,140000,-138000,-138000
065698,旺宏群益9C購08  ,0,0,0,0,0,0,0,0,0,-138000,0,0,0,0,138000,-138000,-138000
2911,麗嬰房          ,1000,139000,-138000,0,0,0,0,0,0,0,0,0,0,0,0,0,-138000
068525,京元電元富07購01,0,0,0,0,0,0,0,0,0,-139000,0,0,0,19000,158000,-139000,-139000
08315P,台積電元大9C售08,0,0,0,0,0,0,0,0,0,-139000,0,0,0,80000,219000,-139000,-139000
059872,華新科凱基01購01,0,0,0,0,0,0,0,0,0,-139000,0,0,0,0,139000,-139000,-139000
063586,燿華永豐9B購02  ,0,0,0,0,0,0,0,0,0,-139000,0,0,0,10000,149000,-139000,-139000
062363,燿華元大9B購03  ,0,0,0,0,0,0,0,0,0,-139000,0,0,0,50000,189000,-139000,-139000
066409,勤誠凱基01購01  ,0,0,0,0,0,0,0,0,0,-139000,0,0,0,81000,220000,-139000,-139000
065089,大立光元大9C購23,0,0,0,0,0,0,0,0,0,-139000,0,0,0,0,139000,-139000,-139000
065134,中石化凱基01購01,0,0,0,0,0,0,0,0,0,-139000,0,0,0,180000,319000,-139000,-139000
064893,金像電群益01購02,0,0,0,0,0,0,0,0,0,-139000,0,0,0,56000,195000,-139000,-139000
068592,台積電統一01購13,0,0,0,0,0,0,0,0,0,-140000,0,0,0,0,140000,-140000,-140000
068736,南電元大02購02  ,0,0,0,0,0,0,0,0,0,-140000,0,0,0,104000,244000,-140000,-140000
068864,欣興元富08購01  ,0,0,0,0,0,0,0,0,0,-140000,0,0,0,108000,248000,-140000,-140000
067514,申豐統一02購05  ,0,0,0,0,0,0,0,0,0,-140000,0,0,0,51000,191000,-140000,-140000
053276,友達元大9C購01  ,0,0,0,0,0,0,0,0,0,-140000,0,0,0,483000,623000,-140000,-140000
058628,宏達電國票9A購01,0,0,0,0,0,0,0,0,0,-140000,0,0,0,0,140000,-140000,-140000
058495,元大金群益9B購01,0,0,0,0,0,0,0,0,0,-140000,0,0,0,108000,248000,-140000,-140000
061859,勤誠國票9B購01  ,0,0,0,0,0,0,0,0,0,-140000,0,0,0,0,140000,-140000,-140000
062117,燿華中信9B購01  ,0,0,0,0,0,0,0,0,0,-140000,0,0,0,0,140000,-140000,-140000
062171,中磊永豐9B購01  ,0,0,0,0,0,0,0,0,0,-140000,0,0,0,67000,207000,-140000,-140000
065676,臻鼎凱基9C購04  ,0,0,0,0,0,0,0,0,0,-140000,0,0,0,0,140000,-140000,-140000
066800,晶豪科凱基02購01,0,0,0,0,0,0,0,0,0,-140000,0,0,0,0,140000,-140000,-140000
065737,南茂凱基9C購02  ,0,0,0,0,0,0,0,0,0,-140000,0,0,0,157000,297000,-140000,-140000
065970,燿華元大02購01  ,0,0,0,0,0,0,0,0,0,-140000,0,0,0,148000,288000,-140000,-140000
065971,金像電元大02購01,0,0,0,0,0,0,0,0,0,-140000,0,0,0,1000,141000,-140000,-140000
066169,晶豪科凱基01購01,0,0,0,0,0,0,0,0,0,-140000,0,0,0,0,140000,-140000,-140000
067538,晶技群益01購02  ,0,0,0,0,0,0,0,0,0,-141000,0,0,0,137000,278000,-141000,-141000
068271,大毅永豐01購03  ,0,0,0,0,0,0,0,0,0,-141000,0,0,0,0,141000,-141000,-141000
063484,達方元大9B購01  ,0,0,0,0,0,0,0,0,0,-141000,0,0,0,184000,325000,-141000,-141000
061355,康友元大9A購03  ,0,0,0,0,0,0,0,0,0,-141000,0,0,0,169000,310000,-141000,-141000
064827,友達統一02購02  ,0,0,0,0,0,0,0,0,0,-141000,0,0,0,0,141000,-141000,-141000
08826P,健策元大01售08  ,0,0,0,0,0,0,0,0,0,-141000,0,0,0,13000,154000,-141000,-141000
07630P,臺股指凱基9A售11,0,0,0,0,0,0,0,0,0,-142000,0,0,0,0,142000,-142000,-142000
067831,聯電統一03購01  ,0,0,0,0,0,0,0,0,0,-142000,0,0,0,311000,453000,-142000,-142000
064245,GIS統一02購02   ,0,0,0,0,0,0,0,0,0,-142000,0,0,0,0,142000,-142000,-142000
063919,大立光元富03購01,0,0,0,0,0,0,0,0,0,-142000,0,0,0,0,142000,-142000,-142000
062204,京元電國票9C購01,0,0,0,0,0,0,0,0,0,-142000,0,0,0,0,142000,-142000,-142000
066677,台泥兆豐03購01  ,0,0,0,0,0,0,0,0,0,-142000,0,0,0,239000,381000,-142000,-142000
08596P,聯發科國泰02售02,0,0,0,0,0,0,0,0,0,-142000,0,0,0,52000,194000,-142000,-142000
060030,晶相光永豐99購03,0,0,0,0,0,0,0,0,0,-143000,0,0,0,2000,145000,-143000,-143000
062751,華擎中信9C購01  ,0,0,0,0,0,0,0,0,0,-143000,0,0,0,10000,153000,-143000,-143000
057166,國巨元大99購06  ,0,0,0,0,0,0,0,0,0,-143000,0,0,0,6000,149000,-143000,-143000
061597,南六永豐9A購04  ,0,0,0,0,0,0,0,0,0,-143000,0,0,0,5000,148000,-143000,-143000
064209,燿華凱基01購01  ,0,0,0,0,0,0,0,0,0,-143000,0,0,0,91000,234000,-143000,-143000
1210,大成            ,82000,222000,-140000,0,0,0,0,0,0,-3000,4000,1000,3000,0,6000,-6000,-143000
3005,神基            ,503000,565000,-62000,0,0,0,0,0,0,-81000,97000,4000,93000,0,174000,-174000,-143000
068543,帆宣國票03購02  ,0,0,0,0,0,0,0,0,0,-144000,0,0,0,127000,271000,-144000,-144000
060065,大立光兆豐9B購01,0,0,0,0,0,0,0,0,0,-144000,0,0,0,5000,149000,-144000,-144000
062279,晶豪科群益9B購01,0,0,0,0,0,0,0,0,0,-144000,0,0,0,0,144000,-144000,-144000
063802,南茂凱基9C購01  ,0,0,0,0,0,0,0,0,0,-144000,0,0,0,51000,195000,-144000,-144000
065081,金像電元大9C購05,0,0,0,0,0,0,0,0,0,-144000,0,0,0,55000,199000,-144000,-144000
067692,鈺齊元大01購02  ,0,0,0,0,0,0,0,0,0,-145000,0,0,0,201000,346000,-145000,-145000
067453,嘉澤國票02購02  ,0,0,0,0,0,0,0,0,0,-145000,0,0,0,0,145000,-145000,-145000
058751,南茂凱基9A購01  ,0,0,0,0,0,0,0,0,0,-145000,0,0,0,15000,160000,-145000,-145000
059850,日電貿永豐99購01,0,0,0,0,0,0,0,0,0,-145000,0,0,0,17000,162000,-145000,-145000
062183,奇鋐元大9B購01  ,0,0,0,0,0,0,0,0,0,-145000,0,0,0,2000,147000,-145000,-145000
061815,奇力新群益9B購02,0,0,0,0,0,0,0,0,0,-145000,0,0,0,7000,152000,-145000,-145000
061036,晶技永豐9A購03  ,0,0,0,0,0,0,0,0,0,-145000,0,0,0,16000,161000,-145000,-145000
062701,漢唐元大9B購01  ,0,0,0,0,0,0,0,0,0,-145000,0,0,0,94000,239000,-145000,-145000
065032,TPK兆豐01購01   ,0,0,0,0,0,0,0,0,0,-145000,0,0,0,25000,170000,-145000,-145000
066624,燿華凱基01購02  ,0,0,0,0,0,0,0,0,0,-145000,0,0,0,127000,272000,-145000,-145000
066555,聯詠元大01購01  ,0,0,0,0,0,0,0,0,0,-145000,0,0,0,33000,178000,-145000,-145000
1736,喬山            ,236000,236000,0,0,0,0,0,0,0,-145000,0,0,0,17000,162000,-145000,-145000
067593,亞德客凱基01購01,0,0,0,0,0,0,0,0,0,-146000,0,0,0,85000,231000,-146000,-146000
068292,精成科群益01購01,0,0,0,0,0,0,0,0,0,-146000,0,0,0,126000,272000,-146000,-146000
060413,東元永豐9A購01  ,0,0,0,0,0,0,0,0,0,-146000,0,0,0,0,146000,-146000,-146000
061042,致新永豐9A購02  ,0,0,0,0,0,0,0,0,0,-146000,0,0,0,27000,173000,-146000,-146000
061990,台勝科元大9C購01,0,0,0,0,0,0,0,0,0,-146000,0,0,0,0,146000,-146000,-146000
066299,潤泰新元大01購01,0,0,0,0,0,0,0,0,0,-146000,0,0,0,29000,175000,-146000,-146000
068340,緯穎元大03購01  ,0,0,0,0,0,0,0,0,0,-147000,0,0,0,74000,221000,-147000,-147000
068044,寶成元富07購01  ,0,0,0,0,0,0,0,0,0,-147000,0,0,0,188000,335000,-147000,-147000
067582,華通群益02購04  ,0,0,0,0,0,0,0,0,0,-147000,0,0,0,169000,316000,-147000,-147000
062826,奇力新群益9C購01,0,0,0,0,0,0,0,0,0,-147000,0,0,0,50000,197000,-147000,-147000
063131,聯茂元大9B購03  ,0,0,0,0,0,0,0,0,0,-147000,0,0,0,85000,232000,-147000,-147000
061087,國巨統一01購04  ,0,0,0,0,0,0,0,0,0,-147000,0,0,0,5000,152000,-147000,-147000
065985,金像電永豐01購02,0,0,0,0,0,0,0,0,0,-147000,0,0,0,44000,191000,-147000,-147000
065161,矽格群益9C購01  ,0,0,0,0,0,0,0,0,0,-147000,0,0,0,33000,180000,-147000,-147000
068094,群創群益02購02  ,0,0,0,0,0,0,0,0,0,-148000,0,0,0,0,148000,-148000,-148000
068520,彩晶統一03購02  ,0,0,0,0,0,0,0,0,0,-148000,0,0,0,395000,543000,-148000,-148000
060244,大立光元大9B購02,0,0,0,0,0,0,0,0,0,-148000,0,0,0,13000,161000,-148000,-148000
060242,潤泰全元大9C購01,0,0,0,0,0,0,0,0,0,-148000,0,0,0,0,148000,-148000,-148000
058443,T50正2富邦01購01,0,0,0,0,0,0,0,0,0,-148000,0,0,0,162000,310000,-148000,-148000
061187,瀚宇博國泰9C購01,0,0,0,0,0,0,0,0,0,-148000,0,0,0,35000,183000,-148000,-148000
063949,大立光元大9C購10,0,0,0,0,0,0,0,0,0,-148000,0,0,0,27000,175000,-148000,-148000
060848,聯茂國票9A購02  ,0,0,0,0,0,0,0,0,0,-148000,0,0,0,0,148000,-148000,-148000
061960,國巨統一01購05  ,0,0,0,0,0,0,0,0,0,-148000,0,0,0,50000,198000,-148000,-148000
061593,智原永豐9A購01  ,0,0,0,0,0,0,0,0,0,-148000,0,0,0,0,148000,-148000,-148000
063373,晶技永豐9B購02  ,0,0,0,0,0,0,0,0,0,-148000,0,0,0,54000,202000,-148000,-148000
066026,泰碩群益03購01  ,0,0,0,0,0,0,0,0,0,-148000,0,0,0,50000,198000,-148000,-148000
065709,瀚宇博群益9C購01,0,0,0,0,0,0,0,0,0,-148000,0,0,0,48000,196000,-148000,-148000
067785,晶技群益01購03  ,0,0,0,0,0,0,0,0,0,-149000,0,0,0,23000,172000,-149000,-149000
060290,興富發元大9C購01,0,0,0,0,0,0,0,0,0,-149000,0,0,0,51000,200000,-149000,-149000
058973,麗豐永豐99購01  ,0,0,0,0,0,0,0,0,0,-149000,0,0,0,0,149000,-149000,-149000
063306,聯茂凱基9C購01  ,0,0,0,0,0,0,0,0,0,-149000,0,0,0,0,149000,-149000,-149000
063635,漢唐元大9B購04  ,0,0,0,0,0,0,0,0,0,-149000,0,0,0,61000,210000,-149000,-149000
065968,國巨元大02購01  ,0,0,0,0,0,0,0,0,0,-149000,0,0,0,23000,172000,-149000,-149000
066660,群光凱基01購01  ,0,0,0,0,0,0,0,0,0,-149000,0,0,0,128000,277000,-149000,-149000
065675,茂林凱基03購01  ,0,0,0,0,0,0,0,0,0,-149000,0,0,0,131000,280000,-149000,-149000
06851P,鈺齊元大98售01  ,0,0,0,0,0,0,0,0,0,-150000,0,0,0,0,150000,-150000,-150000
07578P,高鐵元大9A售02  ,0,0,0,0,0,0,0,0,0,-150000,0,0,0,0,150000,-150000,-150000
08423P,台積電統一9C售13,0,0,0,0,0,0,0,0,0,-150000,0,0,0,0,150000,-150000,-150000
08257P,台積電元大9C售04,0,0,0,0,0,0,0,0,0,-150000,0,0,0,0,150000,-150000,-150000
058984,全新凱基9A購03  ,0,0,0,0,0,0,0,0,0,-150000,0,0,0,0,150000,-150000,-150000
059086,國巨元大99購18  ,0,0,0,0,0,0,0,0,0,-150000,0,0,0,0,150000,-150000,-150000
05890P,彩晶元大99售01  ,0,0,0,0,0,0,0,0,0,-150000,0,0,0,0,150000,-150000,-150000
058616,台虹元大9A購01  ,0,0,0,0,0,0,0,0,0,-150000,0,0,0,0,150000,-150000,-150000
062940,華新科凱基9C購02,0,0,0,0,0,0,0,0,0,-150000,0,0,0,0,150000,-150000,-150000
03248P,聯電元富03售03  ,0,0,0,0,0,0,0,0,0,-150000,0,0,0,50000,200000,-150000,-150000
061984,華新科元大9B購05,0,0,0,0,0,0,0,0,0,-150000,0,0,0,0,150000,-150000,-150000
060934,台汽電永豐9A購02,0,0,0,0,0,0,0,0,0,-150000,0,0,0,0,150000,-150000,-150000
061925,禾伸堂凱基9C購01,0,0,0,0,0,0,0,0,0,-150000,0,0,0,0,150000,-150000,-150000
061575,華新科元大9A購20,0,0,0,0,0,0,0,0,0,-150000,0,0,0,0,150000,-150000,-150000
061324,華新科凱基9C購01,0,0,0,0,0,0,0,0,0,-150000,0,0,0,30000,180000,-150000,-150000
065670,華新科凱基01購02,0,0,0,0,0,0,0,0,0,-150000,0,0,0,40000,190000,-150000,-150000
065686,同欣電統一03購01,0,0,0,0,0,0,0,0,0,-150000,0,0,0,10000,160000,-150000,-150000
065240,矽創凱基01購01  ,0,0,0,0,0,0,0,0,0,-150000,0,0,0,0,150000,-150000,-150000
066594,聯詠群益01購01  ,0,0,0,0,0,0,0,0,0,-150000,0,0,0,156000,306000,-150000,-150000
065830,景碩凱基9C購04  ,0,0,0,0,0,0,0,0,0,-150000,0,0,0,673000,823000,-150000,-150000
6706,惠特            ,213000,274000,-61000,0,0,0,0,0,0,-89000,13000,1000,12000,95000,196000,-101000,-150000
1216,統一            ,3481966,3506954,-24988,0,0,0,19000,386149,-367149,242000,255000,38000,217000,47000,22000,25000,-150137
08093P,英業達元富9B售02,0,0,0,0,0,0,0,0,0,-151000,0,0,0,115000,266000,-151000,-151000
068259,台灣50富邦03購04,0,0,0,0,0,0,0,0,0,-151000,0,0,0,19000,170000,-151000,-151000
064176,京元電國泰01購01,0,0,0,0,0,0,0,0,0,-151000,0,0,0,13000,164000,-151000,-151000
062359,旺宏元大9C購02  ,0,0,0,0,0,0,0,0,0,-151000,0,0,0,0,151000,-151000,-151000
063480,南六元大9C購01  ,0,0,0,0,0,0,0,0,0,-151000,0,0,0,20000,171000,-151000,-151000
065919,禾伸堂凱基02購01,0,0,0,0,0,0,0,0,0,-151000,0,0,0,2000,153000,-151000,-151000
065310,華擎國票01購01  ,0,0,0,0,0,0,0,0,0,-151000,0,0,0,0,151000,-151000,-151000
064768,仁寶中信03購01  ,0,0,0,0,0,0,0,0,0,-151000,0,0,0,84000,235000,-151000,-151000
1409,新纖            ,55000,268000,-213000,0,0,0,0,0,0,62000,0,0,0,62000,0,62000,-151000
2634,漢翔            ,73000,218000,-145000,0,0,0,0,0,0,-6000,0,9000,-9000,3000,0,3000,-151000
058312,大毅國泰9B購01  ,0,0,0,0,0,0,0,0,0,-152000,0,0,0,5000,157000,-152000,-152000
065206,旺宏國票01購02  ,0,0,0,0,0,0,0,0,0,-152000,0,0,0,0,152000,-152000,-152000
065142,華邦電凱基01購01,0,0,0,0,0,0,0,0,0,-152000,0,0,0,0,152000,-152000,-152000
065961,東元元大04購01  ,0,0,0,0,0,0,0,0,0,-152000,0,0,0,43000,195000,-152000,-152000
066233,華碩富邦02購01  ,0,0,0,0,0,0,0,0,0,-152000,0,0,0,30000,182000,-152000,-152000
08821P,旺宏凱基01售01  ,0,0,0,0,0,0,0,0,0,-152000,0,0,0,25000,177000,-152000,-152000
062329,奇力新統一9C購03,0,0,0,0,0,0,0,0,0,-153000,0,0,0,40000,193000,-153000,-153000
060861,漢唐永豐9A購01  ,0,0,0,0,0,0,0,0,0,-153000,0,0,0,120000,273000,-153000,-153000
060642,華擎永豐9A購02  ,0,0,0,0,0,0,0,0,0,-153000,0,0,0,71000,224000,-153000,-153000
066078,南電凱基02購02  ,0,0,0,0,0,0,0,0,0,-153000,0,0,0,144000,297000,-153000,-153000
065136,正隆凱基9C購01  ,0,0,0,0,0,0,0,0,0,-153000,0,0,0,0,153000,-153000,-153000
064676,聚陽兆豐9C購01  ,0,0,0,0,0,0,0,0,0,-153000,0,0,0,0,153000,-153000,-153000
064923,牧德統一02購01  ,0,0,0,0,0,0,0,0,0,-153000,0,0,0,48000,201000,-153000,-153000
062351,瑞祺群益9C購01  ,0,0,0,0,0,0,0,0,0,-154000,0,0,0,55000,209000,-154000,-154000
061083,京元電兆豐9A購01,0,0,0,0,0,0,0,0,0,-154000,0,0,0,0,154000,-154000,-154000
08642P,華新科群益9C售06,0,0,0,0,0,0,0,0,0,-154000,0,0,0,18000,172000,-154000,-154000
068432,技嘉凱基01購02  ,0,0,0,0,0,0,0,0,0,-155000,0,0,0,16000,171000,-155000,-155000
061265,富邦金凱基9B購01,0,0,0,0,0,0,0,0,0,-155000,0,0,0,67000,222000,-155000,-155000
063971,健鼎國票01購01  ,0,0,0,0,0,0,0,0,0,-155000,0,0,0,10000,165000,-155000,-155000
063483,致新元大9B購03  ,0,0,0,0,0,0,0,0,0,-155000,0,0,0,139000,294000,-155000,-155000
065944,大成鋼統一02購01,0,0,0,0,0,0,0,0,0,-155000,0,0,0,35000,190000,-155000,-155000
3257,虹冠電          ,60000,267000,-207000,0,0,0,0,18000,-18000,70000,70000,0,70000,0,0,0,-155000
068615,矽創凱基03購01  ,0,0,0,0,0,0,0,0,0,-156000,0,0,0,20000,176000,-156000,-156000
059292,華新科元富9B購02,0,0,0,0,0,0,0,0,0,-156000,0,0,0,46000,202000,-156000,-156000
061837,華新科凱基05購02,0,0,0,0,0,0,0,0,0,-156000,0,0,0,0,156000,-156000,-156000
062252,華邦電元大9C購01,0,0,0,0,0,0,0,0,0,-156000,0,0,0,1000,157000,-156000,-156000
068314,南電國票03購02  ,0,0,0,0,0,0,0,0,0,-157000,0,0,0,202000,359000,-157000,-157000
067851,華邦電國票02購01,0,0,0,0,0,0,0,0,0,-157000,0,0,0,0,157000,-157000,-157000
062336,茂林統一01購02  ,0,0,0,0,0,0,0,0,0,-157000,0,0,0,1000,158000,-157000,-157000
066021,華通群益02購03  ,0,0,0,0,0,0,0,0,0,-157000,0,0,0,80000,237000,-157000,-157000
067622,同欣電國泰02購01,0,0,0,0,0,0,0,0,0,-158000,0,0,0,43000,201000,-158000,-158000
067541,華擎群益01購06  ,0,0,0,0,0,0,0,0,0,-158000,0,0,0,120000,278000,-158000,-158000
068721,致茂元大02購01  ,0,0,0,0,0,0,0,0,0,-158000,0,0,0,95000,253000,-158000,-158000
057282,大立光元大99購06,0,0,0,0,0,0,0,0,0,-158000,0,0,0,164000,322000,-158000,-158000
060375,葡萄王元富9A購01,0,0,0,0,0,0,0,0,0,-158000,0,0,0,15000,173000,-158000,-158000
062045,崇越凱基9B購01  ,0,0,0,0,0,0,0,0,0,-158000,0,0,0,28000,186000,-158000,-158000
062074,旺宏元大9B購04  ,0,0,0,0,0,0,0,0,0,-158000,0,0,0,0,158000,-158000,-158000
066549,京元電元大01購03,0,0,0,0,0,0,0,0,0,-158000,0,0,0,235000,393000,-158000,-158000
065296,國巨統一01購10  ,0,0,0,0,0,0,0,0,0,-158000,0,0,0,14000,172000,-158000,-158000
068076,欣興凱基01購05  ,15000,0,15000,0,0,0,0,0,0,-174000,0,0,0,300000,474000,-174000,-159000
061406,華通國票9A購06  ,0,0,0,0,0,0,0,0,0,-159000,0,0,0,0,159000,-159000,-159000
2431,聯昌            ,251000,410000,-159000,0,0,0,0,0,0,0,0,0,0,0,0,0,-159000
068124,康友元富07購01  ,0,0,0,0,0,0,0,0,0,-160000,0,0,0,427000,587000,-160000,-160000
067416,南紡凱基01購01  ,0,0,0,0,0,0,0,0,0,-160000,0,0,0,3000,163000,-160000,-160000
067051,泰鼎凱基02購01  ,0,0,0,0,0,0,0,0,0,-160000,0,0,0,52000,212000,-160000,-160000
07593P,臺股指凱基9A售08,0,0,0,0,0,0,0,0,0,-160000,0,0,0,0,160000,-160000,-160000
00681R,元大美債20反1   ,0,0,0,0,0,0,0,0,0,-160000,0,0,0,0,160000,-160000,-160000
058520,智易元大99購03  ,0,0,0,0,0,0,0,0,0,-160000,0,0,0,46000,206000,-160000,-160000
061818,富邦金群益9C購01,0,0,0,0,0,0,0,0,0,-160000,0,0,0,20000,180000,-160000,-160000
061660,禾伸堂永豐9A購01,0,0,0,0,0,0,0,0,0,-160000,0,0,0,0,160000,-160000,-160000
063677,台光電國泰9C購02,0,0,0,0,0,0,0,0,0,-160000,0,0,0,3000,163000,-160000,-160000
064087,華新科凱基9C購03,0,0,0,0,0,0,0,0,0,-160000,0,0,0,80000,240000,-160000,-160000
065685,同欣電統一01購04,0,0,0,0,0,0,0,0,0,-160000,0,0,0,0,160000,-160000,-160000
065832,貿聯凱基02購03  ,0,0,0,0,0,0,0,0,0,-160000,0,0,0,50000,210000,-160000,-160000
066099,大立光中信05購01,0,0,0,0,0,0,0,0,0,-160000,0,0,0,0,160000,-160000,-160000
08635P,大成鋼國票01售01,0,0,0,0,0,0,0,0,0,-160000,0,0,0,0,160000,-160000,-160000
912398,友佳-DR         ,0,160000,-160000,0,0,0,0,0,0,0,0,0,0,0,0,0,-160000
068863,元大金元富03購01,0,0,0,0,0,0,0,0,0,-161000,0,0,0,0,161000,-161000,-161000
062443,大立光元大9B購05,0,0,0,0,0,0,0,0,0,-161000,0,0,0,0,161000,-161000,-161000
061914,台光電中信9B購01,0,0,0,0,0,0,0,0,0,-161000,0,0,0,209000,370000,-161000,-161000
061480,泰碩元大9B購01  ,0,0,0,0,0,0,0,0,0,-161000,0,0,0,0,161000,-161000,-161000
06485P,玉晶光群益9A售02,0,0,0,0,0,0,0,0,0,-161000,0,0,0,14000,175000,-161000,-161000
060253,昇陽半元大9C購01,0,0,0,0,0,0,0,0,0,-162000,0,0,0,10000,172000,-162000,-162000
063505,奇力新群益9B購03,0,0,0,0,0,0,0,0,0,-162000,0,0,0,15000,177000,-162000,-162000
064970,東元元大9C購01  ,0,0,0,0,0,0,0,0,0,-162000,0,0,0,21000,183000,-162000,-162000
064538,鈺齊國票01購01  ,0,0,0,0,0,0,0,0,0,-162000,0,0,0,25000,187000,-162000,-162000
065252,玉晶光永豐9C購08,0,0,0,0,0,0,0,0,0,-162000,0,0,0,3000,165000,-162000,-162000
066476,禾伸堂麥證01購01,0,0,0,54000,216000,-162000,0,0,0,-162000,0,0,0,54000,216000,-162000,-162000
068767,台積電統一04購05,0,0,0,0,0,0,0,0,0,-163000,0,0,0,0,163000,-163000,-163000
068936,景碩永豐02購01  ,0,0,0,0,0,0,0,0,0,-163000,0,0,0,0,163000,-163000,-163000
063833,致新國票01購01  ,0,0,0,0,0,0,0,0,0,-163000,0,0,0,0,163000,-163000,-163000
08405P,聯發科元大9C售11,0,0,0,0,0,0,0,0,0,-164000,0,0,0,510000,674000,-164000,-164000
067395,金像電永豐01購04,0,0,0,0,0,0,0,0,0,-164000,0,0,0,15000,179000,-164000,-164000
053381,友達元大9A購02  ,0,0,0,0,0,0,0,0,0,-164000,0,0,0,146000,310000,-164000,-164000
057894,華通元富02購02  ,0,0,0,0,0,0,0,0,0,-164000,0,0,0,8000,172000,-164000,-164000
063612,金像電群益9B購04,0,0,0,0,0,0,0,0,0,-164000,0,0,0,119000,283000,-164000,-164000
061882,矽創元大9B購01  ,0,0,0,0,0,0,0,0,0,-164000,0,0,0,5000,169000,-164000,-164000
066768,瀚宇博永豐01購01,0,0,0,0,0,0,0,0,0,-164000,0,0,0,20000,184000,-164000,-164000
067385,申豐統一02購04  ,0,0,0,0,0,0,0,0,0,-165000,0,0,0,188000,353000,-165000,-165000
067215,亞光元大01購05  ,0,0,0,0,0,0,0,0,0,-165000,0,0,0,11000,176000,-165000,-165000
057985,華通元富02購03  ,0,0,0,0,0,0,0,0,0,-165000,0,0,0,340000,505000,-165000,-165000
060188,華新科元富9A購03,0,0,0,0,0,0,0,0,0,-165000,0,0,0,100000,265000,-165000,-165000
059765,嘉聯益永豐99購02,0,0,0,0,0,0,0,0,0,-165000,0,0,0,104000,269000,-165000,-165000
061364,國巨國票9A購09  ,0,0,0,0,0,0,0,0,0,-165000,0,0,0,21000,186000,-165000,-165000
066759,盟立永豐01購03  ,0,0,0,0,0,0,0,0,0,-165000,0,0,0,205000,370000,-165000,-165000
08599P,台表科元大9C售11,0,0,0,0,0,0,0,0,0,-165000,0,0,0,0,165000,-165000,-165000
03242P,聯電統一02售04  ,0,0,0,0,0,0,0,0,0,-166000,0,0,0,97000,263000,-166000,-166000
066686,鴻海元富07購05  ,0,0,0,0,0,0,0,0,0,-166000,0,0,0,14000,180000,-166000,-166000
068778,華邦電台新02購01,0,0,0,0,0,0,0,0,0,-167000,0,0,0,0,167000,-167000,-167000
068438,大立光凱基01購11,0,0,0,0,0,0,0,0,0,-168000,0,0,0,0,168000,-168000,-168000
067321,南六元大01購05  ,0,0,0,0,0,0,0,0,0,-168000,0,0,0,32000,200000,-168000,-168000
062781,微星元大9C購01  ,0,0,0,0,0,0,0,0,0,-168000,0,0,0,34000,202000,-168000,-168000
063461,金像電元大9B購03,0,0,0,0,0,0,0,0,0,-168000,0,0,0,9000,177000,-168000,-168000
064550,南茂凱基01購01  ,0,0,0,0,0,0,0,0,0,-168000,0,0,0,105000,273000,-168000,-168000
1526,日馳            ,1176000,1344000,-168000,0,0,0,0,0,0,0,0,0,0,0,0,0,-168000
2838,聯邦銀          ,80000,218000,-138000,0,0,0,0,0,0,-30000,0,30000,-30000,0,0,0,-168000
067421,華邦電凱基01購02,0,0,0,0,0,0,0,0,0,-169000,0,0,0,2000,171000,-169000,-169000
067200,深中小元大03購01,0,0,0,0,0,0,0,0,0,-169000,0,0,0,171000,340000,-169000,-169000
060014,中鋼康和99購01  ,0,0,0,0,0,0,0,0,0,-169000,0,0,0,18000,187000,-169000,-169000
059786,全新元大99購06  ,0,0,0,0,0,0,0,0,0,-169000,0,0,0,10000,179000,-169000,-169000
065125,奇力新永豐9C購01,0,0,0,0,0,0,0,0,0,-169000,0,0,0,11000,180000,-169000,-169000
4934,太極            ,344000,513000,-169000,0,0,0,0,0,0,0,0,0,0,0,0,0,-169000
08961P,大毅凱基01售03  ,0,0,0,0,0,0,0,0,0,-169000,0,0,0,31000,200000,-169000,-169000
06836P,玉晶光國票99售06,0,0,0,0,0,0,0,0,0,-170000,0,0,0,0,170000,-170000,-170000
08431P,景碩凱基9C售02  ,0,0,0,0,0,0,0,0,0,-170000,0,0,0,245000,415000,-170000,-170000
056253,京鼎兆豐98購01  ,0,0,0,0,0,0,0,0,0,-170000,0,0,0,0,170000,-170000,-170000
03218P,聯電康和02售02  ,0,0,0,0,0,0,0,0,0,-170000,0,0,0,2000,172000,-170000,-170000
058265,奇力新永豐9A購01,0,0,0,0,0,0,0,0,0,-170000,0,0,0,0,170000,-170000,-170000
062926,嘉澤國票9B購01  ,0,0,0,0,0,0,0,0,0,-170000,0,0,0,7000,177000,-170000,-170000
061697,世紀鋼群益9A購03,0,0,0,0,0,0,0,0,0,-170000,0,0,0,30000,200000,-170000,-170000
061766,華新科元大9B購02,0,0,0,0,0,0,0,0,0,-170000,0,0,0,0,170000,-170000,-170000
062561,瀚宇博凱基9B購01,0,0,0,0,0,0,0,0,0,-170000,0,0,0,110000,280000,-170000,-170000
062651,世紀鋼富邦9C購01,0,0,0,0,0,0,0,0,0,-170000,0,0,0,95000,265000,-170000,-170000
060815,茂林凱基9B購01  ,0,0,0,0,0,0,0,0,0,-170000,0,0,0,0,170000,-170000,-170000
064524,GIS群益02購01   ,0,0,0,0,0,0,0,0,0,-170000,0,0,0,42000,212000,-170000,-170000
068603,京元電凱基03購01,0,0,0,0,0,0,0,0,0,-171000,0,0,0,38000,209000,-171000,-171000
068000,聯詠元大01購09  ,0,0,0,0,0,0,0,0,0,-171000,0,0,0,36000,207000,-171000,-171000
064141,國巨統一01購08  ,0,0,0,0,0,0,0,0,0,-171000,0,0,0,4000,175000,-171000,-171000
062467,國巨凱基9B購08  ,0,0,0,0,0,0,0,0,0,-171000,0,0,0,2000,173000,-171000,-171000
064784,祥碩群益9C購01  ,0,0,0,0,0,0,0,0,0,-171000,0,0,0,55000,226000,-171000,-171000
065023,大毅永豐9C購01  ,0,0,0,0,0,0,0,0,0,-171000,0,0,0,2000,173000,-171000,-171000
6206,飛捷            ,12000,183000,-171000,0,0,0,0,0,0,0,0,0,0,0,0,0,-171000
063574,茂林元大9B購07  ,0,0,0,0,0,0,0,0,0,-172000,0,0,0,25000,197000,-172000,-172000
061341,華新科元大9A購16,0,0,0,0,0,0,0,0,0,-172000,0,0,0,0,172000,-172000,-172000
062450,臻鼎元大9B購02  ,0,0,0,0,0,0,0,0,0,-172000,0,0,0,38000,210000,-172000,-172000
065083,南亞科元大01購01,0,0,0,0,0,0,0,0,0,-172000,0,0,0,31000,203000,-172000,-172000
064814,祥碩元大9C購06  ,0,0,0,0,0,0,0,0,0,-172000,0,0,0,8000,180000,-172000,-172000
066613,燿華麥證01購01  ,0,0,0,25000,197000,-172000,0,0,0,-172000,0,0,0,35000,207000,-172000,-172000
066316,台船永豐01購01  ,0,0,0,0,0,0,0,0,0,-172000,0,0,0,48000,220000,-172000,-172000
067755,大立光國泰03購03,0,0,0,0,0,0,0,0,0,-173000,0,0,0,458000,631000,-173000,-173000
067763,鈺齊永豐01購01  ,0,0,0,0,0,0,0,0,0,-173000,0,0,0,2000,175000,-173000,-173000
059635,華新科凱基9A購06,0,0,0,0,0,0,0,0,0,-173000,0,0,0,0,173000,-173000,-173000
056667,上銀國票99購01  ,0,0,0,0,0,0,0,0,0,-173000,0,0,0,65000,238000,-173000,-173000
064316,貿聯群益9C購02  ,0,0,0,0,0,0,0,0,0,-173000,0,0,0,0,173000,-173000,-173000
054471,T50反1中信9C購01,0,0,0,0,0,0,0,0,0,-174000,0,0,0,200000,374000,-174000,-174000
058929,可成統一9C購01  ,0,0,0,0,0,0,0,0,0,-174000,0,0,0,86000,260000,-174000,-174000
057531,禾伸堂元大99購04,0,0,0,0,0,0,0,0,0,-174000,0,0,0,0,174000,-174000,-174000
062631,奇力新國票9B購01,0,0,0,0,0,0,0,0,0,-174000,0,0,0,0,174000,-174000,-174000
061836,華新科凱基05購01,0,0,0,0,0,0,0,0,0,-174000,0,0,0,3000,177000,-174000,-174000
061571,奇力新元大9A購03,0,0,0,0,0,0,0,0,0,-174000,0,0,0,87000,261000,-174000,-174000
065523,茂林群益9C購03  ,0,0,0,0,0,0,0,0,0,-174000,0,0,0,10000,184000,-174000,-174000
067243,華擎群益01購04  ,0,0,0,0,0,0,0,0,0,-175000,0,0,0,41000,216000,-175000,-175000
060243,潤泰全元大9C購02,0,0,0,0,0,0,0,0,0,-175000,0,0,0,25000,200000,-175000,-175000
065342,華邦電統一02購01,0,0,0,0,0,0,0,0,0,-175000,0,0,0,8000,183000,-175000,-175000
2383,台光電          ,1008600,840000,168600,0,0,0,0,50000,-50000,-294000,6000,260000,-254000,80000,120000,-40000,-175400
067192,矽格凱基01購03  ,0,0,0,0,0,0,0,0,0,-176000,0,0,0,54000,230000,-176000,-176000
062036,致新群益9B購01  ,0,0,0,0,0,0,0,0,0,-176000,0,0,0,20000,196000,-176000,-176000
062393,智邦富邦9B購01  ,0,0,0,0,0,0,0,0,0,-176000,0,0,0,176000,352000,-176000,-176000
064938,華新科元富9C購01,0,0,0,0,0,0,0,0,0,-176000,0,0,0,0,176000,-176000,-176000
066331,東森永豐01購01  ,0,0,0,0,0,0,0,0,0,-176000,0,0,0,0,176000,-176000,-176000
066167,強茂凱基01購01  ,0,0,0,0,0,0,0,0,0,-176000,0,0,0,98000,274000,-176000,-176000
4904,遠傳            ,497650,1264454,-766804,0,0,0,632000,2813,629187,-39000,47000,72000,-25000,3000,17000,-14000,-176617
5305,敦南            ,48000,222882,-174882,0,0,0,0,0,0,-2000,0,2000,-2000,0,0,0,-176882
067888,奇力新群益01購02,0,0,0,0,0,0,0,0,0,-177000,0,0,0,55000,232000,-177000,-177000
067738,技嘉元大01購02  ,0,0,0,0,0,0,0,0,0,-177000,0,0,0,157000,334000,-177000,-177000
058410,國巨兆豐99購03  ,0,0,0,0,0,0,0,0,0,-177000,0,0,0,111000,288000,-177000,-177000
061577,泰碩元大9A購03  ,0,0,0,0,0,0,0,0,0,-177000,0,0,0,11000,188000,-177000,-177000
062483,致新國票9B購01  ,0,0,0,0,0,0,0,0,0,-177000,0,0,0,0,177000,-177000,-177000
063292,致新元大9B購02  ,0,0,0,0,0,0,0,0,0,-177000,0,0,0,190000,367000,-177000,-177000
066075,景碩凱基02購01  ,0,0,0,0,0,0,0,0,0,-177000,0,0,0,324000,501000,-177000,-177000
066877,奇鋐富邦03購01  ,0,0,0,0,0,0,0,0,0,-177000,0,0,0,50000,227000,-177000,-177000
08214P,南六統一9B售03  ,0,0,0,0,0,0,0,0,0,-178000,0,0,0,2000,180000,-178000,-178000
062526,友達統一01購01  ,0,0,0,0,0,0,0,0,0,-178000,0,0,0,0,178000,-178000,-178000
063060,華新科元富9B購03,0,0,0,0,0,0,0,0,0,-179000,0,0,0,0,179000,-179000,-179000
066439,信錦群益02購01  ,0,0,0,0,0,0,0,0,0,-179000,0,0,0,2000,181000,-179000,-179000
066087,大毅永豐01購02  ,0,0,0,0,0,0,0,0,0,-179000,0,0,0,0,179000,-179000,-179000
1701,中化            ,188000,283000,-95000,0,0,0,0,0,0,-84000,0,0,0,0,84000,-84000,-179000
068242,長興元大01購02  ,0,0,0,0,0,0,0,0,0,-180000,0,0,0,208000,388000,-180000,-180000
062476,神隆國票9B購01  ,0,0,0,0,0,0,0,0,0,-180000,0,0,0,120000,300000,-180000,-180000
061223,T50反1中信01購01,0,0,0,0,0,0,0,0,0,-180000,0,0,0,0,180000,-180000,-180000
066072,華新科凱基01購03,0,0,0,0,0,0,0,0,0,-180000,0,0,0,94000,274000,-180000,-180000
064446,聚陽統一02購02  ,0,0,0,0,0,0,0,0,0,-180000,0,0,0,129000,309000,-180000,-180000
065268,嘉澤元大9C購02  ,0,0,0,0,0,0,0,0,0,-180000,0,0,0,59000,239000,-180000,-180000
065238,聯茂凱基02購01  ,0,0,0,0,0,0,0,0,0,-180000,0,0,0,0,180000,-180000,-180000
07471P,南亞科元大9A售01,0,0,0,0,0,0,0,0,0,-181000,0,0,0,19000,200000,-181000,-181000
068079,瑞儀凱基01購01  ,0,0,0,0,0,0,0,0,0,-181000,0,0,0,167000,348000,-181000,-181000
067252,智邦國票02購02  ,0,0,0,0,0,0,0,0,0,-181000,0,0,0,60000,241000,-181000,-181000
057828,緯穎元大99購02  ,0,0,0,0,0,0,0,0,0,-181000,0,0,0,0,181000,-181000,-181000
059918,華新科元大99購20,0,0,0,0,0,0,0,0,0,-181000,0,0,0,0,181000,-181000,-181000
06478P,臺股指日盛9A售01,0,0,0,0,0,0,0,0,0,-181000,0,0,0,0,181000,-181000,-181000
066081,文曄國泰03購01  ,0,0,0,0,0,0,0,0,0,-181000,0,0,0,0,181000,-181000,-181000
066304,聯華永豐01購01  ,0,0,0,0,0,0,0,0,0,-181000,0,0,0,0,181000,-181000,-181000
066018,南六元富03購02  ,0,0,0,0,0,0,0,0,0,-181000,0,0,0,33000,214000,-181000,-181000
066491,麗豐元富01購01  ,0,0,0,0,0,0,0,0,0,-181000,0,0,0,19000,200000,-181000,-181000
07085P,超眾元富9C售01  ,0,0,0,0,0,0,0,0,0,-182000,0,0,0,89000,271000,-182000,-182000
08246P,亞德客群益01售01,0,0,0,0,0,0,0,0,0,-182000,0,0,0,19000,201000,-182000,-182000
068586,奇力新台新01購01,0,0,0,0,0,0,0,0,0,-182000,0,0,0,3000,185000,-182000,-182000
058078,景碩國票99購01  ,0,0,0,0,0,0,0,0,0,-182000,0,0,0,79000,261000,-182000,-182000
062046,矽格凱基9B購01  ,0,0,0,0,0,0,0,0,0,-182000,0,0,0,59000,241000,-182000,-182000
065886,中磊元富9C購01  ,0,0,0,0,0,0,0,0,0,-182000,0,0,0,25000,207000,-182000,-182000
065747,華通元大9C購07  ,0,0,0,0,0,0,0,0,0,-182000,0,0,0,399000,581000,-182000,-182000
064587,泰碩永豐9C購01  ,0,0,0,0,0,0,0,0,0,-182000,0,0,0,0,182000,-182000,-182000
065626,華新科兆豐9C購02,0,0,0,0,0,0,0,0,0,-182000,0,0,0,0,182000,-182000,-182000
08995P,台灣50群益01售12,0,0,0,0,0,0,0,0,0,-182000,0,0,0,0,182000,-182000,-182000
068652,聯電元大02購05  ,0,0,0,0,0,0,0,0,0,-183000,0,0,0,170000,353000,-183000,-183000
060158,廣達永豐9A購01  ,0,0,0,0,0,0,0,0,0,-183000,0,0,0,228000,411000,-183000,-183000
060162,碩天永豐9A購01  ,0,0,0,0,0,0,0,0,0,-183000,0,0,0,36000,219000,-183000,-183000
063118,中鋼元大9C購01  ,0,0,0,0,0,0,0,0,0,-183000,0,0,0,10000,193000,-183000,-183000
064175,華通國泰02購01  ,0,0,0,0,0,0,0,0,0,-183000,0,0,0,217000,400000,-183000,-183000
061983,華新科元大9B購04,0,0,0,0,0,0,0,0,0,-183000,0,0,0,0,183000,-183000,-183000
2312,金寶            ,2100000,2153000,-53000,0,0,0,0,0,0,-130000,0,0,0,65000,195000,-130000,-183000
067368,技嘉統一03購01  ,0,0,0,0,0,0,0,0,0,-184000,0,0,0,110000,294000,-184000,-184000
058363,全新凱基9A購02  ,0,0,0,0,0,0,0,0,0,-184000,0,0,0,0,184000,-184000,-184000
061835,華新科凱基02購03,0,0,0,0,0,0,0,0,0,-184000,0,0,0,0,184000,-184000,-184000
063593,GIS永豐9B購01   ,0,0,0,0,0,0,0,0,0,-184000,0,0,0,21000,205000,-184000,-184000
063549,國巨國票9C購05  ,0,0,0,0,0,0,0,0,0,-184000,0,0,0,57000,241000,-184000,-184000
063703,晶豪科群益9B購02,0,0,0,0,0,0,0,0,0,-184000,0,0,0,0,184000,-184000,-184000
1731,美吾華          ,393000,583000,-190000,0,0,0,0,0,0,6000,6000,0,6000,0,0,0,-184000
061637,華新科元大9A購22,0,0,0,0,0,0,0,0,0,-185000,0,0,0,0,185000,-185000,-185000
066861,致新國票02購01  ,0,0,0,0,0,0,0,0,0,-185000,0,0,0,0,185000,-185000,-185000
068262,南電富邦03購01  ,0,0,0,0,0,0,0,0,0,-186000,0,0,0,114000,300000,-186000,-186000
061437,燿華凱基9A購01  ,0,0,0,0,0,0,0,0,0,-186000,0,0,0,1000,187000,-186000,-186000
061574,大毅元大9B購01  ,0,0,0,0,0,0,0,0,0,-186000,0,0,0,0,186000,-186000,-186000
063602,金像電凱基9B購04,0,0,0,0,0,0,0,0,0,-186000,0,0,0,3000,189000,-186000,-186000
060734,華通統一9C購01  ,0,0,0,0,0,0,0,0,0,-186000,0,0,0,0,186000,-186000,-186000
066765,揚明光永豐01購01,0,0,0,0,0,0,0,0,0,-186000,0,0,0,249000,435000,-186000,-186000
065854,臻鼎元大9C購05  ,0,0,0,0,0,0,0,0,0,-186000,0,0,0,388000,574000,-186000,-186000
067204,國巨元大02購02  ,0,0,0,0,0,0,0,0,0,-187000,0,0,0,71000,258000,-187000,-187000
03662C,FBVIX凱基03牛01 ,0,0,0,0,0,0,0,0,0,-187000,0,0,0,7000,194000,-187000,-187000
064237,奇鋐統一01購01  ,0,0,0,0,0,0,0,0,0,-187000,0,0,0,28000,215000,-187000,-187000
064356,矽創元大01購01  ,0,0,0,0,0,0,0,0,0,-187000,0,0,0,122000,309000,-187000,-187000
2228,劍麟            ,55000,56000,-1000,0,0,0,0,187000,-187000,1000,0,0,0,1000,0,1000,-187000
3045,台灣大          ,725439,1355343,-629904,0,0,0,385000,5577,379423,63000,93000,34000,59000,4000,0,4000,-187481
067960,帆宣永豐01購01  ,0,0,0,0,0,0,0,0,0,-188000,0,0,0,50000,238000,-188000,-188000
068358,啟碁凱基01購01  ,0,0,0,0,0,0,0,0,0,-188000,0,0,0,43000,231000,-188000,-188000
065516,健鼎群益9C購02  ,0,0,0,0,0,0,0,0,0,-188000,0,0,0,0,188000,-188000,-188000
4935,茂林-KY         ,654000,1174000,-520000,0,0,0,4000,0,4000,328000,97000,0,97000,272000,41000,231000,-188000
067277,樺漢統一03購01  ,0,0,0,0,0,0,0,0,0,-189000,0,0,0,55000,244000,-189000,-189000
059060,大立光凱基9A購03,0,0,0,0,0,0,0,0,0,-189000,0,0,0,0,189000,-189000,-189000
064150,全新統一01購03  ,0,0,0,0,0,0,0,0,0,-189000,0,0,0,119000,308000,-189000,-189000
062405,泰鼎永豐9B購02  ,0,0,0,0,0,0,0,0,0,-189000,0,0,0,211000,400000,-189000,-189000
065421,康友國票01購01  ,0,0,0,0,0,0,0,0,0,-189000,0,0,0,88000,277000,-189000,-189000
065706,奇鋐群益9C購02  ,0,0,0,0,0,0,0,0,0,-189000,0,0,0,3000,192000,-189000,-189000
4943,康控-KY         ,119000,194000,-75000,0,0,0,0,0,0,-114000,0,3000,-3000,5000,116000,-111000,-189000
08744P,臺股指凱基02售05,0,0,0,0,0,0,0,0,0,-189000,0,0,0,286000,475000,-189000,-189000
060541,正隆凱基9A購01  ,0,0,0,0,0,0,0,0,0,-190000,0,0,0,0,190000,-190000,-190000
064121,國巨元大9C購16  ,0,0,0,0,0,0,0,0,0,-190000,0,0,0,11000,201000,-190000,-190000
062549,中租永豐9B購01  ,0,0,0,0,0,0,0,0,0,-190000,0,0,0,0,190000,-190000,-190000
063258,緯穎國泰9C購01  ,0,0,0,0,0,0,0,0,0,-190000,0,0,0,0,190000,-190000,-190000
063382,南茂永豐9B購01  ,0,0,0,0,0,0,0,0,0,-190000,0,0,0,0,190000,-190000,-190000
066275,台勝科元大01購01,0,0,0,0,0,0,0,0,0,-190000,0,0,0,0,190000,-190000,-190000
065572,泰碩群益01購01  ,0,0,0,0,0,0,0,0,0,-190000,0,0,0,0,190000,-190000,-190000
064457,禾伸堂統一01購02,0,0,0,0,0,0,0,0,0,-190000,0,0,0,0,190000,-190000,-190000
3030,德律            ,71000,232000,-161000,0,0,0,0,0,0,-29000,0,0,0,0,29000,-29000,-190000
2812,台中銀          ,390000,544000,-154000,0,0,0,1000,0,1000,-37000,0,37000,-37000,0,0,0,-190000
2451,創見            ,177000,236820,-59820,0,0,0,0,0,0,-131000,0,3000,-3000,0,128000,-128000,-190820
068296,緯穎康和01購01  ,0,0,0,0,0,0,0,0,0,-191000,0,0,0,10000,201000,-191000,-191000
065092,健鼎元大9C購02  ,0,0,0,0,0,0,0,0,0,-191000,0,0,0,152000,343000,-191000,-191000
066264,金像電元大01購01,0,0,0,0,0,0,0,0,0,-191000,0,0,0,20000,211000,-191000,-191000
3706,神達            ,284000,536000,-252000,0,0,0,0,0,0,61000,50000,9000,41000,30000,10000,20000,-191000
08077P,亞德客國票9B售02,0,0,0,0,0,0,0,0,0,-192000,0,0,0,10000,202000,-192000,-192000
064207,國巨凱基03購02  ,0,0,0,0,0,0,0,0,0,-192000,0,0,0,13000,205000,-192000,-192000
065454,神隆元富9C購01  ,0,0,0,0,0,0,0,0,0,-192000,0,0,0,0,192000,-192000,-192000
068580,聯電永豐01購02  ,0,0,0,0,0,0,0,0,0,-193000,0,0,0,369000,562000,-193000,-193000
068571,帆宣元大01購06  ,0,0,0,0,0,0,0,0,0,-193000,0,0,0,133000,326000,-193000,-193000
062722,京元電凱基9B購02,0,0,0,0,0,0,0,0,0,-193000,0,0,0,367000,560000,-193000,-193000
060124,奇力新永豐99購03,0,0,0,0,0,0,0,0,0,-193000,0,0,0,26000,219000,-193000,-193000
054808,東元元大9A購01  ,0,0,0,0,0,0,0,0,0,-193000,0,0,0,37000,230000,-193000,-193000
063848,大立光元大9C購09,0,0,0,0,0,0,0,0,0,-193000,0,0,0,32000,225000,-193000,-193000
08366P,祥碩凱基9C售04  ,0,0,0,0,0,0,0,0,0,-194000,0,0,0,100000,294000,-194000,-194000
056277,上銀富邦99購02  ,0,0,0,0,0,0,0,0,0,-194000,0,0,0,104000,298000,-194000,-194000
065103,南六元大9C購06  ,0,0,0,0,0,0,0,0,0,-194000,0,0,0,166000,360000,-194000,-194000
065226,華通凱基01購01  ,0,0,0,0,0,0,0,0,0,-194000,0,0,0,61000,255000,-194000,-194000
068920,台積電元富08購10,0,0,0,0,0,0,0,0,0,-195000,0,0,0,0,195000,-195000,-195000
06716P,台積電元大9A售02,0,0,0,0,0,0,0,0,0,-195000,0,0,0,61000,256000,-195000,-195000
068189,國巨凱基04購03  ,0,0,0,0,0,0,0,0,0,-195000,0,0,0,10000,205000,-195000,-195000
055312,台虹群益99購01  ,0,0,0,0,0,0,0,0,0,-195000,0,0,0,0,195000,-195000,-195000
064628,南六元大9C購05  ,0,0,0,0,0,0,0,0,0,-195000,0,0,0,133000,328000,-195000,-195000
1723,中碳            ,27000,222000,-195000,0,0,0,0,0,0,0,0,0,0,0,0,0,-195000
1590,亞德客-KY       ,929210,1046019,-116809,0,0,0,6000,88158,-82158,3000,4000,2000,2000,26000,25000,1000,-195967
067663,神隆元大01購03  ,0,0,0,0,0,0,0,0,0,-196000,0,0,0,4000,200000,-196000,-196000
067849,瀚宇博元富04購01,0,0,0,0,0,0,0,0,0,-196000,0,0,0,49000,245000,-196000,-196000
063910,漢唐凱基9C購01  ,0,0,0,0,0,0,0,0,0,-196000,0,0,0,0,196000,-196000,-196000
063707,儒鴻凱基9C購01  ,0,0,0,0,0,0,0,0,0,-196000,0,0,0,355000,551000,-196000,-196000
066340,敦泰永豐01購01  ,0,0,0,0,0,0,0,0,0,-196000,0,0,0,44000,240000,-196000,-196000
065917,全新凱基02購01  ,0,0,0,0,0,0,0,0,0,-196000,0,0,0,0,196000,-196000,-196000
1604,聲寶            ,26000,222000,-196000,0,0,0,0,0,0,0,0,0,0,0,0,0,-196000
067805,宏碁凱基01購02  ,0,0,0,0,0,0,0,0,0,-197000,0,0,0,36000,233000,-197000,-197000
061339,京元電元大9A購05,0,0,0,0,0,0,0,0,0,-197000,0,0,0,3000,200000,-197000,-197000
066284,松翰元大01購01  ,0,0,0,0,0,0,0,0,0,-197000,0,0,0,103000,300000,-197000,-197000
067294,中磊兆豐03購01  ,0,0,0,0,0,0,0,0,0,-198000,0,0,0,12000,210000,-198000,-198000
065019,華邦電富邦9C購01,0,0,0,0,0,0,0,0,0,-198000,0,0,0,100000,298000,-198000,-198000
061857,康友國票9B購01  ,0,0,0,0,0,0,0,0,0,-199000,0,0,0,0,199000,-199000,-199000
066514,盟立永豐01購01  ,5000,0,5000,0,0,0,0,0,0,-204000,0,0,0,40000,244000,-204000,-199000
067375,大立光統一03購03,0,0,0,0,0,0,0,0,0,-200000,0,0,0,0,200000,-200000,-200000
067866,可成元大01購09  ,0,0,0,0,0,0,0,0,0,-200000,0,0,0,0,200000,-200000,-200000
068827,鎧勝元大02購01  ,0,0,0,0,0,0,0,0,0,-200000,0,0,0,7000,207000,-200000,-200000
068788,台積電凱基02購15,0,0,0,0,0,0,0,0,0,-200000,0,0,0,0,200000,-200000,-200000
068765,台積電統一04購03,0,0,0,0,0,0,0,0,0,-200000,0,0,0,120000,320000,-200000,-200000
068735,康舒元大02購01  ,0,0,0,0,0,0,0,0,0,-200000,0,0,0,20000,220000,-200000,-200000
068321,國巨元大01購18  ,0,0,0,0,0,0,0,0,0,-200000,0,0,0,0,200000,-200000,-200000
06934P,聯鈞元大98售03  ,0,0,0,0,0,0,0,0,0,-200000,0,0,0,0,200000,-200000,-200000
07647P,健策國票9A售04  ,0,0,0,0,0,0,0,0,0,-200000,0,0,0,0,200000,-200000,-200000
08019P,緯穎國票9B售02  ,0,0,0,0,0,0,0,0,0,-200000,0,0,0,18000,218000,-200000,-200000
059870,全新凱基99購05  ,0,0,0,0,0,0,0,0,0,-200000,0,0,0,0,200000,-200000,-200000
057186,群創元大99購04  ,0,0,0,0,0,0,0,0,0,-200000,0,0,0,0,200000,-200000,-200000
060101,大立光元大99購31,0,0,0,0,0,0,0,0,0,-200000,0,0,0,0,200000,-200000,-200000
058100,聯茂國泰99購02  ,0,0,0,0,0,0,0,0,0,-200000,0,0,0,0,200000,-200000,-200000
058210,臺股指凱基9C購04,0,0,0,0,0,0,0,0,0,-200000,0,0,0,0,200000,-200000,-200000
061770,泰碩元大9B購02  ,0,0,0,0,0,0,0,0,0,-200000,0,0,0,0,200000,-200000,-200000
061754,晶技麥證9B購01  ,0,0,0,0,200000,-200000,0,0,0,-200000,0,0,0,0,200000,-200000,-200000
061675,華新科元大9A購23,0,0,0,0,0,0,0,0,0,-200000,0,0,0,0,200000,-200000,-200000
061949,大立光群益9B購03,0,0,0,0,0,0,0,0,0,-200000,0,0,0,0,200000,-200000,-200000
062489,可成永豐9B購02  ,0,0,0,0,0,0,0,0,0,-200000,0,0,0,0,200000,-200000,-200000
061287,大立光統一9B購06,0,0,0,0,0,0,0,0,0,-200000,0,0,0,0,200000,-200000,-200000
060562,旺宏富邦9C購02  ,0,0,0,0,0,0,0,0,0,-200000,0,0,0,1000,201000,-200000,-200000
062344,力山群益9B購02  ,0,0,0,0,0,0,0,0,0,-200000,0,0,0,396000,596000,-200000,-200000
066663,達欣工凱基01購01,0,0,0,0,0,0,0,0,0,-200000,0,0,0,23000,223000,-200000,-200000
066412,神隆元大01購01  ,0,0,0,0,0,0,0,0,0,-200000,0,0,0,0,200000,-200000,-200000
064766,矽創凱基9C購01  ,0,0,0,0,0,0,0,0,0,-200000,0,0,0,20000,220000,-200000,-200000
08756P,台灣50元大01售18,0,0,0,0,0,0,0,0,0,-200000,0,0,0,0,200000,-200000,-200000
4119,旭富            ,151000,272000,-121000,0,0,0,0,0,0,-79000,1000,21000,-20000,1000,60000,-59000,-200000
9188,精熙-DR         ,45000,245000,-200000,0,0,0,0,0,0,0,0,0,0,0,0,0,-200000
068531,瀚宇博元富04購03,0,0,0,0,0,0,0,0,0,-201000,0,0,0,0,201000,-201000,-201000
056590,樺漢統一9A購01  ,0,0,0,0,0,0,0,0,0,-201000,0,0,0,20000,221000,-201000,-201000
03292P,欣興元大02售03  ,0,0,0,0,0,0,0,0,0,-201000,0,0,0,3000,204000,-201000,-201000
061173,T50反1凱基04購01,0,0,0,0,0,0,0,0,0,-201000,0,0,0,99000,300000,-201000,-201000
064569,群創群益9C購01  ,0,0,0,0,0,0,0,0,0,-201000,0,0,0,113000,314000,-201000,-201000
066552,大立光元大01購08,0,0,0,0,0,0,0,0,0,-201000,0,0,0,0,201000,-201000,-201000
065714,矽創群益9C購02  ,0,0,0,0,0,0,0,0,0,-201000,0,0,0,30000,231000,-201000,-201000
6209,今國光          ,797000,998000,-201000,0,0,0,0,0,0,0,0,0,0,0,0,0,-201000
03167P,友達元富07售02  ,0,0,0,0,0,0,0,0,0,-202000,0,0,0,0,202000,-202000,-202000
059326,康友元大99購01  ,0,0,0,0,0,0,0,0,0,-202000,0,0,0,225000,427000,-202000,-202000
066659,燿華凱基03購01  ,0,0,0,0,0,0,0,0,0,-202000,0,0,0,0,202000,-202000,-202000
066653,矽格康和01購01  ,0,0,0,0,0,0,0,0,0,-202000,0,0,0,80000,282000,-202000,-202000
066407,昇陽半凱基01購01,0,0,0,0,0,0,0,0,0,-202000,0,0,0,0,202000,-202000,-202000
066359,潤泰新永豐01購01,0,0,0,0,0,0,0,0,0,-202000,0,0,0,41000,243000,-202000,-202000
068822,欣興元大02購04  ,0,0,0,0,0,0,0,0,0,-203000,0,0,0,145000,348000,-203000,-203000
067748,GIS元大01購02   ,0,0,0,0,0,0,0,0,0,-203000,0,0,0,86000,289000,-203000,-203000
068177,台積電群益02購04,0,0,0,0,0,0,0,0,0,-203000,0,0,0,0,203000,-203000,-203000
063195,訊連元富9B購01  ,0,0,0,0,0,0,0,0,0,-203000,0,0,0,14000,217000,-203000,-203000
063021,大立光元大9C購05,0,0,0,0,0,0,0,0,0,-203000,0,0,0,0,203000,-203000,-203000
068905,巨大元大03購01  ,0,0,0,0,0,0,0,0,0,-204000,0,0,0,0,204000,-204000,-204000
060251,易華電元大9C購01,0,0,0,0,0,0,0,0,0,-204000,0,0,0,1000,205000,-204000,-204000
063757,鴻海統一9C購16  ,0,0,0,0,0,0,0,0,0,-204000,0,0,0,20000,224000,-204000,-204000
066576,矽創元大01購02  ,0,0,0,0,0,0,0,0,0,-204000,0,0,0,239000,443000,-204000,-204000
6230,超眾            ,184000,95000,89000,0,0,0,0,282000,-282000,-11000,0,1000,-1000,3000,13000,-10000,-204000
068727,全新元大02購02  ,0,0,0,0,0,0,0,0,0,-205000,0,0,0,0,205000,-205000,-205000
068568,聯詠元大01購10  ,0,50000,-50000,0,0,0,0,0,0,-155000,0,0,0,302000,457000,-155000,-205000
056737,國巨凱基9A購01  ,0,0,0,0,0,0,0,0,0,-205000,0,0,0,0,205000,-205000,-205000
063723,儒鴻元大9B購04  ,0,0,0,0,0,0,0,0,0,-205000,0,0,0,212000,417000,-205000,-205000
064036,矽創元大9C購01  ,0,0,0,0,0,0,0,0,0,-205000,0,0,0,94000,299000,-205000,-205000
065735,矽格凱基01購02  ,0,0,0,0,0,0,0,0,0,-205000,0,0,0,16000,221000,-205000,-205000
065099,聯茂元大9C購03  ,0,0,0,0,0,0,0,0,0,-205000,0,0,0,195000,400000,-205000,-205000
08388P,台灣50中信03售09,0,0,0,0,0,0,0,0,0,-206000,0,0,0,200000,406000,-206000,-206000
067951,宏碁永豐01購02  ,0,0,0,0,0,0,0,0,0,-206000,0,0,0,29000,235000,-206000,-206000
067922,玉晶光中信04購01,0,0,0,0,0,0,0,0,0,-206000,0,0,0,168000,374000,-206000,-206000
062100,矽格永豐9B購01  ,0,0,0,0,0,0,0,0,0,-206000,0,0,0,0,206000,-206000,-206000
062234,廣達凱基9B購01  ,0,0,0,0,0,0,0,0,0,-206000,0,0,0,153000,359000,-206000,-206000
065346,台光電統一02購01,0,0,0,0,0,0,0,0,0,-206000,0,0,0,0,206000,-206000,-206000
064292,南茂元大01購01  ,0,0,0,0,0,0,0,0,0,-206000,0,0,0,31000,237000,-206000,-206000
064290,GIS元大9C購04   ,0,0,0,0,0,0,0,0,0,-206000,0,0,0,10000,216000,-206000,-206000
066497,大立光國泰03購02,0,0,0,0,0,0,0,0,0,-206000,0,0,0,0,206000,-206000,-206000
067383,樺漢統一03購02  ,0,0,0,0,0,0,0,0,0,-207000,0,0,0,0,207000,-207000,-207000
058105,旺宏統一9A購02  ,0,0,0,0,0,0,0,0,0,-207000,0,0,0,21000,228000,-207000,-207000
061019,大毅國票9A購01  ,0,0,0,0,0,0,0,0,0,-207000,0,0,0,1000,208000,-207000,-207000
061032,金像電永豐9A購03,0,0,0,0,0,0,0,0,0,-207000,0,0,0,161000,368000,-207000,-207000
066603,台達電富邦05購01,0,0,0,0,0,0,0,0,0,-207000,0,0,0,25000,232000,-207000,-207000
068028,國巨元富07購12  ,0,0,0,0,0,0,0,0,0,-208000,0,0,0,90000,298000,-208000,-208000
068507,緯穎元大01購08  ,0,0,0,0,0,0,0,0,0,-208000,0,0,0,75000,283000,-208000,-208000
056911,緯穎元大99購01  ,0,0,0,0,0,0,0,0,0,-208000,0,0,0,0,208000,-208000,-208000
062327,燿華統一9B購02  ,0,0,0,0,0,0,0,0,0,-208000,0,0,0,271000,479000,-208000,-208000
063983,麗豐兆豐9C購01  ,0,0,0,0,0,0,0,0,0,-208000,0,0,0,9000,217000,-208000,-208000
064864,金像電永豐01購01,0,0,0,0,0,0,0,0,0,-208000,0,0,0,1000,209000,-208000,-208000
068846,台積電統一04購06,0,0,0,0,0,0,0,0,0,-209000,0,0,0,0,209000,-209000,-209000
063107,矽創群益9B購01  ,0,0,0,0,0,0,0,0,0,-209000,0,0,0,0,209000,-209000,-209000
063439,正隆統一01購01  ,0,0,0,0,0,0,0,0,0,-209000,0,0,0,0,209000,-209000,-209000
066437,台泥群益02購01  ,0,0,0,0,0,0,0,0,0,-209000,0,0,0,137000,346000,-209000,-209000
066212,惠特統一01購01  ,0,0,0,0,0,0,0,0,0,-209000,0,0,0,568000,777000,-209000,-209000
068823,景碩元大02購02  ,0,0,0,0,0,0,0,0,0,-210000,0,0,0,54000,264000,-210000,-210000
068251,大立光元大01購18,0,0,0,0,0,0,0,0,0,-210000,0,0,0,0,210000,-210000,-210000
067334,漢唐凱基01購01  ,0,0,0,0,0,0,0,0,0,-210000,0,0,0,0,210000,-210000,-210000
067027,日月光兆豐03購01,0,0,0,0,0,0,0,0,0,-210000,0,0,0,120000,330000,-210000,-210000
059024,大立光統一9B購04,0,0,0,0,0,0,0,0,0,-210000,0,0,0,1019000,1229000,-210000,-210000
058169,國巨凱基9A購05  ,0,0,0,0,0,0,0,0,0,-210000,0,0,0,0,210000,-210000,-210000
056738,國巨凱基9A購02  ,0,0,0,0,0,0,0,0,0,-210000,0,0,0,10000,220000,-210000,-210000
063631,燿華元大9B購06  ,0,0,0,0,0,0,0,0,0,-210000,0,0,0,57000,267000,-210000,-210000
062012,燿華富邦9C購01  ,0,0,0,0,0,0,0,0,0,-210000,0,0,0,153000,363000,-210000,-210000
060769,國巨麥證9A購02  ,0,0,0,0,217000,-217000,0,0,0,-210000,0,0,0,7000,217000,-210000,-210000
065708,中磊群益9C購01  ,0,0,0,0,0,0,0,0,0,-210000,0,0,0,56000,266000,-210000,-210000
03304P,欣興元富02售02  ,0,0,0,0,0,0,0,0,0,-211000,0,0,0,4000,215000,-211000,-211000
063401,中租群益9B購03  ,0,0,0,0,0,0,0,0,0,-211000,0,0,0,28000,239000,-211000,-211000
067219,瑞儀元大01購01  ,0,0,0,0,0,0,0,0,0,-212000,0,0,0,109000,321000,-212000,-212000
067530,國巨群益01購09  ,0,0,0,0,0,0,0,0,0,-212000,0,0,0,55000,267000,-212000,-212000
067932,技嘉凱基01購01  ,0,0,0,0,0,0,0,0,0,-212000,0,0,0,35000,247000,-212000,-212000
063871,瀚宇博永豐9C購01,0,0,0,0,0,0,0,0,0,-212000,0,0,0,10000,222000,-212000,-212000
6592,和潤企業        ,72000,84000,-12000,0,0,0,0,0,0,-200000,0,189000,-189000,3000,14000,-11000,-212000
068166,鈺齊元大01購03  ,0,0,0,0,0,0,0,0,0,-213000,0,0,0,191000,404000,-213000,-213000
067609,智易凱基01購01  ,0,0,0,0,0,0,0,0,0,-213000,0,0,0,18000,231000,-213000,-213000
063818,矽創群益9C購01  ,0,0,0,0,0,0,0,0,0,-213000,0,0,0,11000,224000,-213000,-213000
061123,燿華永豐9A購01  ,0,0,0,0,0,0,0,0,0,-213000,0,0,0,0,213000,-213000,-213000
060821,SP黃豆元大9A購02,0,0,0,0,0,0,0,0,0,-213000,0,0,0,45000,258000,-213000,-213000
066089,文曄永豐01購01  ,0,0,0,0,0,0,0,0,0,-213000,0,0,0,0,213000,-213000,-213000
2464,盟立            ,339000,619000,-280000,0,0,0,0,0,0,67000,0,1000,-1000,85000,17000,68000,-213000
062974,奇力新元富9B購01,0,0,0,0,0,0,0,0,0,-214000,0,0,0,134000,348000,-214000,-214000
066032,矽格群益01購01  ,0,0,0,0,0,0,0,0,0,-214000,0,0,0,50000,264000,-214000,-214000
066766,嘉澤永豐01購01  ,0,0,0,0,0,0,0,0,0,-214000,0,0,0,10000,224000,-214000,-214000
065330,億豐凱基9C購03  ,0,0,0,0,0,0,0,0,0,-214000,0,0,0,329000,543000,-214000,-214000
5534,長虹            ,7000,209000,-202000,0,0,0,0,0,0,-12000,1000,13000,-12000,0,0,0,-214000
067592,信錦凱基01購01  ,0,0,0,0,0,0,0,0,0,-215000,0,0,0,0,215000,-215000,-215000
067259,聯茂國票02購01  ,0,0,0,0,0,0,0,0,0,-215000,0,0,0,141000,356000,-215000,-215000
068493,聯發科元大01購30,0,0,0,0,0,0,0,0,0,-215000,0,0,0,85000,300000,-215000,-215000
08291P,智邦台新9C售02  ,0,0,0,0,0,0,0,0,0,-215000,0,0,0,0,215000,-215000,-215000
08240P,華通中信06售03  ,0,0,0,0,0,0,0,0,0,-215000,0,0,0,0,215000,-215000,-215000
063632,金像電元大9B購04,0,0,0,0,0,0,0,0,0,-215000,0,0,0,35000,250000,-215000,-215000
08184P,可成永豐9B售03  ,0,0,0,0,0,0,0,0,0,-216000,0,0,0,0,216000,-216000,-216000
07777P,創意元大9A售03  ,0,0,0,0,0,0,0,0,0,-216000,0,0,0,220000,436000,-216000,-216000
068422,緯穎兆豐03購02  ,0,0,0,0,0,0,0,0,0,-216000,0,0,0,117000,333000,-216000,-216000
067862,泰豐元大01購02  ,0,0,0,0,0,0,0,0,0,-216000,0,0,0,53000,269000,-216000,-216000
060306,台肥永豐9A購01  ,0,0,0,0,0,0,0,0,0,-216000,0,0,0,0,216000,-216000,-216000
058365,奇力新凱基9A購01,0,0,0,0,0,0,0,0,0,-216000,0,0,0,88000,304000,-216000,-216000
061049,奇力新中信9A購02,0,0,0,0,0,0,0,0,0,-216000,0,0,0,0,216000,-216000,-216000
061186,牧德國泰9C購01  ,0,0,0,0,0,0,0,0,0,-216000,0,0,0,41000,257000,-216000,-216000
063916,瀚宇博凱基01購01,0,0,0,0,0,0,0,0,0,-216000,0,0,0,131000,347000,-216000,-216000
066296,昇陽半元大01購02,0,0,0,0,0,0,0,0,0,-216000,0,0,0,5000,221000,-216000,-216000
08605P,聯發科中信9C售06,0,0,0,0,0,0,0,0,0,-216000,0,0,0,62000,278000,-216000,-216000
067996,南亞科元大01購02,0,0,0,0,0,0,0,0,0,-217000,0,0,0,0,217000,-217000,-217000
067148,燿華統一01購03  ,0,0,0,0,0,0,0,0,0,-217000,0,0,0,169000,386000,-217000,-217000
067567,瀚宇博康和01購01,0,0,0,0,0,0,0,0,0,-217000,0,0,0,72000,289000,-217000,-217000
061373,華通富邦9A購02  ,0,0,0,0,0,0,0,0,0,-217000,0,0,0,244000,461000,-217000,-217000
06448P,華通元大99售01  ,0,0,0,0,0,0,0,0,0,-217000,0,0,0,0,217000,-217000,-217000
067683,上緯控元大01購03,0,0,0,0,0,0,0,0,0,-218000,0,0,0,62000,280000,-218000,-218000
068704,精元國票03購01  ,0,0,0,0,0,0,0,0,0,-218000,0,0,0,65000,283000,-218000,-218000
03139P,聯電凱基01售02  ,0,0,0,0,0,0,0,0,0,-218000,0,0,0,191000,409000,-218000,-218000
063984,華邦電國泰02購01,0,0,0,0,0,0,0,0,0,-218000,0,0,0,25000,243000,-218000,-218000
063567,漢唐元大9B購03  ,0,0,0,0,0,0,0,0,0,-218000,0,0,0,213000,431000,-218000,-218000
068513,聯發科統一03購08,0,0,0,0,0,0,0,0,0,-219000,0,0,0,1000,220000,-219000,-219000
068084,南電凱基02購03  ,0,0,0,0,0,0,0,0,0,-219000,0,0,0,256000,475000,-219000,-219000
055916,奇鋐凱基99購01  ,0,0,0,0,0,0,0,0,0,-219000,0,0,0,31000,250000,-219000,-219000
056578,智易元大99購02  ,0,0,0,0,0,0,0,0,0,-219000,0,0,0,0,219000,-219000,-219000
059530,華新科凱基9A購05,0,0,0,0,0,0,0,0,0,-219000,0,0,0,130000,349000,-219000,-219000
063737,大立光元大9C購07,0,0,0,0,0,0,0,0,0,-219000,0,0,0,37000,256000,-219000,-219000
063806,瀚宇博兆豐01購01,0,0,0,0,0,0,0,0,0,-219000,0,0,0,29000,248000,-219000,-219000
08708P,華通台新01售01  ,0,0,0,0,0,0,0,0,0,-219000,0,0,0,0,219000,-219000,-219000
3023,信邦            ,337000,430000,-93000,0,0,0,10000,0,10000,-136000,27000,2000,25000,3000,164000,-161000,-219000
067188,日電貿凱基01購02,0,0,0,0,0,0,0,0,0,-220000,0,0,0,0,220000,-220000,-220000
068801,深中小群益03購02,0,0,0,0,0,0,0,0,0,-220000,0,0,0,0,220000,-220000,-220000
056767,大毅元大99購01  ,0,0,0,0,0,0,0,0,0,-220000,0,0,0,30000,250000,-220000,-220000
061713,華邦電凱基9A購01,0,0,0,0,0,0,0,0,0,-220000,0,0,0,0,220000,-220000,-220000
064024,漢唐元大9C購01  ,0,0,0,0,0,0,0,0,0,-220000,0,0,0,55000,275000,-220000,-220000
062564,矽創凱基9B購01  ,0,0,0,0,0,0,0,0,0,-220000,0,0,0,0,220000,-220000,-220000
065332,漢唐國票01購02  ,0,0,0,0,0,0,0,0,0,-220000,0,0,0,65000,285000,-220000,-220000
066172,日電貿凱基01購01,0,0,0,0,0,0,0,0,0,-220000,0,0,0,0,220000,-220000,-220000
068903,帆宣元大02購01  ,0,0,0,0,0,0,0,0,0,-221000,0,0,0,0,221000,-221000,-221000
065584,華通富邦01購01  ,0,0,0,0,0,0,0,0,0,-221000,0,0,0,57000,278000,-221000,-221000
068427,儒鴻凱基01購01  ,0,0,0,0,0,0,0,0,0,-222000,0,0,0,246000,468000,-222000,-222000
08300P,世芯國票01售01  ,0,0,0,0,0,0,0,0,0,-222000,0,0,0,0,222000,-222000,-222000
067852,大毅國票02購01  ,0,0,0,0,0,0,0,0,0,-222000,0,0,0,5000,227000,-222000,-222000
056724,臻鼎中信9A購01  ,0,0,0,0,0,0,0,0,0,-222000,0,0,0,550000,772000,-222000,-222000
057445,華通元富02購01  ,0,0,0,0,0,0,0,0,0,-222000,0,0,0,450000,672000,-222000,-222000
064074,南茂永豐9C購01  ,0,0,0,0,0,0,0,0,0,-222000,0,0,0,18000,240000,-222000,-222000
066092,億豐永豐01購01  ,0,0,0,0,0,0,0,0,0,-222000,0,0,0,205000,427000,-222000,-222000
067084,泰鼎元大01購02  ,0,0,0,0,0,0,0,0,0,-223000,0,0,0,391000,614000,-223000,-223000
061077,國巨兆豐9B購01  ,0,0,0,0,0,0,0,0,0,-223000,0,0,0,15000,238000,-223000,-223000
067402,茂林永豐01購01  ,0,0,0,0,0,0,0,0,0,-224000,0,0,0,0,224000,-224000,-224000
066836,樺漢群益01購01  ,0,0,0,0,0,0,0,0,0,-224000,0,0,0,419000,643000,-224000,-224000
2820,華票            ,62000,286000,-224000,0,0,0,0,0,0,0,0,0,0,0,0,0,-224000
058336,鴻海元富99購07  ,0,0,0,0,0,0,0,0,0,-225000,0,0,0,0,225000,-225000,-225000
060636,大毅永豐9A購02  ,0,0,0,0,0,0,0,0,0,-225000,0,0,0,0,225000,-225000,-225000
061828,T50反1凱基02購01,0,0,0,0,0,0,0,0,0,-225000,0,0,0,0,225000,-225000,-225000
064503,日電貿元大9C購01,0,0,0,0,0,0,0,0,0,-225000,0,0,0,0,225000,-225000,-225000
062914,嘉澤元大9B購02  ,0,0,0,0,0,0,0,0,0,-226000,0,0,0,80000,306000,-226000,-226000
056891,國巨元大99購03  ,0,0,0,0,0,0,0,0,0,-226000,0,0,0,10000,236000,-226000,-226000
1227,佳格            ,226168,452830,-226662,0,0,0,0,0,0,0,0,0,0,0,0,0,-226662
068157,晶技元大01購04  ,0,0,0,0,0,0,0,0,0,-227000,0,0,0,78000,305000,-227000,-227000
061352,茂林元大9A購04  ,0,0,0,0,0,0,0,0,0,-227000,0,0,0,45000,272000,-227000,-227000
064451,技嘉統一01購02  ,0,0,0,0,0,0,0,0,0,-227000,0,0,0,62000,289000,-227000,-227000
066391,國巨凱基01購04  ,0,0,0,0,0,0,0,0,0,-227000,0,0,0,434000,661000,-227000,-227000
08376P,南亞科元富9C售03,0,0,0,0,0,0,0,0,0,-228000,0,0,0,17000,245000,-228000,-228000
065110,嘉澤國票01購01  ,0,0,0,0,0,0,0,0,0,-228000,0,0,0,48000,276000,-228000,-228000
3380,明泰            ,1006000,1275000,-269000,0,0,0,0,0,0,41000,65000,36000,29000,168000,156000,12000,-228000
060738,矽格統一9C購01  ,0,0,0,0,0,0,0,0,0,-229000,0,0,0,47000,276000,-229000,-229000
07948P,大成鋼凱基9B售01,0,0,0,0,0,0,0,0,0,-230000,0,0,0,0,230000,-230000,-230000
068413,健策台新01購01  ,0,0,0,0,0,0,0,0,0,-230000,0,0,0,40000,270000,-230000,-230000
067749,申豐元大01購02  ,0,0,0,0,0,0,0,0,0,-230000,0,0,0,518000,748000,-230000,-230000
056723,國巨中信9A購01  ,0,0,0,0,0,0,0,0,0,-230000,0,0,0,0,230000,-230000,-230000
058247,聯茂元大99購04  ,0,0,0,0,0,0,0,0,0,-230000,0,0,0,125000,355000,-230000,-230000
060055,宏達電凱基99購06,0,0,0,0,0,0,0,0,0,-230000,0,0,0,0,230000,-230000,-230000
066370,帆宣中信01購01  ,0,0,0,0,0,0,0,0,0,-230000,0,0,0,32000,262000,-230000,-230000
066124,台化群益01購01  ,0,0,0,0,0,0,0,0,0,-230000,0,0,0,0,230000,-230000,-230000
5203,訊連            ,64000,303000,-239000,0,0,0,0,0,0,9000,0,0,0,9000,0,9000,-230000
068475,晶技群益01購04  ,0,0,0,0,0,0,0,0,0,-231000,0,0,0,3000,234000,-231000,-231000
058963,華新科兆豐99購05,0,0,0,0,0,0,0,0,0,-231000,0,0,0,0,231000,-231000,-231000
068629,聯電康和02購01  ,10000,0,10000,0,0,0,0,0,0,-242000,0,0,0,437000,679000,-242000,-232000
07030P,鈺齊群益99售01  ,0,0,0,0,0,0,0,0,0,-232000,0,0,0,0,232000,-232000,-232000
08367P,臺股指凱基9C售11,0,0,0,0,0,0,0,0,0,-232000,0,0,0,31000,263000,-232000,-232000
060790,日月光富邦9A購01,0,0,0,0,0,0,0,0,0,-232000,0,0,0,160000,392000,-232000,-232000
065933,鴻海群益01購06  ,0,0,0,0,0,0,0,0,0,-232000,0,0,0,0,232000,-232000,-232000
066837,樺漢群益01購02  ,0,0,0,0,0,0,0,0,0,-232000,0,0,0,163000,395000,-232000,-232000
065118,國巨富邦01購02  ,0,0,0,0,0,0,0,0,0,-232000,0,0,0,9000,241000,-232000,-232000
08796P,晶技凱基01售01  ,0,0,0,0,0,0,0,0,0,-232000,0,0,0,0,232000,-232000,-232000
067750,鈺齊元大02購01  ,0,0,0,0,0,0,0,0,0,-233000,0,0,0,0,233000,-233000,-233000
057813,京元電元大98購03,0,0,0,0,0,0,0,0,0,-233000,0,0,0,0,233000,-233000,-233000
064854,祥碩麥證9C購01  ,0,0,0,204000,427000,-223000,0,0,0,-233000,0,0,0,204000,437000,-233000,-233000
066817,瀚宇博兆豐03購01,0,0,0,0,0,0,0,0,0,-233000,0,0,0,260000,493000,-233000,-233000
067014,聯發科富邦03購05,0,0,0,0,0,0,0,0,0,-234000,0,0,0,688000,922000,-234000,-234000
066778,緯穎富邦03購01  ,0,0,0,0,0,0,0,0,0,-234000,0,0,0,0,234000,-234000,-234000
065329,億豐凱基9C購02  ,0,0,0,0,0,0,0,0,0,-234000,0,0,0,443000,677000,-234000,-234000
1515,力山            ,1040000,973000,67000,0,0,0,121000,0,121000,-422000,15000,70000,-55000,63000,430000,-367000,-234000
9941,裕融            ,64000,296033,-232033,0,0,0,0,0,0,-2000,0,2000,-2000,0,0,0,-234033
067057,滬深2X元大01購09,0,0,0,0,0,0,0,0,0,-235000,0,0,0,215000,450000,-235000,-235000
07891P,臺股指國票9B售01,0,0,0,0,0,0,0,0,0,-235000,0,0,0,5000,240000,-235000,-235000
061878,茂林元大9B購01  ,0,0,0,0,0,0,0,0,0,-235000,0,0,0,0,235000,-235000,-235000
065024,華擎永豐9C購01  ,0,0,0,0,0,0,0,0,0,-235000,0,0,0,139000,374000,-235000,-235000
067727,聯茂凱基01購02  ,0,0,0,0,0,0,0,0,0,-236000,0,0,0,33000,269000,-236000,-236000
08729P,創意永豐01售01  ,0,0,0,0,0,0,0,0,0,-236000,0,0,0,40000,276000,-236000,-236000
067709,大立光元富07購01,0,0,0,0,0,0,0,0,0,-237000,0,0,0,13000,250000,-237000,-237000
068633,聯電凱基03購05  ,0,0,0,0,0,0,0,0,0,-237000,0,0,0,58000,295000,-237000,-237000
058797,大毅元大99購03  ,0,0,0,0,0,0,0,0,0,-237000,0,0,0,0,237000,-237000,-237000
061849,國巨國票9B購08  ,0,0,0,0,0,0,0,0,0,-238000,0,0,0,2000,240000,-238000,-238000
061325,晶技凱基9A購03  ,0,0,0,0,0,0,0,0,0,-238000,0,0,0,19000,257000,-238000,-238000
6243,迅杰            ,199000,437000,-238000,0,0,0,0,0,0,0,0,0,0,0,0,0,-238000
08414P,超眾凱基9C售02  ,0,0,0,0,0,0,0,0,0,-239000,0,0,0,63000,302000,-239000,-239000
065697,旺宏群益9C購07  ,0,0,0,0,0,0,0,0,0,-239000,0,0,0,10000,249000,-239000,-239000
066857,大立光國票02購02,0,0,0,0,0,0,0,0,0,-239000,0,0,0,6000,245000,-239000,-239000
067195,台虹凱基02購01  ,0,0,0,0,0,0,0,0,0,-240000,0,0,0,40000,280000,-240000,-240000
03223P,華通凱基03售03  ,0,0,0,0,0,0,0,0,0,-240000,0,0,0,0,240000,-240000,-240000
064007,嘉澤凱基02購01  ,0,0,0,0,0,0,0,0,0,-240000,0,0,0,165000,405000,-240000,-240000
062052,華通統一01購01  ,0,0,0,0,0,0,0,0,0,-240000,0,0,0,146000,386000,-240000,-240000
062374,茂林元大9B購03  ,0,0,0,0,0,0,0,0,0,-240000,0,0,0,5000,245000,-240000,-240000
063766,南茂元富9B購01  ,0,0,0,0,0,0,0,0,0,-240000,0,0,0,0,240000,-240000,-240000
063251,同欣電元大9B購04,0,0,0,0,0,0,0,0,0,-240000,0,0,0,51000,291000,-240000,-240000
067071,燿華元大01購02  ,0,0,0,0,0,0,0,0,0,-241000,0,0,0,142000,383000,-241000,-241000
068218,台光電統一02購05,0,0,0,0,0,0,0,0,0,-241000,0,0,0,105000,346000,-241000,-241000
00739,元大MSCI A股    ,2000,2000,0,0,0,0,0,0,0,-241000,0,0,0,453000,694000,-241000,-241000
060792,信錦永豐9A購01  ,0,0,0,0,0,0,0,0,0,-241000,0,0,0,0,241000,-241000,-241000
066946,京元電元大01購04,0,0,0,0,0,0,0,0,0,-241000,0,0,0,19000,260000,-241000,-241000
9955,佳龍            ,225000,466000,-241000,0,0,0,0,0,0,0,0,0,0,0,0,0,-241000
2881,富邦金          ,6097707,7288942,-1191235,0,0,0,893000,9624,883376,66000,0,69000,-69000,194000,59000,135000,-241859
00631L,元大台灣50正2   ,118000,113000,5000,0,0,0,0,0,0,-247000,121000,0,121000,1083000,1451000,-368000,-242000
061141,臻鼎統一9A購01  ,0,0,0,0,0,0,0,0,0,-242000,0,0,0,0,242000,-242000,-242000
066600,瀚宇博國泰03購01,0,0,0,0,0,0,0,0,0,-242000,0,0,0,48000,290000,-242000,-242000
065171,燿華元大9C購04  ,0,0,0,0,0,0,0,0,0,-242000,0,0,0,214000,456000,-242000,-242000
068462,帆宣國票03購01  ,0,0,0,0,0,0,0,0,0,-243000,0,0,0,140000,383000,-243000,-243000
03452B,臺股指凱基03熊05,0,0,0,0,0,0,0,0,0,-243000,0,0,0,446000,689000,-243000,-243000
063682,達新永豐9B購01  ,0,0,0,0,0,0,0,0,0,-243000,0,0,0,0,243000,-243000,-243000
064917,元大金統一02購01,0,0,0,0,0,0,0,0,0,-243000,0,0,0,246000,489000,-243000,-243000
2548,華固            ,159000,404000,-245000,0,0,0,0,0,0,2000,6000,4000,2000,0,0,0,-243000
053396,漢唐中信9A購01  ,0,0,0,0,0,0,0,0,0,-244000,0,0,0,0,244000,-244000,-244000
061129,文曄永豐9A購01  ,0,0,0,0,0,0,0,0,0,-244000,0,0,0,0,244000,-244000,-244000
068400,瑞昱元富07購02  ,0,0,0,0,0,0,0,0,0,-245000,0,0,0,80000,325000,-245000,-245000
08304P,大立光中信02售01,0,0,0,0,0,0,0,0,0,-245000,0,0,0,5000,250000,-245000,-245000
055456,上銀富邦99購01  ,0,0,0,0,0,0,0,0,0,-245000,0,0,0,5000,250000,-245000,-245000
068414,聯電中信01購01  ,0,0,0,0,0,0,0,0,0,-246000,0,0,0,82000,328000,-246000,-246000
061926,晶技凱基9B購02  ,0,0,0,0,0,0,0,0,0,-246000,0,0,0,86000,332000,-246000,-246000
064491,金像電元大9C購03,0,0,0,0,0,0,0,0,0,-247000,0,0,0,1000,248000,-247000,-247000
064337,大毅元大01購02  ,0,0,0,0,0,0,0,0,0,-247000,0,0,0,10000,257000,-247000,-247000
066133,京元電群益01購01,0,0,0,0,0,0,0,0,0,-247000,0,0,0,64000,311000,-247000,-247000
066036,神隆元大02購01  ,0,0,0,0,0,0,0,0,0,-247000,0,0,0,0,247000,-247000,-247000
068575,南電元大01購10  ,1000,0,1000,0,0,0,0,0,0,-249000,0,0,0,147000,396000,-249000,-248000
067494,日月光元大01購03,0,0,0,0,0,0,0,0,0,-248000,0,0,0,108000,356000,-248000,-248000
063279,國巨元大9C購05  ,0,0,0,0,0,0,0,0,0,-248000,0,0,0,0,248000,-248000,-248000
07500P,微星元大9A售01  ,0,0,0,0,0,0,0,0,0,-249000,0,0,0,0,249000,-249000,-249000
056850,彩晶元富99購01  ,0,0,0,0,0,0,0,0,0,-249000,0,0,0,60000,309000,-249000,-249000
065195,國巨元富06購01  ,0,0,0,0,0,0,0,0,0,-249000,0,0,0,2000,251000,-249000,-249000
08099P,聯發科中信9B售04,0,0,0,0,0,0,0,0,0,-250000,0,0,0,0,250000,-250000,-250000
06885P,國巨國票99售06  ,0,0,0,0,0,0,0,0,0,-250000,0,0,0,0,250000,-250000,-250000
067292,大立光兆豐01購01,0,0,0,0,0,0,0,0,0,-250000,0,0,0,0,250000,-250000,-250000
057987,大立光元富98購02,0,0,0,0,0,0,0,0,0,-250000,0,0,0,2000000,2250000,-250000,-250000
063650,矽創元大9B購03  ,0,0,0,0,0,0,0,0,0,-250000,0,0,0,50000,300000,-250000,-250000
061875,華新科元大9B購03,0,0,0,0,0,0,0,0,0,-250000,0,0,0,0,250000,-250000,-250000
065364,國巨元大9C購18  ,0,0,0,0,0,0,0,0,0,-250000,0,0,0,0,250000,-250000,-250000
08805P,台積電元富07售04,0,0,0,0,0,0,0,0,0,-250000,0,0,0,150000,400000,-250000,-250000
063085,嘉澤凱基9C購01  ,0,0,0,0,0,0,0,0,0,-251000,0,0,0,24000,275000,-251000,-251000
066781,滬深2X中信04購01,0,0,0,0,0,0,0,0,0,-251000,0,0,0,105000,356000,-251000,-251000
068613,帆宣凱基01購02  ,0,0,0,0,0,0,0,0,0,-252000,0,0,0,10000,262000,-252000,-252000
059364,昇陽半永豐99購02,0,0,0,0,0,0,0,0,0,-252000,0,0,0,5000,257000,-252000,-252000
065464,健鼎中信9C購01  ,0,0,0,0,0,0,0,0,0,-253000,0,0,0,5000,258000,-253000,-253000
064600,技嘉元富9C購01  ,0,0,0,0,0,0,0,0,0,-253000,0,0,0,6000,259000,-253000,-253000
064554,儒鴻群益9C購01  ,0,0,0,0,0,0,0,0,0,-253000,0,0,0,78000,331000,-253000,-253000
062704,大毅元大9C購01  ,0,0,0,0,0,0,0,0,0,-254000,0,0,0,101000,355000,-254000,-254000
2102,泰豐            ,313000,596000,-283000,0,0,0,0,0,0,29000,0,0,0,29000,0,29000,-254000
060110,茂林元大99購06  ,0,0,0,0,0,0,0,0,0,-255000,0,0,0,26000,281000,-255000,-255000
057681,T50反1日盛9C購01,0,0,0,0,0,0,0,0,0,-255000,0,0,0,0,255000,-255000,-255000
068669,國巨統一03購04  ,0,0,0,0,0,0,0,0,0,-256000,0,0,0,44000,300000,-256000,-256000
064626,聯茂元大9C購01  ,0,0,0,0,0,0,0,0,0,-256000,0,0,0,29000,285000,-256000,-256000
065402,漢唐國泰02購01  ,0,0,0,0,0,0,0,0,0,-256000,0,0,0,46000,302000,-256000,-256000
066798,燿華凱基02購02  ,0,0,0,0,0,0,0,0,0,-256000,0,0,0,152000,408000,-256000,-256000
066876,大立光富邦05購01,0,0,0,0,0,0,0,0,0,-256000,0,0,0,50000,306000,-256000,-256000
065834,億豐凱基03購01  ,0,0,0,0,0,0,0,0,0,-256000,0,0,0,311000,567000,-256000,-256000
067316,嘉澤元大01購03  ,0,0,0,0,0,0,0,0,0,-257000,0,0,0,249000,506000,-257000,-257000
064317,日月光群益9C購01,0,0,0,0,0,0,0,0,0,-257000,0,0,0,28000,285000,-257000,-257000
056604,鴻海富邦9A購01  ,0,0,0,0,0,0,0,0,0,-258000,0,0,0,42000,300000,-258000,-258000
057958,禾伸堂元大99購05,0,0,0,0,0,0,0,0,0,-258000,0,0,0,100000,358000,-258000,-258000
060911,大毅元大9A購01  ,0,0,0,0,0,0,0,0,0,-258000,0,0,0,26000,284000,-258000,-258000
064137,台泥統一02購01  ,0,0,0,0,0,0,0,0,0,-258000,0,0,0,335000,593000,-258000,-258000
066574,康友元大01購01  ,0,0,0,0,0,0,0,0,0,-258000,0,0,0,244000,502000,-258000,-258000
066402,泰鼎凱基01購02  ,0,0,0,0,0,0,0,0,0,-258000,0,0,0,443000,701000,-258000,-258000
9958,世紀鋼          ,332000,501000,-169000,0,0,0,20000,21000,-1000,-88000,136000,160000,-24000,140000,204000,-64000,-258000
068505,GIS元大01購06   ,0,0,0,0,0,0,0,0,0,-259000,0,0,0,17000,276000,-259000,-259000
068843,國巨統一03購05  ,0,0,0,0,0,0,0,0,0,-260000,0,0,0,4000,264000,-260000,-260000
067428,大毅凱基01購02  ,0,0,0,0,0,0,0,0,0,-260000,0,0,0,0,260000,-260000,-260000
067604,晶技凱基01購02  ,0,0,0,0,0,0,0,0,0,-260000,0,0,0,58000,318000,-260000,-260000
056500,大立光富邦9B購02,0,0,0,0,0,0,0,0,0,-260000,0,0,0,0,260000,-260000,-260000
060785,國巨富邦9B購04  ,0,0,0,0,0,0,0,0,0,-260000,0,0,0,0,260000,-260000,-260000
065611,嘉聯益元大9C購02,0,0,0,0,0,0,0,0,0,-260000,0,0,0,491000,751000,-260000,-260000
065104,南茂元大9C購02  ,0,0,0,0,0,0,0,0,0,-260000,0,0,0,45000,305000,-260000,-260000
068128,台積電統一03購07,0,0,0,0,0,0,0,0,0,-261000,0,0,0,0,261000,-261000,-261000
067827,富邦金兆豐03購01,0,0,0,0,0,0,0,0,0,-261000,0,0,0,242000,503000,-261000,-261000
062293,麗豐永豐9B購01  ,0,0,0,0,0,0,0,0,0,-261000,0,0,0,1000,262000,-261000,-261000
064750,緯穎麥證9C購01  ,0,0,0,1000,262000,-261000,0,0,0,-261000,0,0,0,1000,262000,-261000,-261000
2406,國碩            ,223000,484000,-261000,0,0,0,0,0,0,0,0,0,0,0,0,0,-261000
2106,建大            ,109000,170000,-61000,0,0,0,0,200000,-200000,0,0,0,0,0,0,0,-261000
6505,台塑化          ,391465,544222,-152757,0,0,0,9000,76934,-67934,-41000,16000,64000,-48000,7000,0,7000,-261691
056699,光罩國泰99購01  ,0,0,0,0,0,0,0,0,0,-262000,0,0,0,15000,277000,-262000,-262000
061576,華新科元大9A購21,0,0,0,0,0,0,0,0,0,-262000,0,0,0,0,262000,-262000,-262000
064379,TPK元富9C購01   ,0,0,0,0,0,0,0,0,0,-262000,0,0,0,190000,452000,-262000,-262000
068283,帆宣中信01購02  ,0,0,0,0,0,0,0,0,0,-263000,0,0,0,134000,397000,-263000,-263000
066533,南茂元富01購01  ,0,0,0,0,0,0,0,0,0,-263000,0,0,0,0,263000,-263000,-263000
068184,彩晶群益03購03  ,0,0,0,0,0,0,0,0,0,-264000,0,0,0,67000,331000,-264000,-264000
058989,茂林凱基99購02  ,0,0,0,0,0,0,0,0,0,-264000,0,0,0,31000,295000,-264000,-264000
063075,祥碩永豐9B購04  ,0,0,0,0,0,0,0,0,0,-264000,0,0,0,115000,379000,-264000,-264000
064280,大立光元大9C購11,0,0,0,0,0,0,0,0,0,-264000,0,0,0,0,264000,-264000,-264000
07014P,華通元大99售04  ,0,0,0,0,0,0,0,0,0,-265000,0,0,0,80000,345000,-265000,-265000
060676,京元電元大9A購03,0,0,0,0,0,0,0,0,0,-265000,0,0,0,94000,359000,-265000,-265000
065821,億豐元富03購01  ,0,0,0,0,0,0,0,0,0,-265000,0,0,0,741000,1006000,-265000,-265000
068469,鴻海群益01購11  ,0,0,0,0,0,0,0,0,0,-266000,0,0,0,64000,330000,-266000,-266000
056232,瑞儀凱基98購01  ,0,0,0,0,0,0,0,0,0,-267000,0,0,0,0,267000,-267000,-267000
067933,微星凱基02購04  ,0,0,0,0,0,0,0,0,0,-268000,0,0,0,183000,451000,-268000,-268000
067826,高鐵兆豐03購01  ,0,0,0,0,0,0,0,0,0,-268000,0,0,0,0,268000,-268000,-268000
067495,日月光元大01購04,0,0,0,0,0,0,0,0,0,-268000,0,0,0,38000,306000,-268000,-268000
066165,大毅凱基01購01  ,0,0,0,0,0,0,0,0,0,-268000,0,0,0,30000,298000,-268000,-268000
067460,晶技永豐01購02  ,0,0,0,0,0,0,0,0,0,-269000,0,0,0,1000,270000,-269000,-269000
056095,臻鼎元富9A購01  ,0,0,0,0,0,0,0,0,0,-269000,0,0,0,83000,352000,-269000,-269000
062804,玉晶光統一9C購04,0,0,0,0,0,0,0,0,0,-269000,0,0,0,26000,295000,-269000,-269000
066471,致新統一02購01  ,0,0,0,0,0,0,0,0,0,-269000,0,0,0,657000,926000,-269000,-269000
064948,致茂凱基01購01  ,0,0,0,0,0,0,0,0,0,-269000,0,0,0,74000,343000,-269000,-269000
065482,立積元大01購02  ,0,0,0,0,0,0,0,0,0,-269000,0,0,0,176000,445000,-269000,-269000
067299,燿華元大01購03  ,0,0,0,0,0,0,0,0,0,-270000,0,0,0,366000,636000,-270000,-270000
067343,嘉澤凱基01購01  ,0,0,0,0,0,0,0,0,0,-270000,0,0,0,0,270000,-270000,-270000
067909,玉晶光國泰03購02,40000,0,40000,0,0,0,0,0,0,-310000,0,0,0,103000,413000,-310000,-270000
068159,華擎元大01購08  ,0,0,0,0,0,0,0,0,0,-270000,0,0,0,725000,995000,-270000,-270000
068354,燿華凱基01購03  ,0,0,0,0,0,0,0,0,0,-270000,0,0,0,58000,328000,-270000,-270000
068771,大立光統一05購01,0,0,0,0,0,0,0,0,0,-270000,0,0,0,0,270000,-270000,-270000
068612,崇越凱基01購01  ,0,0,0,0,0,0,0,0,0,-270000,0,0,0,122000,392000,-270000,-270000
066494,旺宏國泰03購01  ,0,0,0,0,0,0,0,0,0,-270000,0,0,0,42000,312000,-270000,-270000
066449,瀚宇博群益01購01,0,0,0,0,0,0,0,0,0,-270000,0,0,0,2000,272000,-270000,-270000
066792,T50反1凱基01購03,0,0,0,0,0,0,0,0,0,-270000,0,0,0,18000,288000,-270000,-270000
065779,台勝科國泰01購02,0,0,0,0,0,0,0,0,0,-270000,0,0,0,0,270000,-270000,-270000
068129,宏碁統一03購01  ,0,0,0,0,0,0,0,0,0,-271000,0,0,0,0,271000,-271000,-271000
067317,嘉澤元大02購01  ,0,0,0,0,0,0,0,0,0,-271000,0,0,0,274000,545000,-271000,-271000
060229,楠梓電元大9C購01,0,0,0,0,0,0,0,0,0,-271000,0,0,0,57000,328000,-271000,-271000
059890,大立光國票99購03,0,0,0,0,0,0,0,0,0,-271000,0,0,0,0,271000,-271000,-271000
060918,康友國泰9C購01  ,0,0,0,0,0,0,0,0,0,-271000,0,0,0,584000,855000,-271000,-271000
066637,瀚宇博凱基01購02,0,0,0,0,0,0,0,0,0,-271000,0,0,0,21000,292000,-271000,-271000
059730,晶相光元大9C購02,0,0,0,0,0,0,0,0,0,-272000,0,0,0,254000,526000,-272000,-272000
058161,T50反1日盛03購01,0,0,0,0,0,0,0,0,0,-272000,0,0,0,58000,330000,-272000,-272000
066429,矽格元大01購01  ,0,0,0,0,0,0,0,0,0,-272000,0,0,0,64000,336000,-272000,-272000
066134,強茂群益01購01  ,0,0,0,0,0,0,0,0,0,-272000,0,0,0,532000,804000,-272000,-272000
062262,茂林元大9B購02  ,0,0,0,0,0,0,0,0,0,-273000,0,0,0,39000,312000,-273000,-273000
062332,大立光統一9B購11,0,0,0,0,0,0,0,0,0,-273000,0,0,0,711000,984000,-273000,-273000
058851,大立光群益99購07,0,0,0,0,0,0,0,0,0,-274000,0,0,0,0,274000,-274000,-274000
064754,漢唐凱基02購01  ,0,0,0,0,0,0,0,0,0,-274000,0,0,0,88000,362000,-274000,-274000
08010P,大成鋼元大9B售01,0,0,0,0,0,0,0,0,0,-275000,0,0,0,0,275000,-275000,-275000
060878,奇力新中信9C購01,0,0,0,0,0,0,0,0,0,-275000,0,0,0,36000,311000,-275000,-275000
062260,華新科元大9B購09,0,0,0,0,0,0,0,0,0,-275000,0,0,0,0,275000,-275000,-275000
061012,國巨麥證9A購03  ,0,0,0,0,279000,-279000,0,0,0,-275000,0,0,0,4000,279000,-275000,-275000
063360,茂林國泰9C購02  ,0,0,0,0,0,0,0,0,0,-275000,0,0,0,233000,508000,-275000,-275000
2208,台船            ,94000,416000,-322000,0,0,0,0,0,0,47000,0,0,0,54000,7000,47000,-275000
068860,聯發科元富08購01,0,0,0,0,0,0,0,0,0,-276000,0,0,0,0,276000,-276000,-276000
067052,帆宣凱基02購01  ,0,0,0,0,0,0,0,0,0,-276000,0,0,0,1000,277000,-276000,-276000
067953,京元電永豐01購02,0,0,0,0,0,0,0,0,0,-276000,0,0,0,10000,286000,-276000,-276000
062019,嘉澤永豐9B購01  ,0,0,0,0,0,0,0,0,0,-276000,0,0,0,11000,287000,-276000,-276000
066974,SP黃豆群益03購01,0,0,0,0,0,0,0,0,0,-277000,0,0,0,0,277000,-277000,-277000
064481,技嘉永豐9C購01  ,0,0,0,0,0,0,0,0,0,-277000,0,0,0,13000,290000,-277000,-277000
08443P,臺股指麥證01售02,0,0,0,1171000,1450000,-279000,0,0,0,-279000,0,0,0,1171000,1450000,-279000,-279000
060723,致新永豐9A購01  ,0,0,0,0,0,0,0,0,0,-279000,0,0,0,10000,289000,-279000,-279000
08955P,台灣50凱基04售09,0,0,0,0,0,0,0,0,0,-279000,0,0,0,0,279000,-279000,-279000
08760P,瑞昱元大01售02  ,0,0,0,0,0,0,0,0,0,-279000,0,0,0,2000,281000,-279000,-279000
063377,泰鼎永豐9B購03  ,0,0,0,0,0,0,0,0,0,-280000,0,0,0,100000,380000,-280000,-280000
2939,凱羿-KY         ,123000,401000,-278000,0,0,0,0,0,0,-2000,0,2000,-2000,0,0,0,-280000
03311P,欣興凱基02售05  ,0,0,0,0,0,0,0,0,0,-282000,0,0,0,0,282000,-282000,-282000
063287,嘉澤元大9B購05  ,0,0,0,0,0,0,0,0,0,-282000,0,0,0,186000,468000,-282000,-282000
062972,京元電元富9B購01,0,0,0,0,0,0,0,0,0,-282000,0,0,0,39000,321000,-282000,-282000
064671,聯茂元大9C購02  ,0,0,0,0,0,0,0,0,0,-282000,0,0,0,206000,488000,-282000,-282000
066868,聯發科元富07購01,0,0,0,0,0,0,0,0,0,-282000,0,0,0,66000,348000,-282000,-282000
2915,潤泰全          ,165000,278000,-113000,0,0,0,0,0,0,-169000,0,5000,-5000,14000,178000,-164000,-282000
2637,慧洋-KY         ,92072,384000,-291928,0,0,0,0,0,0,9000,5000,27000,-22000,31000,0,31000,-282928
03214P,技嘉群益02售02  ,0,0,0,0,0,0,0,0,0,-283000,0,0,0,200000,483000,-283000,-283000
059532,華新科凱基9B購03,0,0,0,0,0,0,0,0,0,-283000,0,0,0,0,283000,-283000,-283000
067025,禾伸堂兆豐03購01,0,0,0,0,0,0,0,0,0,-284000,0,0,0,185000,469000,-284000,-284000
068008,聯茂元大01購02  ,0,0,0,0,0,0,0,0,0,-284000,0,0,0,74000,358000,-284000,-284000
059836,大立光國泰9B購02,0,0,0,0,0,0,0,0,0,-284000,0,0,0,0,284000,-284000,-284000
062976,嘉澤元富9B購01  ,0,0,0,0,0,0,0,0,0,-284000,0,0,0,139000,423000,-284000,-284000
05887P,友達元富99售03  ,0,0,0,0,0,0,0,0,0,-285000,0,0,0,0,285000,-285000,-285000
066913,樺漢凱基01購01  ,0,0,0,0,0,0,0,0,0,-285000,0,0,0,28000,313000,-285000,-285000
066410,潤泰新凱基01購01,0,0,0,0,0,0,0,0,0,-285000,0,0,0,125000,410000,-285000,-285000
065646,健鼎元大9C購04  ,0,0,0,0,0,0,0,0,0,-285000,0,0,0,50000,335000,-285000,-285000
1326,台化            ,1140431,1403671,-263240,0,0,0,14000,5512,8488,-31000,12000,43000,-31000,0,0,0,-285752
067669,金像電元大02購03,0,0,0,0,0,0,0,0,0,-286000,0,0,0,15000,301000,-286000,-286000
067608,嘉澤凱基01購02  ,0,0,0,0,0,0,0,0,0,-286000,0,0,0,19000,305000,-286000,-286000
08873P,欣興永豐01售01  ,0,0,0,0,0,0,0,0,0,-286000,0,0,0,0,286000,-286000,-286000
068162,GIS元大02購01   ,0,0,0,0,0,0,0,0,0,-287000,0,0,0,60000,347000,-287000,-287000
067502,聚陽統一02購04  ,0,0,0,0,0,0,0,0,0,-287000,0,0,0,13000,300000,-287000,-287000
068384,聯電統一03購02  ,0,0,0,0,0,0,0,0,0,-287000,0,0,0,757000,1044000,-287000,-287000
054892,彩晶統一99購01  ,0,0,0,0,0,0,0,0,0,-287000,0,0,0,0,287000,-287000,-287000
063426,茂林凱基9B購03  ,0,0,0,0,0,0,0,0,0,-287000,0,0,0,0,287000,-287000,-287000
065258,華邦電元大01購01,0,0,0,0,0,0,0,0,0,-287000,0,0,0,87000,374000,-287000,-287000
064343,健鼎元大9C購01  ,0,0,0,0,0,0,0,0,0,-287000,0,0,0,80000,367000,-287000,-287000
08730P,緯穎永豐01售02  ,0,0,0,0,0,0,0,0,0,-287000,0,0,0,212000,499000,-287000,-287000
068737,南電元大02購03  ,0,0,0,0,0,0,0,0,0,-288000,0,0,0,57000,345000,-288000,-288000
063359,泰鼎國泰01購01  ,0,0,0,0,0,0,0,0,0,-288000,0,0,0,394000,682000,-288000,-288000
1513,中興電          ,222000,413000,-191000,0,0,0,0,0,0,-97000,8000,50000,-42000,0,55000,-55000,-288000
068631,亞泥凱基02購01  ,0,0,0,0,0,0,0,0,0,-289000,0,0,0,36000,325000,-289000,-289000
058615,矽創元大99購01  ,0,0,0,0,0,0,0,0,0,-289000,0,0,0,161000,450000,-289000,-289000
058377,茂林凱基9A購03  ,0,0,0,0,0,0,0,0,0,-289000,0,0,0,12000,301000,-289000,-289000
063768,華新科國泰9C購03,0,0,0,0,0,0,0,0,0,-289000,0,0,0,70000,359000,-289000,-289000
068265,信錦永豐01購01  ,0,0,0,0,0,0,0,0,0,-290000,0,0,0,0,290000,-290000,-290000
061424,華新科元大9A購18,0,0,0,0,0,0,0,0,0,-290000,0,0,0,23000,313000,-290000,-290000
067422,微星凱基02購03  ,0,0,0,0,0,0,0,0,0,-291000,0,0,0,10000,301000,-291000,-291000
060187,華新科元富9A購02,0,0,0,0,0,0,0,0,0,-291000,0,0,0,61000,352000,-291000,-291000
061034,晶豪科永豐9A購01,0,0,0,0,0,0,0,0,0,-291000,0,0,0,10000,301000,-291000,-291000
061184,大立光國泰9C購01,0,0,0,0,0,0,0,0,0,-291000,0,0,0,35000,326000,-291000,-291000
067087,帆宣元大01購03  ,0,0,0,0,0,0,0,0,0,-292000,0,0,0,44000,336000,-292000,-292000
067999,大毅元大01購03  ,0,0,0,0,0,0,0,0,0,-292000,0,0,0,0,292000,-292000,-292000
059675,大立光元富99購08,0,0,0,0,0,0,0,0,0,-292000,0,0,0,360000,652000,-292000,-292000
062608,智易凱基9B購01  ,0,0,0,0,0,0,0,0,0,-292000,0,0,0,0,292000,-292000,-292000
064353,力成元大9C購02  ,0,0,0,0,0,0,0,0,0,-292000,0,0,0,0,292000,-292000,-292000
066434,台虹元大01購01  ,0,0,0,0,0,0,0,0,0,-292000,0,0,0,123000,415000,-292000,-292000
3532,台勝科          ,171000,291000,-120000,0,0,0,0,200000,-200000,28000,0,3000,-3000,39000,8000,31000,-292000
2542,興富發          ,425285,710000,-284715,0,0,0,0,0,0,-8000,10000,18000,-8000,0,0,0,-292715
067307,聯詠元大01購06  ,0,0,0,0,0,0,0,0,0,-294000,0,0,0,160000,454000,-294000,-294000
067550,燿華中信02購01  ,0,0,0,0,0,0,0,0,0,-294000,0,0,0,26000,320000,-294000,-294000
063473,茂林元大9B購05  ,0,0,0,0,0,0,0,0,0,-294000,0,0,0,18000,312000,-294000,-294000
064070,祥碩永豐9C購01  ,0,0,0,0,0,0,0,0,0,-295000,0,0,0,29000,324000,-295000,-295000
067175,國巨麥證01購06  ,0,0,0,4000,302000,-298000,0,0,0,-296000,0,0,0,6000,302000,-296000,-296000
068465,致茂永豐01購03  ,0,0,0,0,0,0,0,0,0,-296000,0,0,0,232000,528000,-296000,-296000
00712,FH富時不動產    ,0,153000,-153000,0,0,0,0,0,0,-143000,0,0,0,171000,314000,-143000,-296000
8926,台汽電          ,42000,336000,-294000,0,0,0,0,0,0,-2000,0,13000,-13000,11000,0,11000,-296000
068374,技嘉永豐01購01  ,0,0,0,0,0,0,0,0,0,-298000,0,0,0,20000,318000,-298000,-298000
056317,華通群益99購02  ,0,0,0,0,0,0,0,0,0,-298000,0,0,0,83000,381000,-298000,-298000
056810,群創統一9A購01  ,0,0,0,0,0,0,0,0,0,-298000,0,0,0,220000,518000,-298000,-298000
066155,華碩康和01購01  ,0,0,0,0,0,0,0,0,0,-298000,0,0,0,28000,326000,-298000,-298000
065738,國巨麥證9C購04  ,0,0,0,2000,300000,-298000,0,0,0,-298000,0,0,0,2000,300000,-298000,-298000
1760,寶齡富錦        ,354000,652000,-298000,0,0,0,0,0,0,0,0,0,0,0,0,0,-298000
07148P,富邦金元大99售01,0,0,0,0,0,0,0,0,0,-299000,0,0,0,1000,300000,-299000,-299000
052572,群創凱基99購01  ,0,0,0,0,0,0,0,0,0,-299000,0,0,0,0,299000,-299000,-299000
00673R,元大S&P原油反1  ,0,0,0,0,0,0,0,0,0,-299000,0,0,0,23000,322000,-299000,-299000
063237,微星元大9B購02  ,0,0,0,0,0,0,0,0,0,-299000,0,0,0,92000,391000,-299000,-299000
066049,奇鋐元大02購01  ,0,0,0,0,0,0,0,0,0,-299000,0,0,0,2000,301000,-299000,-299000
065579,南茂群益9C購02  ,0,0,0,0,0,0,0,0,0,-299000,0,0,0,6000,305000,-299000,-299000
07420P,可成元大99售07  ,0,0,0,0,0,0,0,0,0,-300000,0,0,0,0,300000,-300000,-300000
08404P,技嘉元大9C售02  ,0,0,0,0,0,0,0,0,0,-300000,0,0,0,20000,320000,-300000,-300000
068254,訊連元大01購02  ,0,0,0,0,0,0,0,0,0,-300000,0,0,0,20000,320000,-300000,-300000
067062,神隆元大01購02  ,0,0,0,0,0,0,0,0,0,-300000,0,0,0,0,300000,-300000,-300000
067645,樺漢統一02購01  ,0,0,0,0,0,0,0,0,0,-300000,0,0,0,0,300000,-300000,-300000
067915,宏碁永豐01購01  ,0,20000,-20000,0,0,0,0,0,0,-280000,0,0,0,41000,321000,-280000,-300000
057369,奇力新元大99購05,0,0,0,0,0,0,0,0,0,-300000,0,0,0,0,300000,-300000,-300000
03691C,T50反1元大01牛05,0,0,0,0,0,0,0,0,0,-300000,0,0,0,50000,350000,-300000,-300000
054806,台化元大9A購01  ,0,0,0,0,0,0,0,0,0,-300000,0,0,0,0,300000,-300000,-300000
057750,神達國票99購01  ,0,0,0,0,0,0,0,0,0,-300000,0,0,0,0,300000,-300000,-300000
063088,緯穎凱基9B購04  ,0,0,0,0,0,0,0,0,0,-300000,0,0,0,0,300000,-300000,-300000
063116,大立光麥證9C購01,0,0,0,0,300000,-300000,0,0,0,-300000,0,0,0,0,300000,-300000,-300000
063591,麗豐永豐9B購02  ,0,0,0,0,0,0,0,0,0,-300000,0,0,0,0,300000,-300000,-300000
064042,國巨統一9C購12  ,0,0,0,0,0,0,0,0,0,-300000,0,0,0,19000,319000,-300000,-300000
060685,康友元大9A購01  ,0,0,0,0,0,0,0,0,0,-300000,0,0,0,0,300000,-300000,-300000
060686,康友元大9A購02  ,0,0,0,0,0,0,0,0,0,-300000,0,0,0,0,300000,-300000,-300000
065484,康友元大9C購01  ,0,0,0,0,0,0,0,0,0,-300000,0,0,0,0,300000,-300000,-300000
067877,T50反1群益01購07,0,0,0,0,0,0,0,0,0,-301000,0,0,0,15000,316000,-301000,-301000
067086,中磊元大01購01  ,0,0,0,0,0,0,0,0,0,-301000,0,0,0,15000,316000,-301000,-301000
063277,大成鋼元大9B購03,0,0,0,0,0,0,0,0,0,-301000,0,0,0,17000,318000,-301000,-301000
08866P,旭富元大01售01  ,0,0,0,0,0,0,0,0,0,-301000,0,0,0,0,301000,-301000,-301000
067288,為升兆豐03購01  ,0,0,0,0,0,0,0,0,0,-302000,0,0,0,94000,396000,-302000,-302000
058464,矽創兆豐9A購01  ,0,0,0,0,0,0,0,0,0,-302000,0,0,0,85000,387000,-302000,-302000
057257,台泥兆豐99購01  ,0,0,0,0,0,0,0,0,0,-302000,0,0,0,169000,471000,-302000,-302000
063687,金像電永豐9B購04,0,0,0,0,0,0,0,0,0,-302000,0,0,0,5000,307000,-302000,-302000
063992,大立光中信9C購03,0,0,0,0,0,0,0,0,0,-302000,0,0,0,0,302000,-302000,-302000
2501,國建            ,28000,297000,-269000,0,0,0,0,0,0,-33000,0,33000,-33000,0,0,0,-302000
067668,金像電元大01購02,0,0,0,0,0,0,0,0,0,-303000,0,0,0,10000,313000,-303000,-303000
067723,國揚凱基01購02  ,0,0,0,0,0,0,0,0,0,-303000,0,0,0,314000,617000,-303000,-303000
061181,牧德凱基9A購01  ,0,0,0,0,0,0,0,0,0,-303000,0,0,0,0,303000,-303000,-303000
061389,華新科群益9B購01,0,0,0,0,0,0,0,0,0,-303000,0,0,0,2000,305000,-303000,-303000
065307,矽格元富9C購01  ,0,0,0,0,0,0,0,0,0,-303000,0,0,0,87000,390000,-303000,-303000
064490,金像電元大9C購02,0,0,0,0,0,0,0,0,0,-303000,0,0,0,123000,426000,-303000,-303000
067976,訊連群益01購01  ,0,0,0,0,0,0,0,0,0,-304000,0,0,0,19000,323000,-304000,-304000
067963,宏碁群益02購01  ,0,0,0,0,0,0,0,0,0,-304000,0,0,0,104000,408000,-304000,-304000
057577,廣宇中信9A購01  ,0,0,0,0,0,0,0,0,0,-304000,0,0,0,1000,305000,-304000,-304000
066442,華碩群益01購01  ,0,0,0,0,0,0,0,0,0,-304000,0,0,0,139000,443000,-304000,-304000
2929,淘帝-KY         ,129000,433000,-304000,0,0,0,0,0,0,0,0,0,0,0,0,0,-304000
066979,國巨群益01購04  ,0,0,0,0,0,0,0,0,0,-305000,0,0,0,5000,310000,-305000,-305000
068362,南電凱基01購06  ,0,0,0,0,0,0,0,0,0,-305000,0,0,0,132000,437000,-305000,-305000
064238,玉晶光統一01購08,0,0,0,0,0,0,0,0,0,-305000,0,0,0,118000,423000,-305000,-305000
08424P,群創元富9C售03  ,0,0,0,0,0,0,0,0,0,-306000,0,0,0,0,306000,-306000,-306000
058786,元黃金元大99購01,0,0,0,0,0,0,0,0,0,-306000,0,0,0,110000,416000,-306000,-306000
056369,彩晶元大01購01  ,0,0,0,0,0,0,0,0,0,-306000,0,0,0,127000,433000,-306000,-306000
062070,金寶元大9B購01  ,0,0,0,0,0,0,0,0,0,-306000,0,0,0,0,306000,-306000,-306000
066017,南六元富03購01  ,0,0,0,0,0,0,0,0,0,-306000,0,0,0,51000,357000,-306000,-306000
065365,國巨元大9C購19  ,0,0,0,0,0,0,0,0,0,-306000,0,0,0,30000,336000,-306000,-306000
068874,精元凱基02購01  ,0,0,0,0,0,0,0,0,0,-307000,0,0,0,0,307000,-307000,-307000
03459B,臺股指元大9C熊38,0,0,0,0,0,0,0,0,0,-307000,0,0,0,2000,309000,-307000,-307000
063298,統一凱基9B購01  ,0,0,0,0,0,0,0,0,0,-307000,0,0,0,45000,352000,-307000,-307000
03061P,南電凱基01售05  ,0,0,0,0,0,0,0,0,0,-308000,0,0,0,168000,476000,-308000,-308000
064157,健鼎統一01購02  ,0,0,0,0,0,0,0,0,0,-308000,0,0,0,471000,779000,-308000,-308000
066810,瀚宇博凱基02購01,0,0,0,0,0,0,0,0,0,-308000,0,0,0,84000,392000,-308000,-308000
067044,華碩凱基02購01  ,0,0,0,0,0,0,0,0,0,-309000,0,0,0,14000,323000,-309000,-309000
068208,彩晶凱基02購01  ,0,0,0,0,0,0,0,0,0,-310000,0,0,0,0,310000,-310000,-310000
066571,矽格元大01購02  ,0,0,0,0,0,0,0,0,0,-310000,0,0,0,90000,400000,-310000,-310000
064516,華通群益02購01  ,0,0,0,0,0,0,0,0,0,-310000,0,0,0,73000,383000,-310000,-310000
068489,技嘉元大01購05  ,0,0,0,0,0,0,0,0,0,-311000,0,0,0,93000,404000,-311000,-311000
067116,嘉澤群益01購02  ,0,0,0,0,0,0,0,0,0,-312000,0,0,0,20000,332000,-312000,-312000
067247,瀚宇博群益01購02,0,0,0,0,0,0,0,0,0,-312000,0,0,0,0,312000,-312000,-312000
061302,晶技永豐9A購04  ,0,0,0,0,0,0,0,0,0,-312000,0,0,0,32000,344000,-312000,-312000
067108,大毅群益01購01  ,0,0,0,0,0,0,0,0,0,-313000,0,0,0,32000,345000,-313000,-313000
068798,南電凱基02購04  ,0,0,0,0,0,0,0,0,0,-313000,0,0,0,32000,345000,-313000,-313000
056657,華邦電元大99購01,0,0,0,0,0,0,0,0,0,-313000,0,0,0,0,313000,-313000,-313000
063568,高鐵元大9B購01  ,0,0,0,0,0,0,0,0,0,-313000,0,0,0,0,313000,-313000,-313000
3698,隆達            ,395000,567000,-172000,0,0,0,0,0,0,-142000,18000,160000,-142000,0,0,0,-314000
063172,廣達中信9C購01  ,0,0,0,0,0,0,0,0,0,-315000,0,0,0,195000,510000,-315000,-315000
065733,茂林凱基9C購03  ,0,0,0,0,0,0,0,0,0,-315000,0,0,0,30000,345000,-315000,-315000
062665,智易群益9B購01  ,0,0,0,0,0,0,0,0,0,-316000,0,0,0,217000,533000,-316000,-316000
060364,奇力新元富9A購01,0,0,0,0,0,0,0,0,0,-316000,0,0,0,282000,598000,-316000,-316000
066527,泰鼎統一03購01  ,0,0,0,0,0,0,0,0,0,-316000,0,0,0,141000,457000,-316000,-316000
068326,技嘉元大01購04  ,0,0,0,0,0,0,0,0,0,-317000,0,0,0,10000,327000,-317000,-317000
067414,嘉澤康和01購01  ,0,0,0,0,0,0,0,0,0,-317000,0,0,0,56000,373000,-317000,-317000
059760,楠梓電永豐99購01,0,0,0,0,0,0,0,0,0,-317000,0,0,0,126000,443000,-317000,-317000
060777,茂林凱基9C購01  ,0,0,0,0,0,0,0,0,0,-317000,0,0,0,14000,331000,-317000,-317000
065967,國巨元大01購07  ,0,0,0,0,0,0,0,0,0,-317000,0,0,0,51000,368000,-317000,-317000
063633,金像電元大9B購05,0,0,0,0,0,0,0,0,0,-318000,0,0,0,0,318000,-318000,-318000
066164,精元凱基01購01  ,0,0,0,0,0,0,0,0,0,-318000,0,0,0,309000,627000,-318000,-318000
066193,致新凱基01購01  ,0,0,0,0,0,0,0,0,0,-318000,0,0,0,70000,388000,-318000,-318000
064732,GIS統一01購03   ,0,0,0,0,0,0,0,0,0,-318000,0,0,0,189000,507000,-318000,-318000
065237,茂林凱基01購01  ,0,0,0,0,0,0,0,0,0,-318000,0,0,0,0,318000,-318000,-318000
067943,矽格凱基01購04  ,0,35000,-35000,0,0,0,0,0,0,-284000,0,0,0,41000,325000,-284000,-319000
08419P,元金2X群益9C售01,0,0,0,0,0,0,0,0,0,-319000,0,0,0,0,319000,-319000,-319000
063518,儒鴻凱基9B購02  ,0,0,0,0,0,0,0,0,0,-319000,0,0,0,191000,510000,-319000,-319000
066393,華碩凱基01購01  ,0,0,0,0,0,0,0,0,0,-319000,0,0,0,39000,358000,-319000,-319000
068700,瑞儀凱基03購01  ,0,0,0,0,0,0,0,0,0,-320000,0,0,0,0,320000,-320000,-320000
060246,晶相光元大9C購03,0,0,0,0,0,0,0,0,0,-320000,0,0,0,0,320000,-320000,-320000
061227,日月光中信9B購01,0,0,0,0,0,0,0,0,0,-320000,0,0,0,192000,512000,-320000,-320000
064999,T50反1國票9C購03,0,0,0,0,0,0,0,0,0,-320000,0,0,0,0,320000,-320000,-320000
061178,晶技凱基9B購01  ,0,0,0,0,0,0,0,0,0,-321000,0,0,0,11000,332000,-321000,-321000
068865,茂林元富08購01  ,0,0,0,0,0,0,0,0,0,-322000,0,0,0,0,322000,-322000,-322000
067975,茂林群益04購01  ,0,0,0,0,0,0,0,0,0,-322000,0,0,0,199000,521000,-322000,-322000
065937,大毅群益02購01  ,0,0,0,0,0,0,0,0,0,-322000,0,0,0,0,322000,-322000,-322000
063117,聯茂麥證9B購01  ,0,0,0,10000,333000,-323000,0,0,0,-323000,0,0,0,10000,333000,-323000,-323000
062645,國巨國泰9B購08  ,0,0,0,0,0,0,0,0,0,-324000,0,0,0,42000,366000,-324000,-324000
062023,寶成永豐9B購01  ,0,0,0,0,0,0,0,0,0,-324000,0,0,0,0,324000,-324000,-324000
062406,臻鼎永豐9B購01  ,0,0,0,0,0,0,0,0,0,-324000,0,0,0,97000,421000,-324000,-324000
067359,牧德群益01購02  ,0,0,0,0,0,0,0,0,0,-325000,0,0,0,0,325000,-325000,-325000
068619,道瓊銀群益02購01,0,0,0,0,0,0,0,0,0,-325000,0,0,0,0,325000,-325000,-325000
060817,華邦電台新9A購01,0,0,0,0,0,0,0,0,0,-325000,0,0,0,29000,354000,-325000,-325000
065100,聯茂元大9C購04  ,0,0,0,0,0,0,0,0,0,-325000,0,0,0,131000,456000,-325000,-325000
059295,大立光元富99購05,0,0,0,0,0,0,0,0,0,-326000,0,0,0,178000,504000,-326000,-326000
060123,光罩永豐99購02  ,0,0,0,0,0,0,0,0,0,-326000,0,0,0,18000,344000,-326000,-326000
065483,聯茂元大9C購06  ,0,0,0,0,0,0,0,0,0,-326000,0,0,0,68000,394000,-326000,-326000
067389,聯發科元富07購04,0,0,0,0,0,0,0,0,0,-327000,0,0,0,96000,423000,-327000,-327000
061557,台積電國票9C購02,0,0,0,0,0,0,0,0,0,-327000,0,0,0,144000,471000,-327000,-327000
066565,泰鼎元大01購01  ,0,0,0,0,0,0,0,0,0,-327000,0,0,0,265000,592000,-327000,-327000
067008,康舒永豐01購01  ,0,0,0,0,0,0,0,0,0,-328000,0,0,0,561000,889000,-328000,-328000
068789,旺宏凱基04購01  ,0,0,0,0,0,0,0,0,0,-328000,0,0,0,0,328000,-328000,-328000
066424,晶技元大01購03  ,0,0,0,0,0,0,0,0,0,-328000,0,0,0,87000,415000,-328000,-328000
068667,聯電統一03購05  ,0,0,0,0,0,0,0,0,0,-329000,0,0,0,118000,447000,-329000,-329000
062760,漢唐凱基9B購01  ,0,0,0,0,0,0,0,0,0,-330000,0,0,0,5000,335000,-330000,-330000
061170,南茂兆豐9B購01  ,0,0,0,0,0,0,0,0,0,-330000,0,0,0,0,330000,-330000,-330000
065711,矽格群益9C購02  ,0,0,0,0,0,0,0,0,0,-330000,0,0,0,54000,384000,-330000,-330000
061131,崇越永豐9A購01  ,0,0,0,0,0,0,0,0,0,-331000,0,0,0,10000,341000,-331000,-331000
063904,大立光麥證01購01,0,0,0,5000,338000,-333000,0,0,0,-333000,0,0,0,5000,338000,-333000,-333000
08920P,臺股指凱基03售07,0,0,0,0,0,0,0,0,0,-333000,0,0,0,62000,395000,-333000,-333000
057567,嘉聯益富邦9A購01,0,0,0,0,0,0,0,0,0,-334000,0,0,0,717000,1051000,-334000,-334000
063488,金像電國泰01購01,0,0,0,0,0,0,0,0,0,-334000,0,0,0,97000,431000,-334000,-334000
068754,聯發科國泰08購01,0,0,0,0,0,0,0,0,0,-335000,0,0,0,15000,350000,-335000,-335000
3035,智原            ,1118000,1503000,-385000,0,0,0,0,0,0,50000,16000,2000,14000,41000,5000,36000,-335000
062033,瀚宇博群益9B購01,0,0,0,0,0,0,0,0,0,-336000,0,0,0,26000,362000,-336000,-336000
062218,燿華統一01購01  ,0,0,0,0,0,0,0,0,0,-337000,0,0,0,50000,387000,-337000,-337000
065954,大立光統一03購01,0,0,0,0,0,0,0,0,0,-337000,0,0,0,11000,348000,-337000,-337000
063590,華擎永豐9B購01  ,0,0,0,0,0,0,0,0,0,-338000,0,0,0,5000,343000,-338000,-338000
065299,燿華元富9C購02  ,0,0,0,0,0,0,0,0,0,-338000,0,0,0,22000,360000,-338000,-338000
061841,晶技凱基9C購01  ,0,0,0,0,0,0,0,0,0,-339000,0,0,0,59000,398000,-339000,-339000
053781,友達元大9B購03  ,0,0,0,0,0,0,0,0,0,-340000,0,0,0,0,340000,-340000,-340000
065272,聯茂元大9C購05  ,0,0,0,0,0,0,0,0,0,-340000,0,0,0,68000,408000,-340000,-340000
066746,聯茂元大01購01  ,0,0,0,0,0,0,0,0,0,-340000,0,0,0,317000,657000,-340000,-340000
067088,啟碁元大01購01  ,0,0,0,0,0,0,0,0,0,-341000,0,0,0,129000,470000,-341000,-341000
066379,台達電康和01購01,0,0,0,0,0,0,0,0,0,-341000,0,0,0,20000,361000,-341000,-341000
068426,道瓊銀凱基05購01,0,0,0,0,0,0,0,0,0,-342000,0,0,0,111000,453000,-342000,-342000
066824,旺宏群益02購01  ,20000,0,20000,0,0,0,0,0,0,-363000,0,0,0,0,363000,-363000,-343000
061488,奇力新兆豐9A購01,0,0,0,0,0,0,0,0,0,-344000,0,0,0,100000,444000,-344000,-344000
068300,聯電國票03購01  ,0,0,0,0,0,0,0,0,0,-345000,0,0,0,74000,419000,-345000,-345000
058182,日電貿國泰9A購01,0,0,0,0,0,0,0,0,0,-345000,0,0,0,173000,518000,-345000,-345000
062185,禾伸堂元大9B購01,0,0,0,0,0,0,0,0,0,-345000,0,0,0,0,345000,-345000,-345000
060720,嘉聯益永豐9A購02,0,0,0,0,0,0,0,0,0,-345000,0,0,0,124000,469000,-345000,-345000
063819,致新群益9C購01  ,0,0,0,0,0,0,0,0,0,-345000,0,0,0,22000,367000,-345000,-345000
067679,奇鋐元大02購02  ,0,0,0,0,0,0,0,0,0,-346000,0,0,0,133000,479000,-346000,-346000
061673,仁寶元大9B購01  ,0,0,0,0,0,0,0,0,0,-346000,0,0,0,380000,726000,-346000,-346000
063496,儒鴻永豐9B購01  ,0,0,0,0,0,0,0,0,0,-346000,0,0,0,212000,558000,-346000,-346000
066745,瀚宇博元大01購01,0,0,0,0,0,0,0,0,0,-347000,0,0,0,96000,443000,-347000,-347000
068693,台積電凱基02購11,0,0,0,0,0,0,0,0,0,-348000,0,0,0,0,348000,-348000,-348000
063947,大毅元大9C購02  ,0,0,0,0,0,0,0,0,0,-348000,0,0,0,4000,352000,-348000,-348000
059917,華新科元大99購19,0,0,0,0,0,0,0,0,0,-349000,0,0,0,66000,415000,-349000,-349000
2377,微星            ,2006275,2566451,-560176,0,0,0,407000,262000,145000,66000,108000,60000,48000,159000,141000,18000,-349176
062775,大成鋼元大9B購02,0,0,0,0,0,0,0,0,0,-350000,0,0,0,29000,379000,-350000,-350000
064242,TPK統一02購01   ,0,0,0,0,0,0,0,0,0,-350000,0,0,0,392000,742000,-350000,-350000
064028,大毅元大01購01  ,0,0,0,0,0,0,0,0,0,-350000,0,0,0,3000,353000,-350000,-350000
065796,T50反1群益01購02,0,0,0,0,0,0,0,0,0,-350000,0,0,0,0,350000,-350000,-350000
1467,南緯            ,182000,532000,-350000,0,0,0,0,0,0,0,0,0,0,0,0,0,-350000
064293,勤誠元大9C購01  ,0,0,0,0,0,0,0,0,0,-351000,0,0,0,148000,499000,-351000,-351000
2340,光磊            ,307000,671000,-364000,0,0,0,0,0,0,13000,16000,0,16000,6000,9000,-3000,-351000
062367,禾伸堂元大9B購02,0,0,0,0,0,0,0,0,0,-352000,0,0,0,0,352000,-352000,-352000
063431,神隆元富9B購01  ,0,0,0,0,0,0,0,0,0,-352000,0,0,0,4000,356000,-352000,-352000
065965,國巨元大01購05  ,0,0,0,0,0,0,0,0,0,-352000,0,0,0,1000,353000,-352000,-352000
066166,大毅凱基02購01  ,0,0,0,0,0,0,0,0,0,-352000,0,0,0,0,352000,-352000,-352000
063738,奇鋐元大9B購03  ,0,0,0,0,0,0,0,0,0,-355000,0,0,0,45000,400000,-355000,-355000
061090,奇力新統一9C購01,0,0,0,0,0,0,0,0,0,-355000,0,0,0,0,355000,-355000,-355000
066048,奇鋐元大01購01  ,0,0,0,0,0,0,0,0,0,-355000,0,0,0,87000,442000,-355000,-355000
067061,亞泥元大01購01  ,0,0,0,0,0,0,0,0,0,-356000,0,0,0,271000,627000,-356000,-356000
064954,奇鋐凱基9C購01  ,0,0,0,0,0,0,0,0,0,-356000,0,0,0,147000,503000,-356000,-356000
065535,健鼎統一02購03  ,0,0,0,0,0,0,0,0,0,-356000,0,0,0,0,356000,-356000,-356000
067406,矽格永豐01購01  ,0,0,0,0,0,0,0,0,0,-357000,0,0,0,0,357000,-357000,-357000
060650,奇力新中信9A購01,0,0,0,0,0,0,0,0,0,-357000,0,0,0,0,357000,-357000,-357000
065756,緯創元大9C購05  ,0,0,0,0,0,0,0,0,0,-358000,0,0,0,227000,585000,-358000,-358000
067994,技嘉元大01購03  ,0,0,0,0,0,0,0,0,0,-359000,0,0,0,86000,445000,-359000,-359000
1310,台苯            ,123000,482000,-359000,0,0,0,0,0,0,0,0,0,0,0,0,0,-359000
067586,奇鋐群益01購02  ,0,0,0,0,0,0,0,0,0,-360000,0,0,0,1000,361000,-360000,-360000
066320,順德永豐01購01  ,0,0,0,0,0,0,0,0,0,-360000,0,0,0,0,360000,-360000,-360000
064987,勤誠元大9C購02  ,0,0,0,0,0,0,0,0,0,-360000,0,0,0,100000,460000,-360000,-360000
062265,南茂元大9B購01  ,0,0,0,0,0,0,0,0,0,-361000,0,0,0,6000,367000,-361000,-361000
068211,樺漢凱基01購02  ,0,0,0,0,0,0,0,0,0,-362000,0,0,0,18000,380000,-362000,-362000
066006,大立光統一01購07,0,0,0,0,0,0,0,0,0,-362000,0,0,0,94000,456000,-362000,-362000
066519,達方永豐01購01  ,0,0,0,0,0,0,0,0,0,-362000,0,0,0,88000,450000,-362000,-362000
062190,瀚宇博元大9B購01,0,0,0,0,0,0,0,0,0,-363000,0,0,0,52000,415000,-363000,-363000
067664,台船元大01購01  ,0,0,0,0,0,0,0,0,0,-364000,0,0,0,15000,379000,-364000,-364000
07786P,南電中信9C售01  ,0,0,0,0,0,0,0,0,0,-365000,0,0,0,0,365000,-365000,-365000
063130,聯茂元大9B購02  ,0,0,0,0,0,0,0,0,0,-365000,0,0,0,10000,375000,-365000,-365000
00875,國泰網路資安    ,4000,197000,-193000,0,0,0,0,0,0,-173000,0,0,0,132000,305000,-173000,-366000
067585,大毅群益01購02  ,0,0,0,0,0,0,0,0,0,-367000,0,0,0,0,367000,-367000,-367000
063657,茂林元富9B購04  ,0,0,0,0,0,0,0,0,0,-367000,0,0,0,10000,377000,-367000,-367000
066250,大成鋼元大01購01,0,0,0,0,0,0,0,0,0,-367000,0,0,0,23000,390000,-367000,-367000
067274,燿華統一03購01  ,0,0,0,0,0,0,0,0,0,-368000,0,0,0,0,368000,-368000,-368000
07986P,大成鋼統一9B售02,0,0,0,0,0,0,0,0,0,-368000,0,0,0,0,368000,-368000,-368000
00636,國泰中國A50     ,0,18000,-18000,0,0,0,0,0,0,-350000,0,0,0,263000,613000,-350000,-368000
063761,嘉澤統一02購01  ,0,0,0,0,0,0,0,0,0,-369000,0,0,0,239000,608000,-369000,-369000
065363,國巨元大01購04  ,0,0,0,0,0,0,0,0,0,-369000,0,0,0,40000,409000,-369000,-369000
064472,國巨麥證9C購03  ,0,0,0,16000,389000,-373000,0,0,0,-369000,0,0,0,20000,389000,-369000,-369000
059691,大立光永豐99購02,0,0,0,0,0,0,0,0,0,-370000,0,0,0,0,370000,-370000,-370000
065882,景碩台新9C購03  ,0,0,0,0,0,0,0,0,0,-370000,0,0,0,58000,428000,-370000,-370000
066751,矽創元大01購03  ,0,0,0,0,0,0,0,0,0,-371000,0,0,0,120000,491000,-371000,-371000
064556,華通群益02購02  ,0,0,0,0,0,0,0,0,0,-372000,0,0,0,78000,450000,-372000,-372000
2845,遠東銀          ,273000,613000,-340000,0,0,0,1000,0,1000,-33000,0,33000,-33000,0,0,0,-372000
068245,國巨元大01購16  ,0,0,0,0,0,0,0,0,0,-373000,0,0,0,0,373000,-373000,-373000
067410,聚陽兆豐01購01  ,0,0,0,0,0,0,0,0,0,-373000,0,0,0,3000,376000,-373000,-373000
065987,大毅永豐01購01  ,0,0,0,0,0,0,0,0,0,-373000,0,0,0,0,373000,-373000,-373000
067547,儒鴻中信01購01  ,0,0,0,0,0,0,0,0,0,-374000,0,0,0,276000,650000,-374000,-374000
059851,晶相光永豐99購02,0,0,0,0,0,0,0,0,0,-375000,0,0,0,0,375000,-375000,-375000
058222,玉晶光統一9B購01,0,0,0,0,0,0,0,0,0,-375000,0,0,0,3000,378000,-375000,-375000
068343,台積電麥證01購12,0,0,0,408000,784000,-376000,0,0,0,-376000,0,0,0,408000,784000,-376000,-376000
063354,茂林元富9B購02  ,0,0,0,0,0,0,0,0,0,-377000,0,0,0,0,377000,-377000,-377000
061725,國巨麥證9A購05  ,0,0,0,0,382000,-382000,0,0,0,-377000,0,0,0,5000,382000,-377000,-377000
064244,GIS統一02購01   ,0,0,0,0,0,0,0,0,0,-377000,0,0,0,405000,782000,-377000,-377000
061950,日月光群益9B購01,0,0,0,0,0,0,0,0,0,-378000,0,0,0,19000,397000,-378000,-378000
066627,大毅凱基03購01  ,0,0,0,0,0,0,0,0,0,-378000,0,0,0,0,378000,-378000,-378000
08773P,瑞昱凱基01售01  ,0,0,0,0,0,0,0,0,0,-378000,0,0,0,45000,423000,-378000,-378000
068372,聯電永豐01購01  ,0,0,0,0,0,0,0,0,0,-379000,0,0,0,38000,417000,-379000,-379000
067463,T50反1元大01購04,0,0,0,0,0,0,0,0,0,-379000,0,0,0,0,379000,-379000,-379000
063601,金像電凱基01購01,0,0,0,0,0,0,0,0,0,-379000,0,0,0,0,379000,-379000,-379000
062932,滬深2X凱基01購01,0,0,0,0,0,0,0,0,0,-380000,0,0,0,3000,383000,-380000,-380000
064469,臻鼎元富9C購01  ,0,0,0,0,0,0,0,0,0,-381000,0,0,0,107000,488000,-381000,-381000
1434,福懋            ,1626309,1600000,26309,0,0,0,0,0,0,-408000,0,0,0,0,408000,-408000,-381691
068511,國巨統一07購01  ,0,0,0,0,0,0,0,0,0,-382000,0,0,0,30000,412000,-382000,-382000
063651,金像電台新9B購01,0,0,0,0,0,0,0,0,0,-382000,0,0,0,260000,642000,-382000,-382000
064430,鴻海凱基03購04  ,0,0,0,0,0,0,0,0,0,-382000,0,0,0,18000,400000,-382000,-382000
063980,智易兆豐9C購02  ,0,0,0,0,0,0,0,0,0,-383000,0,0,0,722000,1105000,-383000,-383000
066595,敦泰群益01購01  ,0,0,0,0,0,0,0,0,0,-383000,0,0,0,154000,537000,-383000,-383000
2362,藍天            ,180000,519000,-339000,0,0,0,0,0,0,-45000,0,4000,-4000,23000,64000,-41000,-384000
2201,裕隆            ,1040000,1281000,-241000,0,0,0,0,160000,-160000,17000,116000,50000,66000,6000,55000,-49000,-384000
057544,鴻海凱基02購01  ,0,0,0,0,0,0,0,0,0,-385000,0,0,0,0,385000,-385000,-385000
065350,華擎統一01購04  ,0,0,0,0,0,0,0,0,0,-385000,0,0,0,0,385000,-385000,-385000
065703,大毅群益9C購01  ,0,0,0,0,0,0,0,0,0,-387000,0,0,0,2000,389000,-387000,-387000
067300,金像電元大02購02,0,0,0,0,0,0,0,0,0,-388000,0,0,0,163000,551000,-388000,-388000
6533,晶心科          ,226000,628000,-402000,0,0,0,0,0,0,14000,18000,4000,14000,0,0,0,-388000
058790,楠梓電元大99購03,0,0,0,0,0,0,0,0,0,-389000,0,0,0,69000,458000,-389000,-389000
066536,漢唐兆豐03購01  ,0,0,0,0,0,0,0,0,0,-389000,0,0,0,131000,520000,-389000,-389000
066479,國巨元富07購01  ,0,0,0,0,0,0,0,0,0,-389000,0,0,0,0,389000,-389000,-389000
068725,京元電元大02購01,0,0,0,0,0,0,0,0,0,-390000,0,0,0,88000,478000,-390000,-390000
07133P,臺股指元大9A售27,0,0,0,0,0,0,0,0,0,-390000,0,0,0,230000,620000,-390000,-390000
08196P,上銀元大9B售07  ,0,0,0,0,0,0,0,0,0,-390000,0,0,0,0,390000,-390000,-390000
066947,聯發科元大01購15,50000,0,50000,0,0,0,0,0,0,-440000,0,0,0,682000,1122000,-440000,-390000
2104,國際中橡        ,110000,500000,-390000,0,0,0,0,0,0,0,0,0,0,0,0,0,-390000
068675,聯電元富03購01  ,0,0,0,0,0,0,0,0,0,-391000,0,0,0,53000,444000,-391000,-391000
067658,矽格元富04購01  ,0,0,0,0,0,0,0,0,0,-392000,0,0,0,153000,545000,-392000,-392000
062979,茂林元富9B購01  ,0,0,0,0,0,0,0,0,0,-392000,0,0,0,100000,492000,-392000,-392000
068031,致茂元富07購01  ,0,0,0,0,0,0,0,0,0,-393000,0,0,0,998000,1391000,-393000,-393000
065306,泰鼎元富9C購02  ,0,0,0,0,0,0,0,0,0,-393000,0,0,0,309000,702000,-393000,-393000
067470,國巨元大01購10  ,0,0,0,0,0,0,0,0,0,-394000,0,0,0,6000,400000,-394000,-394000
067545,矽格群益01購02  ,0,0,0,0,0,0,0,0,0,-394000,0,0,0,35000,429000,-394000,-394000
063587,漢唐永豐9B購02  ,0,0,0,0,0,0,0,0,0,-394000,0,0,0,332000,726000,-394000,-394000
068216,國巨台新01購01  ,0,0,0,0,0,0,0,0,0,-395000,0,0,0,178000,573000,-395000,-395000
07251P,台灣50元富01售04,0,0,0,0,0,0,0,0,0,-395000,0,0,0,0,395000,-395000,-395000
066676,A50正2兆豐03購01,0,0,0,0,0,0,0,0,0,-395000,0,0,0,150000,545000,-395000,-395000
3047,訊舟            ,124000,519000,-395000,0,0,0,0,0,0,0,0,0,0,0,0,0,-395000
067595,國巨凱基02購04  ,0,0,0,0,0,0,0,0,0,-396000,0,0,0,9000,405000,-396000,-396000
066261,華碩元大01購01  ,0,0,0,0,0,0,0,0,0,-396000,0,0,0,84000,480000,-396000,-396000
065372,漢唐元大9C購02  ,0,0,0,0,0,0,0,0,0,-396000,0,0,0,190000,586000,-396000,-396000
067651,漢唐元富07購01  ,0,0,0,0,0,0,0,0,0,-397000,0,0,0,77000,474000,-397000,-397000
00669R,國泰美國道瓊反1 ,14000,40000,-26000,0,0,0,0,0,0,-371000,0,0,0,1180000,1551000,-371000,-397000
068244,國巨元大01購15  ,0,0,0,0,0,0,0,0,0,-398000,0,0,0,2000,400000,-398000,-398000
065152,燿華群益9C購02  ,0,0,0,0,0,0,0,0,0,-398000,0,0,0,75000,473000,-398000,-398000
064433,金像電凱基02購01,0,0,0,0,0,0,0,0,0,-398000,0,0,0,10000,408000,-398000,-398000
068077,晶技凱基02購01  ,0,0,0,0,0,0,0,0,0,-399000,0,0,0,32000,431000,-399000,-399000
2511,太子            ,18000,417000,-399000,0,0,0,0,0,0,0,0,0,0,0,0,0,-399000
067624,微星富邦04購01  ,0,0,0,0,0,0,0,0,0,-400000,0,0,0,175000,575000,-400000,-400000
068291,大立光群益03購01,0,0,0,0,0,0,0,0,0,-401000,0,0,0,20000,421000,-401000,-401000
068322,國巨元大03購02  ,0,0,0,0,0,0,0,0,0,-401000,0,0,0,1000,402000,-401000,-401000
063383,億豐永豐9B購02  ,0,0,0,0,0,0,0,0,0,-402000,0,0,0,584000,986000,-402000,-402000
060912,華新科元大9A購10,0,0,0,0,0,0,0,0,0,-402000,0,0,0,15000,417000,-402000,-402000
1711,永光            ,71000,379000,-308000,0,0,0,0,0,0,-94000,0,0,0,0,94000,-94000,-402000
062360,華邦電元大9B購01,0,0,0,0,0,0,0,0,0,-403000,0,0,0,90000,493000,-403000,-403000
063890,正隆群益9C購01  ,0,0,0,0,0,0,0,0,0,-404000,0,0,0,10000,414000,-404000,-404000
062543,華通富邦9C購01  ,0,0,0,0,0,0,0,0,0,-404000,0,0,0,715000,1119000,-404000,-404000
067479,京元電元大01購05,0,0,0,0,0,0,0,0,0,-406000,0,0,0,158000,564000,-406000,-406000
03034P,欣興國票03售01  ,0,0,0,0,0,0,0,0,0,-406000,0,0,0,23000,429000,-406000,-406000
057355,彩晶統一98購03  ,0,40000,-40000,0,0,0,0,0,0,-366000,0,0,0,40000,406000,-366000,-406000
065942,燿華元富01購01  ,0,0,0,0,0,0,0,0,0,-406000,0,0,0,20000,426000,-406000,-406000
066408,致新凱基01購02  ,0,0,0,0,0,0,0,0,0,-406000,0,0,0,12000,418000,-406000,-406000
068589,國巨元富07購13  ,0,0,0,0,0,0,0,0,0,-408000,0,0,0,0,408000,-408000,-408000
067699,奇鋐國票02購03  ,0,0,0,0,0,0,0,0,0,-410000,0,0,0,97000,507000,-410000,-410000
067100,華邦電群益01購01,0,0,0,0,0,0,0,0,0,-411000,0,0,0,112000,523000,-411000,-411000
068851,漢唐統一04購01  ,0,0,0,0,0,0,0,0,0,-413000,0,0,0,0,413000,-413000,-413000
063690,健鼎永豐9B購01  ,0,0,0,0,0,0,0,0,0,-413000,0,0,0,153000,566000,-413000,-413000
067685,瀚宇博元大01購03,0,0,0,0,0,0,0,0,0,-414000,0,0,0,21000,435000,-414000,-414000
07709P,創意元大9A售01  ,0,0,0,0,0,0,0,0,0,-415000,0,0,0,189000,604000,-415000,-415000
058525,台虹元大99購02  ,0,0,0,0,0,0,0,0,0,-415000,0,0,0,15000,430000,-415000,-415000
064851,勤誠元富03購01  ,0,0,0,0,0,0,0,0,0,-415000,0,0,0,2000,417000,-415000,-415000
068573,矽格元大01購06  ,0,0,0,0,0,0,0,0,0,-416000,0,0,0,32000,448000,-416000,-416000
062908,晶豪科元大9B購03,0,0,0,0,0,0,0,0,0,-416000,0,0,0,0,416000,-416000,-416000
065664,矽格永豐9C購01  ,0,0,0,0,0,0,0,0,0,-417000,0,0,0,20000,437000,-417000,-417000
066532,力成元富07購01  ,0,0,0,0,0,0,0,0,0,-417000,0,0,0,10000,427000,-417000,-417000
1734,杏輝            ,273000,630000,-357000,0,0,0,0,0,0,-60000,0,0,0,0,60000,-60000,-417000
9914,美利達          ,664000,991000,-327000,0,0,0,0,9000,-9000,-81000,39000,6000,33000,6000,120000,-114000,-417000
068009,矽格元大01購05  ,0,0,0,0,0,0,0,0,0,-418000,0,0,0,174000,592000,-418000,-418000
063922,大立光元富9C購04,0,0,0,0,0,0,0,0,0,-419000,0,0,0,26000,445000,-419000,-419000
066084,國巨富邦05購01  ,0,0,0,0,0,0,0,0,0,-419000,0,0,0,35000,454000,-419000,-419000
064889,T50反1群益9C購02,0,0,0,0,0,0,0,0,0,-420000,0,0,0,0,420000,-420000,-420000
052847,漢唐統一99購01  ,0,0,0,0,0,0,0,0,0,-421000,0,0,0,10000,431000,-421000,-421000
067601,金像電凱基01購04,0,0,0,0,0,0,0,0,0,-422000,0,0,0,0,422000,-422000,-422000
061027,儒鴻永豐9A購02  ,0,0,0,0,0,0,0,0,0,-423000,0,0,0,168000,591000,-423000,-423000
064845,華通元富9C購02  ,0,0,0,0,0,0,0,0,0,-423000,0,0,0,154000,577000,-423000,-423000
066598,致新群益02購01  ,0,0,0,0,0,0,0,0,0,-425000,0,0,0,64000,489000,-425000,-425000
067756,奇鋐國泰03購01  ,0,0,0,0,0,0,0,0,0,-426000,0,0,0,104000,530000,-426000,-426000
063282,奇力新元大9B購06,0,0,0,0,0,0,0,0,0,-426000,0,0,0,1000,427000,-426000,-426000
066811,致新凱基01購03  ,0,0,0,0,0,0,0,0,0,-426000,0,0,0,140000,566000,-426000,-426000
066458,大毅統一02購02  ,0,0,0,0,0,0,0,0,0,-429000,0,0,0,2000,431000,-429000,-429000
063537,華擎統一9C購03  ,0,0,0,0,0,0,0,0,0,-430000,0,0,0,149000,579000,-430000,-430000
066082,康友國泰03購01  ,0,0,0,0,0,0,0,0,0,-430000,0,0,0,287000,717000,-430000,-430000
065898,神基麥證9C購01  ,0,0,0,20000,450000,-430000,0,0,0,-430000,0,0,0,20000,450000,-430000,-430000
061511,緯穎富邦9B購02  ,0,0,0,0,0,0,0,0,0,-431000,0,0,0,151000,582000,-431000,-431000
062205,奇力新國票9C購01,0,0,0,0,0,0,0,0,0,-431000,0,0,0,10000,441000,-431000,-431000
066008,大立光統一03購02,0,0,0,0,0,0,0,0,0,-431000,0,0,0,0,431000,-431000,-431000
08101P,超眾群益9B售02  ,0,0,0,0,0,0,0,0,0,-432000,0,0,0,0,432000,-432000,-432000
062491,矽創永豐9B購01  ,0,0,0,0,0,0,0,0,0,-432000,0,0,0,0,432000,-432000,-432000
066028,嘉澤群益01購01  ,0,0,0,0,0,0,0,0,0,-432000,0,0,0,46000,478000,-432000,-432000
08825P,義隆元大01售04  ,0,0,0,0,0,0,0,0,0,-432000,0,0,0,24000,456000,-432000,-432000
057041,國巨元大99購04  ,0,0,0,0,0,0,0,0,0,-433000,0,0,0,20000,453000,-433000,-433000
062579,華通統一01購02  ,0,0,0,0,0,0,0,0,0,-434000,0,0,0,207000,641000,-434000,-434000
065371,漢唐元大01購01  ,0,0,0,0,0,0,0,0,0,-434000,0,0,0,186000,620000,-434000,-434000
08276P,可成元富9C售02  ,0,0,0,0,0,0,0,0,0,-437000,0,0,0,71000,508000,-437000,-437000
061137,晶技統一9B購01  ,0,0,0,0,0,0,0,0,0,-438000,0,0,0,552000,990000,-438000,-438000
066241,瑞祺富邦03購01  ,0,0,0,0,0,0,0,0,0,-438000,0,0,0,20000,458000,-438000,-438000
067401,嘉澤永豐01購02  ,0,0,0,0,0,0,0,0,0,-439000,0,0,0,19000,458000,-439000,-439000
066201,大毅統一02購01  ,0,0,0,0,0,0,0,0,0,-441000,0,0,0,10000,451000,-441000,-441000
063295,京元電麥證9B購01,0,0,0,48000,498000,-450000,0,0,0,-442000,0,0,0,56000,498000,-442000,-442000
068180,華新科群益02購03,0,0,0,0,0,0,0,0,0,-443000,0,0,0,38000,481000,-443000,-443000
068373,華通永豐01購02  ,0,0,0,0,0,0,0,0,0,-445000,0,0,0,0,445000,-445000,-445000
2388,威盛            ,1167000,1612000,-445000,0,0,0,0,0,0,0,0,0,0,0,0,0,-445000
062230,緯穎統一01購01  ,0,0,0,0,0,0,0,0,0,-447000,0,0,0,21000,468000,-447000,-447000
059030,奇力新兆豐99購03,0,0,0,0,0,0,0,0,0,-448000,0,0,0,0,448000,-448000,-448000
062916,智易元大9B購01  ,0,0,0,0,0,0,0,0,0,-449000,0,0,0,139000,588000,-449000,-449000
07836P,大成鋼元大9A售01,0,0,0,0,0,0,0,0,0,-450000,0,0,0,0,450000,-450000,-450000
066266,強茂元大01購01  ,0,0,0,0,0,0,0,0,0,-451000,0,0,0,73000,524000,-451000,-451000
065651,中磊元大9C購01  ,0,0,0,0,0,0,0,0,0,-451000,0,0,0,42000,493000,-451000,-451000
056869,國巨日盛99購03  ,0,0,0,0,0,0,0,0,0,-452000,0,0,0,88000,540000,-452000,-452000
03255P,台積電國泰03售10,0,0,0,0,0,0,0,0,0,-452000,0,0,0,0,452000,-452000,-452000
066962,致新元大01購02  ,0,0,0,0,0,0,0,0,0,-453000,0,0,0,188000,641000,-453000,-453000
063642,茂林元大9B購08  ,0,0,0,0,0,0,0,0,0,-453000,0,0,0,65000,518000,-453000,-453000
065080,燿華元大01購01  ,0,0,0,0,0,0,0,0,0,-453000,0,0,0,192000,645000,-453000,-453000
065959,T50反1元大01購02,0,0,0,0,0,0,0,0,0,-453000,0,0,0,0,453000,-453000,-453000
067499,帆宣元大01購04  ,0,0,0,0,0,0,0,0,0,-454000,0,0,0,208000,662000,-454000,-454000
1904,正隆            ,907000,1209000,-302000,0,0,0,0,0,0,-152000,0,250000,-250000,98000,0,98000,-454000
068091,華碩群益01購02  ,0,0,0,0,0,0,0,0,0,-455000,0,0,0,154000,609000,-455000,-455000
08066P,南亞科凱基9B售04,0,0,0,0,0,0,0,0,0,-455000,0,0,0,0,455000,-455000,-455000
064033,茂林元大9C購02  ,0,0,0,0,0,0,0,0,0,-455000,0,0,0,0,455000,-455000,-455000
065254,大成鋼元大9C購01,0,0,0,0,0,0,0,0,0,-455000,0,0,0,50000,505000,-455000,-455000
067498,臻鼎元大01購03  ,0,0,0,0,0,0,0,0,0,-456000,0,0,0,320000,776000,-456000,-456000
066719,滬深2X元大01購06,0,0,0,0,0,0,0,0,0,-456000,0,0,0,950000,1406000,-456000,-456000
2903,遠百            ,214000,671000,-457000,0,0,0,0,0,0,1000,1000,0,1000,0,0,0,-456000
064273,華邦電元大9C購02,0,0,0,0,0,0,0,0,0,-457000,0,0,0,1000,458000,-457000,-457000
066956,華擎元大01購04  ,0,0,0,0,0,0,0,0,0,-459000,0,0,0,799000,1258000,-459000,-459000
067506,台光電統一02購04,0,0,0,0,0,0,0,0,0,-460000,0,0,0,96000,556000,-460000,-460000
067681,嘉澤元大01購05  ,0,0,0,0,0,0,0,0,0,-460000,0,0,0,252000,712000,-460000,-460000
062755,茂林麥證9B購01  ,0,0,0,0,460000,-460000,0,0,0,-460000,0,0,0,0,460000,-460000,-460000
065897,凌華統一03購01  ,0,0,0,0,0,0,0,0,0,-461000,0,0,0,138000,599000,-461000,-461000
066098,華碩中信02購01  ,0,0,0,0,0,0,0,0,0,-461000,0,0,0,127000,588000,-461000,-461000
067119,泰鼎群益01購02  ,0,0,0,0,0,0,0,0,0,-462000,0,0,0,85000,547000,-462000,-462000
067739,微星元大01購07  ,0,0,0,0,0,0,0,0,0,-463000,0,0,0,150000,613000,-463000,-463000
059080,亞泥元大99購01  ,0,0,0,0,0,0,0,0,0,-465000,0,0,0,114000,579000,-465000,-465000
057961,茂林元大9A購01  ,0,0,0,0,0,0,0,0,0,-467000,0,0,0,21000,488000,-467000,-467000
065279,T50反1群益9C購03,0,0,0,0,0,0,0,0,0,-469000,0,0,0,76000,545000,-469000,-469000
08447P,緯穎永豐9C售02  ,0,0,0,0,0,0,0,0,0,-472000,0,0,0,28000,500000,-472000,-472000
065754,健鼎元大9C購06  ,0,0,0,0,0,0,0,0,0,-476000,0,0,0,183000,659000,-476000,-476000
058431,國巨統一9B購01  ,0,0,0,0,0,0,0,0,0,-479000,0,0,0,428000,907000,-479000,-479000
064171,燿華元富9C購01  ,0,0,0,0,0,0,0,0,0,-479000,0,0,0,40000,519000,-479000,-479000
068523,台光電元富07購02,0,0,0,0,0,0,0,0,0,-480000,0,0,0,10000,490000,-480000,-480000
068656,台積電元大02購09,0,0,0,0,0,0,0,0,0,-480000,0,0,0,54000,534000,-480000,-480000
062800,奇力新統一01購02,0,0,0,0,0,0,0,0,0,-481000,0,0,0,457000,938000,-481000,-481000
03117P,南電康和01售03  ,0,0,0,0,0,0,0,0,0,-481000,0,0,0,264000,745000,-481000,-481000
065315,玉晶光中信03購02,300000,140000,160000,0,0,0,0,0,0,-642000,0,0,0,912000,1554000,-642000,-482000
065159,臻鼎群益9C購02  ,0,0,0,0,0,0,0,0,0,-482000,0,0,0,272000,754000,-482000,-482000
08714P,華碩元富01售03  ,0,0,0,0,0,0,0,0,0,-482000,0,0,0,190000,672000,-482000,-482000
047564,滬深2X國票99購01,0,0,0,0,0,0,0,0,0,-484000,0,0,0,115000,599000,-484000,-484000
064283,奇鋐元大9C購02  ,0,0,0,0,0,0,0,0,0,-485000,0,0,0,24000,509000,-485000,-485000
03689C,T50反1元大02牛01,0,0,0,0,0,0,0,0,0,-486000,0,0,0,546000,1032000,-486000,-486000
6443,元晶            ,1492000,2078000,-586000,0,0,0,0,0,0,100000,100000,0,100000,0,0,0,-486000
068676,華擎元富07購01  ,0,0,0,0,0,0,0,0,0,-487000,0,0,0,67000,554000,-487000,-487000
064258,臻鼎國泰01購02  ,0,0,0,0,0,0,0,0,0,-489000,0,0,0,283000,772000,-489000,-489000
067889,大毅群益01購03  ,0,0,0,0,0,0,0,0,0,-490000,0,0,0,32000,522000,-490000,-490000
063283,華新科元大9C購03,0,0,0,0,0,0,0,0,0,-490000,0,0,0,37000,527000,-490000,-490000
064476,金像電國泰02購01,0,0,0,0,0,0,0,0,0,-490000,0,0,0,415000,905000,-490000,-490000
063445,金像電統一9B購01,0,0,0,0,0,0,0,0,0,-494000,0,0,0,144000,638000,-494000,-494000
6477,安集            ,441000,935000,-494000,0,0,0,0,0,0,0,0,0,0,0,0,0,-494000
08562P,南電國票01售03  ,0,0,0,0,0,0,0,0,0,-496000,0,0,0,71000,567000,-496000,-496000
054472,道瓊反中信9A購01,0,0,0,0,0,0,0,0,0,-498000,0,0,0,101000,599000,-498000,-498000
063050,葡萄王統一01購01,0,0,0,0,0,0,0,0,0,-498000,0,0,0,9000,507000,-498000,-498000
068884,華通統一04購01  ,0,0,0,0,0,0,0,0,0,-499000,0,0,0,0,499000,-499000,-499000
07347P,上証2X凱基99售02,0,0,0,0,0,0,0,0,0,-499000,0,0,0,0,499000,-499000,-499000
07575P,瑞昱元大9A售02  ,0,0,0,0,0,0,0,0,0,-500000,0,0,0,0,500000,-500000,-500000
063573,茂林元大9B購06  ,0,0,0,0,0,0,0,0,0,-501000,0,0,0,46000,547000,-501000,-501000
08080P,祥碩國票9B售03  ,0,0,0,0,0,0,0,0,0,-502000,0,0,0,563000,1065000,-502000,-502000
064974,燿華元大9C購03  ,0,0,0,0,0,0,0,0,0,-502000,0,0,0,307000,809000,-502000,-502000
066932,京元電國票02購01,0,0,0,0,0,0,0,0,0,-502000,0,0,0,107000,609000,-502000,-502000
067489,華擎元大01購06  ,0,0,0,0,0,0,0,0,0,-504000,0,0,0,538000,1042000,-504000,-504000
058327,大毅統一9B購01  ,0,0,0,0,0,0,0,0,0,-504000,0,0,0,595000,1099000,-504000,-504000
068642,帆宣凱基03購01  ,0,0,0,0,0,0,0,0,0,-506000,0,0,0,0,506000,-506000,-506000
061544,大毅群益9B購02  ,0,0,0,0,0,0,0,0,0,-507000,0,0,0,1000,508000,-507000,-507000
066914,樺漢凱基02購01  ,0,0,0,0,0,0,0,0,0,-507000,0,0,0,10000,517000,-507000,-507000
064473,技嘉麥證9C購01  ,0,0,0,88000,615000,-527000,0,0,0,-508000,0,0,0,107000,615000,-508000,-508000
08313P,健策國票01售01  ,0,0,0,0,0,0,0,0,0,-509000,0,0,0,200000,709000,-509000,-509000
065978,臻鼎元大02購01  ,0,0,0,0,0,0,0,0,0,-509000,0,0,0,380000,889000,-509000,-509000
066271,東森元大01購01  ,0,0,0,0,0,0,0,0,0,-509000,0,0,0,25000,534000,-509000,-509000
068579,GIS國泰03購01   ,0,0,0,0,0,0,0,0,0,-511000,0,0,0,160000,671000,-511000,-511000
068466,帆宣永豐01購02  ,0,0,0,0,0,0,0,0,0,-513000,0,0,0,110000,623000,-513000,-513000
062689,華擎統一02購01  ,0,0,0,0,0,0,0,0,0,-513000,0,0,0,110000,623000,-513000,-513000
066276,敦泰元大01購01  ,0,0,0,0,0,0,0,0,0,-513000,0,0,0,258000,771000,-513000,-513000
2515,中工            ,418000,743000,-325000,0,0,0,0,0,0,-189000,30000,6000,24000,69000,282000,-213000,-514000
064700,致新群益9C購02  ,0,0,0,0,0,0,0,0,0,-515000,0,0,0,67000,582000,-515000,-515000
2913,農林            ,27000,537000,-510000,0,0,0,0,0,0,-5000,4000,2000,2000,0,7000,-7000,-515000
3450,聯鈞            ,196000,342000,-146000,0,0,0,0,160000,-160000,-209000,0,41000,-41000,17000,185000,-168000,-515000
064388,緯穎富邦9C購01  ,0,0,0,0,0,0,0,0,0,-516000,0,0,0,1000,517000,-516000,-516000
063374,嘉澤永豐9B購04  ,0,0,0,0,0,0,0,0,0,-517000,0,0,0,73000,590000,-517000,-517000
065538,健鼎統一9C購01  ,0,0,0,0,0,0,0,0,0,-517000,0,0,0,157000,674000,-517000,-517000
057727,華邦電國泰9A購01,0,0,0,0,0,0,0,0,0,-518000,0,0,0,0,518000,-518000,-518000
064454,華新科統一01購03,0,0,0,0,0,0,0,0,0,-519000,0,0,0,0,519000,-519000,-519000
064867,華新科永豐9C購03,0,0,0,0,0,0,0,0,0,-519000,0,0,0,10000,529000,-519000,-519000
07955P,大成鋼群益9B售02,0,0,0,0,0,0,0,0,0,-520000,0,0,0,0,520000,-520000,-520000
067490,嘉澤元大01購04  ,0,0,0,0,0,0,0,0,0,-520000,0,0,0,126000,646000,-520000,-520000
064471,國巨麥證9C購02  ,0,0,0,150000,670000,-520000,0,0,0,-520000,0,0,0,150000,670000,-520000,-520000
3708,上緯投控        ,215000,682000,-467000,0,0,0,15000,0,15000,-68000,2000,80000,-78000,20000,10000,10000,-520000
1589,永冠-KY         ,193000,539000,-346000,0,0,0,131000,305000,-174000,0,0,0,0,0,0,0,-520000
065354,金像電元富03購01,0,0,0,0,0,0,0,0,0,-521000,0,0,0,12000,533000,-521000,-521000
6416,瑞祺電通        ,286000,630000,-344000,0,0,0,60000,113000,-53000,-124000,5000,21000,-16000,11000,119000,-108000,-521000
059510,華新科永豐99購07,0,0,0,0,0,0,0,0,0,-524000,0,0,0,60000,584000,-524000,-524000
062919,聯茂元大9B購01  ,0,0,0,0,0,0,0,0,0,-525000,0,0,0,53000,578000,-525000,-525000
05644P,大立光中信9A售03,0,0,0,0,0,0,0,0,0,-526000,0,0,0,0,526000,-526000,-526000
063417,金像電凱基9B購03,0,0,0,0,0,0,0,0,0,-528000,0,0,0,27000,555000,-528000,-528000
08807P,可成元富07售02  ,0,0,0,0,0,0,0,0,0,-529000,0,0,0,32000,561000,-529000,-529000
064252,嘉澤元富9C購01  ,0,0,0,0,0,0,0,0,0,-530000,0,0,0,109000,639000,-530000,-530000
067474,華邦電元大01購02,0,0,0,0,0,0,0,0,0,-531000,0,0,0,149000,680000,-531000,-531000
063259,廣達富邦9C購01  ,0,0,0,0,0,0,0,0,0,-531000,0,0,0,510000,1041000,-531000,-531000
067949,緯穎國泰03購01  ,0,0,0,0,0,0,0,0,0,-534000,0,0,0,71000,605000,-534000,-534000
08399P,技嘉元富9C售02  ,0,0,0,0,0,0,0,0,0,-534000,0,0,0,60000,594000,-534000,-534000
068385,聯電統一03購03  ,0,0,0,0,0,0,0,0,0,-534000,0,0,0,423000,957000,-534000,-534000
3376,新日興          ,124000,176000,-52000,0,0,0,0,564000,-564000,80000,87000,1000,86000,5000,11000,-6000,-536000
6271,同欣電          ,355000,169000,186000,0,0,0,0,674000,-674000,-48000,24000,96000,-72000,24000,0,24000,-536000
066348,松翰永豐01購01  ,0,0,0,0,0,0,0,0,0,-537000,0,0,0,130000,667000,-537000,-537000
2912,統一超          ,524933,975488,-450555,0,0,0,2000,75000,-73000,-14000,0,14000,-14000,0,0,0,-537555
061819,茂林群益9B購01  ,0,0,0,0,0,0,0,0,0,-538000,0,0,0,66000,604000,-538000,-538000
063692,華擎永豐9B購02  ,0,0,0,0,0,0,0,0,0,-542000,0,0,0,16000,558000,-542000,-542000
068143,國巨元大01購14  ,0,0,0,0,0,0,0,0,0,-543000,0,0,0,1000,544000,-543000,-543000
03048P,南電國票03售01  ,0,0,0,0,0,0,0,0,0,-544000,0,0,0,79000,623000,-544000,-544000
062906,全新元大9B購03  ,0,0,0,0,0,0,0,0,0,-544000,0,0,0,10000,554000,-544000,-544000
00693U,街口S&P黃豆     ,210000,0,210000,0,0,0,0,0,0,-755000,0,0,0,676000,1431000,-755000,-545000
063541,華擎元富9B購02  ,0,0,0,0,0,0,0,0,0,-545000,0,0,0,126000,671000,-545000,-545000
062219,燿華統一9B購01  ,0,0,0,0,0,0,0,0,0,-545000,0,0,0,291000,836000,-545000,-545000
061138,晶技統一9C購01  ,0,0,0,0,0,0,0,0,0,-545000,0,0,0,152000,697000,-545000,-545000
060789,禾伸堂富邦9B購02,0,0,0,0,0,0,0,0,0,-545000,0,0,0,85000,630000,-545000,-545000
08677P,超眾群益01售02  ,0,0,0,0,0,0,0,0,0,-545000,0,0,0,131000,676000,-545000,-545000
068325,宏碁元大01購04  ,0,0,0,0,0,0,0,0,0,-546000,0,0,0,44000,590000,-546000,-546000
060404,台勝科國泰9B購01,0,0,0,0,0,0,0,0,0,-547000,0,0,0,6000,553000,-547000,-547000
068016,宏碁國票02購01  ,0,0,0,0,0,0,0,0,0,-548000,0,0,0,58000,606000,-548000,-548000
00671R,富邦NASDAQ反1   ,0,0,0,0,0,0,0,0,0,-549000,0,0,0,199000,748000,-549000,-549000
062688,華擎統一01購03  ,0,0,0,0,0,0,0,0,0,-551000,0,0,0,254000,805000,-551000,-551000
067736,國巨元大02購04  ,0,0,0,0,0,0,0,0,0,-552000,0,0,0,100000,652000,-552000,-552000
064021,國巨元大9C購15  ,0,0,0,0,0,0,0,0,0,-552000,0,0,0,54000,606000,-552000,-552000
064065,大立光富邦02購02,0,0,0,0,0,0,0,0,0,-552000,0,0,0,0,552000,-552000,-552000
068160,智易元大01購01  ,0,0,0,0,0,0,0,0,0,-553000,0,0,0,271000,824000,-553000,-553000
063494,金像電富邦9B購01,0,0,0,0,0,0,0,0,0,-553000,0,0,0,247000,800000,-553000,-553000
062108,晶豪科國票9B購01,0,0,0,0,0,0,0,0,0,-555000,0,0,0,53000,608000,-555000,-555000
8039,台虹            ,155000,728000,-573000,0,0,0,0,0,0,17000,33000,19000,14000,9000,6000,3000,-556000
057914,日月光日盛9A購01,0,0,0,0,0,0,0,0,0,-559000,0,0,0,0,559000,-559000,-559000
067687,啟碁元大01購02  ,0,0,0,0,0,0,0,0,0,-560000,0,0,0,96000,656000,-560000,-560000
063624,GIS兆豐9B購01   ,0,0,0,0,0,0,0,0,0,-563000,0,0,0,47000,610000,-563000,-563000
064257,台勝科國泰01購01,0,0,0,0,0,0,0,0,0,-563000,0,0,0,60000,623000,-563000,-563000
060654,大毅群益9B購01  ,0,0,0,0,0,0,0,0,0,-563000,0,0,0,0,563000,-563000,-563000
065490,國巨國泰02購02  ,0,0,0,0,0,0,0,0,0,-564000,0,0,0,354000,918000,-564000,-564000
03121P,聯電元大01售04  ,0,0,0,0,0,0,0,0,0,-565000,0,0,0,356000,921000,-565000,-565000
065477,健鼎元大9C購03  ,0,0,0,0,0,0,0,0,0,-565000,0,0,0,9000,574000,-565000,-565000
063262,南六富邦9C購01  ,0,0,0,0,0,0,0,0,0,-566000,0,0,0,208000,774000,-566000,-566000
061476,大毅元大9A購02  ,0,0,0,0,0,0,0,0,0,-566000,0,0,0,30000,596000,-566000,-566000
066548,燿華元大02購02  ,0,0,0,0,0,0,0,0,0,-567000,0,0,0,158000,725000,-567000,-567000
067867,冠德元大01購01  ,0,0,0,0,0,0,0,0,0,-569000,0,0,0,63000,632000,-569000,-569000
064888,景碩中信9C購01  ,0,0,0,0,0,0,0,0,0,-569000,0,0,0,450000,1019000,-569000,-569000
2103,台橡            ,229000,458000,-229000,0,0,0,0,0,0,-342000,0,0,0,0,342000,-342000,-571000
062984,致新元富9B購01  ,0,0,0,0,0,0,0,0,0,-573000,0,0,0,237000,810000,-573000,-573000
066856,致新元大01購01  ,0,0,0,0,0,0,0,0,0,-573000,0,0,0,282000,855000,-573000,-573000
065764,康友元大9C購02  ,0,0,0,0,0,0,0,0,0,-573000,0,0,0,51000,624000,-573000,-573000
068501,泰鼎元大01購04  ,0,0,0,0,0,0,0,0,0,-574000,0,0,0,99000,673000,-574000,-574000
066609,國巨麥證01購04  ,0,0,0,0,577000,-577000,0,0,0,-574000,0,0,0,3000,577000,-574000,-574000
068857,華通元富08購01  ,0,0,0,0,0,0,0,0,0,-575000,0,0,0,35000,610000,-575000,-575000
2897,王道銀行        ,39000,592000,-553000,0,0,0,1000,0,1000,-24000,0,24000,-24000,0,0,0,-576000
067830,帆宣兆豐03購01  ,0,0,0,0,0,0,0,0,0,-578000,0,0,0,649000,1227000,-578000,-578000
054977,SP黃豆元富9B購01,0,0,0,0,0,0,0,0,0,-580000,0,0,0,0,580000,-580000,-580000
061197,矽創永豐9A購02  ,0,0,0,0,0,0,0,0,0,-582000,0,0,0,0,582000,-582000,-582000
066816,泰鼎兆豐03購01  ,0,0,0,0,0,0,0,0,0,-582000,0,0,0,116000,698000,-582000,-582000
065169,華邦電元大9C購03,0,0,0,0,0,0,0,0,0,-585000,0,0,0,88000,673000,-585000,-585000
066635,敦泰凱基01購01  ,0,0,0,0,0,0,0,0,0,-586000,0,0,0,228000,814000,-586000,-586000
3017,奇鋐            ,1182000,1585000,-403000,0,0,0,101000,874000,-773000,590000,281000,45000,236000,434000,80000,354000,-586000
057182,禾伸堂元大99購02,0,0,0,0,0,0,0,0,0,-588000,0,0,0,31000,619000,-588000,-588000
064221,華通國票01購01  ,0,0,0,0,0,0,0,0,0,-588000,0,0,0,417000,1005000,-588000,-588000
065313,聯茂國票01購01  ,0,0,0,0,0,0,0,0,0,-590000,0,0,0,169000,759000,-590000,-590000
067290,金像電兆豐03購01,0,0,0,0,0,0,0,0,0,-591000,0,0,0,3000,594000,-591000,-591000
056473,奇力新元大99購02,0,0,0,0,0,0,0,0,0,-591000,0,0,0,20000,611000,-591000,-591000
065216,群創國泰01購02  ,0,0,0,0,0,0,0,0,0,-591000,0,0,0,279000,870000,-591000,-591000
065704,華新科群益9C購05,0,0,0,0,0,0,0,0,0,-591000,0,0,0,551000,1142000,-591000,-591000
062653,正隆永豐9B購01  ,0,0,0,0,0,0,0,0,0,-595000,0,0,0,0,595000,-595000,-595000
064456,禾伸堂統一01購01,0,0,0,0,0,0,0,0,0,-598000,0,0,0,1000,599000,-598000,-598000
057579,長榮航中信9A購01,0,0,0,0,0,0,0,0,0,-599000,0,0,0,0,599000,-599000,-599000
058911,茂林元大99購04  ,0,0,0,0,0,0,0,0,0,-599000,0,0,0,0,599000,-599000,-599000
2458,義隆            ,1240000,1123000,117000,0,0,0,27000,478000,-451000,-268000,72000,226000,-154000,25000,139000,-114000,-602000
065905,聯茂富邦02購01  ,0,0,0,0,0,0,0,0,0,-603000,0,0,0,0,603000,-603000,-603000
061080,華邦電兆豐9B購01,0,0,0,0,0,0,0,0,0,-604000,0,0,0,348000,952000,-604000,-604000
067168,國巨麥證01購05  ,0,0,0,0,611000,-611000,0,0,0,-606000,0,0,0,5000,611000,-606000,-606000
068538,帆宣中信01購03  ,0,0,0,0,0,0,0,0,0,-606000,0,0,0,89000,695000,-606000,-606000
08864P,欣興元大01售01  ,0,0,0,0,0,0,0,0,0,-606000,0,0,0,40000,646000,-606000,-606000
066997,樺漢國泰03購01  ,0,0,0,0,0,0,0,0,0,-609000,0,0,0,472000,1081000,-609000,-609000
067848,臻鼎元富07購01  ,0,0,0,0,0,0,0,0,0,-609000,0,0,0,451000,1060000,-609000,-609000
063442,金像電統一01購01,0,0,0,0,0,0,0,0,0,-609000,0,0,0,11000,620000,-609000,-609000
2393,億光            ,346000,1018000,-672000,0,0,0,0,0,0,62000,116000,5000,111000,11000,60000,-49000,-610000
061344,禾伸堂元大9A購02,0,0,0,0,0,0,0,0,0,-611000,0,0,0,0,611000,-611000,-611000
067301,漢唐元大01購02  ,0,0,0,0,0,0,0,0,0,-613000,0,0,0,26000,639000,-613000,-613000
062258,奇力新元大9B購03,0,0,0,0,0,0,0,0,0,-613000,0,0,0,10000,623000,-613000,-613000
2520,冠德            ,409000,931000,-522000,0,0,0,0,286000,-286000,194000,215000,16000,199000,3000,8000,-5000,-614000
062855,嘉澤永豐9B購02  ,0,0,0,0,0,0,0,0,0,-617000,0,0,0,235000,852000,-617000,-617000
063433,臻鼎元富9B購01  ,0,0,0,0,0,0,0,0,0,-617000,0,0,0,239000,856000,-617000,-617000
062013,奇鋐富邦9B購01  ,0,0,0,0,0,0,0,0,0,-619000,0,0,0,32000,651000,-619000,-619000
068838,智易永豐02購01  ,0,0,0,0,0,0,0,0,0,-620000,0,0,0,0,620000,-620000,-620000
064174,致新元富9C購02  ,0,0,0,0,0,0,0,0,0,-620000,0,0,0,162000,782000,-620000,-620000
064677,金像電兆豐9C購01,0,0,0,0,0,0,0,0,0,-621000,0,0,0,0,621000,-621000,-621000
063782,致新永豐9B購02  ,0,0,0,0,0,0,0,0,0,-624000,0,0,0,0,624000,-624000,-624000
064299,宏碁兆豐9C購01  ,0,0,0,0,0,0,0,0,0,-624000,0,0,0,151000,775000,-624000,-624000
1301,台塑            ,771554,1421088,-649534,0,0,0,55000,6807,48193,-23000,22000,45000,-23000,0,0,0,-624341
1722,台肥            ,664000,1321000,-657000,0,0,0,0,0,0,32000,21000,12000,9000,23000,0,23000,-625000
4133,亞諾法          ,1366000,1620000,-254000,0,0,0,0,0,0,-371000,0,0,0,10000,381000,-371000,-625000
064848,金像電元富9C購02,0,0,0,0,0,0,0,0,0,-626000,0,0,0,76000,702000,-626000,-626000
2027,大成鋼          ,439000,1203000,-764000,0,0,0,0,0,0,137000,33000,22000,11000,206000,80000,126000,-627000
066953,禾伸堂元大01購01,0,0,0,0,0,0,0,0,0,-629000,0,0,0,0,629000,-629000,-629000
060722,矽格永豐9A購01  ,0,0,0,0,0,0,0,0,0,-631000,0,0,0,15000,646000,-631000,-631000
066044,京元電元大01購01,0,0,0,0,0,0,0,0,0,-632000,0,0,0,245000,877000,-632000,-632000
062637,智易國票9B購01  ,0,0,0,0,0,0,0,0,0,-633000,0,0,0,9000,642000,-633000,-633000
061091,奇力新統一9C購02,0,0,0,0,0,0,0,0,0,-633000,0,0,0,20000,653000,-633000,-633000
064840,彩晶統一02購01  ,0,0,0,0,0,0,0,0,0,-633000,0,0,0,811000,1444000,-633000,-633000
063903,國巨麥證01購01  ,0,0,0,10000,650000,-640000,0,0,0,-640000,0,0,0,10000,650000,-640000,-640000
066236,潤泰全富邦01購01,0,0,0,0,0,0,0,0,0,-640000,0,0,0,0,640000,-640000,-640000
066608,國巨麥證01購03  ,0,0,0,0,640000,-640000,0,0,0,-640000,0,0,0,0,640000,-640000,-640000
065300,燿華元富9C購03  ,0,0,0,0,0,0,0,0,0,-646000,0,0,0,0,646000,-646000,-646000
07032P,聯發科統一9C售02,0,0,0,0,0,0,0,0,0,-650000,0,0,0,0,650000,-650000,-650000
062081,華新科元大9B購06,0,0,0,0,0,0,0,0,0,-650000,0,0,0,0,650000,-650000,-650000
059949,啟碁永豐99購01  ,0,0,0,0,0,0,0,0,0,-653000,0,0,0,50000,703000,-653000,-653000
065899,神基麥證9C購02  ,0,0,0,0,656000,-656000,0,0,0,-656000,0,0,0,0,656000,-656000,-656000
062221,奇力新統一01購01,0,0,0,0,0,0,0,0,0,-657000,0,0,0,108000,765000,-657000,-657000
00664R,國泰臺灣加權反1 ,25000,25000,0,0,0,0,0,0,0,-658000,0,0,0,571000,1229000,-658000,-658000
063049,上海銀兆豐9B購01,0,0,0,0,0,0,0,0,0,-659000,0,0,0,386000,1045000,-659000,-659000
067746,瀚宇博元大01購04,0,0,0,0,0,0,0,0,0,-661000,0,0,0,11000,672000,-661000,-661000
068232,泰鼎元富04購01  ,0,0,0,0,0,0,0,0,0,-661000,0,0,0,294000,955000,-661000,-661000
065227,金像電凱基9C購01,0,0,0,0,0,0,0,0,0,-662000,0,0,0,131000,793000,-662000,-662000
066855,樺漢元大01購03  ,0,0,0,0,0,0,0,0,0,-664000,0,0,0,209000,873000,-664000,-664000
03215P,南電群益03售01  ,0,0,0,0,0,0,0,0,0,-670000,0,0,0,0,670000,-670000,-670000
066994,聯發科國泰03購02,0,0,0,0,0,0,0,0,0,-672000,0,0,0,103000,775000,-672000,-672000
068500,華擎元大01購09  ,0,0,0,0,0,0,0,0,0,-672000,0,0,0,469000,1141000,-672000,-672000
064404,奇力新凱基02購01,0,0,0,0,0,0,0,0,0,-675000,0,0,0,155000,830000,-675000,-675000
061669,崇越中信9A購01  ,0,0,0,0,0,0,0,0,0,-676000,0,0,0,10000,686000,-676000,-676000
061023,茂林國泰9B購02  ,0,0,0,0,0,0,0,0,0,-677000,0,0,0,20000,697000,-677000,-677000
068183,彩晶群益03購02  ,0,0,0,0,0,0,0,0,0,-681000,0,0,0,285000,966000,-681000,-681000
067650,技嘉元富07購03  ,0,0,0,0,0,0,0,0,0,-681000,0,0,0,41000,722000,-681000,-681000
067400,華擎永豐01購02  ,0,0,0,0,0,0,0,0,0,-684000,0,0,0,10000,694000,-684000,-684000
061518,達方永豐9A購02  ,0,0,0,0,0,0,0,0,0,-689000,0,0,0,20000,709000,-689000,-689000
066150,國巨麥證01購02  ,0,0,0,20000,711000,-691000,0,0,0,-690000,0,0,0,21000,711000,-690000,-690000
066267,強茂元大01購02  ,0,1000,-1000,0,0,0,0,0,0,-693000,0,0,0,250000,943000,-693000,-694000
062414,臻鼎中信01購01  ,0,0,0,0,0,0,0,0,0,-697000,0,0,0,48000,745000,-697000,-697000
067992,宏碁元大01購01  ,0,0,0,0,0,0,0,0,0,-698000,0,0,0,43000,741000,-698000,-698000
064106,國巨兆豐9C購04  ,0,0,0,0,0,0,0,0,0,-698000,0,0,0,235000,933000,-698000,-698000
066263,華碩元大02購01  ,0,0,0,0,0,0,0,0,0,-698000,0,0,0,170000,868000,-698000,-698000
066277,敦泰元大01購02  ,0,0,0,0,0,0,0,0,0,-701000,0,0,0,53000,754000,-701000,-701000
5469,瀚宇博          ,1058000,2427000,-1369000,0,0,0,24000,0,24000,644000,82000,98000,-16000,712000,52000,660000,-701000
064453,微星統一02購01  ,0,0,0,0,0,0,0,0,0,-702000,0,0,0,282000,984000,-702000,-702000
068563,宏碁元大01購05  ,0,0,0,0,0,0,0,0,0,-715000,0,0,0,0,715000,-715000,-715000
068772,欣興統一04購01  ,0,0,0,0,0,0,0,0,0,-715000,0,0,0,336000,1051000,-715000,-715000
063809,矽創兆豐01購01  ,0,0,0,0,0,0,0,0,0,-721000,0,0,0,0,721000,-721000,-721000
064350,茂林元大01購01  ,0,0,0,0,0,0,0,0,0,-723000,0,0,0,71000,794000,-723000,-723000
065341,華邦電統一01購02,0,0,0,0,0,0,0,0,0,-724000,0,0,0,254000,978000,-724000,-724000
068502,帆宣元大01購05  ,0,0,0,0,0,0,0,0,0,-725000,0,0,0,40000,765000,-725000,-725000
068126,樺漢元富07購01  ,0,0,0,0,0,0,0,0,0,-726000,0,0,0,6000,732000,-726000,-726000
067230,國巨群益01購05  ,0,0,0,0,0,0,0,0,0,-733000,0,0,0,10000,743000,-733000,-733000
6139,亞翔            ,691000,1340000,-649000,0,0,0,0,0,0,-84000,16000,100000,-84000,0,0,0,-733000
066767,敦泰永豐01購02  ,0,0,0,0,0,0,0,0,0,-735000,0,0,0,43000,778000,-735000,-735000
08865P,欣興元大01售02  ,0,0,0,0,0,0,0,0,0,-737000,0,0,0,0,737000,-737000,-737000
063693,智易永豐9B購02  ,0,0,0,0,0,0,0,0,0,-745000,0,0,0,71000,816000,-745000,-745000
064301,漢唐兆豐01購01  ,0,0,0,0,0,0,0,0,0,-749000,0,0,0,206000,955000,-749000,-749000
067032,致新元富01購01  ,0,0,0,0,0,0,0,0,0,-757000,0,0,0,108000,865000,-757000,-757000
4961,天鈺            ,271000,1178000,-907000,0,0,0,0,0,0,150000,150000,0,150000,0,0,0,-757000
067224,致新元大01購03  ,0,0,0,0,0,0,0,0,0,-758000,0,0,0,438000,1196000,-758000,-758000
068678,台積電台新03購02,0,0,0,0,0,0,0,0,0,-760000,0,0,0,96000,856000,-760000,-760000
064266,聯茂永豐9C購01  ,0,0,0,0,0,0,0,0,0,-760000,0,0,0,68000,828000,-760000,-760000
064842,南六統一9C購04  ,0,0,0,0,0,0,0,0,0,-760000,0,0,0,338000,1098000,-760000,-760000
067322,達方元大01購01  ,0,0,0,0,0,0,0,0,0,-761000,0,0,0,285000,1046000,-761000,-761000
068225,華通元富07購02  ,0,0,0,0,0,0,0,0,0,-762000,0,0,0,257000,1019000,-762000,-762000
067030,南電兆豐03購01  ,0,0,0,0,0,0,0,0,0,-765000,0,0,0,303000,1068000,-765000,-765000
066508,世紀鋼富邦03購01,0,0,0,0,0,0,0,0,0,-767000,0,0,0,231000,998000,-767000,-767000
065647,健鼎元大9C購05  ,0,0,0,0,0,0,0,0,0,-768000,0,0,0,185000,953000,-768000,-768000
068336,瀚宇博元大01購05,0,0,0,0,0,0,0,0,0,-779000,0,0,0,98000,877000,-779000,-779000
2379,瑞昱            ,1383996,2099526,-715530,0,0,0,58000,7596,50404,-117000,6000,114000,-108000,29000,38000,-9000,-782126
060432,達方永豐9A購01  ,0,0,0,0,0,0,0,0,0,-783000,0,0,0,213000,996000,-783000,-783000
066501,鴻海富邦03購01  ,0,0,0,0,0,0,0,0,0,-784000,0,0,0,0,784000,-784000,-784000
058779,大立光國票9A購02,0,0,0,0,0,0,0,0,0,-785000,0,0,0,101000,886000,-785000,-785000
068666,聯電統一03購04  ,0,0,0,0,0,0,0,0,0,-793000,0,0,0,70000,863000,-793000,-793000
066851,瀚宇博元大01購02,0,0,0,0,0,0,0,0,0,-793000,0,0,0,93000,886000,-793000,-793000
064236,奇力新統一01購04,0,0,0,0,0,0,0,0,0,-795000,0,0,0,208000,1003000,-795000,-795000
058463,宏達電兆豐99購02,0,0,0,0,0,0,0,0,0,-799000,0,0,0,0,799000,-799000,-799000
064260,矽創富邦9C購01  ,0,0,0,0,0,0,0,0,0,-799000,0,0,0,100000,899000,-799000,-799000
066852,矽格元大01購03  ,0,0,0,0,0,0,0,0,0,-799000,0,0,0,83000,882000,-799000,-799000
2633,台灣高鐵        ,1086802,1884155,-797353,0,0,0,7000,0,7000,-9000,0,37000,-37000,70000,42000,28000,-799353
1444,力麗            ,2503000,3303000,-800000,0,0,0,0,0,0,0,0,0,0,0,0,0,-800000
068866,申豐元富05購01  ,0,0,0,0,0,0,0,0,0,-802000,0,0,0,40000,842000,-802000,-802000
067278,申豐統一02購03  ,0,0,0,0,0,0,0,0,0,-803000,0,0,0,132000,935000,-803000,-803000
062331,大立光統一9B購10,0,0,0,0,0,0,0,0,0,-803000,0,0,0,0,803000,-803000,-803000
062442,華新科元大9C購02,0,0,0,0,0,0,0,0,0,-804000,0,0,0,48000,852000,-804000,-804000
064048,大立光統一9C購07,0,0,0,0,0,0,0,0,0,-805000,0,0,0,80000,885000,-805000,-805000
064881,聯茂兆豐01購02  ,0,0,0,0,0,0,0,0,0,-813000,0,0,0,276000,1089000,-813000,-813000
068161,智易元大01購02  ,0,0,0,0,0,0,0,0,0,-814000,0,0,0,123000,937000,-814000,-814000
065199,華擎元富03購01  ,0,0,0,0,0,0,0,0,0,-815000,0,0,0,251000,1066000,-815000,-815000
065132,臻鼎兆豐01購01  ,0,0,0,0,0,0,0,0,0,-819000,0,0,0,342000,1161000,-819000,-819000
2049,上銀            ,488101,1176345,-688244,0,0,0,5000,0,5000,-136000,41000,12000,29000,32000,197000,-165000,-819244
3406,玉晶光          ,498000,1238000,-740000,0,0,0,14000,0,14000,-95000,49000,128000,-79000,30000,46000,-16000,-821000
064369,彩晶統一01購01  ,0,0,0,0,0,0,0,0,0,-822000,0,0,0,610000,1432000,-822000,-822000
3016,嘉晶            ,332000,1048000,-716000,0,0,0,0,0,0,-109000,3000,10000,-7000,8000,110000,-102000,-825000
063668,奇力新統一01購03,0,0,0,0,0,0,0,0,0,-828000,0,0,0,76000,904000,-828000,-828000
067124,華擎富邦03購01  ,0,0,0,0,0,0,0,0,0,-829000,0,0,0,95000,924000,-829000,-829000
060700,華新科國泰9C購01,0,0,0,0,0,0,0,0,0,-832000,0,0,0,139000,971000,-832000,-832000
062408,致新永豐9B購01  ,0,0,0,0,0,0,0,0,0,-833000,0,0,0,174000,1007000,-833000,-833000
065755,日電貿元大9C購02,0,0,0,0,0,0,0,0,0,-837000,0,0,0,50000,887000,-837000,-837000
064513,T50反1群益9C購01,0,0,0,0,0,0,0,0,0,-840000,0,0,0,0,840000,-840000,-840000
060987,華新科元大9A購11,0,0,0,0,0,0,0,0,0,-845000,0,0,0,0,845000,-845000,-845000
063446,台光電統一01購02,0,0,0,0,0,0,0,0,0,-851000,0,0,0,188000,1039000,-851000,-851000
065612,聯茂元大9C購07  ,0,0,0,0,0,0,0,0,0,-852000,0,0,0,0,852000,-852000,-852000
063201,廣達統一01購01  ,0,0,0,0,0,0,0,0,0,-854000,0,0,0,347000,1201000,-854000,-854000
062678,華通統一9C購04  ,0,0,0,0,0,0,0,0,0,-857000,0,0,0,321000,1178000,-857000,-857000
08150P,立積國票9C售01  ,0,0,0,0,0,0,0,0,0,-861000,0,0,0,79000,940000,-861000,-861000
063244,華新科元大9B購11,0,0,0,0,0,0,0,0,0,-863000,0,0,0,36000,899000,-863000,-863000
064926,臻鼎統一02購01  ,0,0,0,0,0,0,0,0,0,-866000,0,0,0,437000,1303000,-866000,-866000
08868P,欣興凱基02售03  ,0,0,0,0,0,0,0,0,0,-867000,0,0,0,40000,907000,-867000,-867000
065687,華通元富9C購03  ,0,0,0,0,0,0,0,0,0,-868000,0,0,0,209000,1077000,-868000,-868000
08750P,台灣50群益01售04,0,0,0,0,0,0,0,0,0,-870000,0,0,0,94000,964000,-870000,-870000
1504,東元            ,266000,1748000,-1482000,0,0,0,1000,0,1000,608000,0,0,0,608000,0,608000,-873000
065955,健鼎統一01購03  ,0,0,0,0,0,0,0,0,0,-875000,0,0,0,399000,1274000,-875000,-875000
03432B,臺股指凱基98熊13,0,0,0,0,0,0,0,0,0,-877000,0,0,0,583000,1460000,-877000,-877000
062604,東元凱基9B購01  ,0,0,0,0,0,0,0,0,0,-879000,0,0,0,35000,914000,-879000,-879000
066011,華通元富01購01  ,0,0,0,0,0,0,0,0,0,-881000,0,0,0,163000,1044000,-881000,-881000
5876,上海商銀        ,1037368,1968234,-930866,0,0,0,11000,4330,6670,36000,0,30000,-30000,175000,109000,66000,-888196
068392,彩晶統一03購01  ,0,0,0,0,0,0,0,0,0,-896000,0,0,0,307000,1203000,-896000,-896000
065013,矽創國泰02購01  ,0,0,0,0,0,0,0,0,0,-898000,0,0,0,400000,1298000,-898000,-898000
066902,台泥凱基01購01  ,0,0,0,0,0,0,0,0,0,-904000,0,0,0,257000,1161000,-904000,-904000
3661,世芯-KY         ,874000,1761950,-887950,0,0,0,0,0,0,-18000,48000,55000,-7000,2000,13000,-11000,-905950
063924,致新元富9C購01  ,0,0,0,0,0,0,0,0,0,-906000,0,0,0,145000,1051000,-906000,-906000
065209,國泰金國票01購01,0,0,0,0,0,0,0,0,0,-908000,0,0,0,0,908000,-908000,-908000
2474,可成            ,778282,1642342,-864060,0,0,0,3000,30913,-27913,-20000,0,5000,-5000,7000,22000,-15000,-911973
067013,致新永豐01購01  ,0,0,0,0,0,0,0,0,0,-913000,0,0,0,0,913000,-913000,-913000
068396,南電統一03購02  ,5000,0,5000,0,0,0,0,0,0,-920000,0,0,0,611000,1531000,-920000,-915000
063620,奇力新兆豐9B購01,0,0,0,0,0,0,0,0,0,-917000,0,0,0,0,917000,-917000,-917000
067863,國巨元大02購05  ,0,0,0,0,0,0,0,0,0,-918000,0,0,0,482000,1400000,-918000,-918000
062810,華通兆豐9B購02  ,0,0,0,0,0,0,0,0,0,-926000,0,0,0,3000,929000,-926000,-926000
062550,啟碁永豐9B購01  ,0,0,0,0,0,0,0,0,0,-926000,0,0,0,0,926000,-926000,-926000
6269,台郡            ,344000,458000,-114000,0,0,0,0,761000,-761000,-53000,26000,44000,-18000,5000,40000,-35000,-928000
062163,大毅國泰01購01  ,0,0,0,0,0,0,0,0,0,-937000,0,0,0,4000,941000,-937000,-937000
060745,京元電國票9A購01,0,0,0,0,0,0,0,0,0,-939000,0,0,0,1000,940000,-939000,-939000
6288,聯嘉            ,678000,1610000,-932000,0,0,0,0,0,0,-8000,8000,16000,-8000,0,0,0,-940000
6176,瑞儀            ,1092000,2090020,-998020,0,0,0,100000,0,100000,-44000,376000,289000,87000,21000,152000,-131000,-942020
067355,大立光群益01購07,0,0,0,0,0,0,0,0,0,-944000,0,0,0,23000,967000,-944000,-944000
065337,華通統一01購03  ,0,0,0,0,0,0,0,0,0,-946000,0,0,0,971000,1917000,-946000,-946000
067448,華碩國票01購01  ,0,0,0,0,0,0,0,0,0,-947000,0,0,0,185000,1132000,-947000,-947000
067380,華擎統一02購02  ,0,0,0,0,0,0,0,0,0,-951000,0,0,0,516000,1467000,-951000,-951000
08867P,欣興凱基01售03  ,0,0,0,0,0,0,0,0,0,-959000,0,0,0,112000,1071000,-959000,-959000
066137,智易群益01購01  ,0,0,0,0,0,0,0,0,0,-966000,0,0,0,499000,1465000,-966000,-966000
055331,國巨兆豐99購01  ,0,0,0,0,0,0,0,0,0,-967000,0,0,0,166000,1133000,-967000,-967000
065659,華新科永豐9C購04,0,0,0,0,0,0,0,0,0,-973000,0,0,0,364000,1337000,-973000,-973000
059375,道瓊反群益9C購02,0,0,0,0,0,0,0,0,0,-978000,0,0,0,0,978000,-978000,-978000
058928,國巨統一9C購01  ,157000,0,157000,0,0,0,0,0,0,-1135000,0,0,0,1742000,2877000,-1135000,-978000
2331,精英            ,534000,1548000,-1014000,0,0,0,0,0,0,35000,74000,39000,35000,0,0,0,-979000
067315,京鼎元大01購05  ,0,0,0,0,0,0,0,0,0,-985000,0,0,0,830000,1815000,-985000,-985000
07069P,欣興元富99售02  ,0,0,0,0,0,0,0,0,0,-987000,0,0,0,132000,1119000,-987000,-987000
066481,華碩元富01購01  ,0,0,0,0,0,0,0,0,0,-987000,0,0,0,10000,997000,-987000,-987000
067085,臻鼎元大01購02  ,0,0,0,0,0,0,0,0,0,-990000,0,0,0,95000,1085000,-990000,-990000
2801,彰銀            ,1590032,2502483,-912451,0,0,0,26000,0,26000,-106000,0,69000,-69000,0,37000,-37000,-992451
068114,富邦金元富07購01,0,0,0,0,0,0,0,0,0,-993000,0,0,0,307000,1300000,-993000,-993000
2454,聯發科          ,3480939,4704112,-1223173,0,0,0,273000,8925,264075,-38000,104000,58000,46000,53000,137000,-84000,-997098
08966P,臺指反元大04售07,0,0,0,0,0,0,0,0,0,-1010000,0,0,0,11000,1021000,-1010000,-1010000
063444,金像電統一03購01,0,0,0,0,0,0,0,0,0,-1011000,0,0,0,105000,1116000,-1011000,-1011000
066243,潤泰新富邦03購01,0,0,0,0,0,0,0,0,0,-1011000,0,0,0,117000,1128000,-1011000,-1011000
03216P,臺股指群益02售01,0,0,0,0,0,0,0,0,0,-1012000,0,0,0,0,1012000,-1012000,-1012000
067017,樺漢富邦04購01  ,0,0,0,0,0,0,0,0,0,-1013000,0,0,0,10000,1023000,-1013000,-1013000
066853,樺漢元大01購01  ,0,0,0,0,0,0,0,0,0,-1022000,0,0,0,17000,1039000,-1022000,-1022000
063811,亞德客群益9C購01,0,0,0,0,0,0,0,0,0,-1029000,0,0,0,20000,1049000,-1029000,-1029000
068815,精元元大02購01  ,0,0,0,0,0,0,0,0,0,-1031000,0,0,0,86000,1117000,-1031000,-1031000
063927,奇力新統一02購01,0,0,0,0,0,0,0,0,0,-1034000,0,0,0,67000,1101000,-1034000,-1034000
067686,矽格元大01購04  ,0,0,0,0,0,0,0,0,0,-1045000,0,0,0,48000,1093000,-1045000,-1045000
064477,南六國泰02購01  ,0,0,0,0,0,0,0,0,0,-1054000,0,0,0,195000,1249000,-1054000,-1054000
067707,奇力新元富04購01,0,0,0,0,0,0,0,0,0,-1065000,0,0,0,65000,1130000,-1065000,-1065000
066854,樺漢元大01購02  ,0,0,0,0,0,0,0,0,0,-1079000,0,0,0,106000,1185000,-1079000,-1079000
068131,聯發科統一02購09,0,0,0,0,0,0,0,0,0,-1081000,0,0,0,899000,1980000,-1081000,-1081000
4915,致伸            ,1175000,2283000,-1108000,0,0,0,1000,0,1000,16000,50000,3000,47000,0,31000,-31000,-1091000
067154,華擎統一03購03  ,0,0,0,0,0,0,0,0,0,-1099000,0,0,0,212000,1311000,-1099000,-1099000
067708,華新科元富01購01,0,0,0,0,0,0,0,0,0,-1105000,0,0,0,125000,1230000,-1105000,-1105000
2498,宏達電          ,7291000,7725000,-434000,0,0,0,0,0,0,-671000,2000,47000,-45000,12000,638000,-626000,-1105000
064733,南六統一9C購03  ,0,0,0,0,0,0,0,0,0,-1114000,0,0,0,193000,1307000,-1114000,-1114000
067306,奇鋐元大01購02  ,0,0,0,0,0,0,0,0,0,-1128000,0,0,0,8000,1136000,-1128000,-1128000
066262,華碩元大01購02  ,0,0,0,0,0,0,0,0,0,-1136000,0,0,0,306000,1442000,-1136000,-1136000
061294,奇力新麥證9A購01,0,0,0,69000,1220000,-1151000,0,0,0,-1151000,0,0,0,69000,1220000,-1151000,-1151000
068536,聯發科中信04購02,0,0,0,0,0,0,0,0,0,-1157000,0,0,0,66000,1223000,-1157000,-1157000
2888,新光金          ,37865468,15379824,22485644,0,0,0,49000,1571181,-1522181,-22199000,1302000,685000,617000,4000,22820000,-22816000,-1235537
067666,國巨元大02購03  ,0,0,0,0,0,0,0,0,0,-1251000,0,0,0,400000,1651000,-1251000,-1251000
08201P,祥碩元大9B售09  ,0,0,0,0,0,0,0,0,0,-1254000,0,0,0,540000,1794000,-1254000,-1254000
065386,華通兆豐9C購02  ,0,0,0,0,0,0,0,0,0,-1266000,0,0,0,200000,1466000,-1266000,-1266000
067993,宏碁元大01購02  ,0,0,0,0,0,0,0,0,0,-1273000,0,0,0,254000,1527000,-1273000,-1273000
066819,樺漢兆豐01購01  ,0,0,0,0,0,0,0,0,0,-1286000,0,0,0,170000,1456000,-1286000,-1286000
063863,儒鴻富邦02購01  ,0,0,0,0,0,0,0,0,0,-1289000,0,0,0,814000,2103000,-1289000,-1289000
068654,國巨元大02購07  ,0,0,0,0,0,0,0,0,0,-1313000,0,0,0,0,1313000,-1313000,-1313000
2330,台積電          ,26754798,28023721,-1268923,0,0,0,192000,77372,114628,-159000,191000,329000,-138000,261000,282000,-21000,-1313295
067270,精成科永豐01購01,0,0,0,0,0,0,0,0,0,-1331000,0,0,0,77000,1408000,-1331000,-1331000
064594,奇力新統一01購05,0,0,0,0,0,0,0,0,0,-1331000,0,0,0,117000,1448000,-1331000,-1331000
2618,長榮航          ,3971948,5357027,-1385079,0,0,0,2000,0,2000,51000,0,8000,-8000,59000,0,59000,-1332079
2417,圓剛            ,5564000,7398000,-1834000,0,0,0,240000,0,240000,242000,242000,0,242000,0,0,0,-1352000
068853,華新科統一02購03,0,0,0,0,0,0,0,0,0,-1354000,0,0,0,157000,1511000,-1354000,-1354000
4938,和碩            ,2516967,4273018,-1756051,0,0,0,870000,0,870000,-473000,84000,163000,-79000,2000,396000,-394000,-1359051
2342,茂矽            ,301350,1663000,-1361650,0,0,0,0,0,0,0,0,0,0,0,0,0,-1361650
063450,華新科統一02購01,0,0,0,0,0,0,0,0,0,-1364000,0,0,0,182000,1546000,-1364000,-1364000
066321,華碩永豐01購01  ,0,0,0,0,0,0,0,0,0,-1373000,0,0,0,242000,1615000,-1373000,-1373000
068651,聯電元大02購04  ,4000,0,4000,0,0,0,0,0,0,-1379000,0,0,0,338000,1717000,-1379000,-1375000
00655L,國泰中國A50正2  ,29000,955000,-926000,0,0,0,0,0,0,-502000,0,0,0,2156000,2658000,-502000,-1428000
2376,技嘉            ,1162000,2370000,-1208000,0,0,0,0,236000,-236000,6000,215000,189000,26000,183000,203000,-20000,-1438000
068670,台積電統一03購12,0,0,0,0,0,0,0,0,0,-1458000,0,0,0,560000,2018000,-1458000,-1458000
068119,健鼎元富07購01  ,0,0,0,0,0,0,0,0,0,-1461000,0,0,0,835000,2296000,-1461000,-1461000
08702P,南電康和01售01  ,0,0,0,0,0,0,0,0,0,-1465000,0,0,0,39000,1504000,-1465000,-1465000
08243P,祥碩凱基9C售02  ,0,0,0,0,0,0,0,0,0,-1526000,0,0,0,220000,1746000,-1526000,-1526000
062441,華新科元大9C購01,0,0,0,0,0,0,0,0,0,-1540000,0,0,0,82000,1622000,-1540000,-1540000
03106P,T50反1元大01售06,0,0,0,0,0,0,0,0,0,-1600000,0,0,0,0,1600000,-1600000,-1600000
066020,東元群益01購01  ,0,0,0,0,0,0,0,0,0,-1600000,0,0,0,40000,1640000,-1600000,-1600000
2504,國產            ,372000,1945000,-1573000,0,0,0,0,0,0,-30000,0,22000,-22000,0,8000,-8000,-1603000
3014,聯陽            ,1601000,3836000,-2235000,0,0,0,923000,0,923000,-300000,59000,39000,20000,60000,380000,-320000,-1612000
067580,亞德客群益01購03,0,0,0,0,0,0,0,0,0,-1625000,0,0,0,296000,1921000,-1625000,-1625000
2308,台達電          ,4001593,4584140,-582547,0,0,0,452000,1013711,-561711,-503000,122000,627000,-505000,32000,30000,2000,-1647258
062540,茂林國泰9C購01  ,0,0,0,0,0,0,0,0,0,-1663000,0,0,0,334000,1997000,-1663000,-1663000
2505,國揚            ,1938000,3243000,-1305000,0,0,0,0,0,0,-421000,19000,0,19000,55000,495000,-440000,-1726000
1717,長興            ,2294000,3779000,-1485000,0,0,0,0,0,0,-245000,225000,900000,-675000,430000,0,430000,-1730000
059140,大立光兆豐9A購02,0,0,0,0,0,0,0,0,0,-1777000,0,0,0,250000,2027000,-1777000,-1777000
065119,大立光富邦03購03,0,0,0,0,0,0,0,0,0,-1790000,0,0,0,80000,1870000,-1790000,-1790000
2412,中華電          ,936648,3028003,-2091355,0,0,0,347000,6496,340504,-52000,5000,57000,-52000,9000,9000,0,-1802851
062396,華通永豐9B購01  ,0,0,0,0,0,0,0,0,0,-1840000,0,0,0,127000,1967000,-1840000,-1840000
020019,統一特選台灣5GN ,0,0,0,0,0,0,0,0,0,-1892000,0,0,0,620000,2512000,-1892000,-1892000
6456,GIS-KY          ,597000,3136000,-2539000,0,0,0,699000,160000,539000,74000,79000,3000,76000,146000,148000,-2000,-1926000
03193P,台積電國泰03售06,0,0,0,0,0,0,0,0,0,-1995000,0,0,0,20000,2015000,-1995000,-1995000
020018,統一價值成長30N ,0,0,0,0,0,0,0,0,0,-2009000,0,0,0,1000,2010000,-2009000,-2009000
2337,旺宏            ,1846000,4328807,-2482807,0,0,0,0,30000,-30000,414000,90000,52000,38000,471000,95000,376000,-2098807
4414,如興            ,942000,3110000,-2168000,0,0,0,0,0,0,0,0,0,0,0,0,0,-2168000
2886,兆豐金          ,4316428,3890993,425435,0,0,0,1523000,3689841,-2166841,-462000,0,94000,-94000,0,368000,-368000,-2203406
2890,永豐金          ,2125128,7461477,-5336349,0,0,0,3038000,0,3038000,79000,174000,113000,61000,18000,0,18000,-2219349
07890P,南電國票9B售01  ,0,0,0,0,0,0,0,0,0,-2280000,0,0,0,186000,2466000,-2280000,-2280000
2880,華南金          ,2388220,4579844,-2191624,0,0,0,38000,0,38000,-146000,0,146000,-146000,0,0,0,-2299624
1402,遠東新          ,1122198,3464000,-2341802,0,0,0,15000,0,15000,-153000,15000,190000,-175000,30000,8000,22000,-2479802
2301,光寶科          ,3747048,6539449,-2792401,0,0,0,1148000,578000,570000,-328000,25000,19000,6000,0,334000,-334000,-2550401
066482,華碩元富01購02  ,0,0,0,0,0,0,0,0,0,-2562000,0,0,0,76000,2638000,-2562000,-2562000
05755P,臺股指中信99售04,0,0,0,0,0,0,0,0,0,-2600000,0,0,0,317000,2917000,-2600000,-2600000
066198,華碩統一03購01  ,0,0,0,0,0,0,0,0,0,-2825000,0,0,0,453000,3278000,-2825000,-2825000
2002,中鋼            ,2939803,5814271,-2874468,0,0,0,49000,0,49000,-94000,0,109000,-109000,15000,0,15000,-2919468
2449,京元電子        ,3247000,6403000,-3156000,0,0,0,0,0,0,174000,132000,308000,-176000,732000,382000,350000,-2982000
1605,華新            ,8571000,7119000,1452000,0,0,0,0,0,0,-4662000,80000,2837000,-2757000,45000,1950000,-1905000,-3210000
067639,奇力新統一01購06,0,0,0,0,0,0,0,0,0,-3243000,0,0,0,251000,3494000,-3243000,-3243000
6005,群益證          ,1669000,5052000,-3383000,0,0,0,2000,0,2000,0,0,0,0,0,0,0,-3381000
00633L,富邦上証正2     ,243000,3684000,-3441000,0,0,0,0,0,0,-110000,0,0,0,3812000,3922000,-110000,-3551000
2317,鴻海            ,10944989,14677127,-3732138,0,0,0,43000,0,43000,-211000,0,214000,-214000,152000,149000,3000,-3900138
6278,台表科          ,772000,3023000,-2251000,0,0,0,46000,1420000,-1374000,-311000,63000,42000,21000,16000,348000,-332000,-3936000
2834,臺企銀          ,1716286,6049113,-4332827,0,0,0,6000,0,6000,-2000,4000,74000,-70000,70000,2000,68000,-4328827
068841,華通統一02購01  ,0,0,0,0,0,0,0,0,0,-4386000,0,0,0,100000,4486000,-4386000,-4386000
2884,玉山金          ,5653236,11159530,-5506294,0,0,0,51000,0,51000,-65000,20000,85000,-65000,0,0,0,-5520294
3231,緯創            ,4434786,10702881,-6268095,0,0,0,1363000,0,1363000,-924000,106000,47000,59000,148000,1131000,-983000,-5829095
00715L,街口布蘭特油正2 ,1307000,1512000,-205000,0,0,0,0,0,0,-5682000,0,0,0,0,5682000,-5682000,-5887000
2891,中信金          ,2817142,11082966,-8265824,0,0,0,2023000,286615,1736385,-133000,0,133000,-133000,0,0,0,-6662439
3711,日月光投控      ,3283006,10575421,-7292415,0,0,0,766000,220000,546000,12000,133000,172000,-39000,107000,56000,51000,-6734415
1102,亞泥            ,1488889,7975721,-6486832,0,0,0,9000,0,9000,-310000,20000,0,20000,64000,394000,-330000,-6787832
2610,華航            ,595059,3815586,-3220527,0,0,0,0,3964000,-3964000,17000,0,0,0,20000,3000,17000,-7167527
2409,友達            ,16811525,26260386,-9448861,0,0,0,14000,300000,-286000,-258000,88000,111000,-23000,1137000,1372000,-235000,-9992861
2371,大同            ,2095000,12923000,-10828000,0,0,0,0,19000,-19000,296000,386000,90000,296000,0,0,0,-10551000
2408,南亞科          ,1385500,14190618,-12805118,0,0,0,815000,1465,813535,-73000,43000,67000,-24000,13000,62000,-49000,-12064583
00632R,元大台灣50反1   ,67056000,586000,66470000,0,0,0,0,0,0,-78651000,237000,329000,-92000,7622000,86181000,-78559000,-12181000
00637L,元大滬深300正2  ,7876000,21934000,-14058000,0,0,0,0,0,0,-13294000,0,0,0,19518000,32812000,-13294000,-27352000
00677U,富邦VIX         ,7599000,15119000,-7520000,0,0,0,0,0,0,-26085000,0,10000,-10000,644000,26719000,-26075000,-33605000
3481,群創            ,44955359,90112972,-45157613,0,0,0,0,3600000,-3600000,-1145000,608000,274000,334000,1942000,3421000,-1479000,-49902613
