證券代號,證券名稱,外陸資買進股數(不含外資自營商),外陸資賣出股數(不含外資自營商),外陸資買賣超股數(不含外資自營商),外資自營商買進股數,外資自營商賣出股數,外資自營商買賣超股數,投信買進股數,投信賣出股數,投信買賣超股數,自營商買賣超股數,自營商買進股數(自行買賣),自營商賣出股數(自行買賣),自營商買賣超股數(自行買賣),自營商買進股數(避險),自營商賣出股數(避險),自營商買賣超股數(避險),三大法人買賣超股數
2409,友達            ,36336486,2506000,33830486,0,0,0,266000,82000,184000,1397000,1508000,625000,883000,1295000,781000,514000,35411486
3481,群創            ,86624485,79338000,7286485,0,0,0,3101000,80000,3021000,13994000,12408000,3496000,8912000,9059000,3977000,5082000,24301485
00673R,元大S&P原油反1  ,294000,400000,-106000,0,0,0,0,0,0,19901000,400000,0,400000,21464000,1963000,19501000,19795000
00637L,元大滬深300正2  ,7987000,1414000,6573000,0,0,0,0,0,0,12487000,0,0,0,22572000,10085000,12487000,19060000
2886,兆豐金          ,18498644,2665000,15833644,0,0,0,893000,6000,887000,62000,120000,1000,119000,106000,163000,-57000,16782644
6116,彩晶            ,15983000,5885000,10098000,0,0,0,0,0,0,5938000,345000,12000,333000,5772000,167000,5605000,16036000
2888,新光金          ,13488830,1887076,11601754,0,0,0,0,0,0,459000,61000,0,61000,615000,217000,398000,12060754
2890,永豐金          ,9253551,3645000,5608551,0,0,0,880000,13000,867000,2980000,2996000,0,2996000,18000,34000,-16000,9455551
00677U,富邦VIX         ,8348000,330000,8018000,0,0,0,0,0,0,790000,1000000,100000,900000,809000,919000,-110000,8808000
2882,國泰金          ,12621189,5097151,7524038,0,0,0,712000,198000,514000,342000,150000,0,150000,216000,24000,192000,8380038
2884,玉山金          ,10258659,4154000,6104659,0,0,0,936000,0,936000,589000,251000,0,251000,458000,120000,338000,7629659
2337,旺宏            ,10966000,2685390,8280610,0,0,0,0,284000,-284000,-456000,678000,1159000,-481000,242000,217000,25000,7540610
00861,元大全球未來通訊,973000,10000,963000,0,0,0,0,0,0,6480000,150000,0,150000,6876000,546000,6330000,7443000
2885,元大金          ,8729955,2912000,5817955,0,0,0,923000,428000,495000,388344,401000,0,401000,0,12656,-12656,6701299
2834,臺企銀          ,7314437,1545728,5768709,0,0,0,436000,0,436000,115000,0,31000,-31000,146000,0,146000,6319709
2883,開發金          ,7802224,3229000,4573224,0,0,0,1157000,0,1157000,-4000,0,0,0,4000,8000,-4000,5726224
2344,華邦電          ,6424142,1146000,5278142,0,0,0,0,178000,-178000,524000,469000,20000,449000,354000,279000,75000,5624142
2330,台積電          ,21788114,16096400,5691714,0,0,0,184000,420000,-236000,140000,509000,276000,233000,164000,257000,-93000,5595714
2448,晶電            ,6365000,1160000,5205000,0,0,0,413000,9000,404000,-50000,294000,344000,-50000,0,0,0,5559000
2317,鴻海            ,15353987,9224600,6129387,0,0,0,344000,0,344000,-1110000,31000,282000,-251000,94000,953000,-859000,5363387
3037,欣興            ,5214000,2303000,2911000,0,0,0,1121000,71000,1050000,1390000,1337000,184000,1153000,1073000,836000,237000,5351000
6251,定穎            ,4621000,512000,4109000,0,0,0,609000,374000,235000,910000,910000,0,910000,0,0,0,5254000
2367,燿華            ,4250000,348000,3902000,0,0,0,0,0,0,1112000,2000,0,2000,1136000,26000,1110000,5014000
051133,台積電永豐95購02,0,0,0,0,0,0,0,0,0,4974000,0,0,0,5371000,397000,4974000,4974000
1101,台泥            ,12516149,7743221,4772928,0,0,0,395000,0,395000,-460000,208000,405000,-197000,182000,445000,-263000,4707928
2891,中信金          ,11208402,8175919,3032483,0,0,0,1588000,21000,1567000,-133000,1000,134000,-133000,0,0,0,4466483
4938,和碩            ,7183613,3032000,4151613,0,0,0,0,27000,-27000,340000,7000,7000,0,363000,23000,340000,4464613
2880,華南金          ,4908341,1273000,3635341,0,0,0,758000,10000,748000,-9000,1000,10000,-9000,0,0,0,4374341
2823,中壽            ,6237449,2228580,4008869,0,0,0,0,0,0,119000,0,0,0,140000,21000,119000,4127869
5880,合庫金          ,4138593,1069000,3069593,0,0,0,774000,0,774000,1000,1000,0,1000,0,0,0,3844593
6282,康舒            ,3382000,472000,2910000,0,0,0,0,0,0,693000,52000,32000,20000,729000,56000,673000,3603000
3049,和鑫            ,3347000,549000,2798000,0,0,0,0,0,0,550000,18000,0,18000,639000,107000,532000,3348000
052314,鴻海元大96購11  ,0,0,0,0,0,0,0,0,0,3298000,0,0,0,3574000,276000,3298000,3298000
2892,第一金          ,4120426,1686000,2434426,0,0,0,839000,0,839000,0,0,0,0,0,0,0,3273426
053564,台積電富邦99購01,0,0,0,0,0,0,0,0,0,3220000,0,0,0,3558000,338000,3220000,3220000
3711,日月光投控      ,6019766,2361000,3658766,0,0,0,0,393000,-393000,-153000,2000,130000,-128000,25000,50000,-25000,3112766
052150,台積電富邦95購07,62000,0,62000,0,0,0,0,0,0,2958000,0,0,0,3777000,819000,2958000,3020000
5876,上海商銀        ,3834647,1187654,2646993,0,0,0,0,0,0,126000,20000,0,20000,215000,109000,106000,2772993
05400P,台積電永豐95售05,20000,0,20000,0,0,0,0,0,0,2740000,0,0,0,3056000,316000,2740000,2760000
6213,聯茂            ,1264000,1378400,-114400,0,0,0,1525000,0,1525000,1328000,842000,63000,779000,561000,12000,549000,2738600
2887,台新金          ,3150016,1361000,1789016,0,0,0,841000,0,841000,0,0,0,0,0,0,0,2630016
2408,南亞科          ,5344696,6378000,-1033304,0,0,0,2452000,10000,2442000,1076000,634000,186000,448000,779000,151000,628000,2484696
2371,大同            ,3045000,526000,2519000,0,0,0,0,20000,-20000,-21000,7000,28000,-21000,0,0,0,2478000
3034,聯詠            ,5490182,2765980,2724202,0,0,0,4000,282000,-278000,-53000,98000,214000,-116000,102000,39000,63000,2393202
2002,中鋼            ,4906168,3511000,1395168,0,0,0,1020000,0,1020000,-29000,2000,30000,-28000,0,1000,-1000,2386168
020012,富邦行動通訊N   ,0,0,0,0,0,0,0,0,0,2345000,0,0,0,3002000,657000,2345000,2345000
3413,京鼎            ,2209000,513000,1696000,0,0,0,89000,0,89000,544000,146000,27000,119000,503000,78000,425000,2329000
00636,國泰中國A50     ,39000,138000,-99000,0,0,0,0,0,0,2417000,0,130000,-130000,3399000,852000,2547000,2318000
2881,富邦金          ,7220660,5233000,1987660,0,0,0,621000,21000,600000,-349000,21000,335000,-314000,81000,116000,-35000,2238660
1303,南亞            ,3285551,1518000,1767551,0,0,0,455000,0,455000,-32000,2000,45000,-43000,17000,6000,11000,2190551
3661,世芯-KY         ,2702000,906000,1796000,0,0,0,233000,24000,209000,182000,157000,27000,130000,164000,112000,52000,2187000
2360,致茂            ,2469000,750000,1719000,0,0,0,359000,2000,357000,54000,90000,104000,-14000,89000,21000,68000,2130000
2329,華泰            ,1426000,61000,1365000,0,0,0,0,0,0,660000,0,0,0,715000,55000,660000,2025000
052103,台積電兆豐95購06,0,0,0,0,0,0,0,0,0,2013000,0,0,0,2013000,0,2013000,2013000
2474,可成            ,2788627,1013000,1775627,0,0,0,8000,0,8000,206000,14000,12000,2000,275000,71000,204000,1989627
2324,仁寶            ,5002886,3354000,1648886,0,0,0,337000,38000,299000,-5000,0,2000,-2000,0,3000,-3000,1942886
00633L,富邦上証正2     ,531000,1084000,-553000,0,0,0,0,0,0,2492000,65000,500000,-435000,4128000,1201000,2927000,1939000
00655L,國泰中國A50正2  ,5000,0,5000,0,0,0,0,0,0,1927000,0,0,0,2838000,911000,1927000,1932000
2603,長榮            ,1856064,813000,1043064,0,0,0,700000,0,700000,153000,339000,186000,153000,0,0,0,1896064
06069P,台積電永豐97售01,0,0,0,0,0,0,0,0,0,1870000,0,0,0,2016000,146000,1870000,1870000
2393,億光            ,1750000,138000,1612000,0,0,0,0,0,0,238000,0,98000,-98000,337000,1000,336000,1850000
1514,亞力            ,1843000,68000,1775000,0,0,0,0,4000,-4000,0,0,0,0,0,0,0,1771000
3706,神達            ,1853000,46000,1807000,0,0,0,0,11000,-11000,-32000,16000,0,16000,87000,135000,-48000,1764000
3376,新日興          ,1072000,668000,404000,0,0,0,1356000,113000,1243000,-35000,193000,277000,-84000,374000,325000,49000,1612000
049763,美食國泰96購01  ,0,0,0,0,0,0,0,0,0,1608000,0,0,0,1658000,50000,1608000,1608000
049904,矽力元富94購01  ,0,0,0,0,0,0,0,0,0,1601000,0,0,0,1613000,12000,1601000,1601000
045887,台光電元大92購07,0,0,0,0,0,0,0,0,0,1510000,0,0,0,1550000,40000,1510000,1510000
047688,亞德客富邦95購01,0,0,0,0,0,0,0,0,0,1505000,0,0,0,1737000,232000,1505000,1505000
3035,智原            ,1256000,244000,1012000,0,0,0,441000,0,441000,49000,158000,73000,85000,99000,135000,-36000,1502000
05033P,T50反1元大98售01,0,0,0,0,0,0,0,0,0,1497000,0,0,0,1497000,0,1497000,1497000
2504,國產            ,1358000,286000,1072000,0,0,0,0,0,0,400000,400000,0,400000,0,0,0,1472000
2801,彰銀            ,2055261,1077000,978261,0,0,0,506000,0,506000,-20000,0,0,0,0,20000,-20000,1464261
2332,友訊            ,1852000,445000,1407000,0,0,0,0,0,0,38000,72000,0,72000,139000,173000,-34000,1445000
03647C,T50反1元富99牛02,0,0,0,0,0,0,0,0,0,1440000,0,0,0,1440000,0,1440000,1440000
2383,台光電          ,954000,385000,569000,0,0,0,580000,1000,579000,276000,254000,126000,128000,170000,22000,148000,1424000
2385,群光            ,2725259,1462000,1263259,0,0,0,26000,6000,20000,131000,28000,0,28000,103000,0,103000,1414259
051750,華通富邦96購01  ,0,0,0,0,0,0,0,0,0,1408000,0,0,0,1448000,40000,1408000,1408000
4935,茂林-KY         ,1151000,477000,674000,0,0,0,486000,0,486000,247000,353000,159000,194000,201000,148000,53000,1407000
050586,康友國票94購01  ,0,0,0,0,0,0,0,0,0,1393000,0,0,0,1393000,0,1393000,1393000
8046,南電            ,1423000,1812000,-389000,0,0,0,887000,0,887000,890000,355000,72000,283000,1072000,465000,607000,1388000
2355,敬鵬            ,1372000,174000,1198000,0,0,0,0,0,0,156000,10000,0,10000,146000,0,146000,1354000
2049,上銀            ,3149440,1416204,1733236,0,0,0,60000,0,60000,-448000,60000,142000,-82000,56000,422000,-366000,1345236
052319,可成元大95購12  ,0,0,0,0,0,0,0,0,0,1335000,0,0,0,1748000,413000,1335000,1335000
04500P,燿華統一94售01  ,0,0,0,0,0,0,0,0,0,1301000,0,0,0,1306000,5000,1301000,1301000
2498,宏達電          ,1227000,297000,930000,0,0,0,0,7000,-7000,378000,18000,6000,12000,420000,54000,366000,1301000
2633,台灣高鐵        ,1814118,783000,1031118,0,0,0,0,0,0,242000,177000,0,177000,170000,105000,65000,1273118
2449,京元電子        ,3094000,1908000,1186000,0,0,0,0,10000,-10000,82000,83000,2000,81000,69000,68000,1000,1258000
052124,京鼎國票95購01  ,0,0,0,0,0,0,0,0,0,1224000,0,0,0,1230000,6000,1224000,1224000
6278,台表科          ,2010000,1230000,780000,0,0,0,50000,0,50000,366000,266000,2000,264000,120000,18000,102000,1196000
00639,富邦深100       ,741000,0,741000,0,0,0,0,0,0,443000,0,0,0,1765000,1322000,443000,1184000
051107,鴻海統一95購05  ,0,0,0,0,0,0,0,0,0,1161000,0,0,0,1161000,0,1161000,1161000
2610,華航            ,2348000,1246000,1102000,0,0,0,0,0,0,43000,43000,0,43000,0,0,0,1145000
1229,聯華            ,1156000,38000,1118000,0,0,0,0,0,0,11000,11000,0,11000,0,0,0,1129000
052225,台積電凱基96購03,0,0,0,0,0,0,0,0,0,1123000,0,0,0,1192000,69000,1123000,1123000
00739,元大MSCI A股    ,224000,0,224000,0,0,0,0,0,0,889000,0,0,0,1247000,358000,889000,1113000
5469,瀚宇博          ,1439000,875000,564000,0,0,0,0,0,0,548000,21000,0,21000,530000,3000,527000,1112000
046449,台達電凱基92購02,0,0,0,0,0,0,0,0,0,1101000,0,0,0,1101000,0,1101000,1101000
051773,元大金中信95購02,0,0,0,0,0,0,0,0,0,1101000,0,0,0,1102000,1000,1101000,1101000
052591,康友永豐97購01  ,0,0,0,0,0,0,0,0,0,1094000,0,0,0,1656000,562000,1094000,1094000
05722P,玉晶光國票97售03,0,0,0,0,0,0,0,0,0,1094000,0,0,0,1803000,709000,1094000,1094000
2353,宏碁            ,5520349,4443000,1077349,0,0,0,0,27000,-27000,22000,22000,4000,18000,59000,55000,4000,1072349
04995P,台達電凱基96售03,0,0,0,0,0,0,0,0,0,1025000,0,0,0,1087000,62000,1025000,1025000
04062P,可成兆豐93售04  ,0,0,0,0,0,0,0,0,0,1005000,0,0,0,1010000,5000,1005000,1005000
2889,國票金          ,1113000,111000,1002000,0,0,0,0,0,0,0,0,0,0,0,0,0,1002000
051903,T50反1元大97購02,0,0,0,0,0,0,0,0,0,1000000,0,0,0,1000000,0,1000000,1000000
00708L,元大S&P黃金正2  ,53000,0,53000,0,0,0,0,0,0,945000,0,160000,-160000,2583000,1478000,1105000,998000
044993,友達國泰93購01  ,0,0,0,0,0,0,0,0,0,998000,0,0,0,998000,0,998000,998000
3019,亞光            ,1437000,310000,1127000,0,0,0,0,45000,-45000,-89000,75000,123000,-48000,31000,72000,-41000,993000
2027,大成鋼          ,563000,548000,15000,0,0,0,0,0,0,978000,17000,5000,12000,1254000,288000,966000,993000
6153,嘉聯益          ,1953000,1080000,873000,0,0,0,0,0,0,114000,72000,82000,-10000,329000,205000,124000,987000
6451,訊芯-KY         ,394000,423000,-29000,0,0,0,569000,0,569000,441000,32000,28000,4000,589000,152000,437000,981000
2303,聯電            ,14248082,12702000,1546082,0,0,0,0,102000,-102000,-464000,210000,358000,-148000,0,316000,-316000,980082
048470,神基永豐93購01  ,0,0,0,0,0,0,0,0,0,980000,0,0,0,980000,0,980000,980000
9939,宏全            ,1044000,67000,977000,0,0,0,0,0,0,-1000,71000,10000,61000,0,62000,-62000,976000
2105,正新            ,1162314,224000,938314,0,0,0,0,0,0,-2000,2000,4000,-2000,0,0,0,936314
04496P,國巨國泰96售02  ,0,0,0,0,0,0,0,0,0,926000,0,0,0,1091000,165000,926000,926000
00643,群益深証中小    ,819000,156000,663000,0,0,0,0,0,0,256000,0,0,0,709000,453000,256000,919000
2812,台中銀          ,1035000,344944,690056,0,0,0,212000,0,212000,1000,0,0,0,1000,0,1000,903056
8210,勤誠            ,862000,123000,739000,0,0,0,26000,0,26000,125000,35000,20000,15000,140000,30000,110000,890000
05049P,矽創永豐95售01  ,0,0,0,0,0,0,0,0,0,888000,0,0,0,888000,0,888000,888000
043652,微星國泰93購01  ,0,0,0,0,0,0,0,0,0,886000,0,0,0,1027000,141000,886000,886000
1609,大亞            ,923000,193000,730000,0,0,0,0,0,0,155000,155000,0,155000,0,0,0,885000
045014,和鑫元大93購02  ,0,0,0,0,0,0,0,0,0,880000,0,0,0,880000,0,880000,880000
4927,泰鼎-KY         ,590000,219000,371000,0,0,0,0,0,0,498000,191000,24000,167000,332000,1000,331000,869000
2031,新光鋼          ,1226000,294000,932000,0,0,0,0,0,0,-67000,44000,156000,-112000,45000,0,45000,865000
045937,臻鼎群益93購02  ,0,0,0,0,0,0,0,0,0,854000,0,0,0,924000,70000,854000,854000
052532,台積電國泰96購07,0,0,0,0,0,0,0,0,0,852000,0,0,0,917000,65000,852000,852000
046336,致新元大92購02  ,0,0,0,0,0,0,0,0,0,816000,0,0,0,919000,103000,816000,816000
03958P,嘉聯益統一93售01,0,0,0,0,0,0,0,0,0,814000,0,0,0,824000,10000,814000,814000
048268,長榮航中信95購01,0,0,0,0,0,0,0,0,0,806000,0,0,0,966000,160000,806000,806000
05563P,台積電元大97售07,0,0,0,0,0,0,0,0,0,798000,0,0,0,960000,162000,798000,798000
2388,威盛            ,865000,73000,792000,0,0,0,0,0,0,0,0,0,0,0,0,0,792000
047972,康控富邦95購01  ,0,0,0,0,0,0,0,0,0,784000,0,0,0,1410000,626000,784000,784000
05149P,緯穎國泰96售01  ,0,0,0,0,0,0,0,0,0,776000,0,0,0,783000,7000,776000,776000
046428,矽力元大92購02  ,0,0,0,0,0,0,0,0,0,762000,0,0,0,813000,51000,762000,762000
4977,眾達-KY         ,776000,571000,205000,0,0,0,550000,0,550000,4000,17000,7000,10000,2000,8000,-6000,759000
0050,元大台灣50      ,1653000,1990000,-337000,0,0,0,20000,30000,-10000,1103000,1380000,196000,1184000,449000,530000,-81000,756000
048940,晶相光永豐94購01,0,0,0,0,0,0,0,0,0,751000,0,0,0,947000,196000,751000,751000
051703,台積電群益95購04,0,0,0,0,0,0,0,0,0,751000,0,0,0,813000,62000,751000,751000
3443,創意            ,1010000,273000,737000,0,0,0,61000,0,61000,-53000,35000,20000,15000,8000,76000,-68000,745000
05479P,華新科台新96售01,0,0,0,0,0,0,0,0,0,738000,0,0,0,879000,141000,738000,738000
6257,矽格            ,689000,100704,588296,0,0,0,25000,0,25000,118000,80000,0,80000,46000,8000,38000,731296
051953,矽力元富95購03  ,0,0,0,0,0,0,0,0,0,721000,0,0,0,1749000,1028000,721000,721000
05077P,智易群益95售02  ,0,0,0,0,0,0,0,0,0,720000,0,0,0,741000,21000,720000,720000
04787P,台積電永昌96售04,0,0,0,0,0,0,0,0,0,719000,0,0,0,3747000,3028000,719000,719000
054626,建準凱基98購01  ,0,0,0,0,0,0,0,0,0,714000,0,0,0,714000,0,714000,714000
00631L,元大台灣50正2   ,26000,0,26000,0,0,0,0,0,0,682000,0,88000,-88000,969000,199000,770000,708000
051178,大立光凱基95購10,0,0,0,0,0,0,0,0,0,703000,0,0,0,892000,189000,703000,703000
050603,致新國泰96購01  ,0,0,0,0,0,0,0,0,0,700000,0,0,0,958000,258000,700000,700000
048014,貿聯國票93購03  ,0,0,0,0,0,0,0,0,0,697000,0,0,0,702000,5000,697000,697000
3045,台灣大          ,2149923,1499000,650923,0,0,0,0,0,0,44000,44000,0,44000,0,0,0,694923
05980P,台積電永昌96售09,0,0,0,0,0,0,0,0,0,693000,0,0,0,4452000,3759000,693000,693000
051585,美食元大95購01  ,0,0,0,0,0,0,0,0,0,683000,0,0,0,715000,32000,683000,683000
2377,微星            ,1290066,465000,825066,0,0,0,100000,6000,94000,-239000,104000,60000,44000,6000,289000,-283000,680066
051280,台積電兆豐95購04,0,0,0,0,0,0,0,0,0,679000,0,0,0,794000,115000,679000,679000
050046,矽力兆豐94購01  ,0,0,0,0,0,0,0,0,0,678000,0,0,0,690000,12000,678000,678000
049824,鴻海凱基94購18  ,0,0,0,0,0,0,0,0,0,674000,0,0,0,732000,58000,674000,674000
045580,冠德元大92購02  ,0,0,0,0,0,0,0,0,0,664000,0,0,0,664000,0,664000,664000
04871P,力成元富94售02  ,0,0,0,0,0,0,0,0,0,662000,0,0,0,672000,10000,662000,662000
04452P,超眾國泰95售01  ,0,0,0,0,0,0,0,0,0,650000,0,0,0,880000,230000,650000,650000
03267P,台灣50元大02售06,0,0,0,0,0,0,0,0,0,650000,0,0,0,720000,70000,650000,650000
049636,上証反凱基9A購01,0,0,0,0,0,0,0,0,0,640000,0,0,0,650000,10000,640000,640000
052807,貿聯元大98購01  ,0,0,0,0,0,0,0,0,0,638000,0,0,0,851000,213000,638000,638000
048931,晶華永豐94購01  ,0,0,0,0,0,0,0,0,0,635000,0,0,0,846000,211000,635000,635000
049462,康友元富94購01  ,0,0,0,0,0,0,0,0,0,632000,0,0,0,634000,2000,632000,632000
048807,崇越中信94購01  ,0,0,0,0,0,0,0,0,0,628000,0,0,0,828000,200000,628000,628000
047750,開發金元富93購01,0,0,0,0,0,0,0,0,0,625000,0,0,0,780000,155000,625000,625000
050093,國巨永豐94購05  ,0,0,0,0,0,0,0,0,0,624000,0,0,0,647000,23000,624000,624000
055133,致新康和97購01  ,0,0,0,0,0,0,0,0,0,623000,0,0,0,642000,19000,623000,623000
047650,矽力元大93購01  ,0,0,0,0,0,0,0,0,0,623000,0,0,0,623000,0,623000,623000
053417,上銀永豐96購02  ,0,0,0,0,0,0,0,0,0,610000,0,0,0,710000,100000,610000,610000
050499,台達電凱基94購11,0,0,0,0,0,0,0,0,0,610000,0,0,0,673000,63000,610000,610000
046134,致新國泰93購02  ,0,0,0,0,0,0,0,0,0,607000,0,0,0,864000,257000,607000,607000
3653,健策            ,648000,248000,400000,0,0,0,0,60000,-60000,266000,72000,16000,56000,257000,47000,210000,606000
051530,鴻海國票97購01  ,0,0,0,0,0,0,0,0,0,603000,0,0,0,691000,88000,603000,603000
047692,T50反1國票94購01,0,0,0,0,0,0,0,0,0,602000,0,0,0,602000,0,602000,602000
047824,臺股指凱基93購18,0,0,0,0,0,0,0,0,0,602000,0,0,0,689000,87000,602000,602000
044616,柏文兆豐92購01  ,0,0,0,0,0,0,0,0,0,598000,0,0,0,598000,0,598000,598000
047185,益航元大94購02  ,0,0,0,0,0,0,0,0,0,597000,0,0,0,597000,0,597000,597000
2855,統一證          ,596000,0,596000,0,0,0,0,0,0,0,0,0,0,0,0,0,596000
050150,國巨群益95購01  ,0,0,0,0,0,0,0,0,0,589000,0,0,0,599000,10000,589000,589000
053186,健策中信9C購01  ,0,0,0,0,0,0,0,0,0,588000,0,0,0,625000,37000,588000,588000
00692,富邦公司治理    ,0,2000,-2000,0,0,0,0,0,0,590000,0,0,0,1780000,1190000,590000,588000
051106,華通統一95購02  ,0,0,0,0,0,0,0,0,0,586000,0,0,0,703000,117000,586000,586000
049889,欣興國泰96購01  ,0,0,0,0,0,0,0,0,0,583000,0,0,0,783000,200000,583000,583000
06092P,嘉聯益統一97售01,0,0,0,0,0,0,0,0,0,582000,0,0,0,582000,0,582000,582000
2316,楠梓電          ,638000,303000,335000,0,0,0,0,0,0,245000,0,1000,-1000,283000,37000,246000,580000
045075,長榮航元大92購01,1000,0,1000,0,0,0,0,0,0,576000,0,0,0,577000,1000,576000,577000
045893,貿聯元大92購04  ,0,0,0,0,0,0,0,0,0,575000,0,0,0,675000,100000,575000,575000
05380P,鴻海群益95售11  ,0,0,0,0,0,0,0,0,0,573000,0,0,0,577000,4000,573000,573000
03511P,臺股指群益02售16,0,0,0,0,0,0,0,0,0,567000,0,0,0,567000,0,567000,567000
051840,康友國泰97購02  ,0,0,0,0,0,0,0,0,0,567000,0,0,0,730000,163000,567000,567000
049798,台積電元大94購18,0,0,0,0,0,0,0,0,0,565000,0,0,0,672000,107000,565000,565000
04594P,緯穎元大94售04  ,0,0,0,0,0,0,0,0,0,564000,0,0,0,694000,130000,564000,564000
05080P,亞光永豐95售02  ,0,0,0,0,0,0,0,0,0,564000,0,0,0,568000,4000,564000,564000
04082P,智邦統一93售03  ,0,0,0,0,0,0,0,0,0,562000,0,0,0,607000,45000,562000,562000
06155P,智邦統一97售02  ,0,0,0,0,0,0,0,0,0,562000,0,0,0,562000,0,562000,562000
045996,南電富邦94購01  ,0,0,0,0,0,0,0,0,0,560000,0,0,0,593000,33000,560000,560000
05235P,健鼎康和95售02  ,0,0,0,0,0,0,0,0,0,560000,0,0,0,611000,51000,560000,560000
049744,亞德客永豐94購01,0,0,0,0,0,0,0,0,0,559000,0,0,0,717000,158000,559000,559000
04557P,茂林群益94售03  ,0,0,0,0,0,0,0,0,0,555000,0,0,0,785000,230000,555000,555000
042803,天鈺元大93購01  ,0,0,0,0,0,0,0,0,0,554000,0,0,0,554000,0,554000,554000
052995,上銀康和96購01  ,0,0,0,0,0,0,0,0,0,552000,0,0,0,600000,48000,552000,552000
3702,大聯大          ,789671,337000,452671,0,0,0,0,13000,-13000,112000,0,0,0,112000,0,112000,551671
8016,矽創            ,1251000,853243,397757,0,0,0,0,100000,-100000,253000,18000,1000,17000,250000,14000,236000,550757
045558,冠德國票92購01  ,0,0,0,0,0,0,0,0,0,550000,0,0,0,550000,0,550000,550000
045131,瑞昱統一92購02  ,0,0,0,0,0,0,0,0,0,546000,0,0,0,632000,86000,546000,546000
051063,台郡群益95購01  ,0,0,0,0,0,0,0,0,0,544000,0,0,0,929000,385000,544000,544000
047028,新日興元大93購02,0,0,0,0,0,0,0,0,0,543000,0,0,0,761000,218000,543000,543000
047400,欣興永豐93購03  ,0,0,0,0,0,0,0,0,0,540000,0,0,0,550000,10000,540000,540000
05438P,康控永豐95售05  ,0,0,0,0,0,0,0,0,0,539000,0,0,0,539000,0,539000,539000
2838,聯邦銀          ,796000,257719,538281,0,0,0,0,0,0,0,0,0,0,0,0,0,538281
054895,南電統一97購01  ,0,0,0,0,0,0,0,0,0,538000,0,0,0,538000,0,538000,538000
08679P,台灣50元大01售15,0,0,0,0,0,0,0,0,0,536000,0,0,0,536000,0,536000,536000
048334,A50正2元大96購01,0,0,0,0,0,0,0,0,0,535000,0,0,0,550000,15000,535000,535000
043655,微星富邦93購01  ,0,0,0,0,0,0,0,0,0,532000,0,0,0,551000,19000,532000,532000
03818P,智易永豐93售01  ,0,0,0,0,0,0,0,0,0,530000,0,0,0,540000,10000,530000,530000
050467,力成中信94購01  ,0,0,0,0,0,0,0,0,0,530000,0,0,0,570000,40000,530000,530000
8110,華東            ,573000,29000,544000,0,0,0,0,0,0,-14000,0,14000,-14000,0,0,0,530000
006205,富邦上証        ,40000,0,40000,0,0,0,0,0,0,489000,20000,0,20000,1347000,878000,469000,529000
049523,微星兆豐94購02  ,0,0,0,0,0,0,0,0,0,528000,0,0,0,531000,3000,528000,528000
051367,可成富邦97購01  ,0,0,0,0,0,0,0,0,0,528000,0,0,0,554000,26000,528000,528000
052816,上銀永豐96購01  ,0,0,0,0,0,0,0,0,0,520000,0,0,0,654000,134000,520000,520000
048598,瑞昱國票93購03  ,0,0,0,0,0,0,0,0,0,519000,0,0,0,573000,54000,519000,519000
053628,微星兆豐96購01  ,0,0,0,0,0,0,0,0,0,514000,0,0,0,523000,9000,514000,514000
054885,建準統一98購01  ,0,0,0,0,0,0,0,0,0,513000,0,0,0,523000,10000,513000,513000
051250,大立光元大98購01,0,0,0,0,0,0,0,0,0,511000,0,0,0,612000,101000,511000,511000
05518P,T50反1凱基98售03,0,0,0,0,0,0,0,0,0,510000,0,0,0,2010000,1500000,510000,510000
052498,台積電永豐95購06,0,0,0,0,0,0,0,0,0,510000,0,0,0,830000,320000,510000,510000
2905,三商            ,551000,44000,507000,0,0,0,0,0,0,0,0,0,0,0,0,0,507000
2458,義隆            ,925000,479000,446000,0,0,0,0,0,0,60000,21000,2000,19000,49000,8000,41000,506000
00669R,國泰美國道瓊反1 ,0,0,0,0,0,0,0,0,0,502000,45000,0,45000,540000,83000,457000,502000
04446P,元油2X凱基94售03,0,0,0,0,0,0,0,0,0,502000,0,0,0,530000,28000,502000,502000
05060P,台達電富邦97售02,0,0,0,0,0,0,0,0,0,502000,0,0,0,612000,110000,502000,502000
039951,鴻海群益91購01  ,0,0,0,0,0,0,0,0,0,500000,0,0,0,500000,0,500000,500000
05406P,台光電凱基95售02,0,0,0,0,0,0,0,0,0,499000,0,0,0,499000,0,499000,499000
040199,宏達電群益92購01,0,0,0,0,0,0,0,0,0,499000,0,0,0,499000,0,499000,499000
03152P,聯發科群益01售15,0,0,0,0,0,0,0,0,0,499000,0,0,0,499000,0,499000,499000
03419P,玉晶光群益03售04,0,0,0,0,0,0,0,0,0,499000,0,0,0,499000,0,499000,499000
04341P,美律永豐93售03  ,0,0,0,0,0,0,0,0,0,499000,0,0,0,499000,0,499000,499000
04258P,健策國票94售01  ,0,0,0,0,0,0,0,0,0,499000,0,0,0,499000,0,499000,499000
044730,上銀國票91購04  ,0,0,0,0,0,0,0,0,0,499000,0,0,0,499000,0,499000,499000
045846,喬山康和92購01  ,0,0,0,0,0,0,0,0,0,499000,0,0,0,499000,0,499000,499000
049818,柏文元大94購01  ,0,0,0,0,0,0,0,0,0,499000,0,0,0,499000,0,499000,499000
04812P,國巨元大95售03  ,0,0,0,0,0,0,0,0,0,498000,0,0,0,498000,0,498000,498000
6456,GIS-KY          ,587000,286000,301000,0,0,0,0,0,0,195000,0,8000,-8000,204000,1000,203000,496000
05031P,台光電元富95售01,0,0,0,0,0,0,0,0,0,495000,0,0,0,495000,0,495000,495000
050759,貿聯元富94購02  ,0,0,0,0,0,0,0,0,0,494000,0,0,0,774000,280000,494000,494000
042796,永冠元大93購01  ,0,0,0,0,0,0,0,0,0,491000,0,0,0,491000,0,491000,491000
03451P,創意元大02售01  ,0,0,0,0,0,0,0,0,0,487000,0,0,0,487000,0,487000,487000
045089,中磊元大94購01  ,0,0,0,0,0,0,0,0,0,485000,0,0,0,485000,0,485000,485000
052190,創意群益95購03  ,0,0,0,0,0,0,0,0,0,484000,0,0,0,550000,66000,484000,484000
047410,上銀元富96購01  ,0,0,0,0,0,0,0,0,0,482000,0,0,0,806000,324000,482000,482000
04411P,智易統一96售01  ,0,0,0,0,0,0,0,0,0,475000,0,0,0,475000,0,475000,475000
047246,華新科群益93購01,0,0,0,0,0,0,0,0,0,474000,0,0,0,524000,50000,474000,474000
052937,國巨兆豐97購01  ,0,0,0,0,0,0,0,0,0,472000,0,0,0,704000,232000,472000,472000
047395,聯茂元大94購01  ,0,0,0,0,0,0,0,0,0,472000,0,0,0,615000,143000,472000,472000
051283,亞德客統一95購01,0,0,0,0,0,0,0,0,0,469000,0,0,0,659000,190000,469000,469000
2104,國際中橡        ,549000,83000,466000,0,0,0,0,0,0,3000,0,0,0,3000,0,3000,469000
051259,鴻海永昌96購03  ,0,0,0,0,0,0,0,0,0,468000,0,0,0,3307000,2839000,468000,468000
05998P,台積電元大97售12,0,0,0,0,0,0,0,0,0,465000,0,0,0,732000,267000,465000,465000
054017,茂林永豐96購02  ,0,0,0,0,0,0,0,0,0,464000,0,0,0,748000,284000,464000,464000
04541P,智易永豐94售03  ,0,0,0,0,0,0,0,0,0,463000,0,0,0,483000,20000,463000,463000
054966,貿聯元大98購02  ,0,0,0,0,0,0,0,0,0,461000,0,0,0,688000,227000,461000,461000
2481,強茂            ,517000,109000,408000,0,0,0,0,0,0,52000,0,0,0,55000,3000,52000,460000
6443,元晶            ,471000,11000,460000,0,0,0,0,0,0,0,0,0,0,0,0,0,460000
8081,致新            ,711000,111000,600000,0,0,0,0,0,0,-141000,10000,0,10000,35000,186000,-151000,459000
05985P,燿華統一96售03  ,0,0,0,0,0,0,0,0,0,458000,0,0,0,481000,23000,458000,458000
051543,鈺齊國票96購01  ,0,0,0,0,0,0,0,0,0,456000,0,0,0,492000,36000,456000,456000
052849,可成統一97購01  ,0,0,0,0,0,0,0,0,0,455000,0,0,0,985000,530000,455000,455000
044095,大立光統一92購01,0,0,0,0,0,0,0,0,0,454000,0,0,0,459000,5000,454000,454000
053996,晶相光群益97購01,0,0,0,0,0,0,0,0,0,453000,0,0,0,568000,115000,453000,453000
050742,新日興永豐94購01,0,0,0,0,0,0,0,0,0,452000,0,0,0,1059000,607000,452000,452000
04191P,儒鴻永豐93售02  ,0,0,0,0,0,0,0,0,0,450000,0,0,0,450000,0,450000,450000
049128,滬深2X元大97購03,0,0,0,0,0,0,0,0,0,450000,0,0,0,450000,0,450000,450000
05244P,台積電元大95售17,0,0,0,0,0,0,0,0,0,450000,0,0,0,700000,250000,450000,450000
06154P,超眾元大98售01  ,0,0,0,0,0,0,0,0,0,449000,0,0,0,466000,17000,449000,449000
051025,晶華統一95購01  ,0,0,0,0,0,0,0,0,0,447000,0,0,0,447000,0,447000,447000
3036,文曄            ,1606000,988000,618000,0,0,0,0,0,0,-172000,0,180000,-180000,12000,4000,8000,446000
050268,智原元大95購03  ,0,0,0,0,0,0,0,0,0,443000,0,0,0,451000,8000,443000,443000
051268,創意富邦97購01  ,0,0,0,0,0,0,0,0,0,442000,0,0,0,595000,153000,442000,442000
3023,信邦            ,582000,235000,347000,0,0,0,30000,0,30000,64000,0,0,0,67000,3000,64000,441000
047054,聯詠國票93購01  ,0,0,0,0,0,0,0,0,0,439000,0,0,0,490000,51000,439000,439000
046933,台泥元富93購01  ,0,0,0,0,0,0,0,0,0,433000,0,0,0,509000,76000,433000,433000
054864,聯發科群益97購02,0,0,0,0,0,0,0,0,0,430000,0,0,0,470000,40000,430000,430000
04604P,華新科國票95售01,0,0,0,0,0,0,0,0,0,430000,0,0,0,500000,70000,430000,430000
048642,聯發科元大94購02,0,0,0,0,0,0,0,0,0,430000,0,0,0,524000,94000,430000,430000
050353,華擎群益95購01  ,0,0,0,0,0,0,0,0,0,430000,0,0,0,435000,5000,430000,430000
5871,中租-KY         ,3168948,2738836,430112,0,0,0,0,7000,-7000,5000,7000,0,7000,0,2000,-2000,428112
052152,創意富邦98購01  ,0,0,0,0,0,0,0,0,0,428000,0,0,0,539000,111000,428000,428000
05122P,鴻海永昌96售06  ,0,0,0,0,0,0,0,0,0,427000,0,0,0,455000,28000,427000,427000
048702,正文國票95購01  ,0,0,0,0,0,0,0,0,0,425000,0,0,0,425000,0,425000,425000
03903P,美律永豐93售01  ,0,0,0,0,0,0,0,0,0,424000,0,0,0,424000,0,424000,424000
054573,漢唐元大98購01  ,0,0,0,0,0,0,0,0,0,423000,0,0,0,735000,312000,423000,423000
046204,致新凱基93購01  ,0,0,0,0,0,0,0,0,0,421000,0,0,0,431000,10000,421000,421000
05005P,台表科統一95售01,0,0,0,0,0,0,0,0,0,421000,0,0,0,604000,183000,421000,421000
044290,群創凱基93購05  ,0,0,0,0,0,0,0,0,0,420000,0,0,0,1231000,811000,420000,420000
044710,中磊元大93購01  ,0,0,0,0,0,0,0,0,0,420000,0,0,0,420000,0,420000,420000
046540,創意群益92購04  ,0,0,0,0,0,0,0,0,0,420000,0,0,0,460000,40000,420000,420000
044693,滬深2X元大94購01,0,0,0,0,0,0,0,0,0,418000,0,0,0,565000,147000,418000,418000
049596,智伸科元大95購01,0,0,0,0,0,0,0,0,0,418000,0,0,0,767000,349000,418000,418000
050381,鴻海兆豐94購01  ,0,0,0,0,0,0,0,0,0,416000,0,0,0,631000,215000,416000,416000
05491P,茂林元大95售04  ,0,0,0,0,0,0,0,0,0,414000,0,0,0,1398000,984000,414000,414000
042942,永冠國票94購01  ,0,0,0,0,0,0,0,0,0,414000,0,0,0,1054000,640000,414000,414000
051050,鴻海群益95購03  ,0,0,0,0,0,0,0,0,0,412000,0,0,0,451000,39000,412000,412000
054841,亞德客兆豐97購01,0,0,0,0,0,0,0,0,0,411000,0,0,0,428000,17000,411000,411000
020000,富邦特選蘋果N   ,0,0,0,0,0,0,0,0,0,411000,0,0,0,548000,137000,411000,411000
05226P,智邦統一95售01  ,0,0,0,0,0,0,0,0,0,411000,0,0,0,474000,63000,411000,411000
03418B,臺股指元大95熊20,0,0,0,0,0,0,0,0,0,409000,0,0,0,483000,74000,409000,409000
051328,力山永豐95購01  ,0,0,0,0,0,0,0,0,0,409000,0,0,0,409000,0,409000,409000
3437,榮創            ,450000,41000,409000,0,0,0,0,0,0,0,0,0,0,0,0,0,409000
06017P,亞光凱基96售04  ,0,0,0,0,0,0,0,0,0,409000,0,0,0,440000,31000,409000,409000
08943P,嘉晶國票03售01  ,0,0,0,0,0,0,0,0,0,408000,0,0,0,408000,0,408000,408000
052979,上銀元大96購02  ,0,0,0,0,0,0,0,0,0,407000,0,0,0,638000,231000,407000,407000
04318P,大成鋼永豐93售02,0,0,0,0,0,0,0,0,0,405000,0,0,0,405000,0,405000,405000
047483,新光金凱基99購04,0,0,0,0,0,0,0,0,0,405000,0,0,0,468000,63000,405000,405000
0061,元大寶滬深      ,93000,0,93000,0,0,0,0,0,0,311000,0,0,0,316000,5000,311000,404000
053904,漢唐凱基97購01  ,0,0,0,0,0,0,0,0,0,403000,0,0,0,405000,2000,403000,403000
053256,上銀富邦98購01  ,0,0,0,0,0,0,0,0,0,402000,0,0,0,660000,258000,402000,402000
051051,鴻海群益95購04  ,0,0,0,0,0,0,0,0,0,402000,0,0,0,452000,50000,402000,402000
052909,上銀統一96購01  ,0,0,0,0,0,0,0,0,0,401000,0,0,0,624000,223000,401000,401000
054681,味全永豐97購01  ,0,0,0,0,0,0,0,0,0,400000,0,0,0,400000,0,400000,400000
049027,智易群益94購02  ,0,0,0,0,0,0,0,0,0,400000,0,0,0,400000,0,400000,400000
048677,智伸科國泰94購01,0,0,0,0,0,0,0,0,0,400000,0,0,0,627000,227000,400000,400000
08405P,聯發科元大9C售11,0,0,0,0,0,0,0,0,0,400000,0,0,0,400000,0,400000,400000
2107,厚生            ,339000,17000,322000,0,0,0,0,0,0,78000,82000,4000,78000,0,0,0,400000
054509,上証反元大99購01,0,0,0,0,0,0,0,0,0,399000,0,0,0,399000,0,399000,399000
050569,英業達中信94購01,0,0,0,0,0,0,0,0,0,399000,0,0,0,409000,10000,399000,399000
044186,宏達電國泰92購01,0,0,0,0,0,0,0,0,0,398000,0,0,0,398000,0,398000,398000
049860,亞德客兆豐94購01,0,0,0,0,0,0,0,0,0,396000,0,0,0,445000,49000,396000,396000
047646,貿聯元大94購01  ,0,0,0,0,0,0,0,0,0,395000,0,0,0,416000,21000,395000,395000
6239,力成            ,1364855,1172000,192855,0,0,0,39000,7000,32000,170000,95000,1000,94000,99000,23000,76000,394855
3338,泰碩            ,377000,145000,232000,0,0,0,0,0,0,162000,151000,32000,119000,61000,18000,43000,394000
043066,上銀兆豐93購02  ,0,0,0,0,0,0,0,0,0,392000,0,0,0,553000,161000,392000,392000
049875,台積電永豐94購04,0,0,0,0,0,0,0,0,0,392000,0,0,0,504000,112000,392000,392000
051293,鴻海元富95購05  ,0,0,0,0,0,0,0,0,0,392000,0,0,0,392000,0,392000,392000
4958,臻鼎-KY         ,742446,501000,241446,0,0,0,4000,4000,0,150000,107000,34000,73000,93000,16000,77000,391446
048962,宏全康和94購01  ,0,0,0,0,0,0,0,0,0,391000,0,0,0,391000,0,391000,391000
047663,亞德客永豐93購03,0,0,0,0,0,0,0,0,0,391000,0,0,0,505000,114000,391000,391000
054762,奇力新國票99購01,0,0,0,0,0,0,0,0,0,390000,0,0,0,390000,0,390000,390000
050284,台泥凱基94購01  ,0,0,0,0,0,0,0,0,0,390000,0,0,0,400000,10000,390000,390000
052131,台積電凱基96購01,0,0,0,0,0,0,0,0,0,390000,0,0,0,511000,121000,390000,390000
05245P,台積電元大95售18,0,0,0,0,0,0,0,0,0,390000,0,0,0,682000,292000,390000,390000
3576,聯合再生        ,1505000,712000,793000,0,0,0,0,0,0,-403000,0,403000,-403000,0,0,0,390000
051597,T50反1中信99購02,0,0,0,0,0,0,0,0,0,387000,0,0,0,1300000,913000,387000,387000
3605,宏致            ,449000,80000,369000,0,0,0,0,0,0,18000,22000,4000,18000,0,0,0,387000
042561,南電兆豐92購01  ,0,0,0,0,0,0,0,0,0,385000,0,0,0,412000,27000,385000,385000
052386,鴻海群益96購02  ,0,0,0,0,0,0,0,0,0,382000,0,0,0,393000,11000,382000,382000
6670,復盛應用        ,427000,28000,399000,0,0,0,0,0,0,-17000,40000,60000,-20000,8000,5000,3000,382000
054404,新日興康和96購01,0,0,0,0,0,0,0,0,0,381000,0,0,0,381000,0,381000,381000
046474,創意永豐92購03  ,0,0,0,0,0,0,0,0,0,381000,0,0,0,381000,0,381000,381000
04357P,智易永豐94售01  ,0,0,0,0,0,0,0,0,0,380000,0,0,0,540000,160000,380000,380000
03364P,金像電元大02售05,0,0,0,0,0,0,0,0,0,380000,0,0,0,380000,0,380000,380000
05221P,玉晶光元大95售04,0,0,0,0,0,0,0,0,0,380000,0,0,0,440000,60000,380000,380000
051368,國泰金富邦97購01,0,0,0,0,0,0,0,0,0,380000,0,0,0,699000,319000,380000,380000
04574P,台達電統一94售05,0,0,0,0,0,0,0,0,0,379000,0,0,0,429000,50000,379000,379000
050393,樺漢統一94購01  ,0,0,0,0,0,0,0,0,0,378000,0,0,0,497000,119000,378000,378000
054851,樺漢兆豐97購01  ,0,0,0,0,0,0,0,0,0,377000,0,0,0,377000,0,377000,377000
043457,鴻海元大93購01  ,0,0,0,0,0,0,0,0,0,377000,0,0,0,778000,401000,377000,377000
050218,世紀鋼統一94購02,0,0,0,0,0,0,0,0,0,377000,0,0,0,456000,79000,377000,377000
6005,群益證          ,489000,113000,376000,0,0,0,0,0,0,0,0,0,0,0,0,0,376000
04431P,牧德元大94售03  ,0,0,0,0,0,0,0,0,0,375000,0,0,0,375000,0,375000,375000
051377,鴻海群益95購07  ,0,0,0,0,0,0,0,0,0,374000,0,0,0,391000,17000,374000,374000
06022P,緯穎永豐96售03  ,0,0,0,0,0,0,0,0,0,372000,0,0,0,723000,351000,372000,372000
051297,台積電凱基95購07,0,0,0,0,0,0,0,0,0,369000,0,0,0,372000,3000,369000,369000
046293,聯發科統一94購01,0,0,0,0,0,0,0,0,0,367000,0,0,0,477000,110000,367000,367000
2457,飛宏            ,390000,26000,364000,0,0,0,0,0,0,1000,1000,0,1000,0,0,0,365000
1582,信錦            ,381000,22000,359000,0,0,0,0,0,0,6000,3000,0,3000,3000,0,3000,365000
052722,群創統一97購02  ,0,0,0,0,0,0,0,0,0,363000,0,0,0,1090000,727000,363000,363000
053299,台泥凱基96購01  ,0,0,0,0,0,0,0,0,0,363000,0,0,0,383000,20000,363000,363000
05656P,台表科統一96售01,0,0,0,0,0,0,0,0,0,362000,0,0,0,403000,41000,362000,362000
2489,瑞軒            ,361000,0,361000,0,0,0,0,0,0,0,0,0,0,0,0,0,361000
044513,義隆凱基93購02  ,0,0,0,0,0,0,0,0,0,360000,0,0,0,360000,0,360000,360000
045127,鴻海統一92購01  ,0,0,0,0,0,0,0,0,0,359000,0,0,0,359000,0,359000,359000
049591,開發金元大98購01,0,0,0,0,0,0,0,0,0,359000,0,0,0,374000,15000,359000,359000
050074,訊芯凱基94購05  ,0,0,0,0,0,0,0,0,0,358000,0,0,0,900000,542000,358000,358000
051991,泰碩元大95購02  ,0,0,0,0,0,0,0,0,0,357000,0,0,0,694000,337000,357000,357000
03242P,聯電統一02售04  ,0,0,0,0,0,0,0,0,0,356000,0,0,0,499000,143000,356000,356000
052823,創意永豐96購02  ,0,0,0,0,0,0,0,0,0,354000,0,0,0,497000,143000,354000,354000
053823,茂林群益96購06  ,0,0,0,0,0,0,0,0,0,353000,0,0,0,361000,8000,353000,353000
052123,泰碩國票95購01  ,0,0,0,0,0,0,0,0,0,353000,0,0,0,425000,72000,353000,353000
051771,上銀中信95購01  ,0,0,0,0,0,0,0,0,0,352000,0,0,0,603000,251000,352000,352000
051099,台郡元大95購03  ,0,0,0,0,0,0,0,0,0,352000,0,0,0,526000,174000,352000,352000
053625,國巨兆豐96購03  ,0,0,0,0,0,0,0,0,0,351000,0,0,0,451000,100000,351000,351000
049372,華新科元大95購04,0,0,0,0,0,0,0,0,0,351000,0,0,0,440000,89000,351000,351000
051884,樺漢永豐95購01  ,0,0,0,0,0,0,0,0,0,351000,0,0,0,413000,62000,351000,351000
2405,浩鑫            ,427000,76000,351000,0,0,0,0,0,0,0,0,0,0,0,0,0,351000
04102P,臺股指國票93售09,0,0,0,0,0,0,0,0,0,350000,0,0,0,473000,123000,350000,350000
044228,群創群益91購02  ,0,0,0,0,0,0,0,0,0,350000,0,0,0,350000,0,350000,350000
04369P,台光電凱基94售04,0,0,0,0,0,0,0,0,0,349000,0,0,0,349000,0,349000,349000
055031,南港富邦99購01  ,0,0,0,0,0,0,0,0,0,348000,0,0,0,502000,154000,348000,348000
054332,世芯永豐97購01  ,0,0,0,0,0,0,0,0,0,348000,0,0,0,717000,369000,348000,348000
00680L,元大美債20正2   ,0,0,0,0,0,0,0,0,0,348000,0,0,0,348000,0,348000,348000
4551,智伸科          ,232000,81000,151000,0,0,0,135000,2000,133000,64000,57000,5000,52000,129000,117000,12000,348000
2912,統一超          ,524412,180000,344412,0,0,0,0,0,0,2000,1000,0,1000,1000,0,1000,346412
00635U,元大S&P黃金     ,48000,0,48000,0,0,0,0,0,0,298000,0,0,0,322000,24000,298000,346000
051222,世紀鋼元富95購01,0,0,0,0,0,0,0,0,0,346000,0,0,0,429000,83000,346000,346000
053426,創意永豐96購04  ,0,0,0,0,0,0,0,0,0,343000,0,0,0,355000,12000,343000,343000
05119P,聯發科國泰96售02,0,0,0,0,0,0,0,0,0,343000,0,0,0,660000,317000,343000,343000
2897,王道銀行        ,365000,23000,342000,0,0,0,0,0,0,0,0,0,0,0,0,0,342000
05850P,台積電兆豐96售06,0,0,0,0,0,0,0,0,0,341000,0,0,0,523000,182000,341000,341000
054828,正崴國泰99購01  ,0,0,0,0,0,0,0,0,0,340000,0,0,0,340000,0,340000,340000
044798,鴻海凱基93購09  ,0,0,0,0,0,0,0,0,0,340000,0,0,0,340000,0,340000,340000
051827,智邦元大95購04  ,0,0,0,0,0,0,0,0,0,340000,0,0,0,391000,51000,340000,340000
05028P,康控永豐95售02  ,0,0,0,0,0,0,0,0,0,338000,0,0,0,338000,0,338000,338000
03417P,瑞昱群益04售01  ,0,0,0,0,0,0,0,0,0,337000,0,0,0,337000,0,337000,337000
052462,上銀統一95購03  ,0,0,0,0,0,0,0,0,0,337000,0,0,0,368000,31000,337000,337000
051376,力山群益95購01  ,0,0,0,0,0,0,0,0,0,336000,0,0,0,336000,0,336000,336000
8021,尖點            ,414000,74000,340000,0,0,0,0,4000,-4000,0,0,0,0,0,0,0,336000
8105,凌巨            ,344000,8000,336000,0,0,0,0,0,0,0,0,0,0,0,0,0,336000
05716P,T50反1元大98售03,0,0,0,0,0,0,0,0,0,335000,0,0,0,2495000,2160000,335000,335000
06089P,矽創永豐97售01  ,0,0,0,0,0,0,0,0,0,332000,0,0,0,352000,20000,332000,332000
050697,冠德凱基96購01  ,0,0,0,0,0,0,0,0,0,331000,0,0,0,335000,4000,331000,331000
052797,樺漢兆豐96購01  ,0,0,0,0,0,0,0,0,0,330000,0,0,0,350000,20000,330000,330000
044620,上銀元大92購04  ,0,0,0,0,0,0,0,0,0,330000,0,0,0,450000,120000,330000,330000
3016,嘉晶            ,184000,204000,-20000,0,0,0,0,0,0,347000,0,21000,-21000,369000,1000,368000,327000
3673,TPK-KY          ,361000,122000,239000,0,0,0,0,0,0,88000,6000,13000,-7000,100000,5000,95000,327000
047147,嘉晶群益93購02  ,0,0,0,0,0,0,0,0,0,325000,0,0,0,340000,15000,325000,325000
051227,技嘉群益97購01  ,0,0,0,0,0,0,0,0,0,325000,0,0,0,350000,25000,325000,325000
3038,全台            ,467000,140000,327000,0,0,0,0,0,0,-2000,16000,18000,-2000,0,0,0,325000
00783,富邦中証500     ,151000,13000,138000,0,0,0,0,0,0,186000,0,0,0,1008000,822000,186000,324000
055065,神達永豐97購01  ,0,0,0,0,0,0,0,0,0,323000,0,0,0,494000,171000,323000,323000
6552,易華電          ,333000,4000,329000,0,0,0,0,0,0,-6000,0,0,0,7000,13000,-6000,323000
054717,亞德客永豐97購01,0,0,0,0,0,0,0,0,0,322000,0,0,0,688000,366000,322000,322000
047007,大立光統一93購05,0,0,0,0,0,0,0,0,0,322000,0,0,0,347000,25000,322000,322000
04859P,台達電群益94售04,0,0,0,0,0,0,0,0,0,322000,0,0,0,400000,78000,322000,322000
051802,同欣電永豐95購02,0,0,0,0,0,0,0,0,0,322000,0,0,0,347000,25000,322000,322000
04614P,光罩群益94售02  ,0,0,0,0,0,0,0,0,0,321000,0,0,0,321000,0,321000,321000
044947,新光金群益92購01,0,0,0,0,0,0,0,0,0,320000,0,0,0,320000,0,320000,320000
03252P,台積電台新02售01,0,0,0,0,0,0,0,0,0,320000,0,0,0,330000,10000,320000,320000
051405,世芯永豐95購01  ,0,0,0,0,0,0,0,0,0,320000,0,0,0,1240000,920000,320000,320000
052421,元油反國票9B購01,0,0,0,0,0,0,0,0,0,320000,0,0,0,320000,0,320000,320000
052682,上銀元大97購01  ,0,0,0,0,0,0,0,0,0,320000,0,0,0,467000,147000,320000,320000
00653L,富邦印度正2     ,169000,0,169000,0,0,0,0,0,0,149000,0,0,0,188000,39000,149000,318000
04630P,嘉聯益元大95售02,0,0,0,0,0,0,0,0,0,317000,0,0,0,337000,20000,317000,317000
045271,元油2X統一93購01,0,0,0,0,0,0,0,0,0,315000,0,0,0,317000,2000,315000,315000
8215,明基材          ,394000,67000,327000,0,0,0,0,0,0,-12000,0,6000,-6000,0,6000,-6000,315000
055128,致新兆豐97購01  ,0,0,0,0,0,0,0,0,0,314000,0,0,0,514000,200000,314000,314000
044964,旺宏中信94購01  ,0,0,0,0,0,0,0,0,0,314000,0,0,0,391000,77000,314000,314000
049601,矽創元大95購02  ,0,0,0,0,0,0,0,0,0,314000,0,0,0,367000,53000,314000,314000
046321,群創元大92購07  ,0,0,0,0,0,0,0,0,0,312000,0,0,0,312000,0,312000,312000
6285,啟碁            ,213000,90000,123000,0,0,0,0,5000,-5000,194000,200000,8000,192000,24000,22000,2000,312000
6120,達運            ,425000,73000,352000,0,0,0,0,0,0,-40000,0,40000,-40000,0,0,0,312000
052923,台積電永豐96購02,0,0,0,0,0,0,0,0,0,311000,0,0,0,334000,23000,311000,311000
2421,建準            ,1132000,676000,456000,0,0,0,0,0,0,-145000,29000,0,29000,28000,202000,-174000,311000
054835,致新中信97購01  ,0,0,0,0,0,0,0,0,0,310000,0,0,0,500000,190000,310000,310000
049015,鴻海群益94購03  ,0,0,0,0,0,0,0,0,0,310000,0,0,0,921000,611000,310000,310000
047357,欣興麥證93購01  ,0,0,0,410000,100000,310000,0,0,0,310000,0,0,0,410000,100000,310000,310000
050410,燿華永豐95購03  ,0,0,0,0,0,0,0,0,0,310000,0,0,0,310000,0,310000,310000
055161,貿聯元大98購03  ,0,0,0,0,0,0,0,0,0,309000,0,0,0,379000,70000,309000,309000
054379,光磊群益98購01  ,0,0,0,0,0,0,0,0,0,309000,0,0,0,314000,5000,309000,309000
048266,臺指反中信95購01,0,0,0,0,0,0,0,0,0,309000,0,0,0,309000,0,309000,309000
05431P,台光電統一97售01,0,0,0,0,0,0,0,0,0,307000,0,0,0,308000,1000,307000,307000
046090,冠德兆豐92購01  ,0,0,0,0,0,0,0,0,0,307000,0,0,0,307000,0,307000,307000
2515,中工            ,681000,388000,293000,0,0,0,0,0,0,14000,4000,0,4000,82000,72000,10000,307000
044777,超眾元大93購01  ,0,0,0,0,0,0,0,0,0,306000,0,0,0,350000,44000,306000,306000
4961,天鈺            ,480000,163000,317000,0,0,0,0,0,0,-11000,0,0,0,2000,13000,-11000,306000
054700,致新永豐97購01  ,0,0,0,0,0,0,0,0,0,305000,0,0,0,331000,26000,305000,305000
045001,旺宏富邦94購01  ,0,0,0,0,0,0,0,0,0,305000,0,0,0,305000,0,305000,305000
05306P,泰碩國泰97售01  ,0,0,0,0,0,0,0,0,0,304000,0,0,0,446000,142000,304000,304000
053142,緯穎永豐96購01  ,0,0,0,0,0,0,0,0,0,302000,0,0,0,312000,10000,302000,302000
052005,矽力國泰97購02  ,0,0,0,0,0,0,0,0,0,301000,0,0,0,931000,630000,301000,301000
6288,聯嘉            ,438000,137000,301000,0,0,0,0,0,0,0,0,0,0,0,0,0,301000
053228,康友台新97購01  ,0,0,0,0,0,0,0,0,0,300000,0,0,0,300000,0,300000,300000
05469P,台積電元大95售24,0,0,0,0,0,0,0,0,0,300000,0,0,0,500000,200000,300000,300000
03799P,京元電元大94售01,0,0,0,0,0,0,0,0,0,300000,0,0,0,300000,0,300000,300000
043842,寶滬深元富91購01,0,0,0,0,0,0,0,0,0,300000,0,0,0,300000,0,300000,300000
04133P,友達群益93售01  ,0,0,0,0,0,0,0,0,0,300000,0,0,0,300000,0,300000,300000
052600,力山元大97購01  ,0,0,0,0,0,0,0,0,0,300000,0,0,0,300000,0,300000,300000
052360,FB上証國票96購01,0,0,0,0,0,0,0,0,0,300000,0,0,0,300000,0,300000,300000
050973,S&P反1統一95購01,0,0,0,0,0,0,0,0,0,300000,0,0,0,300000,0,300000,300000
1216,統一            ,2649806,2545000,104806,0,0,0,397000,0,397000,-202000,2000,197000,-195000,0,7000,-7000,299806
044995,大立光國泰94購01,0,0,0,0,0,0,0,0,0,299000,0,0,0,550000,251000,299000,299000
2406,國碩            ,362000,63000,299000,0,0,0,0,0,0,0,0,0,0,0,0,0,299000
03921P,亞光凱基94售01  ,0,0,0,0,0,0,0,0,0,298000,0,0,0,319000,21000,298000,298000
046508,冠德元大92購04  ,0,0,0,0,0,0,0,0,0,298000,0,0,0,299000,1000,298000,298000
048194,華邦電元大94購04,0,0,0,0,0,0,0,0,0,298000,0,0,0,299000,1000,298000,298000
052453,崇越元大95購01  ,0,0,0,0,0,0,0,0,0,298000,0,0,0,351000,53000,298000,298000
053321,智原群益96購02  ,0,0,0,0,0,0,0,0,0,297000,0,0,0,322000,25000,297000,297000
05611P,康控群益96售02  ,0,0,0,0,0,0,0,0,0,297000,0,0,0,308000,11000,297000,297000
2352,佳世達          ,912000,567000,345000,0,0,0,0,13000,-13000,-36000,0,36000,-36000,0,0,0,296000
049363,旺宏元大94購07  ,0,0,0,0,0,0,0,0,0,295000,0,0,0,302000,7000,295000,295000
047572,深中小群益95購01,0,0,0,0,0,0,0,0,0,295000,0,0,0,315000,20000,295000,295000
052008,創意第一95購01  ,0,0,0,0,0,0,0,0,0,295000,0,0,0,295000,0,295000,295000
050533,致新元大94購03  ,0,0,0,0,0,0,0,0,0,295000,0,0,0,377000,82000,295000,295000
051700,深中小群益99購04,0,0,0,0,0,0,0,0,0,294000,0,0,0,315000,21000,294000,294000
051284,上銀統一95購02  ,0,0,0,0,0,0,0,0,0,293000,0,0,0,550000,257000,293000,293000
051896,柏文元富95購01  ,0,0,0,0,0,0,0,0,0,291000,0,0,0,326000,35000,291000,291000
052656,力山元富96購01  ,0,0,0,0,0,0,0,0,0,291000,0,0,0,291000,0,291000,291000
043934,致新永豐91購02  ,0,0,0,0,0,0,0,0,0,290000,0,0,0,290000,0,290000,290000
043835,宏達電國票92購01,0,0,0,0,0,0,0,0,0,290000,0,0,0,390000,100000,290000,290000
044593,緯創國票91購01  ,0,0,0,0,0,0,0,0,0,290000,0,0,0,290000,0,290000,290000
048947,凌華永豐94購01  ,0,0,0,0,0,0,0,0,0,290000,0,0,0,290000,0,290000,290000
3450,聯鈞            ,572000,292000,280000,0,0,0,0,0,0,10000,0,32000,-32000,120000,78000,42000,290000
04879P,康控永豐94售02  ,0,0,0,0,0,0,0,0,0,289000,0,0,0,347000,58000,289000,289000
05310P,智原永豐95售04  ,0,0,0,0,0,0,0,0,0,288000,0,0,0,288000,0,288000,288000
053560,漢唐國泰98購01  ,0,0,0,0,0,0,0,0,0,286000,0,0,0,654000,368000,286000,286000
044479,群創統一91購01  ,0,0,0,0,0,0,0,0,0,286000,0,0,0,317000,31000,286000,286000
00738U,元大道瓊白銀    ,0,0,0,0,0,0,0,0,0,286000,0,0,0,645000,359000,286000,286000
050392,群創統一96購01  ,0,0,0,0,0,0,0,0,0,286000,0,0,0,286000,0,286000,286000
5258,虹堡            ,447000,161000,286000,0,0,0,0,0,0,0,0,0,0,0,0,0,286000
053399,創意中信96購01  ,0,0,0,0,0,0,0,0,0,285000,0,0,0,285000,0,285000,285000
053057,聯電國泰97購02  ,0,0,0,0,0,0,0,0,0,285000,0,0,0,343000,58000,285000,285000
052980,上銀元大96購03  ,0,0,0,0,0,0,0,0,0,285000,0,0,0,416000,131000,285000,285000
049353,茂林永豐94購03  ,0,0,0,0,0,0,0,0,0,285000,0,0,0,1173000,888000,285000,285000
05974P,國巨富邦97售03  ,0,0,0,0,0,0,0,0,0,285000,0,0,0,353000,68000,285000,285000
048691,智伸科群益94購01,0,0,0,0,0,0,0,0,0,284000,0,0,0,431000,147000,284000,284000
06011P,貿聯元富96售04  ,0,0,0,0,0,0,0,0,0,284000,0,0,0,284000,0,284000,284000
049053,可成永豐94購01  ,0,0,0,0,0,0,0,0,0,283000,0,0,0,285000,2000,283000,283000
05096P,台積電日盛95售01,0,0,0,0,0,0,0,0,0,281000,0,0,0,290000,9000,281000,281000
052163,康舒永豐95購02  ,0,0,0,0,0,0,0,0,0,281000,0,0,0,937000,656000,281000,281000
046003,欣興統一92購02  ,0,0,0,0,0,0,0,0,0,280000,0,0,0,571000,291000,280000,280000
048486,傳奇國泰95購01  ,0,0,0,0,0,0,0,0,0,280000,0,0,0,280000,0,280000,280000
049301,致新群益95購01  ,0,0,0,0,0,0,0,0,0,280000,0,0,0,450000,170000,280000,280000
051396,健鼎兆豐95購01  ,0,0,0,0,0,0,0,0,0,280000,0,0,0,280000,0,280000,280000
054582,致新元大97購01  ,0,0,0,0,0,0,0,0,0,279000,0,0,0,372000,93000,279000,279000
044531,欣興富邦93購01  ,0,0,0,0,0,0,0,0,0,279000,0,0,0,389000,110000,279000,279000
051936,力山群益95購02  ,0,0,0,0,0,0,0,0,0,279000,0,0,0,290000,11000,279000,279000
044600,上銀國泰93購01  ,0,0,0,0,0,0,0,0,0,278000,0,0,0,480000,202000,278000,278000
051186,創意永豐95購01  ,0,0,0,0,0,0,0,0,0,278000,0,0,0,278000,0,278000,278000
045094,樺漢元大92購01  ,0,0,0,0,0,0,0,0,0,277000,0,0,0,277000,0,277000,277000
1712,興農            ,187000,0,187000,0,0,0,0,0,0,90000,90000,0,90000,0,0,0,277000
055175,建準統一97購01  ,0,0,0,0,0,0,0,0,0,276000,0,0,0,332000,56000,276000,276000
051600,新日興兆豐96購02,0,0,0,0,0,0,0,0,0,276000,0,0,0,821000,545000,276000,276000
052737,滬深2X元大96購06,0,0,0,0,0,0,0,0,0,275000,0,0,0,275000,0,275000,275000
045085,新日興元大92購01,0,0,0,0,0,0,0,0,0,275000,0,0,0,311000,36000,275000,275000
052370,滬深2X元大95購04,0,0,0,0,0,0,0,0,0,275000,0,0,0,275000,0,275000,275000
054369,鴻海中信9C購01  ,0,0,0,0,0,0,0,0,0,274000,0,0,0,284000,10000,274000,274000
5607,遠雄港          ,611000,344000,267000,0,0,0,0,0,0,5000,8000,3000,5000,0,0,0,272000
044291,群創凱基93購06  ,0,0,0,0,0,0,0,0,0,270000,0,0,0,2771000,2501000,270000,270000
042363,復盛元大91購01  ,0,0,0,0,0,0,0,0,0,270000,0,0,0,270000,0,270000,270000
046602,新日興群益94購01,0,0,0,0,0,0,0,0,0,270000,0,0,0,737000,467000,270000,270000
048723,世紀鋼永豐94購02,0,0,0,0,0,0,0,0,0,270000,0,0,0,270000,0,270000,270000
048408,正文群益93購01  ,0,0,0,0,0,0,0,0,0,270000,0,0,0,299000,29000,270000,270000
047653,上銀兆豐94購01  ,0,0,0,0,0,0,0,0,0,270000,0,0,0,318000,48000,270000,270000
051639,康友國票96購02  ,0,0,0,0,0,0,0,0,0,270000,0,0,0,270000,0,270000,270000
051981,南茂凱基96購01  ,0,0,0,0,0,0,0,0,0,270000,0,0,0,270000,0,270000,270000
05803P,臺股指兆豐96售03,0,0,0,0,0,0,0,0,0,270000,0,0,0,300000,30000,270000,270000
043474,創意元大92購01  ,0,0,0,0,0,0,0,0,0,269000,0,0,0,363000,94000,269000,269000
051136,可成永豐95購02  ,0,0,0,0,0,0,0,0,0,269000,0,0,0,300000,31000,269000,269000
2208,台船            ,369000,100000,269000,0,0,0,0,0,0,0,0,0,0,0,0,0,269000
2331,精英            ,293000,31000,262000,0,0,0,0,0,0,6000,8000,2000,6000,0,0,0,268000
05526P,茂林群益96售03  ,0,0,0,0,0,0,0,0,0,268000,0,0,0,300000,32000,268000,268000
049573,長榮航統一95購01,0,0,0,0,0,0,0,0,0,267000,0,0,0,267000,0,267000,267000
052674,智邦國泰98購01  ,0,0,0,0,0,0,0,0,0,267000,0,0,0,427000,160000,267000,267000
048987,崇越元大94購01  ,0,0,0,0,0,0,0,0,0,265000,0,0,0,307000,42000,265000,265000
049745,國巨永豐94購04  ,0,0,0,0,0,0,0,0,0,265000,0,0,0,305000,40000,265000,265000
05907P,聯發科元富96售05,0,0,0,0,0,0,0,0,0,265000,0,0,0,320000,55000,265000,265000
052917,大立光富邦99購02,0,0,0,0,0,0,0,0,0,264000,0,0,0,296000,32000,264000,264000
048066,樺漢統一93購01  ,0,0,0,0,0,0,0,0,0,264000,0,0,0,372000,108000,264000,264000
046683,宏達電群益93購02,0,0,0,0,0,0,0,0,0,264000,0,0,0,350000,86000,264000,264000
054208,台積電國票97購07,0,0,0,0,0,0,0,0,0,263000,0,0,0,378000,115000,263000,263000
046451,中環凱基93購02  ,0,0,0,0,0,0,0,0,0,263000,0,0,0,263000,0,263000,263000
054443,樺漢台新96購02  ,0,0,0,0,0,0,0,0,0,262000,0,0,0,262000,0,262000,262000
046864,和大統一97購01  ,0,0,0,0,0,0,0,0,0,262000,0,0,0,532000,270000,262000,262000
051535,新日興國票96購01,0,0,0,0,0,0,0,0,0,262000,0,0,0,569000,307000,262000,262000
03874P,臺股指群益95售01,0,0,0,0,0,0,0,0,0,261000,0,0,0,271000,10000,261000,261000
049357,微星富邦94購01  ,0,0,0,0,0,0,0,0,0,261000,0,0,0,263000,2000,261000,261000
04667P,臺股指國票94售06,0,0,0,0,0,0,0,0,0,260000,0,0,0,370000,110000,260000,260000
00671R,富邦NASDAQ反1   ,0,0,0,0,0,0,0,0,0,259000,0,0,0,298000,39000,259000,259000
051908,國泰金元大96購02,0,0,0,0,0,0,0,0,0,259000,0,0,0,400000,141000,259000,259000
06174P,國巨元大97售07  ,0,0,0,0,0,0,0,0,0,259000,0,0,0,301000,42000,259000,259000
046294,台勝科統一92購01,0,0,0,0,0,0,0,0,0,258000,0,0,0,426000,168000,258000,258000
2347,聯強            ,1191597,919000,272597,0,0,0,0,15000,-15000,0,0,0,0,0,0,0,257597
1227,佳格            ,417001,284000,133001,0,0,0,0,0,0,124000,124000,0,124000,0,0,0,257001
04877P,聯發科麥證94售04,0,0,0,257000,0,257000,0,0,0,257000,0,0,0,257000,0,257000,257000
045206,創意國泰93購02  ,0,0,0,0,0,0,0,0,0,257000,0,0,0,305000,48000,257000,257000
050581,美食國票94購02  ,0,0,0,0,0,0,0,0,0,257000,0,0,0,277000,20000,257000,257000
048945,訊連永豐94購01  ,0,0,0,0,0,0,0,0,0,255000,0,0,0,255000,0,255000,255000
043774,瑞昱兆豐92購01  ,0,0,0,0,0,0,0,0,0,255000,0,0,0,305000,50000,255000,255000
048059,欣興國泰95購01  ,0,0,0,0,0,0,0,0,0,255000,0,0,0,374000,119000,255000,255000
051074,矽力國票96購01  ,0,0,0,0,0,0,0,0,0,255000,0,0,0,255000,0,255000,255000
2356,英業達          ,1079783,807000,272783,0,0,0,0,28000,-28000,10000,10000,0,10000,0,0,0,254783
052219,大立光日盛95購02,0,0,0,0,0,0,0,0,0,254000,0,0,0,255000,1000,254000,254000
2501,國建            ,316000,62000,254000,0,0,0,0,0,0,0,0,0,0,0,0,0,254000
05746P,台積電群益96售07,0,0,0,0,0,0,0,0,0,254000,0,0,0,1637000,1383000,254000,254000
3698,隆達            ,320000,94000,226000,0,0,0,0,0,0,28000,28000,0,28000,0,0,0,254000
041973,台灣50中信94購01,0,0,0,0,0,0,0,0,0,253000,0,0,0,475000,222000,253000,253000
053281,茂林元大96購02  ,0,0,0,0,0,0,0,0,0,252000,0,0,0,1092000,840000,252000,252000
051888,國巨元富95購05  ,0,0,0,0,0,0,0,0,0,252000,0,0,0,646000,394000,252000,252000
04806P,臻鼎元富94售06  ,0,0,0,0,0,0,0,0,0,251000,0,0,0,251000,0,251000,251000
042904,金寶元大94購02  ,0,0,0,0,0,0,0,0,0,250000,0,0,0,300000,50000,250000,250000
04413P,玉晶光元富94售01,0,0,0,0,0,0,0,0,0,250000,0,0,0,250000,0,250000,250000
044646,旺宏群益93購01  ,0,0,0,0,0,0,0,0,0,250000,0,0,0,250000,0,250000,250000
044430,上銀元大92購03  ,0,0,0,0,0,0,0,0,0,250000,0,0,0,260000,10000,250000,250000
048136,聯茂國票93購04  ,0,0,0,0,0,0,0,0,0,250000,0,0,0,250000,0,250000,250000
052216,康友元大96購01  ,0,0,0,0,0,0,0,0,0,250000,0,0,0,250000,0,250000,250000
050641,上証反凱基96購01,0,0,0,0,0,0,0,0,0,250000,0,0,0,250000,0,250000,250000
6139,亞翔            ,354000,177000,177000,0,0,0,0,0,0,72000,50000,42000,8000,64000,0,64000,249000
052871,群創凱基98購07  ,0,0,0,0,0,0,0,0,0,248000,0,0,0,771000,523000,248000,248000
05452P,亞德客群益95售02,0,0,0,0,0,0,0,0,0,248000,0,0,0,379000,131000,248000,248000
046782,建準永豐93購01  ,0,0,0,0,0,0,0,0,0,248000,0,0,0,298000,50000,248000,248000
050971,緯穎永豐95購01  ,0,0,0,0,0,0,0,0,0,248000,0,0,0,248000,0,248000,248000
052349,鴻海統一95購15  ,0,0,0,0,0,0,0,0,0,248000,0,0,0,248000,0,248000,248000
5521,工信            ,506000,258000,248000,0,0,0,0,0,0,0,0,0,0,0,0,0,248000
8271,宇瞻            ,294000,44000,250000,0,0,0,0,2000,-2000,0,0,0,0,0,0,0,248000
053686,台積電元大97購08,0,0,0,0,0,0,0,0,0,247000,0,0,0,466000,219000,247000,247000
050452,智原元大95購04  ,0,0,0,0,0,0,0,0,0,247000,0,0,0,493000,246000,247000,247000
1513,中興電          ,396000,205000,191000,0,0,0,0,8000,-8000,64000,64000,0,64000,0,0,0,247000
054925,神達凱基97購01  ,0,0,0,0,0,0,0,0,0,246000,0,0,0,256000,10000,246000,246000
047901,復盛群益93購01  ,0,0,0,0,0,0,0,0,0,246000,0,0,0,329000,83000,246000,246000
049569,光磊統一94購02  ,0,0,0,0,0,0,0,0,0,246000,0,0,0,325000,79000,246000,246000
046665,智原元大93購01  ,0,0,0,0,0,0,0,0,0,246000,0,0,0,299000,53000,246000,246000
048131,全新國票94購02  ,0,0,0,0,0,0,0,0,0,245000,0,0,0,255000,10000,245000,245000
05569P,漢唐統一97售01  ,0,0,0,0,0,0,0,0,0,245000,0,0,0,245000,0,245000,245000
054906,神達康和97購01  ,0,0,0,0,0,0,0,0,0,244000,0,0,0,244000,0,244000,244000
055194,昇陽半元富97購01,0,0,0,0,0,0,0,0,0,244000,0,0,0,314000,70000,244000,244000
053667,鴻海統一96購12  ,0,0,0,0,0,0,0,0,0,243000,0,0,0,248000,5000,243000,243000
046039,新日興元大92購02,0,0,0,0,0,0,0,0,0,243000,0,0,0,253000,10000,243000,243000
046978,復盛永豐93購01  ,0,0,0,0,0,0,0,0,0,243000,0,0,0,300000,57000,243000,243000
047242,上銀群益93購04  ,0,0,0,0,0,0,0,0,0,243000,0,0,0,416000,173000,243000,243000
053452,臺股指凱基97購01,0,0,0,0,0,0,0,0,0,241000,0,0,0,794000,553000,241000,241000
053192,創意統一96購01  ,0,0,0,0,0,0,0,0,0,240000,0,0,0,311000,71000,240000,240000
055120,南港兆豐97購01  ,0,0,0,0,0,0,0,0,0,240000,0,0,0,349000,109000,240000,240000
04751P,智邦兆豐95售02  ,0,0,0,0,0,0,0,0,0,240000,0,0,0,240000,0,240000,240000
052168,鴻海元大96購10  ,0,0,0,0,0,0,0,0,0,240000,0,0,0,240000,0,240000,240000
4564,元翎            ,504000,264000,240000,0,0,0,0,0,0,0,0,0,0,0,0,0,240000
047518,儒鴻元大93購07  ,0,0,0,0,0,0,0,0,0,239000,0,0,0,391000,152000,239000,239000
046742,智原日盛93購01  ,0,0,0,0,0,0,0,0,0,239000,0,0,0,321000,82000,239000,239000
050065,冠德凱基94購01  ,0,0,0,0,0,0,0,0,0,239000,0,0,0,250000,11000,239000,239000
054415,奇力新元大96購06,0,0,0,0,0,0,0,0,0,238000,0,0,0,327000,89000,238000,238000
053239,崇越永豐96購01  ,0,0,0,0,0,0,0,0,0,237000,0,0,0,237000,0,237000,237000
048865,世紀鋼群益94購01,0,0,0,0,0,0,0,0,0,237000,0,0,0,247000,10000,237000,237000
045529,大立光永豐92購03,0,0,0,0,0,0,0,0,0,237000,0,0,0,237000,0,237000,237000
050220,台積電元富96購01,0,0,0,0,0,0,0,0,0,237000,0,0,0,1099000,862000,237000,237000
049038,高鐵兆豐94購01  ,0,0,0,0,0,0,0,0,0,236000,0,0,0,255000,19000,236000,236000
046645,技嘉國泰94購01  ,0,0,0,0,0,0,0,0,0,236000,0,0,0,243000,7000,236000,236000
051676,康舒元大95購01  ,0,0,0,0,0,0,0,0,0,236000,0,0,0,259000,23000,236000,236000
06040P,亞光康和96售03  ,0,0,0,0,0,0,0,0,0,236000,0,0,0,239000,3000,236000,236000
046253,聯茂群益92購03  ,0,0,0,0,0,0,0,0,0,235000,0,0,0,235000,0,235000,235000
044759,新日興凱基93購01,0,0,0,0,0,0,0,0,0,235000,0,0,0,235000,0,235000,235000
04267P,康控元富93售04  ,0,0,0,0,0,0,0,0,0,235000,0,0,0,348000,113000,235000,235000
00650L,FH香港正2       ,22000,54000,-32000,0,0,0,0,0,0,267000,0,0,0,877000,610000,267000,235000
046798,元油2X元大96購01,0,0,0,0,0,0,0,0,0,235000,0,0,0,250000,15000,235000,235000
1909,榮成            ,508000,222000,286000,0,0,0,0,0,0,-51000,12000,63000,-51000,0,0,0,235000
3029,零壹            ,302000,90000,212000,0,0,0,0,0,0,23000,29000,6000,23000,0,0,0,235000
2542,興富發          ,511930,228000,283930,0,0,0,0,45000,-45000,-4000,0,4000,-4000,0,0,0,234930
055159,玉晶光元大98購05,0,0,0,0,0,0,0,0,0,234000,0,0,0,418000,184000,234000,234000
042784,上銀兆豐93購01  ,0,0,0,0,0,0,0,0,0,234000,0,0,0,273000,39000,234000,234000
050680,上銀元富94購01  ,0,0,0,0,0,0,0,0,0,234000,0,0,0,650000,416000,234000,234000
05987P,健策統一96售02  ,0,0,0,0,0,0,0,0,0,234000,0,0,0,264000,30000,234000,234000
053809,上銀群益96購02  ,0,0,0,0,0,0,0,0,0,233000,0,0,0,511000,278000,233000,233000
044787,上銀群益93購01  ,0,0,0,0,0,0,0,0,0,233000,0,0,0,237000,4000,233000,233000
049833,正文凱基94購05  ,0,0,0,0,0,0,0,0,0,233000,0,0,0,260000,27000,233000,233000
049545,台積電群益94購09,0,0,0,0,0,0,0,0,0,233000,0,0,0,402000,169000,233000,233000
05759P,智邦永豐96售02  ,0,0,0,0,0,0,0,0,0,233000,0,0,0,233000,0,233000,233000
041546,群創統一93購01  ,0,0,0,0,0,0,0,0,0,232000,0,0,0,566000,334000,232000,232000
03857P,聯發科元富99售02,0,0,0,0,0,0,0,0,0,232000,0,0,0,242000,10000,232000,232000
046962,群創中信95購03  ,0,0,0,0,0,0,0,0,0,232000,0,0,0,265000,33000,232000,232000
6706,惠特            ,81000,47000,34000,0,0,0,195000,0,195000,3000,23000,20000,3000,0,0,0,232000
053610,矽力中信98購01  ,0,0,0,0,0,0,0,0,0,231000,0,0,0,436000,205000,231000,231000
05037P,華新科元大95售09,0,0,0,0,0,0,0,0,0,231000,0,0,0,233000,2000,231000,231000
051959,台郡台新95購03  ,0,0,0,0,0,0,0,0,0,231000,0,0,0,312000,81000,231000,231000
052455,樺漢元大96購03  ,0,0,0,0,0,0,0,0,0,231000,0,0,0,237000,6000,231000,231000
05536P,奇力新元大96售03,0,0,0,0,0,0,0,0,0,231000,0,0,0,371000,140000,231000,231000
053371,滬深2X元大99購01,0,0,0,0,0,0,0,0,0,230000,0,0,0,380000,150000,230000,230000
043819,元金2X群益91購01,0,0,0,0,0,0,0,0,0,230000,0,0,0,230000,0,230000,230000
046429,矽力元大92購03  ,0,0,0,0,0,0,0,0,0,230000,0,0,0,230000,0,230000,230000
048715,A50正2永豐94購01,0,0,0,0,0,0,0,0,0,230000,0,0,0,230000,0,230000,230000
052528,茂林元大95購05  ,0,0,0,0,0,0,0,0,0,230000,0,0,0,535000,305000,230000,230000
055176,大毅統一98購02  ,0,0,0,0,0,0,0,0,0,229000,0,0,0,230000,1000,229000,229000
055196,致新元富97購01  ,0,0,0,0,0,0,0,0,0,229000,0,0,0,520000,291000,229000,229000
1109,信大            ,296000,17000,279000,0,0,0,0,0,0,-50000,9000,59000,-50000,0,0,0,229000
05112P,燿華統一95售01  ,0,0,0,0,0,0,0,0,0,228000,0,0,0,228000,0,228000,228000
2867,三商壽          ,563000,330000,233000,0,0,0,0,0,0,-5000,0,5000,-5000,0,0,0,228000
043730,旭富國泰93購01  ,0,0,0,0,0,0,0,0,0,227000,0,0,0,227000,0,227000,227000
052650,台郡永豐96購01  ,0,0,0,0,0,0,0,0,0,227000,0,0,0,227000,0,227000,227000
052575,茂林凱基96購04  ,0,0,0,0,0,0,0,0,0,226000,0,0,0,404000,178000,226000,226000
05926P,智易永豐96售02  ,0,0,0,0,0,0,0,0,0,226000,0,0,0,226000,0,226000,226000
053313,世紀鋼凱基96購01,0,0,0,0,0,0,0,0,0,225000,0,0,0,225000,0,225000,225000
052915,創意元富96購01  ,0,0,0,0,0,0,0,0,0,224000,0,0,0,319000,95000,224000,224000
054623,華新科第一97購01,0,0,0,0,0,0,0,0,0,224000,0,0,0,553000,329000,224000,224000
054474,鴻海中信96購03  ,0,0,0,0,0,0,0,0,0,224000,0,0,0,224000,0,224000,224000
2537,聯上發          ,321000,97000,224000,0,0,0,0,0,0,0,0,0,0,0,0,0,224000
053568,智伸科富邦98購01,0,0,0,0,0,0,0,0,0,223000,0,0,0,1292000,1069000,223000,223000
040498,滬深2X國票92購01,0,0,0,0,0,0,0,0,0,223000,0,0,0,223000,0,223000,223000
043282,美律元大92購02  ,0,0,0,0,0,0,0,0,0,223000,0,0,0,223000,0,223000,223000
05348P,美律元富98售01  ,0,0,0,0,0,0,0,0,0,222000,0,0,0,499000,277000,222000,222000
054430,上銀台新96購02  ,0,0,0,0,0,0,0,0,0,222000,0,0,0,250000,28000,222000,222000
04518P,高鐵群益95售01  ,0,0,0,0,0,0,0,0,0,222000,0,0,0,244000,22000,222000,222000
048307,道瓊指凱基93購01,0,0,0,0,0,0,0,0,0,222000,0,0,0,422000,200000,222000,222000
049289,樺漢兆豐94購01  ,0,0,0,0,0,0,0,0,0,221000,0,0,0,273000,52000,221000,221000
048178,上銀富邦95購02  ,0,0,0,0,0,0,0,0,0,221000,0,0,0,959000,738000,221000,221000
051749,矽力國泰97購01  ,0,0,0,0,0,0,0,0,0,221000,0,0,0,497000,276000,221000,221000
050879,樺漢統一95購02  ,0,0,0,0,0,0,0,0,0,221000,0,0,0,234000,13000,221000,221000
05570P,聯發科統一96售04,0,0,0,0,0,0,0,0,0,221000,0,0,0,221000,0,221000,221000
045631,台光電凱基93購06,0,0,0,0,0,0,0,0,0,220000,0,0,0,300000,80000,220000,220000
040721,大立光富邦92購01,0,0,0,0,0,0,0,0,0,220000,0,0,0,289000,69000,220000,220000
049668,大立光國泰96購02,0,0,0,0,0,0,0,0,0,220000,0,0,0,255000,35000,220000,220000
052272,T50反1群益95購03,0,0,0,0,0,0,0,0,0,220000,0,0,0,220000,0,220000,220000
03005P,旭富群益01售05  ,0,0,0,0,0,0,0,0,0,219000,0,0,0,220000,1000,219000,219000
047108,華邦電元大93購03,0,0,0,0,0,0,0,0,0,219000,0,0,0,307000,88000,219000,219000
047177,上銀元大93購05  ,0,0,0,0,0,0,0,0,0,218000,0,0,0,306000,88000,218000,218000
2535,達欣工          ,253000,35000,218000,0,0,0,0,0,0,0,0,0,0,0,0,0,218000
8112,至上            ,2202000,2005000,197000,0,0,0,30000,3000,27000,-6000,1000,7000,-6000,0,0,0,218000
6196,帆宣            ,304000,216000,88000,0,0,0,0,0,0,130000,3000,0,3000,127000,0,127000,218000
043944,欣興兆豐93購02  ,0,0,0,0,0,0,0,0,0,216000,0,0,0,368000,152000,216000,216000
5269,祥碩            ,410000,156000,254000,0,0,0,36000,30000,6000,-44000,13000,73000,-60000,21000,5000,16000,216000
3563,牧德            ,169000,44000,125000,0,0,0,20000,0,20000,71000,18000,0,18000,57000,4000,53000,216000
053012,國巨統一96購03  ,0,0,0,0,0,0,0,0,0,215000,0,0,0,286000,71000,215000,215000
051975,美食凱基95購02  ,0,0,0,0,0,0,0,0,0,214000,0,0,0,214000,0,214000,214000
050439,新日興凱基94購01,0,0,0,0,0,0,0,0,0,214000,0,0,0,254000,40000,214000,214000
3044,健鼎            ,737000,505000,232000,0,0,0,0,12000,-12000,-6000,1000,10000,-9000,7000,4000,3000,214000
053024,國巨富邦97購02  ,0,0,0,0,0,0,0,0,0,212000,0,0,0,321000,109000,212000,212000
03149P,鴻海群益01售12  ,0,0,0,0,0,0,0,0,0,212000,0,0,0,222000,10000,212000,212000
048937,玉晶光永豐95購01,0,0,0,0,0,0,0,0,0,212000,0,0,0,238000,26000,212000,212000
052733,台郡國泰97購01  ,0,0,0,0,0,0,0,0,0,211000,0,0,0,890000,679000,211000,211000
053537,玉晶光永豐98購02,0,0,0,0,0,0,0,0,0,211000,0,0,0,511000,300000,211000,211000
054152,漢唐國泰98購02  ,0,0,0,0,0,0,0,0,0,211000,0,0,0,492000,281000,211000,211000
048936,玉晶光永豐94購05,0,0,0,0,0,0,0,0,0,211000,0,0,0,229000,18000,211000,211000
03454P,台積電凱基03售14,0,0,0,0,0,0,0,0,0,211000,0,0,0,211000,0,211000,211000
055047,南港永豐97購01  ,0,0,0,0,0,0,0,0,0,210000,0,0,0,360000,150000,210000,210000
03085P,台積電元大01售34,0,0,0,0,0,0,0,0,0,210000,0,0,0,210000,0,210000,210000
04381P,世紀鋼元大94售01,0,0,0,0,0,0,0,0,0,210000,0,0,0,233000,23000,210000,210000
042943,金寶國票92購01  ,0,0,0,0,0,0,0,0,0,210000,0,0,0,307000,97000,210000,210000
044133,樺漢凱基91購06  ,0,0,0,0,0,0,0,0,0,210000,0,0,0,210000,0,210000,210000
045138,技嘉兆豐92購01  ,0,0,0,0,0,0,0,0,0,210000,0,0,0,210000,0,210000,210000
051235,鴻海元大95購06  ,0,0,0,0,0,0,0,0,0,210000,0,0,0,310000,100000,210000,210000
051955,寶成元富95購01  ,0,0,0,0,0,0,0,0,0,210000,0,0,0,210000,0,210000,210000
052556,聯發科國票97購01,0,0,0,0,0,0,0,0,0,210000,0,0,0,210000,0,210000,210000
053392,致新元大96購01  ,0,0,0,0,0,0,0,0,0,209000,0,0,0,464000,255000,209000,209000
051032,南電元富95購01  ,0,0,0,0,0,0,0,0,0,209000,0,0,0,209000,0,209000,209000
050006,華擎永豐94購03  ,0,0,0,0,0,0,0,0,0,209000,0,0,0,209000,0,209000,209000
048132,冠德國票94購01  ,0,0,0,0,0,0,0,0,0,208000,0,0,0,244000,36000,208000,208000
052027,智原群益95購01  ,0,0,0,0,0,0,0,0,0,208000,0,0,0,208000,0,208000,208000
06013P,世芯國泰97售03  ,0,0,0,0,0,0,0,0,0,208000,0,0,0,561000,353000,208000,208000
053926,晶相光國票97購01,0,0,0,0,0,0,0,0,0,207000,0,0,0,300000,93000,207000,207000
055197,致新元富97購02  ,0,0,0,0,0,0,0,0,0,207000,0,0,0,427000,220000,207000,207000
054725,國巨日盛97購01  ,0,0,0,0,0,0,0,0,0,207000,0,0,0,217000,10000,207000,207000
04899P,力成中信94售02  ,0,0,0,0,0,0,0,0,0,207000,0,0,0,207000,0,207000,207000
04717P,和大凱基94售02  ,0,0,0,0,0,0,0,0,0,207000,0,0,0,210000,3000,207000,207000
053983,樺漢元大97購02  ,0,0,0,0,0,0,0,0,0,206000,0,0,0,498000,292000,206000,206000
053838,正文永豐96購02  ,0,0,0,0,0,0,0,0,0,206000,0,0,0,388000,182000,206000,206000
053081,上銀元大97購02  ,0,0,0,0,0,0,0,0,0,206000,0,0,0,290000,84000,206000,206000
039900,上証2X國泰92購01,0,0,0,0,0,0,0,0,0,206000,0,0,0,225000,19000,206000,206000
051470,玉晶光日盛95購01,0,0,0,0,0,0,0,0,0,206000,0,0,0,206000,0,206000,206000
052653,臺股指永豐97購01,0,0,0,0,0,0,0,0,0,206000,0,0,0,288000,82000,206000,206000
3189,景碩            ,814000,878000,-64000,0,0,0,25000,0,25000,245000,99000,34000,65000,237000,57000,180000,206000
054701,宏全永豐97購01  ,0,0,0,0,0,0,0,0,0,205000,0,0,0,350000,145000,205000,205000
039676,華新科國泰91購02,0,0,0,0,0,0,0,0,0,205000,0,0,0,205000,0,205000,205000
043511,上銀富邦93購01  ,0,0,0,0,0,0,0,0,0,205000,0,0,0,269000,64000,205000,205000
048923,國巨永豐94購02  ,0,0,0,0,0,0,0,0,0,205000,0,0,0,224000,19000,205000,205000
048435,致新國票93購01  ,0,0,0,0,0,0,0,0,0,205000,0,0,0,250000,45000,205000,205000
050358,致新群益94購01  ,0,0,0,0,0,0,0,0,0,205000,0,0,0,420000,215000,205000,205000
044645,元金2X群益93購01,0,0,0,0,0,0,0,0,0,204000,0,0,0,204000,0,204000,204000
045111,亞德客永豐92購01,0,0,0,0,0,0,0,0,0,204000,0,0,0,219000,15000,204000,204000
03648P,健策元富92售01  ,0,0,0,0,0,0,0,0,0,204000,0,0,0,204000,0,204000,204000
05509P,智邦元富96售02  ,0,0,0,0,0,0,0,0,0,203000,0,0,0,203000,0,203000,203000
046132,致新元大92購01  ,0,0,0,0,0,0,0,0,0,203000,0,0,0,207000,4000,203000,203000
054410,國巨元大96購14  ,0,0,0,0,0,0,0,0,0,202000,0,0,0,316000,114000,202000,202000
052799,上銀元大96購01  ,0,0,0,0,0,0,0,0,0,201000,0,0,0,361000,160000,201000,201000
052829,上銀群益96購01  ,0,0,0,0,0,0,0,0,0,201000,0,0,0,338000,137000,201000,201000
045213,A50正2元大95購01,0,0,0,0,0,0,0,0,0,201000,0,0,0,201000,0,201000,201000
049861,正崴兆豐94購01  ,0,0,0,0,0,0,0,0,0,201000,0,0,0,211000,10000,201000,201000
3030,德律            ,177000,9000,168000,0,0,0,0,2000,-2000,35000,35000,0,35000,0,0,0,201000
1102,亞泥            ,4078778,4070000,8778,0,0,0,0,2000,-2000,194000,219000,38000,181000,48000,35000,13000,200778
052952,矽創國票97購02  ,0,0,0,0,0,0,0,0,0,200000,0,0,0,210000,10000,200000,200000
054158,國巨日盛99購01  ,0,0,0,0,0,0,0,0,0,200000,0,0,0,270000,70000,200000,200000
04555P,元油2X群益95售01,0,0,0,0,0,0,0,0,0,200000,0,0,0,200000,0,200000,200000
044267,潤泰全中信91購01,0,0,0,0,0,0,0,0,0,200000,0,0,0,200000,0,200000,200000
04066P,京元電凱基93售02,0,0,0,0,0,0,0,0,0,200000,0,0,0,200000,0,200000,200000
03098P,大立光凱基01售10,0,0,0,0,0,0,0,0,0,200000,0,0,0,200000,0,200000,200000
04266P,華新科元富93售02,0,0,0,0,0,0,0,0,0,200000,0,0,0,200000,0,200000,200000
044703,緯創元大91購03  ,0,0,0,0,0,0,0,0,0,200000,0,0,0,200000,0,200000,200000
044715,康友中信91購01  ,0,0,0,0,0,0,0,0,0,200000,0,0,0,200000,0,200000,200000
046252,冠德群益92購01  ,0,0,0,0,0,0,0,0,0,200000,0,0,0,221000,21000,200000,200000
049550,柏文群益94購01  ,0,0,0,0,0,0,0,0,0,200000,0,0,0,200000,0,200000,200000
046834,致伸群益93購02  ,0,0,0,0,0,0,0,0,0,200000,0,0,0,200000,0,200000,200000
047633,力山元大94購01  ,0,0,0,0,0,0,0,0,0,200000,0,0,0,200000,0,200000,200000
046797,T50反1元大96購01,0,0,0,0,0,0,0,0,0,200000,0,0,0,200000,0,200000,200000
047136,潤泰全凱基94購01,0,0,0,0,0,0,0,0,0,200000,0,0,0,200000,0,200000,200000
046403,技嘉元大92購01  ,0,0,0,0,0,0,0,0,0,200000,0,0,0,200000,0,200000,200000
050359,T50反1元大94購05,0,0,0,0,0,0,0,0,0,200000,0,0,0,200000,0,200000,200000
050416,高股息凱基96購02,0,0,0,0,0,0,0,0,0,200000,0,0,0,200000,0,200000,200000
050957,T50反1台新05購01,0,0,0,0,0,0,0,0,0,200000,0,0,0,200000,0,200000,200000
051358,台新金元大95購01,0,0,0,0,0,0,0,0,0,200000,0,0,0,200000,0,200000,200000
05266P,華新科元大95售11,0,0,0,0,0,0,0,0,0,200000,0,0,0,200000,0,200000,200000
052693,微星中信96購01  ,0,0,0,0,0,0,0,0,0,200000,0,0,0,200000,0,200000,200000
052598,滬深2X元大96購05,0,0,0,0,0,0,0,0,0,200000,0,0,0,200000,0,200000,200000
051782,昇陽半群益95購01,0,0,0,0,0,0,0,0,0,200000,0,0,0,200000,0,200000,200000
08672P,聯發科統一01售09,0,0,0,0,0,0,0,0,0,200000,0,0,0,200000,0,200000,200000
053078,昇陽半永豐97購02,0,0,0,0,0,0,0,0,0,199000,0,0,0,199000,0,199000,199000
053534,微星永豐96購02  ,0,0,0,0,0,0,0,0,0,199000,0,0,0,245000,46000,199000,199000
04019P,聯茂永豐93售01  ,0,0,0,0,0,0,0,0,0,199000,0,0,0,201000,2000,199000,199000
046126,致伸元大92購05  ,0,0,0,0,0,0,0,0,0,199000,0,0,0,199000,0,199000,199000
047475,為升凱基93購04  ,0,0,0,0,0,0,0,0,0,199000,0,0,0,200000,1000,199000,199000
04783P,貿聯元富94售01  ,0,0,0,0,0,0,0,0,0,199000,0,0,0,199000,0,199000,199000
051511,鈺齊中信97購01  ,0,0,0,0,0,0,0,0,0,199000,0,0,0,247000,48000,199000,199000
052209,深中小元大95購02,0,0,0,0,0,0,0,0,0,199000,0,0,0,400000,201000,199000,199000
054330,世芯永豐96購02  ,0,0,0,0,0,0,0,0,0,198000,0,0,0,484000,286000,198000,198000
045682,致伸元大92購01  ,0,0,0,0,0,0,0,0,0,198000,0,0,0,198000,0,198000,198000
04213P,台光電凱基93售11,0,0,0,0,0,0,0,0,0,198000,0,0,0,200000,2000,198000,198000
049431,光罩國票96購01  ,0,0,0,0,0,0,0,0,0,198000,0,0,0,500000,302000,198000,198000
1434,福懋            ,373000,175000,198000,0,0,0,0,0,0,0,0,0,0,0,0,0,198000
052973,冠德群益96購01  ,0,0,0,0,0,0,0,0,0,197000,0,0,0,197000,0,197000,197000
043171,冠德國泰93購01  ,0,0,0,0,0,0,0,0,0,197000,0,0,0,211000,14000,197000,197000
04075P,臺股指凱基93售11,0,0,0,0,0,0,0,0,0,197000,0,0,0,200000,3000,197000,197000
048712,樺漢台新94購01  ,0,0,0,0,0,0,0,0,0,197000,0,0,0,214000,17000,197000,197000
049761,亞德客國泰95購03,0,0,0,0,0,0,0,0,0,197000,0,0,0,283000,86000,197000,197000
049766,滬深2X元富94購02,0,0,0,0,0,0,0,0,0,197000,0,0,0,197000,0,197000,197000
4967,十銓            ,210000,13000,197000,0,0,0,0,0,0,0,0,0,0,0,0,0,197000
044273,微星群益92購01  ,0,0,0,0,0,0,0,0,0,196000,0,0,0,201000,5000,196000,196000
052503,大成鋼日盛95購02,0,0,0,0,0,0,0,0,0,196000,0,0,0,449000,253000,196000,196000
050790,昇陽半國泰96購02,0,0,0,0,0,0,0,0,0,196000,0,0,0,196000,0,196000,196000
053824,樺漢群益96購02  ,0,0,0,0,0,0,0,0,0,195000,0,0,0,242000,47000,195000,195000
049334,上銀統一94購01  ,0,0,0,0,0,0,0,0,0,195000,0,0,0,261000,66000,195000,195000
050161,鴻海國泰96購03  ,0,0,0,0,0,0,0,0,0,195000,0,0,0,337000,142000,195000,195000
052092,貿聯元大96購02  ,0,0,0,0,0,0,0,0,0,195000,0,0,0,347000,152000,195000,195000
045704,微星日盛92購01  ,0,0,0,0,0,0,0,0,0,194000,0,0,0,194000,0,194000,194000
051708,創意群益95購02  ,0,0,0,0,0,0,0,0,0,194000,0,0,0,256000,62000,194000,194000
051316,T50反1國票95購02,0,0,0,0,0,0,0,0,0,194000,0,0,0,200000,6000,194000,194000
05953P,台積電國票98售02,0,0,0,0,0,0,0,0,0,194000,0,0,0,423000,229000,194000,194000
053476,冠德元大96購03  ,0,0,0,0,0,0,0,0,0,193000,0,0,0,355000,162000,193000,193000
05502P,台表科國票97售01,0,0,0,0,0,0,0,0,0,193000,0,0,0,325000,132000,193000,193000
054464,奇力新凱基98購02,0,0,0,0,0,0,0,0,0,192000,0,0,0,481000,289000,192000,192000
053517,崇越群益97購01  ,0,0,0,0,0,0,0,0,0,192000,0,0,0,193000,1000,192000,192000
044509,台光電凱基93購03,0,0,0,0,0,0,0,0,0,192000,0,0,0,243000,51000,192000,192000
044326,大立光元富91購03,0,0,0,0,0,0,0,0,0,192000,0,0,0,218000,26000,192000,192000
047086,群創統一93購03  ,0,0,0,0,0,0,0,0,0,192000,0,0,0,368000,176000,192000,192000
051673,玉晶光元大96購04,0,0,0,0,0,0,0,0,0,192000,0,0,0,256000,64000,192000,192000
051654,致新永豐95購01  ,0,0,0,0,0,0,0,0,0,192000,0,0,0,247000,55000,192000,192000
052815,滬深2X永豐97購01,0,0,0,0,0,0,0,0,0,191000,0,0,0,191000,0,191000,191000
048025,鴻海凱基93購30  ,0,0,0,0,0,0,0,0,0,191000,0,0,0,192000,1000,191000,191000
047781,上銀國泰94購02  ,0,0,0,0,0,0,0,0,0,191000,0,0,0,307000,116000,191000,191000
048655,A50正2元富96購01,0,0,0,0,0,0,0,0,0,191000,0,0,0,191000,0,191000,191000
051930,國泰金兆豐97購01,0,0,0,0,0,0,0,0,0,191000,0,0,0,191000,0,191000,191000
055140,晶相光永豐97購01,0,0,0,0,0,0,0,0,0,190000,0,0,0,190000,0,190000,190000
044822,南電兆豐93購01  ,0,0,0,0,0,0,0,0,0,190000,0,0,0,210000,20000,190000,190000
043274,聯茂富邦92購01  ,0,0,0,0,0,0,0,0,0,190000,0,0,0,190000,0,190000,190000
049788,智伸科兆豐95購01,0,0,0,0,0,0,0,0,0,190000,0,0,0,375000,185000,190000,190000
047302,為升富邦97購01  ,0,0,0,0,0,0,0,0,0,190000,0,0,0,190000,0,190000,190000
049133,為升元大94購02  ,0,0,0,0,0,0,0,0,0,190000,0,0,0,200000,10000,190000,190000
05199P,訊芯永豐95售02  ,0,0,0,0,0,0,0,0,0,190000,0,0,0,200000,10000,190000,190000
05175P,TPK富邦99售01   ,0,0,0,0,0,0,0,0,0,190000,0,0,0,220000,30000,190000,190000
051650,矽力永豐95購01  ,0,0,0,0,0,0,0,0,0,190000,0,0,0,298000,108000,190000,190000
05208P,TPK中信95售01   ,0,0,0,0,0,0,0,0,0,190000,0,0,0,190000,0,190000,190000
052754,上証2X群益9A購01,0,0,0,0,0,0,0,0,0,189000,0,0,0,189000,0,189000,189000
050368,國巨元大94購14  ,0,0,0,0,0,0,0,0,0,189000,0,0,0,277000,88000,189000,189000
050332,鴻海國泰96購05  ,0,0,0,0,0,0,0,0,0,189000,0,0,0,267000,78000,189000,189000
04358P,TPK永豐94售01   ,0,0,0,0,0,0,0,0,0,188000,0,0,0,188000,0,188000,188000
045446,鴻海國泰94購01  ,0,0,0,0,0,0,0,0,0,188000,0,0,0,192000,4000,188000,188000
05172P,臺股指元大95售16,0,0,0,0,0,0,0,0,0,188000,0,0,0,188000,0,188000,188000
05949P,台積電國票96售09,0,0,0,0,0,0,0,0,0,188000,0,0,0,484000,296000,188000,188000
05711P,茂林國票97售03  ,0,0,0,0,0,0,0,0,0,188000,0,0,0,188000,0,188000,188000
05297P,臻鼎凱基95售04  ,0,0,0,0,0,0,0,0,0,187000,0,0,0,187000,0,187000,187000
05453P,智邦群益95售03  ,0,0,0,0,0,0,0,0,0,187000,0,0,0,208000,21000,187000,187000
041974,元油2X中信92購01,0,0,0,0,0,0,0,0,0,187000,0,0,0,187000,0,187000,187000
042994,葡萄王元大94購02,0,0,0,0,0,0,0,0,0,187000,0,0,0,197000,10000,187000,187000
051466,玉晶光富邦97購01,0,0,0,0,0,0,0,0,0,187000,0,0,0,240000,53000,187000,187000
2395,研華            ,322555,129000,193555,0,0,0,0,7000,-7000,0,0,0,0,0,0,0,186555
055170,光磊統一97購01  ,0,0,0,0,0,0,0,0,0,186000,0,0,0,186000,0,186000,186000
052803,冠德元大96購01  ,0,0,0,0,0,0,0,0,0,186000,0,0,0,186000,0,186000,186000
053759,晶相光國泰98購01,0,0,0,0,0,0,0,0,0,186000,0,0,0,243000,57000,186000,186000
047380,統一元大93購01  ,0,0,0,0,0,0,0,0,0,186000,0,0,0,196000,10000,186000,186000
05635P,健策台新96售02  ,0,0,0,0,0,0,0,0,0,186000,0,0,0,201000,15000,186000,186000
6166,凌華            ,415000,223000,192000,0,0,0,0,0,0,-6000,1000,2000,-1000,0,5000,-5000,186000
053146,滬深2X元大96購08,0,0,0,0,0,0,0,0,0,185000,0,0,0,185000,0,185000,185000
054129,技嘉元大96購02  ,0,0,0,0,0,0,0,0,0,184000,0,0,0,185000,1000,184000,184000
043735,元金2X元大94購01,0,0,0,0,0,0,0,0,0,184000,0,0,0,185000,1000,184000,184000
048612,嘉晶凱基93購05  ,0,0,0,0,0,0,0,0,0,184000,0,0,0,190000,6000,184000,184000
04848P,康控凱基94售02  ,0,1000,-1000,0,0,0,0,0,0,185000,0,0,0,185000,0,185000,184000
046760,冠德凱基93購02  ,0,0,0,0,0,0,0,0,0,184000,0,0,0,204000,20000,184000,184000
04808P,訊芯永豐94售02  ,0,0,0,0,0,0,0,0,0,183000,0,0,0,183000,0,183000,183000
9802,鈺齊-KY         ,407000,251000,156000,0,0,0,307000,330000,-23000,50000,0,0,0,122000,72000,50000,183000
053022,欣興國泰98購01  ,0,0,0,0,0,0,0,0,0,182000,0,0,0,605000,423000,182000,182000
053480,祥碩元大96購02  ,0,0,0,0,0,0,0,0,0,182000,0,0,0,319000,137000,182000,182000
046973,矽力群益93購01  ,0,0,0,0,0,0,0,0,0,182000,0,0,0,202000,20000,182000,182000
048639,漢唐元大93購07  ,0,0,0,0,0,0,0,0,0,182000,0,0,0,182000,0,182000,182000
050321,GIS國票95購02   ,0,0,0,0,0,0,0,0,0,182000,0,0,0,250000,68000,182000,182000
9911,櫻花            ,452000,161000,291000,0,0,0,0,0,0,-109000,0,109000,-109000,0,0,0,182000
053964,上銀元大96購05  ,0,0,0,0,0,0,0,0,0,181000,0,0,0,265000,84000,181000,181000
052978,貿聯麥證97購01  ,0,0,0,239000,58000,181000,0,0,0,181000,0,0,0,239000,58000,181000,181000
053314,A50正2群益9A購01,0,0,0,0,0,0,0,0,0,181000,0,0,0,193000,12000,181000,181000
045733,瑞昱國票93購01  ,0,0,0,0,0,0,0,0,0,181000,0,0,0,181000,0,181000,181000
049739,大立光群益94購05,0,0,0,0,0,0,0,0,0,181000,0,0,0,214000,33000,181000,181000
047360,鴻海群益95購02  ,0,0,0,0,0,0,0,0,0,181000,0,0,0,377000,196000,181000,181000
043051,天鈺國泰93購01  ,0,0,0,0,0,0,0,0,0,180000,0,0,0,200000,20000,180000,180000
045080,大立光元大93購06,0,0,0,0,0,0,0,0,0,180000,0,0,0,180000,0,180000,180000
047102,潤泰全富邦95購01,0,0,0,0,0,0,0,0,0,180000,0,0,0,180000,0,180000,180000
050812,台積電凱基95購01,0,0,0,0,0,0,0,0,0,180000,0,0,0,190000,10000,180000,180000
3031,佰鴻            ,190000,7000,183000,0,0,0,0,3000,-3000,0,0,0,0,0,0,0,180000
06012P,世芯國票96售01  ,0,0,0,0,0,0,0,0,0,180000,0,0,0,502000,322000,180000,180000
053332,創意永豐96購03  ,0,0,0,0,0,0,0,0,0,179000,0,0,0,214000,35000,179000,179000
054293,健策元大98購02  ,0,0,0,0,0,0,0,0,0,179000,0,0,0,440000,261000,179000,179000
050623,致新元大94購05  ,0,0,0,0,0,0,0,0,0,179000,0,0,0,264000,85000,179000,179000
051753,華通元大96購03  ,0,0,0,0,0,0,0,0,0,179000,0,0,0,208000,29000,179000,179000
04348P,燿華國票94售01  ,0,0,0,0,0,0,0,0,0,178000,0,0,0,178000,0,178000,178000
050307,欣興中信95購01  ,0,0,0,0,0,0,0,0,0,178000,0,0,0,253000,75000,178000,178000
053284,樺漢元大97購01  ,0,0,0,0,0,0,0,0,0,177000,0,0,0,309000,132000,177000,177000
04010P,上銀元大93售07  ,0,0,0,0,0,0,0,0,0,177000,0,0,0,288000,111000,177000,177000
050333,鴻海國泰96購06  ,0,0,0,0,0,0,0,0,0,177000,0,0,0,268000,91000,177000,177000
050750,上銀統一94購02  ,0,0,0,0,0,0,0,0,0,177000,0,0,0,447000,270000,177000,177000
053087,冠德元大96購02  ,0,0,0,0,0,0,0,0,0,176000,0,0,0,285000,109000,176000,176000
052175,可成元大95購10  ,0,0,0,0,0,0,0,0,0,176000,0,0,0,276000,100000,176000,176000
055262,台虹國泰98購01  ,0,0,0,0,0,0,0,0,0,176000,0,0,0,188000,12000,176000,176000
054561,奇力新群益97購03,0,0,0,0,0,0,0,0,0,175000,0,0,0,249000,74000,175000,175000
045830,亞德客群益92購02,0,0,0,0,0,0,0,0,0,175000,0,0,0,175000,0,175000,175000
051481,聯詠凱基95購02  ,0,0,0,0,0,0,0,0,0,175000,0,0,0,185000,10000,175000,175000
1604,聲寶            ,199000,26000,173000,0,0,0,0,0,0,2000,0,0,0,2000,0,2000,175000
053001,力山永豐96購01  ,0,0,0,0,0,0,0,0,0,174000,0,0,0,174000,0,174000,174000
046073,日月光凱基92購03,0,0,0,0,0,0,0,0,0,174000,0,0,0,180000,6000,174000,174000
046981,智伸科兆豐94購01,0,0,0,0,0,0,0,0,0,174000,0,0,0,278000,104000,174000,174000
046731,嘉聯益元大93購03,0,0,0,0,0,0,0,0,0,174000,0,0,0,209000,35000,174000,174000
051451,世芯元大95購03  ,0,0,0,0,0,0,0,0,0,174000,0,0,0,323000,149000,174000,174000
1440,南紡            ,187000,13000,174000,0,0,0,0,0,0,0,0,0,0,0,0,0,174000
055231,大毅國票98購02  ,0,0,0,0,0,0,0,0,0,174000,0,0,0,175000,1000,174000,174000
053198,亞德客日盛96購01,0,0,0,0,0,0,0,0,0,173000,0,0,0,193000,20000,173000,173000
00728,第一金工業30    ,0,0,0,0,0,0,0,0,0,173000,0,0,0,823000,650000,173000,173000
044751,鴻海凱基93購08  ,0,0,0,0,0,0,0,0,0,173000,0,0,0,248000,75000,173000,173000
049667,大立光國泰96購01,0,0,0,0,0,0,0,0,0,173000,0,0,0,209000,36000,173000,173000
052193,國巨元富95購06  ,0,0,0,0,0,0,0,0,0,173000,0,0,0,197000,24000,173000,173000
3005,神基            ,362000,175000,187000,0,0,0,0,3000,-3000,-11000,0,0,0,0,11000,-11000,173000
052744,聯詠元大97購01  ,0,0,0,0,0,0,0,0,0,172000,0,0,0,488000,316000,172000,172000
05470P,康控元大95售05  ,0,0,0,0,0,0,0,0,0,172000,0,0,0,203000,31000,172000,172000
05684P,臺股指元大96售09,0,0,0,0,0,0,0,0,0,172000,0,0,0,174000,2000,172000,172000
055172,凱美統一97購02  ,0,0,0,0,0,0,0,0,0,171000,0,0,0,171000,0,171000,171000
053430,樺漢永豐96購01  ,0,0,0,0,0,0,0,0,0,171000,0,0,0,265000,94000,171000,171000
047664,智邦永豐93購02  ,0,0,0,0,0,0,0,0,0,171000,0,0,0,171000,0,171000,171000
050763,楠梓電元大94購03,0,0,0,0,0,0,0,0,0,171000,0,0,0,250000,79000,171000,171000
051287,台積電統一95購05,0,0,0,0,0,0,0,0,0,171000,0,0,0,483000,312000,171000,171000
053315,漢唐群益96購02  ,0,0,0,0,0,0,0,0,0,170000,0,0,0,200000,30000,170000,170000
044157,大立光永豐91購05,0,0,0,0,0,0,0,0,0,170000,0,0,0,170000,0,170000,170000
043663,大立光元大92購07,0,0,0,0,0,0,0,0,0,170000,0,0,0,170000,0,170000,170000
04316P,華新科國票94售05,0,0,0,0,0,0,0,0,0,170000,0,0,0,190000,20000,170000,170000
042914,大立光元大92購06,0,0,0,0,0,0,0,0,0,170000,0,0,0,170000,0,170000,170000
045012,大立光元大92購09,0,0,0,0,0,0,0,0,0,170000,0,0,0,170000,0,170000,170000
046646,冠德國泰94購01  ,0,0,0,0,0,0,0,0,0,170000,0,0,0,194000,24000,170000,170000
050849,智伸科國票95購01,0,0,0,0,0,0,0,0,0,170000,0,0,0,170000,0,170000,170000
2357,華碩            ,456884,273000,183884,0,0,0,0,7000,-7000,-7000,0,5000,-5000,0,2000,-2000,169884
1319,東陽            ,193610,22000,171610,0,0,0,0,1000,-1000,-1000,1000,2000,-1000,0,0,0,169610
04402P,TPK兆豐95售01   ,0,0,0,0,0,0,0,0,0,169000,0,0,0,169000,0,169000,169000
055285,華新科元大99購03,0,0,0,0,0,0,0,0,0,169000,0,0,0,280000,111000,169000,169000
03889P,國巨國泰94售04  ,0,0,0,0,0,0,0,0,0,168000,0,0,0,168000,0,168000,168000
045214,上銀元大92購06  ,0,0,0,0,0,0,0,0,0,168000,0,0,0,220000,52000,168000,168000
051034,正崴兆豐95購01  ,0,0,0,0,0,0,0,0,0,168000,0,0,0,168000,0,168000,168000
052342,茂林凱基96購01  ,0,0,0,0,0,0,0,0,0,168000,0,0,0,278000,110000,168000,168000
051765,健鼎元大95購03  ,0,0,0,0,0,0,0,0,0,168000,0,0,0,168000,0,168000,168000
052023,鈺齊永豐95購02  ,0,0,0,0,0,0,0,0,0,168000,0,0,0,168000,0,168000,168000
06148P,台積電元大97售17,0,0,0,0,0,0,0,0,0,168000,0,0,0,318000,150000,168000,168000
053153,大立光元大99購02,0,0,0,0,0,0,0,0,0,167000,0,0,0,190000,23000,167000,167000
06018P,康控凱基96售03  ,0,0,0,0,0,0,0,0,0,167000,0,0,0,167000,0,167000,167000
052798,滬深2X元大96購07,0,0,0,0,0,0,0,0,0,166000,0,0,0,197000,31000,166000,166000
045073,可成元大93購01  ,0,0,0,0,0,0,0,0,0,166000,0,0,0,278000,112000,166000,166000
04456P,日月光統一94售01,0,0,0,0,0,0,0,0,0,165000,0,0,0,165000,0,165000,165000
047944,中石化元富96購01,0,0,0,0,0,0,0,0,0,165000,0,0,0,320000,155000,165000,165000
054233,聯發科群益96購04,0,0,0,0,0,0,0,0,0,164000,0,0,0,219000,55000,164000,164000
04930P,國巨統一94售08  ,0,0,0,0,0,0,0,0,0,164000,0,0,0,204000,40000,164000,164000
054094,創意群益96購02  ,0,0,0,0,0,0,0,0,0,163000,0,0,0,193000,30000,163000,163000
054397,創意永豐96購05  ,0,0,0,0,0,0,0,0,0,163000,0,0,0,166000,3000,163000,163000
055037,宏盛富邦99購01  ,0,0,0,0,0,0,0,0,0,163000,0,0,0,183000,20000,163000,163000
053183,大立光元富96購03,0,0,0,0,0,0,0,0,0,163000,0,0,0,163000,0,163000,163000
04507P,台光電元大94售03,0,0,0,0,0,0,0,0,0,163000,0,0,0,163000,0,163000,163000
00703,台新MSCI中國    ,0,0,0,0,0,0,0,0,0,163000,11000,0,11000,311000,159000,152000,163000
054427,潤泰全富邦97購01,0,0,0,0,0,0,0,0,0,162000,0,0,0,168000,6000,162000,162000
044212,鴻海凱基93購04  ,0,0,0,0,0,0,0,0,0,162000,0,0,0,163000,1000,162000,162000
052243,致茂康和95購01  ,0,0,0,0,0,0,0,0,0,162000,0,0,0,205000,43000,162000,162000
050640,致新國票94購01  ,0,0,0,0,0,0,0,0,0,162000,0,0,0,162000,0,162000,162000
2836,高雄銀          ,163000,1000,162000,0,0,0,0,0,0,0,0,0,0,0,0,0,162000
5522,遠雄            ,194000,47000,147000,0,0,0,0,0,0,15000,15000,0,15000,0,0,0,162000
04163P,可成統一93售03  ,0,0,0,0,0,0,0,0,0,161000,0,0,0,161000,0,161000,161000
04376P,漢唐元大94售04  ,0,0,0,0,0,0,0,0,0,161000,0,0,0,166000,5000,161000,161000
6415,矽力-KY         ,620398,410000,210398,0,0,0,0,0,0,-50000,11000,10000,1000,24000,75000,-51000,160398
054815,台積電元大97購14,0,0,0,0,0,0,0,0,0,160000,0,0,0,310000,150000,160000,160000
03647P,京元電元富95售02,0,0,0,0,0,0,0,0,0,160000,0,0,0,160000,0,160000,160000
04586P,光罩永豐94售02  ,0,0,0,0,0,0,0,0,0,160000,0,0,0,160000,0,160000,160000
050706,柏文凱基94購01  ,0,0,0,0,0,0,0,0,0,160000,0,0,0,200000,40000,160000,160000
051336,智原永豐95購01  ,0,0,0,0,0,0,0,0,0,160000,0,0,0,214000,54000,160000,160000
051173,元油2X凱基98購01,0,0,0,0,0,0,0,0,0,160000,0,0,0,225000,65000,160000,160000
05825P,臺股指凱基96售22,0,0,0,0,0,0,0,0,0,160000,0,0,0,160000,0,160000,160000
044275,欣興群益92購01  ,0,0,0,0,0,0,0,0,0,159000,0,0,0,159000,0,159000,159000
044252,友達麥證91購01  ,0,0,0,159000,0,159000,0,0,0,159000,0,0,0,159000,0,159000,159000
045639,冠德凱基93購01  ,0,0,0,0,0,0,0,0,0,159000,0,0,0,159000,0,159000,159000
053994,微星群益96購01  ,0,0,0,0,0,0,0,0,0,158000,0,0,0,158000,0,158000,158000
053827,漢唐麥證9A購01  ,0,0,0,200000,42000,158000,0,0,0,158000,0,0,0,200000,42000,158000,158000
044200,群創國票93購01  ,0,0,0,0,0,0,0,0,0,158000,0,0,0,209000,51000,158000,158000
051078,力山富邦97購01  ,0,0,0,0,0,0,0,0,0,158000,0,0,0,178000,20000,158000,158000
052214,智伸科元大96購01,0,0,0,0,0,0,0,0,0,158000,0,0,0,414000,256000,158000,158000
2505,國揚            ,274000,114000,160000,0,0,0,0,0,0,-2000,0,0,0,77000,79000,-2000,158000
053870,正文元大96購01  ,0,0,0,0,0,0,0,0,0,157000,0,0,0,455000,298000,157000,157000
055006,晶相光元富9A購01,0,0,0,0,0,0,0,0,0,157000,0,0,0,365000,208000,157000,157000
04104P,臺股指國票93售11,0,0,0,0,0,0,0,0,0,157000,0,0,0,286000,129000,157000,157000
040197,晶電群益92購01  ,0,0,0,0,0,0,0,0,0,157000,0,0,0,159000,2000,157000,157000
049386,嘉聯益元大95購01,0,0,0,0,0,0,0,0,0,157000,0,0,0,212000,55000,157000,157000
047107,上銀元大93購04  ,0,0,0,0,0,0,0,0,0,157000,0,0,0,230000,73000,157000,157000
052456,滬深2X元富9B購03,0,0,0,0,0,0,0,0,0,157000,0,0,0,158000,1000,157000,157000
1714,和桐            ,340000,185000,155000,0,0,0,0,0,0,2000,2000,0,2000,0,0,0,157000
055270,上銀元大97購03  ,0,0,0,0,0,0,0,0,0,157000,0,0,0,460000,303000,157000,157000
6202,盛群            ,304000,116000,188000,0,0,0,0,0,0,-31000,0,31000,-31000,0,0,0,157000
053481,同欣電元大97購01,0,0,0,0,0,0,0,0,0,156000,0,0,0,195000,39000,156000,156000
05305P,華新科國泰97售01,0,0,0,0,0,0,0,0,0,156000,0,0,0,156000,0,156000,156000
046298,聯發科富邦94購01,0,0,0,0,0,0,0,0,0,156000,0,0,0,345000,189000,156000,156000
049913,微星元大94購01  ,0,0,0,0,0,0,0,0,0,156000,0,0,0,183000,27000,156000,156000
1476,儒鴻            ,241781,90000,151781,0,0,0,0,0,0,4000,6000,10000,-4000,9000,1000,8000,155781
052869,新日興凱基96購01,0,0,0,0,0,0,0,0,0,155000,0,0,0,194000,39000,155000,155000
053366,樺漢國泰98購01  ,0,0,0,0,0,0,0,0,0,155000,0,0,0,494000,339000,155000,155000
048791,智原元大94購02  ,0,0,0,0,0,0,0,0,0,155000,0,0,0,177000,22000,155000,155000
046945,大毅元大93購01  ,0,0,0,0,0,0,0,0,0,155000,0,0,0,155000,0,155000,155000
050496,鴻海富邦96購01  ,0,0,0,0,0,0,0,0,0,155000,0,0,0,279000,124000,155000,155000
050172,臺指反元大98購02,0,0,0,0,0,0,0,0,0,155000,0,0,0,255000,100000,155000,155000
046671,彩晶元大93購03  ,0,0,0,0,0,0,0,0,0,154000,0,0,0,165000,11000,154000,154000
052218,大立光日盛95購01,0,0,0,0,0,0,0,0,0,154000,0,0,0,164000,10000,154000,154000
049398,微星群益94購02  ,0,0,0,0,0,0,0,0,0,153000,0,0,0,179000,26000,153000,153000
051420,康控國票95購05  ,0,0,0,0,0,0,0,0,0,153000,0,0,0,160000,7000,153000,153000
051075,智邦國泰97購01  ,0,0,0,0,0,0,0,0,0,153000,0,0,0,189000,36000,153000,153000
6533,晶心科          ,180000,7000,173000,0,0,0,0,0,0,-20000,0,20000,-20000,0,0,0,153000
3596,智易            ,228045,174000,54045,0,0,0,0,0,0,98000,4000,6000,-2000,129000,29000,100000,152045
048991,昇陽半元大94購01,0,0,0,0,0,0,0,0,0,152000,0,0,0,161000,9000,152000,152000
046054,冠德群益93購01  ,0,0,0,0,0,0,0,0,0,152000,0,0,0,152000,0,152000,152000
04233P,儒鴻兆豐93售01  ,0,0,0,0,0,0,0,0,0,152000,0,0,0,152000,0,152000,152000
046611,樺漢日盛93購01  ,0,0,0,0,0,0,0,0,0,152000,0,0,0,180000,28000,152000,152000
050994,欣興元大96購03  ,0,0,0,0,0,0,0,0,0,152000,0,0,0,240000,88000,152000,152000
05330P,臺股指凱基95售14,0,0,0,0,0,0,0,0,0,151000,0,0,0,173000,22000,151000,151000
048902,昇陽半國泰96購01,0,0,0,0,0,0,0,0,0,151000,0,0,0,186000,35000,151000,151000
045327,智伸科永豐92購01,0,0,0,0,0,0,0,0,0,151000,0,0,0,151000,0,151000,151000
3024,憶聲            ,155000,4000,151000,0,0,0,0,0,0,0,0,0,0,0,0,0,151000
05653P,華邦電統一96售02,0,0,0,0,0,0,0,0,0,151000,0,0,0,211000,60000,151000,151000
053190,聯發科統一99購01,0,0,0,0,0,0,0,0,0,150000,0,0,0,160000,10000,150000,150000
052830,台光電群益96購01,0,0,0,0,0,0,0,0,0,150000,0,0,0,244000,94000,150000,150000
048918,上証2X永豐94購01,0,0,0,0,0,0,0,0,0,150000,0,0,0,150000,0,150000,150000
04228P,貿聯永豐93售03  ,0,0,0,0,0,0,0,0,0,150000,0,0,0,150000,0,150000,150000
037536,道瓊反元富93購01,0,0,0,0,0,0,0,0,0,150000,0,0,0,150000,0,150000,150000
048402,聯茂兆豐95購01  ,0,0,0,0,0,0,0,0,0,150000,0,0,0,150000,0,150000,150000
048414,滬深2X統一98購01,0,0,0,0,0,0,0,0,0,150000,0,0,0,190000,40000,150000,150000
046946,益航元大94購01  ,0,0,0,0,0,0,0,0,0,150000,0,0,0,160000,10000,150000,150000
046764,亞光凱基93購03  ,0,0,0,0,0,0,0,0,0,150000,0,0,0,150000,0,150000,150000
06035P,同欣電凱基96售03,0,0,0,0,0,0,0,0,0,150000,0,0,0,150000,0,150000,150000
2399,映泰            ,239000,89000,150000,0,0,0,0,0,0,0,0,0,0,0,0,0,150000
053080,力山元大96購02  ,0,0,0,0,0,0,0,0,0,149000,0,0,0,329000,180000,149000,149000
053750,致伸永豐96購02  ,0,0,0,0,0,0,0,0,0,149000,0,0,0,169000,20000,149000,149000
047637,旺宏元大94購03  ,0,0,0,0,0,0,0,0,0,149000,0,0,0,235000,86000,149000,149000
052067,中磊兆豐96購01  ,0,0,0,0,0,0,0,0,0,149000,0,0,0,169000,20000,149000,149000
054682,東元永豐97購01  ,0,0,0,0,0,0,0,0,0,148000,0,0,0,216000,68000,148000,148000
046162,致新群益92購01  ,0,0,0,0,0,0,0,0,0,148000,0,0,0,178000,30000,148000,148000
045883,元油2X元大95購07,0,0,0,0,0,0,0,0,0,148000,0,0,0,181000,33000,148000,148000
048731,創意麥證94購01  ,0,0,0,148000,0,148000,0,0,0,148000,0,0,0,148000,0,148000,148000
046476,鴻海統一96購01  ,0,0,0,0,0,0,0,0,0,148000,0,0,0,148000,0,148000,148000
052375,奇力新元大96購02,0,0,0,0,0,0,0,0,0,148000,0,0,0,154000,6000,148000,148000
052604,建準元大97購01  ,0,0,0,0,0,0,0,0,0,148000,0,0,0,343000,195000,148000,148000
05268P,玉晶光元大98售01,0,0,0,0,0,0,0,0,0,148000,0,0,0,292000,144000,148000,148000
051380,禾伸堂群益95購01,0,0,0,0,0,0,0,0,0,148000,0,0,0,218000,70000,148000,148000
06010P,國泰金元富96售01,0,0,0,0,0,0,0,0,0,148000,0,0,0,148000,0,148000,148000
05718P,國巨元大96售09  ,0,0,0,0,0,0,0,0,0,148000,0,0,0,487000,339000,148000,148000
053396,漢唐中信9A購01  ,0,0,0,0,0,0,0,0,0,147000,0,0,0,200000,53000,147000,147000
041233,智易元大91購01  ,0,0,0,0,0,0,0,0,0,147000,0,0,0,200000,53000,147000,147000
049318,樺漢凱基94購01  ,0,0,0,0,0,0,0,0,0,147000,0,0,0,148000,1000,147000,147000
052610,貿聯元大97購01  ,0,0,0,0,0,0,0,0,0,147000,0,0,0,231000,84000,147000,147000
05248P,矽創群益96售01  ,0,0,0,0,0,0,0,0,0,147000,0,0,0,167000,20000,147000,147000
1339,昭輝            ,244000,97000,147000,0,0,0,0,0,0,0,0,0,0,0,0,0,147000
9904,寶成            ,1618336,1683000,-64664,0,0,0,223000,0,223000,-12000,0,2000,-2000,0,10000,-10000,146336
053563,台積電富邦97購01,0,0,0,0,0,0,0,0,0,146000,0,0,0,274000,128000,146000,146000
053977,新日興元大96購03,0,0,0,0,0,0,0,0,0,146000,0,0,0,377000,231000,146000,146000
03827P,矽創國票94售01  ,0,0,0,0,0,0,0,0,0,146000,0,0,0,146000,0,146000,146000
048882,智原統一96購01  ,0,0,0,0,0,0,0,0,0,146000,0,0,0,293000,147000,146000,146000
4142,國光生          ,268000,107000,161000,0,0,0,0,0,0,-15000,5000,20000,-15000,0,0,0,146000
052734,台表科國泰98購02,0,0,0,0,0,0,0,0,0,145000,0,0,0,221000,76000,145000,145000
044537,上銀群益92購01  ,0,0,0,0,0,0,0,0,0,145000,0,0,0,185000,40000,145000,145000
049828,華新科凱基94購06,0,0,0,0,0,0,0,0,0,145000,0,0,0,172000,27000,145000,145000
048491,A50元大93購01   ,0,0,0,0,0,0,0,0,0,145000,0,0,0,160000,15000,145000,145000
4426,利勤            ,154000,9000,145000,0,0,0,0,0,0,0,0,0,0,0,0,0,145000
3052,夆典            ,175000,30000,145000,0,0,0,0,0,0,0,0,0,0,0,0,0,145000
3533,嘉澤            ,236000,89000,147000,0,0,0,0,5000,-5000,3000,7000,6000,1000,6000,4000,2000,145000
2436,偉詮電          ,142000,7000,135000,0,0,0,0,0,0,10000,10000,0,10000,0,0,0,145000
05820P,臺股指凱基96售17,0,0,0,0,0,0,0,0,0,145000,0,0,0,191000,46000,145000,145000
054292,欣興元大96購06  ,0,0,0,0,0,0,0,0,0,144000,0,0,0,763000,619000,144000,144000
045762,微星統一92購01  ,0,0,0,0,0,0,0,0,0,144000,0,0,0,144000,0,144000,144000
049542,鴻海群益94購05  ,0,0,0,0,0,0,0,0,0,144000,0,0,0,167000,23000,144000,144000
046919,大毅永豐93購01  ,0,0,0,0,0,0,0,0,0,144000,0,0,0,225000,81000,144000,144000
047118,欣興元大93購06  ,0,0,0,0,0,0,0,0,0,144000,0,0,0,523000,379000,144000,144000
06028P,智邦台新97售01  ,0,0,0,0,0,0,0,0,0,144000,0,0,0,180000,36000,144000,144000
2201,裕隆            ,245000,89000,156000,0,0,0,0,0,0,-12000,0,0,0,0,12000,-12000,144000
054439,健策台新96購03  ,0,0,0,0,0,0,0,0,0,143000,0,0,0,251000,108000,143000,143000
052891,台泥群益96購01  ,0,0,0,0,0,0,0,0,0,143000,0,0,0,205000,62000,143000,143000
053862,南亞科元大97購02,0,0,0,0,0,0,0,0,0,143000,0,0,0,208000,65000,143000,143000
048555,技嘉元大93購02  ,0,0,0,0,0,0,0,0,0,143000,0,0,0,143000,0,143000,143000
05090P,國巨元大95售05  ,0,0,0,0,0,0,0,0,0,143000,0,0,0,188000,45000,143000,143000
006207,FH滬深          ,57000,120000,-63000,0,0,0,0,0,0,205000,0,0,0,690000,485000,205000,142000
043870,光磊元大92購01  ,0,0,0,0,0,0,0,0,0,142000,0,0,0,142000,0,142000,142000
046573,上緯控國泰94購01,0,0,0,0,0,0,0,0,0,142000,0,0,0,224000,82000,142000,142000
2359,所羅門          ,178000,36000,142000,0,0,0,0,0,0,0,0,0,0,0,0,0,142000
052813,T50正2永豐96購01,0,0,0,0,0,0,0,0,0,141000,0,0,0,151000,10000,141000,141000
054394,奇力新永豐96購03,0,0,0,0,0,0,0,0,0,141000,0,0,0,159000,18000,141000,141000
053978,創意元大96購05  ,0,0,0,0,0,0,0,0,0,141000,0,0,0,210000,69000,141000,141000
051473,台積電凱基95購10,0,0,0,0,0,0,0,0,0,141000,0,0,0,156000,15000,141000,141000
05964P,華通凱基96售06  ,0,0,0,0,0,0,0,0,0,141000,0,0,0,144000,3000,141000,141000
04869P,鴻海元富95售02  ,0,0,0,0,0,0,0,0,0,140000,0,0,0,150000,10000,140000,140000
052431,茂林永豐95購03  ,0,0,0,0,0,0,0,0,0,140000,0,0,0,480000,340000,140000,140000
052642,滬深2X永豐96購03,0,0,0,0,0,0,0,0,0,140000,0,0,0,227000,87000,140000,140000
050987,台泥富邦95購01  ,0,0,0,0,0,0,0,0,0,140000,0,0,0,240000,100000,140000,140000
053197,超眾元富96購02  ,0,0,0,0,0,0,0,0,0,139000,0,0,0,199000,60000,139000,139000
053489,上銀兆豐97購01  ,0,0,0,0,0,0,0,0,0,139000,0,0,0,191000,52000,139000,139000
006206,元大上證50      ,27000,169000,-142000,0,0,0,0,0,0,281000,0,0,0,282000,1000,281000,139000
048898,晶相光國泰96購01,0,0,0,0,0,0,0,0,0,139000,0,0,0,353000,214000,139000,139000
048093,聯發科凱基93購30,0,0,0,0,0,0,0,0,0,139000,0,0,0,227000,88000,139000,139000
04978P,台表科凱基94售02,0,0,0,0,0,0,0,0,0,139000,0,0,0,203000,64000,139000,139000
050036,矽格元大94購03  ,0,0,0,0,0,0,0,0,0,139000,0,0,0,141000,2000,139000,139000
050151,台積電群益94購12,0,0,0,0,0,0,0,0,0,139000,0,0,0,170000,31000,139000,139000
051943,台積電麥證95購03,0,0,0,181000,42000,139000,0,0,0,139000,0,0,0,181000,42000,139000,139000
053454,創意統一96購02  ,0,0,0,0,0,0,0,0,0,138000,0,0,0,192000,54000,138000,138000
054527,國巨統一97購03  ,0,0,0,0,0,0,0,0,0,138000,0,0,0,138000,0,138000,138000
054602,聯詠台新97購01  ,0,0,0,0,0,0,0,0,0,138000,0,0,0,138000,0,138000,138000
049530,上銀台新94購01  ,0,0,0,0,0,0,0,0,0,138000,0,0,0,141000,3000,138000,138000
046794,智伸科元富93購01,0,0,0,0,0,0,0,0,0,138000,0,0,0,636000,498000,138000,138000
051077,台郡國泰96購02  ,0,0,0,0,0,0,0,0,0,138000,0,0,0,264000,126000,138000,138000
2442,新美齊          ,208000,58000,150000,0,0,0,0,12423,-12423,0,0,0,0,0,0,0,137577
03027P,玉晶光元大01售09,0,0,0,0,0,0,0,0,0,137000,0,0,0,137000,0,137000,137000
048393,台光電國票93購02,0,0,0,0,0,0,0,0,0,137000,0,0,0,450000,313000,137000,137000
04711P,台光電元大94售05,0,0,0,0,0,0,0,0,0,137000,0,0,0,137000,0,137000,137000
046648,和鑫國泰94購01  ,0,0,0,0,0,0,0,0,0,137000,0,0,0,315000,178000,137000,137000
051243,微星元大95購01  ,0,0,0,0,0,0,0,0,0,137000,0,0,0,178000,41000,137000,137000
051215,大立光統一95購03,0,0,0,0,0,0,0,0,0,137000,0,0,0,365000,228000,137000,137000
2426,鼎元            ,175000,38000,137000,0,0,0,0,0,0,0,0,0,0,0,0,0,137000
2451,創見            ,195000,75000,120000,0,0,0,0,3000,-3000,20000,20000,0,20000,0,0,0,137000
054777,昇陽半國票98購01,0,0,0,0,0,0,0,0,0,136000,0,0,0,136000,0,136000,136000
055167,友訊統一97購01  ,0,0,0,0,0,0,0,0,0,136000,0,0,0,299000,163000,136000,136000
054032,上銀中信96購01  ,0,0,0,0,0,0,0,0,0,136000,0,0,0,202000,66000,136000,136000
043050,欣興國泰93購01  ,0,0,0,0,0,0,0,0,0,136000,0,0,0,142000,6000,136000,136000
046289,群創兆豐92購03  ,0,0,0,0,0,0,0,0,0,136000,0,0,0,136000,0,136000,136000
04938P,亞德客國票95售01,0,0,0,0,0,0,0,0,0,136000,0,0,0,146000,10000,136000,136000
05564P,玉晶光元大97售02,0,0,0,0,0,0,0,0,0,136000,0,0,0,286000,150000,136000,136000
3312,弘憶股          ,152000,3000,149000,0,0,0,0,0,0,-13000,0,13000,-13000,0,0,0,136000
4164,承業醫          ,159000,25000,134000,0,0,0,0,4000,-4000,6000,12000,6000,6000,0,0,0,136000
8463,潤泰材          ,149000,87000,62000,0,0,0,0,0,0,74000,85000,11000,74000,0,0,0,136000
05304P,國巨國泰97售02  ,0,0,0,0,0,0,0,0,0,135000,0,0,0,192000,57000,135000,135000
049224,致新國票95購01  ,0,0,0,0,0,0,0,0,0,135000,0,0,0,173000,38000,135000,135000
049825,台積電凱基94購26,0,0,0,0,0,0,0,0,0,135000,0,0,0,195000,60000,135000,135000
050188,貿聯元大96購01  ,0,0,0,0,0,0,0,0,0,135000,0,0,0,274000,139000,135000,135000
2338,光罩            ,569000,897000,-328000,0,0,0,50000,0,50000,413000,126000,27000,99000,362000,48000,314000,135000
06129P,玉晶光元富97售06,0,0,0,0,0,0,0,0,0,135000,0,0,0,175000,40000,135000,135000
053858,台達電元大96購05,0,0,0,0,0,0,0,0,0,134000,0,0,0,298000,164000,134000,134000
054483,聯電台新96購01  ,0,0,0,0,0,0,0,0,0,134000,0,0,0,134000,0,134000,134000
046031,建準元大92購03  ,0,0,0,0,0,0,0,0,0,134000,0,0,0,198000,64000,134000,134000
05679P,台表科群益96售05,0,0,0,0,0,0,0,0,0,134000,0,0,0,244000,110000,134000,134000
054335,緯穎永豐96購02  ,0,0,0,0,0,0,0,0,0,133000,0,0,0,148000,15000,133000,133000
053565,台光電富邦98購01,0,0,0,0,0,0,0,0,0,133000,0,0,0,133000,0,133000,133000
00737,國泰AI+Robo     ,0,6000,-6000,0,0,0,0,0,0,139000,0,0,0,222000,83000,139000,133000
04691P,智邦群益94售02  ,0,0,0,0,0,0,0,0,0,133000,0,0,0,263000,130000,133000,133000
047341,貿聯第一93購01  ,0,0,0,0,0,0,0,0,0,133000,0,0,0,240000,107000,133000,133000
053773,上銀元大96購04  ,0,0,0,0,0,0,0,0,0,132000,0,0,0,240000,108000,132000,132000
053257,華通富邦97購01  ,0,0,0,0,0,0,0,0,0,132000,0,0,0,146000,14000,132000,132000
054230,上銀群益96購03  ,0,0,0,0,0,0,0,0,0,132000,0,0,0,302000,170000,132000,132000
051108,鴻海統一96購02  ,0,0,0,0,0,0,0,0,0,132000,0,0,0,138000,6000,132000,132000
050936,國巨國票95購04  ,0,0,0,0,0,0,0,0,0,132000,0,0,0,135000,3000,132000,132000
052444,友訊元大95購01  ,0,0,0,0,0,0,0,0,0,132000,0,0,0,132000,0,132000,132000
9941,裕融            ,113000,6000,107000,0,0,0,0,0,0,25000,25000,0,25000,0,0,0,132000
047196,上銀統一97購01  ,0,0,0,0,0,0,0,0,0,131000,0,0,0,961000,830000,131000,131000
04820P,聯茂永豐94售02  ,0,0,0,0,0,0,0,0,0,131000,0,0,0,199000,68000,131000,131000
05223P,臻鼎凱基95售02  ,0,0,0,0,0,0,0,0,0,131000,0,0,0,161000,30000,131000,131000
051912,健鼎元大96購01  ,0,0,0,0,0,0,0,0,0,131000,0,0,0,151000,20000,131000,131000
3515,華擎            ,160000,43000,117000,0,0,0,0,0,0,14000,14000,0,14000,1000,1000,0,131000
2453,凌群            ,379000,242000,137000,0,0,0,0,0,0,-6000,0,6000,-6000,0,0,0,131000
054599,正崴台新97購01  ,0,0,0,0,0,0,0,0,0,130000,0,0,0,135000,5000,130000,130000
053699,臺股指元大96購22,0,0,0,0,0,0,0,0,0,130000,0,0,0,492000,362000,130000,130000
053404,致新群益96購01  ,0,0,0,0,0,0,0,0,0,130000,0,0,0,384000,254000,130000,130000
03788P,聯發科群益94售02,0,0,0,0,0,0,0,0,0,130000,0,0,0,130000,0,130000,130000
04253P,聯發科元富93售01,0,0,0,0,0,0,0,0,0,130000,0,0,0,140000,10000,130000,130000
04206P,臺股指元大93售46,0,0,0,0,0,0,0,0,0,130000,0,0,0,130000,0,130000,130000
045137,鴻海兆豐92購02  ,0,0,0,0,0,0,0,0,0,130000,0,0,0,130000,0,130000,130000
049039,富邦金兆豐94購01,0,0,0,0,0,0,0,0,0,130000,0,0,0,130000,0,130000,130000
04442P,矽格康和94售02  ,0,0,0,0,0,0,0,0,0,130000,0,0,0,130000,0,130000,130000
044614,聯茂兆豐92購02  ,0,0,0,0,0,0,0,0,0,130000,0,0,0,200000,70000,130000,130000
049793,為升元大94購04  ,0,0,0,0,0,0,0,0,0,130000,0,0,0,130000,0,130000,130000
052684,旺宏元大98購01  ,0,0,0,0,0,0,0,0,0,130000,0,0,0,226000,96000,130000,130000
06124P,超眾元大97售03  ,0,0,0,0,0,0,0,0,0,130000,0,0,0,130000,0,130000,130000
043916,群創凱基93購01  ,0,0,0,0,0,0,0,0,0,129000,0,0,0,285000,156000,129000,129000
05562P,鴻海元大96售16  ,0,0,0,0,0,0,0,0,0,129000,0,0,0,129000,0,129000,129000
053888,和大群益97購01  ,0,0,0,0,0,0,0,0,0,128000,0,0,0,239000,111000,128000,128000
03266P,寶成國票04售01  ,0,0,0,0,0,0,0,0,0,128000,0,0,0,200000,72000,128000,128000
044403,新日興凱基92購01,0,0,0,0,0,0,0,0,0,128000,0,0,0,128000,0,128000,128000
046486,樺漢國泰94購01  ,0,0,0,0,0,0,0,0,0,128000,0,0,0,283000,155000,128000,128000
050901,樺漢元大95購02  ,0,0,0,0,0,0,0,0,0,128000,0,0,0,176000,48000,128000,128000
2484,希華            ,145000,17000,128000,0,0,0,0,0,0,0,0,0,0,0,0,0,128000
045079,大立光元大93購05,0,0,0,0,0,0,0,0,0,127000,0,0,0,127000,0,127000,127000
047271,華通永豐93購01  ,0,0,0,0,0,0,0,0,0,127000,0,0,0,263000,136000,127000,127000
051166,可成元大95購02  ,0,0,0,0,0,0,0,0,0,127000,0,0,0,227000,100000,127000,127000
05000P,臺股指永豐95售01,0,0,0,0,0,0,0,0,0,127000,0,0,0,129000,2000,127000,127000
054650,南亞麥證97購01  ,0,0,0,126000,0,126000,0,0,0,126000,0,0,0,126000,0,126000,126000
00651R,FH香港反1       ,0,20000,-20000,0,0,0,0,0,0,146000,0,0,0,417000,271000,146000,126000
042787,新日興兆豐93購01,0,0,0,0,0,0,0,0,0,126000,0,0,0,174000,48000,126000,126000
054220,國巨統一97購02  ,0,0,0,0,0,0,0,0,0,125000,0,0,0,125000,0,125000,125000
054249,技嘉元大96購03  ,0,0,0,0,0,0,0,0,0,125000,0,0,0,125000,0,125000,125000
04328P,台達電中信93售02,0,0,0,0,0,0,0,0,0,125000,0,0,0,125000,0,125000,125000
04370P,聯茂凱基94售05  ,0,0,0,0,0,0,0,0,0,125000,0,0,0,125000,0,125000,125000
04506P,旺宏元大94售06  ,0,0,0,0,0,0,0,0,0,125000,0,0,0,135000,10000,125000,125000
046427,樺漢元大92購02  ,0,0,0,0,0,0,0,0,0,125000,0,0,0,240000,115000,125000,125000
051124,創意群益95購01  ,0,0,0,0,0,0,0,0,0,125000,0,0,0,127000,2000,125000,125000
1905,華紙            ,199000,74000,125000,0,0,0,0,0,0,0,0,0,0,0,0,0,125000
1103,嘉泥            ,423000,316000,107000,0,0,0,0,0,0,18000,0,0,0,19000,1000,18000,125000
054131,南亞科元大96購04,0,0,0,0,0,0,0,0,0,124000,0,0,0,170000,46000,124000,124000
054009,欣興元富96購03  ,0,0,0,0,0,0,0,0,0,124000,0,0,0,171000,47000,124000,124000
054072,台積電富邦98購02,0,0,0,0,0,0,0,0,0,124000,0,0,0,334000,210000,124000,124000
053254,群創國泰98購02  ,0,0,0,0,0,0,0,0,0,124000,0,0,0,165000,41000,124000,124000
048946,崇越永豐94購01  ,0,0,0,0,0,0,0,0,0,124000,0,0,0,298000,174000,124000,124000
049670,鈺齊國泰96購01  ,0,0,0,0,0,0,0,0,0,124000,0,0,0,124000,0,124000,124000
050254,大立光富邦96購02,0,0,0,0,0,0,0,0,0,124000,0,0,0,157000,33000,124000,124000
052194,旺宏元富95購04  ,0,0,0,0,0,0,0,0,0,124000,0,0,0,149000,25000,124000,124000
05162P,玉晶光國票96售03,0,0,0,0,0,0,0,0,0,124000,0,0,0,134000,10000,124000,124000
053036,聯電凱基98購01  ,0,0,0,0,0,0,0,0,0,123000,0,0,0,123000,0,123000,123000
052765,新日興群益97購01,0,0,0,0,0,0,0,0,0,123000,0,0,0,443000,320000,123000,123000
04418P,燿華永豐94售01  ,0,0,0,0,0,0,0,0,0,123000,0,0,0,126000,3000,123000,123000
046822,亞光凱基93購04  ,0,0,0,0,0,0,0,0,0,123000,0,0,0,163000,40000,123000,123000
06147P,國巨元大97售05  ,0,0,0,0,0,0,0,0,0,123000,0,0,0,123000,0,123000,123000
05532P,臺股指群益96售05,0,0,0,0,0,0,0,0,0,123000,0,0,0,193000,70000,123000,123000
9933,中鼎            ,374000,249000,125000,0,0,0,0,0,0,-2000,0,2000,-2000,0,0,0,123000
05378P,台積電凱基96售02,0,0,0,0,0,0,0,0,0,122000,0,0,0,123000,1000,122000,122000
054077,中石化中信98購01,0,0,0,0,0,0,0,0,0,122000,0,0,0,170000,48000,122000,122000
055139,欣興永豐97購01  ,0,0,0,0,0,0,0,0,0,122000,0,0,0,350000,228000,122000,122000
00634R,富邦上証反1     ,0,0,0,0,0,0,0,0,0,122000,0,0,0,424000,302000,122000,122000
04428P,台光電元大94售02,0,0,0,0,0,0,0,0,0,122000,0,0,0,137000,15000,122000,122000
044636,創意統一94購01  ,0,0,0,0,0,0,0,0,0,122000,0,0,0,122000,0,122000,122000
046804,群創元大94購01  ,0,0,0,0,0,0,0,0,0,122000,0,0,0,423000,301000,122000,122000
049827,正崴凱基94購01  ,0,0,0,0,0,0,0,0,0,122000,0,0,0,122000,0,122000,122000
055245,凱美統一99購01  ,0,0,0,0,0,0,0,0,0,122000,0,0,0,122000,0,122000,122000
054708,華通統一97購02  ,0,0,0,0,0,0,0,0,0,121000,0,0,0,186000,65000,121000,121000
054347,上緯控國票96購02,0,0,0,0,0,0,0,0,0,121000,0,0,0,132000,11000,121000,121000
053829,力成麥證96購01  ,0,0,0,121000,0,121000,0,0,0,121000,0,0,0,121000,0,121000,121000
03982P,智易國票94售02  ,0,0,0,0,0,0,0,0,0,121000,0,0,0,131000,10000,121000,121000
03481P,欣興群益02售08  ,0,0,0,0,0,0,0,0,0,121000,0,0,0,122000,1000,121000,121000
051463,世芯國泰97購02  ,0,0,0,0,0,0,0,0,0,121000,0,0,0,330000,209000,121000,121000
052289,為升元富95購02  ,0,0,0,0,0,0,0,0,0,121000,0,0,0,121000,0,121000,121000
05970P,超眾永豐96售03  ,0,0,0,0,0,0,0,0,0,121000,0,0,0,121000,0,121000,121000
06030P,友達兆豐96售02  ,0,0,0,0,0,0,0,0,0,121000,0,0,0,121000,0,121000,121000
053694,創意元大96購03  ,0,0,0,0,0,0,0,0,0,120000,0,0,0,216000,96000,120000,120000
053680,臺股指富邦96購01,0,0,0,0,0,0,0,0,0,120000,0,0,0,140000,20000,120000,120000
053291,旺宏中信9A購01  ,0,0,0,0,0,0,0,0,0,120000,0,0,0,130000,10000,120000,120000
03413P,華擎元大02售02  ,0,0,0,0,0,0,0,0,0,120000,0,0,0,120000,0,120000,120000
044584,世紀鋼凱基93購05,0,0,0,0,0,0,0,0,0,120000,0,0,0,120000,0,120000,120000
044307,GIS兆豐93購01   ,0,0,0,0,0,0,0,0,0,120000,0,0,0,270000,150000,120000,120000
049851,致伸群益94購03  ,0,0,0,0,0,0,0,0,0,120000,0,0,0,120000,0,120000,120000
047447,台郡元大94購02  ,0,0,0,0,0,0,0,0,0,120000,0,0,0,133000,13000,120000,120000
04690P,國巨群益94售06  ,0,0,0,0,0,0,0,0,0,120000,0,0,0,150000,30000,120000,120000
052284,日月光凱基96購01,0,0,0,0,0,0,0,0,0,120000,0,0,0,160000,40000,120000,120000
051589,健鼎元大95購02  ,0,0,0,0,0,0,0,0,0,120000,0,0,0,120000,0,120000,120000
051907,台積電元大97購05,0,0,0,0,0,0,0,0,0,120000,0,0,0,137000,17000,120000,120000
050385,貿聯國票95購02  ,0,0,0,0,0,0,0,0,0,120000,0,0,0,130000,10000,120000,120000
05577P,上銀凱基96售02  ,0,0,0,0,0,0,0,0,0,120000,0,0,0,120000,0,120000,120000
4994,傳奇            ,155000,23000,132000,0,0,0,0,0,0,-12000,0,4000,-4000,0,8000,-8000,120000
053214,冠德凱基96購02  ,0,0,0,0,0,0,0,0,0,119000,0,0,0,119000,0,119000,119000
052959,聯電凱基97購01  ,0,0,0,0,0,0,0,0,0,119000,0,0,0,119000,0,119000,119000
053856,台積電富邦98購01,1000,0,1000,0,0,0,0,0,0,118000,0,0,0,1023000,905000,118000,119000
054504,聯鈞永豐96購01  ,0,0,0,0,0,0,0,0,0,119000,0,0,0,119000,0,119000,119000
044211,亞德客凱基91購02,0,0,0,0,0,0,0,0,0,119000,0,0,0,119000,0,119000,119000
048265,創意元富93購05  ,0,0,0,0,0,0,0,0,0,119000,0,0,0,121000,2000,119000,119000
050115,群創元大96購01  ,0,0,0,0,0,0,0,0,0,119000,0,0,0,834000,715000,119000,119000
051828,微星元大95購03  ,0,0,0,0,0,0,0,0,0,119000,0,0,0,262000,143000,119000,119000
6141,柏承            ,160000,42000,118000,0,0,0,0,0,0,1000,3000,2000,1000,0,0,0,119000
4536,拓凱            ,43000,68000,-25000,0,0,0,143000,0,143000,1000,0,5000,-5000,6000,0,6000,119000
054151,瑞昱國泰97購01  ,0,0,0,0,0,0,0,0,0,118000,0,0,0,261000,143000,118000,118000
053002,鴻海永豐96購01  ,0,0,0,0,0,0,0,0,0,118000,0,0,0,118000,0,118000,118000
044612,創意兆豐93購01  ,0,0,0,0,0,0,0,0,0,118000,0,0,0,118000,0,118000,118000
046497,鴻海元大92購17  ,0,0,0,0,0,0,0,0,0,118000,0,0,0,158000,40000,118000,118000
052107,台積電統一95購06,0,0,0,0,0,0,0,0,0,118000,0,0,0,118000,0,118000,118000
05690P,友達中信96售02  ,0,0,0,0,0,0,0,0,0,118000,0,0,0,118000,0,118000,118000
053894,創意群益96購01  ,0,0,0,0,0,0,0,0,0,117000,0,0,0,183000,66000,117000,117000
053786,新日興元大96購02,0,0,0,0,0,0,0,0,0,117000,0,0,0,352000,235000,117000,117000
046065,益航凱基93購02  ,0,0,0,0,0,0,0,0,0,117000,0,0,0,277000,160000,117000,117000
045128,旺宏統一92購01  ,0,0,0,0,0,0,0,0,0,117000,0,0,0,117000,0,117000,117000
05081P,京鼎永豐95售01  ,0,0,0,0,0,0,0,0,0,117000,0,0,0,117000,0,117000,117000
053884,緯穎第一96購01  ,0,0,0,0,0,0,0,0,0,116000,0,0,0,207000,91000,116000,116000
053170,茂林群益96購04  ,0,0,0,0,0,0,0,0,0,116000,0,0,0,404000,288000,116000,116000
047959,南電永豐93購03  ,0,0,0,0,0,0,0,0,0,116000,0,0,0,116000,0,116000,116000
049785,華新科兆豐95購01,0,0,0,0,0,0,0,0,0,116000,0,0,0,407000,291000,116000,116000
05906P,國巨元富96售05  ,0,0,0,0,0,0,0,0,0,116000,0,0,0,213000,97000,116000,116000
055064,碩天永豐97購01  ,0,0,0,0,0,0,0,0,0,115000,0,0,0,115000,0,115000,115000
04591P,上銀元大94售01  ,0,0,0,0,0,0,0,0,0,115000,0,0,0,183000,68000,115000,115000
052182,鴻海群益96購01  ,0,0,0,0,0,0,0,0,0,115000,0,0,0,125000,10000,115000,115000
05889P,群創元大98售02  ,0,0,0,0,0,0,0,0,0,115000,0,0,0,288000,173000,115000,115000
054069,亞光國泰98購01  ,0,0,0,0,0,0,0,0,0,114000,0,0,0,167000,53000,114000,114000
05409P,京元電元富95售05,0,0,0,0,0,0,0,0,0,114000,0,0,0,165000,51000,114000,114000
053851,鴻海國泰98購03  ,0,0,0,0,0,0,0,0,0,114000,0,0,0,214000,100000,114000,114000
045635,建準凱基93購02  ,0,0,0,0,0,0,0,0,0,114000,0,0,0,114000,0,114000,114000
04621P,楠梓電統一94售02,0,0,0,0,0,0,0,0,0,114000,0,0,0,114000,0,114000,114000
04079P,燿華元大93售04  ,0,0,0,0,0,0,0,0,0,114000,0,0,0,114000,0,114000,114000
049730,滬深2X群益94購02,0,0,0,0,0,0,0,0,0,114000,0,0,0,114000,0,114000,114000
049211,昇陽半群益94購03,0,0,0,0,0,0,0,0,0,114000,0,0,0,194000,80000,114000,114000
051804,新光金日盛95購01,0,0,0,0,0,0,0,0,0,114000,0,0,0,117000,3000,114000,114000
06036P,台表科凱基96售04,0,0,0,0,0,0,0,0,0,114000,0,0,0,275000,161000,114000,114000
054516,國巨元大97購02  ,0,0,0,0,0,0,0,0,0,113000,0,0,0,138000,25000,113000,113000
054575,聯鈞元大97購01  ,0,0,0,0,0,0,0,0,0,113000,0,0,0,189000,76000,113000,113000
055046,上銀永豐97購01  ,0,0,0,0,0,0,0,0,0,113000,0,0,0,418000,305000,113000,113000
05490P,鴻海元大95售23  ,0,0,0,0,0,0,0,0,0,113000,0,0,0,163000,50000,113000,113000
048864,昇陽半群益94購01,0,0,0,0,0,0,0,0,0,113000,0,0,0,120000,7000,113000,113000
045168,欣興中信93購02  ,0,0,0,0,0,0,0,0,0,113000,0,0,0,295000,182000,113000,113000
046035,冠德元大92購03  ,0,0,0,0,0,0,0,0,0,113000,0,0,0,143000,30000,113000,113000
049867,日月光兆豐94購01,0,0,0,0,0,0,0,0,0,113000,0,0,0,113000,0,113000,113000
048584,欣興富邦95購01  ,0,0,0,0,0,0,0,0,0,113000,0,0,0,768000,655000,113000,113000
3419,譁裕            ,126000,13000,113000,0,0,0,0,0,0,0,0,0,0,0,0,0,113000
2913,農林            ,125000,12000,113000,0,0,0,0,0,0,0,0,0,0,0,0,0,113000
00665L,富邦恒生國企正2 ,122000,0,122000,0,0,0,0,0,0,-10000,0,0,0,40000,50000,-10000,112000
04745P,祥碩元大94售04  ,0,0,0,0,0,0,0,0,0,112000,0,0,0,372000,260000,112000,112000
05065P,燿華元大96售03  ,0,0,0,0,0,0,0,0,0,112000,0,0,0,282000,170000,112000,112000
05683P,矽創元大96售01  ,0,0,0,0,0,0,0,0,0,112000,0,0,0,162000,50000,112000,112000
05584P,臺股指凱基96售13,0,0,0,0,0,0,0,0,0,112000,0,0,0,310000,198000,112000,112000
055131,茂林康和97購01  ,0,0,0,0,0,0,0,0,0,111000,0,0,0,456000,345000,111000,111000
053908,貿聯凱基98購01  ,0,0,0,0,0,0,0,0,0,111000,0,0,0,111000,0,111000,111000
041452,滬深2X元富93購01,0,0,0,0,0,0,0,0,0,111000,0,0,0,192000,81000,111000,111000
048476,同欣電永豐93購01,0,0,0,0,0,0,0,0,0,111000,0,0,0,111000,0,111000,111000
049849,欣興群益94購04  ,0,0,0,0,0,0,0,0,0,111000,0,0,0,111000,0,111000,111000
6269,台郡            ,1026000,1961000,-935000,0,0,0,795000,0,795000,251000,335000,156000,179000,162000,90000,72000,111000
3008,大立光          ,351521,201000,150521,0,0,0,9000,20000,-11000,-29000,3000,15000,-12000,3000,20000,-17000,110521
052820,宏達電永豐96購01,0,0,0,0,0,0,0,0,0,110000,0,0,0,162000,52000,110000,110000
054197,台積電永昌96購07,0,0,0,0,0,0,0,0,0,110000,0,0,0,1282000,1172000,110000,110000
042919,GIS元大93購01   ,0,0,0,0,0,0,0,0,0,110000,0,0,0,160000,50000,110000,110000
04476P,玉晶光元大94售05,0,0,0,0,0,0,0,0,0,110000,0,0,0,160000,50000,110000,110000
044066,聯詠元大91購06  ,0,0,0,0,0,0,0,0,0,110000,0,0,0,110000,0,110000,110000
03250P,日月光元富07售02,0,0,0,0,0,0,0,0,0,110000,0,0,0,120000,10000,110000,110000
044536,深中小群益92購01,0,0,0,0,0,0,0,0,0,110000,0,0,0,290000,180000,110000,110000
044457,滬深2X國票97購01,0,0,0,0,0,0,0,0,0,110000,0,0,0,110000,0,110000,110000
048607,上銀凱基93購11  ,0,0,0,0,0,0,0,0,0,110000,0,0,0,130000,20000,110000,110000
046717,世紀鋼國泰94購01,0,0,0,0,0,0,0,0,0,110000,0,0,0,112000,2000,110000,110000
050294,宏達電凱基94購04,0,0,0,0,0,0,0,0,0,110000,0,0,0,110000,0,110000,110000
050179,全新元大96購02  ,0,0,0,0,0,0,0,0,0,110000,0,0,0,110000,0,110000,110000
050700,健策凱基96購01  ,0,0,0,0,0,0,0,0,0,110000,0,0,0,157000,47000,110000,110000
050891,喬山元大95購01  ,0,0,0,0,0,0,0,0,0,110000,0,0,0,110000,0,110000,110000
051759,全新元大95購04  ,0,0,0,0,0,0,0,0,0,110000,0,0,0,110000,0,110000,110000
051965,傳奇永豐95購01  ,0,0,0,0,0,0,0,0,0,110000,0,0,0,110000,0,110000,110000
051659,力山國泰97購01  ,0,0,0,0,0,0,0,0,0,110000,0,0,0,110000,0,110000,110000
051375,道瓊反群益9A購01,0,0,0,0,0,0,0,0,0,110000,0,0,0,110000,0,110000,110000
054905,國揚康和97購01  ,0,0,0,0,0,0,0,0,0,109000,0,0,0,359000,250000,109000,109000
054689,華新科永豐97購01,0,0,0,0,0,0,0,0,0,109000,0,0,0,581000,472000,109000,109000
00652,富邦印度        ,103000,0,103000,0,0,0,0,0,0,6000,0,20000,-20000,35000,9000,26000,109000
04257P,景碩國票93售01  ,0,0,0,0,0,0,0,0,0,109000,0,0,0,109000,0,109000,109000
2323,中環            ,1138000,1123000,15000,0,0,0,0,0,0,94000,0,2000,-2000,134000,38000,96000,109000
04639P,臺股指群益94售14,0,0,0,0,0,0,0,0,0,108000,0,0,0,243000,135000,108000,108000
049198,聯鈞永豐94購01  ,0,0,0,0,0,0,0,0,0,108000,0,0,0,128000,20000,108000,108000
047514,亞光國票94購01  ,0,0,0,0,0,0,0,0,0,108000,0,0,0,192000,84000,108000,108000
048333,大立光富邦95購01,0,0,0,0,0,0,0,0,0,108000,0,0,0,142000,34000,108000,108000
051979,群創凱基97購01  ,0,0,0,0,0,0,0,0,0,108000,0,0,0,108000,0,108000,108000
06046P,健策統一96售03  ,0,0,0,0,0,0,0,0,0,108000,0,0,0,304000,196000,108000,108000
06073P,健策永豐97售01  ,0,0,0,0,0,0,0,0,0,108000,0,0,0,108000,0,108000,108000
06039P,亞光台新96售03  ,0,0,0,0,0,0,0,0,0,108000,0,0,0,111000,3000,108000,108000
055017,緯穎元富97購01  ,0,0,0,0,0,0,0,0,0,107000,0,0,0,109000,2000,107000,107000
05401P,聯茂永豐95售03  ,0,0,0,0,0,0,0,0,0,107000,0,0,0,109000,2000,107000,107000
054546,玉晶光中信9B購01,0,0,0,0,0,0,0,0,0,107000,0,0,0,347000,240000,107000,107000
053502,智伸科兆豐97購01,0,0,0,0,0,0,0,0,0,107000,0,0,0,306000,199000,107000,107000
04295P,智邦元大93售10  ,0,0,0,0,0,0,0,0,0,107000,0,0,0,107000,0,107000,107000
049929,祥碩元大94購03  ,0,0,0,0,0,0,0,0,0,107000,0,0,0,128000,21000,107000,107000
052535,日月光國泰96購01,0,0,0,0,0,0,0,0,0,107000,0,0,0,134000,27000,107000,107000
054617,超眾永豐97購01  ,0,0,0,0,0,0,0,0,0,106000,0,0,0,130000,24000,106000,106000
05474P,智邦亞東95售01  ,0,0,0,0,0,0,0,0,0,106000,0,0,0,106000,0,106000,106000
038111,新光金中信91購01,0,0,0,0,0,0,0,0,0,106000,0,0,0,111000,5000,106000,106000
046061,中石化凱基98購01,0,0,0,0,0,0,0,0,0,106000,0,0,0,120000,14000,106000,106000
046028,微星元大92購01  ,0,0,0,0,0,0,0,0,0,106000,0,0,0,238000,132000,106000,106000
052308,大立光國泰97購02,0,0,0,0,0,0,0,0,0,106000,0,0,0,137000,31000,106000,106000
051670,欣興元大95購06  ,0,0,0,0,0,0,0,0,0,106000,0,0,0,464000,358000,106000,106000
05058P,燿華國票97售01  ,0,0,0,0,0,0,0,0,0,106000,0,0,0,139000,33000,106000,106000
055018,緯穎元富97購02  ,0,0,0,0,0,0,0,0,0,105000,0,0,0,148000,43000,105000,105000
055129,鈺齊兆豐97購01  ,0,0,0,0,0,0,0,0,0,105000,0,0,0,224000,119000,105000,105000
045081,大立光元大93購07,0,0,0,0,0,0,0,0,0,105000,0,0,0,106000,1000,105000,105000
045100,亞光中信93購01  ,0,0,0,0,0,0,0,0,0,105000,0,0,0,105000,0,105000,105000
046790,康友永豐93購01  ,0,0,0,0,0,0,0,0,0,105000,0,0,0,125000,20000,105000,105000
05946P,和碩中信96售01  ,0,0,0,0,0,0,0,0,0,105000,0,0,0,108000,3000,105000,105000
05741P,聯發科元大96售14,0,0,0,0,0,0,0,0,0,105000,0,0,0,543000,438000,105000,105000
055251,華新科統一99購01,0,0,0,0,0,0,0,0,0,105000,0,0,0,110000,5000,105000,105000
3535,晶彩科          ,124000,19000,105000,0,0,0,0,0,0,0,0,0,0,0,0,0,105000
053359,矽力統一96購02  ,0,0,0,0,0,0,0,0,0,104000,0,0,0,104000,0,104000,104000
048844,訊芯凱基94購02  ,0,0,0,0,0,0,0,0,0,104000,0,0,0,111000,7000,104000,104000
03005X,元展05          ,0,0,0,0,0,0,0,0,0,104000,0,0,0,104000,0,104000,104000
047932,麗豐凱基93購01  ,0,0,0,0,0,0,0,0,0,104000,0,0,0,118000,14000,104000,104000
047368,南電群益93購01  ,0,0,0,0,0,0,0,0,0,104000,0,0,0,338000,234000,104000,104000
048165,嘉澤康和93購01  ,0,0,0,0,0,0,0,0,0,104000,0,0,0,110000,6000,104000,104000
052113,漢唐中信98購01  ,0,0,0,0,0,0,0,0,0,104000,0,0,0,170000,66000,104000,104000
052582,喬山台新96購01  ,0,0,0,0,0,0,0,0,0,104000,0,0,0,104000,0,104000,104000
2014,中鴻            ,293000,489000,-196000,0,0,0,0,0,0,300000,300000,0,300000,0,0,0,104000
2608,嘉里大榮        ,95000,1000,94000,0,0,0,0,0,0,10000,10000,0,10000,0,0,0,104000
053363,旺宏國泰98購02  ,0,0,0,0,0,0,0,0,0,103000,0,0,0,254000,151000,103000,103000
053521,緯穎群益96購02  ,0,0,0,0,0,0,0,0,0,103000,0,0,0,142000,39000,103000,103000
054587,玉晶光國泰99購01,0,0,0,0,0,0,0,0,0,103000,0,0,0,108000,5000,103000,103000
045891,健鼎元大92購01  ,0,0,0,0,0,0,0,0,0,103000,0,0,0,104000,1000,103000,103000
050589,昇陽半國票94購02,0,0,0,0,0,0,0,0,0,103000,0,0,0,103000,0,103000,103000
05022P,智易凱基95售01  ,0,0,0,0,0,0,0,0,0,103000,0,0,0,103000,0,103000,103000
051135,建準永豐95購01  ,0,0,0,0,0,0,0,0,0,103000,0,0,0,122000,19000,103000,103000
1762,中化生          ,114000,11000,103000,0,0,0,0,0,0,0,0,0,0,0,0,0,103000
08944P,臺股指國票01售01,0,0,0,0,0,0,0,0,0,103000,0,0,0,103000,0,103000,103000
1608,華榮            ,106000,3000,103000,0,0,0,0,0,0,0,0,0,0,0,0,0,103000
6283,淳安            ,118000,15000,103000,0,0,0,0,0,0,0,0,0,0,0,0,0,103000
053511,鴻海群益96購04  ,0,0,0,0,0,0,0,0,0,102000,0,0,0,113000,11000,102000,102000
053424,欣興永豐96購02  ,0,0,0,0,0,0,0,0,0,102000,0,0,0,420000,318000,102000,102000
044877,旺宏元富91購01  ,0,0,0,0,0,0,0,0,0,102000,0,0,0,102000,0,102000,102000
050034,智伸科元大94購01,0,0,0,0,0,0,0,0,0,102000,0,0,0,292000,190000,102000,102000
052677,景碩富邦97購01  ,0,0,0,0,0,0,0,0,0,102000,0,0,0,198000,96000,102000,102000
3702A,大聯大甲特      ,0,0,0,0,0,0,0,0,0,102000,102000,0,102000,0,0,0,102000
055202,神達群益97購01  ,0,0,0,0,0,0,0,0,0,102000,0,0,0,113000,11000,102000,102000
053118,大立光中信9C購01,0,0,0,0,0,0,0,0,0,101000,0,0,0,111000,10000,101000,101000
03882P,鴻海元大93售10  ,0,0,0,0,0,0,0,0,0,101000,0,0,0,101000,0,101000,101000
049307,上銀凱基94購03  ,0,0,0,0,0,0,0,0,0,101000,0,0,0,108000,7000,101000,101000
052615,鴻海國泰98購01  ,0,0,0,0,0,0,0,0,0,101000,0,0,0,108000,7000,101000,101000
050257,為升元大94購07  ,0,0,0,0,0,0,0,0,0,101000,0,0,0,101000,0,101000,101000
05641P,貿聯元富96售02  ,0,0,0,0,0,0,0,0,0,101000,0,0,0,164000,63000,101000,101000
052925,日電貿永豐96購01,0,0,0,0,0,0,0,0,0,100000,0,0,0,100000,0,100000,100000
053698,中磊元大96購02  ,0,0,0,0,0,0,0,0,0,100000,0,0,0,130000,30000,100000,100000
054629,華新科凱基98購01,0,0,0,0,0,0,0,0,0,100000,0,0,0,100000,0,100000,100000
054630,聯鈞凱基98購01  ,0,0,0,0,0,0,0,0,0,100000,0,0,0,168000,68000,100000,100000
054811,裕隆元大9A購01  ,0,0,0,0,0,0,0,0,0,100000,0,0,0,100000,0,100000,100000
054849,日月光兆豐97購01,0,0,0,0,0,0,0,0,0,100000,0,0,0,100000,0,100000,100000
055076,福懋科永豐97購01,0,0,0,0,0,0,0,0,0,100000,0,0,0,100000,0,100000,100000
054919,興富發凱基97購01,0,0,0,0,0,0,0,0,0,100000,0,0,0,100000,0,100000,100000
053987,宏碁亞東96購01  ,0,0,0,0,0,0,0,0,0,100000,0,0,0,100000,0,100000,100000
05398P,康控國票96售03  ,0,0,0,0,0,0,0,0,0,100000,0,0,0,103000,3000,100000,100000
054117,宏全康和96購01  ,0,0,0,0,0,0,0,0,0,100000,0,0,0,100000,0,100000,100000
03798P,台光電元大93售02,0,0,0,0,0,0,0,0,0,100000,0,0,0,100000,0,100000,100000
04011P,台積電元大93售22,0,0,0,0,0,0,0,0,0,100000,0,0,0,100000,0,100000,100000
03993P,滬深2X中信94售03,0,0,0,0,0,0,0,0,0,100000,0,0,0,100000,0,100000,100000
04116P,京元電元大94售02,0,0,0,0,0,0,0,0,0,100000,0,0,0,100000,0,100000,100000
044049,元金2X元大94購03,0,0,0,0,0,0,0,0,0,100000,0,0,0,100000,0,100000,100000
044024,祥碩凱基93購01  ,0,0,0,0,0,0,0,0,0,100000,0,0,0,100000,0,100000,100000
04162P,南亞科統一94售02,0,0,0,0,0,0,0,0,0,100000,0,0,0,100000,0,100000,100000
043671,GIS元大93購03   ,0,0,0,0,0,0,0,0,0,100000,0,0,0,100000,0,100000,100000
04214P,美利達凱基93售04,0,0,0,0,0,0,0,0,0,100000,0,0,0,100000,0,100000,100000
04216P,燿華國票93售02  ,0,0,0,0,0,0,0,0,0,100000,0,0,0,133000,33000,100000,100000
04202P,華新科元大93售10,0,0,0,0,0,0,0,0,0,100000,0,0,0,100000,0,100000,100000
045693,台達電兆豐92購02,0,0,0,0,0,0,0,0,0,100000,0,0,0,100000,0,100000,100000
044834,旺宏元大93購02  ,0,0,0,0,0,0,0,0,0,100000,0,0,0,120000,20000,100000,100000
04436P,聯發科中信96售02,0,0,0,0,0,0,0,0,0,100000,0,0,0,100000,0,100000,100000
044985,聯茂國票92購01  ,0,0,0,0,0,0,0,0,0,100000,0,0,0,100000,0,100000,100000
044971,元油2X國票92購02,0,0,0,0,0,0,0,0,0,100000,0,0,0,100000,0,100000,100000
045864,致伸統一93購01  ,0,0,0,0,0,0,0,0,0,100000,0,0,0,100000,0,100000,100000
044494,可成元大91購08  ,0,0,0,0,0,0,0,0,0,100000,0,0,0,193000,93000,100000,100000
046221,台化元大92購02  ,0,0,0,0,0,0,0,0,0,100000,0,0,0,100000,0,100000,100000
049050,崇越康和94購01  ,0,0,0,0,0,0,0,0,0,100000,0,0,0,180000,80000,100000,100000
04929P,同欣電凱基95售01,0,0,0,0,0,0,0,0,0,100000,0,0,0,100000,0,100000,100000
049134,為升元大95購01  ,0,0,0,0,0,0,0,0,0,100000,0,0,0,100000,0,100000,100000
046616,中橡凱基93購01  ,0,0,0,0,0,0,0,0,0,100000,0,0,0,100000,0,100000,100000
04841P,群創元大94售04  ,0,0,0,0,0,0,0,0,0,100000,0,0,0,100000,0,100000,100000
048455,上緯控凱基94購01,0,0,0,0,0,0,0,0,0,100000,0,0,0,100000,0,100000,100000
048187,臺指反元大96購04,0,0,0,0,0,0,0,0,0,100000,0,0,0,100000,0,100000,100000
048188,臺指反元大96購05,0,0,0,0,0,0,0,0,0,100000,0,0,0,100000,0,100000,100000
046952,南茂元大93購02  ,0,0,0,0,0,0,0,0,0,100000,0,0,0,100000,0,100000,100000
047416,台泥富邦94購01  ,0,0,0,0,0,0,0,0,0,100000,0,0,0,200000,100000,100000,100000
046911,達方凱基93購01  ,0,0,0,0,0,0,0,0,0,100000,0,0,0,100000,0,100000,100000
046384,群創凱基98購02  ,0,0,0,0,0,0,0,0,0,100000,0,0,0,133000,33000,100000,100000
049481,為升元大94購03  ,0,0,0,0,0,0,0,0,0,100000,0,0,0,100000,0,100000,100000
04947P,聯詠元大94售05  ,0,0,0,0,0,0,0,0,0,100000,0,0,0,100000,0,100000,100000
047105,和大元大94購01  ,0,0,0,0,0,0,0,0,0,100000,0,0,0,100000,0,100000,100000
047071,台積電兆豐93購05,0,0,0,0,0,0,0,0,0,100000,0,0,0,100000,0,100000,100000
047031,麗豐元大93購01  ,0,0,0,0,0,0,0,0,0,100000,0,0,0,100000,0,100000,100000
046802,聯電元大93購01  ,0,0,0,0,0,0,0,0,0,100000,0,0,0,100000,0,100000,100000
048556,技嘉元大93購03  ,0,0,0,0,0,0,0,0,0,100000,0,0,0,100000,0,100000,100000
049905,為升元大94購05  ,0,0,0,0,0,0,0,0,0,100000,0,0,0,100000,0,100000,100000
047593,百和永豐93購02  ,0,0,0,0,0,0,0,0,0,100000,0,0,0,100000,0,100000,100000
046856,健鼎元大93購01  ,0,0,0,0,0,0,0,0,0,100000,0,0,0,100000,0,100000,100000
050232,奇鋐麥證95購01  ,0,0,0,100000,0,100000,0,0,0,100000,0,0,0,100000,0,100000,100000
050020,為升元大94購06  ,0,0,0,0,0,0,0,0,0,100000,0,0,0,100000,0,100000,100000
050672,上証2X富邦97購01,0,0,0,0,0,0,0,0,0,100000,0,0,0,100000,0,100000,100000
050659,宏達電元大96購01,0,0,0,0,0,0,0,0,0,100000,0,0,0,100000,0,100000,100000
050607,為升元大94購10  ,0,0,0,0,0,0,0,0,0,100000,0,0,0,100000,0,100000,100000
051096,日月光元大95購01,0,0,0,0,0,0,0,0,0,100000,0,0,0,152000,52000,100000,100000
051265,鴻海富邦96購04  ,0,0,0,0,0,0,0,0,0,100000,0,0,0,100000,0,100000,100000
050990,T50反1元大95購01,0,0,0,0,0,0,0,0,0,100000,0,0,0,100000,0,100000,100000
05216P,國巨永豐95售02  ,0,0,0,0,0,0,0,0,0,100000,0,0,0,250000,150000,100000,100000
052302,鴻海永豐95購06  ,0,0,0,0,0,0,0,0,0,100000,0,0,0,100000,0,100000,100000
051613,S&P反1凱基96購01,0,0,0,0,0,0,0,0,0,100000,0,0,0,100000,0,100000,100000
051764,欣興元大95購07  ,0,0,0,0,0,0,0,0,0,100000,0,0,0,135000,35000,100000,100000
05726P,易華電永豐96售02,0,0,0,0,0,0,0,0,0,100000,0,0,0,100000,0,100000,100000
05888P,友達元大97售01  ,0,0,0,0,0,0,0,0,0,100000,0,0,0,100000,0,100000,100000
054957,興富發元大97購01,0,0,0,0,0,0,0,0,0,99000,0,0,0,100000,1000,99000,99000
054694,聯鈞永豐97購01  ,0,0,0,0,0,0,0,0,0,99000,0,0,0,100000,1000,99000,99000
053006,玉晶光永豐96購03,0,0,0,0,0,0,0,0,0,99000,0,0,0,111000,12000,99000,99000
045745,TPK台新92購01   ,0,0,0,0,0,0,0,0,0,99000,0,0,0,99000,0,99000,99000
045703,技嘉日盛92購01  ,0,0,0,0,0,0,0,0,0,99000,0,0,0,99000,0,99000,99000
03759P,世紀鋼永豐93售01,0,0,0,0,0,0,0,0,0,99000,0,0,0,99000,0,99000,99000
048275,A50正2永豐93購01,0,0,0,0,0,0,0,0,0,99000,0,0,0,99000,0,99000,99000
048163,南亞科台新93購01,0,0,0,0,0,0,0,0,0,99000,0,0,0,99000,0,99000,99000
051568,智邦富邦95購01  ,0,0,0,0,0,0,0,0,0,99000,0,0,0,99000,0,99000,99000
051427,聯發科統一95購04,0,0,0,0,0,0,0,0,0,99000,0,0,0,100000,1000,99000,99000
052678,群創富邦96購01  ,0,0,0,0,0,0,0,0,0,99000,0,0,0,254000,155000,99000,99000
052547,光磊兆豐96購01  ,0,0,0,0,0,0,0,0,0,99000,0,0,0,99000,0,99000,99000
051354,聯發科元大95購09,0,0,0,0,0,0,0,0,0,99000,0,0,0,138000,39000,99000,99000
054736,南亞科凱基98購01,0,0,0,0,0,0,0,0,0,98000,0,0,0,100000,2000,98000,98000
055059,健和興永豐97購01,0,0,0,0,0,0,0,0,0,98000,0,0,0,98000,0,98000,98000
053992,中環群益96購01  ,0,0,0,0,0,0,0,0,0,98000,0,0,0,98000,0,98000,98000
053974,大立光元大96購10,0,0,0,0,0,0,0,0,0,98000,0,0,0,100000,2000,98000,98000
042801,達邁元大93購01  ,0,0,0,0,0,0,0,0,0,98000,0,0,0,112000,14000,98000,98000
049021,慧洋群益94購01  ,0,0,0,0,0,0,0,0,0,98000,0,0,0,98000,0,98000,98000
046184,台光電凱基93購08,0,0,0,0,0,0,0,0,0,98000,0,0,0,125000,27000,98000,98000
047426,創意亞東93購02  ,0,0,0,0,0,0,0,0,0,98000,0,0,0,98000,0,98000,98000
047030,日月光元大93購02,0,0,0,0,0,0,0,0,0,98000,0,0,0,98000,0,98000,98000
04708P,國巨元大94售11  ,0,0,0,0,0,0,0,0,0,98000,0,0,0,108000,10000,98000,98000
047670,矽力永豐93購01  ,0,0,0,0,0,0,0,0,0,98000,0,0,0,167000,69000,98000,98000
04952P,台光電亞東94售01,0,0,0,0,0,0,0,0,0,98000,0,0,0,98000,0,98000,98000
051121,裕民群益97購01  ,0,0,0,0,0,0,0,0,0,98000,0,0,0,98000,0,98000,98000
051548,鈺齊康和95購01  ,0,0,0,0,0,0,0,0,0,98000,0,0,0,118000,20000,98000,98000
051941,樺漢群益95購02  ,0,0,0,0,0,0,0,0,0,98000,0,0,0,98000,0,98000,98000
1717,長興            ,119000,74000,45000,0,0,0,0,5000,-5000,58000,58000,0,58000,0,0,0,98000
2402,毅嘉            ,146000,48000,98000,0,0,0,0,0,0,0,1000,1000,0,0,0,0,98000
054126,和大元大96購02  ,0,0,0,0,0,0,0,0,0,97000,0,0,0,158000,61000,97000,97000
04466P,大立光元富94售04,0,0,0,0,0,0,0,0,0,97000,0,0,0,107000,10000,97000,97000
045070,全新元大93購02  ,0,0,0,0,0,0,0,0,0,97000,0,0,0,97000,0,97000,97000
049108,玉晶光富邦96購02,0,0,0,0,0,0,0,0,0,97000,0,0,0,166000,69000,97000,97000
051747,貿聯國泰96購01  ,0,0,0,0,0,0,0,0,0,97000,0,0,0,128000,31000,97000,97000
051856,亞德客凱基95購01,0,0,0,0,0,0,0,0,0,97000,0,0,0,120000,23000,97000,97000
052685,技嘉元大96購01  ,0,0,0,0,0,0,0,0,0,97000,0,0,0,143000,46000,97000,97000
052292,緯穎元富95購02  ,0,0,0,0,0,0,0,0,0,97000,0,0,0,132000,35000,97000,97000
052073,矽力統一95購03  ,0,0,0,0,0,0,0,0,0,97000,0,0,0,133000,36000,97000,97000
05111P,台積電統一95售04,0,0,0,0,0,0,0,0,0,97000,0,0,0,120000,23000,97000,97000
051299,致茂凱基95購01  ,0,0,0,0,0,0,0,0,0,97000,0,0,0,150000,53000,97000,97000
055387,世紀鋼元大97購01,0,0,0,0,0,0,0,0,0,97000,0,0,0,100000,3000,97000,97000
6192,巨路            ,113000,16000,97000,0,0,0,0,0,0,0,0,0,0,0,0,0,97000
5534,長虹            ,292558,130000,162558,0,0,0,0,40000,-40000,-26000,0,26000,-26000,0,0,0,96558
052827,昇陽半永豐97購01,0,0,0,0,0,0,0,0,0,96000,0,0,0,97000,1000,96000,96000
053238,麗豐永豐96購01  ,0,0,0,0,0,0,0,0,0,96000,0,0,0,166000,70000,96000,96000
046547,大立光永豐92購05,0,0,0,0,0,0,0,0,0,96000,0,0,0,96000,0,96000,96000
050429,漢唐凱基94購04  ,0,0,0,0,0,0,0,0,0,96000,0,0,0,100000,4000,96000,96000
05648P,康控國票97售01  ,0,0,0,0,0,0,0,0,0,96000,0,0,0,101000,5000,96000,96000
053011,鴻海統一98購01  ,0,0,0,0,0,0,0,0,0,95000,0,0,0,170000,75000,95000,95000
054432,台積電台新96購05,0,0,0,0,0,0,0,0,0,95000,0,0,0,117000,22000,95000,95000
044289,群創凱基93購04  ,0,0,0,0,0,0,0,0,0,95000,0,0,0,159000,64000,95000,95000
04430P,晶相光元大94售04,0,0,0,0,0,0,0,0,0,95000,0,0,0,130000,35000,95000,95000
044167,大立光元大93購03,0,0,0,0,0,0,0,0,0,95000,0,0,0,96000,1000,95000,95000
04047P,華邦電元大94售03,0,0,0,0,0,0,0,0,0,95000,0,0,0,110000,15000,95000,95000
048116,矽創群益93購02  ,0,0,0,0,0,0,0,0,0,95000,0,0,0,145000,50000,95000,95000
046675,GIS元大93購06   ,0,0,0,0,0,0,0,0,0,95000,0,0,0,135000,40000,95000,95000
047015,上銀元大93購03  ,0,0,0,0,0,0,0,0,0,95000,0,0,0,176000,81000,95000,95000
047498,力成康和93購01  ,0,0,0,0,0,0,0,0,0,95000,0,0,0,110000,15000,95000,95000
049623,創意群益94購01  ,0,0,0,0,0,0,0,0,0,95000,0,0,0,109000,14000,95000,95000
051998,昇陽半元大96購02,0,0,0,0,0,0,0,0,0,95000,0,0,0,95000,0,95000,95000
051664,鴻海元大96購07  ,0,0,0,0,0,0,0,0,0,95000,0,0,0,100000,5000,95000,95000
05924P,超眾元富96售04  ,0,0,0,0,0,0,0,0,0,95000,0,0,0,103000,8000,95000,95000
2456,奇力新          ,1326000,1418000,-92000,0,0,0,362000,90000,272000,-85191,129000,205191,-76191,37000,46000,-9000,94809
05383P,鴻海富邦95售06  ,0,0,0,0,0,0,0,0,0,94000,0,0,0,100000,6000,94000,94000
053346,群創國票97購04  ,0,0,0,0,0,0,0,0,0,94000,0,0,0,118000,24000,94000,94000
043862,和大元大92購01  ,0,0,0,0,0,0,0,0,0,94000,0,0,0,94000,0,94000,94000
044961,聯電中信94購01  ,0,0,0,0,0,0,0,0,0,94000,0,0,0,94000,0,94000,94000
046002,美律統一93購01  ,0,0,0,0,0,0,0,0,0,94000,0,0,0,220000,126000,94000,94000
045160,致新凱基92購01  ,0,0,0,0,0,0,0,0,0,94000,0,0,0,111000,17000,94000,94000
049042,玉晶光兆豐95購01,0,0,0,0,0,0,0,0,0,94000,0,0,0,127000,33000,94000,94000
047887,智原富邦97購01  ,0,0,0,0,0,0,0,0,0,94000,0,0,0,100000,6000,94000,94000
1612,宏泰            ,94000,0,94000,0,0,0,0,0,0,0,0,0,0,0,0,0,94000
05697P,友達凱基96售01  ,0,0,0,0,0,0,0,0,0,94000,0,0,0,100000,6000,94000,94000
052894,國巨群益96購03  ,0,0,0,0,0,0,0,0,0,93000,0,0,0,93000,0,93000,93000
053178,南亞科統一98購01,1000,0,1000,0,0,0,0,0,0,92000,0,0,0,280000,188000,92000,93000
055195,昇陽半元富97購02,0,0,0,0,0,0,0,0,0,93000,0,0,0,93000,0,93000,93000
048312,致茂凱基93購02  ,0,0,0,0,0,0,0,0,0,93000,0,0,0,94000,1000,93000,93000
049397,台達電群益94購03,0,0,0,0,0,0,0,0,0,93000,0,0,0,98000,5000,93000,93000
046522,樺漢元大92購03  ,0,0,0,0,0,0,0,0,0,93000,0,0,0,93000,0,93000,93000
051517,可成凱基95購08  ,0,0,0,0,0,0,0,0,0,93000,0,0,0,93000,0,93000,93000
050437,聯詠凱基94購04  ,0,0,0,0,0,0,0,0,0,93000,0,0,0,143000,50000,93000,93000
051302,可成凱基95購06  ,0,0,0,0,0,0,0,0,0,93000,0,0,0,100000,7000,93000,93000
050898,智原元大96購01  ,0,0,0,0,0,0,0,0,0,93000,0,0,0,110000,17000,93000,93000
2614,東森            ,109000,12000,97000,0,0,0,0,11000,-11000,7000,7000,0,7000,0,0,0,93000
053555,日月光凱基97購01,0,0,0,0,0,0,0,0,0,92000,0,0,0,100000,8000,92000,92000
04363P,儒鴻元富94售01  ,0,0,0,0,0,0,0,0,0,92000,0,0,0,92000,0,92000,92000
047376,南電國票94購01  ,0,0,0,0,0,0,0,0,0,92000,0,0,0,107000,15000,92000,92000
049210,昇陽半群益94購02,0,0,0,0,0,0,0,0,0,92000,0,0,0,97000,5000,92000,92000
051226,英業達群益95購01,0,0,0,0,0,0,0,0,0,92000,0,0,0,103000,11000,92000,92000
052211,台積電元大95購22,0,0,0,0,0,0,0,0,0,92000,0,0,0,839000,747000,92000,92000
053377,台積電元大98購01,0,0,0,0,0,0,0,0,0,91000,0,0,0,641000,550000,91000,91000
05472P,國巨統一96售02  ,0,0,0,0,0,0,0,0,0,91000,0,0,0,124000,33000,91000,91000
041978,貿聯中信93購01  ,0,0,0,0,0,0,0,0,0,91000,0,0,0,92000,1000,91000,91000
042143,奇鋐元大92購01  ,0,0,0,0,0,0,0,0,0,91000,0,0,0,91000,0,91000,91000
040879,宏達電元大91購01,0,0,0,0,0,0,0,0,0,91000,0,0,0,91000,0,91000,91000
00730,富邦臺灣優質高息,0,0,0,0,0,0,0,0,0,91000,0,0,0,305000,214000,91000,91000
045472,嘉聯益元大93購02,0,0,0,0,0,0,0,0,0,91000,0,0,0,91000,0,91000,91000
047741,鴻海統一93購06  ,0,0,0,0,0,0,0,0,0,91000,0,0,0,91000,0,91000,91000
04693P,超眾群益95售01  ,0,0,0,0,0,0,0,0,0,91000,0,0,0,106000,15000,91000,91000
052306,鴻海國泰97購05  ,0,0,0,0,0,0,0,0,0,91000,0,0,0,91000,0,91000,91000
051453,智伸科元大95購02,0,0,0,0,0,0,0,0,0,91000,0,0,0,324000,233000,91000,91000
051598,瑞昱兆豐95購01  ,0,0,0,0,0,0,0,0,0,91000,0,0,0,157000,66000,91000,91000
050728,新日興國票94購01,0,0,0,0,0,0,0,0,0,91000,0,0,0,192000,101000,91000,91000
6477,安集            ,101000,10000,91000,0,0,0,0,0,0,0,0,0,0,0,0,0,91000
8163,達方            ,434000,385000,49000,0,0,0,0,3000,-3000,45000,48000,6000,42000,3000,0,3000,91000
9105,泰金寶-DR       ,598000,507000,91000,0,0,0,0,0,0,0,0,0,0,0,0,0,91000
054633,臺股指凱基9A購02,0,0,0,0,0,0,0,0,0,90000,0,0,0,91000,1000,90000,90000
054209,台積電國票97購08,0,0,0,0,0,0,0,0,0,90000,0,0,0,100000,10000,90000,90000
053923,亞光國票97購01  ,0,0,0,0,0,0,0,0,0,90000,0,0,0,95000,5000,90000,90000
053702,智易兆豐97購02  ,0,0,0,0,0,0,0,0,0,90000,0,0,0,90000,0,90000,90000
053736,友達麥證96購01  ,0,0,0,150000,60000,90000,0,0,0,90000,0,0,0,150000,60000,90000,90000
045130,瑞昱統一92購01  ,0,0,0,0,0,0,0,0,0,90000,0,0,0,100000,10000,90000,90000
044379,A50正2群益92購01,0,0,0,0,0,0,0,0,0,90000,0,0,0,90000,0,90000,90000
044382,嘉聯益群益94購01,0,0,0,0,0,0,0,0,0,90000,0,0,0,100000,10000,90000,90000
03557P,欣興元大02售17  ,0,0,0,0,0,0,0,0,0,90000,0,0,0,140000,50000,90000,90000
04625P,燿華元大94售03  ,0,0,0,0,0,0,0,0,0,90000,0,0,0,190000,100000,90000,90000
049503,矽創元大94購01  ,0,0,0,0,0,0,0,0,0,90000,0,0,0,649000,559000,90000,90000
047021,台光電元大93購03,0,0,0,0,0,0,0,0,0,90000,0,0,0,114000,24000,90000,90000
047372,創意國票94購01  ,0,0,0,0,0,0,0,0,0,90000,0,0,0,400000,310000,90000,90000
048405,嘉晶群益93購03  ,0,0,0,0,0,0,0,0,0,90000,0,0,0,130000,40000,90000,90000
048283,亞德客中信94購01,0,0,0,0,0,0,0,0,0,90000,0,0,0,106000,16000,90000,90000
051263,深中小富邦96購01,0,0,0,0,0,0,0,0,0,90000,0,0,0,100000,10000,90000,90000
052350,鴻海統一96購06  ,0,0,0,0,0,0,0,0,0,90000,0,0,0,90000,0,90000,90000
05211P,國巨國票96售05  ,0,0,0,0,0,0,0,0,0,90000,0,0,0,90000,0,90000,90000
05914P,友達元大96售04  ,0,0,0,0,0,0,0,0,0,90000,0,0,0,91000,1000,90000,90000
055371,正崴元大97購02  ,0,0,0,0,0,0,0,0,0,90000,0,0,0,250000,160000,90000,90000
053599,崇越元大96購01  ,0,0,0,0,0,0,0,0,0,89000,0,0,0,89000,0,89000,89000
053579,華通元大97購01  ,0,0,0,0,0,0,0,0,0,89000,0,0,0,178000,89000,89000,89000
053152,大立光元大99購01,0,0,0,0,0,0,0,0,0,89000,0,0,0,136000,47000,89000,89000
053068,智伸科群益96購01,0,0,0,0,0,0,0,0,0,89000,0,0,0,295000,206000,89000,89000
054173,奇力新台新97購02,0,0,0,0,0,0,0,0,0,89000,0,0,0,169000,80000,89000,89000
054101,茂林國票97購04  ,0,0,0,0,0,0,0,0,0,89000,0,0,0,89000,0,89000,89000
045826,樺漢凱基92購02  ,0,0,0,0,0,0,0,0,0,89000,0,0,0,89000,0,89000,89000
051608,新日興群益96購01,0,0,0,0,0,0,0,0,0,89000,0,0,0,329000,240000,89000,89000
6592,和潤企業        ,169000,80000,89000,0,0,0,0,0,0,0,0,0,0,0,0,0,89000
05445P,聯詠元大95售05  ,0,0,0,0,0,0,0,0,0,88000,0,0,0,98000,10000,88000,88000
044615,聯茂兆豐93購01  ,0,0,0,0,0,0,0,0,0,88000,0,0,0,480000,392000,88000,88000
042425,台郡元大91購01  ,0,0,0,0,0,0,0,0,0,88000,0,0,0,100000,12000,88000,88000
03605P,美利達統一92售01,0,0,0,0,0,0,0,0,0,88000,0,0,0,216000,128000,88000,88000
03414B,臺股指凱基99熊01,0,0,0,0,0,0,0,0,0,88000,0,0,0,201000,113000,88000,88000
043908,鴻海凱基93購02  ,0,0,0,0,0,0,0,0,0,88000,0,0,0,147000,59000,88000,88000
046561,可成凱基92購11  ,0,0,0,0,0,0,0,0,0,88000,0,0,0,201000,113000,88000,88000
046980,智邦兆豐94購01  ,0,0,0,0,0,0,0,0,0,88000,0,0,0,90000,2000,88000,88000
050391,大立光統一94購07,0,0,0,0,0,0,0,0,0,88000,0,0,0,148000,60000,88000,88000
4190,佐登-KY         ,150000,33000,117000,0,0,0,0,0,0,-29000,13000,50000,-37000,11000,3000,8000,88000
05638P,國巨統一96售04  ,0,0,0,0,0,0,0,0,0,88000,0,0,0,463000,375000,88000,88000
06061P,訊芯統一97售01  ,0,0,0,0,0,0,0,0,0,88000,0,0,0,90000,2000,88000,88000
8464,億豐            ,176402,223000,-46598,0,0,0,145000,6000,139000,-5000,0,5000,-5000,0,0,0,87402
053003,國巨永豐96購02  ,0,0,0,0,0,0,0,0,0,87000,0,0,0,92000,5000,87000,87000
053576,智原元富96購01  ,0,0,0,0,0,0,0,0,0,87000,0,0,0,90000,3000,87000,87000
045848,光磊永豐92購01  ,0,0,0,0,0,0,0,0,0,87000,0,0,0,87000,0,87000,87000
048741,欣興統一94購02  ,0,0,0,0,0,0,0,0,0,87000,0,0,0,129000,42000,87000,87000
048465,南電台新93購01  ,0,0,0,0,0,0,0,0,0,87000,0,0,0,284000,197000,87000,87000
049181,正文凱基94購03  ,0,0,0,0,0,0,0,0,0,87000,0,0,0,100000,13000,87000,87000
047844,台虹元大93購02  ,0,0,0,0,0,0,0,0,0,87000,0,0,0,167000,80000,87000,87000
051538,和碩國票96購01  ,0,0,0,0,0,0,0,0,0,87000,0,0,0,96000,9000,87000,87000
051752,緯穎富邦96購01  ,0,0,0,0,0,0,0,0,0,87000,0,0,0,175000,88000,87000,87000
052343,同欣電凱基95購03,0,0,0,0,0,0,0,0,0,87000,0,0,0,157000,70000,87000,87000
052215,樺漢元大96購02  ,0,0,0,0,0,0,0,0,0,87000,0,0,0,375000,288000,87000,87000
1709,和益            ,91000,4000,87000,0,0,0,0,0,0,0,0,0,0,0,0,0,87000
05712P,友達統一97售03  ,0,0,0,0,0,0,0,0,0,87000,0,0,0,100000,13000,87000,87000
053566,大立光富邦99購03,0,0,0,0,0,0,0,0,0,86000,0,0,0,106000,20000,86000,86000
044925,漢唐國泰93購01  ,0,0,0,0,0,0,0,0,0,86000,0,0,0,300000,214000,86000,86000
046082,矽力凱基92購01  ,0,0,0,0,0,0,0,0,0,86000,0,0,0,96000,10000,86000,86000
045121,康控元大93購03  ,0,0,0,0,0,0,0,0,0,86000,0,0,0,240000,154000,86000,86000
047684,景碩國泰94購01  ,0,0,0,0,0,0,0,0,0,86000,0,0,0,86000,0,86000,86000
04920P,智易凱基94售05  ,0,0,0,0,0,0,0,0,0,86000,0,0,0,136000,50000,86000,86000
051557,昇陽半永豐96購01,0,0,0,0,0,0,0,0,0,86000,0,0,0,86000,0,86000,86000
05649P,矽創國票97售03  ,0,0,0,0,0,0,0,0,0,86000,0,0,0,86000,0,86000,86000
06082P,華通統一98售01  ,0,0,0,0,0,0,0,0,0,86000,0,0,0,93000,7000,86000,86000
053567,群創富邦97購01  ,0,0,0,0,0,0,0,0,0,85000,0,0,0,240000,155000,85000,85000
053089,貿聯元大97購02  ,0,0,0,0,0,0,0,0,0,85000,0,0,0,85000,0,85000,85000
053208,鴻海凱基96購13  ,0,0,0,0,0,0,0,0,0,85000,0,0,0,225000,140000,85000,85000
039727,台積電群益91購02,0,0,0,0,0,0,0,0,0,85000,0,0,0,85000,0,85000,85000
049466,創意台新94購01  ,0,0,0,0,0,0,0,0,0,85000,0,0,0,123000,38000,85000,85000
046510,大立光元大92購25,0,0,0,0,0,0,0,0,0,85000,0,0,0,88000,3000,85000,85000
049773,臺股指元富94購02,0,0,0,0,0,0,0,0,0,85000,0,0,0,85000,0,85000,85000
051619,智邦凱基95購07  ,0,0,0,0,0,0,0,0,0,85000,0,0,0,85000,0,85000,85000
051472,台積電凱基95購09,0,0,0,0,0,0,0,0,0,85000,0,0,0,92000,7000,85000,85000
050516,華通元大95購05  ,0,0,0,0,0,0,0,0,0,85000,0,0,0,395000,310000,85000,85000
051240,台積電元大95購12,0,0,0,0,0,0,0,0,0,85000,0,0,0,311000,226000,85000,85000
050911,光磊中信98購01  ,0,0,0,0,0,0,0,0,0,85000,0,0,0,100000,15000,85000,85000
05948P,茂林元大96售03  ,0,0,0,0,0,0,0,0,0,85000,0,0,0,245000,160000,85000,85000
053037,國巨凱基96購08  ,0,0,0,0,0,0,0,0,0,84000,0,0,0,120000,36000,84000,84000
052969,建準群益97購01  ,0,0,0,0,0,0,0,0,0,84000,0,0,0,103000,19000,84000,84000
052898,樺漢群益96購01  ,0,0,0,0,0,0,0,0,0,84000,0,0,0,85000,1000,84000,84000
054605,鴻海永豐97購01  ,0,0,0,0,0,0,0,0,0,84000,0,0,0,84000,0,84000,84000
045077,國泰金元大92購01,0,0,0,0,0,0,0,0,0,84000,0,0,0,105000,21000,84000,84000
045227,致伸元大93購01  ,0,0,0,0,0,0,0,0,0,84000,0,0,0,84000,0,84000,84000
049741,創意群益94購02  ,0,0,0,0,0,0,0,0,0,84000,0,0,0,106000,22000,84000,84000
049753,傳奇永豐94購01  ,0,0,0,0,0,0,0,0,0,84000,0,0,0,84000,0,84000,84000
048215,A50正2凱基95購01,0,0,0,0,0,0,0,0,0,84000,0,0,0,100000,16000,84000,84000
05269P,臻鼎元大95售05  ,0,0,0,0,0,0,0,0,0,84000,0,0,0,143000,59000,84000,84000
2929,淘帝-KY         ,91000,13000,78000,0,0,0,0,0,0,6000,0,0,0,6000,0,6000,84000
054614,玉晶光永豐97購03,0,0,0,0,0,0,0,0,0,83000,0,0,0,358000,275000,83000,83000
055171,凱美統一97購01  ,0,0,0,0,0,0,0,0,0,83000,0,0,0,83000,0,83000,83000
05517P,臻鼎元大96售01  ,0,0,0,0,0,0,0,0,0,83000,0,0,0,83000,0,83000,83000
054321,上銀台新96購01  ,0,0,0,0,0,0,0,0,0,83000,0,0,0,83000,0,83000,83000
053026,奇力新富邦98購01,0,0,0,0,0,0,0,0,0,83000,0,0,0,93000,10000,83000,83000
053651,台光電凱基98購01,0,0,0,0,0,0,0,0,0,83000,0,0,0,216000,133000,83000,83000
053865,欣興元大97購02  ,0,0,0,0,0,0,0,0,0,83000,0,0,0,728000,645000,83000,83000
049089,正文凱基94購02  ,0,0,0,0,0,0,0,0,0,83000,0,0,0,100000,17000,83000,83000
046205,明基材凱基93購01,0,0,0,0,0,0,0,0,0,83000,0,0,0,140000,57000,83000,83000
047631,味全元大93購01  ,0,0,0,0,0,0,0,0,0,83000,0,0,0,83000,0,83000,83000
047981,南亞科群益93購02,0,0,0,0,0,0,0,0,0,83000,0,0,0,120000,37000,83000,83000
049400,可成群益94購03  ,0,0,0,0,0,0,0,0,0,83000,0,0,0,128000,45000,83000,83000
052601,大成鋼元大96購01,0,0,0,0,0,0,0,0,0,83000,0,0,0,385000,302000,83000,83000
050993,聯發科元大95購05,0,0,0,0,0,0,0,0,0,83000,0,0,0,87000,4000,83000,83000
050695,台積電凱基94購40,0,0,0,0,0,0,0,0,0,83000,0,0,0,83000,0,83000,83000
051295,國巨元富95購04  ,0,0,0,0,0,0,0,0,0,83000,0,0,0,153000,70000,83000,83000
050251,樺漢凱基94購02  ,0,0,0,0,0,0,0,0,0,83000,0,0,0,83000,0,83000,83000
05680P,聯發科元大96售12,0,0,0,0,0,0,0,0,0,83000,0,0,0,106000,23000,83000,83000
053665,臺股指凱基96購26,0,0,0,0,0,0,0,0,0,82000,0,0,0,82000,0,82000,82000
053045,國巨中信97購01  ,0,0,0,0,0,0,0,0,0,82000,0,0,0,150000,68000,82000,82000
04471P,華通元大95售03  ,0,0,0,0,0,0,0,0,0,82000,0,0,0,155000,73000,82000,82000
049935,南電元大94購08  ,0,0,0,0,0,0,0,0,0,82000,0,0,0,326000,244000,82000,82000
047299,樺漢元富93購01  ,0,0,0,0,0,0,0,0,0,82000,0,0,0,82000,0,82000,82000
050080,國巨統一94購06  ,0,0,0,0,0,0,0,0,0,82000,0,0,0,90000,8000,82000,82000
06095P,燿華永豐97售01  ,0,0,0,0,0,0,0,0,0,82000,0,0,0,96000,14000,82000,82000
1702,南僑            ,83000,1000,82000,0,0,0,0,0,0,0,0,0,0,0,0,0,82000
054123,易華電永豐96購03,0,0,0,0,0,0,0,0,0,81000,0,0,0,102000,21000,81000,81000
049345,富邦金統一94購02,0,0,0,0,0,0,0,0,0,81000,0,0,0,136000,55000,81000,81000
049936,柏文元大94購02  ,0,0,0,0,0,0,0,0,0,81000,0,0,0,100000,19000,81000,81000
049868,傳奇兆豐94購01  ,0,0,0,0,0,0,0,0,0,81000,0,0,0,81000,0,81000,81000
2480,敦陽科          ,129000,49000,80000,0,0,0,0,0,0,1000,1000,0,1000,0,0,0,81000
2206,三陽工業        ,100000,19000,81000,0,0,0,0,0,0,0,0,0,0,0,0,0,81000
054012,廣達永豐96購01  ,0,0,0,0,0,0,0,0,0,80000,0,0,0,80000,0,80000,80000
054241,深中小元大98購01,0,0,0,0,0,0,0,0,0,80000,0,0,0,100000,20000,80000,80000
054785,建準群益98購01  ,0,0,0,0,0,0,0,0,0,80000,0,0,0,100000,20000,80000,80000
053270,台塑元大96購01  ,0,0,0,0,0,0,0,0,0,80000,0,0,0,80000,0,80000,80000
052943,奇力新國票96購02,0,0,0,0,0,0,0,0,0,80000,0,0,0,80000,0,80000,80000
05294P,亞光凱基95售02  ,0,0,0,0,0,0,0,0,0,80000,0,0,0,90000,10000,80000,80000
05359P,嘉澤元大95售02  ,0,0,0,0,0,0,0,0,0,80000,0,0,0,80000,0,80000,80000
041528,國泰金中信93購01,0,0,0,0,0,0,0,0,0,80000,0,0,0,90000,10000,80000,80000
04330P,台達電亞東93售02,0,0,0,0,0,0,0,0,0,80000,0,0,0,80000,0,80000,80000
03498P,矽創凱基02售02  ,0,0,0,0,0,0,0,0,0,80000,0,0,0,318000,238000,80000,80000
03695P,台表科永豐93售01,0,0,0,0,0,0,0,0,0,80000,0,0,0,80000,0,80000,80000
049093,昇陽半凱基94購01,0,0,0,0,0,0,0,0,0,80000,0,0,0,80000,0,80000,80000
046151,矽創國票92購02  ,0,0,0,0,0,0,0,0,0,80000,0,0,0,80000,0,80000,80000
045585,欣興元大93購03  ,0,0,0,0,0,0,0,0,0,80000,0,0,0,167000,87000,80000,80000
045060,世紀鋼富邦93購01,0,0,0,0,0,0,0,0,0,80000,0,0,0,80000,0,80000,80000
045813,緯穎國票92購04  ,0,0,0,0,0,0,0,0,0,80000,0,0,0,80000,0,80000,80000
049535,臻鼎永豐94購01  ,0,0,0,0,0,0,0,0,0,80000,0,0,0,170000,90000,80000,80000
049640,大成鋼凱基94購02,0,0,0,0,0,0,0,0,0,80000,0,0,0,170000,90000,80000,80000
047615,為升凱基93購05  ,0,0,0,0,0,0,0,0,0,80000,0,0,0,100000,20000,80000,80000
049779,創意統一95購01  ,0,0,0,0,0,0,0,0,0,80000,0,0,0,188000,108000,80000,80000
04856P,光磊元富94售01  ,0,0,0,0,0,0,0,0,0,80000,0,0,0,80000,0,80000,80000
049339,鴻海統一94購02  ,0,0,0,0,0,0,0,0,0,80000,0,0,0,80000,0,80000,80000
047370,聯發科國票93購03,0,0,0,0,0,0,0,0,0,80000,0,0,0,148000,68000,80000,80000
048459,嘉聯益凱基93購04,0,0,0,0,0,0,0,0,0,80000,0,0,0,80000,0,80000,80000
04730P,臺股指中信96售02,0,0,0,0,0,0,0,0,0,80000,0,0,0,80000,0,80000,80000
048203,矽力元大93購02  ,0,0,0,0,0,0,0,0,0,80000,0,0,0,92000,12000,80000,80000
06070P,漢唐永豐97售01  ,0,0,0,0,0,0,0,0,0,80000,0,0,0,80000,0,80000,80000
06063P,玉晶光元富97售01,0,0,0,0,0,0,0,0,0,80000,0,0,0,95000,15000,80000,80000
3048,益登            ,129000,46000,83000,0,0,0,0,3000,-3000,0,0,0,0,0,0,0,80000
053795,群創亞東96購01  ,0,0,0,0,0,0,0,0,0,79000,0,0,0,94000,15000,79000,79000
052977,奇力新麥證97購01,0,0,0,326000,10000,316000,0,0,0,79000,0,0,0,326000,247000,79000,79000
044282,上銀凱基93購03  ,0,0,0,0,0,0,0,0,0,79000,0,0,0,80000,1000,79000,79000
043605,創意元大93購01  ,0,0,0,0,0,0,0,0,0,79000,0,0,0,85000,6000,79000,79000
047264,貿聯國票93購02  ,0,0,0,0,0,0,0,0,0,79000,0,0,0,135000,56000,79000,79000
048493,微星元大93購04  ,0,0,0,0,0,0,0,0,0,79000,0,0,0,147000,68000,79000,79000
050387,鴻海統一94購08  ,0,0,0,0,0,0,0,0,0,79000,0,0,0,137000,58000,79000,79000
05046P,台光電永豐95售02,0,0,0,0,0,0,0,0,0,79000,0,0,0,79000,0,79000,79000
051609,貿聯群益95購03  ,0,0,0,0,0,0,0,0,0,79000,0,0,0,148000,69000,79000,79000
2342,茂矽            ,101000,22000,79000,0,0,0,0,0,0,0,0,0,0,0,0,0,79000
05844P,旺宏元大96售07  ,0,0,0,0,0,0,0,0,0,79000,0,0,0,163000,84000,79000,79000
05912P,和大元大96售01  ,0,0,0,0,0,0,0,0,0,79000,0,0,0,100000,21000,79000,79000
05575P,玉晶光元富96售01,0,0,0,0,0,0,0,0,0,79000,0,0,0,270000,191000,79000,79000
053167,欣興群益96購03  ,0,0,0,0,0,0,0,0,0,78000,0,0,0,310000,232000,78000,78000
054637,智邦中信98購01  ,0,0,0,0,0,0,0,0,0,78000,0,0,0,88000,10000,78000,78000
03720P,元油2X富邦95售01,0,0,0,0,0,0,0,0,0,78000,0,0,0,80000,2000,78000,78000
047270,元油2X永豐94購02,0,0,0,0,0,0,0,0,0,78000,0,0,0,130000,52000,78000,78000
046628,大立光統一98購01,0,0,0,0,0,0,0,0,0,78000,0,0,0,84000,6000,78000,78000
046722,智邦元大93購02  ,0,0,0,0,0,0,0,0,0,78000,0,0,0,78000,0,78000,78000
051518,富邦金凱基95購01,0,0,0,0,0,0,0,0,0,78000,0,0,0,141000,63000,78000,78000
051866,聯發科凱基96購05,0,0,0,0,0,0,0,0,0,78000,0,0,0,79000,1000,78000,78000
052504,鴻海日盛95購03  ,0,0,0,0,0,0,0,0,0,78000,0,0,0,99000,21000,78000,78000
051315,同欣電麥證95購01,0,0,0,78000,0,78000,0,0,0,78000,0,0,0,78000,0,78000,78000
05616P,台光電永豐96售01,0,0,0,0,0,0,0,0,0,78000,0,0,0,78000,0,78000,78000
05801P,正崴兆豐96售01  ,0,0,0,0,0,0,0,0,0,78000,0,0,0,129000,51000,78000,78000
2609,陽明            ,99000,21000,78000,0,0,0,0,0,0,0,0,0,0,0,0,0,78000
054754,昇陽半凱基98購02,0,0,0,0,0,0,0,0,0,77000,0,0,0,77000,0,77000,77000
055158,亞光元大99購01  ,0,0,0,0,0,0,0,0,0,77000,0,0,0,97000,20000,77000,77000
055091,微星群益97購01  ,0,0,0,0,0,0,0,0,0,77000,0,0,0,79000,2000,77000,77000
053155,晶技元大97購02  ,0,0,0,0,0,0,0,0,0,77000,0,0,0,79000,2000,77000,77000
053948,大立光富邦99購04,0,0,0,0,0,0,0,0,0,77000,0,0,0,125000,48000,77000,77000
043028,南電元大92購01  ,0,0,0,0,0,0,0,0,0,77000,0,0,0,210000,133000,77000,77000
046257,A50正2國票94購01,0,0,0,0,0,0,0,0,0,77000,0,0,0,96000,19000,77000,77000
044578,緯創凱基93購02  ,0,0,0,0,0,0,0,0,0,77000,0,0,0,87000,10000,77000,77000
044867,漢唐國票91購03  ,0,0,0,0,0,0,0,0,0,77000,0,0,0,77000,0,77000,77000
05091P,台積電元大95售11,0,0,0,0,0,0,0,0,0,77000,0,0,0,500000,423000,77000,77000
052202,矽力統一96購01  ,0,0,0,0,0,0,0,0,0,77000,0,0,0,163000,86000,77000,77000
06144P,台光電永豐97售01,0,0,0,0,0,0,0,0,0,77000,0,0,0,77000,0,77000,77000
4763,材料-KY         ,10000,2000,8000,0,0,0,0,0,0,69000,68000,0,68000,1000,0,1000,77000
6668,中揚光          ,210000,134000,76000,0,0,0,0,0,0,1000,0,0,0,1000,0,1000,77000
054600,中壽台新97購01  ,0,0,0,0,0,0,0,0,0,76000,0,0,0,98000,22000,76000,76000
045949,貿聯日盛92購01  ,0,0,0,0,0,0,0,0,0,76000,0,0,0,81000,5000,76000,76000
043270,康控國泰92購01  ,0,0,0,0,0,0,0,0,0,76000,0,0,0,76000,0,76000,76000
046652,上銀元大93購02  ,0,0,0,0,0,0,0,0,0,76000,0,0,0,136000,60000,76000,76000
048046,正崴永豐93購01  ,0,0,0,0,0,0,0,0,0,76000,0,0,0,76000,0,76000,76000
052635,奇力新凱基98購01,0,0,0,0,0,0,0,0,0,76000,0,0,0,350000,274000,76000,76000
4137,麗豐-KY         ,124000,48000,76000,0,0,0,0,0,0,0,0,1000,-1000,9000,8000,1000,76000
046265,高鐵凱基92購03  ,0,0,0,0,0,0,0,0,0,75000,0,0,0,81000,6000,75000,75000
04566P,GIS凱基94售04   ,0,0,0,0,0,0,0,0,0,75000,0,0,0,75000,0,75000,75000
043770,亞德客兆豐92購01,0,0,0,0,0,0,0,0,0,75000,0,0,0,75000,0,75000,75000
039645,瑞儀群益91購01  ,0,0,0,0,0,0,0,0,0,75000,0,0,0,75000,0,75000,75000
04444P,玉晶光永豐94售06,0,0,0,0,0,0,0,0,0,75000,0,0,0,85000,10000,75000,75000
045058,華邦電國泰94購01,0,0,0,0,0,0,0,0,0,75000,0,0,0,105000,30000,75000,75000
047334,南茂元大93購03  ,0,0,0,0,0,0,0,0,0,75000,0,0,0,78000,3000,75000,75000
049281,嘉聯益國票95購01,0,0,0,0,0,0,0,0,0,75000,0,0,0,75000,0,75000,75000
052144,鴻海群益95購10  ,0,0,0,0,0,0,0,0,0,75000,0,0,0,75000,0,75000,75000
052086,鴻海元大96購08  ,0,0,0,0,0,0,0,0,0,75000,0,0,0,75000,0,75000,75000
051886,道瓊反統一95購03,0,0,0,0,0,0,0,0,0,75000,0,0,0,75000,0,75000,75000
05202P,鴻海元大95售16  ,0,0,0,0,0,0,0,0,0,75000,0,0,0,75000,0,75000,75000
05047P,強茂永豐95售02  ,0,0,0,0,0,0,0,0,0,75000,0,0,0,75000,0,75000,75000
2420,新巨            ,91000,17000,74000,0,0,0,0,0,0,1000,1000,0,1000,0,0,0,75000
1904,正隆            ,256000,6000,250000,0,0,0,0,0,0,-175000,5000,180000,-175000,0,0,0,75000
054223,大立光統一98購04,0,0,0,0,0,0,0,0,0,74000,0,0,0,74000,0,74000,74000
054364,智伸科凱基96購01,0,0,0,0,0,0,0,0,0,74000,0,0,0,125000,51000,74000,74000
052913,鴻海元富96購05  ,0,0,0,0,0,0,0,0,0,74000,0,0,0,75000,1000,74000,74000
044563,亞德客凱基92購01,0,0,0,0,0,0,0,0,0,74000,0,0,0,74000,0,74000,74000
046103,麗豐永豐92購01  ,0,0,0,0,0,0,0,0,0,74000,0,0,0,86000,12000,74000,74000
048829,欣興凱基94購02  ,0,0,0,0,0,0,0,0,0,74000,0,0,0,109000,35000,74000,74000
045691,南茂元大92購03  ,0,0,0,0,0,0,0,0,0,74000,0,0,0,80000,6000,74000,74000
04342P,揚明光永豐93售03,0,0,0,0,0,0,0,0,0,74000,0,0,0,74000,0,74000,74000
04852P,臻鼎永豐94售02  ,0,0,0,0,0,0,0,0,0,74000,0,0,0,74000,0,74000,74000
051662,大立光永昌96購03,0,0,0,0,0,0,0,0,0,74000,0,0,0,234000,160000,74000,74000
2723,美食-KY         ,347000,180000,167000,0,0,0,0,67000,-67000,-26000,1000,0,1000,6000,33000,-27000,74000
053591,大立光元大99購03,0,0,0,0,0,0,0,0,0,73000,0,0,0,131000,58000,73000,73000
04356P,嘉晶永豐94售01  ,0,0,0,0,0,0,0,0,0,73000,0,0,0,73000,0,73000,73000
04032P,聯茂凱基94售02  ,0,0,0,0,0,0,0,0,0,73000,0,0,0,77000,4000,73000,73000
045288,元油2X元大95購02,0,0,0,0,0,0,0,0,0,73000,0,0,0,73000,0,73000,73000
048484,大立光國泰95購02,0,0,0,0,0,0,0,0,0,73000,0,0,0,109000,36000,73000,73000
04988P,楠梓電元大94售01,0,0,0,0,0,0,0,0,0,73000,0,0,0,73000,0,73000,73000
048061,鴻海統一95購03  ,0,0,0,0,0,0,0,0,0,73000,0,0,0,89000,16000,73000,73000
052538,和大統一95購02  ,0,0,0,0,0,0,0,0,0,73000,0,0,0,491000,418000,73000,73000
05089P,亞德客元大95售01,0,0,0,0,0,0,0,0,0,73000,0,0,0,93000,20000,73000,73000
05841P,華通元大96售04  ,0,0,0,0,0,0,0,0,0,73000,0,0,0,254000,181000,73000,73000
053143,昇陽半永豐96購03,0,0,0,0,0,0,0,0,0,72000,0,0,0,87000,15000,72000,72000
054317,昇陽半凱基98購01,0,0,0,0,0,0,0,0,0,72000,0,0,0,72000,0,72000,72000
048790,大立光元大95購05,0,0,0,0,0,0,0,0,0,72000,0,0,0,72000,0,72000,72000
048036,隆達凱基93購01  ,0,0,0,0,0,0,0,0,0,72000,0,0,0,112000,40000,72000,72000
052452,茂林元大95購03  ,0,0,0,0,0,0,0,0,0,72000,0,0,0,238000,166000,72000,72000
052223,聯電凱基96購02  ,0,0,0,0,0,0,0,0,0,72000,0,0,0,72000,0,72000,72000
051788,奇力新國票97購02,0,0,0,0,0,0,0,0,0,72000,0,0,0,73000,1000,72000,72000
045185,致伸統一94購01  ,0,0,0,0,0,0,0,0,0,71000,0,0,0,71000,0,71000,71000
044427,群創國泰93購01  ,0,0,0,0,0,0,0,0,0,71000,0,0,0,82000,11000,71000,71000
03939P,康控元大95售02  ,0,0,0,0,0,0,0,0,0,71000,0,0,0,151000,80000,71000,71000
04422P,玉晶光永豐94售03,0,0,0,0,0,0,0,0,0,71000,0,0,0,296000,225000,71000,71000
046502,建準元大92購04  ,0,0,0,0,0,0,0,0,0,71000,0,0,0,169000,98000,71000,71000
046459,大立光凱基92購12,0,0,0,0,0,0,0,0,0,71000,0,0,0,81000,10000,71000,71000
047146,智邦群益93購01  ,0,0,0,0,0,0,0,0,0,71000,0,0,0,72000,1000,71000,71000
048616,智伸科凱基93購07,0,0,0,0,0,0,0,0,0,71000,0,0,0,152000,81000,71000,71000
048310,台達電凱基93購05,0,0,0,0,0,0,0,0,0,71000,0,0,0,71000,0,71000,71000
051850,臻鼎中信96購01  ,0,0,0,0,0,0,0,0,0,71000,0,0,0,151000,80000,71000,71000
051601,群創兆豐95購02  ,0,0,0,0,0,0,0,0,0,71000,0,0,0,71000,0,71000,71000
05867P,友達兆豐97售02  ,0,0,0,0,0,0,0,0,0,71000,0,0,0,72000,1000,71000,71000
05538P,玉晶光國票97售02,0,0,0,0,0,0,0,0,0,71000,0,0,0,120000,49000,71000,71000
2851,中再保          ,71000,0,71000,0,0,0,0,0,0,0,0,0,0,0,0,0,71000
06090P,旺宏統一97售06  ,0,0,0,0,0,0,0,0,0,71000,0,0,0,71000,0,71000,71000
054490,臻鼎台新96購02  ,0,0,0,0,0,0,0,0,0,70000,0,0,0,70000,0,70000,70000
054192,國巨中信98購01  ,0,0,0,0,0,0,0,0,0,70000,0,0,0,120000,50000,70000,70000
054590,嘉聯益國泰98購01,0,0,0,0,0,0,0,0,0,70000,0,0,0,256000,186000,70000,70000
053098,國巨元富96購04  ,0,0,0,0,0,0,0,0,0,70000,0,0,0,170000,100000,70000,70000
052982,鴻海元大97購06  ,0,0,0,0,0,0,0,0,0,70000,0,0,0,70000,0,70000,70000
053524,聯電中信97購02  ,0,0,0,0,0,0,0,0,0,70000,0,0,0,70000,0,70000,70000
053675,臺股指元富96購02,0,0,0,0,0,0,0,0,0,70000,0,0,0,131000,61000,70000,70000
04629P,康控元大94售05  ,0,0,0,0,0,0,0,0,0,70000,0,0,0,70000,0,70000,70000
046340,滬深2X國票96購01,0,0,0,0,0,0,0,0,0,70000,0,0,0,70000,0,70000,70000
046326,智伸科元大92購03,0,0,0,0,0,0,0,0,0,70000,0,0,0,80000,10000,70000,70000
042194,揚明光富邦93購01,0,0,0,0,0,0,0,0,0,70000,0,0,0,70000,0,70000,70000
041857,宏達電元大92購01,0,0,0,0,0,0,0,0,0,70000,0,0,0,70000,0,70000,70000
042983,亞光凱基92購01  ,0,0,0,0,0,0,0,0,0,70000,0,0,0,70000,0,70000,70000
041150,群創富邦91購01  ,0,0,0,0,0,0,0,0,0,70000,0,0,0,70000,0,70000,70000
044264,大立光富邦93購03,0,0,0,0,0,0,0,0,0,70000,0,0,0,80000,10000,70000,70000
049022,聯詠群益94購01  ,0,0,0,0,0,0,0,0,0,70000,0,0,0,100000,30000,70000,70000
048995,宏全元大94購01  ,0,0,0,0,0,0,0,0,0,70000,0,0,0,70000,0,70000,70000
048242,統一兆豐93購01  ,0,0,0,0,0,0,0,0,0,70000,0,0,0,74000,4000,70000,70000
047912,台郡麥證94購01  ,0,0,0,110000,42000,68000,0,0,0,70000,0,0,0,112000,42000,70000,70000
049659,旺宏台新95購01  ,0,0,0,0,0,0,0,0,0,70000,0,0,0,70000,0,70000,70000
046863,康友元大93購01  ,0,0,0,0,0,0,0,0,0,70000,0,0,0,94000,24000,70000,70000
046500,技嘉元大92購03  ,0,0,0,0,0,0,0,0,0,70000,0,0,0,70000,0,70000,70000
047266,嘉聯益國票94購02,0,0,0,0,0,0,0,0,0,70000,0,0,0,70000,0,70000,70000
051574,鴻海元大96購06  ,0,0,0,0,0,0,0,0,0,70000,0,0,0,70000,0,70000,70000
051651,易華電永豐95購01,0,0,0,0,0,0,0,0,0,70000,0,0,0,200000,130000,70000,70000
051646,華通永豐96購01  ,0,0,0,0,0,0,0,0,0,70000,0,0,0,70000,0,70000,70000
051780,矽力群益95購01  ,0,0,0,0,0,0,0,0,0,70000,0,0,0,505000,435000,70000,70000
052119,漢唐國票96購01  ,0,0,0,0,0,0,0,0,0,70000,0,0,0,80000,10000,70000,70000
052697,滬深2X國票98購01,0,0,0,0,0,0,0,0,0,70000,0,0,0,80000,10000,70000,70000
050713,矽格麥證94購01  ,0,0,0,70000,0,70000,0,0,0,70000,0,0,0,70000,0,70000,70000
051290,大立光統一96購02,0,0,0,0,0,0,0,0,0,70000,0,0,0,122000,52000,70000,70000
06042P,華新科永豐96售04,0,0,0,0,0,0,0,0,0,70000,0,0,0,201000,131000,70000,70000
08991P,玉晶光元大01售06,0,0,0,0,0,0,0,0,0,70000,0,0,0,70000,0,70000,70000
1217,愛之味          ,71000,1000,70000,0,0,0,0,0,0,0,0,0,0,0,0,0,70000
05988P,光磊元富96售02  ,0,0,0,0,0,0,0,0,0,70000,0,0,0,70000,0,70000,70000
06031P,新光金兆豐96售02,0,0,0,0,0,0,0,0,0,70000,0,0,0,70000,0,70000,70000
6177,達麗            ,99000,29000,70000,0,0,0,0,0,0,0,0,0,0,0,0,0,70000
053867,創意元大96購04  ,0,0,0,0,0,0,0,0,0,69000,0,0,0,203000,134000,69000,69000
053052,旺宏國票97購02  ,0,0,0,0,0,0,0,0,0,69000,0,0,0,102000,33000,69000,69000
054133,奇力新元大97購04,0,0,0,0,0,0,0,0,0,69000,0,0,0,137000,68000,69000,69000
04176P,台達電元大94售01,0,0,0,0,0,0,0,0,0,69000,0,0,0,81000,12000,69000,69000
048155,瑞昱兆豐93購01  ,0,0,0,0,0,0,0,0,0,69000,0,0,0,89000,20000,69000,69000
051156,鴻海富邦97購01  ,0,0,0,0,0,0,0,0,0,69000,0,0,0,519000,450000,69000,69000
050345,創意元富94購02  ,0,0,0,0,0,0,0,0,0,69000,0,0,0,129000,60000,69000,69000
050051,智原群益94購01  ,0,0,0,0,0,0,0,0,0,69000,0,0,0,101000,32000,69000,69000
052565,上銀凱基96購01  ,0,0,0,0,0,0,0,0,0,69000,0,0,0,115000,46000,69000,69000
052378,矽力元大96購01  ,0,0,0,0,0,0,0,0,0,69000,0,0,0,123000,54000,69000,69000
3004,豐達科          ,75000,6000,69000,0,0,0,0,0,0,0,0,0,0,0,0,0,69000
06014P,聯發科富邦97售02,0,0,0,0,0,0,0,0,0,69000,0,0,0,69000,0,69000,69000
054390,智邦元富96購03  ,0,0,0,0,0,0,0,0,0,68000,0,0,0,159000,91000,68000,68000
054405,樺漢康和96購01  ,0,0,0,0,0,0,0,0,0,68000,0,0,0,70000,2000,68000,68000
054684,裕隆永豐97購01  ,0,0,0,0,0,0,0,0,0,68000,0,0,0,68000,0,68000,68000
052821,晶技永豐96購01  ,0,0,0,0,0,0,0,0,0,68000,0,0,0,68000,0,68000,68000
053711,鴻海凱基96購14  ,0,0,0,0,0,0,0,0,0,68000,0,0,0,68000,0,68000,68000
046271,日月光凱基92購05,0,0,0,0,0,0,0,0,0,68000,0,0,0,68000,0,68000,68000
046281,正崴永豐92購01  ,0,0,0,0,0,0,0,0,0,68000,0,0,0,68000,0,68000,68000
045713,台達電凱基93購02,0,0,0,0,0,0,0,0,0,68000,0,0,0,68000,0,68000,68000
048994,南電元大94購03  ,0,0,0,0,0,0,0,0,0,68000,0,0,0,363000,295000,68000,68000
049071,台達電凱基94購02,0,0,0,0,0,0,0,0,0,68000,0,0,0,68000,0,68000,68000
048943,智伸科永豐94購01,0,0,0,0,0,0,0,0,0,68000,0,0,0,68000,0,68000,68000
04949P,致新元大94售04  ,0,0,0,0,0,0,0,0,0,68000,0,0,0,68000,0,68000,68000
047106,喬山元大93購01  ,0,0,0,0,0,0,0,0,0,68000,0,0,0,68000,0,68000,68000
047740,樺漢永豐93購01  ,0,0,0,0,0,0,0,0,0,68000,0,0,0,68000,0,68000,68000
047432,台達電元大93購01,0,0,0,0,0,0,0,0,0,68000,0,0,0,68000,0,68000,68000
047449,南茂元大93購04  ,0,0,0,0,0,0,0,0,0,68000,0,0,0,69000,1000,68000,68000
047326,致伸元大93購03  ,0,0,0,0,0,0,0,0,0,68000,0,0,0,68000,0,68000,68000
049317,啟碁凱基94購02  ,0,0,0,0,0,0,0,0,0,68000,0,0,0,69000,1000,68000,68000
048142,聯電統一93購01  ,0,0,0,0,0,0,0,0,0,68000,0,0,0,68000,0,68000,68000
049650,啟碁凱基94購03  ,0,0,0,0,0,0,0,0,0,68000,0,0,0,68000,0,68000,68000
049692,可成元大94購07  ,0,0,0,0,0,0,0,0,0,68000,0,0,0,118000,50000,68000,68000
047841,致伸元大94購01  ,0,0,0,0,0,0,0,0,0,68000,0,0,0,68000,0,68000,68000
047819,南茂凱基93購04  ,0,0,0,0,0,0,0,0,0,68000,0,0,0,68000,0,68000,68000
048517,致伸凱基93購06  ,0,0,0,0,0,0,0,0,0,68000,0,0,0,88000,20000,68000,68000
052228,聯發科凱基96購06,0,0,0,0,0,0,0,0,0,68000,0,0,0,71000,3000,68000,68000
052315,廣宇元大95購02  ,0,0,0,0,0,0,0,0,0,68000,0,0,0,148000,80000,68000,68000
052316,台積電元大96購10,0,0,0,0,0,0,0,0,0,68000,0,0,0,689000,621000,68000,68000
051770,南茂元大95購02  ,0,0,0,0,0,0,0,0,0,68000,0,0,0,68000,0,68000,68000
052019,創意永豐95購02  ,0,0,0,0,0,0,0,0,0,68000,0,0,0,68000,0,68000,68000
051920,南茂元大95購03  ,0,0,0,0,0,0,0,0,0,68000,0,0,0,77000,9000,68000,68000
051921,南茂元大95購04  ,0,0,0,0,0,0,0,0,0,68000,0,0,0,84000,16000,68000,68000
051369,新光金富邦9A購01,0,0,0,0,0,0,0,0,0,68000,0,0,0,98000,30000,68000,68000
049987,智易凱基94購03  ,0,0,0,0,0,0,0,0,0,68000,0,0,0,68000,0,68000,68000
050287,台達電凱基94購10,0,0,0,0,0,0,0,0,0,68000,0,0,0,68000,0,68000,68000
050474,鴻海永豐94購05  ,0,0,0,0,0,0,0,0,0,68000,0,0,0,71000,3000,68000,68000
050622,昇陽半元大94購05,0,0,0,0,0,0,0,0,0,68000,0,0,0,68000,0,68000,68000
051359,中信金元大95購01,0,0,0,0,0,0,0,0,0,68000,0,0,0,1297000,1229000,68000,68000
051356,全新元大96購04  ,0,0,0,0,0,0,0,0,0,68000,0,0,0,68000,0,68000,68000
050703,矽格凱基94購02  ,0,0,0,0,0,0,0,0,0,68000,0,0,0,68000,0,68000,68000
050701,上緯控凱基94購04,0,0,0,0,0,0,0,0,0,68000,0,0,0,68000,0,68000,68000
051041,大立光永豐95購01,0,0,0,0,0,0,0,0,0,68000,0,0,0,68000,0,68000,68000
05991P,聯茂群益96售05  ,0,0,0,0,0,0,0,0,0,68000,0,0,0,68000,0,68000,68000
06158P,玉晶光元富97售08,0,0,0,0,0,0,0,0,0,68000,0,0,0,110000,42000,68000,68000
052719,致新凱基96購01  ,0,0,0,0,0,0,0,0,0,67000,0,0,0,144000,77000,67000,67000
048395,南亞科國票93購02,0,0,0,0,0,0,0,0,0,67000,0,0,0,481000,414000,67000,67000
048146,大立光統一93購11,0,0,0,0,0,0,0,0,0,67000,0,0,0,67000,0,67000,67000
048156,正崴兆豐93購01  ,0,0,0,0,0,0,0,0,0,67000,0,0,0,67000,0,67000,67000
046360,儒鴻永豐92購01  ,0,0,0,0,0,0,0,0,0,67000,0,0,0,77000,10000,67000,67000
050574,微星國票94購01  ,0,0,0,0,0,0,0,0,0,67000,0,0,0,67000,0,67000,67000
06077P,GIS凱基97售02   ,0,0,0,0,0,0,0,0,0,67000,0,0,0,67000,0,67000,67000
06032P,健策群益97售03  ,0,0,0,0,0,0,0,0,0,67000,0,0,0,78000,11000,67000,67000
053839,華通統一96購01  ,0,0,0,0,0,0,0,0,0,66000,0,0,0,68000,2000,66000,66000
05459P,聯詠凱基95售03  ,0,0,0,0,0,0,0,0,0,66000,0,0,0,76000,10000,66000,66000
055096,緯穎群益97購01  ,0,0,0,0,0,0,0,0,0,66000,0,0,0,94000,28000,66000,66000
054480,和碩中信98購01  ,0,0,0,0,0,0,0,0,0,66000,0,0,0,88000,22000,66000,66000
054473,鴻海中信96購02  ,0,0,0,0,0,0,0,0,0,66000,0,0,0,66000,0,66000,66000
054142,致伸元大97購01  ,0,0,0,0,0,0,0,0,0,66000,0,0,0,138000,72000,66000,66000
044753,智邦凱基91購07  ,0,0,0,0,0,0,0,0,0,66000,0,0,0,66000,0,66000,66000
03181P,台灣50元大01售40,0,0,0,0,0,0,0,0,0,66000,0,0,0,66000,0,66000,66000
047207,晶技國泰94購01  ,0,0,0,0,0,0,0,0,0,66000,0,0,0,74000,8000,66000,66000
04738P,揚明光永豐94售03,0,0,0,0,0,0,0,0,0,66000,0,0,0,66000,0,66000,66000
046511,欣興元大92購08  ,0,0,0,0,0,0,0,0,0,66000,0,0,0,116000,50000,66000,66000
048817,光寶科凱基94購02,0,0,0,0,0,0,0,0,0,66000,0,0,0,66000,0,66000,66000
052179,康友元大95購03  ,0,0,0,0,0,0,0,0,0,66000,0,0,0,422000,356000,66000,66000
052372,台泥元大95購02  ,0,0,0,0,0,0,0,0,0,66000,0,0,0,226000,160000,66000,66000
05854P,華新科凱基96售09,0,0,0,0,0,0,0,0,0,66000,0,0,0,66000,0,66000,66000
054176,亞光台新96購01  ,0,0,0,0,0,0,0,0,0,65000,0,0,0,72000,7000,65000,65000
054063,聯茂國票97購02  ,0,0,0,0,0,0,0,0,0,65000,0,0,0,115000,50000,65000,65000
054070,創意國泰96購02  ,0,0,0,0,0,0,0,0,0,65000,0,0,0,483000,418000,65000,65000
054994,建準元富97購01  ,0,0,0,0,0,0,0,0,0,65000,0,0,0,95000,30000,65000,65000
05387P,鴻海元大95售21  ,0,0,0,0,0,0,0,0,0,65000,0,0,0,104000,39000,65000,65000
053797,台積電中信98購01,0,0,0,0,0,0,0,0,0,65000,0,0,0,145000,80000,65000,65000
053573,臺股指統一99購01,0,0,0,0,0,0,0,0,0,65000,0,0,0,65000,0,65000,65000
052914,奇力新元富96購01,0,0,0,0,0,0,0,0,0,65000,0,0,0,113000,48000,65000,65000
052932,正文元大97購01  ,0,0,0,0,0,0,0,0,0,65000,0,0,0,295000,230000,65000,65000
053179,大立光統一96購04,0,0,0,0,0,0,0,0,0,65000,0,0,0,233000,168000,65000,65000
053233,大立光永豐96購01,0,0,0,0,0,0,0,0,0,65000,0,0,0,165000,100000,65000,65000
04616P,臺股指群益95售02,0,0,0,0,0,0,0,0,0,65000,0,0,0,65000,0,65000,65000
044262,致伸國泰92購01  ,0,0,0,0,0,0,0,0,0,65000,0,0,0,65000,0,65000,65000
05138P,嘉聯益凱基96售02,0,0,0,0,0,0,0,0,0,65000,0,0,0,65000,0,65000,65000
050726,可成國票96購01  ,0,0,0,0,0,0,0,0,0,65000,0,0,0,65000,0,65000,65000
05655P,南亞科統一96售01,0,0,0,0,0,0,0,0,0,65000,0,0,0,75000,10000,65000,65000
053411,深中小國票9B購01,0,0,0,0,0,0,0,0,0,64000,0,0,0,64000,0,64000,64000
053497,新光金兆豐97購01,0,0,0,0,0,0,0,0,0,64000,0,0,0,84000,20000,64000,64000
055155,奇力新元大99購01,0,0,0,0,0,0,0,0,0,64000,0,0,0,65000,1000,64000,64000
054386,鴻海統一98購03  ,0,0,0,0,0,0,0,0,0,64000,0,0,0,87000,23000,64000,64000
045974,傳奇凱基93購02  ,0,0,0,0,0,0,0,0,0,64000,0,0,0,64000,0,64000,64000
04549P,茂林元大94售02  ,0,0,0,0,0,0,0,0,0,64000,0,0,0,129000,65000,64000,64000
049034,台達電兆豐94購01,0,0,0,0,0,0,0,0,0,64000,0,0,0,80000,16000,64000,64000
03793P,超眾永豐93售01  ,0,0,0,0,0,0,0,0,0,64000,0,0,0,64000,0,64000,64000
04038P,聯茂群益93售03  ,0,0,0,0,0,0,0,0,0,64000,0,0,0,64000,0,64000,64000
04633P,旺宏群益96售04  ,0,0,0,0,0,0,0,0,0,64000,0,0,0,84000,20000,64000,64000
047079,GIS兆豐94購01   ,0,0,0,0,0,0,0,0,0,64000,0,0,0,65000,1000,64000,64000
050984,大立光國泰97購01,0,0,0,0,0,0,0,0,0,64000,0,0,0,89000,25000,64000,64000
050018,高股息元大94購02,0,0,0,0,0,0,0,0,0,64000,0,0,0,64000,0,64000,64000
052006,康友富邦98購01  ,0,0,0,0,0,0,0,0,0,64000,0,0,0,207000,143000,64000,64000
2706,第一店          ,66000,2000,64000,0,0,0,0,0,0,0,0,0,0,0,0,0,64000
054290,奇力新元大96購05,0,0,0,0,0,0,0,0,0,63000,0,0,0,65000,2000,63000,63000
053416,光磊台新97購01  ,0,0,0,0,0,0,0,0,0,63000,0,0,0,83000,20000,63000,63000
053582,英業達元大97購01,0,0,0,0,0,0,0,0,0,63000,0,0,0,84000,21000,63000,63000
053217,群創凱基99購02  ,0,0,0,0,0,0,0,0,0,63000,0,0,0,453000,390000,63000,63000
043611,台積電群益92購03,0,0,0,0,0,0,0,0,0,63000,0,0,0,181000,118000,63000,63000
048978,晶相光元大94購02,0,0,0,0,0,0,0,0,0,63000,0,0,0,69000,6000,63000,63000
048935,玉晶光永豐94購04,0,0,0,0,0,0,0,0,0,63000,0,0,0,105000,42000,63000,63000
048872,玉晶光國票94購02,0,0,0,0,0,0,0,0,0,63000,0,0,0,73000,10000,63000,63000
044934,玉晶光元大93購01,0,0,0,0,0,0,0,0,0,63000,0,0,0,93000,30000,63000,63000
047545,智邦凱基93購05  ,0,0,0,0,0,0,0,0,0,63000,0,0,0,80000,17000,63000,63000
047960,鈺齊永豐93購01  ,0,0,0,0,0,0,0,0,0,63000,0,0,0,98000,35000,63000,63000
05169P,玉晶光元大95售03,0,0,0,0,0,0,0,0,0,63000,0,0,0,83000,20000,63000,63000
051457,寶成元大95購01  ,0,0,0,0,0,0,0,0,0,63000,0,0,0,73000,10000,63000,63000
051602,南茂兆豐96購01  ,0,0,0,0,0,0,0,0,0,63000,0,0,0,83000,20000,63000,63000
050354,瀚宇博群益94購02,0,0,0,0,0,0,0,0,0,63000,0,0,0,76000,13000,63000,63000
1808,潤隆            ,80000,18000,62000,0,0,0,0,0,0,1000,1000,0,1000,0,0,0,63000
06008P,燿華統一96售04  ,0,0,0,0,0,0,0,0,0,63000,0,0,0,109000,46000,63000,63000
3015,全漢            ,63000,0,63000,0,0,0,0,0,0,0,0,0,0,0,0,0,63000
5215,科嘉-KY         ,105000,66000,39000,0,0,0,0,0,0,24000,47000,23000,24000,0,0,0,63000
05298P,上銀元大95售03  ,0,0,0,0,0,0,0,0,0,62000,0,0,0,137000,75000,62000,62000
05417P,燿華永豐95售07  ,0,0,0,0,0,0,0,0,0,62000,0,0,0,62000,0,62000,62000
054228,貿聯元富96購03  ,0,0,0,0,0,0,0,0,0,62000,0,0,0,171000,109000,62000,62000
048999,康普國票95購01  ,0,0,0,0,0,0,0,0,0,62000,0,0,0,68000,6000,62000,62000
049078,瑞昱凱基94購02  ,0,0,0,0,0,0,0,0,0,62000,0,0,0,86000,24000,62000,62000
047974,新光金兆豐93購01,0,0,0,0,0,0,0,0,0,62000,0,0,0,75000,13000,62000,62000
047660,南茂麥證93購02  ,0,0,0,65000,0,65000,0,0,0,62000,0,0,0,65000,3000,62000,62000
049106,大立光富邦94購01,0,0,0,0,0,0,0,0,0,62000,0,0,0,62000,0,62000,62000
051588,聯詠元大95購03  ,0,0,0,0,0,0,0,0,0,62000,0,0,0,87000,25000,62000,62000
051995,矽力元大95購03  ,0,0,0,0,0,0,0,0,0,62000,0,0,0,96000,34000,62000,62000
051883,智原永豐95購03  ,0,0,0,0,0,0,0,0,0,62000,0,0,0,70000,8000,62000,62000
052507,日月光日盛95購02,0,0,0,0,0,0,0,0,0,62000,0,0,0,75000,13000,62000,62000
052644,聯發科永豐96購01,0,0,0,0,0,0,0,0,0,62000,0,0,0,113000,51000,62000,62000
3018,同開            ,67000,1000,66000,0,0,0,0,0,0,-4000,0,4000,-4000,0,0,0,62000
05706P,TPK永豐96售02   ,0,0,0,0,0,0,0,0,0,62000,0,0,0,62000,0,62000,62000
054337,智邦統一96購01  ,0,0,0,0,0,0,0,0,0,61000,0,0,0,61000,0,61000,61000
05454P,奇鋐群益95售04  ,0,0,0,0,0,0,0,0,0,61000,0,0,0,64000,3000,61000,61000
053073,技嘉康和96購01  ,0,0,0,0,0,0,0,0,0,61000,0,0,0,67000,6000,61000,61000
053545,上銀凱基96購03  ,0,0,0,0,0,0,0,0,0,61000,0,0,0,102000,41000,61000,61000
044900,建準凱基93購01  ,0,0,0,0,0,0,0,0,0,61000,0,0,0,61000,0,61000,61000
047138,智伸科凱基93購04,0,0,0,0,0,0,0,0,0,61000,0,0,0,116000,55000,61000,61000
052317,台積電元大96購11,0,0,0,0,0,0,0,0,0,61000,0,0,0,66000,5000,61000,61000
05148P,臻鼎元大95售01  ,0,0,0,0,0,0,0,0,0,61000,0,0,0,61000,0,61000,61000
051402,玉晶光永豐95購04,0,0,0,0,0,0,0,0,0,61000,0,0,0,166000,105000,61000,61000
050304,台光電中信94購01,0,0,0,0,0,0,0,0,0,61000,0,0,0,129000,68000,61000,61000
050740,旺宏永豐94購03  ,0,0,0,0,0,0,0,0,0,61000,0,0,0,71000,10000,61000,61000
051176,聯發科凱基95購07,0,0,0,0,0,0,0,0,0,61000,0,0,0,70000,9000,61000,61000
2108,南帝            ,74000,13000,61000,0,0,0,0,0,0,0,0,0,0,0,0,0,61000
2428,興勤            ,214000,162000,52000,0,0,0,0,0,0,9000,0,0,0,13000,4000,9000,61000
1464,得力            ,146000,94000,52000,0,0,0,0,0,0,9000,0,0,0,10000,1000,9000,61000
8454,富邦媒          ,64000,3000,61000,0,0,0,0,0,0,0,0,0,0,0,0,0,61000
054479,緯創中信98購01  ,0,0,0,0,0,0,0,0,0,60000,0,0,0,60000,0,60000,60000
055095,啟碁群益98購01  ,0,0,0,0,0,0,0,0,0,60000,0,0,0,60000,0,60000,60000
054580,樺漢元大98購01  ,0,0,0,0,0,0,0,0,0,60000,0,0,0,225000,165000,60000,60000
054752,易華電凱基97購02,0,0,0,0,0,0,0,0,0,60000,0,0,0,100000,40000,60000,60000
044362,元油2X中信94購01,0,0,0,0,0,0,0,0,0,60000,0,0,0,60000,0,60000,60000
049013,川湖群益94購01  ,0,0,0,0,0,0,0,0,0,60000,0,0,0,60000,0,60000,60000
048969,兆赫元大94購01  ,0,0,0,0,0,0,0,0,0,60000,0,0,0,60000,0,60000,60000
048885,中環元富94購01  ,0,0,0,0,0,0,0,0,0,60000,0,0,0,60000,0,60000,60000
046222,上銀元大92購08  ,0,0,0,0,0,0,0,0,0,60000,0,0,0,60000,0,60000,60000
045632,正崴凱基93購01  ,0,0,0,0,0,0,0,0,0,60000,0,0,0,60000,0,60000,60000
043002,鴻海元大92購02  ,0,0,0,0,0,0,0,0,0,60000,0,0,0,60000,0,60000,60000
04320P,亞德客元大93售07,0,0,0,0,0,0,0,0,0,60000,0,0,0,60000,0,60000,60000
04284P,瀚宇博永豐93售01,0,0,0,0,0,0,0,0,0,60000,0,0,0,60000,0,60000,60000
042767,世紀鋼元大92購01,0,0,0,0,0,0,0,0,0,60000,0,0,0,110000,50000,60000,60000
042805,智邦統一93購01  ,0,0,0,0,0,0,0,0,0,60000,0,0,0,60000,0,60000,60000
046342,聯發科國票92購02,0,0,0,0,0,0,0,0,0,60000,0,0,0,70000,10000,60000,60000
043915,聯詠凱基91購03  ,0,0,0,0,0,0,0,0,0,60000,0,0,0,60000,0,60000,60000
03549P,聯發科凱基02售10,0,0,0,0,0,0,0,0,0,60000,0,0,0,60000,0,60000,60000
03408P,南電國泰02售02  ,0,0,0,0,0,0,0,0,0,60000,0,0,0,60000,0,60000,60000
03957P,創意統一94售02  ,0,0,0,0,0,0,0,0,0,60000,0,0,0,60000,0,60000,60000
03127P,台表科凱基01售03,0,0,0,0,0,0,0,0,0,60000,0,0,0,60000,0,60000,60000
03984P,上銀群益93售05  ,0,0,0,0,0,0,0,0,0,60000,0,0,0,96000,36000,60000,60000
046672,聯茂元大93購01  ,0,0,0,0,0,0,0,0,0,60000,0,0,0,310000,250000,60000,60000
046673,樺漢元大93購01  ,0,0,0,0,0,0,0,0,0,60000,0,0,0,60000,0,60000,60000
048730,智原麥證94購01  ,0,0,0,60000,0,60000,0,0,0,60000,0,0,0,60000,0,60000,60000
046493,緯創富邦93購01  ,0,0,0,0,0,0,0,0,0,60000,0,0,0,60000,0,60000,60000
048434,樺漢國票93購02  ,0,0,0,0,0,0,0,0,0,60000,0,0,0,60000,0,60000,60000
04941P,台達電台新94售02,0,0,0,0,0,0,0,0,0,60000,0,0,0,60000,0,60000,60000
049124,可成元富94購02  ,0,0,0,0,0,0,0,0,0,60000,0,0,0,451000,391000,60000,60000
048624,美律台新93購01  ,0,0,0,0,0,0,0,0,0,60000,0,0,0,60000,0,60000,60000
049585,旺宏元大95購02  ,0,0,0,0,0,0,0,0,0,60000,0,0,0,117000,57000,60000,60000
049602,南電元大95購01  ,0,0,0,0,0,0,0,0,0,60000,0,0,0,114000,54000,60000,60000
049951,全新群益94購03  ,0,0,0,0,0,0,0,0,0,60000,0,0,0,60000,0,60000,60000
051139,康友永豐95購01  ,0,0,0,0,0,0,0,0,0,60000,0,0,0,103000,43000,60000,60000
050751,聯電統一94購05  ,0,0,0,0,0,0,0,0,0,60000,0,0,0,60000,0,60000,60000
050766,燿華元大96購02  ,0,0,0,0,0,0,0,0,0,60000,0,0,0,167000,107000,60000,60000
050664,全新台新94購02  ,0,0,0,0,0,0,0,0,0,60000,0,0,0,60000,0,60000,60000
05220P,台積電元大95售16,0,0,0,0,0,0,0,0,0,60000,0,0,0,60000,0,60000,60000
052137,台表科凱基96購02,0,0,0,0,0,0,0,0,0,60000,0,0,0,94000,34000,60000,60000
2908,特力            ,57000,0,57000,0,0,0,0,0,0,3000,3000,0,3000,0,0,0,60000
05895P,奇力新群益96售03,0,0,0,0,0,0,0,0,0,60000,0,0,0,71000,11000,60000,60000
054297,台郡元大98購01  ,0,0,0,0,0,0,0,0,0,59000,0,0,0,77000,18000,59000,59000
053391,嘉聯益元大99購01,0,0,0,0,0,0,0,0,0,59000,0,0,0,69000,10000,59000,59000
052884,台積電兆豐96購01,0,0,0,0,0,0,0,0,0,59000,0,0,0,116000,57000,59000,59000
03639P,祥碩凱基93售05  ,0,0,0,0,0,0,0,0,0,59000,0,0,0,70000,11000,59000,59000
04136P,智邦元大93售09  ,0,0,0,0,0,0,0,0,0,59000,0,0,0,59000,0,59000,59000
045692,南茂元大92購04  ,0,0,0,0,0,0,0,0,0,59000,0,0,0,59000,0,59000,59000
049955,崇越群益95購01  ,0,0,0,0,0,0,0,0,0,59000,0,0,0,89000,30000,59000,59000
047488,臺股指凱基93購04,0,0,0,0,0,0,0,0,0,59000,0,0,0,119000,60000,59000,59000
04826P,華新科麥證95售01,0,0,0,104000,45000,59000,0,0,0,59000,0,0,0,104000,45000,59000,59000
048162,矽力麥證93購01  ,0,0,0,73000,13000,60000,0,0,0,59000,0,0,0,73000,14000,59000,59000
051579,宏碁元大95購01  ,0,0,0,0,0,0,0,0,0,59000,0,0,0,79000,20000,59000,59000
051947,矽力統一95購01  ,0,0,0,0,0,0,0,0,0,59000,0,0,0,59000,0,59000,59000
05066P,康控元大95售03  ,0,0,0,0,0,0,0,0,0,59000,0,0,0,59000,0,59000,59000
051161,喬山元大95購02  ,0,0,0,0,0,0,0,0,0,59000,0,0,0,59000,0,59000,59000
051252,健鼎元大95購01  ,0,0,0,0,0,0,0,0,0,59000,0,0,0,100000,41000,59000,59000
05761P,嘉澤永豐96售01  ,0,0,0,0,0,0,0,0,0,59000,0,0,0,59000,0,59000,59000
06157P,聯鈞統一97售02  ,0,0,0,0,0,0,0,0,0,59000,0,0,0,83000,24000,59000,59000
2731,雄獅            ,38000,63000,-25000,0,0,0,84000,0,84000,0,0,0,0,0,0,0,59000
053005,微星永豐96購01  ,0,0,0,0,0,0,0,0,0,58000,0,0,0,69000,11000,58000,58000
053091,同欣電元大96購01,0,0,0,0,0,0,0,0,0,58000,0,0,0,69000,11000,58000,58000
053482,矽力元大96購03  ,0,0,0,0,0,0,0,0,0,58000,0,0,0,161000,103000,58000,58000
053544,華新凱基96購01  ,0,0,0,0,0,0,0,0,0,58000,0,0,0,68000,10000,58000,58000
053933,大立光統一96購06,0,0,0,0,0,0,0,0,0,58000,0,0,0,58000,0,58000,58000
055114,新日興凱基98購01,0,0,0,0,0,0,0,0,0,58000,0,0,0,58000,0,58000,58000
044126,奇力新凱基93購01,0,0,0,0,0,0,0,0,0,58000,0,0,0,63000,5000,58000,58000
042548,新光金元大91購01,0,0,0,0,0,0,0,0,0,58000,0,0,0,58000,0,58000,58000
044337,大立光統一91購10,0,0,0,0,0,0,0,0,0,58000,0,0,0,58000,0,58000,58000
045059,同欣電國泰93購01,0,0,0,0,0,0,0,0,0,58000,0,0,0,78000,20000,58000,58000
049096,南茂凱基94購01  ,0,0,0,0,0,0,0,0,0,58000,0,0,0,68000,10000,58000,58000
050646,美律凱基96購01  ,0,0,0,0,0,0,0,0,0,58000,0,0,0,75000,17000,58000,58000
05008P,大立光元富95售05,0,0,0,0,0,0,0,0,0,58000,0,0,0,58000,0,58000,58000
05763P,致新永豐96售01  ,0,0,0,0,0,0,0,0,0,58000,0,0,0,58000,0,58000,58000
3014,聯陽            ,102000,44000,58000,0,0,0,0,0,0,0,0,0,0,0,0,0,58000
6558,興能高          ,105000,47000,58000,0,0,0,0,0,0,0,0,0,0,0,0,0,58000
045055,聯發科元富98購03,0,0,0,0,0,0,0,0,0,57000,0,0,0,67000,10000,57000,57000
04721P,正崴凱基94售02  ,0,0,0,0,0,0,0,0,0,57000,0,0,0,57000,0,57000,57000
047940,台光電國票93購01,0,0,0,0,0,0,0,0,0,57000,0,0,0,72000,15000,57000,57000
049734,瑞昱群益94購02  ,0,0,0,0,0,0,0,0,0,57000,0,0,0,135000,78000,57000,57000
051203,微星麥證95購01  ,0,0,0,57000,0,57000,0,0,0,57000,0,0,0,57000,0,57000,57000
05104P,智邦台新95售02  ,0,0,0,0,0,0,0,0,0,57000,0,0,0,57000,0,57000,57000
052339,光寶科凱基95購01,0,0,0,0,0,0,0,0,0,57000,0,0,0,57000,0,57000,57000
4919,新唐            ,85000,40000,45000,0,0,0,0,0,0,12000,9000,0,9000,12000,9000,3000,57000
05897P,國巨凱基96售12  ,0,0,0,0,0,0,0,0,0,57000,0,0,0,191000,134000,57000,57000
05652P,臻鼎群益96售01  ,0,0,0,0,0,0,0,0,0,57000,0,0,0,77000,20000,57000,57000
1304,台聚            ,185000,37000,148000,0,0,0,0,8000,-8000,-83000,0,83000,-83000,0,0,0,57000
055045,台肥永豐97購01  ,0,0,0,0,0,0,0,0,0,56000,0,0,0,56000,0,56000,56000
044673,上銀凱基93購04  ,0,0,0,0,0,0,0,0,0,56000,0,0,0,70000,14000,56000,56000
04306P,上銀凱基93售10  ,0,0,0,0,0,0,0,0,0,56000,0,0,0,77000,21000,56000,56000
03383P,聯電凱基02售04  ,0,0,0,0,0,0,0,0,0,56000,0,0,0,60000,4000,56000,56000
046843,上銀永豐93購01  ,0,0,0,0,0,0,0,0,0,56000,0,0,0,134000,78000,56000,56000
048673,智伸科永豐93購02,0,0,0,0,0,0,0,0,0,56000,0,0,0,270000,214000,56000,56000
046534,鴻海群益92購05  ,0,0,0,0,0,0,0,0,0,56000,0,0,0,56000,0,56000,56000
046569,同欣電元富92購02,0,0,0,0,0,0,0,0,0,56000,0,0,0,122000,66000,56000,56000
051185,強茂永豐95購03  ,0,0,0,0,0,0,0,0,0,56000,0,0,0,75000,19000,56000,56000
05054P,臻鼎群益95售02  ,0,0,0,0,0,0,0,0,0,56000,0,0,0,56000,0,56000,56000
05556P,全新國票96售04  ,0,0,0,0,0,0,0,0,0,56000,0,0,0,56000,0,56000,56000
05783P,嘉澤元富96售01  ,0,0,0,0,0,0,0,0,0,56000,0,0,0,56000,0,56000,56000
05807P,泰鼎永豐96售03  ,0,0,0,0,0,0,0,0,0,56000,0,0,0,56000,0,56000,56000
054950,奇力新元大98購02,0,0,0,0,0,0,0,0,0,55000,0,0,0,65000,10000,55000,55000
054671,國巨國泰98購01  ,0,0,0,0,0,0,0,0,0,55000,0,0,0,55000,0,55000,55000
054674,台光電台新97購01,0,0,0,0,0,0,0,0,0,55000,0,0,0,55000,0,55000,55000
054722,傳奇永豐97購01  ,0,0,0,0,0,0,0,0,0,55000,0,0,0,55000,0,55000,55000
054505,揚明光永豐97購02,0,0,0,0,0,0,0,0,0,55000,0,0,0,55000,0,55000,55000
054246,國巨元大96購12  ,0,0,0,0,0,0,0,0,0,55000,0,0,0,101000,46000,55000,55000
053468,鴻海元大98購01  ,0,0,0,0,0,0,0,0,0,55000,0,0,0,55000,0,55000,55000
03417B,臺股指凱基95熊19,0,0,0,0,0,0,0,0,0,55000,0,0,0,75000,20000,55000,55000
03643P,燿華永豐92售02  ,0,0,0,0,0,0,0,0,0,55000,0,0,0,55000,0,55000,55000
03111P,元油2X富邦97售01,0,0,0,0,0,0,0,0,0,55000,0,0,0,55000,0,55000,55000
045454,上銀元大93購01  ,0,0,0,0,0,0,0,0,0,55000,0,0,0,61000,6000,55000,55000
045930,康控永豐92購01  ,0,0,0,0,0,0,0,0,0,55000,0,0,0,115000,60000,55000,55000
048143,聯發科統一94購03,0,0,0,0,0,0,0,0,0,55000,0,0,0,80000,25000,55000,55000
05050P,華通群益96售02  ,0,0,0,0,0,0,0,0,0,55000,0,0,0,55000,0,55000,55000
050431,聯發科凱基94購18,0,0,0,0,0,0,0,0,0,55000,0,0,0,169000,114000,55000,55000
050173,旺宏元大96購02  ,0,0,0,0,0,0,0,0,0,55000,0,0,0,92000,37000,55000,55000
051342,光寶科元大95購01,0,0,0,0,0,0,0,0,0,55000,0,0,0,55000,0,55000,55000
051019,大立光凱基95購08,0,0,0,0,0,0,0,0,0,55000,0,0,0,75000,20000,55000,55000
2816,旺旺保          ,56000,1000,55000,0,0,0,0,0,0,0,0,0,0,0,0,0,55000
2467,志聖            ,71000,9000,62000,0,0,0,0,7000,-7000,0,0,0,0,0,0,0,55000
053225,昇陽半凱基96購01,0,0,0,0,0,0,0,0,0,54000,0,0,0,54000,0,54000,54000
054445,技嘉兆豐96購01  ,0,0,0,0,0,0,0,0,0,54000,0,0,0,78000,24000,54000,54000
054829,亞光國泰99購01  ,0,0,0,0,0,0,0,0,0,54000,0,0,0,138000,84000,54000,54000
048858,大立光群益94購03,0,0,0,0,0,0,0,0,0,54000,0,0,0,55000,1000,54000,54000
044588,元金2X統一93購01,0,0,0,0,0,0,0,0,0,54000,0,0,0,474000,420000,54000,54000
042903,金寶元大94購01  ,0,0,0,0,0,0,0,0,0,54000,0,0,0,236000,182000,54000,54000
048147,元油反元富95購01,0,0,0,0,0,0,0,0,0,54000,0,0,0,54000,0,54000,54000
04692P,大立光群益94售06,0,0,0,0,0,0,0,0,0,54000,0,0,0,75000,21000,54000,54000
047029,日月光元大93購01,0,0,0,0,0,0,0,0,0,54000,0,0,0,54000,0,54000,54000
050860,喬山永豐95購01  ,0,0,0,0,0,0,0,0,0,54000,0,0,0,54000,0,54000,54000
050200,致新元大94購01  ,0,0,0,0,0,0,0,0,0,54000,0,0,0,89000,35000,54000,54000
2312,金寶            ,2755000,3781000,-1026000,0,0,0,0,0,0,1080000,550000,0,550000,948000,418000,530000,54000
05815P,台積電凱基97售06,0,0,0,0,0,0,0,0,0,54000,0,0,0,56000,2000,54000,54000
2923,鼎固-KY         ,54000,0,54000,0,0,0,0,0,0,0,0,0,0,0,0,0,54000
055041,致新富邦97購01  ,0,0,0,0,0,0,0,0,0,53000,0,0,0,552000,499000,53000,53000
053272,鴻海元大96購17  ,0,0,0,0,0,0,0,0,0,53000,0,0,0,53000,0,53000,53000
052993,欣興台新97購01  ,0,0,0,0,0,0,0,0,0,53000,0,0,0,151000,98000,53000,53000
05361P,聯發科富邦97售01,0,0,0,0,0,0,0,0,0,53000,0,0,0,69000,16000,53000,53000
044190,聯詠富邦93購01  ,0,0,0,0,0,0,0,0,0,53000,0,0,0,265000,212000,53000,53000
03740P,奇鋐群益94售01  ,0,0,0,0,0,0,0,0,0,53000,0,0,0,63000,10000,53000,53000
045046,冠德凱基92購01  ,0,0,0,0,0,0,0,0,0,53000,0,0,0,53000,0,53000,53000
048993,昇陽半元大94購03,0,0,0,0,0,0,0,0,0,53000,0,0,0,53000,0,53000,53000
046658,微星元大93購01  ,0,0,0,0,0,0,0,0,0,53000,0,0,0,54000,1000,53000,53000
047956,麗豐永豐93購02  ,0,0,0,0,0,0,0,0,0,53000,0,0,0,73000,20000,53000,53000
04925P,和碩元大94售03  ,0,0,0,0,0,0,0,0,0,53000,0,0,0,53000,0,53000,53000
050319,康控國票95購04  ,0,0,0,0,0,0,0,0,0,53000,0,0,0,60000,7000,53000,53000
049997,聯發科永豐94購04,0,0,0,0,0,0,0,0,0,53000,0,0,0,71000,18000,53000,53000
050611,鴻海元大95購02  ,0,0,0,0,0,0,0,0,0,53000,0,0,0,129000,76000,53000,53000
051318,上銀國票96購01  ,0,0,0,0,0,0,0,0,0,53000,0,0,0,83000,30000,53000,53000
06000P,GIS元大96售04   ,0,0,0,0,0,0,0,0,0,53000,0,0,0,53000,0,53000,53000
05633P,台表科群益96售04,0,0,0,0,0,0,0,0,0,53000,0,0,0,95000,42000,53000,53000
06169P,華新科元富97售02,0,0,0,0,0,0,0,0,0,53000,0,0,0,75000,22000,53000,53000
06109P,華新科群益97售05,0,0,0,0,0,0,0,0,0,53000,0,0,0,127000,74000,53000,53000
053331,玉晶光永豐97購02,0,0,0,0,0,0,0,0,0,52000,0,0,0,53000,1000,52000,52000
054001,康友群益96購02  ,0,0,0,0,0,0,0,0,0,52000,0,0,0,52000,0,52000,52000
045410,華邦電群益94購01,0,0,0,0,0,0,0,0,0,52000,0,0,0,52000,0,52000,52000
04451P,可成凱基94售04  ,0,0,0,0,0,0,0,0,0,52000,0,0,0,57000,5000,52000,52000
04396P,玉晶光群益94售02,0,0,0,0,0,0,0,0,0,52000,0,0,0,102000,50000,52000,52000
048565,康控元大94購04  ,0,0,0,0,0,0,0,0,0,52000,0,0,0,106000,54000,52000,52000
046862,台郡元大94購01  ,0,0,0,0,0,0,0,0,0,52000,0,0,0,66000,14000,52000,52000
04990P,臻鼎元大94售04  ,0,0,0,0,0,0,0,0,0,52000,0,0,0,52000,0,52000,52000
047236,智伸科凱基93購05,0,0,0,0,0,0,0,0,0,52000,0,0,0,87000,35000,52000,52000
05042P,GIS凱基95售03   ,0,0,0,0,0,0,0,0,0,52000,0,0,0,52000,0,52000,52000
05260P,和碩元富95售02  ,0,0,0,0,0,0,0,0,0,52000,0,0,0,69000,17000,52000,52000
051455,樺漢元大96購01  ,0,0,0,0,0,0,0,0,0,52000,0,0,0,136000,84000,52000,52000
4976,佳凌            ,83000,31000,52000,0,0,0,0,0,0,0,0,0,0,0,0,0,52000
054357,可成兆豐97購02  ,0,0,0,0,0,0,0,0,0,51000,0,0,0,79000,28000,51000,51000
053252,華邦電國泰98購01,0,0,0,0,0,0,0,0,0,51000,0,0,0,104000,53000,51000,51000
053219,祥碩凱基96購01  ,0,0,0,0,0,0,0,0,0,51000,0,0,0,86000,35000,51000,51000
053488,中石化兆豐97購01,0,0,0,0,0,0,0,0,0,51000,0,0,0,51000,0,51000,51000
053677,同欣電國泰97購01,0,0,0,0,0,0,0,0,0,51000,0,0,0,110000,59000,51000,51000
043997,致新元大91購02  ,0,0,0,0,0,0,0,0,0,51000,0,0,0,51000,0,51000,51000
04053P,聯茂國泰94售01  ,0,0,0,0,0,0,0,0,0,51000,0,0,0,51000,0,51000,51000
03973P,高鐵元大93售01  ,0,0,0,0,0,0,0,0,0,51000,0,0,0,51000,0,51000,51000
044683,聯鈞凱基93購01  ,0,0,0,0,0,0,0,0,0,51000,0,0,0,86000,35000,51000,51000
045626,上銀凱基93購05  ,0,0,0,0,0,0,0,0,0,51000,0,0,0,61000,10000,51000,51000
04718P,亞德客凱基94售03,0,0,0,0,0,0,0,0,0,51000,0,0,0,66000,15000,51000,51000
049350,麗豐康和94購01  ,0,0,0,0,0,0,0,0,0,51000,0,0,0,233000,182000,51000,51000
052001,寶成元大95購02  ,0,0,0,0,0,0,0,0,0,51000,0,0,0,51000,0,51000,51000
052457,日月光元富95購01,0,0,0,0,0,0,0,0,0,51000,0,0,0,57000,6000,51000,51000
06113P,台積電群益97售01,0,0,0,0,0,0,0,0,0,51000,0,0,0,287000,236000,51000,51000
06058P,玉晶光凱基97售04,0,0,0,0,0,0,0,0,0,51000,0,0,0,130000,79000,51000,51000
1592,英瑞-KY         ,60000,9000,51000,0,0,0,0,0,0,0,0,0,0,0,0,0,51000
05669P,嘉晶永豐96售03  ,0,0,0,0,0,0,0,0,0,51000,0,0,0,51000,0,51000,51000
053673,超眾元富96購03  ,0,0,0,0,0,0,0,0,0,50000,0,0,0,50000,0,50000,50000
053685,台積電元大96購18,0,0,0,0,0,0,0,0,0,50000,0,0,0,50000,0,50000,50000
053598,日月光元大96購04,0,0,0,0,0,0,0,0,0,50000,0,0,0,50000,0,50000,50000
052712,旺宏凱基96購02  ,0,0,0,0,0,0,0,0,0,50000,0,0,0,77000,27000,50000,50000
052769,達興群益96購01  ,0,0,0,0,0,0,0,0,0,50000,0,0,0,60000,10000,50000,50000
054342,亞光元富99購01  ,0,0,0,0,0,0,0,0,0,50000,0,0,0,50000,0,50000,50000
054287,台積電元大97購11,0,0,0,0,0,0,0,0,0,50000,0,0,0,100000,50000,50000,50000
054520,健鼎元大96購02  ,0,0,0,0,0,0,0,0,0,50000,0,0,0,157000,107000,50000,50000
054046,義隆元大96購02  ,0,0,0,0,0,0,0,0,0,50000,0,0,0,150000,100000,50000,50000
054211,奇鋐國票97購03  ,0,0,0,0,0,0,0,0,0,50000,0,0,0,50000,0,50000,50000
055026,健和興國泰98購01,0,0,0,0,0,0,0,0,0,50000,0,0,0,50000,0,50000,50000
054836,勤誠中信97購01  ,0,0,0,0,0,0,0,0,0,50000,0,0,0,339000,289000,50000,50000
054818,奇力新元大97購05,0,0,0,0,0,0,0,0,0,50000,0,0,0,103000,53000,50000,50000
045509,聯茂凱基92購04  ,0,0,0,0,0,0,0,0,0,50000,0,0,0,50000,0,50000,50000
045194,大立光群益92購04,0,0,0,0,0,0,0,0,0,50000,0,0,0,50000,0,50000,50000
045215,鴻海元大92購05  ,0,0,0,0,0,0,0,0,0,50000,0,0,0,60000,10000,50000,50000
049005,可成中信95購01  ,0,0,0,0,0,0,0,0,0,50000,0,0,0,50000,0,50000,50000
048992,昇陽半元大94購02,0,0,0,0,0,0,0,0,0,50000,0,0,0,133000,83000,50000,50000
044648,奇鋐群益93購01  ,0,0,0,0,0,0,0,0,0,50000,0,0,0,50000,0,50000,50000
045318,鴻海統一92購03  ,0,0,0,0,0,0,0,0,0,50000,0,0,0,50000,0,50000,50000
046121,大立光元大92購18,0,0,0,0,0,0,0,0,0,50000,0,0,0,50000,0,50000,50000
044825,旺宏永豐91購05  ,0,0,0,0,0,0,0,0,0,50000,0,0,0,50000,0,50000,50000
03824P,燿華元大94售01  ,0,0,0,0,0,0,0,0,0,50000,0,0,0,50000,0,50000,50000
03883P,鴻海元大93售11  ,0,0,0,0,0,0,0,0,0,50000,0,0,0,50000,0,50000,50000
043824,世紀鋼群益92購01,0,0,0,0,0,0,0,0,0,50000,0,0,0,50000,0,50000,50000
043941,華新科兆豐92購02,0,0,0,0,0,0,0,0,0,50000,0,0,0,50000,0,50000,50000
03642C,臺股指元大94牛27,0,0,0,0,0,0,0,0,0,50000,0,0,0,54000,4000,50000,50000
03569P,台積電元大02售41,0,0,0,0,0,0,0,0,0,50000,0,0,0,50000,0,50000,50000
042419,大立光元大91購06,0,0,0,0,0,0,0,0,0,50000,0,0,0,50000,0,50000,50000
044224,超眾凱基93購01  ,0,0,0,0,0,0,0,0,0,50000,0,0,0,50000,0,50000,50000
045700,道瓊指中信94購01,0,0,0,0,0,0,0,0,0,50000,0,0,0,50000,0,50000,50000
046229,大立光元大92購19,0,0,0,0,0,0,0,0,0,50000,0,0,0,50000,0,50000,50000
046243,麗豐中信92購01  ,0,0,0,0,0,0,0,0,0,50000,0,0,0,50000,0,50000,50000
046037,大立光元大92購16,0,0,0,0,0,0,0,0,0,50000,0,0,0,50000,0,50000,50000
046334,緯穎元大92購05  ,0,0,0,0,0,0,0,0,0,50000,0,0,0,50000,0,50000,50000
04268P,南電元富93售03  ,0,0,0,0,0,0,0,0,0,50000,0,0,0,50000,0,50000,50000
043396,世紀鋼元大93購01,0,0,0,0,0,0,0,0,0,50000,0,0,0,50000,0,50000,50000
04173P,上海銀凱基93售02,0,0,0,0,0,0,0,0,0,50000,0,0,0,71000,21000,50000,50000
041909,大立光元大92購01,0,0,0,0,0,0,0,0,0,50000,0,0,0,50000,0,50000,50000
042294,大立光元大91購05,0,0,0,0,0,0,0,0,0,50000,0,0,0,50000,0,50000,50000
049410,統一凱基94購02  ,0,0,0,0,0,0,0,0,0,50000,0,0,0,249000,199000,50000,50000
047344,亞德客凱基93購02,0,0,0,0,0,0,0,0,0,50000,0,0,0,50000,0,50000,50000
047319,晶技元大93購02  ,0,0,0,0,0,0,0,0,0,50000,0,0,0,50000,0,50000,50000
048700,和鑫國票95購01  ,0,0,0,0,0,0,0,0,0,50000,0,0,0,79000,29000,50000,50000
047193,南電元大94購02  ,0,0,0,0,0,0,0,0,0,50000,0,0,0,73000,23000,50000,50000
04713P,創意元大95售01  ,0,0,0,0,0,0,0,0,0,50000,0,0,0,50000,0,50000,50000
047123,中石化中信95購01,0,0,0,0,0,0,0,0,0,50000,0,0,0,50000,0,50000,50000
04815P,致伸元大94售04  ,0,0,0,0,0,0,0,0,0,50000,0,0,0,50000,0,50000,50000
047450,南茂元大93購05  ,0,0,0,0,0,0,0,0,0,50000,0,0,0,63000,13000,50000,50000
049486,旺宏元大94購08  ,0,0,0,0,0,0,0,0,0,50000,0,0,0,52000,2000,50000,50000
046678,臺股指元大93購22,0,0,0,0,0,0,0,0,0,50000,0,0,0,50000,0,50000,50000
047039,晶技群益93購02  ,0,0,0,0,0,0,0,0,0,50000,0,0,0,60000,10000,50000,50000
049958,華新科統一94購08,0,0,0,0,0,0,0,0,0,50000,0,0,0,50000,0,50000,50000
049541,楠梓電群益94購02,0,0,0,0,0,0,0,0,0,50000,0,0,0,50000,0,50000,50000
048343,大立光元大93購29,0,0,0,0,0,0,0,0,0,50000,0,0,0,50000,0,50000,50000
049737,美食群益94購03  ,0,0,0,0,0,0,0,0,0,50000,0,0,0,50000,0,50000,50000
04961P,貿聯凱基94售03  ,0,0,0,0,0,0,0,0,0,50000,0,0,0,50000,0,50000,50000
049790,滬深2X元大97購04,0,0,0,0,0,0,0,0,0,50000,0,0,0,50000,0,50000,50000
048246,京元電兆豐93購02,0,0,0,0,0,0,0,0,0,50000,0,0,0,50000,0,50000,50000
04793P,台光電元大94售07,0,0,0,0,0,0,0,0,0,50000,0,0,0,50000,0,50000,50000
047816,大立光凱基93購26,0,0,0,0,0,0,0,0,0,50000,0,0,0,50000,0,50000,50000
047826,台泥元大93購01  ,0,0,0,0,0,0,0,0,0,50000,0,0,0,50000,0,50000,50000
047821,臺股指凱基93購15,0,0,0,0,0,0,0,0,0,50000,0,0,0,50000,0,50000,50000
052129,鴻海凱基97購02  ,0,0,0,0,0,0,0,0,0,50000,0,0,0,250000,200000,50000,50000
051726,南茂永豐95購03  ,0,0,0,0,0,0,0,0,0,50000,0,0,0,50000,0,50000,50000
051573,鴻海元大95購15  ,0,0,0,0,0,0,0,0,0,50000,0,0,0,70000,20000,50000,50000
050529,矽格元大94購05  ,0,0,0,0,0,0,0,0,0,50000,0,0,0,51000,1000,50000,50000
050033,日月光元大94購01,0,0,0,0,0,0,0,0,0,50000,0,0,0,50000,0,50000,50000
050286,為升凱基94購05  ,0,0,0,0,0,0,0,0,0,50000,0,0,0,50000,0,50000,50000
050258,為升元大94購08  ,0,0,0,0,0,0,0,0,0,50000,0,0,0,50000,0,50000,50000
050260,鴻海元大94購15  ,0,0,0,0,0,0,0,0,0,50000,0,0,0,206000,156000,50000,50000
050174,技嘉元大94購01  ,0,0,0,0,0,0,0,0,0,50000,0,0,0,50000,0,50000,50000
05920P,力成元大96售04  ,0,0,0,0,0,0,0,0,0,50000,0,0,0,50000,0,50000,50000
05866P,致伸元大96售01  ,0,0,0,0,0,0,0,0,0,50000,0,0,0,125000,75000,50000,50000
05552P,聯詠群益96售01  ,0,0,0,0,0,0,0,0,0,50000,0,0,0,61000,11000,50000,50000
06103P,漢唐凱基97售02  ,0,0,0,0,0,0,0,0,0,50000,0,0,0,50000,0,50000,50000
08982P,泰碩凱基01售01  ,0,0,0,0,0,0,0,0,0,50000,0,0,0,50000,0,50000,50000
08487P,同欣電群益01售01,0,0,0,0,0,0,0,0,0,50000,0,0,0,50000,0,50000,50000
2887E,台新戊特        ,0,0,0,0,0,0,0,0,0,50000,50000,0,50000,0,0,0,50000
2207,和泰車          ,168310,121000,47310,0,0,0,0,0,0,2000,9000,0,9000,0,7000,-7000,49310
054926,神達凱基98購01  ,0,0,0,0,0,0,0,0,0,49000,0,0,0,59000,10000,49000,49000
055081,健鼎中信97購01  ,0,0,0,0,0,0,0,0,0,49000,0,0,0,70000,21000,49000,49000
054579,聯茂元大97購01  ,0,0,0,0,0,0,0,0,0,49000,0,0,0,140000,91000,49000,49000
052787,國巨中信96購02  ,0,0,0,0,0,0,0,0,0,49000,0,0,0,58000,9000,49000,49000
053657,元大金凱基96購01,0,0,0,0,0,0,0,0,0,49000,0,0,0,49000,0,49000,49000
04407P,滬深2X統一94售02,0,0,0,0,0,0,0,0,0,49000,0,0,0,50000,1000,49000,49000
04043P,復盛元富93售02  ,0,0,0,0,0,0,0,0,0,49000,0,0,0,49000,0,49000,49000
048968,可成元大94購02  ,0,0,0,0,0,0,0,0,0,49000,0,0,0,252000,203000,49000,49000
047929,景碩凱基93購03  ,0,0,0,0,0,0,0,0,0,49000,0,0,0,50000,1000,49000,49000
049244,亞光元富94購01  ,0,0,0,0,0,0,0,0,0,49000,0,0,0,50000,1000,49000,49000
046737,鴻海群益93購04  ,0,0,0,0,0,0,0,0,0,49000,0,0,0,49000,0,49000,49000
049262,大立光元大94購09,0,0,0,0,0,0,0,0,0,49000,0,0,0,54000,5000,49000,49000
049373,大立光元大94購11,0,0,0,0,0,0,0,0,0,49000,0,0,0,50000,1000,49000,49000
050298,智伸科凱基94購02,0,0,0,0,0,0,0,0,0,49000,0,0,0,49000,0,49000,49000
051068,台積電國票97購01,0,0,0,0,0,0,0,0,0,49000,0,0,0,321000,272000,49000,49000
05084P,嘉聯益永豐95售02,0,0,0,0,0,0,0,0,0,49000,0,0,0,49000,0,49000,49000
052233,台郡凱基96購01  ,0,0,0,0,0,0,0,0,0,49000,0,0,0,100000,51000,49000,49000
1447,力鵬            ,75000,26000,49000,0,0,0,0,0,0,0,0,0,0,0,0,0,49000
5225,東科-KY         ,57000,8000,49000,0,0,0,0,0,0,0,0,0,0,0,0,0,49000
053911,臺股指凱基96購31,0,0,0,0,0,0,0,0,0,48000,0,0,0,68000,20000,48000,48000
052992,冠德台新96購01  ,0,0,0,0,0,0,0,0,0,48000,0,0,0,168000,120000,48000,48000
052955,國巨日盛96購01  ,0,0,0,0,0,0,0,0,0,48000,0,0,0,88000,40000,48000,48000
053235,智原永豐96購01  ,0,0,0,0,0,0,0,0,0,48000,0,0,0,90000,42000,48000,48000
048974,日電貿元大94購01,0,0,0,0,0,0,0,0,0,48000,0,0,0,51000,3000,48000,48000
049087,晶相光凱基94購02,0,0,0,0,0,0,0,0,0,48000,0,0,0,198000,150000,48000,48000
04547P,高鐵元大94售01  ,0,0,0,0,0,0,0,0,0,48000,0,0,0,50000,2000,48000,48000
00865B,國泰US短期公債  ,0,0,0,0,0,0,0,0,0,48000,0,0,0,48000,0,48000,48000
049309,台達電凱基94購05,0,0,0,0,0,0,0,0,0,48000,0,0,0,68000,20000,48000,48000
04714P,上海銀元大94售01,0,0,0,0,0,0,0,0,0,48000,0,0,0,50000,2000,48000,48000
049603,富邦金亞東94購01,0,0,0,0,0,0,0,0,0,48000,0,0,0,48000,0,48000,48000
052268,新光金亞東96購01,0,0,0,0,0,0,0,0,0,48000,0,0,0,48000,0,48000,48000
051042,中磊永豐95購01  ,0,0,0,0,0,0,0,0,0,48000,0,0,0,48000,0,48000,48000
051220,大立光元富95購08,0,0,0,0,0,0,0,0,0,48000,0,0,0,98000,50000,48000,48000
050049,華通群益96購01  ,0,0,0,0,0,0,0,0,0,48000,0,0,0,60000,12000,48000,48000
3022,威強電          ,53000,5000,48000,0,0,0,0,0,0,0,0,0,0,0,0,0,48000
06094P,台達電中信97售01,0,0,0,0,0,0,0,0,0,48000,0,0,0,108000,60000,48000,48000
053185,友達中信99購01  ,0,0,0,0,0,0,0,0,0,47000,0,0,0,110000,63000,47000,47000
053950,緯穎富邦97購02  ,0,0,0,0,0,0,0,0,0,47000,0,0,0,50000,3000,47000,47000
054361,技嘉凱基96購01  ,0,0,0,0,0,0,0,0,0,47000,0,0,0,49000,2000,47000,47000
055067,禾聯碩永豐97購01,0,0,0,0,0,0,0,0,0,47000,0,0,0,47000,0,47000,47000
00654R,富邦印度反1     ,30000,0,30000,0,0,0,0,0,0,17000,0,0,0,24000,7000,17000,47000
03087P,聯發科元大01售24,0,0,0,0,0,0,0,0,0,47000,0,0,0,47000,0,47000,47000
04203P,超眾元大93售04  ,0,0,0,0,0,0,0,0,0,47000,0,0,0,67000,20000,47000,47000
04581P,楠梓電康和94售03,0,0,0,0,0,0,0,0,0,47000,0,0,0,47000,0,47000,47000
049736,宏達電群益95購03,0,0,0,0,0,0,0,0,0,47000,0,0,0,100000,53000,47000,47000
049898,緯穎統一95購01  ,0,0,0,0,0,0,0,0,0,47000,0,0,0,86000,39000,47000,47000
047507,台塑國票93購01  ,0,0,0,0,0,0,0,0,0,47000,0,0,0,47000,0,47000,47000
048670,華新科永豐93購03,0,0,0,0,0,0,0,0,0,47000,0,0,0,69000,22000,47000,47000
048629,滬深2X元大96購04,0,0,0,0,0,0,0,0,0,47000,0,0,0,50000,3000,47000,47000
049498,茂林元大95購01  ,0,0,0,0,0,0,0,0,0,47000,0,0,0,209000,162000,47000,47000
046356,智伸科群益93購01,0,0,0,0,0,0,0,0,0,47000,0,0,0,200000,153000,47000,47000
048403,聯發科群益93購10,0,0,0,0,0,0,0,0,0,47000,0,0,0,80000,33000,47000,47000
051053,台光電群益95購01,0,0,0,0,0,0,0,0,0,47000,0,0,0,217000,170000,47000,47000
050702,崇越凱基94購01  ,0,0,0,0,0,0,0,0,0,47000,0,0,0,47000,0,47000,47000
05621P,聯電中信96售01  ,0,0,0,0,0,0,0,0,0,47000,0,0,0,78000,31000,47000,47000
3209,全科            ,130000,23000,107000,0,0,0,0,5000,-5000,-55000,0,55000,-55000,0,0,0,47000
3305,昇貿            ,33000,3000,30000,0,0,0,0,0,0,17000,17000,0,17000,0,0,0,47000
054583,玉晶光統一97購02,0,0,0,0,0,0,0,0,0,46000,0,0,0,97000,51000,46000,46000
054333,茂林永豐96購03  ,0,0,0,0,0,0,0,0,0,46000,0,0,0,475000,429000,46000,46000
053881,南亞科中信97購01,0,0,0,0,0,0,0,0,0,46000,0,0,0,51000,5000,46000,46000
053581,台積電元大96購14,0,0,0,0,0,0,0,0,0,46000,0,0,0,64000,18000,46000,46000
045230,嘉聯益元大93購01,0,0,0,0,0,0,0,0,0,46000,0,0,0,78000,32000,46000,46000
03635C,滬深2X元富99牛01,0,0,0,0,0,0,0,0,0,46000,0,0,0,50000,4000,46000,46000
049374,大立光元大94購12,0,0,0,0,0,0,0,0,0,46000,0,0,0,51000,5000,46000,46000
048223,微星凱基93購02  ,0,0,0,0,0,0,0,0,0,46000,0,0,0,46000,0,46000,46000
047519,台達電元大93購02,0,0,0,0,0,0,0,0,0,46000,0,0,0,50000,4000,46000,46000
048001,中工元大96購01  ,0,0,0,0,0,0,0,0,0,46000,0,0,0,493000,447000,46000,46000
050789,矽創國泰96購01  ,0,0,0,0,0,0,0,0,0,46000,0,0,0,204000,158000,46000,46000
050950,健鼎群益96購01  ,0,0,0,0,0,0,0,0,0,46000,0,0,0,46000,0,46000,46000
051291,聯詠統一95購01  ,0,0,0,0,0,0,0,0,0,46000,0,0,0,183000,137000,46000,46000
5234,達興材料        ,61000,18000,43000,0,0,0,0,0,0,3000,3000,0,3000,0,0,0,46000
05887P,友達元富99售03  ,0,0,0,0,0,0,0,0,0,46000,0,0,0,49000,3000,46000,46000
05917P,宏達電元大96售02,0,0,0,0,0,0,0,0,0,46000,0,0,0,67000,21000,46000,46000
05798P,臺股指群益96售12,0,0,0,0,0,0,0,0,0,46000,0,0,0,46000,0,46000,46000
06110P,國巨國泰98售02  ,0,0,0,0,0,0,0,0,0,46000,0,0,0,47000,1000,46000,46000
2441,超豐            ,88000,47000,41000,0,0,0,0,0,0,5000,5000,0,5000,0,0,0,46000
2539,櫻花建          ,49000,3000,46000,0,0,0,0,0,0,0,0,0,0,0,0,0,46000
052929,可成元大96購02  ,0,0,0,0,0,0,0,0,0,45000,0,0,0,296000,251000,45000,45000
054311,世芯凱基96購02  ,0,0,0,0,0,0,0,0,0,45000,0,0,0,59000,14000,45000,45000
053984,康友元大96購05  ,0,0,0,0,0,0,0,0,0,45000,0,0,0,108000,63000,45000,45000
054866,宏盛群益98購01  ,0,0,0,0,0,0,0,0,0,45000,0,0,0,45000,0,45000,45000
04117P,聯發科元大93售21,0,0,0,0,0,0,0,0,0,45000,0,0,0,50000,5000,45000,45000
044161,台郡永豐91購02  ,0,0,0,0,0,0,0,0,0,45000,0,0,0,90000,45000,45000,45000
048774,麗豐凱基94購04  ,0,0,0,0,0,0,0,0,0,45000,0,0,0,45000,0,45000,45000
049812,致伸元大94購03  ,0,0,0,0,0,0,0,0,0,45000,0,0,0,126000,81000,45000,45000
047165,東陽康和93購01  ,0,0,0,0,0,0,0,0,0,45000,0,0,0,50000,5000,45000,45000
047096,元油反國泰96購01,0,0,0,0,0,0,0,0,0,45000,0,0,0,45000,0,45000,45000
049428,力山國票94購02  ,0,0,0,0,0,0,0,0,0,45000,0,0,0,45000,0,45000,45000
051258,鈺齊國泰97購01  ,0,0,0,0,0,0,0,0,0,45000,0,0,0,167000,122000,45000,45000
050992,台積電元大97購01,0,0,0,0,0,0,0,0,0,45000,0,0,0,45000,0,45000,45000
050472,和大永豐94購01  ,0,0,0,0,0,0,0,0,0,45000,0,0,0,55000,10000,45000,45000
052293,泰碩國票95購03  ,0,0,0,0,0,0,0,0,0,45000,0,0,0,56000,11000,45000,45000
052567,台積電凱基96購05,0,0,0,0,0,0,0,0,0,45000,0,0,0,95000,50000,45000,45000
052661,奇力新國票97購03,0,0,0,0,0,0,0,0,0,45000,0,0,0,47000,2000,45000,45000
4956,光鋐            ,76000,31000,45000,0,0,0,0,0,0,0,0,0,0,0,0,0,45000
6531,愛普            ,145000,112000,33000,0,0,0,0,0,0,12000,12000,0,12000,0,0,0,45000
054820,新日興元大97購01,0,0,0,0,0,0,0,0,0,44000,0,0,0,188000,144000,44000,44000
05465P,台表科永豐95售03,0,0,0,0,0,0,0,0,0,44000,0,0,0,44000,0,44000,44000
055075,南電永豐97購01  ,0,0,0,0,0,0,0,0,0,44000,0,0,0,176000,132000,44000,44000
054207,國巨國票98購01  ,0,0,0,0,0,0,0,0,0,44000,0,0,0,360000,316000,44000,44000
05426P,聯發科凱基95售12,0,0,0,0,0,0,0,0,0,44000,0,0,0,44000,0,44000,44000
054368,鴻海中信9A購02  ,0,0,0,0,0,0,0,0,0,44000,0,0,0,44000,0,44000,44000
053017,世紀鋼統一96購02,0,0,0,0,0,0,0,0,0,44000,0,0,0,71000,27000,44000,44000
053820,大立光群益96購05,0,0,0,0,0,0,0,0,0,44000,0,0,0,84000,40000,44000,44000
053897,台郡群益96購01  ,0,0,0,0,0,0,0,0,0,44000,0,0,0,112000,68000,44000,44000
045576,智邦元大92購07  ,0,0,0,0,0,0,0,0,0,44000,0,0,0,44000,0,44000,44000
046062,遠東新凱基92購02,0,0,0,0,0,0,0,0,0,44000,0,0,0,84000,40000,44000,44000
044356,創意元大92購04  ,0,0,0,0,0,0,0,0,0,44000,0,0,0,112000,68000,44000,44000
03885P,華新科統一96售01,0,0,0,0,0,0,0,0,0,44000,0,0,0,185000,141000,44000,44000
046647,高鐵國泰93購01  ,0,0,0,0,0,0,0,0,0,44000,0,0,0,81000,37000,44000,44000
04867P,美律統一94售03  ,0,0,0,0,0,0,0,0,0,44000,0,0,0,157000,113000,44000,44000
052501,茂林永豐95購04  ,0,0,0,0,0,0,0,0,0,44000,0,0,0,348000,304000,44000,44000
050495,大立光永昌96購01,0,0,0,0,0,0,0,0,0,44000,0,0,0,95000,51000,44000,44000
05026P,貿聯群益95售01  ,0,0,0,0,0,0,0,0,0,44000,0,0,0,44000,0,44000,44000
2390,云辰            ,74000,30000,44000,0,0,0,0,0,0,0,0,0,0,0,0,0,44000
05725P,嘉聯益永豐96售02,0,0,0,0,0,0,0,0,0,44000,0,0,0,46000,2000,44000,44000
053791,同欣電元大96購05,0,0,0,0,0,0,0,0,0,43000,0,0,0,68000,25000,43000,43000
053527,創意中信97購01  ,0,0,0,0,0,0,0,0,0,43000,0,0,0,53000,10000,43000,43000
053307,泰碩凱基97購01  ,0,0,0,0,0,0,0,0,0,43000,0,0,0,63000,20000,43000,43000
054460,和大凱基97購01  ,0,0,0,0,0,0,0,0,0,43000,0,0,0,162000,119000,43000,43000
055157,晶豪科元大97購01,0,0,0,0,0,0,0,0,0,43000,0,0,0,48000,5000,43000,43000
03581P,台積電群益03售04,0,0,0,0,0,0,0,0,0,43000,0,0,0,50000,7000,43000,43000
043775,友達兆豐92購01  ,0,0,0,0,0,0,0,0,0,43000,0,0,0,65000,22000,43000,43000
044966,台表科中信94購01,0,0,0,0,0,0,0,0,0,43000,0,0,0,58000,15000,43000,43000
044517,新日興凱基91購01,0,0,0,0,0,0,0,0,0,43000,0,0,0,43000,0,43000,43000
045598,上証2X中信94購02,0,0,0,0,0,0,0,0,0,43000,0,0,0,43000,0,43000,43000
045184,京元電統一93購01,0,0,0,0,0,0,0,0,0,43000,0,0,0,61000,18000,43000,43000
049811,聯鈞元大94購01  ,0,0,0,0,0,0,0,0,0,43000,0,0,0,85000,42000,43000,43000
049985,華擎凱基94購01  ,0,0,0,0,0,0,0,0,0,43000,0,0,0,50000,7000,43000,43000
047187,亞光元大94購01  ,0,0,0,0,0,0,0,0,0,43000,0,0,0,59000,16000,43000,43000
050566,高股息中信97購02,0,0,0,0,0,0,0,0,0,43000,0,0,0,53000,10000,43000,43000
052387,台積電群益95購08,0,0,0,0,0,0,0,0,0,43000,0,0,0,95000,52000,43000,43000
052047,建準凱基96購01  ,0,0,0,0,0,0,0,0,0,43000,0,0,0,43000,0,43000,43000
6155,鈞寶            ,89000,47000,42000,0,0,0,0,0,0,1000,1000,0,1000,0,0,0,43000
2850,新產            ,51000,8000,43000,0,0,0,0,0,0,0,0,0,0,0,0,0,43000
8404,百和興業-KY     ,48588,6000,42588,0,0,0,0,0,0,0,0,0,0,0,0,0,42588
054858,台肥群益97購01  ,0,0,0,0,0,0,0,0,0,42000,0,0,0,42000,0,42000,42000
052912,日月光統一96購01,0,0,0,0,0,0,0,0,0,42000,0,0,0,51000,9000,42000,42000
048951,宏全永豐94購01  ,0,0,0,0,0,0,0,0,0,42000,0,0,0,76000,34000,42000,42000
04585P,楠梓電永豐94售02,0,0,0,0,0,0,0,0,0,42000,0,0,0,53000,11000,42000,42000
043580,大立光元富94購01,0,0,0,0,0,0,0,0,0,42000,0,0,0,45000,3000,42000,42000
043453,上銀元大92購01  ,0,0,0,0,0,0,0,0,0,42000,0,0,0,42000,0,42000,42000
047445,創意元大93購04  ,0,0,0,0,0,0,0,0,0,42000,0,0,0,46000,4000,42000,42000
046448,亞德客凱基92購03,0,0,0,0,0,0,0,0,0,42000,0,0,0,44000,2000,42000,42000
048139,南電國票94購02  ,0,0,0,0,0,0,0,0,0,42000,0,0,0,145000,103000,42000,42000
049534,華擎永豐94購02  ,0,0,0,0,0,0,0,0,0,42000,0,0,0,43000,1000,42000,42000
046788,貿聯永豐93購01  ,0,0,0,0,0,0,0,0,0,42000,0,0,0,100000,58000,42000,42000
052322,力成元大96購01  ,0,0,0,0,0,0,0,0,0,42000,0,0,0,96000,54000,42000,42000
051476,聯發科凱基95購09,0,0,0,0,0,0,0,0,0,42000,0,0,0,70000,28000,42000,42000
05180P,玉晶光凱基95售04,0,0,0,0,0,0,0,0,0,42000,0,0,0,97000,55000,42000,42000
050519,旺宏元大95購03  ,0,0,0,0,0,0,0,0,0,42000,0,0,0,52000,10000,42000,42000
050633,義隆群益96購02  ,0,0,0,0,0,0,0,0,0,42000,0,0,0,42000,0,42000,42000
050340,鴻海統一94購07  ,0,0,0,0,0,0,0,0,0,42000,0,0,0,42000,0,42000,42000
3006,晶豪科          ,232000,190000,42000,0,0,0,0,0,0,0,5000,0,5000,0,5000,-5000,42000
3028,增你強          ,43000,1000,42000,0,0,0,0,0,0,0,0,0,0,0,0,0,42000
3062,建漢            ,134000,94000,40000,0,0,0,0,0,0,2000,2000,0,2000,0,0,0,42000
05527P,聯茂群益96售01  ,0,0,0,0,0,0,0,0,0,42000,0,0,0,42000,0,42000,42000
2022,聚亨            ,42000,0,42000,0,0,0,0,0,0,0,0,0,0,0,0,0,42000
2701,萬企            ,42000,0,42000,0,0,0,0,0,0,0,0,0,0,0,0,0,42000
053703,緯穎兆豐96購01  ,0,0,0,0,0,0,0,0,0,41000,0,0,0,51000,10000,41000,41000
055146,華通元大98購04  ,0,0,0,0,0,0,0,0,0,41000,0,0,0,101000,60000,41000,41000
054276,國巨群益96購07  ,0,0,0,0,0,0,0,0,0,41000,0,0,0,52000,11000,41000,41000
043938,華邦電兆豐93購01,0,0,0,0,0,0,0,0,0,41000,0,0,0,101000,60000,41000,41000
03904P,啟碁統一93售01  ,0,0,0,0,0,0,0,0,0,41000,0,0,0,41000,0,41000,41000
044241,華新科統一92購01,0,0,0,0,0,0,0,0,0,41000,0,0,0,41000,0,41000,41000
045832,建準群益92購01  ,0,0,0,0,0,0,0,0,0,41000,0,0,0,41000,0,41000,41000
048583,智原富邦98購01  ,0,0,0,0,0,0,0,0,0,41000,0,0,0,205000,164000,41000,41000
046444,矽力日盛92購01  ,0,0,0,0,0,0,0,0,0,41000,0,0,0,66000,25000,41000,41000
049516,光罩國票94購02  ,0,0,0,0,0,0,0,0,0,41000,0,0,0,61000,20000,41000,41000
046904,大毅凱基93購01  ,0,0,0,0,0,0,0,0,0,41000,0,0,0,44000,3000,41000,41000
050762,楠梓電元大94購02,0,0,0,0,0,0,0,0,0,41000,0,0,0,68000,27000,41000,41000
051137,聯詠永豐95購01  ,0,0,0,0,0,0,0,0,0,41000,0,0,0,41000,0,41000,41000
052049,緯創凱基97購01  ,0,0,0,0,0,0,0,0,0,41000,0,0,0,61000,20000,41000,41000
052159,瑞昱永豐95購01  ,0,0,0,0,0,0,0,0,0,41000,0,0,0,262000,221000,41000,41000
2314,台揚            ,73000,11000,62000,0,0,0,0,0,0,-21000,0,0,0,0,21000,-21000,41000
06045P,臺股指永豐96售03,0,0,0,0,0,0,0,0,0,41000,0,0,0,41000,0,41000,41000
1323,永裕            ,41000,0,41000,0,0,0,0,0,0,0,0,0,0,0,0,0,41000
054193,鴻海麥證96購02  ,0,0,0,40000,0,40000,0,0,0,40000,0,0,0,40000,0,40000,40000
054172,易華電凱基98購01,0,0,0,0,0,0,0,0,0,40000,0,0,0,50000,10000,40000,40000
054095,同欣電群益98購03,0,0,0,0,0,0,0,0,0,40000,0,0,0,101000,61000,40000,40000
054433,南亞科台新96購02,0,0,0,0,0,0,0,0,0,40000,0,0,0,40000,0,40000,40000
05477P,華新科群益95售06,0,0,0,0,0,0,0,0,0,40000,0,0,0,40000,0,40000,40000
054585,禾伸堂國泰99購01,0,0,0,0,0,0,0,0,0,40000,0,0,0,96000,56000,40000,40000
053696,日月光元大96購05,0,0,0,0,0,0,0,0,0,40000,0,0,0,131000,91000,40000,40000
053874,台表科元大96購05,0,0,0,0,0,0,0,0,0,40000,0,0,0,56000,16000,40000,40000
052922,國巨永豐96購01  ,0,0,0,0,0,0,0,0,0,40000,0,0,0,95000,55000,40000,40000
052808,矽力元大96購02  ,0,0,0,0,0,0,0,0,0,40000,0,0,0,51000,11000,40000,40000
052870,玉晶光凱基96購03,0,0,0,0,0,0,0,0,0,40000,0,0,0,40000,0,40000,40000
04489P,大立光凱基94售03,0,0,0,0,0,0,0,0,0,40000,0,0,0,40000,0,40000,40000
046120,大立光元大92購17,0,0,0,0,0,0,0,0,0,40000,0,0,0,40000,0,40000,40000
044839,同欣電元大91購02,0,0,0,0,0,0,0,0,0,40000,0,0,0,40000,0,40000,40000
044988,玉晶光統一95購01,0,0,0,0,0,0,0,0,0,40000,0,0,0,52000,12000,40000,40000
044666,創意國泰93購01  ,0,0,0,0,0,0,0,0,0,40000,0,0,0,191000,151000,40000,40000
045083,智原元大92購01  ,0,0,0,0,0,0,0,0,0,40000,0,0,0,40000,0,40000,40000
045278,A50正2國泰92購01,0,0,0,0,0,0,0,0,0,40000,0,0,0,40000,0,40000,40000
045153,大立光凱基93購04,0,0,0,0,0,0,0,0,0,40000,0,0,0,40000,0,40000,40000
045166,深100富邦92購01 ,0,0,0,0,0,0,0,0,0,40000,0,0,0,40000,0,40000,40000
046013,緯穎元富92購01  ,0,0,0,0,0,0,0,0,0,40000,0,0,0,40000,0,40000,40000
03950P,聯發科中信93售03,0,0,0,0,0,0,0,0,0,40000,0,0,0,50000,10000,40000,40000
03247P,聯電元富03售02  ,0,0,0,0,0,0,0,0,0,40000,0,0,0,40000,0,40000,40000
00712,FH富時不動產    ,138000,0,138000,0,0,0,0,0,0,-98000,0,0,0,96000,194000,-98000,40000
043454,上銀元大92購02  ,0,0,0,0,0,0,0,0,0,40000,0,0,0,40000,0,40000,40000
043390,康控元大93購01  ,0,0,0,0,0,0,0,0,0,40000,0,0,0,50000,10000,40000,40000
043026,康友元大92購01  ,0,0,0,0,0,0,0,0,0,40000,0,0,0,40000,0,40000,40000
042915,大立光元大93購01,0,0,0,0,0,0,0,0,0,40000,0,0,0,40000,0,40000,40000
044728,上緯控永豐91購02,0,0,0,0,0,0,0,0,0,40000,0,0,0,60000,20000,40000,40000
046319,新日興元大92購03,0,0,0,0,0,0,0,0,0,40000,0,0,0,300000,260000,40000,40000
046036,大立光元大92購15,0,0,0,0,0,0,0,0,0,40000,0,0,0,40000,0,40000,40000
045741,嘉晶群益92購01  ,0,0,0,0,0,0,0,0,0,40000,0,0,0,70000,30000,40000,40000
045666,鴻海元富92購04  ,0,0,0,0,0,0,0,0,0,40000,0,0,0,40000,0,40000,40000
047417,台塑富邦97購01  ,0,0,0,0,0,0,0,0,0,40000,0,0,0,60000,20000,40000,40000
047760,元油反元大96購03,0,0,0,0,0,0,0,0,0,40000,0,0,0,60000,20000,40000,40000
047730,矽力群益93購02  ,0,0,0,0,0,0,0,0,0,40000,0,0,0,40000,0,40000,40000
049465,美律台新94購01  ,0,0,0,0,0,0,0,0,0,40000,0,0,0,40000,0,40000,40000
047083,大立光永豐93購01,0,0,0,0,0,0,0,0,0,40000,0,0,0,40000,0,40000,40000
046615,大成鋼凱基93購01,0,0,0,0,0,0,0,0,0,40000,0,0,0,40000,0,40000,40000
049448,光磊統一94購01  ,0,0,0,0,0,0,0,0,0,40000,0,0,0,166000,126000,40000,40000
049094,昇陽半凱基94購02,0,0,0,0,0,0,0,0,0,40000,0,0,0,40000,0,40000,40000
048735,美利達麥證95購01,0,0,0,50000,10000,40000,0,0,0,40000,0,0,0,50000,10000,40000,40000
04726P,TPK凱基94售04   ,0,0,0,0,0,0,0,0,0,40000,0,0,0,40000,0,40000,40000
048567,台郡元大93購03  ,0,0,0,0,0,0,0,0,0,40000,0,0,0,50000,10000,40000,40000
047540,技嘉麥證93購01  ,0,0,0,55000,10000,45000,0,0,0,40000,0,0,0,55000,15000,40000,40000
047523,瑞昱元大93購09  ,0,0,0,0,0,0,0,0,0,40000,0,0,0,143000,103000,40000,40000
049247,光寶科元大94購02,0,0,0,0,0,0,0,0,0,40000,0,0,0,40000,0,40000,40000
047668,聯茂永豐93購02  ,0,0,0,0,0,0,0,0,0,40000,0,0,0,40000,0,40000,40000
047849,中工統一93購01  ,0,0,0,0,0,0,0,0,0,40000,0,0,0,40000,0,40000,40000
047808,智邦凱基93購07  ,0,0,0,0,0,0,0,0,0,40000,0,0,0,40000,0,40000,40000
04992P,元油2X富邦97售04,0,0,0,0,0,0,0,0,0,40000,0,0,0,40000,0,40000,40000
052181,南茂元大95購05  ,0,0,0,0,0,0,0,0,0,40000,0,0,0,472000,432000,40000,40000
052041,鴻海日盛95購02  ,0,0,0,0,0,0,0,0,0,40000,0,0,0,191000,151000,40000,40000
052057,臺股指凱基95購15,0,0,0,0,0,0,0,0,0,40000,0,0,0,224000,184000,40000,40000
052252,大立光永豐95購03,0,0,0,0,0,0,0,0,0,40000,0,0,0,45000,5000,40000,40000
051583,可成元大95購07  ,0,0,0,0,0,0,0,0,0,40000,0,0,0,156000,116000,40000,40000
051152,鴻海國泰97購01  ,0,0,0,0,0,0,0,0,0,40000,0,0,0,220000,180000,40000,40000
051332,奇力新永豐95購01,0,0,0,0,0,0,0,0,0,40000,0,0,0,52000,12000,40000,40000
05075P,台積電麥證95售01,0,0,0,40000,0,40000,0,0,0,40000,0,0,0,40000,0,40000,40000
050787,致伸國泰96購01  ,0,0,0,0,0,0,0,0,0,40000,0,0,0,70000,30000,40000,40000
051014,智邦凱基95購01  ,0,0,0,0,0,0,0,0,0,40000,0,0,0,40000,0,40000,40000
051002,華邦電亞東96購01,0,0,0,0,0,0,0,0,0,40000,0,0,0,40000,0,40000,40000
050423,鴻海凱基96購02  ,0,0,0,0,0,0,0,0,0,40000,0,0,0,40000,0,40000,40000
050160,中石化國泰95購01,0,0,0,0,0,0,0,0,0,40000,0,0,0,40000,0,40000,40000
08582P,臺股指元大9C售30,0,0,0,0,0,0,0,0,0,40000,0,0,0,40000,0,40000,40000
2034,允強            ,54000,14000,40000,0,0,0,0,0,0,0,0,0,0,0,0,0,40000
055286,晶技元大98購03  ,0,0,0,0,0,0,0,0,0,40000,0,0,0,50000,10000,40000,40000
05823P,臺股指凱基96售20,0,0,0,0,0,0,0,0,0,40000,0,0,0,40000,0,40000,40000
6168,宏齊            ,53000,13000,40000,0,0,0,0,0,0,0,0,0,0,0,0,0,40000
8131,福懋科          ,71000,26000,45000,0,0,0,0,0,0,-5000,3000,0,3000,0,8000,-8000,40000
00743,國泰中國A150    ,1000,1000,0,0,0,0,0,0,0,39847,0,0,0,128000,88153,39847,39847
053602,台虹元大96購01  ,0,0,0,0,0,0,0,0,0,39000,0,0,0,193000,154000,39000,39000
054878,和大統一97購02  ,0,0,0,0,0,0,0,0,0,39000,0,0,0,72000,33000,39000,39000
054294,世芯元大96購02  ,0,0,0,0,0,0,0,0,0,39000,0,0,0,211000,172000,39000,39000
05412P,泰碩國票95售02  ,0,0,0,0,0,0,0,0,0,39000,0,0,0,39000,0,39000,39000
054247,華邦電元大96購04,0,0,0,0,0,0,0,0,0,39000,0,0,0,51000,12000,39000,39000
049956,國巨統一94購05  ,0,0,0,0,0,0,0,0,0,39000,0,0,0,100000,61000,39000,39000
049895,國巨統一94購04  ,0,0,0,0,0,0,0,0,0,39000,0,0,0,52000,13000,39000,39000
04786P,鴻海永昌96售01  ,0,0,0,0,0,0,0,0,0,39000,0,0,0,103000,64000,39000,39000
048602,上緯控國票96購01,0,0,0,0,0,0,0,0,0,39000,0,0,0,39000,0,39000,39000
047433,鴻海元大93購16  ,0,0,0,0,0,0,0,0,0,39000,0,0,0,72000,33000,39000,39000
050202,建準群益95購01  ,0,0,0,0,0,0,0,0,0,39000,0,0,0,86000,47000,39000,39000
050630,大立光亞東96購01,0,0,0,0,0,0,0,0,0,39000,0,0,0,45000,6000,39000,39000
050632,國巨群益94購07  ,0,0,0,0,0,0,0,0,0,39000,0,0,0,51000,12000,39000,39000
050636,上証2X國票94購01,0,0,0,0,0,0,0,0,0,39000,0,0,0,52000,13000,39000,39000
050954,樺漢群益95購01  ,0,0,0,0,0,0,0,0,0,39000,0,0,0,49000,10000,39000,39000
051153,鴻海國泰97購02  ,0,0,0,0,0,0,0,0,0,39000,0,0,0,140000,101000,39000,39000
051551,新日興永豐95購01,0,0,0,0,0,0,0,0,0,39000,0,0,0,403000,364000,39000,39000
051769,矽力元大95購01  ,0,0,0,0,0,0,0,0,0,39000,0,0,0,76000,37000,39000,39000
05203P,華新科元大95售10,0,0,0,0,0,0,0,0,0,39000,0,0,0,66000,27000,39000,39000
052432,康友永豐95購04  ,0,0,0,0,0,0,0,0,0,39000,0,0,0,76000,37000,39000,39000
052616,鴻海國泰98購02  ,0,0,0,0,0,0,0,0,0,39000,0,0,0,196000,157000,39000,39000
1802,台玻            ,150000,107000,43000,0,0,0,0,0,0,-4000,0,4000,-4000,0,0,0,39000
2472,立隆電          ,85000,41000,44000,0,0,0,0,0,0,-5000,24000,29000,-5000,0,0,0,39000
1225,福懋油          ,45000,6000,39000,0,0,0,0,0,0,0,0,0,0,0,0,0,39000
054020,技嘉台新97購01  ,0,0,0,0,0,0,0,0,0,38000,0,0,0,38000,0,38000,38000
054023,和大康和96購01  ,0,0,0,0,0,0,0,0,0,38000,0,0,0,116000,78000,38000,38000
054482,大成鋼台新96購01,0,0,0,0,0,0,0,0,0,38000,0,0,0,38000,0,38000,38000
054827,宏全元大9A購01  ,0,0,0,0,0,0,0,0,0,38000,0,0,0,88000,50000,38000,38000
054620,南茂永豐97購01  ,0,0,0,0,0,0,0,0,0,38000,0,0,0,38000,0,38000,38000
054998,玉晶光元富97購02,0,0,0,0,0,0,0,0,0,38000,0,0,0,38000,0,38000,38000
053470,華邦電元大96購02,0,0,0,0,0,0,0,0,0,38000,0,0,0,366000,328000,38000,38000
053818,富邦金群益98購01,0,0,0,0,0,0,0,0,0,38000,0,0,0,38000,0,38000,38000
03977P,上海銀元大93售01,0,0,0,0,0,0,0,0,0,38000,0,0,0,40000,2000,38000,38000
04127P,聯茂國票93售02  ,0,0,0,0,0,0,0,0,0,38000,0,0,0,38000,0,38000,38000
043525,創意元大92購02  ,0,0,0,0,0,0,0,0,0,38000,0,0,0,60000,22000,38000,38000
045465,冠德元大92購01  ,0,0,0,0,0,0,0,0,0,38000,0,0,0,38000,0,38000,38000
049007,玉晶光中信96購01,0,0,0,0,0,0,0,0,0,38000,0,0,0,75000,37000,38000,38000
044303,群創兆豐92購01  ,0,0,0,0,0,0,0,0,0,38000,0,0,0,88000,50000,38000,38000
046416,聯詠元大92購05  ,0,0,0,0,0,0,0,0,0,38000,0,0,0,40000,2000,38000,38000
049906,光寶科元大94購03,0,0,0,0,0,0,0,0,0,38000,0,0,0,48000,10000,38000,38000
04963P,鴻海元大94售25  ,0,0,0,0,0,0,0,0,0,38000,0,0,0,116000,78000,38000,38000
048385,亞德客國票94購01,0,0,0,0,0,0,0,0,0,38000,0,0,0,38000,0,38000,38000
052154,緯創台新95購01  ,0,0,0,0,0,0,0,0,0,38000,0,0,0,38000,0,38000,38000
051812,臻鼎凱基95購03  ,0,0,0,0,0,0,0,0,0,38000,0,0,0,115000,77000,38000,38000
051052,台積電群益95購01,0,0,0,0,0,0,0,0,0,38000,0,0,0,94000,56000,38000,38000
051212,國巨統一95購01  ,0,0,0,0,0,0,0,0,0,38000,0,0,0,47000,9000,38000,38000
050958,日月光台新95購01,0,0,0,0,0,0,0,0,0,38000,0,0,0,38000,0,38000,38000
050134,世紀鋼凱基94購04,0,0,0,0,0,0,0,0,0,38000,0,0,0,40000,2000,38000,38000
06221P,台灣50台新92售01,0,0,0,0,0,0,0,0,0,38000,0,0,0,38000,0,38000,38000
06059P,泰碩元大97售02  ,0,0,0,0,0,0,0,0,0,38000,0,0,0,50000,12000,38000,38000
06075P,智邦凱基97售02  ,0,0,0,0,0,0,0,0,0,38000,0,0,0,38000,0,38000,38000
2468,華經            ,38000,0,38000,0,0,0,0,0,0,0,0,0,0,0,0,0,38000
2233,宇隆            ,43000,5000,38000,0,0,0,0,0,0,0,0,0,0,0,0,0,38000
9905,大華            ,41000,3000,38000,0,0,0,0,0,0,0,0,0,0,0,0,0,38000
6672,騰輝電子-KY     ,66000,28000,38000,0,0,0,0,0,0,0,0,0,0,0,0,0,38000
053406,國巨兆豐96購02  ,0,0,0,0,0,0,0,0,0,37000,0,0,0,52000,15000,37000,37000
055007,晶相光元富9A購02,0,0,0,0,0,0,0,0,0,37000,0,0,0,100000,63000,37000,37000
045320,鴻海統一92購05  ,0,0,0,0,0,0,0,0,0,37000,0,0,0,37000,0,37000,37000
045142,聯茂兆豐93購02  ,0,0,0,0,0,0,0,0,0,37000,0,0,0,39000,2000,37000,37000
04140P,聯茂國票93售03  ,0,0,0,0,0,0,0,0,0,37000,0,0,0,37000,0,37000,37000
04250P,嘉晶統一95售02  ,0,0,0,0,0,0,0,0,0,37000,0,0,0,67000,30000,37000,37000
00688L,國泰20年美債正2 ,0,0,0,0,0,0,0,0,0,37000,0,0,0,137000,100000,37000,37000
049732,國巨群益94購05  ,0,0,0,0,0,0,0,0,0,37000,0,0,0,39000,2000,37000,37000
048668,奇力新永豐93購04,0,0,0,0,0,0,0,0,0,37000,0,0,0,37000,0,37000,37000
049159,同欣電中信96購01,0,0,0,0,0,0,0,0,0,37000,0,0,0,77000,40000,37000,37000
047392,大立光元大93購24,0,0,0,0,0,0,0,0,0,37000,0,0,0,47000,10000,37000,37000
05025P,聯發科群益95售02,0,0,0,0,0,0,0,0,0,37000,0,0,0,54000,17000,37000,37000
050919,台積電凱基95購03,0,0,0,0,0,0,0,0,0,37000,0,0,0,53000,16000,37000,37000
051214,大立光統一95購02,0,0,0,0,0,0,0,0,0,37000,0,0,0,107000,70000,37000,37000
05143P,臻鼎台新95售01  ,0,0,0,0,0,0,0,0,0,37000,0,0,0,47000,10000,37000,37000
051408,台積電國票95購03,0,0,0,0,0,0,0,0,0,37000,0,0,0,53000,16000,37000,37000
052623,台郡兆豐96購01  ,0,0,0,0,0,0,0,0,0,37000,0,0,0,48000,11000,37000,37000
5285,界霖            ,60000,26000,34000,0,0,0,0,0,0,3000,3000,0,3000,0,0,0,37000
2882B,國泰金乙特      ,0,0,0,0,0,0,0,0,0,37000,37000,0,37000,0,0,0,37000
2020,美亞            ,37000,0,37000,0,0,0,0,0,0,0,0,0,0,0,0,0,37000
1441,大東            ,41000,4000,37000,0,0,0,0,0,0,0,0,0,0,0,0,0,37000
1611,中電            ,42000,5000,37000,0,0,0,0,0,0,0,0,0,0,0,0,0,37000
05886P,華通元富96售01  ,0,0,0,0,0,0,0,0,0,37000,0,0,0,37000,0,37000,37000
05462P,美律亞東97售01  ,0,0,0,0,0,0,0,0,0,36000,0,0,0,36000,0,36000,36000
054544,統一中信97購01  ,0,0,0,0,0,0,0,0,0,36000,0,0,0,82000,46000,36000,36000
053450,同欣電凱基96購02,0,0,0,0,0,0,0,0,0,36000,0,0,0,36000,0,36000,36000
053456,大立光元富96購04,0,0,0,0,0,0,0,0,0,36000,0,0,0,66000,30000,36000,36000
053443,智邦凱基97購01  ,0,0,0,0,0,0,0,0,0,36000,0,0,0,107000,71000,36000,36000
052972,義隆群益96購04  ,0,0,0,0,0,0,0,0,0,36000,0,0,0,48000,12000,36000,36000
041991,元油2X國票98購01,0,0,0,0,0,0,0,0,0,36000,0,0,0,40000,4000,36000,36000
041912,上緯控元大92購01,0,0,0,0,0,0,0,0,0,36000,0,0,0,36000,0,36000,36000
045630,技嘉凱基93購02  ,0,0,0,0,0,0,0,0,0,36000,0,0,0,51000,15000,36000,36000
045515,滬深2X統一92購01,0,0,0,0,0,0,0,0,0,36000,0,0,0,149000,113000,36000,36000
049478,祥碩永豐94購02  ,0,0,0,0,0,0,0,0,0,36000,0,0,0,196000,160000,36000,36000
048631,遠東新元大93購01,0,0,0,0,0,0,0,0,0,36000,0,0,0,36000,0,36000,36000
047924,可成凱基93購10  ,0,0,0,0,0,0,0,0,0,36000,0,0,0,110000,74000,36000,36000
047893,嘉聯益兆豐94購01,0,0,0,0,0,0,0,0,0,36000,0,0,0,80000,44000,36000,36000
048281,矽力永豐93購02  ,0,0,0,0,0,0,0,0,0,36000,0,0,0,170000,134000,36000,36000
049584,台積電元大96購04,0,0,0,0,0,0,0,0,0,36000,0,0,0,44000,8000,36000,36000
052625,南電亞東97購01  ,0,0,0,0,0,0,0,0,0,36000,0,0,0,36000,0,36000,36000
052329,台積電亞東96購01,0,0,0,0,0,0,0,0,0,36000,0,0,0,36000,0,36000,36000
051858,上銀凱基95購01  ,0,0,0,0,0,0,0,0,0,36000,0,0,0,66000,30000,36000,36000
051962,晶相光永豐95購02,0,0,0,0,0,0,0,0,0,36000,0,0,0,136000,100000,36000,36000
051229,亞光群益95購01  ,0,0,0,0,0,0,0,0,0,36000,0,0,0,46000,10000,36000,36000
051347,國巨元大95購06  ,0,0,0,0,0,0,0,0,0,36000,0,0,0,36000,0,36000,36000
050650,大立光凱基96購01,0,0,0,0,0,0,0,0,0,36000,0,0,0,37000,1000,36000,36000
050433,華新科凱基94購11,0,0,0,0,0,0,0,0,0,36000,0,0,0,52000,16000,36000,36000
1603,華電            ,39000,3000,36000,0,0,0,0,0,0,0,0,0,0,0,0,0,36000
2062,橋椿            ,40000,4000,36000,0,0,0,0,0,0,0,0,0,0,0,0,0,36000
2433,互盛電          ,36000,0,36000,0,0,0,0,0,0,0,0,0,0,0,0,0,36000
6698,旭暉應材        ,55000,64000,-9000,0,0,0,45000,0,45000,0,0,0,0,0,0,0,36000
910861,神州-DR         ,46000,10000,36000,0,0,0,0,0,0,0,0,0,0,0,0,0,36000
052739,國巨元大96購04  ,0,0,0,0,0,0,0,0,0,35000,0,0,0,35000,0,35000,35000
053287,臺股指元大96購15,0,0,0,0,0,0,0,0,0,35000,0,0,0,35000,0,35000,35000
053062,緯穎富邦97購01  ,0,0,0,0,0,0,0,0,0,35000,0,0,0,92000,57000,35000,35000
053110,大立光兆豐97購01,0,0,0,0,0,0,0,0,0,35000,0,0,0,50000,15000,35000,35000
053940,康友元富96購01  ,0,0,0,0,0,0,0,0,0,35000,0,0,0,176000,141000,35000,35000
053741,漢唐國票97購03  ,0,0,0,0,0,0,0,0,0,35000,0,0,0,35000,0,35000,35000
054343,世紀鋼元富96購02,0,0,0,0,0,0,0,0,0,35000,0,0,0,201000,166000,35000,35000
05414P,台表科國票96售02,0,0,0,0,0,0,0,0,0,35000,0,0,0,35000,0,35000,35000
054171,台郡凱基97購01  ,0,0,0,0,0,0,0,0,0,35000,0,0,0,68000,33000,35000,35000
054695,世芯永豐98購01  ,0,0,0,0,0,0,0,0,0,35000,0,0,0,468000,433000,35000,35000
055036,中工富邦9B購01  ,0,0,0,0,0,0,0,0,0,35000,0,0,0,235000,200000,35000,35000
048944,茂林永豐94購01  ,0,0,0,0,0,0,0,0,0,35000,0,0,0,35000,0,35000,35000
045880,超眾元富92購01  ,0,0,0,0,0,0,0,0,0,35000,0,0,0,35000,0,35000,35000
045027,漢唐國票92購02  ,0,0,0,0,0,0,0,0,0,35000,0,0,0,35000,0,35000,35000
044284,聯電凱基92購01  ,0,0,0,0,0,0,0,0,0,35000,0,0,0,40000,5000,35000,35000
04311P,奇力新統一95售01,0,0,0,0,0,0,0,0,0,35000,0,0,0,40000,5000,35000,35000
048330,大立光永昌93購07,0,0,0,0,0,0,0,0,0,35000,0,0,0,35000,0,35000,35000
048005,鎧勝元大93購02  ,0,0,0,0,0,0,0,0,0,35000,0,0,0,35000,0,35000,35000
049471,楠梓電永豐94購04,0,0,0,0,0,0,0,0,0,35000,0,0,0,35000,0,35000,35000
046649,致伸國泰94購01  ,0,0,0,0,0,0,0,0,0,35000,0,0,0,50000,15000,35000,35000
051902,T50反1元大97購01,0,0,0,0,0,0,0,0,0,35000,0,0,0,116000,81000,35000,35000
051756,台積電元大97購04,0,0,0,0,0,0,0,0,0,35000,0,0,0,113000,78000,35000,35000
052088,漢唐元大95購02  ,0,0,0,0,0,0,0,0,0,35000,0,0,0,38000,3000,35000,35000
052613,易華電元大96購01,0,0,0,0,0,0,0,0,0,35000,0,0,0,100000,65000,35000,35000
052537,力成富邦95購01  ,0,0,0,0,0,0,0,0,0,35000,0,0,0,37000,2000,35000,35000
6525,捷敏-KY         ,43000,8000,35000,0,0,0,0,0,0,0,0,0,0,0,0,0,35000
3010,華立            ,95000,64000,31000,0,0,0,0,3000,-3000,7000,7000,0,7000,0,0,0,35000
3617,碩天            ,31000,6000,25000,0,0,0,0,0,0,10000,10000,0,10000,0,0,0,35000
3622,洋華            ,56000,20000,36000,0,0,0,0,0,0,-1000,0,1000,-1000,0,0,0,35000
05875P,旺宏群益98售01  ,0,0,0,0,0,0,0,0,0,35000,0,0,0,35000,0,35000,35000
055316,上銀國票98購01  ,0,0,0,0,0,0,0,0,0,35000,0,0,0,59000,24000,35000,35000
054195,亞泥國泰98購01  ,0,0,0,0,0,0,0,0,0,34000,0,0,0,104000,70000,34000,34000
054545,奇力新中信98購01,0,0,0,0,0,0,0,0,0,34000,0,0,0,54000,20000,34000,34000
054442,啟碁台新96購01  ,0,0,0,0,0,0,0,0,0,34000,0,0,0,34000,0,34000,34000
053379,南亞科元大96購01,0,0,0,0,0,0,0,0,0,34000,0,0,0,34000,0,34000,34000
043156,大立光統一94購01,0,0,0,0,0,0,0,0,0,34000,0,0,0,79000,45000,34000,34000
042093,台灣50群益94購02,7000,0,7000,0,0,0,0,0,0,27000,0,0,0,73000,46000,27000,34000
04394P,臻鼎凱基94售01  ,0,0,0,0,0,0,0,0,0,34000,0,0,0,34000,0,34000,34000
045235,致茂中信93購01  ,0,0,0,0,0,0,0,0,0,34000,0,0,0,343000,309000,34000,34000
044456,鈺齊永豐91購02  ,0,0,0,0,0,0,0,0,0,34000,0,0,0,50000,16000,34000,34000
049058,茂林永豐94購02  ,0,0,0,0,0,0,0,0,0,34000,0,0,0,36000,2000,34000,34000
045957,技嘉凱基93購03  ,0,0,0,0,0,0,0,0,0,34000,0,0,0,34000,0,34000,34000
04599P,南亞科凱基94售03,0,0,0,0,0,0,0,0,0,34000,0,0,0,45000,11000,34000,34000
049255,旺宏元大97購02  ,0,0,0,0,0,0,0,0,0,34000,0,0,0,41000,7000,34000,34000
047674,群創元富96購02  ,0,0,0,0,0,0,0,0,0,34000,0,0,0,124000,90000,34000,34000
049570,華新科統一94購04,0,0,0,0,0,0,0,0,0,34000,0,0,0,68000,34000,34000,34000
04997P,燿華台新95售02  ,0,0,0,0,0,0,0,0,0,34000,0,0,0,34000,0,34000,34000
05222P,致伸凱基95售02  ,0,0,0,0,0,0,0,0,0,34000,0,0,0,34000,0,34000,34000
051854,鴻海麥證95購04  ,0,0,0,44000,10000,34000,0,0,0,34000,0,0,0,44000,10000,34000,34000
05523P,聯發科國票96售04,0,0,0,0,0,0,0,0,0,34000,0,0,0,42000,8000,34000,34000
05547P,群創元大96售03  ,0,0,0,0,0,0,0,0,0,34000,0,0,0,328000,294000,34000,34000
06005P,晶豪科永豐96售04,0,0,0,0,0,0,0,0,0,34000,0,0,0,62000,28000,34000,34000
06123P,玉晶光元大97售04,0,0,0,0,0,0,0,0,0,34000,0,0,0,94000,60000,34000,34000
3583,辛耘            ,91000,7000,84000,0,0,0,0,50000,-50000,0,0,0,0,0,0,0,34000
053460,緯穎國泰97購01  ,0,0,0,0,0,0,0,0,0,33000,0,0,0,239000,206000,33000,33000
053477,大立光元大97購03,0,0,0,0,0,0,0,0,0,33000,0,0,0,38000,5000,33000,33000
053157,日月光元大96購03,0,0,0,0,0,0,0,0,0,33000,0,0,0,53000,20000,33000,33000
05283P,健鼎元大95售04  ,0,0,0,0,0,0,0,0,0,33000,0,0,0,233000,200000,33000,33000
054621,華新科兆豐98購01,0,0,0,0,0,0,0,0,0,33000,0,0,0,200000,167000,33000,33000
045360,樺漢凱基92購01  ,0,0,0,0,0,0,0,0,0,33000,0,0,0,38000,5000,33000,33000
0051,元大中型100     ,0,1000,-1000,0,0,0,0,0,0,34000,0,0,0,34000,0,34000,33000
044195,台積電國票91購03,0,0,0,0,0,0,0,0,0,33000,0,0,0,33000,0,33000,33000
046350,上銀群益92購02  ,0,0,0,0,0,0,0,0,0,33000,0,0,0,117000,84000,33000,33000
049375,大立光元大94購13,0,0,0,0,0,0,0,0,0,33000,0,0,0,44000,11000,33000,33000
051678,鈺齊元大95購02  ,0,0,0,0,0,0,0,0,0,33000,0,0,0,90000,57000,33000,33000
05055P,台表科群益95售01,0,0,0,0,0,0,0,0,0,33000,0,0,0,33000,0,33000,33000
050809,鴻海凱基95購08  ,0,0,0,0,0,0,0,0,0,33000,0,0,0,34000,1000,33000,33000
3518,柏騰            ,188000,155000,33000,0,0,0,0,0,0,0,0,0,0,0,0,0,33000
3041,揚智            ,155000,122000,33000,0,0,0,0,0,0,0,0,0,0,0,0,0,33000
1455,集盛            ,33000,0,33000,0,0,0,0,0,0,0,0,0,0,0,0,0,33000
2527,宏璟            ,33000,0,33000,0,0,0,0,0,0,0,0,0,0,0,0,0,33000
05982P,漢唐國票96售03  ,0,0,0,0,0,0,0,0,0,33000,0,0,0,33000,0,33000,33000
05885P,牧德統一96售01  ,0,0,0,0,0,0,0,0,0,33000,0,0,0,130000,97000,33000,33000
055124,建準兆豐97購01  ,0,0,0,0,0,0,0,0,0,32000,0,0,0,78000,46000,32000,32000
054485,華邦電台新96購01,0,0,0,0,0,0,0,0,0,32000,0,0,0,56000,24000,32000,32000
054161,友訊凱基98購01  ,0,0,0,0,0,0,0,0,0,32000,0,0,0,40000,8000,32000,32000
054267,上銀第一96購01  ,0,0,0,0,0,0,0,0,0,32000,0,0,0,237000,205000,32000,32000
054252,奇力新元大96購04,0,0,0,0,0,0,0,0,0,32000,0,0,0,51000,19000,32000,32000
053753,啟碁永豐96購01  ,0,0,0,0,0,0,0,0,0,32000,0,0,0,36000,4000,32000,32000
053661,嘉澤凱基97購01  ,0,0,0,0,0,0,0,0,0,32000,0,0,0,32000,0,32000,32000
04420P,奇鋐永豐94售01  ,0,0,0,0,0,0,0,0,0,32000,0,0,0,32000,0,32000,32000
046313,華新科元大92購11,0,0,0,0,0,0,0,0,0,32000,0,0,0,32000,0,32000,32000
03523P,南電元大02售09  ,0,0,0,0,0,0,0,0,0,32000,0,0,0,32000,0,32000,32000
045374,鴻海元大92購07  ,0,0,0,0,0,0,0,0,0,32000,0,0,0,35000,3000,32000,32000
049030,凌華群益94購01  ,0,0,0,0,0,0,0,0,0,32000,0,0,0,32000,0,32000,32000
044297,台郡凱基91購02  ,0,0,0,0,0,0,0,0,0,32000,0,0,0,50000,18000,32000,32000
047322,日月光元大93購04,0,0,0,0,0,0,0,0,0,32000,0,0,0,42000,10000,32000,32000
047316,大立光元大94購01,0,0,0,0,0,0,0,0,0,32000,0,0,0,32000,0,32000,32000
049185,南電凱基94購03  ,0,0,0,0,0,0,0,0,0,32000,0,0,0,32000,0,32000,32000
048218,上銀凱基93購07  ,0,0,0,0,0,0,0,0,0,32000,0,0,0,32000,0,32000,32000
049980,奇力新凱基94購04,0,0,0,0,0,0,0,0,0,32000,0,0,0,32000,0,32000,32000
047865,健鼎康和93購01  ,0,0,0,0,0,0,0,0,0,32000,0,0,0,32000,0,32000,32000
048650,台表科元大93購05,0,0,0,0,0,0,0,0,0,32000,0,0,0,33000,1000,32000,32000
048514,嘉澤凱基93購06  ,0,0,0,0,0,0,0,0,0,32000,0,0,0,92000,60000,32000,32000
049115,創意統一94購03  ,0,0,0,0,0,0,0,0,0,32000,0,0,0,34000,2000,32000,32000
051345,鴻海元大95購09  ,0,0,0,0,0,0,0,0,0,32000,0,0,0,562000,530000,32000,32000
050458,台郡元大94購03  ,0,0,0,0,0,0,0,0,0,32000,0,0,0,40000,8000,32000,32000
050240,聯發科凱基94購13,0,0,0,0,0,0,0,0,0,32000,0,0,0,57000,25000,32000,32000
051572,上銀元大95購01  ,0,0,0,0,0,0,0,0,0,32000,0,0,0,256000,224000,32000,32000
052244,廣達康和95購01  ,0,0,0,0,0,0,0,0,0,32000,0,0,0,32000,0,32000,32000
052527,泰鼎元大96購02  ,0,0,0,0,0,0,0,0,0,32000,0,0,0,216000,184000,32000,32000
052463,聯電統一96購01  ,0,0,0,0,0,0,0,0,0,32000,0,0,0,32000,0,32000,32000
05747P,漢唐群益96售03  ,0,0,0,0,0,0,0,0,0,32000,0,0,0,32000,0,32000,32000
2464,盟立            ,57000,21000,36000,0,0,0,0,4000,-4000,0,0,0,0,0,0,0,32000
4746,台耀            ,40000,8000,32000,0,0,0,0,0,0,0,2000,2000,0,0,0,0,32000
053778,旺宏元大97購03  ,0,0,0,0,0,0,0,0,0,31000,0,0,0,74000,43000,31000,31000
05275P,國巨凱基95售05  ,0,0,0,0,0,0,0,0,0,31000,0,0,0,68000,37000,31000,31000
054256,創意元大96購07  ,0,0,0,0,0,0,0,0,0,31000,0,0,0,172000,141000,31000,31000
049025,華擎群益94購01  ,0,0,0,0,0,0,0,0,0,31000,0,0,0,145000,114000,31000,31000
045453,上銀元大92購07  ,0,0,0,0,0,0,0,0,0,31000,0,0,0,31000,0,31000,31000
03199P,台積電統一01售16,0,0,0,0,0,0,0,0,0,31000,0,0,0,31000,0,31000,31000
039985,聯詠國泰91購01  ,0,0,0,0,0,0,0,0,0,31000,0,0,0,31000,0,31000,31000
049880,健策永豐94購02  ,0,0,0,0,0,0,0,0,0,31000,0,0,0,90000,59000,31000,31000
049557,南電元富94購02  ,0,0,0,0,0,0,0,0,0,31000,0,0,0,123000,92000,31000,31000
047144,華通群益94購01  ,0,0,0,0,0,0,0,0,0,31000,0,0,0,31000,0,31000,31000
046455,瑞昱凱基92購03  ,0,0,0,0,0,0,0,0,0,31000,0,0,0,101000,70000,31000,31000
049451,富邦金統一94購03,0,0,0,0,0,0,0,0,0,31000,0,0,0,87000,56000,31000,31000
048115,樺漢群益93購01  ,0,0,0,0,0,0,0,0,0,31000,0,0,0,31000,0,31000,31000
04809P,台光電群益94售04,0,0,0,0,0,0,0,0,0,31000,0,0,0,31000,0,31000,31000
052666,瑞昱群益96購01  ,0,0,0,0,0,0,0,0,0,31000,0,0,0,88000,57000,31000,31000
051248,華固元大95購01  ,0,0,0,0,0,0,0,0,0,31000,0,0,0,171000,140000,31000,31000
051115,華通麥證96購01  ,0,0,0,55000,24000,31000,0,0,0,31000,0,0,0,55000,24000,31000,31000
051142,臺股指永豐95購02,0,0,0,0,0,0,0,0,0,31000,0,0,0,31000,0,31000,31000
050931,上証2X國票95購03,0,0,0,0,0,0,0,0,0,31000,0,0,0,31000,0,31000,31000
4306,炎洲            ,58000,32000,26000,0,0,0,0,0,0,5000,5000,0,5000,0,0,0,31000
2427,三商電          ,36000,1000,35000,0,0,0,0,0,0,-4000,0,4000,-4000,0,0,0,31000
2485,兆赫            ,124000,56000,68000,0,0,0,0,0,0,-37000,0,6000,-6000,2000,33000,-31000,31000
1737,臺鹽            ,33000,2000,31000,0,0,0,0,0,0,0,0,0,0,0,0,0,31000
05677P,玉晶光群益98售03,0,0,0,0,0,0,0,0,0,31000,0,0,0,261000,230000,31000,31000
05545P,台表科國泰98售01,0,0,0,0,0,0,0,0,0,31000,0,0,0,80000,49000,31000,31000
054169,上緯控凱基98購01,0,0,0,0,0,0,0,0,0,30000,0,0,0,30000,0,30000,30000
054045,奇力新元大97購03,0,0,0,0,0,0,0,0,0,30000,0,0,0,42000,12000,30000,30000
054470,緯穎國票97購04  ,0,0,0,0,0,0,0,0,0,30000,0,0,0,30000,0,30000,30000
054553,宏達電凱基99購01,0,0,0,0,0,0,0,0,0,30000,0,0,0,40000,10000,30000,30000
055103,南港凱基97購01  ,0,0,0,0,0,0,0,0,0,30000,0,0,0,130000,100000,30000,30000
05513P,玉山金台新96售01,0,0,0,0,0,0,0,0,0,30000,0,0,0,30000,0,30000,30000
055151,台積電元大98購05,0,0,0,0,0,0,0,0,0,30000,0,0,0,60000,30000,30000,30000
05296P,牧德凱基96售01  ,0,0,0,0,0,0,0,0,0,30000,0,0,0,30000,0,30000,30000
052938,華新科兆豐96購01,0,0,0,0,0,0,0,0,0,30000,0,0,0,30000,0,30000,30000
053050,華通國票97購02  ,0,0,0,0,0,0,0,0,0,30000,0,0,0,30000,0,30000,30000
053090,新唐元大96購01  ,0,0,0,0,0,0,0,0,0,30000,0,0,0,97000,67000,30000,30000
053920,新光金國票98購01,0,0,0,0,0,0,0,0,0,30000,0,0,0,30000,0,30000,30000
053586,建準元大96購01  ,0,0,0,0,0,0,0,0,0,30000,0,0,0,117000,87000,30000,30000
03304P,欣興元富02售02  ,0,0,0,0,0,0,0,0,0,30000,0,0,0,30000,0,30000,30000
03641C,臺股指凱基95牛18,0,0,0,0,0,0,0,0,0,30000,0,0,0,30000,0,30000,30000
03756P,創意永豐93售01  ,0,0,0,0,0,0,0,0,0,30000,0,0,0,30000,0,30000,30000
044752,台積電凱基91購23,0,0,0,0,0,0,0,0,0,30000,0,0,0,30000,0,30000,30000
044177,致伸統一91購01  ,0,0,0,0,0,0,0,0,0,30000,0,0,0,30000,0,30000,30000
042383,嘉聯益兆豐91購01,0,0,0,0,0,0,0,0,0,30000,0,0,0,40000,10000,30000,30000
042295,大立光元大92購04,0,0,0,0,0,0,0,0,0,30000,0,0,0,30000,0,30000,30000
042313,聯鈞凱基91購01  ,0,0,0,0,0,0,0,0,0,30000,0,0,0,40000,10000,30000,30000
04200P,奇力新群益93售07,0,0,0,0,0,0,0,0,0,30000,0,0,0,30000,0,30000,30000
041817,鴻海凱基92購01  ,0,0,0,0,0,0,0,0,0,30000,0,0,0,31000,1000,30000,30000
043236,台灣50兆豐93購02,7000,0,7000,0,0,0,0,0,0,23000,0,0,0,45000,22000,23000,30000
045418,上銀凱基92購01  ,0,0,0,0,0,0,0,0,0,30000,0,0,0,70000,40000,30000,30000
045389,TPK元大93購03   ,0,0,0,0,0,0,0,0,0,30000,0,0,0,30000,0,30000,30000
045308,泰鼎元大93購02  ,0,0,0,0,0,0,0,0,0,30000,0,0,0,30000,0,30000,30000
045358,嘉聯益凱基92購01,0,0,0,0,0,0,0,0,0,30000,0,0,0,50000,20000,30000,30000
045573,喬山元大92購01  ,0,0,0,0,0,0,0,0,0,30000,0,0,0,30000,0,30000,30000
045578,建準元大92購02  ,0,0,0,0,0,0,0,0,0,30000,0,0,0,30000,0,30000,30000
045968,貿聯凱基92購03  ,0,0,0,0,0,0,0,0,0,30000,0,0,0,30000,0,30000,30000
046010,大立光元富92購03,0,0,0,0,0,0,0,0,0,30000,0,0,0,35000,5000,30000,30000
046185,正崴凱基93購02  ,0,0,0,0,0,0,0,0,0,30000,0,0,0,30000,0,30000,30000
045120,嘉澤元大92購01  ,0,0,0,0,0,0,0,0,0,30000,0,0,0,30000,0,30000,30000
045042,亞泥凱基92購01  ,0,0,0,0,0,0,0,0,0,30000,0,0,0,120000,90000,30000,30000
044523,致伸凱基91購02  ,0,0,0,0,0,0,0,0,0,30000,0,0,0,30000,0,30000,30000
044595,鈺齊國票91購01  ,0,0,0,0,0,0,0,0,0,30000,0,0,0,30000,0,30000,30000
044474,鈺齊群益91購01  ,0,0,0,0,0,0,0,0,0,30000,0,0,0,30000,0,30000,30000
044411,A50正2統一93購01,0,0,0,0,0,0,0,0,0,30000,0,0,0,50000,20000,30000,30000
044902,可成凱基91購12  ,0,0,0,0,0,0,0,0,0,30000,0,0,0,30000,0,30000,30000
044888,華新日盛91購01  ,0,0,0,0,0,0,0,0,0,30000,0,0,0,30000,0,30000,30000
045779,大立光元大93購11,0,0,0,0,0,0,0,0,0,30000,0,0,0,30000,0,30000,30000
049344,華固統一94購01  ,0,0,0,0,0,0,0,0,0,30000,0,0,0,30000,0,30000,30000
048075,美利達元富93購02,0,0,0,0,0,0,0,0,0,30000,0,0,0,30000,0,30000,30000
049513,宏達電凱基94購03,0,0,0,0,0,0,0,0,0,30000,0,0,0,30000,0,30000,30000
047084,嘉聯益永豐93購02,0,0,0,0,0,0,0,0,0,30000,0,0,0,40000,10000,30000,30000
047006,大立光統一93購04,0,0,0,0,0,0,0,0,0,30000,0,0,0,30000,0,30000,30000
047216,欣興第一93購01  ,0,0,0,0,0,0,0,0,0,30000,0,0,0,30000,0,30000,30000
049218,燿華國票94購02  ,0,0,0,0,0,0,0,0,0,30000,0,0,0,30000,0,30000,30000
04922P,日月光凱基94售02,0,0,0,0,0,0,0,0,0,30000,0,0,0,30000,0,30000,30000
049558,深中小統一94購04,0,0,0,0,0,0,0,0,0,30000,0,0,0,30000,0,30000,30000
048354,滬深2X永豐93購03,0,0,0,0,0,0,0,0,0,30000,0,0,0,30000,0,30000,30000
048357,漢唐永豐93購04  ,0,0,0,0,0,0,0,0,0,30000,0,0,0,30000,0,30000,30000
049968,麗豐國票95購01  ,0,0,0,0,0,0,0,0,0,30000,0,0,0,30000,0,30000,30000
047530,智伸科元大93購04,0,0,0,0,0,0,0,0,0,30000,0,0,0,30000,0,30000,30000
048500,樺漢元大93購03  ,0,0,0,0,0,0,0,0,0,30000,0,0,0,30000,0,30000,30000
048675,台達電國泰94購02,0,0,0,0,0,0,0,0,0,30000,0,0,0,31000,1000,30000,30000
047827,東陽元大93購01  ,0,0,0,0,0,0,0,0,0,30000,0,0,0,35000,5000,30000,30000
047911,晶技麥證94購01  ,0,0,0,70000,40000,30000,0,0,0,30000,0,0,0,70000,40000,30000,30000
04796P,聯發科元大94售10,0,0,0,0,0,0,0,0,0,30000,0,0,0,30000,0,30000,30000
047654,鴻海兆豐93購01  ,0,0,0,0,0,0,0,0,0,30000,0,0,0,36000,6000,30000,30000
048282,世紀鋼永豐94購01,0,0,0,0,0,0,0,0,0,30000,0,0,0,30000,0,30000,30000
051024,南亞科統一95購01,0,0,0,0,0,0,0,0,0,30000,0,0,0,30000,0,30000,30000
050834,啟碁凱基95購01  ,0,0,0,0,0,0,0,0,0,30000,0,0,0,136000,106000,30000,30000
051294,鴻海元富95購06  ,0,0,0,0,0,0,0,0,0,30000,0,0,0,30000,0,30000,30000
051319,光磊國票96購02  ,0,0,0,0,0,0,0,0,0,30000,0,0,0,30000,0,30000,30000
050236,旺宏凱基94購06  ,0,0,0,0,0,0,0,0,0,30000,0,0,0,56000,26000,30000,30000
049992,國巨台新94購02  ,0,0,0,0,0,0,0,0,0,30000,0,0,0,30000,0,30000,30000
050418,為升凱基94購06  ,0,0,0,0,0,0,0,0,0,30000,0,0,0,30000,0,30000,30000
050407,聯詠台新94購02  ,0,0,0,0,0,0,0,0,0,30000,0,0,0,35000,5000,30000,30000
05057P,鴻海國票96售01  ,0,0,0,0,0,0,0,0,0,30000,0,0,0,30000,0,30000,30000
05233P,台郡台新95售02  ,0,0,0,0,0,0,0,0,0,30000,0,0,0,100000,70000,30000,30000
052309,健策國泰97購01  ,0,0,0,0,0,0,0,0,0,30000,0,0,0,114000,84000,30000,30000
052078,大立光元富95購10,0,0,0,0,0,0,0,0,0,30000,0,0,0,30000,0,30000,30000
052084,台泥元大95購01  ,0,0,0,0,0,0,0,0,0,30000,0,0,0,117000,87000,30000,30000
051429,智邦元富95購01  ,0,0,0,0,0,0,0,0,0,30000,0,0,0,80000,50000,30000,30000
051440,鴻海元大95購12  ,0,0,0,0,0,0,0,0,0,30000,0,0,0,195000,165000,30000,30000
051976,淘帝凱基95購01  ,0,0,0,0,0,0,0,0,0,30000,0,0,0,30000,0,30000,30000
06181P,國巨中信97售02  ,0,0,0,0,0,0,0,0,0,30000,0,0,0,30000,0,30000,30000
3356,奇偶            ,41000,11000,30000,0,0,0,0,0,0,0,0,0,0,0,0,0,30000
2345,智邦            ,970055,623000,347055,0,0,0,8000,12000,-4000,-314000,32000,274000,-242000,76000,148000,-72000,29055
054631,台郡凱基98購02  ,0,0,0,0,0,0,0,0,0,29000,0,0,0,32000,3000,29000,29000
054325,奇力新台新97購03,0,0,0,0,0,0,0,0,0,29000,0,0,0,29000,0,29000,29000
054196,台光電國泰97購02,0,0,0,0,0,0,0,0,0,29000,0,0,0,84000,55000,29000,29000
054234,可成群益96購05  ,0,0,0,0,0,0,0,0,0,29000,0,0,0,46000,17000,29000,29000
044320,瀚宇博永豐91購01,0,0,0,0,0,0,0,0,0,29000,0,0,0,49000,20000,29000,29000
045087,玉晶光元大95購01,0,0,0,0,0,0,0,0,0,29000,0,0,0,47000,18000,29000,29000
045534,深中小群益94購01,0,0,0,0,0,0,0,0,0,29000,0,0,0,29000,0,29000,29000
043851,國泰金永昌93購01,0,0,0,0,0,0,0,0,0,29000,0,0,0,49000,20000,29000,29000
00742,新光內需收益    ,0,0,0,0,0,0,0,0,0,29000,0,0,0,30000,1000,29000,29000
048279,聯鈞永豐93購01  ,0,0,0,0,0,0,0,0,0,29000,0,0,0,35000,6000,29000,29000
047996,華邦電元大93購04,0,0,0,0,0,0,0,0,0,29000,0,0,0,68000,39000,29000,29000
047068,南電凱基93購04  ,0,0,0,0,0,0,0,0,0,29000,0,0,0,29000,0,29000,29000
046479,群創元富94購01  ,0,0,0,0,0,0,0,0,0,29000,0,0,0,69000,40000,29000,29000
049300,南電群益94購01  ,0,0,0,0,0,0,0,0,0,29000,0,0,0,185000,156000,29000,29000
047393,景碩元大93購02  ,0,0,0,0,0,0,0,0,0,29000,0,0,0,33000,4000,29000,29000
05092P,全新元大95售03  ,0,0,0,0,0,0,0,0,0,29000,0,0,0,83000,54000,29000,29000
2228,劍麟            ,82000,53000,29000,0,0,0,0,0,0,0,0,0,0,0,0,0,29000
2486,一詮            ,32000,3000,29000,0,0,0,0,0,0,0,0,0,0,0,0,0,29000
2506,太設            ,29000,0,29000,0,0,0,0,0,0,0,0,0,0,0,0,0,29000
2538,基泰            ,90000,61000,29000,0,0,0,0,0,0,0,0,0,0,0,0,0,29000
4540,全球傳動        ,76000,47000,29000,0,0,0,0,0,0,0,0,0,0,0,0,0,29000
4566,時碩工業        ,37000,8000,29000,0,0,0,0,0,0,0,0,0,0,0,0,0,29000
4560,強信-KY         ,125000,96000,29000,0,0,0,0,0,0,0,0,0,0,0,0,0,29000
6591,動力-KY         ,92000,65000,27000,0,0,0,0,0,0,2000,2000,0,2000,0,0,0,29000
8429,金麗-KY         ,26000,0,26000,0,0,0,0,0,0,3000,3000,0,3000,0,0,0,29000
053975,大立光元大98購04,0,0,0,0,0,0,0,0,0,28000,0,0,0,28000,0,28000,28000
054448,矽力兆豐96購01  ,0,0,0,0,0,0,0,0,0,28000,0,0,0,70000,42000,28000,28000
055048,台積電永豐97購04,0,0,0,0,0,0,0,0,0,28000,0,0,0,58000,30000,28000,28000
053798,台積電中信98購02,0,0,0,0,0,0,0,0,0,28000,0,0,0,73000,45000,28000,28000
053072,國巨台新97購01  ,0,0,0,0,0,0,0,0,0,28000,0,0,0,189000,161000,28000,28000
053231,奇力新康和96購01,0,0,0,0,0,0,0,0,0,28000,0,0,0,29000,1000,28000,28000
052892,大成鋼群益96購01,0,0,0,0,0,0,0,0,0,28000,0,0,0,258000,230000,28000,28000
020008,元大特股高息N   ,0,0,0,0,0,0,0,0,0,28000,0,0,0,40000,12000,28000,28000
03892P,元油2X中信95售01,0,0,0,0,0,0,0,0,0,28000,0,0,0,28000,0,28000,28000
043037,新光金統一92購01,0,0,0,0,0,0,0,0,0,28000,0,0,0,28000,0,28000,28000
044187,泰鼎國泰93購01  ,0,0,0,0,0,0,0,0,0,28000,0,0,0,29000,1000,28000,28000
048789,大立光元大95購04,0,0,0,0,0,0,0,0,0,28000,0,0,0,28000,0,28000,28000
047141,宏達電兆豐94購01,0,0,0,0,0,0,0,0,0,28000,0,0,0,60000,32000,28000,28000
047798,臺股指群益93購09,0,0,0,0,0,0,0,0,0,28000,0,0,0,48000,20000,28000,28000
050311,上銀兆豐95購01  ,0,0,0,0,0,0,0,0,0,28000,0,0,0,90000,62000,28000,28000
051825,中環元大95購01  ,0,0,0,0,0,0,0,0,0,28000,0,0,0,41000,13000,28000,28000
051378,奇力新群益95購01,0,0,0,0,0,0,0,0,0,28000,0,0,0,54000,26000,28000,28000
051623,和碩凱基96購02  ,0,0,0,0,0,0,0,0,0,28000,0,0,0,52000,24000,28000,28000
052321,華擎元大95購01  ,0,0,0,0,0,0,0,0,0,28000,0,0,0,70000,42000,28000,28000
4108,懷特            ,28000,0,28000,0,0,0,0,0,0,0,0,0,0,0,0,0,28000
2069,運錩            ,28000,0,28000,0,0,0,0,0,0,0,0,0,0,0,0,0,28000
06047P,聯發科富邦99售04,0,0,0,0,0,0,0,0,0,28000,0,0,0,38000,10000,28000,28000
1110,東泥            ,28000,0,28000,0,0,0,0,0,0,0,0,0,0,0,0,0,28000
1733,五鼎            ,31000,0,31000,0,0,0,0,0,0,-3000,0,3000,-3000,0,0,0,28000
055125,智原兆豐97購01  ,0,0,0,0,0,0,0,0,0,27000,0,0,0,63000,36000,27000,27000
054080,微星中信98購01  ,0,0,0,0,0,0,0,0,0,27000,0,0,0,30000,3000,27000,27000
054146,康友元大96購06  ,0,0,0,0,0,0,0,0,0,27000,0,0,0,71000,44000,27000,27000
045456,鴻海元大93購04  ,0,0,0,0,0,0,0,0,0,27000,0,0,0,45000,18000,27000,27000
045152,大立光凱基93購03,0,0,0,0,0,0,0,0,0,27000,0,0,0,27000,0,27000,27000
044296,嘉聯益凱基93購01,0,0,0,0,0,0,0,0,0,27000,0,0,0,43000,16000,27000,27000
043697,聯茂兆豐92購01  ,0,0,0,0,0,0,0,0,0,27000,0,0,0,27000,0,27000,27000
047870,嘉澤永豐93購02  ,0,0,0,0,0,0,0,0,0,27000,0,0,0,54000,27000,27000,27000
04752P,大立光群益94售07,0,0,0,0,0,0,0,0,0,27000,0,0,0,75000,48000,27000,27000
049728,正崴中信94購01  ,0,0,0,0,0,0,0,0,0,27000,0,0,0,27000,0,27000,27000
049467,致伸台新94購01  ,0,0,0,0,0,0,0,0,0,27000,0,0,0,27000,0,27000,27000
047343,台達電中信95購01,0,0,0,0,0,0,0,0,0,27000,0,0,0,113000,86000,27000,27000
052323,矽力元大95購04  ,0,0,0,0,0,0,0,0,0,27000,0,0,0,47000,20000,27000,27000
051652,昇陽半永豐96購02,0,0,0,0,0,0,0,0,0,27000,0,0,0,27000,0,27000,27000
050577,美律國票94購03  ,0,0,0,0,0,0,0,0,0,27000,0,0,0,27000,0,27000,27000
050348,鴻海群益94購06  ,0,0,0,0,0,0,0,0,0,27000,0,0,0,27000,0,27000,27000
050949,亞光群益96購01  ,0,0,0,0,0,0,0,0,0,27000,0,0,0,30000,3000,27000,27000
1307,三芳            ,29000,2000,27000,0,0,0,0,0,0,0,0,0,0,0,0,0,27000
06140P,華新科群益97售06,0,0,0,0,0,0,0,0,0,27000,0,0,0,70000,43000,27000,27000
06108P,奇力新群益97售05,0,0,0,0,0,0,0,0,0,27000,0,0,0,98000,71000,27000,27000
2607,榮運            ,53000,18000,35000,0,0,0,0,8000,-8000,0,0,0,0,0,0,0,27000
05945P,聯詠中信96售01  ,0,0,0,0,0,0,0,0,0,27000,0,0,0,27000,0,27000,27000
05957P,友達國票97售04  ,0,0,0,0,0,0,0,0,0,27000,0,0,0,55000,28000,27000,27000
05997P,嘉聯益群益96售02,0,0,0,0,0,0,0,0,0,27000,0,0,0,27000,0,27000,27000
4576,大銀微系統      ,27000,0,27000,0,0,0,0,0,0,0,0,0,0,0,0,0,27000
4952,凌通            ,28000,1000,27000,0,0,0,0,0,0,0,0,0,0,0,0,0,27000
6224,聚鼎            ,27000,18000,9000,0,0,0,0,0,0,18000,18000,0,18000,0,0,0,27000
054178,中磊台新97購01  ,0,0,0,0,0,0,0,0,0,26000,0,0,0,33000,7000,26000,26000
055186,正文統一97購01  ,0,0,0,0,0,0,0,0,0,26000,0,0,0,195000,169000,26000,26000
053065,大立光群益96購01,0,0,0,0,0,0,0,0,0,26000,0,0,0,26000,0,26000,26000
053767,臻鼎富邦97購02  ,0,0,0,0,0,0,0,0,0,26000,0,0,0,127000,101000,26000,26000
053464,喬山元大96購01  ,0,0,0,0,0,0,0,0,0,26000,0,0,0,47000,21000,26000,26000
043647,台積電國票92購01,0,0,0,0,0,0,0,0,0,26000,0,0,0,26000,0,26000,26000
044129,群創凱基93購02  ,0,0,0,0,0,0,0,0,0,26000,0,0,0,30000,4000,26000,26000
03868P,統一凱基93售02  ,0,0,0,0,0,0,0,0,0,26000,0,0,0,26000,0,26000,26000
049354,致新永豐94購01  ,0,0,0,0,0,0,0,0,0,26000,0,0,0,26000,0,26000,26000
046487,鴻海永昌92購01  ,0,0,0,0,0,0,0,0,0,26000,0,0,0,85000,59000,26000,26000
046974,上銀台新93購01  ,0,0,0,0,0,0,0,0,0,26000,0,0,0,26000,0,26000,26000
046681,漢唐群益93購01  ,0,0,0,0,0,0,0,0,0,26000,0,0,0,26000,0,26000,26000
046898,南茂麥證93購01  ,0,0,0,29000,0,29000,0,0,0,26000,0,0,0,29000,3000,26000,26000
047461,大立光群益93購09,0,0,0,0,0,0,0,0,0,26000,0,0,0,26000,0,26000,26000
049856,緯穎群益94購02  ,0,0,0,0,0,0,0,0,0,26000,0,0,0,26000,0,26000,26000
049113,大立光統一94購06,0,0,0,0,0,0,0,0,0,26000,0,0,0,50000,24000,26000,26000
048256,鴻海統一93購08  ,0,0,0,0,0,0,0,0,0,26000,0,0,0,26000,0,26000,26000
047711,華新科凱基94購03,0,0,0,0,0,0,0,0,0,26000,0,0,0,46000,20000,26000,26000
050933,南亞國票95購01  ,0,0,0,0,0,0,0,0,0,26000,0,0,0,83000,57000,26000,26000
051118,台塑群益95購01  ,0,0,0,0,0,0,0,0,0,26000,0,0,0,37000,11000,26000,26000
051127,同欣電群益95購01,0,0,0,0,0,0,0,0,0,26000,0,0,0,36000,10000,26000,26000
051669,建準元大95購01  ,0,0,0,0,0,0,0,0,0,26000,0,0,0,90000,64000,26000,26000
05163P,聯發科統一96售02,0,0,0,0,0,0,0,0,0,26000,0,0,0,41000,15000,26000,26000
051731,聯電國票96購02  ,0,0,0,0,0,0,0,0,0,26000,0,0,0,26000,0,26000,26000
052074,鴻海元富95購10  ,0,0,0,0,0,0,0,0,0,26000,0,0,0,26000,0,26000,26000
05804P,美律永豐96售01  ,0,0,0,0,0,0,0,0,0,26000,0,0,0,63000,37000,26000,26000
2029,盛餘            ,29000,3000,26000,0,0,0,0,0,0,0,0,0,0,0,0,0,26000
2351,順德            ,64000,27000,37000,0,0,0,0,0,0,-11000,0,0,0,0,11000,-11000,26000
2305,全友            ,34000,8000,26000,0,0,0,0,0,0,0,0,0,0,0,0,0,26000
1437,勤益控          ,43000,17000,26000,0,0,0,0,0,0,0,0,0,0,0,0,0,26000
053451,致新凱基96購02  ,0,0,0,0,0,0,0,0,0,25000,0,0,0,25000,0,25000,25000
053668,鴻海統一97購01  ,0,0,0,0,0,0,0,0,0,25000,0,0,0,35000,10000,25000,25000
053700,臺股指元大96購23,0,0,0,0,0,0,0,0,0,25000,0,0,0,25000,0,25000,25000
053119,日月光中信97購01,0,0,0,0,0,0,0,0,0,25000,0,0,0,25000,0,25000,25000
053224,矽力凱基96購02  ,0,0,0,0,0,0,0,0,0,25000,0,0,0,72000,47000,25000,25000
053290,元油反中信97購01,0,0,0,0,0,0,0,0,0,25000,0,0,0,25000,0,25000,25000
052962,台積電凱基97購03,0,0,0,0,0,0,0,0,0,25000,0,0,0,25000,0,25000,25000
055166,台積電統一97購05,0,0,0,0,0,0,0,0,0,25000,0,0,0,131000,106000,25000,25000
05507P,聯茂凱基96售02  ,0,0,0,0,0,0,0,0,0,25000,0,0,0,70000,45000,25000,25000
05492P,聯茂元大95售02  ,0,0,0,0,0,0,0,0,0,25000,0,0,0,25000,0,25000,25000
054646,華新科群益97購03,0,0,0,0,0,0,0,0,0,25000,0,0,0,117000,92000,25000,25000
054668,傳奇元富97購03  ,0,0,0,0,0,0,0,0,0,25000,0,0,0,30000,5000,25000,25000
054326,宏達電台新97購02,0,0,0,0,0,0,0,0,0,25000,0,0,0,70000,45000,25000,25000
054302,鴻海凱基96購18  ,0,0,0,0,0,0,0,0,0,25000,0,0,0,45000,20000,25000,25000
054315,訊芯凱基98購01  ,0,0,0,0,0,0,0,0,0,25000,0,0,0,404000,379000,25000,25000
00736,國泰新興市場    ,41000,20000,21000,0,0,0,0,0,0,4000,0,0,0,106000,102000,4000,25000
044001,南亞科兆豐91購02,0,0,0,0,0,0,0,0,0,25000,0,0,0,25000,0,25000,25000
044034,美律群益92購04  ,0,0,0,0,0,0,0,0,0,25000,0,0,0,75000,50000,25000,25000
043764,康友元大92購03  ,0,0,0,0,0,0,0,0,0,25000,0,0,0,25000,0,25000,25000
03419B,臺股指元富99熊03,0,0,0,0,0,0,0,0,0,25000,0,0,0,25000,0,25000,25000
044136,百和凱基93購01  ,0,0,0,0,0,0,0,0,0,25000,0,0,0,25000,0,25000,25000
044105,聯詠中信95購01  ,0,0,0,0,0,0,0,0,0,25000,0,0,0,45000,20000,25000,25000
044110,智原國票91購02  ,0,0,0,0,0,0,0,0,0,25000,0,0,0,25000,0,25000,25000
041473,滬深2X群益93購01,0,0,0,0,0,0,0,0,0,25000,0,0,0,25000,0,25000,25000
042119,宏達電國票91購01,0,0,0,0,0,0,0,0,0,25000,0,0,0,25000,0,25000,25000
04434P,玉晶光國票96售02,0,0,0,0,0,0,0,0,0,25000,0,0,0,683000,658000,25000,25000
045569,元油2X元大92購01,0,0,0,0,0,0,0,0,0,25000,0,0,0,25000,0,25000,25000
046751,鴻海凱基93購18  ,0,0,0,0,0,0,0,0,0,25000,0,0,0,25000,0,25000,25000
049263,大立光元大94購10,0,0,0,0,0,0,0,0,0,25000,0,0,0,25000,0,25000,25000
049661,喬山永豐94購01  ,0,0,0,0,0,0,0,0,0,25000,0,0,0,25000,0,25000,25000
048391,友訊國票94購01  ,0,0,0,0,0,0,0,0,0,25000,0,0,0,65000,40000,25000,25000
046869,聯發科統一95購01,0,0,0,0,0,0,0,0,0,25000,0,0,0,30000,5000,25000,25000
048814,上銀凱基94購01  ,0,0,0,0,0,0,0,0,0,25000,0,0,0,53000,28000,25000,25000
047437,旺宏元大94購02  ,0,0,0,0,0,0,0,0,0,25000,0,0,0,32000,7000,25000,25000
04715P,聯茂元大94售06  ,0,0,0,0,0,0,0,0,0,25000,0,0,0,25000,0,25000,25000
047218,南茂日盛93購01  ,0,0,0,0,0,0,0,0,0,25000,0,0,0,25000,0,25000,25000
04698P,臺股指元富94售04,0,0,0,0,0,0,0,0,0,25000,0,0,0,25000,0,25000,25000
047077,日月光兆豐93購01,0,0,0,0,0,0,0,0,0,25000,0,0,0,40000,15000,25000,25000
047067,啟碁凱基93購01  ,0,0,0,0,0,0,0,0,0,25000,0,0,0,26000,1000,25000,25000
04946P,華通元大94售04  ,0,0,0,0,0,0,0,0,0,25000,0,0,0,94000,69000,25000,25000
048704,台表科國票95購01,0,0,0,0,0,0,0,0,0,25000,0,0,0,65000,40000,25000,25000
048469,微星永豐93購03  ,0,0,0,0,0,0,0,0,0,25000,0,0,0,28000,3000,25000,25000
048458,中磊凱基93購03  ,0,0,0,0,0,0,0,0,0,25000,0,0,0,25000,0,25000,25000
048424,揚明光元富95購01,0,0,0,0,0,0,0,0,0,25000,0,0,0,35000,10000,25000,25000
05206P,南茂元大95售01  ,0,0,0,0,0,0,0,0,0,25000,0,0,0,25000,0,25000,25000
052351,中環元富95購01  ,0,0,0,0,0,0,0,0,0,25000,0,0,0,25000,0,25000,25000
052525,聯詠元大95購06  ,0,0,0,0,0,0,0,0,0,25000,0,0,0,113000,88000,25000,25000
051838,國巨國泰97購01  ,0,0,0,0,0,0,0,0,0,25000,0,0,0,25000,0,25000,25000
051777,聯發科群益95購04,0,0,0,0,0,0,0,0,0,25000,0,0,0,61000,36000,25000,25000
050400,臻鼎中信97購01  ,0,0,0,0,0,0,0,0,0,25000,0,0,0,25000,0,25000,25000
05056P,訊芯群益95售01  ,0,0,0,0,0,0,0,0,0,25000,0,0,0,25000,0,25000,25000
050250,台郡凱基94購03  ,0,0,0,0,0,0,0,0,0,25000,0,0,0,50000,25000,25000,25000
050128,旺宏凱基94購04  ,0,0,0,0,0,0,0,0,0,25000,0,0,0,28000,3000,25000,25000
050154,可成群益94購05  ,0,0,0,0,0,0,0,0,0,25000,0,0,0,25000,0,25000,25000
1457,宜進            ,28000,3000,25000,0,0,0,0,0,0,0,0,0,0,0,0,0,25000
1701,中化            ,43000,18000,25000,0,0,0,0,0,0,0,0,0,0,0,0,0,25000
2239,英利-KY         ,27000,2000,25000,0,0,0,0,0,0,0,0,0,0,0,0,0,25000
05758P,光罩永豐96售02  ,0,0,0,0,0,0,0,0,0,25000,0,0,0,25000,0,25000,25000
05930P,景碩康和96售01  ,0,0,0,0,0,0,0,0,0,25000,0,0,0,25000,0,25000,25000
3033,威健            ,33000,11000,22000,0,0,0,0,0,0,3000,3000,0,3000,0,0,0,25000
054356,可成兆豐97購01  ,0,0,0,0,0,0,0,0,0,24000,0,0,0,83000,59000,24000,24000
054560,全新群益98購03  ,0,0,0,0,0,0,0,0,0,24000,0,0,0,34000,10000,24000,24000
054564,玉晶光群益99購01,0,0,0,0,0,0,0,0,0,24000,0,0,0,167000,143000,24000,24000
054118,國巨永豐96購04  ,0,0,0,0,0,0,0,0,0,24000,0,0,0,24000,0,24000,24000
053169,貿聯群益97購01  ,0,0,0,0,0,0,0,0,0,24000,0,0,0,157000,133000,24000,24000
05395P,旺宏元大96售06  ,0,0,0,0,0,0,0,0,0,24000,0,0,0,24000,0,24000,24000
046067,富邦金凱基92購02,0,0,0,0,0,0,0,0,0,24000,0,0,0,24000,0,24000,24000
043281,漢唐元大92購02  ,0,0,0,0,0,0,0,0,0,24000,0,0,0,55000,31000,24000,24000
03722P,華通元大93售04  ,0,0,0,0,0,0,0,0,0,24000,0,0,0,132000,108000,24000,24000
00648R,元大S&P500反1   ,0,0,0,0,0,0,0,0,0,24000,0,0,0,178000,154000,24000,24000
00659R,國泰日本反1     ,0,0,0,0,0,0,0,0,0,24000,0,0,0,24000,0,24000,24000
039212,台達電台新9A購01,0,0,0,0,0,0,0,0,0,24000,0,0,0,25000,1000,24000,24000
047201,鴻海元富93購05  ,0,0,0,0,0,0,0,0,0,24000,0,0,0,24000,0,24000,24000
051237,鴻海元大97購01  ,0,0,0,0,0,0,0,0,0,24000,0,0,0,49000,25000,24000,24000
050696,台光電凱基96購01,0,0,0,0,0,0,0,0,0,24000,0,0,0,25000,1000,24000,24000
051842,大成鋼富邦97購01,0,0,0,0,0,0,0,0,0,24000,0,0,0,614000,590000,24000,24000
051713,大立光台新95購03,0,0,0,0,0,0,0,0,0,24000,0,0,0,24000,0,24000,24000
05195P,南茂康和95售01  ,0,0,0,0,0,0,0,0,0,24000,0,0,0,24000,0,24000,24000
4119,旭富            ,73000,27000,46000,0,0,0,0,17000,-17000,-5000,0,0,0,1000,6000,-5000,24000
3705,永信            ,37000,13000,24000,0,0,0,0,0,0,0,0,0,0,0,0,0,24000
5471,松翰            ,42000,18000,24000,0,0,0,0,0,0,0,0,0,0,0,0,0,24000
05831P,臺股指元富96售03,0,0,0,0,0,0,0,0,0,24000,0,0,0,24000,0,24000,24000
2109,華豐            ,24000,0,24000,0,0,0,0,0,0,0,0,0,0,0,0,0,24000
2881A,富邦特          ,2000,10000,-8000,0,0,0,0,0,0,32000,62000,30000,32000,0,0,0,24000
1720,生達            ,27000,3000,24000,0,0,0,0,0,0,0,0,0,0,0,0,0,24000
1473,台南            ,30000,6000,24000,0,0,0,0,0,0,0,0,0,0,0,0,0,24000
1409,新纖            ,72000,48000,24000,0,0,0,0,0,0,0,0,0,0,0,0,0,24000
06136P,華新科國泰99售02,0,0,0,0,0,0,0,0,0,24000,0,0,0,286000,262000,24000,24000
06079P,燿華群益98售02  ,0,0,0,0,0,0,0,0,0,24000,0,0,0,24000,0,24000,24000
053819,大立光群益96購04,0,0,0,0,0,0,0,0,0,23000,0,0,0,33000,10000,23000,23000
053616,奇力新群益97購01,0,0,0,0,0,0,0,0,0,23000,0,0,0,29000,6000,23000,23000
053294,聯發科中信9C購01,0,0,0,0,0,0,0,0,0,23000,0,0,0,73000,50000,23000,23000
052875,樺漢凱基96購02  ,0,0,0,0,0,0,0,0,0,23000,0,0,0,23000,0,23000,23000
054027,欣興凱基96購04  ,0,0,0,0,0,0,0,0,0,23000,0,0,0,25000,2000,23000,23000
054189,貿聯永豐96購03  ,0,0,0,0,0,0,0,0,0,23000,0,0,0,24000,1000,23000,23000
054645,奇力新群益97購04,0,0,0,0,0,0,0,0,0,23000,0,0,0,26000,3000,23000,23000
03162P,泰碩元大01售02  ,0,0,0,0,0,0,0,0,0,23000,0,0,0,23000,0,23000,23000
04178P,聯茂元大93售07  ,0,0,0,0,0,0,0,0,0,23000,0,0,0,25000,2000,23000,23000
044564,喬山凱基92購01  ,0,0,0,0,0,0,0,0,0,23000,0,0,0,23000,0,23000,23000
048942,上緯控永豐94購01,0,0,0,0,0,0,0,0,0,23000,0,0,0,130000,107000,23000,23000
049475,高鐵永豐94購01  ,0,0,0,0,0,0,0,0,0,23000,0,0,0,84000,61000,23000,23000
046568,臻鼎元富95購01  ,0,0,0,0,0,0,0,0,0,23000,0,0,0,327000,304000,23000,23000
048095,大立光凱基93購32,0,0,0,0,0,0,0,0,0,23000,0,0,0,32000,9000,23000,23000
046833,晶技群益93購01  ,0,0,0,0,0,0,0,0,0,23000,0,0,0,23000,0,23000,23000
049897,華新科統一94購07,0,0,0,0,0,0,0,0,0,23000,0,0,0,53000,30000,23000,23000
047925,可成凱基94購01  ,0,0,0,0,0,0,0,0,0,23000,0,0,0,59000,36000,23000,23000
05224P,華通統一95售03  ,0,0,0,0,0,0,0,0,0,23000,0,0,0,248000,225000,23000,23000
050774,健策元大96購02  ,0,0,0,0,0,0,0,0,0,23000,0,0,0,58000,35000,23000,23000
051322,國泰金國票96購01,0,0,0,0,0,0,0,0,0,23000,0,0,0,34000,11000,23000,23000
051193,新日興兆豐96購01,0,0,0,0,0,0,0,0,0,23000,0,0,0,756000,733000,23000,23000
2546,根基            ,23000,0,23000,0,0,0,0,0,0,0,0,0,0,0,0,0,23000
05660P,玉晶光第一96售01,0,0,0,0,0,0,0,0,0,23000,0,0,0,23000,0,23000,23000
054052,日月光元大96購06,0,0,0,0,0,0,0,0,0,22000,0,0,0,110000,88000,22000,22000
052761,可成群益96購02  ,0,0,0,0,0,0,0,0,0,22000,0,0,0,70000,48000,22000,22000
048979,晶相光元大94購03,0,0,0,0,0,0,0,0,0,22000,0,0,0,41000,19000,22000,22000
049024,玉晶光群益97購01,0,0,0,0,0,0,0,0,0,22000,0,0,0,22000,0,22000,22000
049066,元石油凱基97購01,0,0,0,0,0,0,0,0,0,22000,0,0,0,32000,10000,22000,22000
048883,玉晶光統一94購01,0,0,0,0,0,0,0,0,0,22000,0,0,0,23000,1000,22000,22000
045228,泰鼎元大93購01  ,0,0,0,0,0,0,0,0,0,22000,0,0,0,22000,0,22000,22000
045820,京元電凱基92購04,0,0,0,0,0,0,0,0,0,22000,0,0,0,70000,48000,22000,22000
04285P,超眾永豐93售04  ,0,0,0,0,0,0,0,0,0,22000,0,0,0,22000,0,22000,22000
03833P,台光電群益93售01,0,0,0,0,0,0,0,0,0,22000,0,0,0,22000,0,22000,22000
03049X,元展46          ,0,0,0,0,0,0,0,0,0,22000,0,0,0,22000,0,22000,22000
040475,台表科群益92購01,0,0,0,0,0,0,0,0,0,22000,0,0,0,22000,0,22000,22000
040772,滬深2X元富92購02,0,0,0,0,0,0,0,0,0,22000,0,0,0,22000,0,22000,22000
048277,建準永豐93購02  ,0,0,0,0,0,0,0,0,0,22000,0,0,0,22000,0,22000,22000
046762,大立光凱基93購13,0,0,0,0,0,0,0,0,0,22000,0,0,0,22000,0,22000,22000
046753,台積電凱基93購04,0,0,0,0,0,0,0,0,0,22000,0,0,0,22000,0,22000,22000
049800,瑞昱元大94購05  ,0,0,0,0,0,0,0,0,0,22000,0,0,0,98000,76000,22000,22000
049527,國巨中信95購01  ,0,0,0,0,0,0,0,0,0,22000,0,0,0,27000,5000,22000,22000
049614,聯茂中信94購01  ,0,0,0,0,0,0,0,0,0,22000,0,0,0,30000,8000,22000,22000
049316,茂林凱基94購02  ,0,0,0,0,0,0,0,0,0,22000,0,0,0,145000,123000,22000,22000
048031,全新凱基93購02  ,0,0,0,0,0,0,0,0,0,22000,0,0,0,22000,0,22000,22000
046716,欣興國泰93購03  ,0,0,0,0,0,0,0,0,0,22000,0,0,0,105000,83000,22000,22000
050918,南亞科日盛95購01,0,0,0,0,0,0,0,0,0,22000,0,0,0,92000,70000,22000,22000
050141,國巨統一94購07  ,0,0,0,0,0,0,0,0,0,22000,0,0,0,32000,10000,22000,22000
050549,慧洋凱基95購01  ,0,0,0,0,0,0,0,0,0,22000,0,0,0,112000,90000,22000,22000
052111,智原元富95購01  ,0,0,0,0,0,0,0,0,0,22000,0,0,0,30000,8000,22000,22000
05144P,美律永豐95售02  ,0,0,0,0,0,0,0,0,0,22000,0,0,0,346000,324000,22000,22000
05873P,華通群益97售02  ,0,0,0,0,0,0,0,0,0,22000,0,0,0,47000,25000,22000,22000
06003P,亞光康和96售02  ,0,0,0,0,0,0,0,0,0,22000,0,0,0,22000,0,22000,22000
055236,建準台新98購01  ,0,0,0,0,0,0,0,0,0,22000,0,0,0,72000,50000,22000,22000
2852,第一保          ,22000,0,22000,0,0,0,0,0,0,0,0,0,0,0,0,0,22000
2471,資通            ,25000,3000,22000,0,0,0,0,0,0,0,0,0,0,0,0,0,22000
2006,東和鋼鐵        ,115000,118000,-3000,0,0,0,0,0,0,25000,25000,0,25000,0,0,0,22000
5288,豐祥-KY         ,15000,3000,12000,0,0,0,7000,0,7000,3000,0,0,0,3000,0,3000,22000
6172,互億            ,27000,5000,22000,0,0,0,0,0,0,0,0,0,0,0,0,0,22000
8482,商億-KY         ,109000,89000,20000,0,0,0,0,0,0,2000,2000,0,2000,0,0,0,22000
9927,泰銘            ,31000,9000,22000,0,0,0,0,0,0,0,0,0,0,0,0,0,22000
053194,緯穎統一99購01  ,0,0,0,0,0,0,0,0,0,21000,0,0,0,43000,22000,21000,21000
054041,鴻海元大96購22  ,0,0,0,0,0,0,0,0,0,21000,0,0,0,95000,74000,21000,21000
054093,智原群益97購01  ,0,0,0,0,0,0,0,0,0,21000,0,0,0,22000,1000,21000,21000
054314,嘉聯益凱基97購01,0,0,0,0,0,0,0,0,0,21000,0,0,0,41000,20000,21000,21000
054363,世芯凱基97購01  ,0,0,0,0,0,0,0,0,0,21000,0,0,0,32000,11000,21000,21000
05499P,聯詠元富95售02  ,0,0,0,0,0,0,0,0,0,21000,0,0,0,21000,0,21000,21000
03271P,台積電群益02售06,0,0,0,0,0,0,0,0,0,21000,0,0,0,21000,0,21000,21000
04033P,啟碁凱基93售04  ,0,0,0,0,0,0,0,0,0,21000,0,0,0,21000,0,21000,21000
04563P,可成凱基94售05  ,0,0,0,0,0,0,0,0,0,21000,0,0,0,31000,10000,21000,21000
045685,康控元大95購01  ,0,0,0,0,0,0,0,0,0,21000,0,0,0,99000,78000,21000,21000
044348,亞德客元大91購04,0,0,0,0,0,0,0,0,0,21000,0,0,0,21000,0,21000,21000
044437,台郡元大92購02  ,0,0,0,0,0,0,0,0,0,21000,0,0,0,27000,6000,21000,21000
048863,超眾群益94購01  ,0,0,0,0,0,0,0,0,0,21000,0,0,0,21000,0,21000,21000
04645P,禾伸堂凱基94售03,0,0,0,0,0,0,0,0,0,21000,0,0,0,126000,105000,21000,21000
048038,樺漢凱基93購03  ,0,0,0,0,0,0,0,0,0,21000,0,0,0,121000,100000,21000,21000
048711,台郡台新94購01  ,0,0,0,0,0,0,0,0,0,21000,0,0,0,35000,14000,21000,21000
046888,鴻海群益93購05  ,0,0,0,0,0,0,0,0,0,21000,0,0,0,26000,5000,21000,21000
046846,智伸科永豐93購01,0,0,0,0,0,0,0,0,0,21000,0,0,0,21000,0,21000,21000
049635,臺股指群益94購08,0,0,0,0,0,0,0,0,0,21000,0,0,0,21000,0,21000,21000
049945,樺漢第一94購01  ,0,0,0,0,0,0,0,0,0,21000,0,0,0,21000,0,21000,21000
048645,創意元大94購02  ,0,0,0,0,0,0,0,0,0,21000,0,0,0,126000,105000,21000,21000
048506,華通群益94購03  ,0,0,0,0,0,0,0,0,0,21000,0,0,0,33000,12000,21000,21000
048236,A50正2國票97購02,0,0,0,0,0,0,0,0,0,21000,0,0,0,21000,0,21000,21000
051422,超眾國票96購01  ,0,0,0,0,0,0,0,0,0,21000,0,0,0,21000,0,21000,21000
051683,A50正2凱基97購01,0,0,0,0,0,0,0,0,0,21000,0,0,0,21000,0,21000,21000
052003,泰碩國泰97購02  ,0,0,0,0,0,0,0,0,0,21000,0,0,0,133000,112000,21000,21000
052607,大立光元大96購03,0,0,0,0,0,0,0,0,0,21000,0,0,0,40000,19000,21000,21000
050450,富邦金元大94購03,0,0,0,0,0,0,0,0,0,21000,0,0,0,191000,170000,21000,21000
2009,第一銅          ,21000,0,21000,0,0,0,0,0,0,0,0,0,0,0,0,0,21000
2059,川湖            ,44000,23000,21000,0,0,0,0,0,0,0,0,0,0,0,0,0,21000
2444,兆勁            ,31000,10000,21000,0,0,0,0,0,0,0,0,0,0,0,0,0,21000
2493,揚博            ,24000,3000,21000,0,0,0,0,0,0,0,0,0,0,0,0,0,21000
05971P,世紀鋼永豐96售04,0,0,0,0,0,0,0,0,0,21000,0,0,0,114000,93000,21000,21000
05861P,瀚宇博永豐96售02,0,1000,-1000,0,0,0,0,0,0,22000,0,0,0,22000,0,22000,21000
05744P,台表科元大96售04,0,0,0,0,0,0,0,0,0,21000,0,0,0,21000,0,21000,21000
05799P,臺股指群益96售13,0,0,0,0,0,0,0,0,0,21000,0,0,0,21000,0,21000,21000
054958,亞光元大97購03  ,0,0,0,0,0,0,0,0,0,20000,0,0,0,20000,0,20000,20000
054595,正崴麥證97購01  ,0,0,0,20000,0,20000,0,0,0,20000,0,0,0,20000,0,20000,20000
054755,世紀鋼凱基98購01,0,0,0,0,0,0,0,0,0,20000,0,0,0,20000,0,20000,20000
054049,亞光元大96購03  ,0,0,0,0,0,0,0,0,0,20000,0,0,0,32000,12000,20000,20000
054079,鴻海中信98購02  ,0,0,0,0,0,0,0,0,0,20000,0,0,0,20000,0,20000,20000
054004,鴻海統一96購14  ,0,0,0,0,0,0,0,0,0,20000,0,0,0,20000,0,20000,20000
05424P,台達電亞東96售02,0,0,0,0,0,0,0,0,0,20000,0,0,0,20000,0,20000,20000
053295,奇力新中信96購01,0,0,0,0,0,0,0,0,0,20000,0,0,0,30000,10000,20000,20000
053271,喬山元大97購01  ,0,0,0,0,0,0,0,0,0,20000,0,0,0,58000,38000,20000,20000
053340,建準國票97購01  ,0,0,0,0,0,0,0,0,0,20000,0,0,0,20000,0,20000,20000
052756,國巨群益96購02  ,0,0,0,0,0,0,0,0,0,20000,0,0,0,22000,2000,20000,20000
05278P,台郡元富95售02  ,0,0,0,0,0,0,0,0,0,20000,0,0,0,20000,0,20000,20000
052864,奇力新凱基96購02,0,0,0,0,0,0,0,0,0,20000,0,0,0,23000,3000,20000,20000
052878,台虹凱基96購01  ,0,0,0,0,0,0,0,0,0,20000,0,0,0,115000,95000,20000,20000
052907,嘉澤國票97購01  ,0,0,0,0,0,0,0,0,0,20000,0,0,0,20000,0,20000,20000
052935,康友元大96購03  ,0,0,0,0,0,0,0,0,0,20000,0,0,0,140000,120000,20000,20000
052965,廣宇群益97購01  ,0,0,0,0,0,0,0,0,0,20000,0,0,0,20000,0,20000,20000
053548,旺宏凱基96購04  ,0,0,0,0,0,0,0,0,0,20000,0,0,0,149000,129000,20000,20000
053448,智易凱基96購03  ,0,0,0,0,0,0,0,0,0,20000,0,0,0,20000,0,20000,20000
053441,旺宏凱基98購01  ,0,0,0,0,0,0,0,0,0,20000,0,0,0,20000,0,20000,20000
053498,大立光兆豐96購03,0,0,0,0,0,0,0,0,0,20000,0,0,0,20000,0,20000,20000
053479,達興元大96購01  ,0,0,0,0,0,0,0,0,0,20000,0,0,0,20000,0,20000,20000
053704,國巨群益96購06  ,0,0,0,0,0,0,0,0,0,20000,0,0,0,20000,0,20000,20000
048912,牧德富邦94購01  ,0,0,0,0,0,0,0,0,0,20000,0,0,0,20000,0,20000,20000
049052,台積電永豐94購02,0,0,0,0,0,0,0,0,0,20000,0,0,0,33000,13000,20000,20000
045581,大立光元大92購12,0,0,0,0,0,0,0,0,0,20000,0,0,0,20000,0,20000,20000
045582,大立光元大93購08,0,0,0,0,0,0,0,0,0,20000,0,0,0,20000,0,20000,20000
045540,全新群益92購03  ,0,0,0,0,0,0,0,0,0,20000,0,0,0,20000,0,20000,20000
045506,麗豐凱基92購02  ,0,0,0,0,0,0,0,0,0,20000,0,0,0,20000,0,20000,20000
045486,喬山日盛92購01  ,0,0,0,0,0,0,0,0,0,20000,0,0,0,20000,0,20000,20000
045436,友達統一93購02  ,0,0,0,0,0,0,0,0,0,20000,0,0,0,20000,0,20000,20000
045339,鴻海凱基92購06  ,0,0,0,0,0,0,0,0,0,20000,0,0,0,20000,0,20000,20000
045365,智邦兆豐93購04  ,0,0,0,0,0,0,0,0,0,20000,0,0,0,20000,0,20000,20000
045931,緯穎永豐93購01  ,0,0,0,0,0,0,0,0,0,20000,0,0,0,20000,0,20000,20000
045203,同欣電凱基92購01,0,0,0,0,0,0,0,0,0,20000,0,0,0,30000,10000,20000,20000
046024,鴻海元大92購11  ,0,0,0,0,0,0,0,0,0,20000,0,0,0,20000,0,20000,20000
044476,元油2X統一91購01,0,0,0,0,0,0,0,0,0,20000,0,0,0,20000,0,20000,20000
044351,台光電元大92購02,0,0,0,0,0,0,0,0,0,20000,0,0,0,20000,0,20000,20000
044335,冠德統一91購05  ,0,0,0,0,0,0,0,0,0,20000,0,0,0,30000,10000,20000,20000
044386,滬深2X日盛91購01,0,0,0,0,0,0,0,0,0,20000,0,0,0,20000,0,20000,20000
045002,高股息元大92購02,0,0,0,0,0,0,0,0,0,20000,0,0,0,20000,0,20000,20000
044956,聯詠凱基92購01  ,0,0,0,0,0,0,0,0,0,20000,0,0,0,20000,0,20000,20000
044889,台泥凱基91購01  ,0,0,0,0,0,0,0,0,0,20000,0,0,0,20000,0,20000,20000
044927,聯詠國泰94購01  ,0,0,0,0,0,0,0,0,0,20000,0,0,0,20000,0,20000,20000
045895,智伸科元大92購02,0,0,0,0,0,0,0,0,0,20000,0,0,0,35000,15000,20000,20000
045273,鴻海統一92購02  ,0,0,0,0,0,0,0,0,0,20000,0,0,0,25000,5000,20000,20000
045240,世紀鋼國票92購02,0,0,0,0,0,0,0,0,0,20000,0,0,0,20000,0,20000,20000
045226,TPK元大93購02   ,0,0,0,0,0,0,0,0,0,20000,0,0,0,20000,0,20000,20000
045057,麗豐元富92購01  ,0,0,0,0,0,0,0,0,0,20000,0,0,0,20000,0,20000,20000
044508,微星凱基92購02  ,0,0,0,0,0,0,0,0,0,20000,0,0,0,20000,0,20000,20000
044643,滬深2X群益96購01,0,0,0,0,0,0,0,0,0,20000,0,0,0,20000,0,20000,20000
044639,京元電元富94購01,0,0,0,0,0,0,0,0,0,20000,0,0,0,105000,85000,20000,20000
045665,聯電元富92購01  ,0,0,0,0,0,0,0,0,0,20000,0,0,0,24000,4000,20000,20000
046238,嘉澤第一92購01  ,0,0,0,0,0,0,0,0,0,20000,0,0,0,20000,0,20000,20000
044726,新日興永豐91購01,0,0,0,0,0,0,0,0,0,20000,0,0,0,20000,0,20000,20000
044175,亞光統一92購01  ,0,0,0,0,0,0,0,0,0,20000,0,0,0,20000,0,20000,20000
044104,鴻海中信95購03  ,0,0,0,0,0,0,0,0,0,20000,0,0,0,20000,0,20000,20000
044080,上銀國票91購03  ,0,0,0,0,0,0,0,0,0,20000,0,0,0,20000,0,20000,20000
044132,中磊凱基91購02  ,0,0,0,0,0,0,0,0,0,20000,0,0,0,20000,0,20000,20000
042896,台積電永昌93購04,0,0,0,0,0,0,0,0,0,20000,0,0,0,20000,0,20000,20000
042754,元黃金元大93購01,0,0,0,0,0,0,0,0,0,20000,0,0,0,20000,0,20000,20000
042979,奇力新凱基92購01,0,0,0,0,0,0,0,0,0,20000,0,0,0,20000,0,20000,20000
041916,大立光中信93購01,0,0,0,0,0,0,0,0,0,20000,0,0,0,20000,0,20000,20000
042314,GIS凱基91購01   ,0,0,0,0,0,0,0,0,0,20000,0,0,0,20000,0,20000,20000
04014P,聯發科元大93售18,0,0,0,0,0,0,0,0,0,20000,0,0,0,20000,0,20000,20000
03253P,台灣50國泰03售02,0,0,0,0,0,0,0,0,0,20000,0,0,0,20000,0,20000,20000
03869P,和大群益93售02  ,0,0,0,0,0,0,0,0,0,20000,0,0,0,24000,4000,20000,20000
03871P,智邦群益93售02  ,0,0,0,0,0,0,0,0,0,20000,0,0,0,20000,0,20000,20000
042441,大立光中信91購02,0,0,0,0,0,0,0,0,0,20000,0,0,0,20000,0,20000,20000
043973,元金2X元大94購02,0,0,0,0,0,0,0,0,0,20000,0,0,0,20000,0,20000,20000
043936,和大兆豐92購01  ,0,0,0,0,0,0,0,0,0,20000,0,0,0,32000,12000,20000,20000
03048P,南電國票03售01  ,0,0,0,0,0,0,0,0,0,20000,0,0,0,20000,0,20000,20000
03706P,上銀群益93售03  ,0,0,0,0,0,0,0,0,0,20000,0,0,0,20000,0,20000,20000
03294P,欣興永豐02售01  ,0,0,0,0,0,0,0,0,0,20000,0,0,0,20000,0,20000,20000
03513P,臺股指國票02售02,0,0,0,0,0,0,0,0,0,20000,0,0,0,20000,0,20000,20000
03444P,道瓊銀群益02售04,0,0,0,0,0,0,0,0,0,20000,0,0,0,20000,0,20000,20000
048243,儒鴻兆豐94購01  ,0,0,0,0,0,0,0,0,0,20000,0,0,0,90000,70000,20000,20000
048276,旺宏永豐94購01  ,0,0,0,0,0,0,0,0,0,20000,0,0,0,20000,0,20000,20000
04792P,智邦元大94售06  ,0,0,0,0,0,0,0,0,0,20000,0,0,0,39000,19000,20000,20000
047785,嘉聯益第一93購01,0,0,0,0,0,0,0,0,0,20000,0,0,0,20000,0,20000,20000
048623,世紀鋼凱基94購03,0,0,0,0,0,0,0,0,0,20000,0,0,0,20000,0,20000,20000
046757,漢唐凱基93購02  ,0,0,0,0,0,0,0,0,0,20000,0,0,0,38000,18000,20000,20000
04939P,國巨國票95售03  ,0,0,0,0,0,0,0,0,0,20000,0,0,0,20000,0,20000,20000
046774,瑞昱台新93購01  ,0,0,0,0,0,0,0,0,0,20000,0,0,0,20000,0,20000,20000
049663,正崴永豐94購01  ,0,0,0,0,0,0,0,0,0,20000,0,0,0,20000,0,20000,20000
049971,台郡國票95購01  ,0,0,0,0,0,0,0,0,0,20000,0,0,0,40000,20000,20000,20000
049979,美律凱基94購07  ,0,0,0,0,0,0,0,0,0,20000,0,0,0,20000,0,20000,20000
046811,和大凱基93購01  ,0,0,0,0,0,0,0,0,0,20000,0,0,0,20000,0,20000,20000
048818,台達電凱基94購01,0,0,0,0,0,0,0,0,0,20000,0,0,0,23000,3000,20000,20000
047555,欣興凱基93購01  ,0,0,0,0,0,0,0,0,0,20000,0,0,0,22000,2000,20000,20000
048335,和大元大93購03  ,0,0,0,0,0,0,0,0,0,20000,0,0,0,20000,0,20000,20000
049717,微星凱基94購01  ,0,0,0,0,0,0,0,0,0,20000,0,0,0,40000,20000,20000,20000
048394,正崴國票94購01  ,0,0,0,0,0,0,0,0,0,20000,0,0,0,23000,3000,20000,20000
048371,華固統一93購02  ,0,0,0,0,0,0,0,0,0,20000,0,0,0,20000,0,20000,20000
049556,智易元富94購01  ,0,0,0,0,0,0,0,0,0,20000,0,0,0,20000,0,20000,20000
049599,樺漢元大95購01  ,0,0,0,0,0,0,0,0,0,20000,0,0,0,40000,20000,20000,20000
046468,日月光台新92購01,0,0,0,0,0,0,0,0,0,20000,0,0,0,20000,0,20000,20000
046496,鴻海元大92購16  ,0,0,0,0,0,0,0,0,0,20000,0,0,0,56000,36000,20000,20000
047314,大立光元大93購22,0,0,0,0,0,0,0,0,0,20000,0,0,0,20000,0,20000,20000
049200,元黃金群益98購01,0,0,0,0,0,0,0,0,0,20000,0,0,0,20000,0,20000,20000
048083,台達電凱基93購04,0,0,0,0,0,0,0,0,0,20000,0,0,0,21000,1000,20000,20000
049325,智邦元富94購02  ,0,0,0,0,0,0,0,0,0,20000,0,0,0,20000,0,20000,20000
049138,台積電元大94購05,0,0,0,0,0,0,0,0,0,20000,0,0,0,20000,0,20000,20000
049282,易華電國票95購01,0,0,0,0,0,0,0,0,0,20000,0,0,0,20000,0,20000,20000
049380,欣興元大94購04  ,0,0,0,0,0,0,0,0,0,20000,0,0,0,201000,181000,20000,20000
048144,華固統一93購01  ,0,0,0,0,0,0,0,0,0,20000,0,0,0,20000,0,20000,20000
04737P,正崴永豐94售02  ,0,0,0,0,0,0,0,0,0,20000,0,0,0,120000,100000,20000,20000
046623,臻鼎凱基93購02  ,0,0,0,0,0,0,0,0,0,20000,0,0,0,30000,10000,20000,20000
046588,大立光元大93購13,0,0,0,0,0,0,0,0,0,20000,0,0,0,20000,0,20000,20000
046653,鴻海元大93購05  ,0,0,0,0,0,0,0,0,0,20000,0,0,0,24000,4000,20000,20000
04665P,臺股指國票94售04,0,0,0,0,0,0,0,0,0,20000,0,0,0,20000,0,20000,20000
04944P,元油2X永豐94售06,0,0,0,0,0,0,0,0,0,20000,0,0,0,20000,0,20000,20000
047034,東陽群益93購01  ,0,0,0,0,0,0,0,0,0,20000,0,0,0,25000,5000,20000,20000
047041,貿聯群益93購02  ,0,0,0,0,0,0,0,0,0,20000,0,0,0,20000,0,20000,20000
046896,臻鼎群益94購01  ,0,0,0,0,0,0,0,0,0,20000,0,0,0,91000,71000,20000,20000
046894,日月光群益93購01,0,0,0,0,0,0,0,0,0,20000,0,0,0,40000,20000,20000,20000
047235,嘉澤凱基93購01  ,0,0,0,0,0,0,0,0,0,20000,0,0,0,20000,0,20000,20000
047480,全新凱基93購01  ,0,0,0,0,0,0,0,0,0,20000,0,0,0,30000,10000,20000,20000
047737,義隆麥證94購01  ,0,0,0,20000,0,20000,0,0,0,20000,0,0,0,20000,0,20000,20000
047725,廣達群益93購01  ,0,0,0,0,0,0,0,0,0,20000,0,0,0,20000,0,20000,20000
050479,上証2X國票95購02,0,0,0,0,0,0,0,0,0,20000,0,0,0,20000,0,20000,20000
050548,華固凱基95購01  ,0,0,0,0,0,0,0,0,0,20000,0,0,0,50000,30000,20000,20000
050553,緯穎凱基94購06  ,0,0,0,0,0,0,0,0,0,20000,0,0,0,51000,31000,20000,20000
050649,華新科凱基96購01,0,0,0,0,0,0,0,0,0,20000,0,0,0,30000,10000,20000,20000
050152,聯發科群益94購07,0,0,0,0,0,0,0,0,0,20000,0,0,0,20000,0,20000,20000
049991,臺股指凱基96購04,0,0,0,0,0,0,0,0,0,20000,0,0,0,20000,0,20000,20000
050009,昇陽半永豐94購02,0,0,0,0,0,0,0,0,0,20000,0,0,0,20000,0,20000,20000
050167,T50反1富邦96購01,0,0,0,0,0,0,0,0,0,20000,0,0,0,20000,0,20000,20000
050886,台積電富邦95購04,0,0,0,0,0,0,0,0,0,20000,0,0,0,20000,0,20000,20000
051012,台積電凱基95購04,0,0,0,0,0,0,0,0,0,20000,0,0,0,20000,0,20000,20000
050756,京元電元富94購03,0,0,0,0,0,0,0,0,0,20000,0,0,0,70000,50000,20000,20000
051197,光寶科麥證95購01,0,0,0,20000,0,20000,0,0,0,20000,0,0,0,20000,0,20000,20000
051183,建準永豐95購02  ,0,0,0,0,0,0,0,0,0,20000,0,0,0,20000,0,20000,20000
05125P,鴻海群益95售06  ,0,0,0,0,0,0,0,0,0,20000,0,0,0,20000,0,20000,20000
05124P,華新科富邦97售02,0,0,0,0,0,0,0,0,0,20000,0,0,0,20000,0,20000,20000
052524,新光金元大9B購01,0,0,0,0,0,0,0,0,0,20000,0,0,0,80000,60000,20000,20000
052170,台積電元大95購20,0,0,0,0,0,0,0,0,0,20000,0,0,0,151000,131000,20000,20000
052288,敦南統一95購01  ,0,0,0,0,0,0,0,0,0,20000,0,0,0,22000,2000,20000,20000
052024,臺股指永豐95購04,0,0,0,0,0,0,0,0,0,20000,0,0,0,20000,0,20000,20000
051990,泰碩元大95購01  ,0,0,0,0,0,0,0,0,0,20000,0,0,0,55000,35000,20000,20000
051881,上証2X永豐95購02,0,0,0,0,0,0,0,0,0,20000,0,0,0,20000,0,20000,20000
051900,臻鼎富邦95購01  ,0,0,0,0,0,0,0,0,0,20000,0,0,0,20000,0,20000,20000
051663,鴻海元大95購18  ,0,0,0,0,0,0,0,0,0,20000,0,0,0,20000,0,20000,20000
051433,中磊元富95購01  ,0,0,0,0,0,0,0,0,0,20000,0,0,0,30000,10000,20000,20000
05884P,旺宏統一96售01  ,0,0,0,0,0,0,0,0,0,20000,0,0,0,70000,50000,20000,20000
05992P,華通元大96售05  ,0,0,0,0,0,0,0,0,0,20000,0,0,0,20000,0,20000,20000
06015P,大立光富邦98售04,0,0,0,0,0,0,0,0,0,20000,0,0,0,20000,0,20000,20000
2431,聯昌            ,20000,0,20000,0,0,0,0,0,0,0,0,0,0,0,0,0,20000
06041P,全新永豐96售03  ,0,0,0,0,0,0,0,0,0,20000,0,0,0,54000,34000,20000,20000
06053P,緯穎國票97售05  ,0,0,0,0,0,0,0,0,0,20000,0,0,0,30000,10000,20000,20000
1442,名軒            ,58000,38000,20000,0,0,0,0,0,0,0,0,0,0,0,0,0,20000
8473,山林水          ,20000,0,20000,0,0,0,0,0,0,0,0,0,0,0,0,0,20000
6142,友勁            ,2000,0,2000,0,0,0,0,0,0,18000,18000,0,18000,0,0,0,20000
053772,大成鋼元大96購02,0,0,0,0,0,0,0,0,0,19000,0,0,0,496000,477000,19000,19000
053490,為升兆豐97購01  ,0,0,0,0,0,0,0,0,0,19000,0,0,0,19000,0,19000,19000
054050,創意元大96購06  ,0,0,0,0,0,0,0,0,0,19000,0,0,0,90000,71000,19000,19000
055092,開發金群益9B購01,0,0,0,0,0,0,0,0,0,19000,0,0,0,30000,11000,19000,19000
043983,華邦電元大92購01,0,0,0,0,0,0,0,0,0,19000,0,0,0,20000,1000,19000,19000
040950,欣興群益91購01  ,0,0,0,0,0,0,0,0,0,19000,0,0,0,19000,0,19000,19000
044792,康友群益93購01  ,0,0,0,0,0,0,0,0,0,19000,0,0,0,24000,5000,19000,19000
048101,致伸凱基93購05  ,0,0,0,0,0,0,0,0,0,19000,0,0,0,139000,120000,19000,19000
047279,日月光永豐93購01,0,0,0,0,0,0,0,0,0,19000,0,0,0,39000,20000,19000,19000
049615,香港2X群益98購01,0,0,0,0,0,0,0,0,0,19000,0,0,0,30000,11000,19000,19000
049924,欣興元大95購04  ,0,0,0,0,0,0,0,0,0,19000,0,0,0,240000,221000,19000,19000
049909,國巨元大95購01  ,0,0,0,0,0,0,0,0,0,19000,0,0,0,74000,55000,19000,19000
046745,國喬凱基93購01  ,0,0,0,0,0,0,0,0,0,19000,0,0,0,20000,1000,19000,19000
048591,台郡兆豐94購01  ,0,0,0,0,0,0,0,0,0,19000,0,0,0,58000,39000,19000,19000
052185,奇力新群益95購03,0,0,0,0,0,0,0,0,0,19000,0,0,0,58000,39000,19000,19000
5906,台南-KY         ,23000,2000,21000,0,0,0,0,0,0,-2000,0,2000,-2000,0,0,0,19000
4104,佳醫            ,43000,21000,22000,0,0,0,0,3000,-3000,0,0,0,0,0,0,0,19000
1530,亞崴            ,19000,0,19000,0,0,0,0,0,0,0,0,0,0,0,0,0,19000
2477,美隆電          ,20000,1000,19000,0,0,0,0,0,0,0,0,0,0,0,0,0,19000
05901P,臺股指凱基9C售01,0,0,0,0,0,0,0,0,0,19000,0,0,0,99000,80000,19000,19000
05795P,華邦電群益96售05,0,0,0,0,0,0,0,0,0,19000,0,0,0,39000,20000,19000,19000
05721P,全新群益98售02  ,0,0,0,0,0,0,0,0,0,19000,0,0,0,45000,26000,19000,19000
053991,鴻海群益96購05  ,0,0,0,0,0,0,0,0,0,18000,0,0,0,18000,0,18000,18000
054277,亞光群益97購01  ,0,0,0,0,0,0,0,0,0,18000,0,0,0,28000,10000,18000,18000
054446,美食兆豐97購01  ,0,0,0,0,0,0,0,0,0,18000,0,0,0,212000,194000,18000,18000
054451,上銀亞東98購01  ,0,0,0,0,0,0,0,0,0,18000,0,0,0,23000,5000,18000,18000
053358,晶技統一98購01  ,0,0,0,0,0,0,0,0,0,18000,0,0,0,18000,0,18000,18000
053304,可成凱基96購03  ,0,0,0,0,0,0,0,0,0,18000,0,0,0,18000,0,18000,18000
053266,全新群益98購01  ,0,0,0,0,0,0,0,0,0,18000,0,0,0,27000,9000,18000,18000
044800,華邦電凱基93購02,0,0,0,0,0,0,0,0,0,18000,0,0,0,18000,0,18000,18000
046288,創意兆豐92購03  ,0,0,0,0,0,0,0,0,0,18000,0,0,0,18000,0,18000,18000
043012,義隆元大92購01  ,0,0,0,0,0,0,0,0,0,18000,0,0,0,18000,0,18000,18000
041308,群創群益92購01  ,0,0,0,0,0,0,0,0,0,18000,0,0,0,20000,2000,18000,18000
045031,上銀群益93購02  ,0,0,0,0,0,0,0,0,0,18000,0,0,0,160000,142000,18000,18000
044574,潤泰全凱基93購01,0,0,0,0,0,0,0,0,0,18000,0,0,0,18000,0,18000,18000
046105,同欣電永豐92購02,0,0,0,0,0,0,0,0,0,18000,0,0,0,48000,30000,18000,18000
045935,台光電群益92購01,0,0,0,0,0,0,0,0,0,18000,0,0,0,18000,0,18000,18000
045151,大立光凱基93購02,0,0,0,0,0,0,0,0,0,18000,0,0,0,19000,1000,18000,18000
045526,台光電永豐92購01,0,0,0,0,0,0,0,0,0,18000,0,0,0,18000,0,18000,18000
047866,得力永豐93購01  ,0,0,0,0,0,0,0,0,0,18000,0,0,0,48000,30000,18000,18000
049914,瑞昱元大94購06  ,0,0,0,0,0,0,0,0,0,18000,0,0,0,118000,100000,18000,18000
049894,嘉聯益富邦98購01,0,0,0,0,0,0,0,0,0,18000,0,0,0,168000,150000,18000,18000
047390,富邦金元大93購01,0,0,0,0,0,0,0,0,0,18000,0,0,0,168000,150000,18000,18000
048217,亞德客凱基93購06,0,0,0,0,0,0,0,0,0,18000,0,0,0,25000,7000,18000,18000
048179,臻鼎富邦97購01  ,0,0,0,0,0,0,0,0,0,18000,0,0,0,29000,11000,18000,18000
048185,台郡群益93購04  ,0,0,0,0,0,0,0,0,0,18000,0,0,0,68000,50000,18000,18000
049496,和鑫元大95購01  ,0,0,0,0,0,0,0,0,0,18000,0,0,0,143000,125000,18000,18000
051364,鴻海國泰97購03  ,0,0,0,0,0,0,0,0,0,18000,0,0,0,33000,15000,18000,18000
051712,嘉聯益群益95購01,0,0,0,0,0,0,0,0,0,18000,0,0,0,33000,15000,18000,18000
05168P,鴻海元大95售14  ,0,0,0,0,0,0,0,0,0,18000,0,0,0,41000,23000,18000,18000
051754,廣宇元大95購01  ,0,0,0,0,0,0,0,0,0,18000,0,0,0,98000,80000,18000,18000
050825,嘉澤凱基95購01  ,0,0,0,0,0,0,0,0,0,18000,0,0,0,18000,0,18000,18000
050344,鴻海元富96購01  ,0,0,0,0,0,0,0,0,0,18000,0,0,0,18000,0,18000,18000
1451,年興            ,29000,11000,18000,0,0,0,0,0,0,0,0,0,0,0,0,0,18000
4722,國精化          ,19000,1000,18000,0,0,0,0,0,0,0,0,0,0,0,0,0,18000
053138,華邦電富邦96購01,0,0,0,0,0,0,0,0,0,17000,0,0,0,17000,0,17000,17000
053373,台泥元大96購01  ,0,0,0,0,0,0,0,0,0,17000,0,0,0,161000,144000,17000,17000
053458,聯詠國泰97購01  ,0,0,0,0,0,0,0,0,0,17000,0,0,0,113000,96000,17000,17000
053621,臺股指群益96購07,0,0,0,0,0,0,0,0,0,17000,0,0,0,17000,0,17000,17000
053635,技嘉永豐96購01  ,0,0,0,0,0,0,0,0,0,17000,0,0,0,30000,13000,17000,17000
054437,欣興台新97購02  ,0,0,0,0,0,0,0,0,0,17000,0,0,0,237000,220000,17000,17000
054135,大立光元大97購04,0,0,0,0,0,0,0,0,0,17000,0,0,0,30000,13000,17000,17000
054794,貿聯群益98購01  ,0,0,0,0,0,0,0,0,0,17000,0,0,0,31000,14000,17000,17000
045400,康友富邦93購01  ,0,0,0,0,0,0,0,0,0,17000,0,0,0,17000,0,17000,17000
046145,矽力元富95購01  ,0,0,0,0,0,0,0,0,0,17000,0,0,0,17000,0,17000,17000
048836,牧德凱基94購03  ,0,0,0,0,0,0,0,0,0,17000,0,0,0,73000,56000,17000,17000
044941,鴻海群益93購01  ,0,0,0,0,0,0,0,0,0,17000,0,0,0,47000,30000,17000,17000
04447P,上銀凱基94售02  ,0,0,0,0,0,0,0,0,0,17000,0,0,0,29000,12000,17000,17000
044038,群創群益93購02  ,0,0,0,0,0,0,0,0,0,17000,0,0,0,17000,0,17000,17000
036628,統一台新99購01  ,0,0,0,0,0,0,0,0,0,17000,0,0,0,17000,0,17000,17000
047186,大立光元大93購20,0,0,0,0,0,0,0,0,0,17000,0,0,0,17000,0,17000,17000
048098,嘉澤凱基93購04  ,0,0,0,0,0,0,0,0,0,17000,0,0,0,17000,0,17000,17000
049748,智原永豐94購01  ,0,0,0,0,0,0,0,0,0,17000,0,0,0,85000,68000,17000,17000
048346,智易元大95購01  ,0,0,0,0,0,0,0,0,0,17000,0,0,0,21000,4000,17000,17000
047777,寶成元大93購01  ,0,0,0,0,0,0,0,0,0,17000,0,0,0,17000,0,17000,17000
050462,寶成元大94購01  ,0,0,0,0,0,0,0,0,0,17000,0,0,0,85000,68000,17000,17000
051335,華固永豐95購01  ,0,0,0,0,0,0,0,0,0,17000,0,0,0,17000,0,17000,17000
051799,台積電永豐96購01,0,0,0,0,0,0,0,0,0,17000,0,0,0,33000,16000,17000,17000
1589,永冠-KY         ,221000,359000,-138000,0,0,0,0,0,0,155000,59000,1000,58000,103000,6000,97000,17000
1503,士電            ,28000,11000,17000,0,0,0,0,0,0,0,0,0,0,0,0,0,17000
1725,元禎            ,22000,5000,17000,0,0,0,0,0,0,0,0,0,0,0,0,0,17000
1903,士紙            ,17000,0,17000,0,0,0,0,0,0,0,0,0,0,0,0,0,17000
2417,圓剛            ,17000,0,17000,0,0,0,0,0,0,0,0,0,0,0,0,0,17000
05911P,南亞科永豐96售03,0,0,0,0,0,0,0,0,0,17000,0,0,0,18000,1000,17000,17000
055232,泰碩國票98購01  ,0,0,0,0,0,0,0,0,0,17000,0,0,0,17000,0,17000,17000
05651P,大立光元大97售02,0,0,0,0,0,0,0,0,0,17000,0,0,0,35000,18000,17000,17000
054716,緯穎康和97購01  ,0,0,0,0,0,0,0,0,0,16000,0,0,0,17000,1000,16000,16000
054999,玉晶光元富97購03,0,0,0,0,0,0,0,0,0,16000,0,0,0,16000,0,16000,16000
053959,晶豪科永豐96購02,0,0,0,0,0,0,0,0,0,16000,0,0,0,68000,52000,16000,16000
052856,滬深2X凱基98購01,0,0,0,0,0,0,0,0,0,16000,0,0,0,20000,4000,16000,16000
044039,康控群益93購01  ,0,0,0,0,0,0,0,0,0,16000,0,0,0,35000,19000,16000,16000
041146,世紀鋼國泰91購01,0,0,0,0,0,0,0,0,0,16000,0,0,0,16000,0,16000,16000
042502,上銀凱基93購01  ,0,0,0,0,0,0,0,0,0,16000,0,0,0,73000,57000,16000,16000
041816,元油2X凱基92購01,0,0,0,0,0,0,0,0,0,16000,0,0,0,21000,5000,16000,16000
04344P,台達電國泰94售01,0,0,0,0,0,0,0,0,0,16000,0,0,0,226000,210000,16000,16000
045645,祥碩凱基93購03  ,0,0,0,0,0,0,0,0,0,16000,0,0,0,77000,61000,16000,16000
042399,為升元富91購02  ,0,0,0,0,0,0,0,0,0,16000,0,0,0,16000,0,16000,16000
044963,台積電中信96購01,0,0,0,0,0,0,0,0,0,16000,0,0,0,36000,20000,16000,16000
045768,大立光元富95購02,0,0,0,0,0,0,0,0,0,16000,0,0,0,16000,0,16000,16000
048877,茂林國票94購01  ,0,0,0,0,0,0,0,0,0,16000,0,0,0,16000,0,16000,16000
046755,瑞昱凱基93購05  ,0,0,0,0,0,0,0,0,0,16000,0,0,0,69000,53000,16000,16000
047557,麗豐凱基94購02  ,0,0,0,0,0,0,0,0,0,16000,0,0,0,103000,87000,16000,16000
048124,大立光元大95購03,0,0,0,0,0,0,0,0,0,16000,0,0,0,17000,1000,16000,16000
049308,台達電凱基94購04,0,0,0,0,0,0,0,0,0,16000,0,0,0,47000,31000,16000,16000
047253,新唐群益93購01  ,0,0,0,0,0,0,0,0,0,16000,0,0,0,16000,0,16000,16000
048752,廣越元富95購01  ,0,0,0,0,0,0,0,0,0,16000,0,0,0,16000,0,16000,16000
049102,智伸科國泰96購01,0,0,0,0,0,0,0,0,0,16000,0,0,0,259000,243000,16000,16000
049103,易華電國泰96購01,0,0,0,0,0,0,0,0,0,16000,0,0,0,26000,10000,16000,16000
048204,訊芯元大93購06  ,0,0,0,0,0,0,0,0,0,16000,0,0,0,131000,115000,16000,16000
046374,台積電凱基92購20,0,0,0,0,0,0,0,0,0,16000,0,0,0,16000,0,16000,16000
051968,勤誠永豐95購01  ,0,0,0,0,0,0,0,0,0,16000,0,0,0,194000,178000,16000,16000
051372,樺漢富邦96購01  ,0,0,0,0,0,0,0,0,0,16000,0,0,0,16000,0,16000,16000
051456,鈺齊元大95購01  ,0,0,0,0,0,0,0,0,0,16000,0,0,0,106000,90000,16000,16000
051635,大立光國票96購04,0,0,0,0,0,0,0,0,0,16000,0,0,0,16000,0,16000,16000
052062,臺股指國票95購09,0,0,0,0,0,0,0,0,0,16000,0,0,0,21000,5000,16000,16000
052523,奇力新元大97購01,0,0,0,0,0,0,0,0,0,16000,0,0,0,92000,76000,16000,16000
052638,緯創凱基96購02  ,0,0,0,0,0,0,0,0,0,16000,0,0,0,26000,10000,16000,16000
051349,國巨元大95購08  ,0,0,0,0,0,0,0,0,0,16000,0,0,0,18000,2000,16000,16000
050858,欣興台新95購01  ,0,0,0,0,0,0,0,0,0,16000,0,0,0,16000,0,16000,16000
050718,茂林群益94購04  ,0,0,0,0,0,0,0,0,0,16000,0,0,0,16000,0,16000,16000
050209,華通國票95購01  ,0,0,0,0,0,0,0,0,0,16000,0,0,0,18000,2000,16000,16000
050092,鴻海永豐94購04  ,0,0,0,0,0,0,0,0,0,16000,0,0,0,46000,30000,16000,16000
05760P,京鼎永豐96售02  ,0,0,0,0,0,0,0,0,0,16000,0,0,0,27000,11000,16000,16000
2358,廷鑫            ,18000,2000,16000,0,0,0,0,0,0,0,0,0,0,0,0,0,16000
2499,東貝            ,157000,141000,16000,0,0,0,0,0,0,0,0,0,0,0,0,0,16000
2832,台產            ,24000,8000,16000,0,0,0,0,0,0,0,0,0,0,0,0,0,16000
2727,王品            ,39000,23000,16000,0,0,0,0,0,0,0,0,0,0,0,0,0,16000
1614,三洋電          ,16000,0,16000,0,0,0,0,0,0,0,0,0,0,0,0,0,16000
4532,瑞智            ,50000,34000,16000,0,0,0,0,0,0,0,0,0,0,0,0,0,16000
5706,鳳凰            ,13000,12000,1000,0,0,0,0,0,0,15000,15000,0,15000,0,0,0,16000
3454,晶睿            ,21000,5000,16000,0,0,0,0,0,0,0,0,0,0,0,0,0,16000
8103,瀚荃            ,16000,0,16000,0,0,0,0,0,0,0,0,0,0,0,0,0,16000
6449,鈺邦            ,75000,59000,16000,0,0,0,0,0,0,0,1000,1000,0,0,0,0,16000
9937,全國            ,16000,0,16000,0,0,0,0,0,0,0,0,0,0,0,0,0,16000
052918,智易富邦97購02  ,0,0,0,0,0,0,0,0,0,15000,0,0,0,15000,0,15000,15000
052899,和大國票97購01  ,0,0,0,0,0,0,0,0,0,15000,0,0,0,15000,0,15000,15000
052880,台積電凱基96購06,0,0,0,0,0,0,0,0,0,15000,0,0,0,15000,0,15000,15000
053522,臺股指群益99購01,0,0,0,0,0,0,0,0,0,15000,0,0,0,16000,1000,15000,15000
053463,可成富邦98購01  ,0,0,0,0,0,0,0,0,0,15000,0,0,0,15000,0,15000,15000
053790,嘉聯益元大99購02,0,0,0,0,0,0,0,0,0,15000,0,0,0,25000,10000,15000,15000
053693,欣興元大96購05  ,0,0,0,0,0,0,0,0,0,15000,0,0,0,251000,236000,15000,15000
053672,嘉澤元富96購02  ,0,0,0,0,0,0,0,0,0,15000,0,0,0,15000,0,15000,15000
053835,南亞科永豐96購02,0,0,0,0,0,0,0,0,0,15000,0,0,0,83000,68000,15000,15000
054162,光罩凱基98購01  ,0,0,0,0,0,0,0,0,0,15000,0,0,0,107000,92000,15000,15000
054549,台積電凱基98購01,0,0,0,0,0,0,0,0,0,15000,0,0,0,15000,0,15000,15000
054753,復盛凱基98購01  ,0,0,0,0,0,0,0,0,0,15000,0,0,0,47000,32000,15000,15000
048793,超眾元大95購02  ,0,0,0,0,0,0,0,0,0,15000,0,0,0,58000,43000,15000,15000
047249,欣興群益93購03  ,0,0,0,0,0,0,0,0,0,15000,0,0,0,15000,0,15000,15000
048977,晶相光元大94購01,0,0,0,0,0,0,0,0,0,15000,0,0,0,80000,65000,15000,15000
045455,鴻海元大92購08  ,0,0,0,0,0,0,0,0,0,15000,0,0,0,91000,76000,15000,15000
044399,南亞科凱基91購10,0,0,0,0,0,0,0,0,0,15000,0,0,0,22000,7000,15000,15000
044558,台虹永豐91購01  ,0,0,0,0,0,0,0,0,0,15000,0,0,0,15000,0,15000,15000
044191,旺宏第一91購01  ,0,0,0,0,0,0,0,0,0,15000,0,0,0,15000,0,15000,15000
044750,鴻海凱基93購07  ,0,0,0,0,0,0,0,0,0,15000,0,0,0,15000,0,15000,15000
045670,鴻海元大92購09  ,0,0,0,0,0,0,0,0,0,15000,0,0,0,15000,0,15000,15000
04345P,景碩國泰94售02  ,0,0,0,0,0,0,0,0,0,15000,0,0,0,80000,65000,15000,15000
04260P,亞德客群益93售01,0,0,0,0,0,0,0,0,0,15000,0,0,0,145000,130000,15000,15000
042619,上証2X群益91購01,0,0,0,0,0,0,0,0,0,15000,0,0,0,15000,0,15000,15000
04339P,欣興元大93售08  ,0,0,0,0,0,0,0,0,0,15000,0,0,0,15000,0,15000,15000
044037,大立光群益92購01,0,0,0,0,0,0,0,0,0,15000,0,0,0,15000,0,15000,15000
043964,台肥國泰92購01  ,0,0,0,0,0,0,0,0,0,15000,0,0,0,15000,0,15000,15000
043753,聯發科元大92購02,0,0,0,0,0,0,0,0,0,15000,0,0,0,55000,40000,15000,15000
03619C,臺股指元大95牛02,0,0,0,0,0,0,0,0,0,15000,0,0,0,15000,0,15000,15000
03118P,台積電國票01售07,0,0,0,0,0,0,0,0,0,15000,0,0,0,20000,5000,15000,15000
039910,嘉聯益富邦91購01,0,0,0,0,0,0,0,0,0,15000,0,0,0,15000,0,15000,15000
00685L,群益臺灣加權正2 ,0,0,0,0,0,0,0,0,0,15000,0,0,0,26000,11000,15000,15000
049463,華新科富邦97購01,0,0,0,0,0,0,0,0,0,15000,0,0,0,101000,86000,15000,15000
046664,聯詠元大93購01  ,0,0,0,0,0,0,0,0,0,15000,0,0,0,15000,0,15000,15000
046987,智邦凱基93購04  ,0,0,0,0,0,0,0,0,0,15000,0,0,0,109000,94000,15000,15000
046949,群創元大99購01  ,0,0,0,0,0,0,0,0,0,15000,0,0,0,765000,750000,15000,15000
047240,樺漢凱基93購01  ,0,0,0,0,0,0,0,0,0,15000,0,0,0,32000,17000,15000,15000
049169,統一凱基94購01  ,0,0,0,0,0,0,0,0,0,15000,0,0,0,15000,0,15000,15000
049454,群創統一94購01  ,0,0,0,0,0,0,0,0,0,15000,0,0,0,15000,0,15000,15000
046813,聯電凱基96購01  ,0,0,0,0,0,0,0,0,0,15000,0,0,0,25000,10000,15000,15000
047603,瑞昱國泰94購01  ,0,0,0,0,0,0,0,0,0,15000,0,0,0,15000,0,15000,15000
049561,道瓊銀統一96購01,0,0,0,0,0,0,0,0,0,15000,0,0,0,40000,25000,15000,15000
049893,日月光富邦98購01,0,0,0,0,0,0,0,0,0,15000,0,0,0,45000,30000,15000,15000
049921,大立光元大94購16,0,0,0,0,0,0,0,0,0,15000,0,0,0,15000,0,15000,15000
049125,禾伸堂元富94購01,0,0,0,0,0,0,0,0,0,15000,0,0,0,110000,95000,15000,15000
048515,貿聯凱基93購03  ,0,0,0,0,0,0,0,0,0,15000,0,0,0,15000,0,15000,15000
048527,鴻海國票94購02  ,0,0,0,0,0,0,0,0,0,15000,0,0,0,15000,0,15000,15000
04857P,美律元富94售01  ,0,0,0,0,0,0,0,0,0,15000,0,0,0,20000,5000,15000,15000
047722,南電凱基94購02  ,0,0,0,0,0,0,0,0,0,15000,0,0,0,42000,27000,15000,15000
047699,亞德客凱基93購04,0,0,0,0,0,0,0,0,0,15000,0,0,0,15000,0,15000,15000
050107,鴻海元大94購12  ,0,0,0,0,0,0,0,0,0,15000,0,0,0,31000,16000,15000,15000
050108,鴻海元大94購13  ,0,0,0,0,0,0,0,0,0,15000,0,0,0,29000,14000,15000,15000
050125,中環凱基94購01  ,0,0,0,0,0,0,0,0,0,15000,0,0,0,15000,0,15000,15000
050136,柏文兆豐94購01  ,0,0,0,0,0,0,0,0,0,15000,0,0,0,150000,135000,15000,15000
050259,鴻海元大94購14  ,0,0,0,0,0,0,0,0,0,15000,0,0,0,20000,5000,15000,15000
050446,鴻海元大94購22  ,0,0,0,0,0,0,0,0,0,15000,0,0,0,15000,0,15000,15000
051225,台積電群益95購02,0,0,0,0,0,0,0,0,0,15000,0,0,0,52000,37000,15000,15000
051095,貿聯元大95購03  ,0,0,0,0,0,0,0,0,0,15000,0,0,0,15000,0,15000,15000
052698,深中小國票99購01,0,0,0,0,0,0,0,0,0,15000,0,0,0,30000,15000,15000,15000
052624,微星亞東97購01  ,0,0,0,0,0,0,0,0,0,15000,0,0,0,15000,0,15000,15000
05246P,南電元大95售04  ,0,0,0,0,0,0,0,0,0,15000,0,0,0,15000,0,15000,15000
052191,超眾群益96購01  ,0,0,0,0,0,0,0,0,0,15000,0,0,0,15000,0,15000,15000
051542,南茂國票96購01  ,0,0,0,0,0,0,0,0,0,15000,0,0,0,15000,0,15000,15000
051399,玉晶光台新96購01,0,0,0,0,0,0,0,0,0,15000,0,0,0,15000,0,15000,15000
051428,玉晶光統一96購01,0,0,0,0,0,0,0,0,0,15000,0,0,0,15000,0,15000,15000
051945,智邦統一95購03  ,0,0,0,0,0,0,0,0,0,15000,0,0,0,35000,20000,15000,15000
051928,大立光中信96購03,0,0,0,0,0,0,0,0,0,15000,0,0,0,140000,125000,15000,15000
051725,緯穎永豐95購02  ,0,0,0,0,0,0,0,0,0,15000,0,0,0,16000,1000,15000,15000
3501,維熹            ,15000,0,15000,0,0,0,0,0,0,0,0,0,0,0,0,0,15000
6152,百一            ,15000,0,15000,0,0,0,0,0,0,0,0,0,0,0,0,0,15000
6189,豐藝            ,15000,0,15000,0,0,0,0,0,0,0,0,0,0,0,0,0,15000
1541,錩泰            ,13000,0,13000,0,0,0,0,0,0,2000,2000,0,2000,0,0,0,15000
1308,亞聚            ,59000,45000,14000,0,0,0,0,0,0,1000,1000,0,1000,0,0,0,15000
2497,怡利電          ,17000,2000,15000,0,0,0,0,0,0,0,0,0,0,0,0,0,15000
2450,神腦            ,21000,6000,15000,0,0,0,0,0,0,0,0,0,0,0,0,0,15000
2397,友通            ,15000,0,15000,0,0,0,0,0,0,0,0,0,0,0,0,0,15000
2013,中鋼構          ,32000,17000,15000,0,0,0,0,0,0,0,0,0,0,0,0,0,15000
05559P,臺股指麥證96售01,0,0,0,90000,75000,15000,0,0,0,15000,0,0,0,90000,75000,15000,15000
055277,旺宏元大97購04  ,0,0,0,0,0,0,0,0,0,15000,0,0,0,15000,0,15000,15000
053877,奇力新亞東96購01,0,0,0,0,0,0,0,0,0,14000,0,0,0,14000,0,14000,14000
053571,奇鋐統一96購02  ,0,0,0,0,0,0,0,0,0,14000,0,0,0,20000,6000,14000,14000
052738,聯電元大98購02  ,0,0,0,0,0,0,0,0,0,14000,0,0,0,14000,0,14000,14000
053263,華邦電群益96購03,0,0,0,0,0,0,0,0,0,14000,0,0,0,324000,310000,14000,14000
00731,FH富時高息低波  ,0,0,0,0,0,0,0,0,0,14000,0,0,0,119000,105000,14000,14000
00663L,國泰臺灣加權正2 ,0,0,0,0,0,0,0,0,0,14000,0,0,0,14000,0,14000,14000
03538P,景碩元富08售02  ,0,0,0,0,0,0,0,0,0,14000,0,0,0,14000,0,14000,14000
044711,台郡元大93購01  ,0,0,0,0,0,0,0,0,0,14000,0,0,0,22000,8000,14000,14000
044400,大立光凱基92購01,0,0,0,0,0,0,0,0,0,14000,0,0,0,14000,0,14000,14000
045447,鴻海國泰94購02  ,0,0,0,0,0,0,0,0,0,14000,0,0,0,187000,173000,14000,14000
045205,鈺齊凱基92購01  ,0,0,0,0,0,0,0,0,0,14000,0,0,0,30000,16000,14000,14000
04904P,奇力新永豐94售05,0,0,0,0,0,0,0,0,0,14000,0,0,0,68000,54000,14000,14000
048234,美利達凱基93購03,0,0,0,0,0,0,0,0,0,14000,0,0,0,14000,0,14000,14000
047958,矽創永豐93購02  ,0,0,0,0,0,0,0,0,0,14000,0,0,0,14000,0,14000,14000
047952,華通永豐93購03  ,0,0,0,0,0,0,0,0,0,14000,0,0,0,104000,90000,14000,14000
048665,欣興統一93購07  ,0,0,0,0,0,0,0,0,0,14000,0,0,0,482000,468000,14000,14000
049742,日月光群益94購02,0,0,0,0,0,0,0,0,0,14000,0,0,0,14000,0,14000,14000
048042,廣越康和93購02  ,0,0,0,0,0,0,0,0,0,14000,0,0,0,14000,0,14000,14000
046921,日電貿永豐93購01,0,0,0,0,0,0,0,0,0,14000,0,0,0,14000,0,14000,14000
046663,亞光元大93購02  ,0,0,0,0,0,0,0,0,0,14000,0,0,0,25000,11000,14000,14000
049511,奇力新凱基94購03,0,0,0,0,0,0,0,0,0,14000,0,0,0,14000,0,14000,14000
046362,華通永豐92購02  ,0,0,0,0,0,0,0,0,0,14000,0,0,0,55000,41000,14000,14000
051513,台積電凱基95購13,0,0,0,0,0,0,0,0,0,14000,0,0,0,14000,0,14000,14000
051525,日月光凱基95購02,0,0,0,0,0,0,0,0,0,14000,0,0,0,14000,0,14000,14000
052042,台積電日盛95購02,0,0,0,0,0,0,0,0,0,14000,0,0,0,28000,14000,14000,14000
052354,健策群益96購02  ,0,0,0,0,0,0,0,0,0,14000,0,0,0,82000,68000,14000,14000
052229,奇力新凱基96購01,0,0,0,0,0,0,0,0,0,14000,0,0,0,15000,1000,14000,14000
052407,樺漢凱基95購01  ,0,0,0,0,0,0,0,0,0,14000,0,0,0,64000,50000,14000,14000
050715,台積電群益96購01,0,0,0,0,0,0,0,0,0,14000,0,0,0,29000,15000,14000,14000
051005,緯創中信95購02  ,0,0,0,0,0,0,0,0,0,14000,0,0,0,14000,0,14000,14000
05088P,大立光富邦99售01,0,0,0,0,0,0,0,0,0,14000,0,0,0,14000,0,14000,14000
050511,元油2X元大94購11,0,0,0,0,0,0,0,0,0,14000,0,0,0,15000,1000,14000,14000
050090,鈺齊康和94購01  ,0,0,0,0,0,0,0,0,0,14000,0,0,0,14000,0,14000,14000
05993P,國巨元大96售13  ,0,0,0,0,0,0,0,0,0,14000,0,0,0,14000,0,14000,14000
1760,寶齡富錦        ,15000,1000,14000,0,0,0,0,0,0,0,0,0,0,0,0,0,14000
2597,潤弘            ,18000,4000,14000,0,0,0,0,0,0,0,0,0,0,0,0,0,14000
1203,味王            ,15000,1000,14000,0,0,0,0,0,0,0,0,0,0,0,0,0,14000
1615,大山            ,30000,3000,27000,0,0,0,0,0,0,-13000,0,13000,-13000,0,0,0,14000
06168P,台表科國票97售06,0,0,0,0,0,0,0,0,0,14000,0,0,0,16000,2000,14000,14000
6184,大豐電          ,14000,0,14000,0,0,0,0,0,0,0,0,0,0,0,0,0,14000
6024,群益期          ,14000,0,14000,0,0,0,0,0,0,0,0,0,0,0,0,0,14000
3701,大眾控          ,14000,0,14000,0,0,0,0,0,0,0,0,0,0,0,0,0,14000
3257,虹冠電          ,16000,2000,14000,0,0,0,0,0,0,0,0,0,0,0,0,0,14000
8499,鼎炫-KY         ,26000,4000,22000,0,0,0,0,10000,-10000,2000,4000,2000,2000,0,0,0,14000
053165,大立光群益96購03,0,0,0,0,0,0,0,0,0,13000,0,0,0,56000,43000,13000,13000
053075,欣興永豐96購01  ,0,0,0,0,0,0,0,0,0,13000,0,0,0,126000,113000,13000,13000
053018,旺宏元富96購02  ,0,0,0,0,0,0,0,0,0,13000,0,0,0,26000,13000,13000,13000
053935,華通元富96購02  ,0,0,0,0,0,0,0,0,0,13000,0,0,0,28000,15000,13000,13000
053910,嘉聯益凱基98購01,0,0,0,0,0,0,0,0,0,13000,0,0,0,13000,0,13000,13000
053898,康友群益97購01  ,0,0,0,0,0,0,0,0,0,13000,0,0,0,63000,50000,13000,13000
054524,華通元富96購03  ,0,0,0,0,0,0,0,0,0,13000,0,0,0,25000,12000,13000,13000
048941,牧德永豐94購02  ,0,0,0,0,0,0,0,0,0,13000,0,0,0,95000,82000,13000,13000
044405,材料凱基93購01  ,0,0,0,0,0,0,0,0,0,13000,0,0,0,13000,0,13000,13000
045907,鴻海中信94購02  ,0,0,0,0,0,0,0,0,0,13000,0,0,0,13000,0,13000,13000
042901,中纖元大94購01  ,0,0,0,0,0,0,0,0,0,13000,0,0,0,13000,0,13000,13000
043923,矽力凱基91購01  ,0,0,0,0,0,0,0,0,0,13000,0,0,0,13000,0,13000,13000
04382P,美律國泰95售01  ,0,0,0,0,0,0,0,0,0,13000,0,0,0,60000,47000,13000,13000
00675L,富邦臺灣加權正2 ,0,0,0,0,0,0,0,0,0,13000,0,0,0,47000,34000,13000,13000
040381,元金2X元富95購01,0,0,0,0,0,0,0,0,0,13000,0,0,0,13000,0,13000,13000
046354,聯詠群益92購02  ,0,0,0,0,0,0,0,0,0,13000,0,0,0,13000,0,13000,13000
048747,華通元富97購01  ,0,0,0,0,0,0,0,0,0,13000,0,0,0,13000,0,13000,13000
04872P,高股息中信94售01,0,0,0,0,0,0,0,0,0,13000,0,0,0,13000,0,13000,13000
048720,智易永豐94購02  ,0,0,0,0,0,0,0,0,0,13000,0,0,0,68000,55000,13000,13000
049609,全新兆豐95購01  ,0,0,0,0,0,0,0,0,0,13000,0,0,0,43000,30000,13000,13000
046866,台積電統一94購03,0,0,0,0,0,0,0,0,0,13000,0,0,0,15000,2000,13000,13000
048564,智易元大94購01  ,0,0,0,0,0,0,0,0,0,13000,0,0,0,13000,0,13000,13000
047504,滬深2X國票9A購01,0,0,0,0,0,0,0,0,0,13000,0,0,0,13000,0,13000,13000
047822,臺股指凱基93購16,0,0,0,0,0,0,0,0,0,13000,0,0,0,17000,4000,13000,13000
050073,傳奇凱基94購02  ,0,0,0,0,0,0,0,0,0,13000,0,0,0,13000,0,13000,13000
050660,欣興元大96購02  ,0,0,0,0,0,0,0,0,0,13000,0,0,0,13000,0,13000,13000
050864,亞光永豐95購01  ,0,0,0,0,0,0,0,0,0,13000,0,0,0,26000,13000,13000,13000
052380,臺股指元大95購21,0,0,0,0,0,0,0,0,0,13000,0,0,0,13000,0,13000,13000
052383,臺股指元大95購29,0,0,0,0,0,0,0,0,0,13000,0,0,0,49000,36000,13000,13000
052467,嘉聯益統一96購01,0,0,0,0,0,0,0,0,0,13000,0,0,0,64000,51000,13000,13000
052180,緯穎元大96購05  ,0,0,0,0,0,0,0,0,0,13000,0,0,0,32000,19000,13000,13000
05153P,台表科群益96售01,0,0,0,0,0,0,0,0,0,13000,0,0,0,13000,0,13000,13000
9943,好樂迪          ,16000,3000,13000,0,0,0,0,0,0,0,0,0,0,0,0,0,13000
3504,揚明光          ,38000,31000,7000,0,0,0,0,0,0,6000,0,0,0,6000,0,6000,13000
3703,欣陸            ,201000,188000,13000,0,0,0,0,0,0,0,0,0,0,0,0,0,13000
3679,新至陞          ,13000,6000,7000,0,0,0,0,0,0,6000,6000,0,6000,0,0,0,13000
4989,榮科            ,20000,7000,13000,0,0,0,0,0,0,0,0,0,0,0,0,0,13000
4916,事欣科          ,23000,10000,13000,0,0,0,0,0,0,0,0,0,0,0,0,0,13000
5608,四維航          ,14000,1000,13000,0,0,0,0,0,0,0,0,0,0,0,0,0,13000
2227,裕日車          ,25000,12000,13000,0,0,0,0,0,0,0,0,0,0,0,0,0,13000
05977P,旺宏永豐96售06  ,0,0,0,0,0,0,0,0,0,13000,0,0,0,13000,0,13000,13000
05942P,奇力新凱基96售04,0,0,0,0,0,0,0,0,0,13000,0,0,0,154000,141000,13000,13000
054349,同欣電國票97購02,0,0,0,0,0,0,0,0,0,12000,0,0,0,17000,5000,12000,12000
053989,奇力新兆豐97購01,0,0,0,0,0,0,0,0,0,12000,0,0,0,42000,30000,12000,12000
054107,上銀凱基97購01  ,0,0,0,0,0,0,0,0,0,12000,0,0,0,12000,0,12000,12000
054634,FB上証中信99購01,0,0,0,0,0,0,0,0,0,12000,0,0,0,12000,0,12000,12000
055090,國巨群益97購03  ,0,0,0,0,0,0,0,0,0,12000,0,0,0,16000,4000,12000,12000
053804,富邦金凱基96購01,0,0,0,0,0,0,0,0,0,12000,0,0,0,12000,0,12000,12000
053642,瀚宇博永豐96購01,0,0,0,0,0,0,0,0,0,12000,0,0,0,78000,66000,12000,12000
043898,可成群益92購02  ,0,0,0,0,0,0,0,0,0,12000,0,0,0,23000,11000,12000,12000
043175,傳奇國泰93購01  ,0,0,0,0,0,0,0,0,0,12000,0,0,0,12000,0,12000,12000
045680,創意元大92購06  ,0,0,0,0,0,0,0,0,0,12000,0,0,0,12000,0,12000,12000
04458P,世紀鋼統一96售01,0,0,0,0,0,0,0,0,0,12000,0,0,0,111000,99000,12000,12000
044499,中磊元大91購02  ,0,0,0,0,0,0,0,0,0,12000,0,0,0,12000,0,12000,12000
046091,健鼎兆豐92購01  ,0,0,0,0,0,0,0,0,0,12000,0,0,0,12000,0,12000,12000
046108,A50正2元大95購02,0,0,0,0,0,0,0,0,0,12000,0,0,0,26000,14000,12000,12000
046220,滬深2X元大95購03,0,0,0,0,0,0,0,0,0,12000,0,0,0,12000,0,12000,12000
04595P,臺股指元大94售13,0,0,0,0,0,0,0,0,0,12000,0,0,0,412000,400000,12000,12000
046142,康舒統一93購01  ,0,0,0,0,0,0,0,0,0,12000,0,0,0,89000,77000,12000,12000
048548,緯穎永豐93購02  ,0,0,0,0,0,0,0,0,0,12000,0,0,0,12000,0,12000,12000
047552,潤泰全凱基94購02,0,0,0,0,0,0,0,0,0,12000,0,0,0,12000,0,12000,12000
047569,世紀鋼國票94購02,0,0,0,0,0,0,0,0,0,12000,0,0,0,12000,0,12000,12000
046391,上海銀統一94購01,0,0,0,0,0,0,0,0,0,12000,0,0,0,14000,2000,12000,12000
049501,台郡元大95購01  ,0,0,0,0,0,0,0,0,0,12000,0,0,0,55000,43000,12000,12000
047036,台光電群益93購02,0,0,0,0,0,0,0,0,0,12000,0,0,0,12000,0,12000,12000
047149,聯鈞群益93購01  ,0,0,0,0,0,0,0,0,0,12000,0,0,0,37000,25000,12000,12000
051438,喬山元大95購03  ,0,0,0,0,0,0,0,0,0,12000,0,0,0,12000,0,12000,12000
051926,聯電中信97購01  ,0,0,0,0,0,0,0,0,0,12000,0,0,0,12000,0,12000,12000
051983,道瓊反元大95購01,0,0,0,0,0,0,0,0,0,12000,0,0,0,12000,0,12000,12000
052093,麗豐元大96購04  ,0,0,0,0,0,0,0,0,0,12000,0,0,0,12000,0,12000,12000
052328,台表科中信99購01,0,0,0,0,0,0,0,0,0,12000,0,0,0,211000,199000,12000,12000
052513,大立光凱基95購13,0,0,0,0,0,0,0,0,0,12000,0,0,0,12000,0,12000,12000
052660,京元電國票97購01,0,0,0,0,0,0,0,0,0,12000,0,0,0,15000,3000,12000,12000
051157,華新科富邦98購01,0,0,0,0,0,0,0,0,0,12000,0,0,0,243000,231000,12000,12000
051249,潤泰全元大95購01,0,0,0,0,0,0,0,0,0,12000,0,0,0,12000,0,12000,12000
051286,國巨統一97購01  ,0,0,0,0,0,0,0,0,0,12000,0,0,0,19000,7000,12000,12000
050564,臻鼎元富94購08  ,0,0,0,0,0,0,0,0,0,12000,0,0,0,110000,98000,12000,12000
050500,台積電凱基94購36,0,0,0,0,0,0,0,0,0,12000,0,0,0,12000,0,12000,12000
050367,鴻海元大94購20  ,0,0,0,0,0,0,0,0,0,12000,0,0,0,189000,177000,12000,12000
050377,華通第一94購01  ,0,0,0,0,0,0,0,0,0,12000,0,0,0,16000,4000,12000,12000
049998,奇力新永豐94購03,0,0,0,0,0,0,0,0,0,12000,0,0,0,22000,10000,12000,12000
05757P,旺宏永豐96售03  ,0,0,0,0,0,0,0,0,0,12000,0,0,0,12000,0,12000,12000
05811P,臺股指國票96售04,0,0,0,0,0,0,0,0,0,12000,0,0,0,12000,0,12000,12000
05667P,旺宏台新96售01  ,0,0,0,0,0,0,0,0,0,12000,0,0,0,12000,0,12000,12000
2739,寒舍            ,13000,1000,12000,0,0,0,0,0,0,0,0,0,0,0,0,0,12000
08525P,台灣50凱基96售02,0,0,0,0,0,0,0,0,0,12000,0,0,0,12000,0,12000,12000
06101P,聯發科日盛97售03,0,0,0,0,0,0,0,0,0,12000,0,0,0,55000,43000,12000,12000
1708,東鹼            ,13000,1000,12000,0,0,0,0,0,0,0,0,0,0,0,0,0,12000
1310,台苯            ,41000,63000,-22000,0,0,0,40000,6000,34000,0,0,0,0,0,0,0,12000
5305,敦南            ,37000,23000,14000,0,0,0,0,0,0,-2000,0,0,0,0,2000,-2000,12000
9924,福興            ,26000,14000,12000,0,0,0,0,0,0,0,0,0,0,0,0,0,12000
910322,康師傅-DR       ,12000,0,12000,0,0,0,0,0,0,0,0,0,0,0,0,0,12000
053649,台積電凱基97購05,0,0,0,0,0,0,0,0,0,11000,0,0,0,211000,200000,11000,11000
05273P,國巨群益95售02  ,0,0,0,0,0,0,0,0,0,11000,0,0,0,15000,4000,11000,11000
052713,智邦凱基96購01  ,0,0,0,0,0,0,0,0,0,11000,0,0,0,11000,0,11000,11000
052717,正文凱基96購01  ,0,0,0,0,0,0,0,0,0,11000,0,0,0,100000,89000,11000,11000
05281P,南亞科元大95售03,0,0,0,0,0,0,0,0,0,11000,0,0,0,14000,3000,11000,11000
053226,國巨台新97購02  ,0,0,0,0,0,0,0,0,0,11000,0,0,0,41000,30000,11000,11000
053260,喬山群益96購01  ,0,0,0,0,0,0,0,0,0,11000,0,0,0,11000,0,11000,11000
055147,鴻海元大97購11  ,0,0,0,0,0,0,0,0,0,11000,0,0,0,85000,74000,11000,11000
054589,聯鈞國泰99購01  ,0,0,0,0,0,0,0,0,0,11000,0,0,0,295000,284000,11000,11000
054594,國巨麥證97購01  ,0,0,0,21000,10000,11000,0,0,0,11000,0,0,0,21000,10000,11000,11000
054741,亞光凱基99購01  ,0,0,0,0,0,0,0,0,0,11000,0,0,0,11000,0,11000,11000
054780,中石化群益99購01,0,0,0,0,0,0,0,0,0,11000,0,0,0,11000,0,11000,11000
054092,大立光群益97購01,0,0,0,0,0,0,0,0,0,11000,0,0,0,138000,127000,11000,11000
054040,中石化元大9C購01,0,0,0,0,0,0,0,0,0,11000,0,0,0,11000,0,11000,11000
054061,晶技國票97購03  ,0,0,0,0,0,0,0,0,0,11000,0,0,0,21000,10000,11000,11000
054006,智易統一97購01  ,0,0,0,0,0,0,0,0,0,11000,0,0,0,71000,60000,11000,11000
054382,康控群益96購03  ,0,0,0,0,0,0,0,0,0,11000,0,0,0,30000,19000,11000,11000
054409,亞光國票97購02  ,0,0,0,0,0,0,0,0,0,11000,0,0,0,13000,2000,11000,11000
045181,華邦電統一92購01,0,0,0,0,0,0,0,0,0,11000,0,0,0,219000,208000,11000,11000
045352,亞光凱基92購03  ,0,0,0,0,0,0,0,0,0,11000,0,0,0,67000,56000,11000,11000
048849,光寶科群益94購01,0,0,0,0,0,0,0,0,0,11000,0,0,0,11000,0,11000,11000
048850,聯電群益96購01  ,0,0,0,0,0,0,0,0,0,11000,0,0,0,11000,0,11000,11000
044905,欣興凱基91購07  ,0,0,0,0,0,0,0,0,0,11000,0,0,0,11000,0,11000,11000
045752,全新國泰93購01  ,0,0,0,0,0,0,0,0,0,11000,0,0,0,11000,0,11000,11000
045019,臺股指元大92購13,0,0,0,0,0,0,0,0,0,11000,0,0,0,11000,0,11000,11000
044573,元大金凱基91購02,0,0,0,0,0,0,0,0,0,11000,0,0,0,11000,0,11000,11000
045698,致伸兆豐93購01  ,0,0,0,0,0,0,0,0,0,11000,0,0,0,11000,0,11000,11000
045717,微星凱基92購03  ,0,0,0,0,0,0,0,0,0,11000,0,0,0,11000,0,11000,11000
042387,台積電永昌93購02,0,0,0,0,0,0,0,0,0,11000,0,0,0,15000,4000,11000,11000
042480,創意元大91購02  ,0,0,0,0,0,0,0,0,0,11000,0,0,0,12000,1000,11000,11000
04347P,全新群益94售01  ,0,0,0,0,0,0,0,0,0,11000,0,0,0,11000,0,11000,11000
041409,創意中信93購01  ,0,0,0,0,0,0,0,0,0,11000,0,0,0,221000,210000,11000,11000
043974,亞德客元大91購02,0,0,0,0,0,0,0,0,0,11000,0,0,0,11000,0,11000,11000
04034P,技嘉群益93售03  ,0,0,0,0,0,0,0,0,0,11000,0,0,0,11000,0,11000,11000
00646,元大S&P500      ,0,10000,-10000,0,0,0,0,0,0,21000,40000,0,40000,0,19000,-19000,11000
047190,聯茂元大93購03  ,0,0,0,0,0,0,0,0,0,11000,0,0,0,11000,0,11000,11000
047477,台積電凱基93購15,0,0,0,0,0,0,0,0,0,11000,0,0,0,50000,39000,11000,11000
048184,達運群益93購01  ,0,0,0,0,0,0,0,0,0,11000,0,0,0,11000,0,11000,11000
047257,南茂群益93購01  ,0,0,0,0,0,0,0,0,0,11000,0,0,0,11000,0,11000,11000
04732P,聯茂群益94售01  ,0,0,0,0,0,0,0,0,0,11000,0,0,0,21000,10000,11000,11000
047576,技嘉群益94購01  ,0,0,0,0,0,0,0,0,0,11000,0,0,0,14000,3000,11000,11000
04987P,昇陽半永豐94售04,0,0,0,0,0,0,0,0,0,11000,0,0,0,11000,0,11000,11000
049940,臺股指元大94購21,0,0,0,0,0,0,0,0,0,11000,0,0,0,11000,0,11000,11000
048521,華通統一93購05  ,0,0,0,0,0,0,0,0,0,11000,0,0,0,11000,0,11000,11000
047528,高鐵元大93購03  ,0,0,0,0,0,0,0,0,0,11000,0,0,0,14000,3000,11000,11000
050112,高鐵元大94購02  ,0,0,0,0,0,0,0,0,0,11000,0,0,0,73000,62000,11000,11000
050312,大立光兆豐94購04,0,0,0,0,0,0,0,0,0,11000,0,0,0,11000,0,11000,11000
050350,全新群益94購04  ,0,0,0,0,0,0,0,0,0,11000,0,0,0,11000,0,11000,11000
050530,台表科元大95購04,0,0,0,0,0,0,0,0,0,11000,0,0,0,45000,34000,11000,11000
051219,大立光元富95購07,0,0,0,0,0,0,0,0,0,11000,0,0,0,42000,31000,11000,11000
051244,正崴元大95購01  ,0,0,0,0,0,0,0,0,0,11000,0,0,0,11000,0,11000,11000
051236,鴻海元大96購05  ,0,0,0,0,0,0,0,0,0,11000,0,0,0,120000,109000,11000,11000
051348,國巨元大95購07  ,0,0,0,0,0,0,0,0,0,11000,0,0,0,11000,0,11000,11000
050814,微星凱基95購01  ,0,0,0,0,0,0,0,0,0,11000,0,0,0,11000,0,11000,11000
050785,全新國泰96購01  ,0,0,0,0,0,0,0,0,0,11000,0,0,0,11000,0,11000,11000
050988,廣達富邦95購01  ,0,0,0,0,0,0,0,0,0,11000,0,0,0,42000,31000,11000,11000
052701,群創國票96購01  ,0,0,0,0,0,0,0,0,0,11000,0,0,0,11000,0,11000,11000
05230P,京元電群益95售01,0,0,0,0,0,0,0,0,0,11000,0,0,0,11000,0,11000,11000
052254,康友永豐95購03  ,0,0,0,0,0,0,0,0,0,11000,0,0,0,48000,37000,11000,11000
051702,鴻海群益95購08  ,0,0,0,0,0,0,0,0,0,11000,0,0,0,22000,11000,11000,11000
051841,南茂國泰96購01  ,0,0,0,0,0,0,0,0,0,11000,0,0,0,43000,32000,11000,11000
05141P,華通台新96售01  ,0,0,0,0,0,0,0,0,0,11000,0,0,0,19000,8000,11000,11000
05151P,台光電群益95售02,0,0,0,0,0,0,0,0,0,11000,0,0,0,21000,10000,11000,11000
051575,國巨元大96購03  ,0,0,0,0,0,0,0,0,0,11000,0,0,0,76000,65000,11000,11000
051634,大立光國票96購03,0,0,0,0,0,0,0,0,0,11000,0,0,0,18000,7000,11000,11000
051687,大立光凱基95購12,0,0,0,0,0,0,0,0,0,11000,0,0,0,11000,0,11000,11000
051688,大立光凱基97購02,0,0,0,0,0,0,0,0,0,11000,0,0,0,34000,23000,11000,11000
8261,富鼎            ,12000,9000,3000,0,0,0,0,0,0,8000,8000,0,8000,0,0,0,11000
3588,通嘉            ,120000,109000,11000,0,0,0,0,0,0,0,0,0,0,0,0,0,11000
1232,大統益          ,11000,0,11000,0,0,0,0,0,0,0,0,0,0,0,0,0,11000
1521,大億            ,12000,1000,11000,0,0,0,0,0,0,0,0,0,0,0,0,0,11000
2443,億麗            ,11000,0,11000,0,0,0,0,0,0,0,0,0,0,0,0,0,11000
05553P,智原群益96售01  ,0,0,0,0,0,0,0,0,0,11000,0,0,0,11000,0,11000,11000
054371,台積電中信9C購01,0,0,0,0,0,0,0,0,0,10000,0,0,0,32000,22000,10000,10000
054291,高鐵元大97購01  ,0,0,0,0,0,0,0,0,0,10000,0,0,0,23000,13000,10000,10000
054538,台光電國票98購01,0,0,0,0,0,0,0,0,0,10000,0,0,0,10000,0,10000,10000
054408,義隆國票98購01  ,0,0,0,0,0,0,0,0,0,10000,0,0,0,10000,0,10000,10000
053993,旺宏群益98購02  ,0,0,0,0,0,0,0,0,0,10000,0,0,0,27000,17000,10000,10000
054108,台積電凱基96購22,0,0,0,0,0,0,0,0,0,10000,0,0,0,10000,0,10000,10000
054157,國巨亞東96購01  ,0,0,0,0,0,0,0,0,0,10000,0,0,0,120000,110000,10000,10000
054198,台積電永昌96購08,0,0,0,0,0,0,0,0,0,10000,0,0,0,215000,205000,10000,10000
054182,台積電康和96購01,0,0,0,0,0,0,0,0,0,10000,0,0,0,10000,0,10000,10000
05427P,聯發科凱基96售07,0,0,0,0,0,0,0,0,0,10000,0,0,0,30000,20000,10000,10000
054271,中石化中信99購01,0,0,0,0,0,0,0,0,0,10000,0,0,0,10000,0,10000,10000
054272,華通中信98購01  ,0,0,0,0,0,0,0,0,0,10000,0,0,0,10000,0,10000,10000
054799,超眾群益98購01  ,0,0,0,0,0,0,0,0,0,10000,0,0,0,30000,20000,10000,10000
054619,昇陽半永豐97購03,0,0,0,0,0,0,0,0,0,10000,0,0,0,10000,0,10000,10000
054719,亞光永豐97購01  ,0,0,0,0,0,0,0,0,0,10000,0,0,0,10000,0,10000,10000
054743,聯鈞凱基99購01  ,0,0,0,0,0,0,0,0,0,10000,0,0,0,70000,60000,10000,10000
054662,同欣電元大97購02,0,0,0,0,0,0,0,0,0,10000,0,0,0,10000,0,10000,10000
054687,建準永豐97購02  ,0,0,0,0,0,0,0,0,0,10000,0,0,0,10000,0,10000,10000
054679,台積電康和99購01,0,0,0,0,0,0,0,0,0,10000,0,0,0,10000,0,10000,10000
055104,台達電凱基98購01,0,0,0,0,0,0,0,0,0,10000,0,0,0,10000,0,10000,10000
054964,智易元大99購01  ,0,0,0,0,0,0,0,0,0,10000,0,0,0,14000,4000,10000,10000
053240,巨路永豐96購01  ,0,0,0,0,0,0,0,0,0,10000,0,0,0,10000,0,10000,10000
053209,台積電凱基96購07,0,0,0,0,0,0,0,0,0,10000,0,0,0,10000,0,10000,10000
05320P,華通凱基96售03  ,0,0,0,0,0,0,0,0,0,10000,0,0,0,10000,0,10000,10000
053268,日月光群益96購01,0,0,0,0,0,0,0,0,0,10000,0,0,0,20000,10000,10000,10000
053339,友達國票97購02  ,0,0,0,0,0,0,0,0,0,10000,0,0,0,10000,0,10000,10000
053094,聯電統一97購02  ,0,0,0,0,0,0,0,0,0,10000,0,0,0,10000,0,10000,10000
053106,鴻海兆豐98購01  ,0,0,0,0,0,0,0,0,0,10000,0,0,0,10000,0,10000,10000
053056,同欣電國票97購01,0,0,0,0,0,0,0,0,0,10000,0,0,0,10000,0,10000,10000
05302P,華通國泰96售01  ,0,0,0,0,0,0,0,0,0,10000,0,0,0,10000,0,10000,10000
053168,晶技群益98購01  ,0,0,0,0,0,0,0,0,0,10000,0,0,0,32000,22000,10000,10000
053156,緯創元大96購02  ,0,0,0,0,0,0,0,0,0,10000,0,0,0,10000,0,10000,10000
052832,益航群益96購01  ,0,0,0,0,0,0,0,0,0,10000,0,0,0,20000,10000,10000,10000
052773,大成鋼亞東97購01,0,0,0,0,0,0,0,0,0,10000,0,0,0,10000,0,10000,10000
05274P,嘉聯益亞東95售01,0,0,0,0,0,0,0,0,0,10000,0,0,0,10000,0,10000,10000
052760,盟立群益96購01  ,0,0,0,0,0,0,0,0,0,10000,0,0,0,10000,0,10000,10000
052895,台積電群益96購04,0,0,0,0,0,0,0,0,0,10000,0,0,0,10000,0,10000,10000
052921,大成鋼永豐96購01,0,0,0,0,0,0,0,0,0,10000,0,0,0,68000,58000,10000,10000
052931,麗豐元大97購01  ,0,0,0,0,0,0,0,0,0,10000,0,0,0,93000,83000,10000,10000
052933,祥碩元大96購01  ,0,0,0,0,0,0,0,0,0,10000,0,0,0,168000,158000,10000,10000
053709,台達電凱基96購04,0,0,0,0,0,0,0,0,0,10000,0,0,0,10000,0,10000,10000
053801,台積電凱基96購18,0,0,0,0,0,0,0,0,0,10000,0,0,0,10000,0,10000,10000
053941,國巨國泰96購05  ,0,0,0,0,0,0,0,0,0,10000,0,0,0,11000,1000,10000,10000
053962,聯茂永豐96購01  ,0,0,0,0,0,0,0,0,0,10000,0,0,0,93000,83000,10000,10000
05381P,聯詠群益95售02  ,0,0,0,0,0,0,0,0,0,10000,0,0,0,10000,0,10000,10000
053648,台積電凱基97購04,0,0,0,0,0,0,0,0,0,10000,0,0,0,10000,0,10000,10000
053653,京元電凱基96購02,0,0,0,0,0,0,0,0,0,10000,0,0,0,10000,0,10000,10000
053622,臺股指群益96購08,0,0,0,0,0,0,0,0,0,10000,0,0,0,10000,0,10000,10000
053607,大立光第一96購01,0,0,0,0,0,0,0,0,0,10000,0,0,0,10000,0,10000,10000
053546,台積電凱基96購13,0,0,0,0,0,0,0,0,0,10000,0,0,0,10000,0,10000,10000
053469,光磊元大97購01  ,0,0,0,0,0,0,0,0,0,10000,0,0,0,10000,0,10000,10000
00641R,富邦日本反1     ,10000,0,10000,0,0,0,0,0,0,0,0,0,0,101000,101000,0,10000
00866,新光Shiller CAPE,0,0,0,0,0,0,0,0,0,10000,0,0,0,36000,26000,10000,10000
040380,SP黃豆元富95購02,0,0,0,0,0,0,0,0,0,10000,0,0,0,10000,0,10000,10000
04018P,亞光永豐93售01  ,0,0,0,0,0,0,0,0,0,10000,0,0,0,10000,0,10000,10000
040145,國巨凱基92購01  ,0,0,0,0,0,0,0,0,0,10000,0,0,0,20000,10000,10000,10000
03103P,聯發科元富01售02,0,0,0,0,0,0,0,0,0,10000,0,0,0,20000,10000,10000,10000
03163P,玉晶光元大01售15,0,0,0,0,0,0,0,0,0,10000,0,0,0,10000,0,10000,10000
03177P,國巨群益01售12  ,0,0,0,0,0,0,0,0,0,10000,0,0,0,10000,0,10000,10000
03290P,亞德客元大02售01,0,0,0,0,0,0,0,0,0,10000,0,0,0,10000,0,10000,10000
044043,旺宏中信91購02  ,0,0,0,0,0,0,0,0,0,10000,0,0,0,10000,0,10000,10000
044028,鴻海群益92購02  ,0,0,0,0,0,0,0,0,0,10000,0,0,0,10000,0,10000,10000
04125P,健策凱基93售05  ,0,0,0,0,0,0,0,0,0,10000,0,0,0,10000,0,10000,10000
04131P,裕隆群益93售01  ,0,0,0,0,0,0,0,0,0,10000,0,0,0,10000,0,10000,10000
04135P,亞德客元大93售04,0,0,0,0,0,0,0,0,0,10000,0,0,0,10000,0,10000,10000
043967,廣越國泰92購01  ,0,0,0,0,0,0,0,0,0,10000,0,0,0,10000,0,10000,10000
043933,訊芯永豐91購01  ,0,0,0,0,0,0,0,0,0,10000,0,0,0,12000,2000,10000,10000
043895,鴻海群益92購01  ,0,0,0,0,0,0,0,0,0,10000,0,0,0,20000,10000,10000,10000
043897,京元電群益91購02,0,0,0,0,0,0,0,0,0,10000,0,0,0,10000,0,10000,10000
04383P,泰鼎國泰95售01  ,0,0,0,0,0,0,0,0,0,10000,0,0,0,10000,0,10000,10000
040888,國泰金國票91購01,0,0,0,0,0,0,0,0,0,10000,0,0,0,10000,0,10000,10000
03636C,元油2X元富04牛01,0,0,0,0,0,0,0,0,0,10000,0,0,0,10000,0,10000,10000
03351P,台積電麥證02售07,0,0,0,0,0,0,0,0,0,10000,0,0,0,10000,0,10000,10000
043778,智原兆豐92購01  ,0,0,0,0,0,0,0,0,0,10000,0,0,0,10000,0,10000,10000
043784,鴻海凱基94購01  ,0,0,0,0,0,0,0,0,0,10000,0,0,0,10000,0,10000,10000
03754P,致茂永豐93售01  ,0,0,0,0,0,0,0,0,0,10000,0,0,0,10000,0,10000,10000
043665,和鑫元大93購01  ,0,0,0,0,0,0,0,0,0,10000,0,0,0,101000,91000,10000,10000
043695,臻鼎兆豐92購01  ,0,0,0,0,0,0,0,0,0,10000,0,0,0,10000,0,10000,10000
042352,鴻海元大91購03  ,0,0,0,0,0,0,0,0,0,10000,0,0,0,10000,0,10000,10000
042906,鴻海元大92購01  ,0,0,0,0,0,0,0,0,0,10000,0,0,0,10000,0,10000,10000
042820,上銀麥證92購01  ,0,0,0,10000,0,10000,0,0,0,10000,0,0,0,10000,0,10000,10000
042895,鴻海永昌93購03  ,0,0,0,0,0,0,0,0,0,10000,0,0,0,10000,0,10000,10000
042388,大立光永昌93購02,0,0,0,0,0,0,0,0,0,10000,0,0,0,41000,31000,10000,10000
044117,創意兆豐92購01  ,0,0,0,0,0,0,0,0,0,10000,0,0,0,10000,0,10000,10000
044118,健策兆豐93購02  ,0,0,0,0,0,0,0,0,0,10000,0,0,0,10000,0,10000,10000
044123,旺宏凱基91購06  ,0,0,0,0,0,0,0,0,0,10000,0,0,0,10000,0,10000,10000
04417P,光罩國泰95售02  ,0,0,0,0,0,0,0,0,0,10000,0,0,0,10000,0,10000,10000
044155,台積電永豐91購03,0,0,0,0,0,0,0,0,0,10000,0,0,0,10000,0,10000,10000
044156,華新科永豐91購02,0,0,0,0,0,0,0,0,0,10000,0,0,0,10000,0,10000,10000
044714,創意中信91購01  ,0,0,0,0,0,0,0,0,0,10000,0,0,0,10000,0,10000,10000
044701,欣興元大91購06  ,0,0,0,0,0,0,0,0,0,10000,0,0,0,10000,0,10000,10000
044723,瑞昱永豐91購02  ,0,0,0,0,0,0,0,0,0,10000,0,0,0,10000,0,10000,10000
044222,嘉澤凱基91購04  ,0,0,0,0,0,0,0,0,0,10000,0,0,0,10000,0,10000,10000
044801,微星凱基93購01  ,0,0,0,0,0,0,0,0,0,10000,0,0,0,10000,0,10000,10000
046248,技嘉群益93購02  ,0,0,0,0,0,0,0,0,0,10000,0,0,0,11000,1000,10000,10000
045658,儒鴻國泰93購01  ,0,0,0,0,0,0,0,0,0,10000,0,0,0,43000,33000,10000,10000
046316,大立光元大92購20,0,0,0,0,0,0,0,0,0,10000,0,0,0,10000,0,10000,10000
046263,智邦凱基92購05  ,0,0,0,0,0,0,0,0,0,10000,0,0,0,10000,0,10000,10000
046259,和大凱基92購02  ,0,0,0,0,0,0,0,0,0,10000,0,0,0,10000,0,10000,10000
046254,台表科群益92購02,0,0,0,0,0,0,0,0,0,10000,0,0,0,10000,0,10000,10000
044570,智邦凱基91購06  ,0,0,0,0,0,0,0,0,0,10000,0,0,0,10000,0,10000,10000
044591,元上證國票91購02,0,0,0,0,0,0,0,0,0,10000,0,0,0,10000,0,10000,10000
044585,聯茂元富91購04  ,0,0,0,0,0,0,0,0,0,10000,0,0,0,10000,0,10000,10000
04461P,燿華元富94售01  ,0,0,0,0,0,0,0,0,0,10000,0,0,0,10000,0,10000,10000
044622,旺宏元大92購06  ,0,0,0,0,0,0,0,0,0,10000,0,0,0,10000,0,10000,10000
045038,臻鼎群益93購01  ,0,0,0,0,0,0,0,0,0,10000,0,0,0,24000,14000,10000,10000
045029,亞德客群益92購01,0,0,0,0,0,0,0,0,0,10000,0,0,0,10000,0,10000,10000
044279,美律日盛91購02  ,0,0,0,0,0,0,0,0,0,10000,0,0,0,10000,0,10000,10000
045025,瑞昱國票92購01  ,0,0,0,0,0,0,0,0,0,10000,0,0,0,40000,30000,10000,10000
044634,致新元大91購03  ,0,0,0,0,0,0,0,0,0,10000,0,0,0,14000,4000,10000,10000
044671,台積電兆豐93購01,0,0,0,0,0,0,0,0,0,10000,0,0,0,10000,0,10000,10000
044689,超眾凱基93購03  ,0,0,0,0,0,0,0,0,0,10000,0,0,0,30000,20000,10000,10000
045894,智伸科元大92購01,0,0,0,0,0,0,0,0,0,10000,0,0,0,10000,0,10000,10000
045246,同欣電群益92購01,0,0,0,0,0,0,0,0,0,10000,0,0,0,10000,0,10000,10000
045283,上銀永豐92購01  ,0,0,0,0,0,0,0,0,0,10000,0,0,0,10000,0,10000,10000
045291,鴻海元大92購06  ,0,0,0,0,0,0,0,0,0,10000,0,0,0,10000,0,10000,10000
045293,鴻海元大94購01  ,0,0,0,0,0,0,0,0,0,10000,0,0,0,10000,0,10000,10000
045063,聯茂康和92購01  ,0,0,0,0,0,0,0,0,0,10000,0,0,0,10000,0,10000,10000
045098,世紀鋼元大92購03,0,0,0,0,0,0,0,0,0,10000,0,0,0,10000,0,10000,10000
044305,瀚宇博兆豐93購01,0,0,0,0,0,0,0,0,0,10000,0,0,0,10000,0,10000,10000
044977,華邦電國票92購01,0,0,0,0,0,0,0,0,0,10000,0,0,0,10000,0,10000,10000
044418,臻鼎統一91購01  ,0,0,0,0,0,0,0,0,0,10000,0,0,0,10000,0,10000,10000
044463,全新兆豐93購01  ,0,0,0,0,0,0,0,0,0,10000,0,0,0,20000,10000,10000,10000
044401,亞光凱基93購01  ,0,0,0,0,0,0,0,0,0,10000,0,0,0,37000,27000,10000,10000
044341,啟碁統一91購01  ,0,0,0,0,0,0,0,0,0,10000,0,0,0,10000,0,10000,10000
044349,上銀元大91購06  ,0,0,0,0,0,0,0,0,0,10000,0,0,0,10000,0,10000,10000
044898,旺宏凱基93購01  ,0,0,0,0,0,0,0,0,0,10000,0,0,0,63000,53000,10000,10000
045818,鴻海凱基93購10  ,0,0,0,0,0,0,0,0,0,10000,0,0,0,12000,2000,10000,10000
045831,國巨群益92購05  ,0,0,0,0,0,0,0,0,0,10000,0,0,0,10000,0,10000,10000
046057,致伸群益92購01  ,0,0,0,0,0,0,0,0,0,10000,0,0,0,10000,0,10000,10000
046080,同欣電凱基92購03,0,0,0,0,0,0,0,0,0,10000,0,0,0,10000,0,10000,10000
046074,佐登凱基92購01  ,0,0,0,0,0,0,0,0,0,10000,0,0,0,115000,105000,10000,10000
044852,華邦電國泰93購02,0,0,0,0,0,0,0,0,0,10000,0,0,0,11000,1000,10000,10000
044846,旺宏統一93購01  ,0,0,0,0,0,0,0,0,0,10000,0,0,0,10000,0,10000,10000
048853,凌陽群益94購01  ,0,0,0,0,0,0,0,0,0,10000,0,0,0,10000,0,10000,10000
048862,中磊群益94購01  ,0,0,0,0,0,0,0,0,0,10000,0,0,0,11000,1000,10000,10000
04888P,臺股指凱基95售03,0,0,0,0,0,0,0,0,0,10000,0,0,0,10000,0,10000,10000
048891,傳奇元富97購02  ,0,0,0,0,0,0,0,0,0,10000,0,0,0,10000,0,10000,10000
048906,強茂富邦95購01  ,0,0,0,0,0,0,0,0,0,10000,0,0,0,10000,0,10000,10000
048765,奇力新凱基94購01,0,0,0,0,0,0,0,0,0,10000,0,0,0,10000,0,10000,10000
048847,A50群益98購01   ,0,0,0,0,0,0,0,0,0,10000,0,0,0,10000,0,10000,10000
048827,大立光凱基94購01,0,0,0,0,0,0,0,0,0,10000,0,0,0,20000,10000,10000,10000
049046,同欣電兆豐94購01,0,0,0,0,0,0,0,0,0,10000,0,0,0,40000,30000,10000,10000
049047,台達電台新94購01,0,0,0,0,0,0,0,0,0,10000,0,0,0,10000,0,10000,10000
049043,新唐兆豐94購01  ,0,0,0,0,0,0,0,0,0,10000,0,0,0,40000,30000,10000,10000
049031,矽格群益94購01  ,0,0,0,0,0,0,0,0,0,10000,0,0,0,12000,2000,10000,10000
045355,聯鈞凱基92購01  ,0,0,0,0,0,0,0,0,0,10000,0,0,0,40000,30000,10000,10000
045528,宏達電永豐92購01,0,0,0,0,0,0,0,0,0,10000,0,0,0,22000,12000,10000,10000
04552P,南電元大94售06  ,0,0,0,0,0,0,0,0,0,10000,0,0,0,10000,0,10000,10000
045501,國泰金凱基92購01,0,0,0,0,0,0,0,0,0,10000,0,0,0,111000,101000,10000,10000
045624,緯穎永豐92購01  ,0,0,0,0,0,0,0,0,0,10000,0,0,0,10000,0,10000,10000
045627,聯電凱基93購03  ,0,0,0,0,0,0,0,0,0,10000,0,0,0,10000,0,10000,10000
045629,智邦凱基92購01  ,0,0,0,0,0,0,0,0,0,10000,0,0,0,10000,0,10000,10000
045607,裕隆群益92購02  ,0,0,0,0,0,0,0,0,0,10000,0,0,0,10000,0,10000,10000
045216,鴻海元大93購02  ,0,0,0,0,0,0,0,0,0,10000,0,0,0,10000,0,10000,10000
045172,欣興兆豐94購01  ,0,0,0,0,0,0,0,0,0,10000,0,0,0,10000,0,10000,10000
046148,友達中信94購01  ,0,0,0,0,0,0,0,0,0,10000,0,0,0,50000,40000,10000,10000
046181,智邦凱基92購04  ,0,0,0,0,0,0,0,0,0,10000,0,0,0,10000,0,10000,10000
046192,大立光凱基92購05,0,0,0,0,0,0,0,0,0,10000,0,0,0,10000,0,10000,10000
046004,群創統一93購02  ,0,0,0,0,0,0,0,0,0,10000,0,0,0,10000,0,10000,10000
049399,台光電群益94購02,0,0,0,0,0,0,0,0,0,10000,0,0,0,30000,20000,10000,10000
048488,大立光富邦93購05,0,0,0,0,0,0,0,0,0,10000,0,0,0,10000,0,10000,10000
048553,光磊元大93購03  ,0,0,0,0,0,0,0,0,0,10000,0,0,0,10000,0,10000,10000
048667,旺宏永豐94購02  ,0,0,0,0,0,0,0,0,0,10000,0,0,0,23000,13000,10000,10000
047794,臺股指群益93購05,0,0,0,0,0,0,0,0,0,10000,0,0,0,10000,0,10000,10000
047811,聯發科凱基93購23,0,0,0,0,0,0,0,0,0,10000,0,0,0,10000,0,10000,10000
047939,亞德客國票93購02,0,0,0,0,0,0,0,0,0,10000,0,0,0,11000,1000,10000,10000
047677,亞德客台新93購01,0,0,0,0,0,0,0,0,0,10000,0,0,0,10000,0,10000,10000
047685,嘉聯益國泰95購01,0,0,0,0,0,0,0,0,0,10000,0,0,0,170000,160000,10000,10000
048267,元金反中信93購01,0,0,0,0,0,0,0,0,0,10000,0,0,0,10000,0,10000,10000
048291,台積電群益93購09,0,0,0,0,0,0,0,0,0,10000,0,0,0,49000,39000,10000,10000
048321,欣興凱基93購03  ,0,0,0,0,0,0,0,0,0,10000,0,0,0,12000,2000,10000,10000
048298,華通麥證94購01  ,0,0,0,10000,0,10000,0,0,0,10000,0,0,0,10000,0,10000,10000
049645,台積電凱基94購22,0,0,0,0,0,0,0,0,0,10000,0,0,0,10000,0,10000,10000
047580,TPK群益94購01   ,0,0,0,0,0,0,0,0,0,10000,0,0,0,30000,20000,10000,10000
047621,TPK凱基94購01   ,0,0,0,0,0,0,0,0,0,10000,0,0,0,10000,0,10000,10000
049723,緯穎凱基94購04  ,0,0,0,0,0,0,0,0,0,10000,0,0,0,10000,0,10000,10000
049743,全新台新94購01  ,0,0,0,0,0,0,0,0,0,10000,0,0,0,10000,0,10000,10000
049595,麗豐元大95購01  ,0,0,0,0,0,0,0,0,0,10000,0,0,0,36000,26000,10000,10000
049581,國巨元大94購08  ,0,0,0,0,0,0,0,0,0,10000,0,0,0,10000,0,10000,10000
049620,美食群益94購01  ,0,0,0,0,0,0,0,0,0,10000,0,0,0,10000,0,10000,10000
046590,同欣電元大92購02,0,0,0,0,0,0,0,0,0,10000,0,0,0,10000,0,10000,10000
046597,可成亞東93購01  ,0,0,0,0,0,0,0,0,0,10000,0,0,0,10000,0,10000,10000
048086,鴻海凱基93購33  ,0,0,0,0,0,0,0,0,0,10000,0,0,0,14000,4000,10000,10000
049413,台達電凱基94購06,0,0,0,0,0,0,0,0,0,10000,0,0,0,10000,0,10000,10000
049315,上緯控凱基94購03,0,0,0,0,0,0,0,0,0,10000,0,0,0,10000,0,10000,10000
049333,深中小統一94購03,0,0,0,0,0,0,0,0,0,10000,0,0,0,10000,0,10000,10000
049152,大立光元大95購06,0,0,0,0,0,0,0,0,0,10000,0,0,0,13000,3000,10000,10000
048148,欣興元富93購02  ,0,0,0,0,0,0,0,0,0,10000,0,0,0,50000,40000,10000,10000
046562,大立光凱基95購01,0,0,0,0,0,0,0,0,0,10000,0,0,0,10000,0,10000,10000
046506,全新元大92購05  ,0,0,0,0,0,0,0,0,0,10000,0,0,0,10000,0,10000,10000
046514,群創元大92購12  ,0,0,0,0,0,0,0,0,0,10000,0,0,0,10000,0,10000,10000
048708,智邦亞東94購01  ,0,0,0,0,0,0,0,0,0,10000,0,0,0,10000,0,10000,10000
048080,元石油凱基96購01,0,0,0,0,0,0,0,0,0,10000,0,0,0,10000,0,10000,10000
04802P,國巨凱基94售07  ,0,0,0,0,0,0,0,0,0,10000,0,0,0,10000,0,10000,10000
046564,聯詠凱基92購09  ,0,0,0,0,0,0,0,0,0,10000,0,0,0,20000,10000,10000,10000
048452,緯創凱基93購04  ,0,0,0,0,0,0,0,0,0,10000,0,0,0,230000,220000,10000,10000
047727,拓凱群益94購01  ,0,0,0,0,0,0,0,0,0,10000,0,0,0,10000,0,10000,10000
047733,友達兆豐95購01  ,0,0,0,0,0,0,0,0,0,10000,0,0,0,30000,20000,10000,10000
047724,智邦群益93購03  ,0,0,0,0,0,0,0,0,0,10000,0,0,0,10000,0,10000,10000
047768,大立光元大95購01,0,0,0,0,0,0,0,0,0,10000,0,0,0,15000,5000,10000,10000
04741P,台積電統一94售10,0,0,0,0,0,0,0,0,0,10000,0,0,0,10000,0,10000,10000
047412,鴻海永昌93購05  ,0,0,0,0,0,0,0,0,0,10000,0,0,0,10000,0,10000,10000
046926,易華電國泰94購02,0,0,0,0,0,0,0,0,0,10000,0,0,0,10000,0,10000,10000
046944,奇力新元大96購01,0,0,0,0,0,0,0,0,0,10000,0,0,0,16000,6000,10000,10000
047248,奇鋐群益95購01  ,0,0,0,0,0,0,0,0,0,10000,0,0,0,10000,0,10000,10000
049225,達方國票94購01  ,0,0,0,0,0,0,0,0,0,10000,0,0,0,10000,0,10000,10000
047038,亞光群益93購01  ,0,0,0,0,0,0,0,0,0,10000,0,0,0,60000,50000,10000,10000
047095,聯詠麥證93購01  ,0,0,0,68000,65000,3000,0,0,0,10000,0,0,0,75000,65000,10000,10000
047087,亞泥元富93購01  ,0,0,0,0,0,0,0,0,0,10000,0,0,0,60000,50000,10000,10000
047114,全新元大94購01  ,0,0,0,0,0,0,0,0,0,10000,0,0,0,10000,0,10000,10000
046393,瀚宇博元富92購01,0,0,0,0,0,0,0,0,0,10000,0,0,0,10000,0,10000,10000
046450,鴻海凱基93購12  ,0,0,0,0,0,0,0,0,0,10000,0,0,0,10000,0,10000,10000
046456,聯發科凱基92購08,0,0,0,0,0,0,0,0,0,10000,0,0,0,12000,2000,10000,10000
046413,大立光元大92購22,0,0,0,0,0,0,0,0,0,10000,0,0,0,10000,0,10000,10000
051581,聯發科元大95購12,0,0,0,0,0,0,0,0,0,10000,0,0,0,10000,0,10000,10000
051521,大立光凱基96購07,0,0,0,0,0,0,0,0,0,10000,0,0,0,10000,0,10000,10000
05150P,玉晶光第一95售01,0,0,0,0,0,0,0,0,0,10000,0,0,0,10000,0,10000,10000
051503,玉晶光統一97購01,0,0,0,0,0,0,0,0,0,10000,0,0,0,10000,0,10000,10000
051458,臺股指元大95購18,0,0,0,0,0,0,0,0,0,10000,0,0,0,10000,0,10000,10000
051442,正崴元大95購02  ,0,0,0,0,0,0,0,0,0,10000,0,0,0,10000,0,10000,10000
051413,富邦金國票96購02,0,0,0,0,0,0,0,0,0,10000,0,0,0,10000,0,10000,10000
051386,富邦金麥證96購01,0,0,0,20000,10000,10000,0,0,0,10000,0,0,0,20000,10000,10000,10000
051379,新光金群益95購01,0,0,0,0,0,0,0,0,0,10000,0,0,0,10000,0,10000,10000
051381,玉晶光群益98購01,0,0,0,0,0,0,0,0,0,10000,0,0,0,10000,0,10000,10000
051781,緯穎群益96購01  ,0,0,0,0,0,0,0,0,0,10000,0,0,0,78000,68000,10000,10000
051786,A50正2國票95購02,0,0,0,0,0,0,0,0,0,10000,0,0,0,10000,0,10000,10000
051704,智邦群益95購02  ,0,0,0,0,0,0,0,0,0,10000,0,0,0,10000,0,10000,10000
051693,華新科統一95購02,0,0,0,0,0,0,0,0,0,10000,0,0,0,10000,0,10000,10000
051717,祥碩康和95購01  ,0,0,0,0,0,0,0,0,0,10000,0,0,0,29000,19000,10000,10000
051730,為升國票96購02  ,0,0,0,0,0,0,0,0,0,10000,0,0,0,30000,20000,10000,10000
05194P,玉晶光康和95售01,0,0,0,0,0,0,0,0,0,10000,0,0,0,10000,0,10000,10000
051909,潤泰全元大95購02,0,0,0,0,0,0,0,0,0,10000,0,0,0,10000,0,10000,10000
051873,緯穎凱基95購02  ,0,0,0,0,0,0,0,0,0,10000,0,0,0,43000,33000,10000,10000
052264,台達電亞東96購01,0,0,0,0,0,0,0,0,0,10000,0,0,0,10000,0,10000,10000
052355,為升永豐95購02  ,0,0,0,0,0,0,0,0,0,10000,0,0,0,35000,25000,10000,10000
052037,全新國泰96購02  ,0,0,0,0,0,0,0,0,0,10000,0,0,0,10000,0,10000,10000
052156,滬深2X永豐95購03,0,0,0,0,0,0,0,0,0,10000,0,0,0,10000,0,10000,10000
052149,電子類群益95購01,0,0,0,0,0,0,0,0,0,10000,0,0,0,10000,0,10000,10000
052641,聯詠台新96購01  ,0,0,0,0,0,0,0,0,0,10000,0,0,0,10000,0,10000,10000
052608,欣興元大97購01  ,0,0,0,0,0,0,0,0,0,10000,0,0,0,73000,63000,10000,10000
052581,訊芯元富98購01  ,0,0,0,0,0,0,0,0,0,10000,0,0,0,56000,46000,10000,10000
052578,大立光統一97購01,0,0,0,0,0,0,0,0,0,10000,0,0,0,11000,1000,10000,10000
052391,瑞儀群益95購01  ,0,0,0,0,0,0,0,0,0,10000,0,0,0,50000,40000,10000,10000
052426,國巨台新96購01  ,0,0,0,0,0,0,0,0,0,10000,0,0,0,10000,0,10000,10000
052414,聯電麥證95購01  ,0,0,0,30000,20000,10000,0,0,0,10000,0,0,0,30000,20000,10000,10000
05098P,鴻海凱基95售15  ,0,0,0,0,0,0,0,0,0,10000,0,0,0,10000,0,10000,10000
051009,緯創麥證95購01  ,0,0,0,10000,0,10000,0,0,0,10000,0,0,0,10000,0,10000,10000
051036,喬山台新95購01  ,0,0,0,0,0,0,0,0,0,10000,0,0,0,10000,0,10000,10000
050883,嘉聯益國泰96購01,0,0,0,0,0,0,0,0,0,10000,0,0,0,40000,30000,10000,10000
050893,鴻海元大96購03  ,0,0,0,0,0,0,0,0,0,10000,0,0,0,110000,100000,10000,10000
050934,喬山國票96購01  ,0,0,0,0,0,0,0,0,0,10000,0,0,0,10000,0,10000,10000
050796,燿華中信95購01  ,0,0,0,0,0,0,0,0,0,10000,0,0,0,10000,0,10000,10000
050805,光寶科日盛95購01,0,0,0,0,0,0,0,0,0,10000,0,0,0,10000,0,10000,10000
050842,旺宏國票97購01  ,0,0,0,0,0,0,0,0,0,10000,0,0,0,10000,0,10000,10000
050737,聯詠康和94購01  ,0,0,0,0,0,0,0,0,0,10000,0,0,0,20000,10000,10000,10000
051360,緯創元大95購03  ,0,0,0,0,0,0,0,0,0,10000,0,0,0,20000,10000,10000,10000
051313,緯創麥證95購02  ,0,0,0,20000,10000,10000,0,0,0,10000,0,0,0,20000,10000,10000,10000
051306,嘉聯益凱基96購01,0,0,0,0,0,0,0,0,0,10000,0,0,0,10000,0,10000,10000
051196,喬山麥證95購01  ,0,0,0,10000,0,10000,0,0,0,10000,0,0,0,10000,0,10000,10000
050540,台積電凱基94購38,0,0,0,0,0,0,0,0,0,10000,0,0,0,10000,0,10000,10000
050538,鴻海凱基95購06  ,0,0,0,0,0,0,0,0,0,10000,0,0,0,10000,0,10000,10000
050572,大立光中信97購01,0,0,0,0,0,0,0,0,0,10000,0,0,0,10000,0,10000,10000
050645,台積電凱基94購39,0,0,0,0,0,0,0,0,0,10000,0,0,0,10000,0,10000,10000
050669,嘉晶永豐96購01  ,0,0,0,0,0,0,0,0,0,10000,0,0,0,10000,0,10000,10000
050675,奇鋐富邦96購01  ,0,0,0,0,0,0,0,0,0,10000,0,0,0,10000,0,10000,10000
050615,奇力新元大95購03,0,0,0,0,0,0,0,0,0,10000,0,0,0,10000,0,10000,10000
050616,潤泰全元大94購01,0,0,0,0,0,0,0,0,0,10000,0,0,0,58000,48000,10000,10000
050595,緯穎永豐94購03  ,0,0,0,0,0,0,0,0,0,10000,0,0,0,10000,0,10000,10000
050339,鴻海統一94購06  ,0,0,0,0,0,0,0,0,0,10000,0,0,0,10000,0,10000,10000
050329,超眾永豐94購03  ,0,0,0,0,0,0,0,0,0,10000,0,0,0,10000,0,10000,10000
050389,鴻海統一95購04  ,0,0,0,0,0,0,0,0,0,10000,0,0,0,10000,0,10000,10000
050454,嘉澤元大94購04  ,0,0,0,0,0,0,0,0,0,10000,0,0,0,55000,45000,10000,10000
050455,貿聯元大94購02  ,0,0,0,0,0,0,0,0,0,10000,0,0,0,10000,0,10000,10000
050434,富邦金凱基94購02,0,0,0,0,0,0,0,0,0,10000,0,0,0,10000,0,10000,10000
050293,強茂凱基94購01  ,0,0,0,0,0,0,0,0,0,10000,0,0,0,60000,50000,10000,10000
050288,台積電凱基94購32,0,0,0,0,0,0,0,0,0,10000,0,0,0,10000,0,10000,10000
05015P,臺股指元大95售06,0,0,0,0,0,0,0,0,0,10000,0,0,0,40000,30000,10000,10000
050130,華新科凱基94購09,0,0,0,0,0,0,0,0,0,10000,0,0,0,20000,10000,10000,10000
050008,超眾永豐94購02  ,0,0,0,0,0,0,0,0,0,10000,0,0,0,10000,0,10000,10000
050040,鴻海中信94購04  ,0,0,0,0,0,0,0,0,0,10000,0,0,0,20000,10000,10000,10000
05555P,健策群益98售01  ,0,0,0,0,0,0,0,0,0,10000,0,0,0,11000,1000,10000,10000
05587P,鴻海凱基96售12  ,0,0,0,0,0,0,0,0,0,10000,0,0,0,173000,163000,10000,10000
055217,緯創凱基97購02  ,0,0,0,0,0,0,0,0,0,10000,0,0,0,20000,10000,10000,10000
05521P,創意永豐96售01  ,0,0,0,0,0,0,0,0,0,10000,0,0,0,10000,0,10000,10000
05891P,聯發科中信98售03,0,0,0,0,0,0,0,0,0,10000,0,0,0,10000,0,10000,10000
06026P,華通台新97售01  ,0,0,0,0,0,0,0,0,0,10000,0,0,0,35000,25000,10000,10000
06034P,世芯凱基96售03  ,0,0,0,0,0,0,0,0,0,10000,0,0,0,12000,2000,10000,10000
2243,宏旭-KY         ,11000,1000,10000,0,0,0,0,0,0,0,0,0,0,0,0,0,10000
2030,彰源            ,10000,0,10000,0,0,0,0,0,0,0,0,0,0,0,0,0,10000
2103,台橡            ,82000,88000,-6000,0,0,0,0,0,0,16000,16000,0,16000,0,0,0,10000
2374,佳能            ,33000,23000,10000,0,0,0,0,0,0,0,0,0,0,0,0,0,10000
1526,日馳            ,12000,2000,10000,0,0,0,0,0,0,0,0,0,0,0,0,0,10000
1707,葡萄王          ,29000,19000,10000,0,0,0,0,0,0,0,0,0,0,0,0,0,10000
06128P,玉晶光元富97售05,0,0,0,0,0,0,0,0,0,10000,0,0,0,10000,0,10000,10000
08866P,旭富元大01售01  ,0,0,0,0,0,0,0,0,0,10000,0,0,0,12000,2000,10000,10000
06159P,牧德元富97售02  ,0,0,0,0,0,0,0,0,0,10000,0,0,0,10000,0,10000,10000
5533,皇鼎            ,16000,6000,10000,0,0,0,0,0,0,0,0,0,0,0,0,0,10000
4144,康聯-KY         ,11000,1000,10000,0,0,0,0,0,0,0,0,0,0,0,0,0,10000
9908,大台北          ,23000,13000,10000,0,0,0,0,0,0,0,0,0,0,0,0,0,10000
9136,巨騰-DR         ,10000,0,10000,0,0,0,0,0,0,0,0,0,0,0,0,0,10000
008201,BP上證50        ,0,0,0,0,0,0,0,0,0,9500,0,0,0,9500,0,9500,9500
053439,台積電凱基96購11,0,0,0,0,0,0,0,0,0,9000,0,0,0,53000,44000,9000,9000
053357,可成統一96購02  ,0,0,0,0,0,0,0,0,0,9000,0,0,0,50000,41000,9000,9000
053407,台積電兆豐96購02,0,0,0,0,0,0,0,0,0,9000,0,0,0,17000,8000,9000,9000
053388,群創元大9C購02  ,0,0,0,0,0,0,0,0,0,9000,0,0,0,616000,607000,9000,9000
053500,新日興兆豐97購01,0,0,0,0,0,0,0,0,0,9000,0,0,0,436000,427000,9000,9000
053592,亞光元大96購01  ,0,0,0,0,0,0,0,0,0,9000,0,0,0,32000,23000,9000,9000
052702,群創國票97購03  ,0,0,0,0,0,0,0,0,0,9000,0,0,0,19000,10000,9000,9000
053048,同欣電麥證96購01,0,0,0,59000,50000,9000,0,0,0,9000,0,0,0,59000,50000,9000,9000
053267,華新科群益96購02,0,0,0,0,0,0,0,0,0,9000,0,0,0,20000,11000,9000,9000
053213,建準凱基96購02  ,0,0,0,0,0,0,0,0,0,9000,0,0,0,15000,6000,9000,9000
055107,旺宏凱基98購04  ,0,0,0,0,0,0,0,0,0,9000,0,0,0,9000,0,9000,9000
054624,台積電凱基98購03,0,0,0,0,0,0,0,0,0,9000,0,0,0,12000,3000,9000,9000
054635,台達電中信98購01,0,0,0,0,0,0,0,0,0,9000,0,0,0,10000,1000,9000,9000
054648,智原群益98購01  ,0,0,0,0,0,0,0,0,0,9000,0,0,0,64000,55000,9000,9000
05421P,鴻海元大96售12  ,0,0,0,0,0,0,0,0,0,9000,0,0,0,814000,805000,9000,9000
054096,佳世達國票97購01,0,0,0,0,0,0,0,0,0,9000,0,0,0,9000,0,9000,9000
054383,傳奇群益97購01  ,0,0,0,0,0,0,0,0,0,9000,0,0,0,30000,21000,9000,9000
03148P,聯電群益03售04  ,0,0,0,0,0,0,0,0,0,9000,0,0,0,9000,0,9000,9000
03528P,日月光凱基02售02,0,0,0,0,0,0,0,0,0,9000,0,0,0,9000,0,9000,9000
043843,台積電元富91購01,0,0,0,0,0,0,0,0,0,9000,0,0,0,9000,0,9000,9000
046333,康友元大92購05  ,0,0,0,0,0,0,0,0,0,9000,0,0,0,41000,32000,9000,9000
044764,聯茂凱基93購03  ,0,0,0,0,0,0,0,0,0,9000,0,0,0,26000,17000,9000,9000
043269,GIS麥證92購01   ,0,0,0,9000,0,9000,0,0,0,9000,0,0,0,9000,0,9000,9000
043231,鴻海中信95購01  ,0,0,0,0,0,0,0,0,0,9000,0,0,0,10000,1000,9000,9000
04146P,可成凱基93售14  ,0,0,0,0,0,0,0,0,0,9000,0,0,0,9000,0,9000,9000
048857,晶豪科群益94購01,0,0,0,0,0,0,0,0,0,9000,0,0,0,14000,5000,9000,9000
048843,台郡凱基94購01  ,0,0,0,0,0,0,0,0,0,9000,0,0,0,32000,23000,9000,9000
045782,欣興元大93購04  ,0,0,0,0,0,0,0,0,0,9000,0,0,0,177000,168000,9000,9000
044285,鴻海凱基93購06  ,0,0,0,0,0,0,0,0,0,9000,0,0,0,10000,1000,9000,9000
04772P,欣興元大94售08  ,0,0,0,0,0,0,0,0,0,9000,0,0,0,10000,1000,9000,9000
048175,矽力國泰95購01  ,0,0,0,0,0,0,0,0,0,9000,0,0,0,9000,0,9000,9000
047317,聯詠元大93購06  ,0,0,0,0,0,0,0,0,0,9000,0,0,0,10000,1000,9000,9000
048739,華新科統一94購02,0,0,0,0,0,0,0,0,0,9000,0,0,0,20000,11000,9000,9000
049362,國巨元大94購04  ,0,0,0,0,0,0,0,0,0,9000,0,0,0,16000,7000,9000,9000
047916,台積電凱基93購22,0,0,0,0,0,0,0,0,0,9000,0,0,0,9000,0,9000,9000
050052,致伸群益94購04  ,0,0,0,0,0,0,0,0,0,9000,0,0,0,20000,11000,9000,9000
050149,東元群益94購01  ,0,0,0,0,0,0,0,0,0,9000,0,0,0,11000,2000,9000,9000
050663,麗豐元大96購03  ,0,0,0,0,0,0,0,0,0,9000,0,0,0,92000,83000,9000,9000
050512,台泥元大94購01  ,0,0,0,0,0,0,0,0,0,9000,0,0,0,109000,100000,9000,9000
05118P,超眾元大96售04  ,0,0,0,0,0,0,0,0,0,9000,0,0,0,29000,20000,9000,9000
050760,矽力元富94購03  ,0,0,0,0,0,0,0,0,0,9000,0,0,0,88000,79000,9000,9000
050932,台塑國票96購01  ,0,0,0,0,0,0,0,0,0,9000,0,0,0,9000,0,9000,9000
050917,瀚宇博兆豐96購01,0,0,0,0,0,0,0,0,0,9000,0,0,0,9000,0,9000,9000
052580,高鐵元富96購01  ,0,0,0,0,0,0,0,0,0,9000,0,0,0,20000,11000,9000,9000
052573,智伸科凱基97購01,0,0,0,0,0,0,0,0,0,9000,0,0,0,14000,5000,9000,9000
052327,聯詠中信95購03  ,0,0,0,0,0,0,0,0,0,9000,0,0,0,10000,1000,9000,9000
051872,矽力凱基96購01  ,0,0,0,0,0,0,0,0,0,9000,0,0,0,64000,55000,9000,9000
051972,廣達凱基95購02  ,0,0,0,0,0,0,0,0,0,9000,0,0,0,9000,0,9000,9000
052004,泰碩國泰97購03  ,0,0,0,0,0,0,0,0,0,9000,0,0,0,52000,43000,9000,9000
052011,欣興中信96購01  ,0,0,0,0,0,0,0,0,0,9000,0,0,0,9000,0,9000,9000
051449,玉晶光元大96購01,0,0,0,0,0,0,0,0,0,9000,0,0,0,9000,0,9000,9000
051516,全新凱基96購02  ,0,0,0,0,0,0,0,0,0,9000,0,0,0,9000,0,9000,9000
6281,全國電          ,9000,0,9000,0,0,0,0,0,0,0,0,0,0,0,0,0,9000
9938,百和            ,194000,442000,-248000,0,0,0,15000,0,15000,242000,11000,3000,8000,253000,19000,234000,9000
5007,三星            ,9000,0,9000,0,0,0,0,0,0,0,0,0,0,0,0,0,9000
3167,大量            ,19000,6000,13000,0,0,0,0,4000,-4000,0,0,0,0,0,0,0,9000
06105P,國巨國票98售02  ,0,0,0,0,0,0,0,0,0,9000,0,0,0,32000,23000,9000,9000
1734,杏輝            ,14000,5000,9000,0,0,0,0,0,0,0,0,0,0,0,0,0,9000
1535,中宇            ,9000,0,9000,0,0,0,0,0,0,0,0,0,0,0,0,0,9000
2362,藍天            ,88000,79000,9000,0,0,0,0,0,0,0,0,0,0,0,0,0,9000
1773,勝一            ,12000,3000,9000,0,0,0,0,0,0,0,0,0,0,0,0,0,9000
1786,科妍            ,15000,6000,9000,0,0,0,0,0,0,0,0,0,0,0,0,0,9000
055321,大立光國票98購02,0,0,0,0,0,0,0,0,0,9000,0,0,0,9000,0,9000,9000
054336,台積電統一96購11,0,0,0,0,0,0,0,0,0,8000,0,0,0,10000,2000,8000,8000
053976,亞光元大96購02  ,0,0,0,0,0,0,0,0,0,8000,0,0,0,28000,20000,8000,8000
054025,鴻海凱基96購17  ,0,0,0,0,0,0,0,0,0,8000,0,0,0,8000,0,8000,8000
05402P,台郡永豐95售02  ,0,0,0,0,0,0,0,0,0,8000,0,0,0,76000,68000,8000,8000
054672,華新科國泰99購01,0,0,0,0,0,0,0,0,0,8000,0,0,0,26000,18000,8000,8000
054759,台化國票98購01  ,0,0,0,0,0,0,0,0,0,8000,0,0,0,16000,8000,8000,8000
054887,大毅統一98購01  ,0,0,0,0,0,0,0,0,0,8000,0,0,0,10000,2000,8000,8000
055106,台積電凱基98購05,0,0,0,0,0,0,0,0,0,8000,0,0,0,20000,12000,8000,8000
053319,可成群益96購04  ,0,0,0,0,0,0,0,0,0,8000,0,0,0,60000,52000,8000,8000
052729,國巨國泰97購03  ,0,0,0,0,0,0,0,0,0,8000,0,0,0,10000,2000,8000,8000
052974,瀚宇博群益96購01,0,0,0,0,0,0,0,0,0,8000,0,0,0,64000,56000,8000,8000
053520,康友群益96購01  ,0,0,0,0,0,0,0,0,0,8000,0,0,0,26000,18000,8000,8000
053547,台積電凱基96購14,0,0,0,0,0,0,0,0,0,8000,0,0,0,20000,12000,8000,8000
053347,茂林國票98購01  ,0,0,0,0,0,0,0,0,0,8000,0,0,0,71000,63000,8000,8000
053937,光磊元富96購01  ,0,0,0,0,0,0,0,0,0,8000,0,0,0,8000,0,8000,8000
053738,群創麥證96購01  ,0,0,0,120000,112000,8000,0,0,0,8000,0,0,0,120000,112000,8000,8000
053721,國泰金凱基97購01,0,0,0,0,0,0,0,0,0,8000,0,0,0,10000,2000,8000,8000
044525,台郡凱基91購03  ,0,0,0,0,0,0,0,0,0,8000,0,0,0,40000,32000,8000,8000
044845,台積電統一91購11,0,0,0,0,0,0,0,0,0,8000,0,0,0,8000,0,8000,8000
044879,上証2X群益93購01,0,0,0,0,0,0,0,0,0,8000,0,0,0,10000,2000,8000,8000
044376,日月光兆豐92購01,0,0,0,0,0,0,0,0,0,8000,0,0,0,8000,0,8000,8000
045975,祥碩凱基93購04  ,0,0,0,0,0,0,0,0,0,8000,0,0,0,75000,67000,8000,8000
045615,樺漢群益92購01  ,0,0,0,0,0,0,0,0,0,8000,0,0,0,8000,0,8000,8000
04174P,上銀群益93售06  ,0,0,0,0,0,0,0,0,0,8000,0,0,0,31000,23000,8000,8000
044815,宏碁兆豐93購01  ,0,0,0,0,0,0,0,0,0,8000,0,0,0,8000,0,8000,8000
00700,富邦恒生國企    ,0,0,0,0,0,0,0,0,0,8000,0,0,0,108000,100000,8000,8000
04782P,智伸科統一96售01,0,0,0,0,0,0,0,0,0,8000,0,0,0,8000,0,8000,8000
048293,聯詠群益93購04  ,0,0,0,0,0,0,0,0,0,8000,0,0,0,30000,22000,8000,8000
047982,奇力新群益93購05,0,0,0,0,0,0,0,0,0,8000,0,0,0,8000,0,8000,8000
049261,大立光元大94購08,0,0,0,0,0,0,0,0,0,8000,0,0,0,13000,5000,8000,8000
046730,瀚宇博元大93購02,0,0,0,0,0,0,0,0,0,8000,0,0,0,10000,2000,8000,8000
049920,大立光元大94購15,0,0,0,0,0,0,0,0,0,8000,0,0,0,8000,0,8000,8000
049797,台積電元大94購17,0,0,0,0,0,0,0,0,0,8000,0,0,0,8000,0,8000,8000
047251,麗豐群益93購01  ,0,0,0,0,0,0,0,0,0,8000,0,0,0,10000,2000,8000,8000
047290,台積電元富93購04,0,0,0,0,0,0,0,0,0,8000,0,0,0,10000,2000,8000,8000
046927,上銀富邦95購01  ,0,0,0,0,0,0,0,0,0,8000,0,0,0,12000,4000,8000,8000
046916,欣興台新93購01  ,0,0,0,0,0,0,0,0,0,8000,0,0,0,51000,43000,8000,8000
049487,智邦元大94購03  ,0,0,0,0,0,0,0,0,0,8000,0,0,0,8000,0,8000,8000
051482,玉晶光凱基96購01,0,0,0,0,0,0,0,0,0,8000,0,0,0,38000,30000,8000,8000
051564,和碩國泰96購01  ,0,0,0,0,0,0,0,0,0,8000,0,0,0,82000,74000,8000,8000
052009,群創第一95購01  ,0,0,0,0,0,0,0,0,0,8000,0,0,0,37000,29000,8000,8000
052367,聯茂國票96購02  ,0,0,0,0,0,0,0,0,0,8000,0,0,0,8000,0,8000,8000
052533,聯發科國泰96購03,0,0,0,0,0,0,0,0,0,8000,0,0,0,110000,102000,8000,8000
050765,鴻海元大96購02  ,0,0,0,0,0,0,0,0,0,8000,0,0,0,533000,525000,8000,8000
050618,緯創元大95購01  ,0,0,0,0,0,0,0,0,0,8000,0,0,0,18000,10000,8000,8000
050469,聯電台新94購01  ,0,0,0,0,0,0,0,0,0,8000,0,0,0,8000,0,8000,8000
050216,奇力新永豐94購04,0,0,0,0,0,0,0,0,0,8000,0,0,0,8000,0,8000,8000
055322,欣興國票97購06  ,0,0,0,0,0,0,0,0,0,8000,0,0,0,14000,6000,8000,8000
055356,大立光凱基97購06,0,0,0,0,0,0,0,0,0,8000,0,0,0,28000,20000,8000,8000
05607P,華通日盛96售01  ,0,0,0,0,0,0,0,0,0,8000,0,0,0,70000,62000,8000,8000
05601P,鴻海元大97售04  ,0,0,0,0,0,0,0,0,0,8000,0,0,0,245000,237000,8000,8000
055402,正文元富97購02  ,0,0,0,0,0,0,0,0,0,8000,0,0,0,170000,162000,8000,8000
2466,冠西電          ,10000,2000,8000,0,0,0,0,0,0,0,0,0,0,0,0,0,8000
1713,國化            ,18000,10000,8000,0,0,0,0,0,0,0,0,0,0,0,0,0,8000
06107P,美律群益98售02  ,0,0,0,0,0,0,0,0,0,8000,0,0,0,25000,17000,8000,8000
06052P,台郡國票97售06  ,0,0,0,0,0,0,0,0,0,8000,0,0,0,25000,17000,8000,8000
06163P,聯詠群益97售01  ,0,0,0,0,0,0,0,0,0,8000,0,0,0,8000,0,8000,8000
3013,晟銘電          ,8000,0,8000,0,0,0,0,0,0,0,0,0,0,0,0,0,8000
6165,捷泰            ,18000,10000,8000,0,0,0,0,0,0,0,0,0,0,0,0,0,8000
4438,廣越            ,21000,13000,8000,0,0,0,0,0,0,0,1000,0,1000,0,1000,-1000,8000
4766,南寶            ,18000,10000,8000,0,0,0,0,0,0,0,0,0,0,0,0,0,8000
6214,精誠            ,43000,35000,8000,0,0,0,0,0,0,0,0,0,0,0,0,0,8000
9103,美德醫療-DR     ,8000,0,8000,0,0,0,0,0,0,0,0,0,0,0,0,0,8000
8427,基勝-KY         ,8000,0,8000,0,0,0,0,0,0,0,0,0,0,0,0,0,8000
053885,全新兆豐96購01  ,0,0,0,0,0,0,0,0,0,7000,0,0,0,87000,80000,7000,7000
052910,鴻海統一96購10  ,0,0,0,0,0,0,0,0,0,7000,0,0,0,56000,49000,7000,7000
052845,旺宏統一97購01  ,0,0,0,0,0,0,0,0,0,7000,0,0,0,10000,3000,7000,7000
053187,國巨統一96購05  ,0,0,0,0,0,0,0,0,0,7000,0,0,0,10000,3000,7000,7000
054967,神達元大97購01  ,0,0,0,0,0,0,0,0,0,7000,0,0,0,107000,100000,7000,7000
054781,台化群益99購01  ,0,0,0,0,0,0,0,0,0,7000,0,0,0,7000,0,7000,7000
054779,台塑群益98購01  ,0,0,0,0,0,0,0,0,0,7000,0,0,0,10000,3000,7000,7000
054236,貿聯群益96購01  ,0,0,0,0,0,0,0,0,0,7000,0,0,0,27000,20000,7000,7000
054344,景碩國票97購04  ,0,0,0,0,0,0,0,0,0,7000,0,0,0,26000,19000,7000,7000
054401,康普永豐96購01  ,0,0,0,0,0,0,0,0,0,7000,0,0,0,27000,20000,7000,7000
054435,華新科台新97購02,0,0,0,0,0,0,0,0,0,7000,0,0,0,14000,7000,7000,7000
00735,國泰臺韓科技    ,11000,0,11000,0,0,0,0,0,0,-4000,0,0,0,183000,187000,-4000,7000
00661,元大日經225     ,0,0,0,0,0,0,0,0,0,7000,0,0,0,7000,0,7000,7000
04380P,欣興元大94售02  ,0,0,0,0,0,0,0,0,0,7000,0,0,0,7000,0,7000,7000
03425B,臺股指元大9A熊01,0,0,0,0,0,0,0,0,0,7000,0,0,0,20000,13000,7000,7000
045440,旺宏元富92購01  ,0,0,0,0,0,0,0,0,0,7000,0,0,0,7000,0,7000,7000
045171,可成兆豐92購02  ,0,0,0,0,0,0,0,0,0,7000,0,0,0,17000,10000,7000,7000
048874,玉晶光國票96購01,0,0,0,0,0,0,0,0,0,7000,0,0,0,24000,17000,7000,7000
048876,牧德國票95購02  ,0,0,0,0,0,0,0,0,0,7000,0,0,0,15000,8000,7000,7000
049023,玉晶光群益96購04,0,0,0,0,0,0,0,0,0,7000,0,0,0,325000,318000,7000,7000
049017,旺宏群益96購03  ,0,0,0,0,0,0,0,0,0,7000,0,0,0,31000,24000,7000,7000
044950,玉晶光群益94購01,0,0,0,0,0,0,0,0,0,7000,0,0,0,10000,3000,7000,7000
04463P,可成元富94售03  ,0,0,0,0,0,0,0,0,0,7000,0,0,0,45000,38000,7000,7000
045853,緯穎永豐92購02  ,0,0,0,0,0,0,0,0,0,7000,0,0,0,7000,0,7000,7000
047080,仁寶康和93購01  ,0,0,0,0,0,0,0,0,0,7000,0,0,0,28000,21000,7000,7000
047002,鴻海統一93購04  ,0,0,0,0,0,0,0,0,0,7000,0,0,0,56000,49000,7000,7000
047200,鴻海元富93購04  ,0,0,0,0,0,0,0,0,0,7000,0,0,0,10000,3000,7000,7000
048113,欣興群益93購08  ,0,0,0,0,0,0,0,0,0,7000,0,0,0,7000,0,7000,7000
046603,貿聯群益93購01  ,0,0,0,0,0,0,0,0,0,7000,0,0,0,27000,20000,7000,7000
047358,儒鴻群益93購02  ,0,0,0,0,0,0,0,0,0,7000,0,0,0,7000,0,7000,7000
049520,TPK國票95購01   ,0,0,0,0,0,0,0,0,0,7000,0,0,0,7000,0,7000,7000
049583,台積電元大95購04,0,0,0,0,0,0,0,0,0,7000,0,0,0,12000,5000,7000,7000
049597,泰鼎元大96購01  ,0,0,0,0,0,0,0,0,0,7000,0,0,0,210000,203000,7000,7000
050058,國巨凱基94購06  ,0,0,0,0,0,0,0,0,0,7000,0,0,0,21000,14000,7000,7000
050634,華新科群益96購01,0,0,0,0,0,0,0,0,0,7000,0,0,0,7000,0,7000,7000
051202,智邦麥證95購01  ,0,0,0,20000,13000,7000,0,0,0,7000,0,0,0,20000,13000,7000,7000
051308,GIS凱基95購04   ,0,0,0,0,0,0,0,0,0,7000,0,0,0,7000,0,7000,7000
05126P,牧德群益95售01  ,0,0,0,0,0,0,0,0,0,7000,0,0,0,7000,0,7000,7000
052519,旺宏元大95購05  ,0,0,0,0,0,0,0,0,0,7000,0,0,0,20000,13000,7000,7000
052461,和大統一95購01  ,0,0,0,0,0,0,0,0,0,7000,0,0,0,17000,10000,7000,7000
052439,寶成富邦97購01  ,0,0,0,0,0,0,0,0,0,7000,0,0,0,67000,60000,7000,7000
052593,台積電群益96購02,0,0,0,0,0,0,0,0,0,7000,0,0,0,70000,63000,7000,7000
052621,台郡富邦97購01  ,0,0,0,0,0,0,0,0,0,7000,0,0,0,85000,78000,7000,7000
05228P,大立光元富95售09,0,0,0,0,0,0,0,0,0,7000,0,0,0,67000,60000,7000,7000
052294,創意國票96購03  ,0,0,0,0,0,0,0,0,0,7000,0,0,0,7000,0,7000,7000
051988,台光電元大95購01,0,0,0,0,0,0,0,0,0,7000,0,0,0,24000,17000,7000,7000
051919,台郡元大96購02  ,0,0,0,0,0,0,0,0,0,7000,0,0,0,61000,54000,7000,7000
051567,台積電富邦95購06,0,40000,-40000,0,0,0,0,0,0,47000,0,0,0,67000,20000,47000,7000
051586,國泰金元大96購01,0,0,0,0,0,0,0,0,0,7000,0,0,0,68000,61000,7000,7000
051480,大立光凱基97購01,0,0,0,0,0,0,0,0,0,7000,0,0,0,22000,15000,7000,7000
9926,新海            ,7000,0,7000,0,0,0,0,0,0,0,0,0,0,0,0,0,7000
6579,研揚            ,7000,0,7000,0,0,0,0,0,0,0,0,0,0,0,0,0,7000
6581,鋼聯            ,7000,0,7000,0,0,0,0,0,0,0,0,0,0,0,0,0,7000
6464,台數科          ,7000,0,7000,0,0,0,0,0,0,0,0,0,0,0,0,0,7000
6715,嘉基            ,9000,2000,7000,0,0,0,0,0,0,0,0,0,0,0,0,0,7000
4912,聯德控股-KY     ,8000,1000,7000,0,0,0,0,0,0,0,0,0,0,0,0,0,7000
4148,全宇生技-KY     ,14000,7000,7000,0,0,0,0,0,0,0,0,0,0,0,0,0,7000
3712,永崴投控        ,15000,8000,7000,0,0,0,0,0,0,0,0,0,0,0,0,0,7000
5525,順天            ,28000,21000,7000,0,0,0,0,0,0,0,0,0,0,0,0,0,7000
3055,蔚華科          ,11000,4000,7000,0,0,0,0,0,0,0,0,0,0,0,0,0,7000
1108,幸福            ,7000,0,7000,0,0,0,0,0,0,0,0,0,0,0,0,0,7000
1507,永大            ,16000,9000,7000,0,0,0,0,0,0,0,0,0,0,0,0,0,7000
1218,泰山            ,30000,23000,7000,0,0,0,0,0,0,0,0,0,0,0,0,0,7000
1219,福壽            ,7000,0,7000,0,0,0,0,0,0,0,0,0,0,0,0,0,7000
2722,夏都            ,7000,0,7000,0,0,0,0,0,0,0,0,0,0,0,0,0,7000
2849,安泰銀          ,7000,0,7000,0,0,0,0,0,0,0,0,0,0,0,0,0,7000
1817,凱撒衛          ,7000,0,7000,0,0,0,0,0,0,0,0,0,0,0,0,0,7000
055355,大立光凱基97購05,0,0,0,0,0,0,0,0,0,7000,0,0,0,12000,5000,7000,7000
055233,康友國票98購01  ,0,0,0,0,0,0,0,0,0,7000,0,0,0,7000,0,7000,7000
05913P,國巨元大96售11  ,0,0,0,0,0,0,0,0,0,7000,0,0,0,196000,189000,7000,7000
054493,同欣電台新96購01,0,0,0,0,0,0,0,0,0,6000,0,0,0,6000,0,6000,6000
054547,鴻海凱基98購02  ,0,0,0,0,0,0,0,0,0,6000,0,0,0,6000,0,6000,6000
054406,旺宏國票98購01  ,0,0,0,0,0,0,0,0,0,6000,0,0,0,6000,0,6000,6000
054215,創意國票97購02  ,0,0,0,0,0,0,0,0,0,6000,0,0,0,10000,4000,6000,6000
054812,鴻海元大97購08  ,0,0,0,0,0,0,0,0,0,6000,0,0,0,78000,72000,6000,6000
054647,禾伸堂群益99購01,0,0,0,0,0,0,0,0,0,6000,0,0,0,56000,50000,6000,6000
055121,鴻海兆豐97購03  ,0,0,0,0,0,0,0,0,0,6000,0,0,0,6000,0,6000,6000
053126,健策凱基97購02  ,0,0,0,0,0,0,0,0,0,6000,0,0,0,51000,45000,6000,6000
052874,超眾凱基96購01  ,0,0,0,0,0,0,0,0,0,6000,0,0,0,12000,6000,6000,6000
052971,京元電群益98購01,0,0,0,0,0,0,0,0,0,6000,0,0,0,29000,23000,6000,6000
053922,亞光國票96購01  ,0,0,0,0,0,0,0,0,0,6000,0,0,0,6000,0,6000,6000
053925,群創國票98購01  ,0,0,0,0,0,0,0,0,0,6000,0,0,0,10000,4000,6000,6000
053378,台積電元大98購02,0,0,0,0,0,0,0,0,0,6000,0,0,0,206000,200000,6000,6000
044254,深中小元大94購01,0,0,0,0,0,0,0,0,0,6000,0,0,0,6000,0,6000,6000
044487,元油2X元大94購01,0,0,0,0,0,0,0,0,0,6000,0,0,0,6000,0,6000,6000
04607P,A50中信94售01   ,0,0,0,0,0,0,0,0,0,6000,0,0,0,10000,4000,6000,6000
045797,健策中信93購01  ,0,0,0,0,0,0,0,0,0,6000,0,0,0,25000,19000,6000,6000
048997,智原國票95購01  ,0,0,0,0,0,0,0,0,0,6000,0,0,0,6000,0,6000,6000
048784,台積電元大94購04,0,0,0,0,0,0,0,0,0,6000,0,0,0,6000,0,6000,6000
045592,台郡元大92購04  ,0,0,0,0,0,0,0,0,0,6000,0,0,0,10000,4000,6000,6000
03039X,元展36          ,0,0,0,0,0,0,0,0,0,6000,0,0,0,6000,0,6000,6000
043896,台積電群益92購06,0,0,0,0,0,0,0,0,0,6000,0,0,0,6000,0,6000,6000
00674R,元大S&P黃金反1  ,0,0,0,0,0,0,0,0,0,6000,0,0,0,6000,0,6000,6000
0052,富邦科技        ,0,1000,-1000,0,0,0,0,0,0,7000,0,0,0,105000,98000,7000,6000
006204,永豐臺灣加權    ,0,0,0,0,0,0,0,0,0,6000,0,0,0,54000,48000,6000,6000
040269,上証2X中信92購01,0,0,0,0,0,0,0,0,0,6000,0,0,0,6000,0,6000,6000
044735,光磊國泰93購01  ,0,0,0,0,0,0,0,0,0,6000,0,0,0,160000,154000,6000,6000
04237P,超眾群益93售02  ,0,0,0,0,0,0,0,0,0,6000,0,0,0,11000,5000,6000,6000
044071,聯發科永豐91購01,0,0,0,0,0,0,0,0,0,6000,0,0,0,76000,70000,6000,6000
045669,華通元大93購02  ,0,0,0,0,0,0,0,0,0,6000,0,0,0,42000,36000,6000,6000
049966,旺宏國票95購02  ,0,0,0,0,0,0,0,0,0,6000,0,0,0,6000,0,6000,6000
048658,鴻海統一93購09  ,0,0,0,0,0,0,0,0,0,6000,0,0,0,10000,4000,6000,6000
04849P,GIS中信94售01   ,0,0,0,0,0,0,0,0,0,6000,0,0,0,6000,0,6000,6000
047676,臺股指元富99購01,0,0,0,0,0,0,0,0,0,6000,0,0,0,9000,3000,6000,6000
048045,上銀永豐93購02  ,0,0,0,0,0,0,0,0,0,6000,0,0,0,141000,135000,6000,6000
048446,南亞科凱基93購07,0,0,0,0,0,0,0,0,0,6000,0,0,0,11000,5000,6000,6000
046936,祥碩元富93購01  ,0,0,0,0,0,0,0,0,0,6000,0,0,0,7000,1000,6000,6000
046890,瑞昱群益93購02  ,0,0,0,0,0,0,0,0,0,6000,0,0,0,39000,33000,6000,6000
046961,大立光中信95購02,0,0,0,0,0,0,0,0,0,6000,0,0,0,29000,23000,6000,6000
052298,易華電國票96購01,0,0,0,0,0,0,0,0,0,6000,0,0,0,30000,24000,6000,6000
051245,南亞科元大95購01,0,0,0,0,0,0,0,0,0,6000,0,0,0,110000,104000,6000,6000
051321,建準國票96購01  ,0,0,0,0,0,0,0,0,0,6000,0,0,0,6000,0,6000,6000
050913,全新中信97購01  ,0,0,0,0,0,0,0,0,0,6000,0,0,0,6000,0,6000,6000
050651,大立光凱基96購02,0,0,0,0,0,0,0,0,0,6000,0,0,0,6000,0,6000,6000
050016,緯穎富邦95購01  ,0,0,0,0,0,0,0,0,0,6000,0,0,0,21000,15000,6000,6000
05654P,台光電統一96售01,0,0,0,0,0,0,0,0,0,6000,0,0,0,6000,0,6000,6000
05710P,禾伸堂國票97售02,0,0,0,0,0,0,0,0,0,6000,0,0,0,6000,0,6000,6000
055384,緯穎元大98購02  ,0,0,0,0,0,0,0,0,0,6000,0,0,0,18000,12000,6000,6000
05540P,亞德客凱基96售01,0,0,0,0,0,0,0,0,0,6000,0,0,0,57000,51000,6000,6000
05604P,聯發科元大96售10,0,0,0,0,0,0,0,0,0,6000,0,0,0,937000,931000,6000,6000
05612P,台積電元大96售13,0,0,0,0,0,0,0,0,0,6000,0,0,0,6000,0,6000,6000
05585P,臺股指凱基96售14,0,0,0,0,0,0,0,0,0,6000,0,0,0,213000,207000,6000,6000
2012,春雨            ,6000,0,6000,0,0,0,0,0,0,0,0,0,0,0,0,0,6000
2530,華建            ,18000,12000,6000,0,0,0,0,0,0,0,0,0,0,0,0,0,6000
06050P,玉晶光國票98售01,0,0,0,0,0,0,0,0,0,6000,0,0,0,6000,0,6000,6000
3346,麗清            ,7000,1000,6000,0,0,0,0,0,0,0,0,0,0,0,0,0,6000
3027,盛達            ,12000,6000,6000,0,0,0,0,0,0,0,0,0,0,0,0,0,6000
3025,星通            ,10000,4000,6000,0,0,0,0,0,0,0,0,0,0,0,0,0,6000
5538,東明-KY         ,8000,0,8000,0,0,0,0,2000,-2000,0,0,0,0,0,0,0,6000
6128,上福            ,14000,8000,6000,0,0,0,0,0,0,0,0,0,0,0,0,0,6000
4571,鈞興-KY         ,6000,0,6000,0,0,0,0,0,0,0,0,0,0,0,0,0,6000
4764,雙鍵            ,7000,1000,6000,0,0,0,0,0,0,0,0,0,0,0,0,0,6000
6491,晶碩            ,15000,9000,6000,0,0,0,0,0,0,0,0,0,0,0,0,0,6000
6201,亞弘電          ,6000,0,6000,0,0,0,0,0,0,0,0,0,0,0,0,0,6000
9944,新麗            ,8000,2000,6000,0,0,0,0,0,0,0,0,0,0,0,0,0,6000
053387,緯創元大97購01  ,0,0,0,0,0,0,0,0,0,5000,0,0,0,20000,15000,5000,5000
053474,聯發科元大97購06,0,0,0,0,0,0,0,0,0,5000,0,0,0,67000,62000,5000,5000
053491,鴻海兆豐97購02  ,0,0,0,0,0,0,0,0,0,5000,0,0,0,5000,0,5000,5000
05353P,臺股指元富95售07,0,0,0,0,0,0,0,0,0,5000,0,0,0,15000,10000,5000,5000
053603,臺股指元大96購20,0,0,0,0,0,0,0,0,0,5000,0,0,0,5000,0,5000,5000
053745,康友國票97購01  ,0,0,0,0,0,0,0,0,0,5000,0,0,0,5000,0,5000,5000
052721,友達統一96購01  ,0,0,0,0,0,0,0,0,0,5000,0,0,0,5000,0,5000,5000
053220,瀚宇博凱基98購01,0,0,0,0,0,0,0,0,0,5000,0,0,0,5000,0,5000,5000
055141,牧德永豐98購02  ,0,0,0,0,0,0,0,0,0,5000,0,0,0,57000,52000,5000,5000
054644,A50正2群益9B購01,0,0,0,0,0,0,0,0,0,5000,0,0,0,5000,0,5000,5000
054613,大立光永豐97購02,0,0,0,0,0,0,0,0,0,5000,0,0,0,5000,0,5000,5000
054206,鴻海國票99購01  ,0,0,0,0,0,0,0,0,0,5000,0,0,0,5000,0,5000,5000
054255,亞光元大96購05  ,0,0,0,0,0,0,0,0,0,5000,0,0,0,17000,12000,5000,5000
054138,晶技元大98購02  ,0,0,0,0,0,0,0,0,0,5000,0,0,0,5000,0,5000,5000
054541,康控國票98購01  ,0,0,0,0,0,0,0,0,0,5000,0,0,0,5000,0,5000,5000
054472,道瓊反中信9A購01,0,0,0,0,0,0,0,0,0,5000,0,0,0,5000,0,5000,5000
044796,可成麥證91購02  ,0,0,0,5000,0,5000,0,0,0,5000,0,0,0,5000,0,5000,5000
04168P,元金2X凱基99售01,0,0,0,0,0,0,0,0,0,5000,0,0,0,5000,0,5000,5000
042069,T50正2富邦93購01,0,0,0,0,0,0,0,0,0,5000,0,0,0,5000,0,5000,5000
043667,智易元大92購01  ,0,0,0,0,0,0,0,0,0,5000,0,0,0,5000,0,5000,5000
04338P,亞光元大93售04  ,0,0,0,0,0,0,0,0,0,5000,0,0,0,90000,85000,5000,5000
04315P,台光電國票93售04,0,0,0,0,0,0,0,0,0,5000,0,0,0,38000,33000,5000,5000
043144,台肥統一93購01  ,0,0,0,0,0,0,0,0,0,5000,0,0,0,5000,0,5000,5000
04280P,宏達電台新93售01,0,0,0,0,0,0,0,0,0,5000,0,0,0,5000,0,5000,5000
042558,瑞昱中信94購01  ,0,0,0,0,0,0,0,0,0,5000,0,0,0,35000,30000,5000,5000
03929P,元油2X永豐93售04,0,0,0,0,0,0,0,0,0,5000,0,0,0,5000,0,5000,5000
043816,鈺齊永豐91購01  ,0,0,0,0,0,0,0,0,0,5000,0,0,0,5000,0,5000,5000
043930,南亞科永豐91購01,0,0,0,0,0,0,0,0,0,5000,0,0,0,10000,5000,5000,5000
04404P,玉晶光國票94售01,0,0,0,0,0,0,0,0,0,5000,0,0,0,45000,40000,5000,5000
043782,可成麥證91購01  ,0,0,0,5000,0,5000,0,0,0,5000,0,0,0,5000,0,5000,5000
03675P,旺宏統一92售02  ,0,0,0,0,0,0,0,0,0,5000,0,0,0,5000,0,5000,5000
03522P,牧德元大02售05  ,0,0,0,0,0,0,0,0,0,5000,0,0,0,5000,0,5000,5000
045572,元油2X元大98購01,0,0,0,0,0,0,0,0,0,5000,0,0,0,6000,1000,5000,5000
045496,鴻海凱基92購07  ,0,0,0,0,0,0,0,0,0,5000,0,0,0,5000,0,5000,5000
045437,大立光統一94購02,0,0,0,0,0,0,0,0,0,5000,0,0,0,5000,0,5000,5000
045401,大立光兆豐93購01,0,0,0,0,0,0,0,0,0,5000,0,0,0,5000,0,5000,5000
045188,大立光元富92購01,0,0,0,0,0,0,0,0,0,5000,0,0,0,5000,0,5000,5000
045939,緯穎群益92購03  ,0,0,0,0,0,0,0,0,0,5000,0,0,0,15000,10000,5000,5000
045134,嘉晶國票92購01  ,0,0,0,0,0,0,0,0,0,5000,0,0,0,5000,0,5000,5000
046139,京元電統一92購04,0,0,0,0,0,0,0,0,0,5000,0,0,0,252000,247000,5000,5000
048006,瑞儀元大93購03  ,0,0,0,0,0,0,0,0,0,5000,0,0,0,10000,5000,5000,5000
048852,旺宏群益96購02  ,0,0,0,0,0,0,0,0,0,5000,0,0,0,6000,1000,5000,5000
04901P,臺股指麥證94售02,0,0,0,5000,0,5000,0,0,0,5000,0,0,0,5000,0,5000,5000
048975,玉晶光元大94購03,0,0,0,0,0,0,0,0,0,5000,0,0,0,5000,0,5000,5000
045753,大立光國泰94購02,0,0,0,0,0,0,0,0,0,5000,0,0,0,5000,0,5000,5000
04492P,元油2X永豐94售03,0,0,0,0,0,0,0,0,0,5000,0,0,0,5000,0,5000,5000
045764,智易統一94購01  ,0,0,0,0,0,0,0,0,0,5000,0,0,0,5000,0,5000,5000
046066,長榮航凱基94購01,0,0,0,0,0,0,0,0,0,5000,0,0,0,25000,20000,5000,5000
044884,嘉澤群益93購01  ,0,0,0,0,0,0,0,0,0,5000,0,0,0,5000,0,5000,5000
044944,技嘉群益93購01  ,0,0,0,0,0,0,0,0,0,5000,0,0,0,12000,7000,5000,5000
044979,微星國票92購01  ,0,0,0,0,0,0,0,0,0,5000,0,0,0,5000,0,5000,5000
045021,臺股指中信94購02,0,0,0,0,0,0,0,0,0,5000,0,0,0,5000,0,5000,5000
045013,大立光元大93購04,0,0,0,0,0,0,0,0,0,5000,0,0,0,5000,0,5000,5000
044333,可成統一91購01  ,0,0,0,0,0,0,0,0,0,5000,0,0,0,5000,0,5000,5000
044445,台光電中信91購01,0,0,0,0,0,0,0,0,0,5000,0,0,0,5000,0,5000,5000
044582,GIS凱基92購01   ,0,0,0,0,0,0,0,0,0,5000,0,0,0,5000,0,5000,5000
044274,華新科群益92購01,0,0,0,0,0,0,0,0,0,5000,0,0,0,5000,0,5000,5000
044664,矽創永豐91購03  ,0,0,0,0,0,0,0,0,0,5000,0,0,0,5000,0,5000,5000
044678,南亞科凱基91購13,0,0,0,0,0,0,0,0,0,5000,0,0,0,14000,9000,5000,5000
045881,同欣電元富92購01,0,0,0,0,0,0,0,0,0,5000,0,0,0,24000,19000,5000,5000
045874,東元元富92購01  ,0,0,0,0,0,0,0,0,0,5000,0,0,0,271000,266000,5000,5000
045856,南亞科國泰94購01,0,0,0,0,0,0,0,0,0,5000,0,0,0,20000,15000,5000,5000
045095,緯穎元大94購02  ,0,0,0,0,0,0,0,0,0,5000,0,0,0,5000,0,5000,5000
045259,盟立凱基92購01  ,0,0,0,0,0,0,0,0,0,5000,0,0,0,5000,0,5000,5000
047227,華新科凱基94購01,0,0,0,0,0,0,0,0,0,5000,0,0,0,57000,52000,5000,5000
047104,和大元大93購02  ,0,0,0,0,0,0,0,0,0,5000,0,0,0,5000,0,5000,5000
046390,旺宏統一94購02  ,0,0,0,0,0,0,0,0,0,5000,0,0,0,5000,0,5000,5000
046668,嘉澤元大93購01  ,0,0,0,0,0,0,0,0,0,5000,0,0,0,10000,5000,5000,5000
046669,新唐元大93購01  ,0,0,0,0,0,0,0,0,0,5000,0,0,0,5000,0,5000,5000
049213,滬深2X國票94購02,0,0,0,0,0,0,0,0,0,5000,0,0,0,10000,5000,5000,5000
048443,旺宏凱基93購08  ,0,0,0,0,0,0,0,0,0,5000,0,0,0,8000,3000,5000,5000
046570,旺宏國泰94購01  ,0,0,0,0,0,0,0,0,0,5000,0,0,0,5000,0,5000,5000
048024,鴻海凱基93購29  ,0,0,0,0,0,0,0,0,0,5000,0,0,0,9000,4000,5000,5000
047273,奇力新永豐93購03,0,0,0,0,0,0,0,0,0,5000,0,0,0,10000,5000,5000,5000
046622,正文凱基93購01  ,0,0,0,0,0,0,0,0,0,5000,0,0,0,5000,0,5000,5000
049379,智原元大95購01  ,0,0,0,0,0,0,0,0,0,5000,0,0,0,65000,60000,5000,5000
049310,台積電凱基94購15,0,0,0,0,0,0,0,0,0,5000,0,0,0,5000,0,5000,5000
047683,亞德客國泰95購01,0,0,0,0,0,0,0,0,0,5000,0,0,0,5000,0,5000,5000
047649,啟碁元大93購07  ,0,0,0,0,0,0,0,0,0,5000,0,0,0,5000,0,5000,5000
047980,東陽群益93購02  ,0,0,0,0,0,0,0,0,0,5000,0,0,0,10000,5000,5000,5000
047812,可成凱基93購09  ,0,0,0,0,0,0,0,0,0,5000,0,0,0,5000,0,5000,5000
047799,技嘉兆豐93購01  ,0,0,0,0,0,0,0,0,0,5000,0,0,0,5000,0,5000,5000
048489,明泰富邦93購01  ,0,0,0,0,0,0,0,0,0,5000,0,0,0,5000,0,5000,5000
048530,大立光國票93購04,0,0,0,0,0,0,0,0,0,5000,0,0,0,5000,0,5000,5000
048638,台光電元大94購01,0,0,0,0,0,0,0,0,0,5000,0,0,0,32000,27000,5000,5000
048663,聯發科統一96購01,0,0,0,0,0,0,0,0,0,5000,0,0,0,10000,5000,5000,5000
048664,華新科統一94購01,0,0,0,0,0,0,0,0,0,5000,0,0,0,10000,5000,5000,5000
046775,聯發科台新93購01,0,0,0,0,0,0,0,0,0,5000,0,0,0,5000,0,5000,5000
049803,華新科元大95購07,0,0,0,0,0,0,0,0,0,5000,0,0,0,36000,31000,5000,5000
048364,臺股指永豐93購04,0,0,0,0,0,0,0,0,0,5000,0,0,0,5000,0,5000,5000
049782,世紀鋼統一94購01,0,0,0,0,0,0,0,0,0,5000,0,0,0,5000,0,5000,5000
049716,台積電凱基94購24,0,0,0,0,0,0,0,0,0,5000,0,0,0,5000,0,5000,5000
047585,微星永豐93購01  ,0,0,0,0,0,0,0,0,0,5000,0,0,0,105000,100000,5000,5000
04756P,大立光元富94售08,0,0,0,0,0,0,0,0,0,5000,0,0,0,60000,55000,5000,5000
050031,嘉澤元大95購01  ,0,0,0,0,0,0,0,0,0,5000,0,0,0,49000,44000,5000,5000
05007P,旺宏元富95售01  ,0,0,0,0,0,0,0,0,0,5000,0,0,0,5000,0,5000,5000
050227,大立光中信96購01,0,0,0,0,0,0,0,0,0,5000,0,0,0,15000,10000,5000,5000
050269,欣興元大94購09  ,0,0,0,0,0,0,0,0,0,5000,0,0,0,409000,404000,5000,5000
050277,上銀亞東94購01  ,0,0,0,0,0,0,0,0,0,5000,0,0,0,36000,31000,5000,5000
050522,聯發科元大95購03,0,0,0,0,0,0,0,0,0,5000,0,0,0,5000,0,5000,5000
050940,嘉澤國票95購01  ,0,0,0,0,0,0,0,0,0,5000,0,0,0,5000,0,5000,5000
050982,台積電國泰96購04,0,0,0,0,0,0,0,0,0,5000,0,0,0,5000,0,5000,5000
050948,華固群益95購01  ,0,0,0,0,0,0,0,0,0,5000,0,0,0,5000,0,5000,5000
050768,聯發科元大94購16,0,0,0,0,0,0,0,0,0,5000,0,0,0,6000,1000,5000,5000
050844,大立光國票96購01,0,0,0,0,0,0,0,0,0,5000,0,0,0,5000,0,5000,5000
050736,台積電康和94購01,0,0,0,0,0,0,0,0,0,5000,0,0,0,15000,10000,5000,5000
050694,國巨凱基96購03  ,0,0,0,0,0,0,0,0,0,5000,0,0,0,13000,8000,5000,5000
050705,南電凱基96購01  ,0,0,0,0,0,0,0,0,0,5000,0,0,0,5000,0,5000,5000
051190,可成兆豐95購03  ,0,0,0,0,0,0,0,0,0,5000,0,0,0,5000,0,5000,5000
051083,A50正2元大98購01,0,0,0,0,0,0,0,0,0,5000,0,0,0,5000,0,5000,5000
052296,TPK國票96購01   ,0,0,0,0,0,0,0,0,0,5000,0,0,0,405000,400000,5000,5000
052248,元油反永豐95購01,0,0,0,0,0,0,0,0,0,5000,0,0,0,5000,0,5000,5000
052146,泰碩群益95購01  ,0,0,0,0,0,0,0,0,0,5000,0,0,0,10000,5000,5000,5000
052178,台郡元大96購03  ,0,0,0,0,0,0,0,0,0,5000,0,0,0,15000,10000,5000,5000
052098,臺股指富邦95購01,0,0,0,0,0,0,0,0,0,5000,0,0,0,5000,0,5000,5000
052611,力成元大96購02  ,0,0,0,0,0,0,0,0,0,5000,0,0,0,60000,55000,5000,5000
052690,台表科元大97購01,0,0,0,0,0,0,0,0,0,5000,0,0,0,178000,173000,5000,5000
052451,旭富元大95購02  ,0,0,0,0,0,0,0,0,0,5000,0,0,0,5000,0,5000,5000
05249P,臻鼎國票95售01  ,0,0,0,0,0,0,0,0,0,5000,0,0,0,33000,28000,5000,5000
05139P,臺股指凱基95售06,0,0,0,0,0,0,0,0,0,5000,0,0,0,55000,50000,5000,5000
051677,達方元大95購01  ,0,0,0,0,0,0,0,0,0,5000,0,0,0,15000,10000,5000,5000
051876,宏達電國票96購01,0,0,0,0,0,0,0,0,0,5000,0,0,0,5000,0,5000,5000
051716,康控康和95購01  ,0,0,0,0,0,0,0,0,0,5000,0,0,0,10000,5000,5000,5000
051805,元黃金凱基97購02,0,0,0,0,0,0,0,0,0,5000,0,0,0,5000,0,5000,5000
6641,基士德-KY       ,5000,0,5000,0,0,0,0,0,0,0,0,0,0,0,0,0,5000
9930,中聯資源        ,13000,8000,5000,0,0,0,0,0,0,0,0,0,0,0,0,0,5000
9919,康那香          ,7000,2000,5000,0,0,0,0,0,0,0,0,0,0,0,0,0,5000
8411,福貞-KY         ,5000,0,5000,0,0,0,0,0,0,0,0,0,0,0,0,0,5000
6115,鎰勝            ,5000,0,5000,0,0,0,0,0,0,0,0,0,0,0,0,0,5000
3094,聯傑            ,50000,45000,5000,0,0,0,0,0,0,0,0,0,0,0,0,0,5000
08951P,臺股指國票01售08,0,0,0,0,0,0,0,0,0,5000,0,0,0,5000,0,5000,5000
1201,味全            ,149000,148000,1000,0,0,0,0,0,0,4000,0,0,0,32000,28000,4000,5000
1325,恆大            ,5000,0,5000,0,0,0,0,0,0,0,0,0,0,0,0,0,5000
1419,新紡            ,5000,0,5000,0,0,0,0,0,0,0,0,0,0,0,0,0,5000
1537,廣隆            ,12000,7000,5000,0,0,0,0,0,0,0,0,0,0,0,0,0,5000
2509,全坤建          ,5000,0,5000,0,0,0,0,0,0,0,0,0,0,0,0,0,5000
2462,良得電          ,5000,0,5000,0,0,0,0,0,0,0,0,0,0,0,0,0,5000
2611,志信            ,5000,0,5000,0,0,0,0,0,0,0,0,0,0,0,0,0,5000
055226,聯發科國票97購05,0,0,0,0,0,0,0,0,0,5000,0,0,0,5000,0,5000,5000
05659P,A50正2中信97售01,0,0,0,0,0,0,0,0,0,5000,0,0,0,5000,0,5000,5000
05846P,大立光元大96售07,0,0,0,0,0,0,0,0,0,5000,0,0,0,33000,28000,5000,5000
05752P,台積電中信96售06,0,0,0,0,0,0,0,0,0,5000,0,0,0,10000,5000,5000,5000
05962P,大立光群益96售07,0,0,0,0,0,0,0,0,0,5000,0,0,0,5000,0,5000,5000
05976P,國巨凱基96售14  ,0,0,0,0,0,0,0,0,0,5000,0,0,0,5000,0,5000,5000
05994P,奇鋐元大96售02  ,0,0,0,0,0,0,0,0,0,5000,0,0,0,5000,0,5000,5000
054548,鴻海凱基98購03  ,0,0,0,0,0,0,0,0,0,4000,0,0,0,4000,0,4000,4000
054366,和大中信98購01  ,0,0,0,0,0,0,0,0,0,4000,0,0,0,50000,46000,4000,4000
054300,華通凱基96購07  ,0,0,0,0,0,0,0,0,0,4000,0,0,0,109000,105000,4000,4000
055085,大毅國票97購01  ,0,0,0,0,0,0,0,0,0,4000,0,0,0,17000,13000,4000,4000
054936,鴻海元大97購10  ,0,0,0,0,0,0,0,0,0,4000,0,0,0,134000,130000,4000,4000
05503P,智邦日盛96售01  ,0,0,0,0,0,0,0,0,0,4000,0,0,0,33000,29000,4000,4000
052771,GIS群益96購01   ,0,0,0,0,0,0,0,0,0,4000,0,0,0,36000,32000,4000,4000
052858,華通凱基97購02  ,0,0,0,0,0,0,0,0,0,4000,0,0,0,4000,0,4000,4000
052964,台表科凱基96購03,0,0,0,0,0,0,0,0,0,4000,0,0,0,9000,5000,4000,4000
052904,冠德國票97購01  ,0,0,0,0,0,0,0,0,0,4000,0,0,0,4000,0,4000,4000
053401,臺股指中信99購01,0,0,0,0,0,0,0,0,0,4000,0,0,0,6000,2000,4000,4000
044960,京元電兆豐93購01,0,0,0,0,0,0,0,0,0,4000,0,0,0,16000,12000,4000,4000
048878,康控國票95購02  ,0,0,0,0,0,0,0,0,0,4000,0,0,0,23000,19000,4000,4000
046007,緯穎統一92購02  ,0,0,0,0,0,0,0,0,0,4000,0,0,0,4000,0,4000,4000
045548,亞德客國票92購01,0,0,0,0,0,0,0,0,0,4000,0,0,0,4000,0,4000,4000
03334P,宏達電元大02售04,0,0,0,0,0,0,0,0,0,4000,0,0,0,4000,0,4000,4000
044029,國巨群益92購02  ,0,0,0,0,0,0,0,0,0,4000,0,0,0,4000,0,4000,4000
00682U,元大美元指數    ,0,0,0,0,0,0,0,0,0,4000,0,0,0,44000,40000,4000,4000
00733,富邦臺灣中小    ,0,0,0,0,0,0,0,0,0,4000,0,0,0,206000,202000,4000,4000
043513,台灣50元大96購05,0,0,0,0,0,0,0,0,0,4000,0,0,0,19000,15000,4000,4000
042023,大立光富邦92購04,0,0,0,0,0,0,0,0,0,4000,0,0,0,11000,7000,4000,4000
042346,創意富邦92購01  ,0,0,0,0,0,0,0,0,0,4000,0,0,0,9000,5000,4000,4000
049529,華新科中信95購01,0,0,0,0,0,0,0,0,0,4000,0,0,0,124000,120000,4000,4000
048687,旺宏群益96購01  ,0,0,0,0,0,0,0,0,0,4000,0,0,0,10000,6000,4000,4000
048274,矽力台新93購01  ,0,0,0,0,0,0,0,0,0,4000,0,0,0,4000,0,4000,4000
049417,奇力新凱基94購02,0,0,0,0,0,0,0,0,0,4000,0,0,0,14000,10000,4000,4000
049433,健策國票95購03  ,0,0,0,0,0,0,0,0,0,4000,0,0,0,4000,0,4000,4000
049442,滬深2X統一99購01,0,0,0,0,0,0,0,0,0,4000,0,0,0,4000,0,4000,4000
048100,貿聯凱基93購02  ,0,0,0,0,0,0,0,0,0,4000,0,0,0,50000,46000,4000,4000
048122,台達電元大96購02,0,0,0,0,0,0,0,0,0,4000,0,0,0,6000,2000,4000,4000
046472,亞光永豐92購01  ,0,0,0,0,0,0,0,0,0,4000,0,0,0,24000,20000,4000,4000
046420,群創元大92購10  ,0,0,0,0,0,0,0,0,0,4000,0,0,0,4000,0,4000,4000
046992,智伸科凱基93購03,0,0,0,0,0,0,0,0,0,4000,0,0,0,4000,0,4000,4000
046979,台泥兆豐93購01  ,0,0,0,0,0,0,0,0,0,4000,0,0,0,44000,40000,4000,4000
047434,台積電元大93購21,0,0,0,0,0,0,0,0,0,4000,0,0,0,4000,0,4000,4000
047732,美利達群益93購01,0,0,0,0,0,0,0,0,0,4000,0,0,0,4000,0,4000,4000
051577,台積電元大97購03,0,0,0,0,0,0,0,0,0,4000,0,0,0,4000,0,4000,4000
051382,玉晶光群益98購02,0,0,0,0,0,0,0,0,0,4000,0,0,0,4000,0,4000,4000
051450,世芯元大95購02  ,0,0,0,0,0,0,0,0,0,4000,0,0,0,112000,108000,4000,4000
052490,禾伸堂國票95購01,0,0,0,0,0,0,0,0,0,4000,0,0,0,4000,0,4000,4000
052541,大立光統一95購06,0,0,0,0,0,0,0,0,0,4000,0,0,0,51000,47000,4000,4000
052442,中環元大95購02  ,0,0,0,0,0,0,0,0,0,4000,0,0,0,4000,0,4000,4000
05238P,禾伸堂永豐95售01,0,0,0,0,0,0,0,0,0,4000,0,0,0,16000,12000,4000,4000
052393,康友群益95購05  ,0,0,0,0,0,0,0,0,0,4000,0,0,0,54000,50000,4000,4000
052396,台積電凱基97購01,0,0,0,0,0,0,0,0,0,4000,0,0,0,10000,6000,4000,4000
052060,旺宏國票96購02  ,0,0,0,0,0,0,0,0,0,4000,0,0,0,4000,0,4000,4000
052278,國巨凱基95購06  ,0,0,0,0,0,0,0,0,0,4000,0,0,0,4000,0,4000,4000
050861,鴻海永豐95購01  ,0,0,0,0,0,0,0,0,0,4000,0,0,0,79000,75000,4000,4000
050271,上緯控元大96購01,0,0,0,0,0,0,0,0,0,4000,0,0,0,5000,1000,4000,4000
050077,臺股指凱基99購02,0,0,0,0,0,0,0,0,0,4000,0,0,0,4000,0,4000,4000
2236,百達-KY         ,4000,0,4000,0,0,0,0,0,0,0,0,0,0,0,0,0,4000
1711,永光            ,29000,25000,4000,0,0,0,0,0,0,0,0,0,0,0,0,0,4000
1432,大魯閣          ,9000,5000,4000,0,0,0,0,0,0,0,0,0,0,0,0,0,4000
1414,東和            ,4000,0,4000,0,0,0,0,0,0,0,0,0,0,0,0,0,4000
1233,天仁            ,4000,0,4000,0,0,0,0,0,0,0,0,0,0,0,0,0,4000
3528,安馳            ,4000,0,4000,0,0,0,0,0,0,0,0,0,0,0,0,0,4000
3645,達邁            ,98000,25000,73000,0,0,0,0,0,0,-69000,9000,78000,-69000,0,0,0,4000
2891B,中信金乙特      ,0,0,0,0,0,0,0,0,0,4000,4000,0,4000,0,0,0,4000
6183,關貿            ,4000,0,4000,0,0,0,0,0,0,0,0,0,0,0,0,0,4000
4526,東台            ,4000,0,4000,0,0,0,0,0,0,0,0,0,0,0,0,0,4000
8467,波力-KY         ,5000,1000,4000,0,0,0,0,0,0,0,0,0,0,0,0,0,4000
9931,欣高            ,4000,0,4000,0,0,0,0,0,0,0,0,0,0,0,0,0,4000
8478,東哥遊艇        ,15000,11000,4000,0,0,0,0,0,0,0,0,0,0,0,0,0,4000
8011,台通            ,31000,27000,4000,0,0,0,0,0,0,0,0,0,0,0,0,0,4000
6666,羅麗芬-KY       ,4000,0,4000,0,0,0,0,0,0,0,0,0,0,0,0,0,4000
6235,華孚            ,12000,7000,5000,0,0,0,0,0,0,-1000,0,1000,-1000,0,0,0,4000
6277,宏正            ,6000,2000,4000,0,0,0,0,0,0,0,0,0,0,0,0,0,4000
01002T,土銀國泰R1      ,3976,0,3976,0,0,0,0,0,0,0,0,0,0,0,0,0,3976
053754,英業達元富96購02,0,0,0,0,0,0,0,0,0,3000,0,0,0,4000,1000,3000,3000
052883,百和亞東97購01  ,0,0,0,0,0,0,0,0,0,3000,0,0,0,8000,5000,3000,3000
053010,鴻海統一96購11  ,0,0,0,0,0,0,0,0,0,3000,0,0,0,3000,0,3000,3000
052868,緯創凱基96購03  ,0,0,0,0,0,0,0,0,0,3000,0,0,0,23000,20000,3000,3000
053289,臺股指元大96購17,0,0,0,0,0,0,0,0,0,3000,0,0,0,3000,0,3000,3000
053088,奇鋐元大98購01  ,0,0,0,0,0,0,0,0,0,3000,0,0,0,3000,0,3000,3000
054638,國泰金中信99購01,0,0,0,0,0,0,0,0,0,3000,0,0,0,15000,12000,3000,3000
054676,牧德台新98購01  ,0,0,0,0,0,0,0,0,0,3000,0,0,0,3000,0,3000,3000
054136,亞光元大96購04  ,0,0,0,0,0,0,0,0,0,3000,0,0,0,15000,12000,3000,3000
054278,晶技群益97購02  ,0,0,0,0,0,0,0,0,0,3000,0,0,0,8000,5000,3000,3000
05399P,GIS國票95售03   ,0,0,0,0,0,0,0,0,0,3000,0,0,0,3000,0,3000,3000
00657,國泰日經225     ,0,0,0,0,0,0,0,0,0,3000,0,0,0,105000,102000,3000,3000
0055,元大MSCI金融    ,0,0,0,0,0,0,0,0,0,3000,0,0,0,5000,2000,3000,3000
043953,鴻海統一91購05  ,0,0,0,0,0,0,0,0,0,3000,0,0,0,3000,0,3000,3000
043886,瑞儀元大91購03  ,0,0,0,0,0,0,0,0,0,3000,0,0,0,3000,0,3000,3000
03420P,牧德群益02售04  ,0,0,0,0,0,0,0,0,0,3000,0,0,0,3000,0,3000,3000
03662P,聯發科兆豐92售03,0,0,0,0,0,0,0,0,0,3000,0,0,0,3000,0,3000,3000
03026X,元展23          ,0,0,0,0,0,0,0,0,0,3000,0,0,0,3000,0,3000,3000
042040,大立光群益93購01,0,0,0,0,0,0,0,0,0,3000,0,0,0,3000,0,3000,3000
041990,A50正2國票97購01,0,0,0,0,0,0,0,0,0,3000,0,0,0,5000,2000,3000,3000
043538,元石油國票97購01,0,0,0,0,0,0,0,0,0,3000,0,0,0,8000,5000,3000,3000
04236P,華新科群益93售03,0,0,0,0,0,0,0,0,0,3000,0,0,0,3000,0,3000,3000
046302,亞德客元大92購02,0,0,0,0,0,0,0,0,0,3000,0,0,0,12000,9000,3000,3000
045965,大立光凱基92購03,0,0,0,0,0,0,0,0,0,3000,0,0,0,3000,0,3000,3000
048781,臺股指凱基96購01,0,0,0,0,0,0,0,0,0,3000,0,0,0,6000,3000,3000,3000
048976,華擎元大94購01  ,0,0,0,0,0,0,0,0,0,3000,0,0,0,23000,20000,3000,3000
044864,道瓊反國票96購01,0,0,0,0,0,0,0,0,0,3000,0,0,0,3000,0,3000,3000
045841,巨大群益92購01  ,0,0,0,0,0,0,0,0,0,3000,0,0,0,3000,0,3000,3000
045265,和鑫凱基94購01  ,0,0,0,0,0,0,0,0,0,3000,0,0,0,3000,0,3000,3000
045844,臻鼎台新92購01  ,0,0,0,0,0,0,0,0,0,3000,0,0,0,3000,0,3000,3000
044676,台積電凱基91購20,0,0,0,0,0,0,0,0,0,3000,0,0,0,20000,17000,3000,3000
04723P,美律凱基94售06  ,0,0,0,0,0,0,0,0,0,3000,0,0,0,123000,120000,3000,3000
046930,亞光統一93購01  ,0,0,0,0,0,0,0,0,0,3000,0,0,0,3000,0,3000,3000
049216,華邦電國票95購01,0,0,0,0,0,0,0,0,0,3000,0,0,0,215000,212000,3000,3000
046385,群創凱基98購03  ,0,0,0,0,0,0,0,0,0,3000,0,0,0,3000,0,3000,3000
049497,茂林元大94購04  ,0,0,0,0,0,0,0,0,0,3000,0,0,0,34000,31000,3000,3000
048746,台達電元富94購01,0,0,0,0,0,0,0,0,0,3000,0,0,0,4000,1000,3000,3000
048743,美利達統一94購01,0,0,0,0,0,0,0,0,0,3000,0,0,0,3000,0,3000,3000
04916P,大立光永昌96售02,0,0,0,0,0,0,0,0,0,3000,0,0,0,27000,24000,3000,3000
049101,聯詠國泰95購01  ,0,0,0,0,0,0,0,0,0,3000,0,0,0,3000,0,3000,3000
047294,大立光元富93購04,0,0,0,0,0,0,0,0,0,3000,0,0,0,3000,0,3000,3000
047318,聯詠元大93購07  ,0,0,0,0,0,0,0,0,0,3000,0,0,0,30000,27000,3000,3000
04813P,智邦元大94售07  ,0,0,0,0,0,0,0,0,0,3000,0,0,0,3000,0,3000,3000
047384,台積電元大93購20,0,0,0,0,0,0,0,0,0,3000,0,0,0,3000,0,3000,3000
047365,隆達群益93購01  ,0,0,0,0,0,0,0,0,0,3000,0,0,0,13000,10000,3000,3000
049302,聯茂日盛94購01  ,0,0,0,0,0,0,0,0,0,3000,0,0,0,4000,1000,3000,3000
049346,新光金統一95購01,0,0,0,0,0,0,0,0,0,3000,0,0,0,3000,0,3000,3000
048637,鴻海元大96購01  ,0,0,0,0,0,0,0,0,0,3000,0,0,0,3000,0,3000,3000
048505,滬深2X群益99購03,0,0,0,0,0,0,0,0,0,3000,0,0,0,3000,0,3000,3000
049696,欣興元大95購02  ,0,0,0,0,0,0,0,0,0,3000,0,0,0,59000,56000,3000,3000
049699,祥碩元大94購01  ,0,0,0,0,0,0,0,0,0,3000,0,0,0,3000,0,3000,3000
049886,華通永昌95購01  ,0,0,0,0,0,0,0,0,0,3000,0,0,0,11000,8000,3000,3000
046806,瀚宇博元大93購03,0,0,0,0,0,0,0,0,0,3000,0,0,0,4000,1000,3000,3000
049619,宏達電群益95購02,0,0,0,0,0,0,0,0,0,3000,0,0,0,3000,0,3000,3000
049767,奇力新元富94購01,0,0,0,0,0,0,0,0,0,3000,0,0,0,3000,0,3000,3000
049580,國巨元大94購07  ,0,0,0,0,0,0,0,0,0,3000,0,0,0,14000,11000,3000,3000
050313,大立光兆豐94購05,0,0,0,0,0,0,0,0,0,3000,0,0,0,5000,2000,3000,3000
050422,鴻海凱基96購01  ,0,0,0,0,0,0,0,0,0,3000,0,0,0,53000,50000,3000,3000
051065,台積電國票96購01,0,0,0,0,0,0,0,0,0,3000,0,0,0,21000,18000,3000,3000
051066,台積電國票96購02,0,0,0,0,0,0,0,0,0,3000,0,0,0,17000,14000,3000,3000
052449,創意元大95購04  ,0,0,0,0,0,0,0,0,0,3000,0,0,0,57000,54000,3000,3000
052549,喬山國票97購01  ,0,0,0,0,0,0,0,0,0,3000,0,0,0,3000,0,3000,3000
052478,大立光群益95購05,0,0,0,0,0,0,0,0,0,3000,0,0,0,3000,0,3000,3000
052554,正崴國票97購01  ,0,0,0,0,0,0,0,0,0,3000,0,0,0,13000,10000,3000,3000
051489,世芯凱基95購01  ,0,0,0,0,0,0,0,0,0,3000,0,0,0,109000,106000,3000,3000
051625,聯發科麥證95購01,0,0,0,25000,22000,3000,0,0,0,3000,0,0,0,25000,22000,3000,3000
051784,國巨兆豐95購01  ,0,0,0,0,0,0,0,0,0,3000,0,0,0,6000,3000,3000,3000
051967,康友永豐95購02  ,0,0,0,0,0,0,0,0,0,3000,0,0,0,3000,0,3000,3000
6655,科定            ,5000,2000,3000,0,0,0,0,0,0,0,0,0,0,0,0,0,3000
6442,光聖            ,3000,0,3000,0,0,0,0,0,0,0,0,0,0,0,0,0,3000
8222,寶一            ,3000,0,3000,0,0,0,0,0,0,0,0,0,0,0,0,0,3000
4572,駐龍            ,3000,0,3000,0,0,0,0,0,0,0,0,0,0,0,0,0,3000
4755,三福化          ,3000,0,3000,0,0,0,0,0,0,0,0,0,0,0,0,0,3000
4555,氣立            ,3000,0,3000,0,0,0,0,0,0,0,0,0,0,0,0,0,3000
5284,jpp-KY          ,4000,1000,3000,0,0,0,0,0,0,0,0,0,0,0,0,0,3000
4999,鑫禾            ,5000,2000,3000,0,0,0,0,0,0,0,0,0,0,0,0,0,3000
3002,歐格            ,5000,2000,3000,0,0,0,0,0,0,0,0,0,0,0,0,0,3000
1618,合機            ,3000,0,3000,0,0,0,0,0,0,0,0,0,0,0,0,0,3000
1101B,台泥乙特        ,0,0,0,0,0,0,0,0,0,3000,3000,0,3000,0,0,0,3000
06187P,國巨統一97售05  ,0,0,0,0,0,0,0,0,0,3000,0,0,0,11000,8000,3000,3000
06106P,國巨群益97售02  ,0,0,0,0,0,0,0,0,0,3000,0,0,0,62000,59000,3000,3000
06122P,亞光元大98售01  ,0,0,0,0,0,0,0,0,0,3000,0,0,0,36000,33000,3000,3000
2028,威致            ,19000,16000,3000,0,0,0,0,0,0,0,0,0,0,0,0,0,3000
2115,六暉-KY         ,3000,0,3000,0,0,0,0,0,0,0,0,0,0,0,0,0,3000
2702,華園            ,3000,0,3000,0,0,0,0,0,0,0,0,0,0,0,0,0,3000
2540,愛山林          ,3000,0,3000,0,0,0,0,0,0,0,0,0,0,0,0,0,3000
05853P,欣興群益96售05  ,0,0,0,0,0,0,0,0,0,3000,0,0,0,6000,3000,3000,3000
05865P,大立光元大96售09,0,0,0,0,0,0,0,0,0,3000,0,0,0,43000,40000,3000,3000
05596P,可成統一96售01  ,0,0,0,0,0,0,0,0,0,3000,0,0,0,3000,0,3000,3000
01007T,兆豐國泰R2      ,2072,0,2072,0,0,0,0,0,0,0,0,0,0,0,0,0,2072
054112,台積電麥證96購02,0,0,0,13000,11000,2000,0,0,0,2000,0,0,0,13000,11000,2000,2000
054120,奇力新永豐96購01,0,0,0,0,0,0,0,0,0,2000,0,0,0,47000,45000,2000,2000
054389,為升元富96購02  ,0,0,0,0,0,0,0,0,0,2000,0,0,0,46000,44000,2000,2000
05440P,緯穎國票96售02  ,0,0,0,0,0,0,0,0,0,2000,0,0,0,70000,68000,2000,2000
05457P,鴻海凱基95售20  ,0,0,0,0,0,0,0,0,0,2000,0,0,0,2000,0,2000,2000
054494,訊芯台新96購01  ,0,0,0,0,0,0,0,0,0,2000,0,0,0,6000,4000,2000,2000
054444,緯穎台新97購01  ,0,0,0,0,0,0,0,0,0,2000,0,0,0,40000,38000,2000,2000
054678,麗豐台新98購02  ,0,0,0,0,0,0,0,0,0,2000,0,0,0,74000,72000,2000,2000
054744,晶相光凱基99購01,0,0,0,0,0,0,0,0,0,2000,0,0,0,10000,8000,2000,2000
054782,國巨群益97購01  ,0,0,0,0,0,0,0,0,0,2000,0,0,0,8000,6000,2000,2000
054773,台郡國票98購01  ,0,0,0,0,0,0,0,0,0,2000,0,0,0,2000,0,2000,2000
052763,晶技群益97購01  ,0,0,0,0,0,0,0,0,0,2000,0,0,0,2000,0,2000,2000
052730,華新科國泰98購01,0,0,0,0,0,0,0,0,0,2000,0,0,0,2000,0,2000,2000
053681,臺股指富邦96購02,0,0,0,0,0,0,0,0,0,2000,0,0,0,2000,0,2000,2000
053471,正崴元大96購01  ,0,0,0,0,0,0,0,0,0,2000,0,0,0,2000,0,2000,2000
053613,元油反群益9A購02,0,0,0,0,0,0,0,0,0,2000,0,0,0,2000,0,2000,2000
020004,兆豐電菁英30N   ,0,0,0,0,0,0,0,0,0,2000,0,0,0,2000,0,2000,2000
020006,永昌中小300N    ,0,0,0,0,0,0,0,0,0,2000,0,0,0,2000,0,2000,2000
038944,上海銀國泰92購01,0,0,0,0,0,0,0,0,0,2000,0,0,0,2000,0,2000,2000
03106P,T50反1元大01售06,0,0,0,0,0,0,0,0,0,2000,0,0,0,2000,0,2000,2000
03237P,大立光元大02售04,0,0,0,0,0,0,0,0,0,2000,0,0,0,3000,1000,2000,2000
03388P,元油2X元富98售02,0,0,0,0,0,0,0,0,0,2000,0,0,0,2000,0,2000,2000
043958,臻鼎元富94購01  ,0,0,0,0,0,0,0,0,0,2000,0,0,0,72000,70000,2000,2000
046308,廣達元大92購02  ,0,0,0,0,0,0,0,0,0,2000,0,0,0,2000,0,2000,2000
044074,欣興永豐91購01  ,0,0,0,0,0,0,0,0,0,2000,0,0,0,2000,0,2000,2000
044779,GIS元大93購05   ,0,0,0,0,0,0,0,0,0,2000,0,0,0,3000,1000,2000,2000
041908,可成元大92購01  ,0,0,0,0,0,0,0,0,0,2000,0,0,0,2000,0,2000,2000
042157,上証2X中信91購04,0,0,0,0,0,0,0,0,0,2000,0,0,0,2000,0,2000,2000
042900,卜蜂元大92購01  ,0,0,0,0,0,0,0,0,0,2000,0,0,0,2000,0,2000,2000
042977,京元電凱基92購01,0,0,0,0,0,0,0,0,0,2000,0,0,0,2000,0,2000,2000
043019,華晶科元大94購01,0,0,0,0,0,0,0,0,0,2000,0,0,0,2000,0,2000,2000
04321P,國巨元大93售12  ,0,0,0,0,0,0,0,0,0,2000,0,0,0,2000,0,2000,2000
044665,京鼎國泰93購01  ,0,0,0,0,0,0,0,0,0,2000,0,0,0,2000,0,2000,2000
044633,台郡元大92購03  ,0,0,0,0,0,0,0,0,0,2000,0,0,0,10000,8000,2000,2000
044247,道瓊反元富97購01,0,0,0,0,0,0,0,0,0,2000,0,0,0,3000,1000,2000,2000
044602,大立光國泰93購01,0,0,0,0,0,0,0,0,0,2000,0,0,0,26000,24000,2000,2000
044530,台積電富邦94購01,0,0,0,0,0,0,0,0,0,2000,0,0,0,2000,0,2000,2000
045758,易華電國泰94購01,0,0,0,0,0,0,0,0,0,2000,0,0,0,2000,0,2000,2000
044857,玉晶光第一91購01,0,0,0,0,0,0,0,0,0,2000,0,0,0,2000,0,2000,2000
044951,南電群益92購01  ,0,0,0,0,0,0,0,0,0,2000,0,0,0,2000,0,2000,2000
045005,上銀元大92購05  ,0,0,0,0,0,0,0,0,0,2000,0,0,0,2000,0,2000,2000
046208,滬深2X元富95購03,0,0,0,0,0,0,0,0,0,2000,0,0,0,2000,0,2000,2000
048799,台積電富邦94購03,0,0,0,0,0,0,0,0,0,2000,0,0,0,2000,0,2000,2000
048871,晶豪科國票94購01,0,0,0,0,0,0,0,0,0,2000,0,0,0,20000,18000,2000,2000
048859,玉晶光群益96購02,0,0,0,0,0,0,0,0,0,2000,0,0,0,2000,0,2000,2000
046025,台積電元大92購18,0,0,0,0,0,0,0,0,0,2000,0,0,0,2000,0,2000,2000
04556P,大成鋼群益94售02,0,0,0,0,0,0,0,0,0,2000,0,0,0,2000,0,2000,2000
045621,超眾永豐92購02  ,0,0,0,0,0,0,0,0,0,2000,0,0,0,2000,0,2000,2000
045511,同欣電凱基92購02,0,0,0,0,0,0,0,0,0,2000,0,0,0,32000,30000,2000,2000
045361,鈺齊凱基93購01  ,0,0,0,0,0,0,0,0,0,2000,0,0,0,2000,0,2000,2000
045461,廣達元大92購01  ,0,0,0,0,0,0,0,0,0,2000,0,0,0,2000,0,2000,2000
049725,台郡國票94購03  ,0,0,0,0,0,0,0,0,0,2000,0,0,0,2000,0,2000,2000
047549,聯發科凱基93購12,0,0,0,0,0,0,0,0,0,2000,0,0,0,12000,10000,2000,2000
046868,瑞昱統一93購02  ,0,0,0,0,0,0,0,0,0,2000,0,0,0,2000,0,2000,2000
048344,大立光元大93購30,0,0,0,0,0,0,0,0,0,2000,0,0,0,3000,1000,2000,2000
04981P,華新科亞東94售01,0,0,0,0,0,0,0,0,0,2000,0,0,0,2000,0,2000,2000
048529,京元電國票94購01,0,0,0,0,0,0,0,0,0,2000,0,0,0,2000,0,2000,2000
048525,華通國票94購02  ,0,0,0,0,0,0,0,0,0,2000,0,0,0,10000,8000,2000,2000
048561,可成元大93購13  ,0,0,0,0,0,0,0,0,0,2000,0,0,0,104000,102000,2000,2000
048634,華通元大94購01  ,0,0,0,0,0,0,0,0,0,2000,0,0,0,2000,0,2000,2000
048622,南電凱基93購07  ,0,0,0,0,0,0,0,0,0,2000,0,0,0,2000,0,2000,2000
048613,智原凱基93購03  ,0,0,0,0,0,0,0,0,0,2000,0,0,0,2000,0,2000,2000
048647,正文元大93購01  ,0,0,0,0,0,0,0,0,0,2000,0,0,0,32000,30000,2000,2000
047515,智易國票94購01  ,0,0,0,0,0,0,0,0,0,2000,0,0,0,2000,0,2000,2000
049117,矽格統一96購01  ,0,0,0,0,0,0,0,0,0,2000,0,0,0,18000,16000,2000,2000
046756,廣達凱基93購01  ,0,0,0,0,0,0,0,0,0,2000,0,0,0,2000,0,2000,2000
049273,臺股指元大94購08,0,0,0,0,0,0,0,0,0,2000,0,0,0,3000,1000,2000,2000
049110,臻鼎富邦94購01  ,0,0,0,0,0,0,0,0,0,2000,0,0,0,2000,0,2000,2000
047703,台積電凱基93購19,0,0,0,0,0,0,0,0,0,2000,0,0,0,2000,0,2000,2000
047898,嘉澤群益93購02  ,0,0,0,0,0,0,0,0,0,2000,0,0,0,17000,15000,2000,2000
047875,南電永豐93購02  ,0,0,0,0,0,0,0,0,0,2000,0,0,0,2000,0,2000,2000
049146,南亞科元大94購02,0,0,0,0,0,0,0,0,0,2000,0,0,0,226000,224000,2000,2000
049151,大立光元大94購07,0,0,0,0,0,0,0,0,0,2000,0,0,0,11000,9000,2000,2000
049280,創意國票95購01  ,0,0,0,0,0,0,0,0,0,2000,0,0,0,2000,0,2000,2000
04735P,聯茂兆豐94售01  ,0,0,0,0,0,0,0,0,0,2000,0,0,0,2000,0,2000,2000
046638,台積電永豐93購01,0,0,0,0,0,0,0,0,0,2000,0,0,0,2000,0,2000,2000
048008,聯發科富邦95購02,0,0,0,0,0,0,0,0,0,2000,0,0,0,6000,4000,2000,2000
048748,國巨元富96購01  ,0,0,0,0,0,0,0,0,0,2000,0,0,0,2000,0,2000,2000
04744P,臻鼎元富94售04  ,0,0,0,0,0,0,0,0,0,2000,0,0,0,2000,0,2000,2000
051934,緯穎國票96購01  ,0,0,0,0,0,0,0,0,0,2000,0,0,0,2000,0,2000,2000
05137P,華新科凱基96售03,0,0,0,0,0,0,0,0,0,2000,0,0,0,2000,0,2000,2000
051416,創意國票96購02  ,0,0,0,0,0,0,0,0,0,2000,0,0,0,2000,0,2000,2000
052447,聯發科元大96購04,0,0,0,0,0,0,0,0,0,2000,0,0,0,31000,29000,2000,2000
052384,臺股指元大95購30,0,0,0,0,0,0,0,0,0,2000,0,0,0,6000,4000,2000,2000
052376,聯詠元大95購04  ,0,0,0,0,0,0,0,0,0,2000,0,0,0,64000,62000,2000,2000
052230,大立光凱基96購09,0,0,0,0,0,0,0,0,0,2000,0,0,0,22000,20000,2000,2000
052311,台積電富邦95購09,0,0,0,0,0,0,0,0,0,2000,0,0,0,2000,0,2000,2000
052082,臺股指元富95購04,0,0,0,0,0,0,0,0,0,2000,0,0,0,2000,0,2000,2000
052127,日月光國票96購01,0,0,0,0,0,0,0,0,0,2000,0,0,0,2000,0,2000,2000
052121,全新國票96購03  ,0,0,0,0,0,0,0,0,0,2000,0,0,0,2000,0,2000,2000
051204,正崴麥證95購01  ,0,0,0,2000,0,2000,0,0,0,2000,0,0,0,2000,0,2000,2000
051147,南亞科凱基95購05,0,0,0,0,0,0,0,0,0,2000,0,0,0,7000,5000,2000,2000
051247,可成元大95購04  ,0,0,0,0,0,0,0,0,0,2000,0,0,0,110000,108000,2000,2000
050688,大立光日盛94購03,0,0,0,0,0,0,0,0,0,2000,0,0,0,2000,0,2000,2000
050725,光磊國票96購01  ,0,0,0,0,0,0,0,0,0,2000,0,0,0,2000,0,2000,2000
050995,貿聯元大95購02  ,0,0,0,0,0,0,0,0,0,2000,0,0,0,2000,0,2000,2000
051026,健策統一96購01  ,0,0,0,0,0,0,0,0,0,2000,0,0,0,41000,39000,2000,2000
051017,聯發科凱基95購04,0,0,0,0,0,0,0,0,0,2000,0,0,0,124000,122000,2000,2000
050935,劍麟國票96購01  ,0,0,0,0,0,0,0,0,0,2000,0,0,0,2000,0,2000,2000
050419,鴻海凱基95購02  ,0,0,0,0,0,0,0,0,0,2000,0,0,0,12000,10000,2000,2000
050425,國巨凱基94購12  ,0,0,0,0,0,0,0,0,0,2000,0,0,0,12000,10000,2000,2000
050334,鴻海國泰96購07  ,0,0,0,0,0,0,0,0,0,2000,0,0,0,46000,44000,2000,2000
050507,聯詠凱基94購06  ,0,0,0,0,0,0,0,0,0,2000,0,0,0,70000,68000,2000,2000
050557,台積電統一94購13,0,0,0,0,0,0,0,0,0,2000,0,0,0,12000,10000,2000,2000
05061P,鴻海富邦96售03  ,0,0,0,0,0,0,0,0,0,2000,0,0,0,2000,0,2000,2000
050140,台郡第一94購01  ,0,0,0,0,0,0,0,0,0,2000,0,0,0,2000,0,2000,2000
05583P,訊芯凱基96售01  ,0,0,0,0,0,0,0,0,0,2000,0,0,0,5000,3000,2000,2000
05632P,大立光群益96售02,0,0,0,0,0,0,0,0,0,2000,0,0,0,13000,11000,2000,2000
055368,台積電元大97購24,0,0,0,0,0,0,0,0,0,2000,0,0,0,102000,100000,2000,2000
05940P,聯發科凱基96售21,0,0,0,0,0,0,0,0,0,2000,0,0,0,202000,200000,2000,2000
05700P,臻鼎凱基96售02  ,0,0,0,0,0,0,0,0,0,2000,0,0,0,2000,0,2000,2000
2613,中櫃            ,2000,0,2000,0,0,0,0,0,0,0,0,0,0,0,0,0,2000
2838A,聯邦銀甲特      ,0,0,0,0,0,0,0,0,0,2000,2000,0,2000,0,0,0,2000
2536,宏普            ,55000,53000,2000,0,0,0,0,0,0,0,0,0,0,0,0,0,2000
2495,普安            ,4000,2000,2000,0,0,0,0,0,0,0,0,0,0,0,0,0,2000
2491,吉祥全          ,1000,1000,0,0,0,0,0,0,0,2000,2000,0,2000,0,0,0,2000
1906,寶隆            ,2000,0,2000,0,0,0,0,0,0,0,0,0,0,0,0,0,2000
1731,美吾華          ,2000,0,2000,0,0,0,0,0,0,0,0,0,0,0,0,0,2000
1529,樂士            ,2000,0,2000,0,0,0,0,0,0,0,0,0,0,0,0,0,2000
1235,興泰            ,2000,0,2000,0,0,0,0,0,0,0,0,0,0,0,0,0,2000
1324,地球            ,2000,0,2000,0,0,0,0,0,0,0,0,0,0,0,0,0,2000
3694,海華            ,4000,1000,3000,0,0,0,0,0,0,-1000,0,1000,-1000,0,0,0,2000
5203,訊連            ,33000,28000,5000,0,0,0,0,0,0,-3000,0,0,0,3000,6000,-3000,2000
6164,華興            ,2000,0,2000,0,0,0,0,0,0,0,0,0,0,0,0,0,2000
4106,雃博            ,2000,0,2000,0,0,0,0,0,0,0,0,0,0,0,0,0,2000
8442,威宏-KY         ,7000,5000,2000,0,0,0,0,0,0,0,0,0,0,0,0,0,2000
8101,華冠            ,20000,18000,2000,0,0,0,0,0,0,0,0,0,0,0,0,0,2000
9918,欣天然          ,0,0,0,0,0,0,0,0,0,2000,2000,0,2000,0,0,0,2000
9940,信義            ,34000,38000,-4000,0,0,0,0,0,0,6000,6000,0,6000,0,0,0,2000
053623,臺股指群益96購09,0,0,0,0,0,0,0,0,0,1000,0,0,0,1000,0,1000,1000
053562,玉晶光國泰98購02,0,0,0,0,0,0,0,0,0,1000,0,0,0,47000,46000,1000,1000
053531,國泰金康和96購01,0,0,0,0,0,0,0,0,0,1000,0,0,0,1000,0,1000,1000
053465,聯電元大96購05  ,0,0,0,0,0,0,0,0,0,1000,0,0,0,1000,0,1000,1000
053383,京元電元大97購01,0,0,0,0,0,0,0,0,0,1000,0,0,0,50000,49000,1000,1000
053679,緯創富邦96購01  ,0,0,0,0,0,0,0,0,0,1000,0,0,0,2000,1000,1000,1000
053909,致伸凱基97購01  ,0,0,0,0,0,0,0,0,0,1000,0,0,0,1000,0,1000,1000
053892,景碩群益96購02  ,0,0,0,0,0,0,0,0,0,1000,0,0,0,5000,4000,1000,1000
053041,可成凱基96購02  ,0,0,0,0,0,0,0,0,0,1000,0,0,0,1000,0,1000,1000
053053,京元電國票97購02,0,0,0,0,0,0,0,0,0,1000,0,0,0,1000,0,1000,1000
053244,光磊國票97購01  ,0,0,0,0,0,0,0,0,0,1000,0,0,0,1000,0,1000,1000
054774,同欣電國票98購01,0,0,0,0,0,0,0,0,0,1000,0,0,0,18000,17000,1000,1000
054786,全新群益99購02  ,0,0,0,0,0,0,0,0,0,1000,0,0,0,31000,30000,1000,1000
05473P,聯詠統一97售02  ,0,0,0,0,0,0,0,0,0,1000,0,0,0,1000,0,1000,1000
054706,TPK亞東97購01   ,0,0,0,0,0,0,0,0,0,1000,0,0,0,42000,41000,1000,1000
054664,台表科元大97購04,0,0,0,0,0,0,0,0,0,1000,0,0,0,1000,0,1000,1000
054992,南亞科元富97購02,0,0,0,0,0,0,0,0,0,1000,0,0,0,20000,19000,1000,1000
054951,大毅元大97購01  ,0,0,0,0,0,0,0,0,0,1000,0,0,0,83000,82000,1000,1000
054916,聯發科凱基98購04,0,0,0,0,0,0,0,0,0,1000,0,0,0,1000,0,1000,1000
054924,景碩凱基98購01  ,0,0,0,0,0,0,0,0,0,1000,0,0,0,1000,0,1000,1000
054051,貿聯元大97購03  ,0,0,0,0,0,0,0,0,0,1000,0,0,0,18000,17000,1000,1000
054029,瀚宇博凱基96購02,0,0,0,0,0,0,0,0,0,1000,0,0,0,1000,0,1000,1000
045474,力成元大92購01  ,0,0,0,0,0,0,0,0,0,1000,0,0,0,1000,0,1000,1000
045439,A50正2元富92購01,0,0,0,0,0,0,0,0,0,1000,0,0,0,1000,0,1000,1000
045398,台積電富邦92購01,0,0,0,0,0,0,0,0,0,1000,0,0,0,1000,0,1000,1000
045425,可成凱基92購07  ,0,0,0,0,0,0,0,0,0,1000,0,0,0,1000,0,1000,1000
045377,華邦電元大93購01,0,0,0,0,0,0,0,0,0,1000,0,0,0,1000,0,1000,1000
045343,可成凱基92購05  ,0,0,0,0,0,0,0,0,0,1000,0,0,0,1000,0,1000,1000
045325,元油2X永豐94購01,0,0,0,0,0,0,0,0,0,1000,0,0,0,1000,0,1000,1000
045505,旭富凱基92購01  ,0,0,0,0,0,0,0,0,0,1000,0,0,0,1000,0,1000,1000
045556,可成國票93購01  ,0,0,0,0,0,0,0,0,0,1000,0,0,0,1000,0,1000,1000
045967,日電貿凱基92購01,0,0,0,0,0,0,0,0,0,1000,0,0,0,21000,20000,1000,1000
045971,智伸科凱基92購01,0,0,0,0,0,0,0,0,0,1000,0,0,0,11000,10000,1000,1000
045167,玉晶光富邦92購01,0,0,0,0,0,0,0,0,0,1000,0,0,0,1000,0,1000,1000
045157,台勝科凱基92購01,0,0,0,0,0,0,0,0,0,1000,0,0,0,1000,0,1000,1000
048985,茂林元大94購01  ,0,0,0,0,0,0,0,0,0,1000,0,0,0,3000,2000,1000,1000
044304,臻鼎兆豐93購01  ,0,0,0,0,0,0,0,0,0,1000,0,0,0,1000,0,1000,1000
044983,玉晶光國票93購01,0,0,0,0,0,0,0,0,0,1000,0,0,0,1000,0,1000,1000
044397,微星凱基92購01  ,0,0,0,0,0,0,0,0,0,1000,0,0,0,1000,0,1000,1000
045767,大立光元富95購01,0,0,0,0,0,0,0,0,0,1000,0,0,0,1000,0,1000,1000
045756,智伸科國泰93購01,0,0,0,0,0,0,0,0,0,1000,0,0,0,1000,0,1000,1000
044914,元油2X永豐91購04,0,0,0,0,0,0,0,0,0,1000,0,0,0,1000,0,1000,1000
044512,奇力新凱基93購02,0,0,0,0,0,0,0,0,0,1000,0,0,0,1000,0,1000,1000
044515,禾伸堂凱基91購02,0,0,0,0,0,0,0,0,0,1000,0,0,0,1000,0,1000,1000
044606,鈺齊國泰92購01  ,0,0,0,0,0,0,0,0,0,1000,0,0,0,1000,0,1000,1000
044579,臻鼎凱基92購02  ,0,0,0,0,0,0,0,0,0,1000,0,0,0,1000,0,1000,1000
045845,台塑康和92購01  ,0,0,0,0,0,0,0,0,0,1000,0,0,0,1000,0,1000,1000
045106,玉晶光群益95購01,0,0,0,0,0,0,0,0,0,1000,0,0,0,20000,19000,1000,1000
045107,超眾群益92購02  ,0,0,0,0,0,0,0,0,0,1000,0,0,0,1000,0,1000,1000
045266,群創凱基92購02  ,0,0,0,0,0,0,0,0,0,1000,0,0,0,1000,0,1000,1000
045298,旺宏元大94購01  ,0,0,0,0,0,0,0,0,0,1000,0,0,0,1000,0,1000,1000
04336P,台達電元大93售04,0,0,0,0,0,0,0,0,0,1000,0,0,0,1000,0,1000,1000
04251P,欣興統一93售06  ,0,0,0,0,0,0,0,0,0,1000,0,0,0,1000,0,1000,1000
042681,嘉聯益元大92購01,0,0,0,0,0,0,0,0,0,1000,0,0,0,101000,100000,1000,1000
041750,可成兆豐92購01  ,0,0,0,0,0,0,0,0,0,1000,0,0,0,1000,0,1000,1000
041844,台積電富邦93購01,0,0,0,0,0,0,0,0,0,1000,0,0,0,1000,0,1000,1000
043460,台積電元大93購01,0,0,0,0,0,0,0,0,0,1000,0,0,0,1000,0,1000,1000
044120,世紀鋼兆豐92購01,0,0,0,0,0,0,0,0,0,1000,0,0,0,1000,0,1000,1000
044149,TPK群益92購01   ,0,0,0,0,0,0,0,0,0,1000,0,0,0,11000,10000,1000,1000
046346,旺宏兆豐92購02  ,0,0,0,0,0,0,0,0,0,1000,0,0,0,1000,0,1000,1000
04121P,宏碁凱基93售02  ,0,0,0,0,0,0,0,0,0,1000,0,0,0,1000,0,1000,1000
03298P,台積電統一03售15,0,0,0,0,0,0,0,0,0,1000,0,0,0,1000,0,1000,1000
035275,台積電台新97購01,0,0,0,0,0,0,0,0,0,1000,0,0,0,1000,0,1000,1000
03064P,台灣50群益01售14,0,0,0,0,0,0,0,0,0,1000,0,0,0,1000,0,1000,1000
03078X,元展73          ,0,0,0,0,0,0,0,0,0,1000,0,0,0,1000,0,1000,1000
04377P,大立光元大94售04,0,0,0,0,0,0,0,0,0,1000,0,0,0,1000,0,1000,1000
03772P,聯茂元大93售02  ,0,0,0,0,0,0,0,0,0,1000,0,0,0,1000,0,1000,1000
03022X,富展01          ,0,0,0,0,0,0,0,0,0,1000,0,0,0,1000,0,1000,1000
03243P,台積電統一02售08,0,0,0,0,0,0,0,0,0,1000,0,0,0,1000,0,1000,1000
03102P,臺股指凱基03售08,0,0,0,0,0,0,0,0,0,1000,0,0,0,1000,0,1000,1000
03154P,華新科群益01售07,0,0,0,0,0,0,0,0,0,1000,0,0,0,1000,0,1000,1000
03094X,大立光元大68展08,0,0,0,0,0,0,0,0,0,1000,0,0,0,1000,0,1000,1000
03935P,可成富邦95售01  ,0,0,0,0,0,0,0,0,0,1000,0,0,0,1000,0,1000,1000
03978P,瑞儀元大93售01  ,0,0,0,0,0,0,0,0,0,1000,0,0,0,1000,0,1000,1000
03860P,群創元富97售01  ,0,0,0,0,0,0,0,0,0,1000,0,0,0,1000,0,1000,1000
020011,統一微波高息20N ,0,0,0,0,0,0,0,0,0,1000,0,0,0,3000,2000,1000,1000
00715L,街口布蘭特油正2 ,0,0,0,0,0,0,0,0,0,1000,0,0,0,1000,0,1000,1000
0057,富邦摩台        ,0,0,0,0,0,0,0,0,0,1000,0,0,0,22000,21000,1000,1000
006203,元大MSCI台灣    ,0,1000,-1000,0,0,0,0,0,0,2000,0,0,0,3000,1000,2000,1000
00683L,元大美元指數正2 ,0,0,0,0,0,0,0,0,0,1000,0,0,0,41000,40000,1000,1000
048160,GIS兆豐95購01   ,0,0,0,0,0,0,0,0,0,1000,0,0,0,1000,0,1000,1000
048169,瑞昱永豐93購02  ,0,0,0,0,0,0,0,0,0,1000,0,0,0,73000,72000,1000,1000
048183,上海銀群益94購01,0,0,0,0,0,0,0,0,0,1000,0,0,0,1000,0,1000,1000
048208,臺股指元大93購42,0,0,0,0,0,0,0,0,0,1000,0,0,0,1000,0,1000,1000
048198,大立光元大93購28,0,0,0,0,0,0,0,0,0,1000,0,0,0,1000,0,1000,1000
046901,英業達凱基93購02,0,0,0,0,0,0,0,0,0,1000,0,0,0,2000,1000,1000,1000
049493,可成元大94購05  ,0,0,0,0,0,0,0,0,0,1000,0,0,0,220000,219000,1000,1000
049504,臺股指元大94購15,0,0,0,0,0,0,0,0,0,1000,0,0,0,1000,0,1000,1000
046660,宏達電元大93購07,0,0,0,0,0,0,0,0,0,1000,0,0,0,11000,10000,1000,1000
046969,聯發科群益93購05,0,0,0,0,0,0,0,0,0,1000,0,0,0,1000,0,1000,1000
046477,台積電統一94購02,0,0,0,0,0,0,0,0,0,1000,0,0,0,1000,0,1000,1000
047281,超眾永豐93購02  ,0,0,0,0,0,0,0,0,0,1000,0,0,0,1000,0,1000,1000
04800P,聯茂元大94售08  ,0,0,0,0,0,0,0,0,0,1000,0,0,0,1000,0,1000,1000
048399,祥碩國票94購01  ,0,0,0,0,0,0,0,0,0,1000,0,0,0,1000,0,1000,1000
04807P,聯茂元富94售01  ,0,0,0,0,0,0,0,0,0,1000,0,0,0,1000,0,1000,1000
04844P,京元電亞東94售01,0,0,0,0,0,0,0,0,0,1000,0,0,0,1000,0,1000,1000
047362,奇力新群益93購03,0,0,0,0,0,0,0,0,0,1000,0,0,0,1000,0,1000,1000
047364,欣興群益93購04  ,0,0,0,0,0,0,0,0,0,1000,0,0,0,1000,0,1000,1000
046612,群創麥證93購01  ,0,0,0,1000,1000,0,0,0,0,1000,0,0,0,2000,1000,1000,1000
046580,正崴元大92購01  ,0,0,0,0,0,0,0,0,0,1000,0,0,0,1000,0,1000,1000
047401,南茂永豐93購01  ,0,0,0,0,0,0,0,0,0,1000,0,0,0,1000,0,1000,1000
048096,大立光凱基93購33,0,0,0,0,0,0,0,0,0,1000,0,0,0,1000,0,1000,1000
049126,玉晶光元富94購02,0,0,0,0,0,0,0,0,0,1000,0,0,0,1000,0,1000,1000
049348,瑞昱台新94購01  ,0,0,0,0,0,0,0,0,0,1000,0,0,0,1000,0,1000,1000
049337,台達電統一94購03,0,0,0,0,0,0,0,0,0,1000,0,0,0,1000,0,1000,1000
049314,京鼎凱基94購01  ,0,0,0,0,0,0,0,0,0,1000,0,0,0,1000,0,1000,1000
049382,牧德元大94購04  ,0,0,0,0,0,0,0,0,0,1000,0,0,0,1000,0,1000,1000
047895,台積電群益94購04,0,0,0,0,0,0,0,0,0,1000,0,0,0,17000,16000,1000,1000
047903,滬深2X元大96購01,0,0,0,0,0,0,0,0,0,1000,0,0,0,1000,0,1000,1000
047971,南亞科富邦95購01,0,0,0,0,0,0,0,0,0,1000,0,0,0,1000,0,1000,1000
047796,臺股指群益93購07,0,0,0,0,0,0,0,0,0,1000,0,0,0,1000,0,1000,1000
047823,臺股指凱基93購17,0,0,0,0,0,0,0,0,0,1000,0,0,0,1000,0,1000,1000
047484,聯詠凱基93購03  ,0,0,0,0,0,0,0,0,0,1000,0,0,0,1000,0,1000,1000
048558,漢唐元大93購06  ,0,0,0,0,0,0,0,0,0,1000,0,0,0,1000,0,1000,1000
048569,台虹元大93購03  ,0,0,0,0,0,0,0,0,0,1000,0,0,0,11000,10000,1000,1000
048531,大立光國票93購05,0,0,0,0,0,0,0,0,0,1000,0,0,0,1000,0,1000,1000
049821,中石化凱基94購02,0,0,0,0,0,0,0,0,0,1000,0,0,0,1000,0,1000,1000
049822,大成鋼凱基94購04,0,0,0,0,0,0,0,0,0,1000,0,0,0,1000,0,1000,1000
049859,味全兆豐95購01  ,0,0,0,0,0,0,0,0,0,1000,0,0,0,1000,0,1000,1000
049931,矽力元大94購01  ,0,0,0,0,0,0,0,0,0,1000,0,0,0,31000,30000,1000,1000
049934,緯穎元大94購08  ,0,0,0,0,0,0,0,0,0,1000,0,0,0,17000,16000,1000,1000
049644,台積電凱基94購21,0,0,0,0,0,0,0,0,0,1000,0,0,0,20000,19000,1000,1000
048341,全新元大94購03  ,0,0,0,0,0,0,0,0,0,1000,0,0,0,1000,0,1000,1000
046886,喬山群益93購01  ,0,0,0,0,0,0,0,0,0,1000,0,0,0,11000,10000,1000,1000
046875,康友元富93購01  ,0,0,0,0,0,0,0,0,0,1000,0,0,0,1000,0,1000,1000
047551,聯發科凱基93購14,0,0,0,0,0,0,0,0,0,1000,0,0,0,1000,0,1000,1000
046826,統一群益94購01  ,0,0,0,0,0,0,0,0,0,1000,0,0,0,1000,0,1000,1000
049572,華固統一94購03  ,0,0,0,0,0,0,0,0,0,1000,0,0,0,1000,0,1000,1000
049568,台積電統一94購08,0,0,0,0,0,0,0,0,0,1000,0,0,0,1000,0,1000,1000
050039,鴻海中信94購03  ,0,0,0,0,0,0,0,0,0,1000,0,0,0,14000,13000,1000,1000
050176,正崴元大94購03  ,0,0,0,0,0,0,0,0,0,1000,0,0,0,10000,9000,1000,1000
050610,鴻海元大94購24  ,0,0,0,0,0,0,0,0,0,1000,0,0,0,89000,88000,1000,1000
050545,奇力新凱基95購01,0,0,0,0,0,0,0,0,0,1000,0,0,0,1000,0,1000,1000
050493,聯發科永昌96購01,0,0,0,0,0,0,0,0,0,1000,0,0,0,2000,1000,1000,1000
050887,台積電富邦95購05,0,0,0,0,0,0,0,0,0,1000,0,0,0,1000,0,1000,1000
05087P,GIS國泰96售01   ,0,0,0,0,0,0,0,0,0,1000,0,0,0,1000,0,1000,1000
050881,大立光元富95購04,0,0,0,0,0,0,0,0,0,1000,0,0,0,1000,0,1000,1000
051030,康友元富95購01  ,0,0,0,0,0,0,0,0,0,1000,0,0,0,6000,5000,1000,1000
050977,聯發科統一95購02,0,0,0,0,0,0,0,0,0,1000,0,0,0,1000,0,1000,1000
050708,臺股指凱基96購06,0,0,0,0,0,0,0,0,0,1000,0,0,0,21000,20000,1000,1000
050721,台泥國票94購01  ,0,0,0,0,0,0,0,0,0,1000,0,0,0,21000,20000,1000,1000
051341,訊連永豐95購02  ,0,0,0,0,0,0,0,0,0,1000,0,0,0,1000,0,1000,1000
05132P,鴻海元富95售07  ,0,0,0,0,0,0,0,0,0,1000,0,0,0,1000,0,1000,1000
051211,道瓊反統一95購01,0,0,0,0,0,0,0,0,0,1000,0,0,0,1000,0,1000,1000
052122,新光金國票96購01,0,0,0,0,0,0,0,0,0,1000,0,0,0,98000,97000,1000,1000
052065,臺股指國票95購12,0,0,0,0,0,0,0,0,0,1000,0,0,0,1000,0,1000,1000
05205P,緯穎元大95售03  ,0,0,0,0,0,0,0,0,0,1000,0,0,0,10000,9000,1000,1000
052032,臺股指群益95購05,0,0,0,0,0,0,0,0,0,1000,0,0,0,1000,0,1000,1000
052297,旭富國票96購01  ,0,0,0,0,0,0,0,0,0,1000,0,0,0,1000,0,1000,1000
052235,聯發科國票96購02,0,0,0,0,0,0,0,0,0,1000,0,0,0,5000,4000,1000,1000
051423,GIS國票97購01   ,0,0,0,0,0,0,0,0,0,1000,0,0,0,8000,7000,1000,1000
051434,中磊元富95購02  ,0,0,0,0,0,0,0,0,0,1000,0,0,0,28000,27000,1000,1000
051810,欣興凱基95購03  ,0,0,0,0,0,0,0,0,0,1000,0,0,0,1000,0,1000,1000
051723,嘉澤永豐95購01  ,0,0,0,0,0,0,0,0,0,1000,0,0,0,13000,12000,1000,1000
051742,欣興國票96購01  ,0,0,0,0,0,0,0,0,0,1000,0,0,0,1000,0,1000,1000
9941A,裕融甲特        ,0,0,0,0,0,0,0,0,0,1000,1000,0,1000,0,0,0,1000
8497,格威傳媒        ,2000,1000,1000,0,0,0,0,0,0,0,0,0,0,0,0,0,1000
8114,振樺電          ,21000,3000,18000,0,0,0,0,7000,-7000,-10000,0,10000,-10000,0,0,0,1000
6573,虹揚-KY         ,4000,3000,1000,0,0,0,0,0,0,0,0,0,0,0,0,0,1000
6674,鋐寶科技        ,2000,0,2000,0,0,0,0,0,0,-1000,0,1000,-1000,0,0,0,1000
6409,旭隼            ,127000,128000,-1000,0,0,0,0,2000,-2000,4000,4000,0,4000,0,0,0,1000
6243,迅杰            ,1000,0,1000,0,0,0,0,0,0,0,0,0,0,0,0,0,1000
6117,迎廣            ,3000,2000,1000,0,0,0,0,0,0,0,0,0,0,0,0,0,1000
5243,乙盛-KY         ,112000,111000,1000,0,0,0,0,0,0,0,0,0,0,0,0,0,1000
3058,立德            ,1000,0,1000,0,0,0,0,0,0,0,0,0,0,0,0,0,1000
3266,昇陽            ,4000,3000,1000,0,0,0,0,0,0,0,0,0,0,0,0,0,1000
3311,閎暉            ,1000,0,1000,0,0,0,0,0,0,0,0,0,0,0,0,0,1000
2936,客思達-KY       ,1000,0,1000,0,0,0,0,0,0,0,0,0,0,0,0,0,1000
2891C,中信金丙特      ,0,0,0,0,0,0,0,0,0,1000,1000,0,1000,0,0,0,1000
3021,鴻名            ,5000,4000,1000,0,0,0,0,0,0,0,0,0,0,0,0,0,1000
1436,華友聯          ,2000,1000,1000,0,0,0,0,0,0,0,0,0,0,0,0,0,1000
1341,富林-KY         ,1000,0,1000,0,0,0,0,0,0,0,0,0,0,0,0,0,1000
1454,台富            ,1000,0,1000,0,0,0,0,0,0,0,0,0,0,0,0,0,1000
1445,大宇            ,4000,3000,1000,0,0,0,0,0,0,0,0,0,0,0,0,0,1000
1539,巨庭            ,1000,0,1000,0,0,0,0,0,0,0,0,0,0,0,0,0,1000
1540,喬福            ,1000,0,1000,0,0,0,0,0,0,0,0,0,0,0,0,0,1000
1533,車王電          ,2000,1000,1000,0,0,0,0,0,0,0,0,0,0,0,0,0,1000
1726,永記            ,1000,0,1000,0,0,0,0,0,0,0,0,0,0,0,0,0,1000
2002A,中鋼特          ,0,0,0,0,0,0,0,0,0,1000,1000,0,1000,0,0,0,1000
2114,鑫永銓          ,1000,0,1000,0,0,0,0,0,0,0,0,0,0,0,0,0,1000
2032,新鋼            ,7000,6000,1000,0,0,0,0,0,0,0,0,0,0,0,0,0,1000
2302,麗正            ,1000,0,1000,0,0,0,0,0,0,0,0,0,0,0,0,0,1000
2516,新建            ,2000,1000,1000,0,0,0,0,0,0,0,0,0,0,0,0,0,1000
2881B,富邦金乙特      ,0,0,0,0,0,0,0,0,0,1000,1000,0,1000,0,0,0,1000
2712,遠雄來          ,0,0,0,0,0,0,0,0,0,1000,1000,0,1000,0,0,0,1000
2636,台驊投控        ,2000,1000,1000,0,0,0,0,0,0,0,0,0,0,0,0,0,1000
05714P,群創統一97售03  ,0,0,0,0,0,0,0,0,0,1000,0,0,0,1000,0,1000,1000
05738P,臺股指統一97售01,0,0,0,0,0,0,0,0,0,1000,0,0,0,1000,0,1000,1000
05821P,臺股指凱基96售18,0,0,0,0,0,0,0,0,0,1000,0,0,0,11000,10000,1000,1000
05894P,友達群益98售02  ,0,0,0,0,0,0,0,0,0,1000,0,0,0,1000,0,1000,1000
05979P,華新科中信96售02,0,0,0,0,0,0,0,0,0,1000,0,0,0,1000,0,1000,1000
055339,緯穎兆豐98購01  ,0,0,0,0,0,0,0,0,0,1000,0,0,0,1000,0,1000,1000
055207,致新中信99購01  ,0,0,0,0,0,0,0,0,0,1000,0,0,0,178000,177000,1000,1000
00636K,國泰中國A50+U   ,0,0,0,0,0,0,0,0,0,100,0,0,0,100,0,100,100
054014,宏達電永豐96購04,0,0,0,0,0,0,0,0,0,0,0,0,0,50000,50000,0,0
054044,京元電元大96購03,0,0,0,0,0,0,0,0,0,0,0,0,0,50000,50000,0,0
054265,GIS元大96購03   ,0,0,0,0,0,0,0,0,0,0,0,0,0,73000,73000,0,0
054251,聯發科元大96購21,0,0,0,0,0,0,0,0,0,0,0,0,0,41000,41000,0,0
054232,台積電群益96購12,0,0,0,0,0,0,0,0,0,0,0,0,0,11000,11000,0,0
054245,鴻海元大96購23  ,0,0,0,0,0,0,0,0,0,0,0,0,0,224000,224000,0,0
054159,T50正2凱基99購01,0,0,0,0,0,0,0,0,0,0,0,0,0,5000,5000,0,0
05442P,鴻海元大96售13  ,0,0,0,0,0,0,0,0,0,0,0,0,0,25000,25000,0,0
054462,旺宏凱基96購08  ,0,0,0,0,0,0,0,0,0,0,0,0,0,33000,33000,0,0
054506,矽格永豐96購01  ,0,0,0,0,0,0,0,0,0,0,0,0,0,1000,1000,0,0
054551,聯發科凱基98購02,0,0,0,0,0,0,0,0,0,0,0,0,0,2000,2000,0,0
054552,聯發科凱基98購03,0,0,0,0,0,0,0,0,0,0,0,0,0,2000,2000,0,0
05450P,臺股指元大95售27,0,0,0,0,0,0,0,0,0,0,0,0,0,42000,42000,0,0
05441P,華通元大95售09  ,0,0,0,0,0,0,0,0,0,0,0,0,0,7000,7000,0,0
054421,臺股指元大99購03,0,0,0,0,0,0,0,0,0,0,0,0,0,1000,1000,0,0
054418,茂林元大97購01  ,0,0,0,0,0,0,0,0,0,0,0,0,0,51000,51000,0,0
054362,亞光凱基96購03  ,0,0,0,0,0,0,0,0,0,0,0,0,0,5000,5000,0,0
054372,南亞科中信96購01,0,0,0,0,0,0,0,0,0,0,0,0,0,50000,50000,0,0
054948,聯發科元大97購14,0,0,0,0,0,0,0,0,0,0,0,0,0,2000,2000,0,0
054939,台積電元大97購15,0,0,0,0,0,0,0,0,0,0,0,0,0,65000,65000,0,0
054940,台積電元大97購16,0,0,0,0,0,0,0,0,0,0,0,0,0,16000,16000,0,0
05496P,聯詠統一95售04  ,0,0,0,0,0,0,0,0,0,0,0,0,0,10000,10000,0,0
055150,台積電元大98購04,0,0,0,0,0,0,0,0,0,0,0,0,0,303000,303000,0,0
054690,新興永豐97購01  ,0,0,0,0,0,0,0,0,0,0,0,0,0,55000,55000,0,0
054625,旺宏凱基98購03  ,0,0,0,0,0,0,0,0,0,0,0,0,0,3000,3000,0,0
054652,裕隆麥證97購01  ,0,0,0,20000,20000,0,0,0,0,0,0,0,0,20000,20000,0,0
054607,台積電永豐97購03,0,0,0,0,0,0,0,0,0,0,0,0,0,110000,110000,0,0
054813,鴻海元大97購09  ,0,0,0,0,0,0,0,0,0,0,0,0,0,124000,124000,0,0
05476P,聯發科群益95售06,0,0,0,0,0,0,0,0,0,0,0,0,0,79000,79000,0,0
054817,聯發科元大97購13,0,0,0,0,0,0,0,0,0,0,0,0,0,3000,3000,0,0
054825,康友元大97購01  ,0,0,0,0,0,0,0,0,0,0,0,0,0,34000,34000,0,0
053277,大立光元大96購04,0,0,0,0,0,0,0,0,0,0,0,0,0,34000,34000,0,0
053085,華新科元大97購04,0,0,0,0,0,0,0,0,0,0,0,0,0,8000,8000,0,0
053099,正崴元富96購01  ,0,0,0,0,0,0,0,0,0,0,0,0,0,18000,18000,0,0
053137,旺宏富邦98購01  ,0,0,0,0,0,0,0,0,0,0,0,0,0,2000,2000,0,0
053159,同欣電元大96購02,0,0,0,0,0,0,0,0,0,0,0,0,0,3000,3000,0,0
05316P,台積電永昌96售06,0,0,0,0,0,0,0,0,0,0,0,0,0,998000,998000,0,0
053171,中磊群益96購01  ,0,0,0,0,0,0,0,0,0,0,0,0,0,58000,58000,0,0
052762,欣興群益96購01  ,0,0,0,0,0,0,0,0,0,0,0,0,0,11000,11000,0,0
052860,旺宏凱基96購03  ,0,0,0,0,0,0,0,0,0,0,0,0,0,30000,30000,0,0
052844,台積電統一96購02,0,0,0,0,0,0,0,0,0,0,0,0,0,10000,10000,0,0
052934,中磊元大96購01  ,0,0,0,0,0,0,0,0,0,0,0,0,0,26000,26000,0,0
05293P,廣達凱基95售01  ,0,0,0,0,0,0,0,0,0,0,0,0,0,1000,1000,0,0
052944,宏達電國票97購01,0,0,0,0,0,0,0,0,0,0,0,0,0,1000,1000,0,0
053902,S&P反1凱基97購01,0,0,0,0,0,0,0,0,0,0,0,0,0,200000,200000,0,0
053956,旺宏永豐96購04  ,0,0,0,0,0,0,0,0,0,0,0,0,0,2000,2000,0,0
053836,亞光永豐96購02  ,0,0,0,0,0,0,0,0,0,0,0,0,0,21000,21000,0,0
053710,華通凱基96購05  ,0,0,0,0,0,0,0,0,0,0,0,0,0,5000,5000,0,0
053756,亞光元富96購02  ,0,0,0,0,0,0,0,0,0,0,0,0,0,2000,2000,0,0
053770,元金2X元大98購01,15000,0,15000,0,0,0,0,0,0,-15000,0,0,0,36000,51000,-15000,0
053735,矽力中信97購01  ,0,0,0,0,0,0,0,0,0,0,0,0,0,221000,221000,0,0
053784,奇力新元大97購02,0,0,0,0,0,0,0,0,0,0,0,0,0,1000,1000,0,0
053776,台積電元大96購19,0,0,0,0,0,0,0,0,0,0,0,0,0,11000,11000,0,0
053375,鴻海元大96購18  ,0,0,0,0,0,0,0,0,0,0,0,0,0,84000,84000,0,0
053376,鴻海元大96購19  ,0,0,0,0,0,0,0,0,0,0,0,0,0,68000,68000,0,0
053351,A50正2兆豐97購01,0,0,0,0,0,0,0,0,0,0,0,0,0,80000,80000,0,0
053412,台達電國票97購02,0,0,0,0,0,0,0,0,0,0,0,0,0,5000,5000,0,0
053413,台積電國票99購01,0,0,0,0,0,0,0,0,0,0,0,0,0,20000,20000,0,0
053428,中磊永豐96購02  ,0,0,0,0,0,0,0,0,0,0,0,0,0,10000,10000,0,0
053437,啟碁日盛96購01  ,0,0,0,0,0,0,0,0,0,0,0,0,0,42000,42000,0,0
053457,旺宏國泰98購03  ,0,0,0,0,0,0,0,0,0,0,0,0,0,11000,11000,0,0
053636,全新永豐96購02  ,0,0,0,0,0,0,0,0,0,0,0,0,0,78000,78000,0,0
00645,富邦日本        ,0,0,0,0,0,0,0,0,0,0,0,0,0,60000,60000,0,0
00625K,富邦上証+R      ,0,0,0,0,0,0,0,0,0,0,0,0,0,50000,50000,0,0
0054,元大台商50      ,0,0,0,0,0,0,0,0,0,0,0,0,0,1000,1000,0,0
00684R,元大美元指數反1 ,0,0,0,0,0,0,0,0,0,0,0,0,0,40000,40000,0,0
00657K,國泰日經225+U   ,0,0,0,0,0,0,0,0,0,0,0,0,0,100,100,0,0
00732,國泰RMB短期報酬 ,0,0,0,0,0,0,0,0,0,0,0,0,0,100000,100000,0,0
00707R,元大S&P日圓反1  ,0,0,0,0,0,0,0,0,0,0,0,0,0,41000,41000,0,0
00689R,國泰20年美債反1 ,0,0,0,0,0,0,0,0,0,0,0,0,0,100000,100000,0,0
00668K,國泰美國道瓊+U  ,0,0,0,0,0,0,0,0,0,0,0,0,0,100,100,0,0
00774B,新光中國政金綠債,0,0,0,0,0,0,0,0,0,0,0,0,0,2000,2000,0,0
00775B,新光投等債15+   ,0,0,0,0,0,0,0,0,0,0,0,0,0,2000,2000,0,0
00767,FH美國金融股    ,0,0,0,0,0,0,0,0,0,0,0,0,0,100000,100000,0,0
03976P,智原元大93售02  ,0,0,0,0,0,0,0,0,0,0,0,0,0,300000,300000,0,0
03179P,聯發科群益01售16,0,0,0,0,0,0,0,0,0,0,0,0,0,44000,44000,0,0
03208P,國巨中信02售02  ,0,0,0,0,0,0,0,0,0,0,0,0,0,10000,10000,0,0
03769P,聯發科元大93售04,0,0,0,0,0,0,0,0,0,0,0,0,0,627000,627000,0,0
043790,南亞科凱基91購07,0,0,0,0,0,0,0,0,0,0,0,0,0,30000,30000,0,0
03535P,臺股指凱基02售14,0,0,0,0,0,0,0,0,0,0,0,0,0,50000,50000,0,0
03553P,可成元富08售03  ,0,0,0,0,0,0,0,0,0,0,0,0,0,30000,30000,0,0
03602C,臺股指元大93牛01,0,0,0,0,0,0,0,0,0,0,0,0,0,10000,10000,0,0
043894,百和元大92購01  ,0,0,0,0,0,0,0,0,0,0,0,0,0,3000,3000,0,0
043868,台積電元大91購20,0,0,0,0,0,0,0,0,0,0,0,0,0,40000,40000,0,0
04132P,瑞昱群益93售04  ,0,0,0,0,0,0,0,0,0,0,0,0,0,5000,5000,0,0
046328,臻鼎元大92購09  ,0,0,0,0,0,0,0,0,0,0,0,0,0,100000,100000,0,0
046291,友達統一94購01  ,0,0,0,0,0,0,0,0,0,0,0,0,0,6000,6000,0,0
046286,高鐵兆豐93購01  ,0,0,0,0,0,0,0,0,0,0,0,0,0,40000,40000,0,0
045671,鴻海元大92購10  ,0,0,0,0,0,0,0,0,0,0,0,0,0,34000,34000,0,0
045642,致伸凱基92購02  ,0,0,0,0,0,0,0,0,0,0,0,0,0,10000,10000,0,0
046251,宏達電群益92購03,0,0,0,0,0,0,0,0,0,0,0,0,0,42000,42000,0,0
04416P,牧德元富94售06  ,0,0,0,0,0,0,0,0,0,0,0,0,0,100000,100000,0,0
044174,農林統一91購01  ,0,0,0,0,0,0,0,0,0,0,0,0,0,28000,28000,0,0
044802,南亞科凱基91購17,0,0,0,0,0,0,0,0,0,0,0,0,0,10000,10000,0,0
044221,群創凱基93購03  ,0,0,0,0,0,0,0,0,0,0,0,0,0,1000,1000,0,0
043599,宏達電元大93購03,0,0,0,0,0,0,0,0,0,0,0,0,0,230000,230000,0,0
042298,群創元大92購01  ,0,0,0,0,0,0,0,0,0,0,0,0,0,10000,10000,0,0
042735,TPK兆豐92購01   ,0,0,0,0,0,0,0,0,0,0,0,0,0,18000,18000,0,0
042550,欣興元大91購01  ,0,0,0,0,0,0,0,0,0,0,0,0,0,10000,10000,0,0
04329P,TPK群益93售04   ,0,0,0,0,0,0,0,0,0,0,0,0,0,10000,10000,0,0
04322P,可成元大94售01  ,0,0,0,0,0,0,0,0,0,0,0,0,0,28000,28000,0,0
043068,TPK兆豐93購01   ,0,0,0,0,0,0,0,0,0,0,0,0,0,17000,17000,0,0
04528P,智原凱基94售01  ,0,0,0,0,0,0,0,0,0,0,0,0,0,83000,83000,0,0
04526P,美律凱基94售03  ,0,0,0,0,0,0,0,0,0,0,0,0,0,100000,100000,0,0
045850,嘉澤永豐92購01  ,0,0,0,0,0,0,0,0,0,0,0,0,0,17000,17000,0,0
045851,健策永豐92購01  ,0,0,0,0,0,0,0,0,0,0,0,0,0,79000,79000,0,0
045855,緯穎富邦93購01  ,0,0,0,0,0,0,0,0,0,0,0,0,0,4000,4000,0,0
045084,欣興元大93購02  ,0,0,0,0,0,0,0,0,0,0,0,0,0,65000,65000,0,0
044569,華邦電凱基92購01,0,0,0,0,0,0,0,0,0,0,0,0,0,1000,1000,0,0
04454P,大立光富邦98售02,0,0,0,0,0,0,0,0,0,0,0,0,0,25000,25000,0,0
044631,聯茂元大92購02  ,0,0,0,0,0,0,0,0,0,0,0,0,0,68000,68000,0,0
044632,超眾元大91購03  ,0,0,0,0,0,0,0,0,0,0,0,0,0,100000,100000,0,0
045747,嘉聯益永豐92購02,0,0,0,0,0,0,0,0,0,0,0,0,0,34000,34000,0,0
044820,臻鼎兆豐93購02  ,0,0,0,0,0,0,0,0,0,0,0,0,0,19000,19000,0,0
046064,中工凱基94購01  ,0,0,0,0,0,0,0,0,0,0,0,0,0,30000,30000,0,0
046072,台勝科凱基92購03,0,0,0,0,0,0,0,0,0,0,0,0,0,20000,20000,0,0
046106,致新永豐92購01  ,0,0,0,0,0,0,0,0,0,0,0,0,0,3000,3000,0,0
04438P,微星群益94售01  ,0,0,0,0,0,0,0,0,0,0,0,0,0,7000,7000,0,0
044369,全新永豐91購03  ,0,0,0,0,0,0,0,0,0,0,0,0,0,40000,40000,0,0
044347,上証2X元大94購01,0,0,0,0,0,0,0,0,0,0,0,0,0,20000,20000,0,0
044352,南亞科元大91購11,0,0,0,0,0,0,0,0,0,0,0,0,0,50000,50000,0,0
044433,華新科元大92購06,0,0,0,0,0,0,0,0,0,0,0,0,0,30000,30000,0,0
044970,大毅永豐92購01  ,0,0,0,0,0,0,0,0,0,0,0,0,0,100000,100000,0,0
044312,A50正2永豐92購01,0,0,0,0,0,0,0,0,0,0,0,0,0,150000,150000,0,0
044315,大立光永豐92購01,0,0,0,0,0,0,0,0,0,0,0,0,0,30000,30000,0,0
044332,華邦電統一91購01,0,0,0,0,0,0,0,0,0,0,0,0,0,4000,4000,0,0
048966,佳世達元大95購01,0,0,0,0,0,0,0,0,0,0,0,0,0,99000,99000,0,0
048998,玉晶光國票95購03,0,0,0,0,0,0,0,0,0,0,0,0,0,79000,79000,0,0
049040,亞光兆豐95購01  ,0,0,0,0,0,0,0,0,0,0,0,0,0,14000,14000,0,0
049084,欣興凱基94購03  ,0,0,0,0,0,0,0,0,0,0,0,0,0,21000,21000,0,0
048798,華新科國泰95購01,0,0,0,0,0,0,0,0,0,0,0,0,0,1000,1000,0,0
048800,瑞昱富邦94購01  ,0,0,0,0,0,0,0,0,0,0,0,0,0,10000,10000,0,0
048770,揚明光凱基94購01,0,0,0,0,0,0,0,0,0,0,0,0,0,10000,10000,0,0
045161,玉晶光國泰94購03,0,0,0,0,0,0,0,0,0,0,0,0,0,10000,10000,0,0
045154,欣興凱基92購03  ,0,0,0,0,0,0,0,0,0,0,0,0,0,1000,1000,0,0
045960,聯發科凱基92購01,0,0,0,0,0,0,0,0,0,0,0,0,0,21000,21000,0,0
045202,力成凱基92購01  ,0,0,0,0,0,0,0,0,0,0,0,0,0,21000,21000,0,0
045207,智易國泰93購02  ,0,0,0,0,0,0,0,0,0,0,0,0,0,13000,13000,0,0
045586,創意元大93購03  ,0,0,0,0,0,0,0,0,0,0,0,0,0,1000,1000,0,0
045503,群創凱基93購09  ,0,0,0,0,0,0,0,0,0,0,0,0,0,6000,6000,0,0
045346,潤泰全凱基92購02,0,0,0,0,0,0,0,0,0,0,0,0,0,10000,10000,0,0
045390,新唐元大92購01  ,0,0,0,0,0,0,0,0,0,0,0,0,0,10000,10000,0,0
045462,美律元大93購04  ,0,0,0,0,0,0,0,0,0,0,0,0,0,18000,18000,0,0
04959P,可成凱基94售14  ,0,0,0,0,0,0,0,0,0,0,0,0,0,9000,9000,0,0
049600,緯穎元大95購02  ,0,0,0,0,0,0,0,0,0,0,0,0,0,23000,23000,0,0
048373,A50正2元富95購01,0,0,0,0,0,0,0,0,0,0,0,0,0,5000,5000,0,0
048376,台達電元富93購01,0,0,0,0,0,0,0,0,0,0,0,0,0,10000,10000,0,0
049746,全新永豐95購01  ,0,0,0,0,0,0,0,0,0,0,0,0,0,68000,68000,0,0
047543,鴻海凱基94購09  ,0,0,0,0,0,0,0,0,0,0,0,0,0,14000,14000,0,0
047550,聯發科凱基93購13,0,0,0,0,0,0,0,0,0,0,0,0,0,6000,6000,0,0
048820,台積電凱基94購06,0,0,0,0,0,0,0,0,0,0,0,0,0,145000,145000,0,0
047558,臻鼎凱基93購06  ,0,0,0,0,0,0,0,0,0,0,0,0,0,3000,3000,0,0
046881,智原富邦99購01  ,0,0,0,0,0,0,0,0,0,0,0,0,0,21000,21000,0,0
046844,旺宏永豐93購01  ,0,0,0,0,0,0,0,0,0,0,0,0,0,10000,10000,0,0
04760P,旺宏凱基94售02  ,0,0,0,0,0,0,0,0,0,0,0,0,0,18000,18000,0,0
048351,旺宏台新94購02  ,0,0,0,0,0,0,0,0,0,0,0,0,0,100000,100000,0,0
049642,鴻海凱基94購16  ,0,0,0,0,0,0,0,0,0,0,0,0,0,30000,30000,0,0
049646,旺宏凱基94購01  ,0,0,0,0,0,0,0,0,0,0,0,0,0,3000,3000,0,0
049629,臺股指群益94購02,0,0,0,0,0,0,0,0,0,0,0,0,0,4000,4000,0,0
049665,TPK永昌95購01   ,0,0,0,0,0,0,0,0,0,0,0,0,0,13000,13000,0,0
04965P,日月光元大94售02,0,0,0,0,0,0,0,0,0,0,0,0,0,6000,6000,0,0
049653,緯穎凱基94購03  ,0,0,0,0,0,0,0,0,0,0,0,0,0,9000,9000,0,0
049689,正崴元大94購02  ,0,0,0,0,0,0,0,0,0,0,0,0,0,15000,15000,0,0
049546,正崴群益94購01  ,0,0,0,0,0,0,0,0,0,0,0,0,0,8000,8000,0,0
049963,聯發科元富94購02,0,0,0,0,0,0,0,0,0,0,0,0,0,5000,5000,0,0
049866,景碩兆豐94購01  ,0,0,0,0,0,0,0,0,0,0,0,0,0,4000,4000,0,0
049857,緯穎群益94購03  ,0,0,0,0,0,0,0,0,0,0,0,0,0,53000,53000,0,0
049848,聯發科群益94購06,0,0,0,0,0,0,0,0,0,0,0,0,0,110000,110000,0,0
049815,緯穎元大94購06  ,0,0,0,0,0,0,0,0,0,0,0,0,0,2000,2000,0,0
049816,緯穎元大94購07  ,0,0,0,0,0,0,0,0,0,0,0,0,0,4000,4000,0,0
048320,聯詠凱基93購08  ,0,0,0,0,0,0,0,0,0,0,0,0,0,28000,28000,0,0
048498,嘉澤元大94購01  ,0,0,0,0,0,0,0,0,0,0,0,0,0,25000,25000,0,0
048568,緯穎元大93購06  ,0,0,0,0,0,0,0,0,0,0,0,0,0,2000,2000,0,0
048678,統一富邦93購01  ,0,0,0,0,0,0,0,0,0,0,0,0,0,10000,10000,0,0
048679,大成鋼富邦93購01,0,0,0,0,0,0,0,0,0,0,0,0,0,200000,200000,0,0
048603,中磊國票94購02  ,0,0,0,0,0,0,0,0,0,0,0,0,0,17000,17000,0,0
046759,聯發科凱基93購06,0,0,0,0,0,0,0,0,0,0,0,0,0,3000,3000,0,0
047509,技嘉國票93購01  ,0,0,0,0,0,0,0,0,0,0,0,0,0,2000,2000,0,0
047532,上海銀元大93購02,0,0,0,0,0,0,0,0,0,0,0,0,0,100000,100000,0,0
047482,新光金凱基99購03,0,0,0,0,0,0,0,0,0,0,0,0,0,10000,10000,0,0
046750,鴻海凱基93購17  ,0,0,0,0,0,0,0,0,0,0,0,0,0,25000,25000,0,0
047867,旺宏永豐93購02  ,0,0,0,0,0,0,0,0,0,0,0,0,0,11000,11000,0,0
04778P,可成凱基94售10  ,0,0,0,0,0,0,0,0,0,0,0,0,0,10000,10000,0,0
047804,鴻海凱基93購26  ,0,0,0,0,0,0,0,0,0,0,0,0,0,5000,5000,0,0
047973,華通兆豐94購01  ,0,0,0,0,0,0,0,0,0,0,0,0,0,5000,5000,0,0
047915,鴻海凱基93購27  ,0,0,0,0,0,0,0,0,0,0,0,0,0,4000,4000,0,0
047877,滬深2X中信95購07,0,0,0,0,0,0,0,0,0,0,0,0,0,50000,50000,0,0
047702,鴻海凱基94購13  ,0,0,0,0,0,0,0,0,0,0,0,0,0,20000,20000,0,0
047708,聯發科凱基93購17,0,0,0,0,0,0,0,0,0,0,0,0,0,7000,7000,0,0
047710,聯發科凱基93購21,0,0,0,0,0,0,0,0,0,0,0,0,0,37000,37000,0,0
047721,GIS凱基93購04   ,0,0,0,0,0,0,0,0,0,0,0,0,0,115000,115000,0,0
048317,大立光凱基93購36,0,0,0,0,0,0,0,0,0,0,0,0,0,1000,1000,0,0
047995,台達電元大96購01,0,0,0,0,0,0,0,0,0,0,0,0,0,10000,10000,0,0
047691,群創第一93購01  ,0,0,0,0,0,0,0,0,0,0,0,0,0,33000,33000,0,0
049342,聯發科統一94購05,0,0,0,0,0,0,0,0,0,0,0,0,0,10000,10000,0,0
049446,為升統一94購01  ,0,0,0,0,0,0,0,0,0,0,0,0,0,10000,10000,0,0
049319,GIS凱基94購03   ,0,0,0,0,0,0,0,0,0,0,0,0,0,23000,23000,0,0
049323,百和凱基94購01  ,0,0,0,0,0,0,0,0,0,0,0,0,0,29000,29000,0,0
048105,滬深2X群益99購02,0,0,0,0,0,0,0,0,0,0,0,0,0,1000,1000,0,0
048134,祥碩國票93購02  ,0,0,0,0,0,0,0,0,0,0,0,0,0,2000,2000,0,0
048129,力成元大93購02  ,0,0,0,0,0,0,0,0,0,0,0,0,0,2000,2000,0,0
048094,大立光凱基93購31,0,0,0,0,0,0,0,0,0,0,0,0,0,1000,1000,0,0
048085,鴻海凱基93購32  ,0,0,0,0,0,0,0,0,0,0,0,0,0,37000,37000,0,0
046609,深中小國票93購01,0,0,0,0,0,0,0,0,0,0,0,0,0,24000,24000,0,0
046610,義隆國票93購01  ,0,0,0,0,0,0,0,0,0,0,0,0,0,200000,200000,0,0
047351,聯詠凱基93購02  ,0,0,0,0,0,0,0,0,0,0,0,0,0,22000,22000,0,0
047345,鴻海凱基94購06  ,0,0,0,0,0,0,0,0,0,0,0,0,0,1000,1000,0,0
046644,台達電國泰93購01,0,0,0,0,0,0,0,0,0,0,0,0,0,5000,5000,0,0
048480,FB上証中信94購01,0,0,0,0,0,0,0,0,0,0,0,0,0,28000,28000,0,0
048057,宏達電國泰94購02,0,0,0,0,0,0,0,0,0,0,0,0,0,48000,48000,0,0
048404,大立光群益93購11,0,0,0,0,0,0,0,0,0,0,0,0,0,40000,40000,0,0
047309,鴻海元大93購13  ,0,0,0,0,0,0,0,0,0,0,0,0,0,15000,15000,0,0
048028,聯發科凱基93購25,0,0,0,0,0,0,0,0,0,0,0,0,0,14000,14000,0,0
048029,聯發科凱基93購26,0,0,0,0,0,0,0,0,0,0,0,0,0,12000,12000,0,0
046531,臻鼎兆豐92購02  ,0,0,0,0,0,0,0,0,0,0,0,0,0,10000,10000,0,0
046538,大立光群益93購06,0,0,0,0,0,0,0,0,0,0,0,0,0,9000,9000,0,0
046521,台郡元大92購06  ,0,0,0,0,0,0,0,0,0,0,0,0,0,10000,10000,0,0
046485,群創國泰93購02  ,0,0,0,0,0,0,0,0,0,0,0,0,0,3000,3000,0,0
049172,鴻海凱基94購14  ,0,0,0,0,0,0,0,0,0,0,0,0,0,16000,16000,0,0
049173,鴻海凱基94購15  ,0,0,0,0,0,0,0,0,0,0,0,0,0,19000,19000,0,0
049174,台積電凱基94購11,0,0,0,0,0,0,0,0,0,0,0,0,0,89000,89000,0,0
046699,臻鼎凱基93購03  ,0,0,0,0,0,0,0,0,0,0,0,0,0,4000,4000,0,0
046707,友達康和93購01  ,0,0,0,0,0,0,0,0,0,0,0,0,0,10000,10000,0,0
046692,鴻海凱基93購15  ,0,0,0,0,0,0,0,0,0,0,0,0,0,1000,1000,0,0
046693,台積電凱基93購03,0,0,0,0,0,0,0,0,0,0,0,0,0,10000,10000,0,0
047094,聯發科麥證93購02,0,0,0,18000,10000,8000,0,0,0,0,0,0,0,18000,18000,0,0
047058,聯茂國票94購01  ,0,0,0,0,0,0,0,0,0,0,0,0,0,20000,20000,0,0
047061,鴻海凱基93購23  ,0,0,0,0,0,0,0,0,0,0,0,0,0,68000,68000,0,0
047064,致伸凱基93購03  ,0,0,0,0,0,0,0,0,0,0,0,0,0,20000,20000,0,0
046659,瑞昱元大93購02  ,0,0,0,0,0,0,0,0,0,0,0,0,0,10000,10000,0,0
046458,大立光凱基92購11,0,0,0,0,0,0,0,0,0,0,0,0,0,10000,10000,0,0
049206,大立光群益94購04,0,0,0,0,0,0,0,0,0,0,0,0,0,30000,30000,0,0
046435,聯發科群益92購06,0,0,0,0,0,0,0,0,0,0,0,0,0,10000,10000,0,0
046372,東元凱基92購01  ,0,0,0,0,0,0,0,0,0,0,0,0,0,200000,200000,0,0
049472,楠梓電永豐95購01,0,0,0,0,0,0,0,0,0,0,0,0,0,280000,280000,0,0
046943,聯發科元大93購06,0,0,0,0,0,0,0,0,0,0,0,0,0,18000,18000,0,0
047231,大立光凱基95購03,0,0,0,0,0,0,0,0,0,0,0,0,0,1000,1000,0,0
049233,聯發科統一94購04,0,0,0,0,0,0,0,0,0,0,0,0,0,1000,1000,0,0
047222,鴻海凱基94購04  ,0,0,0,0,0,0,0,0,0,0,0,0,0,2000,2000,0,0
047161,世紀鋼國票94購01,0,0,0,0,0,0,0,0,0,0,0,0,0,35000,35000,0,0
047145,鴻海群益95購01  ,0,0,0,0,0,0,0,0,0,0,0,0,0,10000,10000,0,0
047134,聯發科凱基93購10,0,0,0,0,0,0,0,0,0,0,0,0,0,41000,41000,0,0
048196,聯發科元大93購24,0,0,0,0,0,0,0,0,0,0,0,0,0,1000,1000,0,0
048197,義隆元大93購04  ,0,0,0,0,0,0,0,0,0,0,0,0,0,13000,13000,0,0
048170,智原永豐93購02  ,0,0,0,0,0,0,0,0,0,0,0,0,0,5000,5000,0,0
047728,嘉聯益群益93購01,0,0,0,0,0,0,0,0,0,0,0,0,0,4000,4000,0,0
048193,旺宏元大94購05  ,0,0,0,0,0,0,0,0,0,0,0,0,0,3000,3000,0,0
047771,緯創元大93購01  ,0,0,0,0,0,0,0,0,0,0,0,0,0,7000,7000,0,0
047457,旺宏群益95購01  ,0,0,0,0,0,0,0,0,0,0,0,0,0,6000,6000,0,0
047443,智原元大94購01  ,0,0,0,0,0,0,0,0,0,0,0,0,0,205000,205000,0,0
046951,GIS元大93購08   ,0,0,0,0,0,0,0,0,0,0,0,0,0,45000,45000,0,0
051787,燿華國票96購02  ,0,0,0,0,0,0,0,0,0,0,0,0,0,110000,110000,0,0
051795,T50反1台新05購02,0,0,0,0,0,0,0,0,0,0,0,0,0,5000,5000,0,0
051796,和碩康和95購01  ,0,0,0,0,0,0,0,0,0,0,0,0,0,100000,100000,0,0
051864,聯發科凱基96購03,0,0,0,0,0,0,0,0,0,0,0,0,0,14000,14000,0,0
051973,華新科凱基96購04,0,0,0,0,0,0,0,0,0,0,0,0,0,6000,6000,0,0
051414,新光金國票95購04,0,0,0,0,0,0,0,0,0,0,0,0,0,300000,300000,0,0
051410,京元電國票96購01,0,0,0,0,0,0,0,0,0,0,0,0,0,70000,70000,0,0
051501,康友群益95購02  ,0,0,0,0,0,0,0,0,0,0,0,0,0,20000,20000,0,0
051441,鴻海元大95購13  ,0,0,0,0,0,0,0,0,0,0,0,0,0,50000,50000,0,0
05146P,鴻海元大95售10  ,0,0,0,0,0,0,0,0,0,0,0,0,0,52000,52000,0,0
051637,嘉聯益國票96購01,0,0,0,0,0,0,0,0,0,0,0,0,0,99000,99000,0,0
051607,緯創群益96購02  ,0,0,0,0,0,0,0,0,0,0,0,0,0,10000,10000,0,0
051661,華新科永昌96購01,0,0,0,0,0,0,0,0,0,0,0,0,0,9000,9000,0,0
051571,南茂富邦95購01  ,0,0,0,0,0,0,0,0,0,0,0,0,0,1000,1000,0,0
051531,國巨國票96購04  ,0,0,0,0,0,0,0,0,0,0,0,0,0,1000,1000,0,0
051536,玉晶光國票97購01,0,0,0,0,0,0,0,0,0,0,0,0,0,56000,56000,0,0
052279,旺宏凱基95購07  ,0,0,0,0,0,0,0,0,0,0,0,0,0,3000,3000,0,0
052280,聯發科凱基95購11,0,0,0,0,0,0,0,0,0,0,0,0,0,6000,6000,0,0
052274,大立光群益95購03,0,0,0,0,0,0,0,0,0,0,0,0,0,9000,9000,0,0
052301,華通康和95購01  ,0,0,0,0,0,0,0,0,0,0,0,0,0,300000,300000,0,0
052320,緯創元大95購05  ,0,0,0,0,0,0,0,0,0,0,0,0,0,20000,20000,0,0
052055,緯穎凱基95購03  ,0,0,0,0,0,0,0,0,0,0,0,0,0,29000,29000,0,0
052056,緯穎凱基95購04  ,0,0,0,0,0,0,0,0,0,0,0,0,0,4000,4000,0,0
052081,臺股指元富95購03,0,0,0,0,0,0,0,0,0,0,0,0,0,1000,1000,0,0
052087,鴻海元大96購09  ,0,0,0,0,0,0,0,0,0,0,0,0,0,1000,1000,0,0
052143,鴻海群益95購09  ,0,0,0,0,0,0,0,0,0,0,0,0,0,11000,11000,0,0
052167,亞泥元大96購01  ,0,0,0,0,0,0,0,0,0,0,0,0,0,10000,10000,0,0
052171,台積電元大95購21,0,0,0,0,0,0,0,0,0,0,0,0,0,121000,121000,0,0
052164,啟碁永豐95購01  ,0,0,0,0,0,0,0,0,0,0,0,0,0,13000,13000,0,0
05219P,鴻海元大95售17  ,0,0,0,0,0,0,0,0,0,0,0,0,0,456000,456000,0,0
052450,嘉澤元大95購03  ,0,0,0,0,0,0,0,0,0,0,0,0,0,44000,44000,0,0
052454,力成元大95購02  ,0,0,0,0,0,0,0,0,0,0,0,0,0,62000,62000,0,0
05243P,鴻海元大95售19  ,0,0,0,0,0,0,0,0,0,0,0,0,0,77000,77000,0,0
052485,深中小國票96購01,0,0,0,0,0,0,0,0,0,0,0,0,0,10000,10000,0,0
052551,台積電國票97購03,0,0,0,0,0,0,0,0,0,0,0,0,0,20000,20000,0,0
052515,矽力凱基95購02  ,0,0,0,0,0,0,0,0,0,0,0,0,0,20000,20000,0,0
052572,群創凱基99購01  ,0,0,0,0,0,0,0,0,0,0,0,0,0,114000,114000,0,0
052577,台積電統一96購01,0,0,0,0,0,0,0,0,0,0,0,0,0,30000,30000,0,0
052606,聯發科元大97購04,0,0,0,0,0,0,0,0,0,0,0,0,0,22000,22000,0,0
052603,鴻海元大96購15  ,0,0,0,0,0,0,0,0,0,0,0,0,0,42000,42000,0,0
052618,群創國泰98購01  ,0,0,0,0,0,0,0,0,0,0,0,0,0,1000,1000,0,0
052664,麗豐國票96購02  ,0,0,0,0,0,0,0,0,0,0,0,0,0,25000,25000,0,0
051206,大立光麥證95購02,0,0,0,0,1000,-1000,0,0,0,0,0,0,0,1000,1000,0,0
051163,鴻海元大95購04  ,0,0,0,0,0,0,0,0,0,0,0,0,0,531000,531000,0,0
051061,中磊群益95購01  ,0,0,0,0,0,0,0,0,0,0,0,0,0,8000,8000,0,0
051048,臺指反群益96購01,0,0,0,0,0,0,0,0,0,0,0,0,0,100000,100000,0,0
051085,鴻海元大95購03  ,0,0,0,0,0,0,0,0,0,0,0,0,0,445000,445000,0,0
051086,鴻海元大96購04  ,0,0,0,0,0,0,0,0,0,0,0,0,0,74000,74000,0,0
051344,鴻海元大95購08  ,0,0,0,0,0,0,0,0,0,0,0,0,0,369000,369000,0,0
051350,台積電元大95購14,0,0,0,0,0,0,0,0,0,0,0,0,0,151000,151000,0,0
051292,牧德統一97購01  ,0,0,0,0,0,0,0,0,0,0,0,0,0,10000,10000,0,0
051270,百和富邦95購01  ,0,0,0,0,0,0,0,0,0,0,0,0,0,20000,20000,0,0
051275,群創亞東95購01  ,0,0,0,0,0,0,0,0,0,0,0,0,0,1000,1000,0,0
051239,國巨元大96購02  ,0,0,0,0,0,0,0,0,0,0,0,0,0,1000,1000,0,0
05123P,鴻海永昌96售07  ,0,0,0,0,0,0,0,0,0,0,0,0,0,274000,274000,0,0
050724,國巨國票96購01  ,0,0,0,0,0,0,0,0,0,0,0,0,0,60000,60000,0,0
050828,康控凱基95購01  ,0,0,0,0,0,0,0,0,0,0,0,0,0,10000,10000,0,0
050813,旺宏凱基96購01  ,0,0,0,0,0,0,0,0,0,0,0,0,0,10000,10000,0,0
050810,鴻海凱基95購09  ,0,0,0,0,0,0,0,0,0,0,0,0,0,21000,21000,0,0
050764,鴻海元大94購27  ,0,0,0,0,0,0,0,0,0,0,0,0,0,330000,330000,0,0
050998,訊連元大95購01  ,0,0,0,0,0,0,0,0,0,0,0,0,0,48000,48000,0,0
051021,啟碁凱基95購02  ,0,0,0,0,0,0,0,0,0,0,0,0,0,1000,1000,0,0
050912,正崴中信95購02  ,0,0,0,0,0,0,0,0,0,0,0,0,0,10000,10000,0,0
050896,華新科元大96購02,0,0,0,0,0,0,0,0,0,0,0,0,0,62000,62000,0,0
05093P,可成元大95售03  ,0,0,0,0,0,0,0,0,0,0,0,0,0,31000,31000,0,0
050502,聯發科凱基94購21,0,0,0,0,0,0,0,0,0,0,0,0,0,6000,6000,0,0
050457,力成元大94購01  ,0,0,0,0,0,0,0,0,0,0,0,0,0,11000,11000,0,0
050484,世紀鋼國票95購02,0,0,0,0,0,0,0,0,0,0,0,0,0,5000,5000,0,0
050426,國巨凱基94購14  ,0,0,0,0,0,0,0,0,0,0,0,0,0,3000,3000,0,0
050432,聯發科凱基94購19,0,0,0,0,0,0,0,0,0,0,0,0,0,9000,9000,0,0
050443,復盛凱基94購02  ,0,0,0,0,0,0,0,0,0,0,0,0,0,16000,16000,0,0
050445,鴻海元大94購21  ,0,0,0,0,0,0,0,0,0,0,0,0,0,199000,199000,0,0
050346,康友元富94購03  ,0,0,0,0,0,0,0,0,0,0,0,0,0,50000,50000,0,0
050550,大立光凱基95購04,0,0,0,0,0,0,0,0,0,0,0,0,0,1000,1000,0,0
050558,台積電統一94購14,0,0,0,0,0,0,0,0,0,0,0,0,0,10000,10000,0,0
050563,臻鼎元富94購07  ,0,0,0,0,0,0,0,0,0,0,0,0,0,98000,98000,0,0
050576,南亞科國票95購01,0,10000,-10000,0,0,0,0,0,0,10000,0,0,0,10000,0,10000,0
050518,台積電元大94購28,0,0,0,0,0,0,0,0,0,0,0,0,0,149000,149000,0,0
050513,亞泥元大94購02  ,0,0,0,0,0,0,0,0,0,0,0,0,0,34000,34000,0,0
050539,鴻海凱基95購07  ,0,0,0,0,0,0,0,0,0,0,0,0,0,235000,235000,0,0
050537,鴻海凱基95購05  ,0,0,0,0,0,0,0,0,0,0,0,0,0,1000,1000,0,0
050544,聯發科凱基95購02,0,0,0,0,0,0,0,0,0,0,0,0,0,12000,12000,0,0
050541,智邦凱基94購04  ,0,0,0,0,0,0,0,0,0,0,0,0,0,100000,100000,0,0
050604,上証2X永昌94購01,0,0,0,0,0,0,0,0,0,0,0,0,0,1000,1000,0,0
050652,大立光凱基96購03,0,0,0,0,0,0,0,0,0,0,0,0,0,18000,18000,0,0
050183,奇鋐元大96購01  ,0,0,0,0,0,0,0,0,0,0,0,0,0,123000,123000,0,0
050168,緯創富邦95購01  ,0,0,0,0,0,0,0,0,0,0,0,0,0,25000,25000,0,0
050208,燿華兆豐95購02  ,0,0,0,0,0,0,0,0,0,0,0,0,0,62000,62000,0,0
050187,群創元大94購03  ,0,0,0,0,0,0,0,0,0,0,0,0,0,82000,82000,0,0
050302,百和凱基94購03  ,0,0,0,0,0,0,0,0,0,0,0,0,0,8000,8000,0,0
050264,聯發科元大94購13,0,0,0,0,0,0,0,0,0,0,0,0,0,4000,4000,0,0
050252,聯發科國泰95購01,0,0,0,0,0,0,0,0,0,0,0,0,0,3000,3000,0,0
050059,旺宏凱基94購03  ,0,0,0,0,0,0,0,0,0,0,0,0,0,4000,4000,0,0
050062,聯發科凱基94購08,0,0,0,0,0,0,0,0,0,0,0,0,0,10000,10000,0,0
050004,明泰永豐94購01  ,0,0,0,0,0,0,0,0,0,0,0,0,0,10000,10000,0,0
050132,日電貿凱基94購02,0,0,0,0,0,0,0,0,0,0,0,0,0,10000,10000,0,0
050126,國巨凱基94購08  ,0,0,0,0,0,0,0,0,0,0,0,0,0,3000,3000,0,0
050127,台積電凱基94購31,0,0,0,0,0,0,0,0,0,0,0,0,0,10000,10000,0,0
050111,全新元大95購02  ,0,0,0,0,0,0,0,0,0,0,0,0,0,131000,131000,0,0
050118,臻鼎元大94購01  ,0,0,0,0,0,0,0,0,0,0,0,0,0,50000,50000,0,0
055258,玉晶光統一97購03,0,0,0,0,0,0,0,0,0,0,0,0,0,10000,10000,0,0
055351,聯發科凱基97購03,0,0,0,0,0,0,0,0,0,0,0,0,0,3000,3000,0,0
055297,啟碁元大97購01  ,0,0,0,0,0,0,0,0,0,0,0,0,0,3000,3000,0,0
055299,康友元大97購02  ,0,0,0,0,0,0,0,0,0,0,0,0,0,31000,31000,0,0
05631P,國巨富邦9A售01  ,0,0,0,0,0,0,0,0,0,0,0,0,0,10000,10000,0,0
055508,矽力元大97購01  ,0,0,0,0,0,0,0,0,0,0,0,0,0,20000,20000,0,0
055431,和鑫群益98購01  ,0,0,0,0,0,0,0,0,0,0,0,0,0,11000,11000,0,0
055400,緯穎統一97購01  ,0,0,0,0,0,0,0,0,0,0,0,0,0,100000,100000,0,0
055456,上銀富邦99購01  ,0,0,0,0,0,0,0,0,0,0,0,0,0,2000,2000,0,0
055458,燿華永豐98購01  ,0,0,0,0,0,0,0,0,0,0,0,0,0,10000,10000,0,0
055484,華通元大97購04  ,0,0,0,0,0,0,0,0,0,0,0,0,0,35000,35000,0,0
055501,創意元大97購01  ,0,0,0,0,0,0,0,0,0,0,0,0,0,31000,31000,0,0
05950P,台積電國票97售04,0,0,0,0,0,0,0,0,0,0,0,0,0,7000,7000,0,0
05892P,大立光中信98售03,0,0,0,0,0,0,0,0,0,0,0,0,0,12000,12000,0,0
05868P,台積電凱基96售17,0,0,0,0,0,0,0,0,0,0,0,0,0,15000,15000,0,0
05859P,台表科國票97售04,0,0,0,0,0,0,0,0,0,0,0,0,0,10000,10000,0,0
05931P,鴻海凱基96售15  ,0,0,0,0,0,0,0,0,0,0,0,0,0,50000,50000,0,0
05932P,鴻海凱基96售16  ,0,0,0,0,0,0,0,0,0,0,0,0,0,20000,20000,0,0
05933P,鴻海凱基97售03  ,0,0,0,0,0,0,0,0,0,0,0,0,0,20000,20000,0,0
05802P,臺股指兆豐96售02,0,0,0,0,0,0,0,0,0,0,0,0,0,10000,10000,0,0
05832P,臺股指元富96售04,0,0,0,0,0,0,0,0,0,0,0,0,0,262000,262000,0,0
05771P,大立光凱基96售13,0,0,0,0,0,0,0,0,0,0,0,0,0,7000,7000,0,0
05742P,可成元大96售04  ,0,0,0,0,0,0,0,0,0,0,0,0,0,67000,67000,0,0
05719P,可成元大96售03  ,0,0,0,0,0,0,0,0,0,0,0,0,0,23000,23000,0,0
05664P,國巨凱基96售09  ,0,0,0,0,0,0,0,0,0,0,0,0,0,50000,50000,0,0
05681P,大立光元大96售05,0,0,0,0,0,0,0,0,0,0,0,0,0,8000,8000,0,0
2528,皇普            ,9000,9000,0,0,0,0,0,0,0,0,0,0,0,0,0,0,0
2373,震旦行          ,8000,6000,2000,0,0,0,0,2000,-2000,0,0,0,0,0,0,0,0
2033,佳大            ,1000,1000,0,0,0,0,0,0,0,0,0,0,0,0,0,0,0
1721,三晃            ,6000,6000,0,0,0,0,0,0,0,0,0,0,0,0,0,0,0
1474,弘裕            ,1000,1000,0,0,0,0,0,0,0,0,0,0,0,0,0,0,0
1315,達新            ,29000,29000,0,0,0,0,0,0,0,0,0,0,0,0,0,0,0
06065P,大立光台新97售01,0,0,0,0,0,0,0,0,0,0,0,0,0,20000,20000,0,0
06194P,台積電元富97售05,0,0,0,0,0,0,0,0,0,0,0,0,0,10000,10000,0,0
06198P,台積電元大98售06,0,0,0,0,0,0,0,0,0,0,0,0,0,110000,110000,0,0
06199P,聯發科元大97售17,0,0,0,0,0,0,0,0,0,0,0,0,0,30000,30000,0,0
3054,立萬利          ,1000,1000,0,0,0,0,0,0,0,0,0,0,0,0,0,0,0
2939,凱羿-KY         ,3000,3000,0,0,0,0,0,0,0,0,0,0,0,0,0,0,0
3591,艾笛森          ,1000,2000,-1000,0,0,0,0,0,0,1000,1000,0,1000,0,0,0,0
5283,禾聯碩          ,7000,6000,1000,0,0,0,0,0,0,-1000,0,0,0,0,1000,-1000,0
4739,康普            ,13000,12000,1000,0,0,0,0,0,0,-1000,0,0,0,0,1000,-1000,0
6205,詮欣            ,1000,1000,0,0,0,0,0,0,0,0,0,0,0,0,0,0,0
9902,台火            ,10000,10000,0,0,0,0,0,0,0,0,0,0,0,0,0,0,0
8072,陞泰            ,0,708,-708,0,0,0,0,0,0,0,0,0,0,0,0,0,-708
053368,京元電富邦98購01,0,0,0,0,0,0,0,0,0,-1000,0,0,0,0,1000,-1000,-1000
053692,聯詠元大96購04  ,0,0,0,0,0,0,0,0,0,-1000,0,0,0,0,1000,-1000,-1000
053695,智易元大97購02  ,0,0,0,0,0,0,0,0,0,-1000,0,0,0,0,1000,-1000,-1000
053725,晶相光凱基96購01,0,0,0,0,0,0,0,0,0,-1000,0,0,0,44000,45000,-1000,-1000
053716,京元電凱基97購01,0,0,0,0,0,0,0,0,0,-1000,0,0,0,0,1000,-1000,-1000
053806,鎧勝凱基96購02  ,0,0,0,0,0,0,0,0,0,-1000,0,0,0,0,1000,-1000,-1000
053954,貿聯康和96購01  ,0,0,0,0,0,0,0,0,0,-1000,0,0,0,0,1000,-1000,-1000
053906,宏達電凱基96購02,0,0,0,0,0,0,0,0,0,-1000,0,0,0,0,1000,-1000,-1000
052879,滬深2X凱基97購02,0,0,0,0,0,0,0,0,0,-1000,0,0,0,0,1000,-1000,-1000
052997,國巨康和96購01  ,0,0,0,0,0,0,0,0,0,-1000,0,0,0,0,1000,-1000,-1000
052800,國巨元大96購05  ,0,0,0,0,0,0,0,0,0,-1000,0,0,0,0,1000,-1000,-1000
053125,宏達電凱基96購01,0,0,0,0,0,0,0,0,0,-1000,0,0,0,0,1000,-1000,-1000
053030,南亞科第一96購01,0,0,0,0,0,0,0,0,0,-1000,0,0,0,229000,230000,-1000,-1000
053259,卜蜂群益97購01  ,0,0,0,0,0,0,0,0,0,-1000,0,0,0,1000,2000,-1000,-1000
054852,奇鋐國票98購01  ,0,0,0,0,0,0,0,0,0,-1000,0,0,0,0,1000,-1000,-1000
054861,智邦群益97購01  ,0,0,0,0,0,0,0,0,0,-1000,0,0,0,10000,11000,-1000,-1000
054803,味全元大9A購01  ,0,0,0,0,0,0,0,0,0,-1000,0,0,0,0,1000,-1000,-1000
054659,亞光元大97購02  ,0,0,0,0,0,0,0,0,0,-1000,0,0,0,163000,164000,-1000,-1000
055073,易華電永豐97購01,0,0,0,0,0,0,0,0,0,-1000,0,0,0,124000,125000,-1000,-1000
055025,華新科國泰98購02,0,0,0,0,0,0,0,0,0,-1000,0,0,0,0,1000,-1000,-1000
054392,華通永豐96購05  ,0,0,0,0,0,0,0,0,0,-1000,0,0,0,1000,2000,-1000,-1000
05439P,聯發科國票95售06,0,0,0,0,0,0,0,0,0,-1000,0,0,0,0,1000,-1000,-1000
054322,國巨台新96購02  ,0,0,0,0,0,0,0,0,0,-1000,0,0,0,29000,30000,-1000,-1000
054565,玉晶光群益99購02,0,0,0,0,0,0,0,0,0,-1000,0,0,0,11000,12000,-1000,-1000
054155,美律第一96購01  ,0,0,0,0,0,0,0,0,0,-1000,0,0,0,120000,121000,-1000,-1000
054143,茂林元大96購04  ,0,0,0,0,0,0,0,0,0,-1000,0,0,0,87000,88000,-1000,-1000
05418P,瑞昱永豐95售02  ,0,0,0,0,0,0,0,0,0,-1000,0,0,0,17000,18000,-1000,-1000
05425P,華邦電亞東96售02,0,0,0,0,0,0,0,0,0,-1000,0,0,0,0,1000,-1000,-1000
045480,滬深2X中信94購01,0,0,0,0,0,0,0,0,0,-1000,0,0,0,0,1000,-1000,-1000
045380,漢唐元大93購03  ,0,0,0,0,0,0,0,0,0,-1000,0,0,0,0,1000,-1000,-1000
045514,南茂凱基93購01  ,0,0,0,0,0,0,0,0,0,-1000,0,0,0,99000,100000,-1000,-1000
045517,元油2X元富98購01,0,0,0,0,0,0,0,0,0,-1000,0,0,0,0,1000,-1000,-1000
045614,瀚宇博群益92購01,0,0,0,0,0,0,0,0,0,-1000,0,0,0,0,1000,-1000,-1000
045603,傳奇國票92購01  ,0,0,0,0,0,0,0,0,0,-1000,0,0,0,0,1000,-1000,-1000
04520P,欣興群益94售02  ,0,0,0,0,0,0,0,0,0,-1000,0,0,0,9000,10000,-1000,-1000
045955,宏碁凱基93購01  ,0,0,0,0,0,0,0,0,0,-1000,0,0,0,194000,195000,-1000,-1000
046029,微星元大92購02  ,0,0,0,0,0,0,0,0,0,-1000,0,0,0,209000,210000,-1000,-1000
048897,日電貿國泰95購01,0,0,0,0,0,0,0,0,0,-1000,0,0,0,0,1000,-1000,-1000
048907,高鐵富邦94購01  ,0,0,0,0,0,0,0,0,0,-1000,0,0,0,3000,4000,-1000,-1000
049012,大成鋼群益94購01,0,0,0,0,0,0,0,0,0,-1000,0,0,0,0,1000,-1000,-1000
049016,國巨群益94購02  ,0,0,0,0,0,0,0,0,0,-1000,0,0,0,0,1000,-1000,-1000
048950,達方永豐94購01  ,0,0,0,0,0,0,0,0,0,-1000,0,0,0,0,1000,-1000,-1000
044975,台積電國票92購02,0,0,0,0,0,0,0,0,0,-1000,0,0,0,39000,40000,-1000,-1000
04429P,和鑫元大94售01  ,0,0,0,0,0,0,0,0,0,-1000,0,0,0,0,1000,-1000,-1000
044413,上銀統一91購01  ,0,0,0,0,0,0,0,0,0,-1000,0,0,0,0,1000,-1000,-1000
044836,宏達電元大93購05,0,0,0,0,0,0,0,0,0,-1000,0,0,0,0,1000,-1000,-1000
045803,旺宏國票93購01  ,0,0,0,0,0,0,0,0,0,-1000,0,0,0,23000,24000,-1000,-1000
044692,鈺齊凱基91購01  ,0,0,0,0,0,0,0,0,0,-1000,0,0,0,45000,46000,-1000,-1000
045049,景碩凱基92購02  ,0,0,0,0,0,0,0,0,0,-1000,0,0,0,0,1000,-1000,-1000
045072,可成元大92購05  ,0,0,0,0,0,0,0,0,0,-1000,0,0,0,0,1000,-1000,-1000
04584P,楠梓電永豐94售01,0,0,0,0,0,0,0,0,0,-1000,0,0,0,10000,11000,-1000,-1000
045255,華邦電凱基93購03,0,0,0,0,0,0,0,0,0,-1000,0,0,0,7000,8000,-1000,-1000
045220,漢唐元大94購01  ,0,0,0,0,0,0,0,0,0,-1000,0,0,0,0,1000,-1000,-1000
045921,臺股指國票92購11,0,0,0,0,0,0,0,0,0,-1000,0,0,0,0,1000,-1000,-1000
04265P,滬深2X元富93售04,0,0,0,0,0,0,0,0,0,-1000,0,0,0,12000,13000,-1000,-1000
042116,元油2X國票97購01,0,0,0,0,0,0,0,0,0,-1000,0,0,0,0,1000,-1000,-1000
043529,泰鼎元大92購01  ,0,0,0,0,0,0,0,0,0,-1000,0,0,0,0,1000,-1000,-1000
04142P,元油反凱基99售01,0,0,0,0,0,0,0,0,0,-1000,0,0,0,0,1000,-1000,-1000
044805,旭富凱基93購01  ,0,0,0,0,0,0,0,0,0,-1000,0,0,0,0,1000,-1000,-1000
044799,華邦電凱基93購01,0,0,0,0,0,0,0,0,0,-1000,0,0,0,2000,3000,-1000,-1000
042382,康控兆豐91購01  ,0,0,0,0,0,0,0,0,0,-1000,0,0,0,0,1000,-1000,-1000
046244,大成鋼亞東93購01,0,0,0,0,0,0,0,0,0,-1000,0,0,0,0,1000,-1000,-1000
045695,英業達兆豐93購01,0,0,0,0,0,0,0,0,0,-1000,0,0,0,0,1000,-1000,-1000
043942,玉山金兆豐91購01,0,0,0,0,0,0,0,0,0,-1000,0,0,0,29000,30000,-1000,-1000
043902,祥碩群益91購01  ,0,0,0,0,0,0,0,0,0,-1000,0,0,0,0,1000,-1000,-1000
03572P,欣興統一02售06  ,0,0,0,0,0,0,0,0,0,-1000,0,0,0,0,1000,-1000,-1000
03387P,台積電凱基03售11,0,0,0,0,0,0,0,0,0,-1000,0,0,0,0,1000,-1000,-1000
03643C,臺股指元富99牛04,0,0,0,0,0,0,0,0,0,-1000,0,0,0,2000,3000,-1000,-1000
04020P,南茂永豐93售02  ,0,0,0,0,0,0,0,0,0,-1000,0,0,0,0,1000,-1000,-1000
04015P,可成元大93售10  ,0,0,0,0,0,0,0,0,0,-1000,0,0,0,0,1000,-1000,-1000
03896P,長榮航凱基95售01,0,0,0,0,0,0,0,0,0,-1000,0,0,0,0,1000,-1000,-1000
03898P,新日興凱基93售02,0,0,0,0,0,0,0,0,0,-1000,0,0,0,3000,4000,-1000,-1000
03900P,瀚宇博群益93售03,0,0,0,0,0,0,0,0,0,-1000,0,0,0,0,1000,-1000,-1000
00763U,街口道瓊銅      ,0,0,0,0,0,0,0,0,0,-1000,0,0,0,0,1000,-1000,-1000
00691R,兆豐藍籌30反1   ,0,0,0,0,0,0,0,0,0,-1000,0,0,0,40000,41000,-1000,-1000
047137,健策凱基94購01  ,0,0,0,0,0,0,0,0,0,-1000,0,0,0,0,1000,-1000,-1000
047111,台光電元大93購04,0,0,0,0,0,0,0,0,0,-1000,0,0,0,0,1000,-1000,-1000
047167,農林康和93購01  ,0,0,0,0,0,0,0,0,0,-1000,0,0,0,0,1000,-1000,-1000
047211,華新科富邦99購01,0,0,0,0,0,0,0,0,0,-1000,0,0,0,0,1000,-1000,-1000
047184,漢唐元大94購02  ,0,0,0,0,0,0,0,0,0,-1000,0,0,0,0,1000,-1000,-1000
046892,聯發科群益93購04,0,0,0,0,0,0,0,0,0,-1000,0,0,0,110000,111000,-1000,-1000
046914,友達台新96購01  ,0,0,0,0,0,0,0,0,0,-1000,0,0,0,11000,12000,-1000,-1000
049215,國巨國票94購03  ,0,0,0,0,0,0,0,0,0,-1000,0,0,0,0,1000,-1000,-1000
047057,瀚宇博國票93購01,0,0,0,0,0,0,0,0,0,-1000,0,0,0,10000,11000,-1000,-1000
04706P,力山元大95售01  ,0,0,0,0,0,0,0,0,0,-1000,0,0,0,199000,200000,-1000,-1000
047090,緯創元富93購01  ,0,0,0,0,0,0,0,0,0,-1000,0,0,0,0,1000,-1000,-1000
046991,健策凱基93購04  ,0,0,0,0,0,0,0,0,0,-1000,0,0,0,0,1000,-1000,-1000
047026,大毅元大93購02  ,0,0,0,0,0,0,0,0,0,-1000,0,0,0,44000,45000,-1000,-1000
048703,康控國票95購01  ,0,0,0,0,0,0,0,0,0,-1000,0,0,0,0,1000,-1000,-1000
046550,燿華日盛92購01  ,0,0,0,0,0,0,0,0,0,-1000,0,0,0,0,1000,-1000,-1000
047287,貿聯統一95購01  ,0,0,0,0,0,0,0,0,0,-1000,0,0,0,40000,41000,-1000,-1000
048012,嘉晶國票94購01  ,0,0,0,0,0,0,0,0,0,-1000,0,0,0,36000,37000,-1000,-1000
048056,全新國泰94購02  ,0,0,0,0,0,0,0,0,0,-1000,0,0,0,11000,12000,-1000,-1000
046608,超眾兆豐93購02  ,0,0,0,0,0,0,0,0,0,-1000,0,0,0,10000,11000,-1000,-1000
046577,東元元大92購02  ,0,0,0,0,0,0,0,0,0,-1000,0,0,0,100000,101000,-1000,-1000
047385,華邦電元大94購02,0,0,0,0,0,0,0,0,0,-1000,0,0,0,1000,2000,-1000,-1000
049377,聯詠元大94購01  ,0,0,0,0,0,0,0,0,0,-1000,0,0,0,0,1000,-1000,-1000
049378,聯詠元大94購02  ,0,0,0,0,0,0,0,0,0,-1000,0,0,0,0,1000,-1000,-1000
049388,南電元大94購05  ,0,0,0,0,0,0,0,0,0,-1000,0,0,0,0,1000,-1000,-1000
047986,明泰群益93購01  ,0,0,0,0,0,0,0,0,0,-1000,0,0,0,0,1000,-1000,-1000
048303,A50凱基96購01   ,0,0,0,0,0,0,0,0,0,-1000,0,0,0,3000,4000,-1000,-1000
047953,台積電永豐93購04,0,0,0,0,0,0,0,0,0,-1000,0,0,0,4000,5000,-1000,-1000
047950,滬深2X永豐94購02,0,0,0,0,0,0,0,0,0,-1000,0,0,0,350000,351000,-1000,-1000
047942,華新科國票94購04,0,0,0,0,0,0,0,0,0,-1000,0,0,0,1000,2000,-1000,-1000
047810,聯發科凱基93購22,0,0,0,0,0,0,0,0,0,-1000,0,0,0,0,1000,-1000,-1000
046747,華新凱基93購02  ,0,0,0,0,0,0,0,0,0,-1000,0,0,0,0,1000,-1000,-1000
046758,聯發科凱基93購05,0,0,0,0,0,0,0,0,0,-1000,0,0,0,2000,3000,-1000,-1000
047525,漢唐元大93購04  ,0,0,0,0,0,0,0,0,0,-1000,0,0,0,0,1000,-1000,-1000
047526,可成元大93購08  ,0,0,0,0,0,0,0,0,0,-1000,0,0,0,2000,3000,-1000,-1000
048597,台達電國票93購02,0,0,0,0,0,0,0,0,0,-1000,0,0,0,10000,11000,-1000,-1000
048649,瀚宇博元大93購05,0,0,0,0,0,0,0,0,0,-1000,0,0,0,113000,114000,-1000,-1000
049830,智易凱基94購02  ,0,0,0,0,0,0,0,0,0,-1000,0,0,0,0,1000,-1000,-1000
049842,道瓊反中信98購01,0,0,0,0,0,0,0,0,0,-1000,0,0,0,0,1000,-1000,-1000
049522,華通兆豐94購02  ,0,0,0,0,0,0,0,0,0,-1000,0,0,0,8000,9000,-1000,-1000
049524,可成兆豐95購02  ,0,0,0,0,0,0,0,0,0,-1000,0,0,0,2000,3000,-1000,-1000
047636,台達電元大93購03,0,0,0,0,0,0,0,0,0,-1000,0,0,0,0,1000,-1000,-1000
047604,智原國泰95購01  ,0,0,0,0,0,0,0,0,0,-1000,0,0,0,254000,255000,-1000,-1000
04881P,高股息凱基96售01,0,0,0,0,0,0,0,0,0,-1000,0,0,0,0,1000,-1000,-1000
049738,神基群益94購01  ,0,0,0,0,0,0,0,0,0,-1000,0,0,0,0,1000,-1000,-1000
050109,國巨元大94購13  ,0,0,0,0,0,0,0,0,0,-1000,0,0,0,0,1000,-1000,-1000
050014,國巨富邦98購01  ,0,0,0,0,0,0,0,0,0,-1000,0,0,0,11000,12000,-1000,-1000
050317,和鑫國票95購02  ,0,0,0,0,0,0,0,0,0,-1000,0,0,0,67000,68000,-1000,-1000
05030P,台積電元富95售04,0,0,0,0,0,0,0,0,0,-1000,0,0,0,11000,12000,-1000,-1000
050210,華新科國票94購08,0,0,0,0,0,0,0,0,0,-1000,0,0,0,2000,3000,-1000,-1000
050177,聯發科元大94購11,0,0,0,0,0,0,0,0,0,-1000,0,0,0,0,1000,-1000,-1000
050542,宏碁凱基95購01  ,0,0,0,0,0,0,0,0,0,-1000,0,0,0,3000,4000,-1000,-1000
050593,台表科永豐94購03,0,0,0,0,0,0,0,0,0,-1000,0,0,0,0,1000,-1000,-1000
050326,正崴永豐94購03  ,0,0,0,0,0,0,0,0,0,-1000,0,0,0,0,1000,-1000,-1000
050485,國巨統一96購01  ,0,0,0,0,0,0,0,0,0,-1000,0,0,0,2000,3000,-1000,-1000
050907,臺股指元大95購14,0,0,0,0,0,0,0,0,0,-1000,0,0,0,0,1000,-1000,-1000
051043,瀚宇博永豐95購01,0,0,0,0,0,0,0,0,0,-1000,0,0,0,0,1000,-1000,-1000
050999,瀚宇博元大95購04,0,0,0,0,0,0,0,0,0,-1000,0,0,0,68000,69000,-1000,-1000
050980,欣興元富95購02  ,0,0,0,0,0,0,0,0,0,-1000,0,0,0,55000,56000,-1000,-1000
050831,超眾凱基95購01  ,0,0,0,0,0,0,0,0,0,-1000,0,0,0,0,1000,-1000,-1000
050727,華新科國票94購09,0,0,0,0,0,0,0,0,0,-1000,0,0,0,0,1000,-1000,-1000
051218,聯發科元富9B購02,0,0,0,0,0,0,0,0,0,-1000,0,0,0,0,1000,-1000,-1000
051278,臻鼎中信97購02  ,0,0,0,0,0,0,0,0,0,-1000,0,0,0,0,1000,-1000,-1000
051148,聯發科凱基95購06,0,0,0,0,0,0,0,0,0,-1000,0,0,0,0,1000,-1000,-1000
051194,大立光中信96購02,0,0,0,0,0,0,0,0,0,-1000,0,0,0,0,1000,-1000,-1000
051191,可成兆豐96購01  ,0,0,0,0,0,0,0,0,0,-1000,0,0,0,0,1000,-1000,-1000
051182,旺宏永豐95購01  ,0,0,0,0,0,0,0,0,0,-1000,0,0,0,13000,14000,-1000,-1000
052147,上緯控群益95購01,0,0,0,0,0,0,0,0,0,-1000,0,0,0,0,1000,-1000,-1000
052266,義隆亞東95購02  ,0,0,0,0,0,0,0,0,0,-1000,0,0,0,0,1000,-1000,-1000
052282,宏達電凱基95購05,0,0,0,0,0,0,0,0,0,-1000,0,0,0,0,1000,-1000,-1000
052334,大成鋼日盛95購01,0,0,0,0,0,0,0,0,0,-1000,0,0,0,262000,263000,-1000,-1000
052256,台泥國泰96購01  ,0,0,0,0,0,0,0,0,0,-1000,0,0,0,30000,31000,-1000,-1000
051665,台積電元大96購07,0,0,0,0,0,0,0,0,0,-1000,0,0,0,0,1000,-1000,-1000
05160P,國巨國票96售03  ,0,0,0,0,0,0,0,0,0,-1000,0,0,0,20000,21000,-1000,-1000
051475,宏碁凱基95購02  ,0,0,0,0,0,0,0,0,0,-1000,0,0,0,0,1000,-1000,-1000
051485,玉晶光凱基97購02,0,0,0,0,0,0,0,0,0,-1000,0,0,0,14000,15000,-1000,-1000
051487,健策凱基96購03  ,0,0,0,0,0,0,0,0,0,-1000,0,0,0,46000,47000,-1000,-1000
051443,聯發科元大95購10,0,0,0,0,0,0,0,0,0,-1000,0,0,0,0,1000,-1000,-1000
051898,富邦金國泰97購01,0,0,0,0,0,0,0,0,0,-1000,0,0,0,40000,41000,-1000,-1000
051797,卜蜂永豐95購01  ,0,0,0,0,0,0,0,0,0,-1000,0,0,0,0,1000,-1000,-1000
051724,康控永豐95購03  ,0,0,0,0,0,0,0,0,0,-1000,0,0,0,0,1000,-1000,-1000
051705,富邦金群益97購01,0,0,0,0,0,0,0,0,0,-1000,0,0,0,10000,11000,-1000,-1000
051706,國泰金群益95購01,0,0,0,0,0,0,0,0,0,-1000,0,0,0,0,1000,-1000,-1000
8104,錸寶            ,9000,7000,2000,0,0,0,0,0,0,-3000,0,3000,-3000,0,0,0,-1000
8201,無敵            ,2000,3000,-1000,0,0,0,0,0,0,0,0,0,0,0,0,0,-1000
6431,光麗-KY         ,0,1000,-1000,0,0,0,0,0,0,0,0,0,0,0,0,0,-1000
4720,德淵            ,0,0,0,0,0,0,0,0,0,-1000,0,1000,-1000,0,0,0,-1000
4807,日成-KY         ,0,1000,-1000,0,0,0,0,0,0,0,0,0,0,0,0,0,-1000
4545,銘鈺            ,2000,3000,-1000,0,0,0,0,0,0,0,0,0,0,0,0,0,-1000
3593,力銘            ,0,1000,-1000,0,0,0,0,0,0,0,0,0,0,0,0,0,-1000
3308,聯德            ,0,1000,-1000,0,0,0,0,0,0,0,0,0,0,0,0,0,-1000
2910,統領            ,0,1000,-1000,0,0,0,0,0,0,0,0,0,0,0,0,0,-1000
3040,遠見            ,0,1000,-1000,0,0,0,0,0,0,0,0,0,0,0,0,0,-1000
06066P,群創台新98售01  ,0,0,0,0,0,0,0,0,0,-1000,0,0,0,256000,257000,-1000,-1000
06137P,玉晶光永豐97售04,0,0,0,0,0,0,0,0,0,-1000,0,0,0,18000,19000,-1000,-1000
1452,宏益            ,0,1000,-1000,0,0,0,0,0,0,0,0,0,0,0,0,0,-1000
1466,聚隆            ,0,1000,-1000,0,0,0,0,0,0,0,0,0,0,0,0,0,-1000
1525,江申            ,0,1000,-1000,0,0,0,0,0,0,0,0,0,0,0,0,0,-1000
1528,恩德            ,0,1000,-1000,0,0,0,0,0,0,0,0,0,0,0,0,0,-1000
2438,翔耀            ,0,1000,-1000,0,0,0,0,0,0,0,0,0,0,0,0,0,-1000
05958P,聯發科國票97售04,0,0,0,0,0,0,0,0,0,-1000,0,0,0,0,1000,-1000,-1000
05960P,欣興統一96售01  ,0,0,0,0,0,0,0,0,0,-1000,0,0,0,0,1000,-1000,-1000
06009P,宏達電元富96售03,0,0,0,0,0,0,0,0,0,-1000,0,0,0,0,1000,-1000,-1000
055482,聚陽元大97購02  ,0,0,0,0,0,0,0,0,0,-1000,0,0,0,0,1000,-1000,-1000
055490,台光電元大97購01,0,0,0,0,0,0,0,0,0,-1000,0,0,0,0,1000,-1000,-1000
055446,奇力新統一9A購01,0,0,0,0,0,0,0,0,0,-1000,0,0,0,0,1000,-1000,-1000
055447,華新科統一97購04,0,0,0,0,0,0,0,0,0,-1000,0,0,0,0,1000,-1000,-1000
055424,聚陽群益98購01  ,0,0,0,0,0,0,0,0,0,-1000,0,0,0,0,1000,-1000,-1000
055419,國巨永豐97購03  ,0,0,0,0,0,0,0,0,0,-1000,0,0,0,0,1000,-1000,-1000
05550P,臺股指元大96售07,0,0,0,0,0,0,0,0,0,-1000,0,0,0,0,1000,-1000,-1000
05628P,茂林國票97售02  ,0,0,0,0,0,0,0,0,0,-1000,0,0,0,32000,33000,-1000,-1000
055312,台虹群益99購01  ,0,0,0,0,0,0,0,0,0,-1000,0,0,0,9000,10000,-1000,-1000
055210,S&P正2凱基97購01,0,0,0,0,0,0,0,0,0,-1000,0,0,0,0,1000,-1000,-1000
01003T,兆豐新光R1      ,2788,4000,-1212,0,0,0,0,0,0,0,0,0,0,0,0,0,-1212
6452,康友-KY         ,274411,132000,142411,0,0,0,0,0,0,-144000,0,0,0,4000,148000,-144000,-1589
054537,南亞科亞東97購01,0,0,0,0,0,0,0,0,0,-2000,0,0,0,0,2000,-2000,-2000
054360,智邦凱基96購03  ,0,0,0,0,0,0,0,0,0,-2000,0,0,0,25000,27000,-2000,-2000
054286,台積電元大96購22,0,0,0,0,0,0,0,0,0,-2000,0,0,0,73000,75000,-2000,-2000
054399,智易永豐96購03  ,0,0,0,0,0,0,0,0,0,-2000,0,0,0,7000,9000,-2000,-2000
054945,正崴元大97購01  ,0,0,0,0,0,0,0,0,0,-2000,0,0,0,8000,10000,-2000,-2000
054683,川湖永豐97購01  ,0,0,0,0,0,0,0,0,0,-2000,0,0,0,0,2000,-2000,-2000
054824,同欣電元大97購04,0,0,0,0,0,0,0,0,0,-2000,0,0,0,61000,63000,-2000,-2000
053261,國巨群益96購05  ,0,0,0,0,0,0,0,0,0,-2000,0,0,0,8000,10000,-2000,-2000
053206,聯發科麥證96購02,0,0,0,10000,12000,-2000,0,0,0,-2000,0,0,0,10000,12000,-2000,-2000
053067,牧德群益96購01  ,0,0,0,0,0,0,0,0,0,-2000,0,0,0,0,2000,-2000,-2000
053130,聯發科麥證96購01,0,0,0,15000,12000,3000,0,0,0,-2000,0,0,0,15000,17000,-2000,-2000
053151,華新科元大96購04,0,0,0,0,0,0,0,0,0,-2000,0,0,0,0,2000,-2000,-2000
053180,同欣電統一96購01,0,0,0,0,0,0,0,0,0,-2000,0,0,0,45000,47000,-2000,-2000
05279P,上銀元大95售02  ,0,0,0,0,0,0,0,0,0,-2000,0,0,0,60000,62000,-2000,-2000
052777,燿華國票98購01  ,0,0,0,0,0,0,0,0,0,-2000,0,0,0,115000,117000,-2000,-2000
052999,臺股指康和96購01,0,0,0,0,0,0,0,0,0,-2000,0,0,0,0,2000,-2000,-2000
053554,欣興凱基97購02  ,0,0,0,0,0,0,0,0,0,-2000,0,0,0,0,2000,-2000,-2000
020005,永豐外資50N     ,0,0,0,0,0,0,0,0,0,-2000,0,0,0,2000,4000,-2000,-2000
00770,國泰北美科技    ,0,0,0,0,0,0,0,0,0,-2000,0,0,0,0,2000,-2000,-2000
00660,元大歐洲50      ,0,0,0,0,0,0,0,0,0,-2000,0,0,0,1000,3000,-2000,-2000
03891P,晶技國泰94售02  ,0,0,0,0,0,0,0,0,0,-2000,0,0,0,0,2000,-2000,-2000
03792P,台光電永豐93售01,0,0,0,0,0,0,0,0,0,-2000,0,0,0,0,2000,-2000,-2000
039726,台積電群益91購01,0,0,0,0,0,0,0,0,0,-2000,0,0,0,0,2000,-2000,-2000
03988P,上海銀群益93售01,0,0,0,0,0,0,0,0,0,-2000,0,0,0,0,2000,-2000,-2000
04094P,臺股指國票93售01,0,0,0,0,0,0,0,0,0,-2000,0,0,0,0,2000,-2000,-2000
04245P,上海銀元大93售03,0,0,0,0,0,0,0,0,0,-2000,0,0,0,0,2000,-2000,-2000
045730,鴻海第一92購01  ,0,0,0,0,0,0,0,0,0,-2000,0,0,0,0,2000,-2000,-2000
045734,全新國票93購01  ,0,0,0,0,0,0,0,0,0,-2000,0,0,0,0,2000,-2000,-2000
042283,南電富邦92購01  ,0,0,0,0,0,0,0,0,0,-2000,0,0,0,0,2000,-2000,-2000
04195P,上海銀永豐93售01,0,0,0,0,0,0,0,0,0,-2000,0,0,0,0,2000,-2000,-2000
042712,元石油國票95購01,0,0,0,0,0,0,0,0,0,-2000,0,0,0,8000,10000,-2000,-2000
043346,TPK富邦93購01   ,0,0,0,0,0,0,0,0,0,-2000,0,0,0,98000,100000,-2000,-2000
045912,潤泰全國票92購01,0,0,0,0,0,0,0,0,0,-2000,0,0,0,0,2000,-2000,-2000
045870,元油2X元富96購02,0,0,0,0,0,0,0,0,0,-2000,0,0,0,0,2000,-2000,-2000
045068,台光電元大92購05,0,0,0,0,0,0,0,0,0,-2000,0,0,0,0,2000,-2000,-2000
044688,傳奇凱基93購01  ,0,0,0,0,0,0,0,0,0,-2000,0,0,0,0,2000,-2000,-2000
045821,聯詠凱基92購06  ,0,0,0,0,0,0,0,0,0,-2000,0,0,0,0,2000,-2000,-2000
046046,世紀鋼元大93購03,0,0,0,0,0,0,0,0,0,-2000,0,0,0,66000,68000,-2000,-2000
044471,京鼎群益91購01  ,0,0,0,0,0,0,0,0,0,-2000,0,0,0,0,2000,-2000,-2000
044360,瀚宇博元大91購01,0,0,0,0,0,0,0,0,0,-2000,0,0,0,0,2000,-2000,-2000
048775,智伸科凱基94購01,0,0,0,0,0,0,0,0,0,-2000,0,0,0,8000,10000,-2000,-2000
048755,志超元富96購01  ,0,0,0,0,0,0,0,0,0,-2000,0,0,0,0,2000,-2000,-2000
048830,和鑫凱基94購03  ,0,0,0,0,0,0,0,0,0,-2000,0,0,0,2000,4000,-2000,-2000
045973,臻鼎凱基92購03  ,0,0,0,0,0,0,0,0,0,-2000,0,0,0,0,2000,-2000,-2000
045612,麗豐群益92購01  ,0,0,0,0,0,0,0,0,0,-2000,0,0,0,0,2000,-2000,-2000
045471,鎧勝元大93購01  ,0,0,0,0,0,0,0,0,0,-2000,0,0,0,1000,3000,-2000,-2000
045500,聯發科凱基93購04,0,0,0,0,0,0,0,0,0,-2000,0,0,0,10000,12000,-2000,-2000
049710,大成鋼凱基94購03,0,0,0,0,0,0,0,0,0,-2000,0,0,0,0,2000,-2000,-2000
04975P,華新科凱基96售02,0,0,0,0,0,0,0,0,0,-2000,0,0,0,31000,33000,-2000,-2000
047609,奇力新第一93購01,0,0,0,0,0,0,0,0,0,-2000,0,0,0,0,2000,-2000,-2000
048352,嘉澤台新93購01  ,0,0,0,0,0,0,0,0,0,-2000,0,0,0,0,2000,-2000,-2000
049662,燿華永豐95購02  ,0,0,0,0,0,0,0,0,0,-2000,0,0,0,0,2000,-2000,-2000
049885,緯穎永豐94購01  ,0,0,0,0,0,0,0,0,0,-2000,0,0,0,21000,23000,-2000,-2000
049916,台光電元大94購06,0,0,0,0,0,0,0,0,0,-2000,0,0,0,0,2000,-2000,-2000
048699,嘉晶國票95購01  ,0,0,0,0,0,0,0,0,0,-2000,0,0,0,0,2000,-2000,-2000
047831,台光電元大93購07,0,0,0,0,0,0,0,0,0,-2000,0,0,0,0,2000,-2000,-2000
047765,瑞昱元大93購12  ,0,0,0,0,0,0,0,0,0,-2000,0,0,0,13000,15000,-2000,-2000
047920,南亞科凱基93購04,0,0,0,0,0,0,0,0,0,-2000,0,0,0,0,2000,-2000,-2000
047707,南亞科凱基93購03,0,0,0,0,0,0,0,0,0,-2000,0,0,0,1000,3000,-2000,-2000
049252,國巨元大96購01  ,0,0,0,0,0,0,0,0,0,-2000,0,0,0,0,2000,-2000,-2000
049387,緯穎元大94購03  ,0,0,0,0,0,0,0,0,0,-2000,0,0,0,33000,35000,-2000,-2000
049424,中石化兆豐94購01,0,0,0,0,0,0,0,0,0,-2000,0,0,0,120000,122000,-2000,-2000
049288,聯茂兆豐95購02  ,0,0,0,0,0,0,0,0,0,-2000,0,0,0,0,2000,-2000,-2000
046631,創意元富93購01  ,0,0,0,0,0,0,0,0,0,-2000,0,0,0,0,2000,-2000,-2000
048429,旺宏國票94購02  ,0,0,0,0,0,0,0,0,0,-2000,0,0,0,0,2000,-2000,-2000
047291,台積電元富93購05,0,0,0,0,0,0,0,0,0,-2000,0,0,0,0,2000,-2000,-2000
046484,華泰國泰93購01  ,0,0,0,0,0,0,0,0,0,-2000,0,0,0,0,2000,-2000,-2000
04647P,上海銀凱基94售04,0,0,0,0,0,0,0,0,0,-2000,0,0,0,0,2000,-2000,-2000
047025,可成元大93購05  ,0,0,0,0,0,0,0,0,0,-2000,0,0,0,0,2000,-2000,-2000
047073,大立光兆豐94購01,0,0,0,0,0,0,0,0,0,-2000,0,0,0,0,2000,-2000,-2000
049492,聯發科元大95購02,0,0,0,0,0,0,0,0,0,-2000,0,0,0,99000,101000,-2000,-2000
04743P,台積電元富94售07,0,0,0,0,0,0,0,0,0,-2000,0,0,0,2000,4000,-2000,-2000
047440,聯發科元大93購14,0,0,0,0,0,0,0,0,0,-2000,0,0,0,1000,3000,-2000,-2000
047458,聯發科群益93購08,0,0,0,0,0,0,0,0,0,-2000,0,0,0,28000,30000,-2000,-2000
048164,台光電康和93購01,0,0,0,0,0,0,0,0,0,-2000,0,0,0,0,2000,-2000,-2000
05183P,台積電元富95售07,0,0,0,0,0,0,0,0,0,-2000,0,0,0,0,2000,-2000,-2000
051906,國巨元大95購09  ,0,0,0,0,0,0,0,0,0,-2000,0,0,0,8000,10000,-2000,-2000
051862,旺宏凱基95購05  ,0,0,0,0,0,0,0,0,0,-2000,0,0,0,22000,24000,-2000,-2000
051987,廣達元大95購01  ,0,0,0,0,0,0,0,0,0,-2000,0,0,0,10000,12000,-2000,-2000
051412,奇力新國票96購01,0,0,0,0,0,0,0,0,0,-2000,0,0,0,0,2000,-2000,-2000
051596,超眾元大95購05  ,0,0,0,0,0,0,0,0,0,-2000,0,0,0,0,2000,-2000,-2000
051545,裕隆康和95購01  ,0,0,0,0,0,0,0,0,0,-2000,0,0,0,0,2000,-2000,-2000
052325,高股息中信99購01,0,0,0,0,0,0,0,0,0,-2000,0,0,0,0,2000,-2000,-2000
052174,聯發科元大95購13,0,0,0,0,0,0,0,0,0,-2000,0,0,0,68000,70000,-2000,-2000
052649,康控永豐96購01  ,0,0,0,0,0,0,0,0,0,-2000,0,0,0,2000,4000,-2000,-2000
052566,國巨凱基96購04  ,0,0,0,0,0,0,0,0,0,-2000,0,0,0,25000,27000,-2000,-2000
052480,麗豐群益95購01  ,0,0,0,0,0,0,0,0,0,-2000,0,0,0,0,2000,-2000,-2000
052493,上証2X中信97購02,0,0,0,0,0,0,0,0,0,-2000,0,0,0,0,2000,-2000,-2000
052397,燿華凱基96購02  ,0,0,0,0,0,0,0,0,0,-2000,0,0,0,0,2000,-2000,-2000
051058,景碩群益96購01  ,0,0,0,0,0,0,0,0,0,-2000,0,0,0,10000,12000,-2000,-2000
05133P,臺股指日盛95售01,0,0,0,0,0,0,0,0,0,-2000,0,0,0,0,2000,-2000,-2000
050731,昇陽半國票96購01,0,0,0,0,0,0,0,0,0,-2000,0,0,0,0,2000,-2000,-2000
050769,聯發科元大94購17,0,0,0,0,0,0,0,0,0,-2000,0,0,0,4000,6000,-2000,-2000
05039P,鴻海凱基95售10  ,0,0,0,0,0,0,0,0,0,-2000,0,0,0,0,2000,-2000,-2000
050413,麗豐永豐94購01  ,0,0,0,0,0,0,0,0,0,-2000,0,0,0,0,2000,-2000,-2000
050211,貿聯國票95購01  ,0,0,0,0,0,0,0,0,0,-2000,0,0,0,0,2000,-2000,-2000
050267,奇鋐元大94購03  ,0,0,0,0,0,0,0,0,0,-2000,0,0,0,0,2000,-2000,-2000
050024,旺宏元大94購09  ,0,0,0,0,0,0,0,0,0,-2000,0,0,0,1000,3000,-2000,-2000
050063,聯發科凱基94購09,0,0,0,0,0,0,0,0,0,-2000,0,0,0,4000,6000,-2000,-2000
050104,元石油元大97購02,0,0,0,0,0,0,0,0,0,-2000,0,0,0,0,2000,-2000,-2000
050083,旺宏元富94購01  ,0,0,0,0,0,0,0,0,0,-2000,0,0,0,0,2000,-2000,-2000
05011P,南電國泰96售01  ,0,0,0,0,0,0,0,0,0,-2000,0,0,0,0,2000,-2000,-2000
8480,泰昇-KY         ,0,0,0,0,0,0,0,2000,-2000,0,0,0,0,0,0,0,-2000
3047,訊舟            ,89000,91000,-2000,0,0,0,0,0,0,0,0,0,0,0,0,0,-2000
4141,龍燈-KY         ,4000,6000,-2000,0,0,0,0,0,0,0,0,0,0,0,0,0,-2000
4930,燦星網          ,1000,3000,-2000,0,0,0,0,0,0,0,0,0,0,0,0,0,-2000
05592P,可成群益96售03  ,0,0,0,0,0,0,0,0,0,-2000,0,0,0,0,2000,-2000,-2000
055437,禾伸堂中信99購01,0,0,0,0,0,0,0,0,0,-2000,0,0,0,0,2000,-2000,-2000
055406,大毅國泰99購01  ,0,0,0,0,0,0,0,0,0,-2000,0,0,0,1000,3000,-2000,-2000
055454,華邦電元富97購02,0,0,0,0,0,0,0,0,0,-2000,0,0,0,0,2000,-2000,-2000
05546P,全新元大97售01  ,0,0,0,0,0,0,0,0,0,-2000,0,0,0,10000,12000,-2000,-2000
055498,大立光元大97購07,0,0,0,0,0,0,0,0,0,-2000,0,0,0,0,2000,-2000,-2000
06016P,京元電凱基96售03,0,0,0,0,0,0,0,0,0,-2000,0,0,0,0,2000,-2000,-2000
05959P,聯發科國票98售01,0,0,0,0,0,0,0,0,0,-2000,0,0,0,0,2000,-2000,-2000
05860P,旺宏康和96售01  ,0,0,0,0,0,0,0,0,0,-2000,0,0,0,3000,5000,-2000,-2000
05864P,元油反元大96售07,0,0,0,0,0,0,0,0,0,-2000,0,0,0,1000,3000,-2000,-2000
05872P,大立光凱基96售15,0,0,0,0,0,0,0,0,0,-2000,0,0,0,25000,27000,-2000,-2000
05740P,宏達電元富96售01,0,0,0,0,0,0,0,0,0,-2000,0,0,0,53000,55000,-2000,-2000
05709P,大立光國票97售01,0,0,0,0,0,0,0,0,0,-2000,0,0,0,0,2000,-2000,-2000
05702P,矽創凱基96售02  ,0,0,0,0,0,0,0,0,0,-2000,0,0,0,28000,30000,-2000,-2000
05789P,臺股指永昌96售06,0,0,0,0,0,0,0,0,0,-2000,0,0,0,0,2000,-2000,-2000
05782P,聯詠元富96售02  ,0,0,0,0,0,0,0,0,0,-2000,0,0,0,0,2000,-2000,-2000
05842P,台積電元大96售15,0,0,0,0,0,0,0,0,0,-2000,0,0,0,100000,102000,-2000,-2000
2514,龍邦            ,4000,6000,-2000,0,0,0,0,0,0,0,0,0,0,0,0,0,-2000
2488,漢平            ,18000,20000,-2000,0,0,0,0,0,0,0,0,0,0,0,0,0,-2000
2642,宅配通          ,17000,19000,-2000,0,0,0,0,0,0,0,0,0,0,0,0,0,-2000
2231,為升            ,33000,38000,-5000,0,0,0,0,0,0,3000,4000,0,4000,3000,4000,-1000,-2000
2365,昆盈            ,4000,6000,-2000,0,0,0,0,0,0,0,0,0,0,0,0,0,-2000
1732,毛寶            ,6000,8000,-2000,0,0,0,0,0,0,0,0,0,0,0,0,0,-2000
06057P,大立光凱基98售01,0,0,0,0,0,0,0,0,0,-2000,0,0,0,50000,52000,-2000,-2000
06060P,玉晶光元大97售03,0,0,0,0,0,0,0,0,0,-2000,0,0,0,0,2000,-2000,-2000
07480P,FBVIX凱基94售01 ,0,0,0,0,0,0,0,0,0,-2000,0,0,0,0,2000,-2000,-2000
053423,亞光永豐96購01  ,0,0,0,0,0,0,0,0,0,-3000,0,0,0,2000,5000,-3000,-3000
05349P,可成元富98售03  ,0,0,0,0,0,0,0,0,0,-3000,0,0,0,0,3000,-3000,-3000
05379P,可成凱基95售11  ,0,0,0,0,0,0,0,0,0,-3000,0,0,0,0,3000,-3000,-3000
052963,智邦凱基96購02  ,0,0,0,0,0,0,0,0,0,-3000,0,0,0,3000,6000,-3000,-3000
052792,大立光兆豐96購01,0,0,0,0,0,0,0,0,0,-3000,0,0,0,0,3000,-3000,-3000
052866,大立光凱基96購12,0,0,0,0,0,0,0,0,0,-3000,0,0,0,0,3000,-3000,-3000
053109,聯發科兆豐96購01,0,0,0,0,0,0,0,0,0,-3000,0,0,0,0,3000,-3000,-3000
053064,國巨群益96購04  ,0,0,0,0,0,0,0,0,0,-3000,0,0,0,2000,5000,-3000,-3000
053031,華新科第一96購01,0,0,0,0,0,0,0,0,0,-3000,0,0,0,1000,4000,-3000,-3000
053247,麗豐國票97購01  ,0,0,0,0,0,0,0,0,0,-3000,0,0,0,0,3000,-3000,-3000
053302,國巨凱基96購10  ,0,0,0,0,0,0,0,0,0,-3000,0,0,0,4000,7000,-3000,-3000
054837,欣興第一97購01  ,0,0,0,0,0,0,0,0,0,-3000,0,0,0,250000,253000,-3000,-3000
05483P,國巨凱基95售07  ,0,0,0,0,0,0,0,0,0,-3000,0,0,0,0,3000,-3000,-3000
054952,大毅元大97購02  ,0,0,0,0,0,0,0,0,0,-3000,0,0,0,11000,14000,-3000,-3000
054918,華新科凱基98購02,0,0,0,0,0,0,0,0,0,-3000,0,0,0,20000,23000,-3000,-3000
055000,玉晶光元富97購04,0,0,0,0,0,0,0,0,0,-3000,0,0,0,18000,21000,-3000,-3000
054373,富邦金中信97購01,0,0,0,0,0,0,0,0,0,-3000,0,0,0,18000,21000,-3000,-3000
054284,和大元大96購03  ,0,0,0,0,0,0,0,0,0,-3000,0,0,0,13000,16000,-3000,-3000
054507,鈺齊永豐96購01  ,0,0,0,0,0,0,0,0,0,-3000,0,0,0,324000,327000,-3000,-3000
054280,牧德群益98購01  ,0,0,0,0,0,0,0,0,0,-3000,0,0,0,0,3000,-3000,-3000
054067,百和國票97購03  ,0,0,0,0,0,0,0,0,0,-3000,0,0,0,12000,15000,-3000,-3000
05397P,大立光凱基96售08,0,0,0,0,0,0,0,0,0,-3000,0,0,0,514000,517000,-3000,-3000
045984,亞光麥證93購02  ,0,0,0,2000,5000,-3000,0,0,0,-3000,0,0,0,2000,5000,-3000,-3000
045963,新光金凱基93購01,0,0,0,0,0,0,0,0,0,-3000,0,0,0,10000,13000,-3000,-3000
04893P,創意元大94售03  ,0,0,0,0,0,0,0,0,0,-3000,0,0,0,0,3000,-3000,-3000
045016,創意元大94購01  ,0,0,0,0,0,0,0,0,0,-3000,0,0,0,0,3000,-3000,-3000
044870,上銀統一91購02  ,0,0,0,0,0,0,0,0,0,-3000,0,0,0,73000,76000,-3000,-3000
043323,緯穎統一92購01  ,0,0,0,0,0,0,0,0,0,-3000,0,0,0,0,3000,-3000,-3000
043834,華新科國票91購02,0,0,0,0,0,0,0,0,0,-3000,0,0,0,0,3000,-3000,-3000
03025X,元展22          ,0,0,0,0,0,0,0,0,0,-3000,0,0,0,0,3000,-3000,-3000
03560P,台積電兆豐03售10,0,0,0,0,0,0,0,0,0,-3000,0,0,0,0,3000,-3000,-3000
00647L,元大S&P500正2   ,0,1000,-1000,0,0,0,0,0,0,-2000,0,0,0,0,2000,-2000,-3000
00709,富邦歐洲        ,0,0,0,0,0,0,0,0,0,-3000,0,0,0,100000,103000,-3000,-3000
046948,聯詠元大93購03  ,0,0,0,0,0,0,0,0,0,-3000,0,0,0,0,3000,-3000,-3000
046357,聯發科台新92購01,0,0,0,0,0,0,0,0,0,-3000,0,0,0,1000,4000,-3000,-3000
046411,新光金元大92購01,0,0,0,0,0,0,0,0,0,-3000,0,0,0,0,3000,-3000,-3000
047027,新光金元大95購01,0,0,0,0,0,0,0,0,0,-3000,0,0,0,0,3000,-3000,-3000
046535,宏碁群益92購01  ,0,0,0,0,0,0,0,0,0,-3000,0,0,0,4000,7000,-3000,-3000
048063,聯發科統一93購03,0,0,0,0,0,0,0,0,0,-3000,0,0,0,0,3000,-3000,-3000
047332,訊芯元大93購04  ,0,0,0,0,0,0,0,0,0,-3000,0,0,0,172000,175000,-3000,-3000
048150,矽力元富93購01  ,0,0,0,0,0,0,0,0,0,-3000,0,0,0,3000,6000,-3000,-3000
047993,鑽全元大96購01  ,0,0,0,0,0,0,0,0,0,-3000,0,0,0,0,3000,-3000,-3000
047786,燿華群益93購03  ,0,0,0,0,0,0,0,0,0,-3000,0,0,0,8000,11000,-3000,-3000
046771,聯發科國泰94購02,0,0,0,0,0,0,0,0,0,-3000,0,0,0,42000,45000,-3000,-3000
046791,台郡統一96購01  ,0,0,0,0,0,0,0,0,0,-3000,0,0,0,60000,63000,-3000,-3000
049899,台積電元富94購05,0,0,0,0,0,0,0,0,0,-3000,0,0,0,351000,354000,-3000,-3000
049808,聯詠元大94購03  ,0,0,0,0,0,0,0,0,0,-3000,0,0,0,0,3000,-3000,-3000
049539,元油2X群益9A購01,0,0,0,0,0,0,0,0,0,-3000,0,0,0,6000,9000,-3000,-3000
048824,聯發科凱基94購03,0,0,0,0,0,0,0,0,0,-3000,0,0,0,7000,10000,-3000,-3000
04974P,聯發科凱基96售02,0,0,0,0,0,0,0,0,0,-3000,0,0,0,3000,6000,-3000,-3000
050044,聯詠兆豐94購02  ,0,0,0,0,0,0,0,0,0,-3000,0,0,0,0,3000,-3000,-3000
05001P,華通統一95售01  ,0,0,0,0,0,0,0,0,0,-3000,0,0,0,1000,4000,-3000,-3000
050318,景碩國票94購02  ,0,0,0,0,0,0,0,0,0,-3000,0,0,0,64000,67000,-3000,-3000
050386,智伸科國票94購01,0,0,0,0,0,0,0,0,0,-3000,0,0,0,0,3000,-3000,-3000
050442,復盛凱基94購01  ,0,0,0,0,0,0,0,0,0,-3000,0,0,0,26000,29000,-3000,-3000
050570,聯發科中信97購02,0,0,0,0,0,0,0,0,0,-3000,0,0,0,0,3000,-3000,-3000
050554,百和凱基95購01  ,0,0,0,0,0,0,0,0,0,-3000,0,0,0,30000,33000,-3000,-3000
050676,道瓊銀統一96購02,0,0,0,0,0,0,0,0,0,-3000,0,0,0,0,3000,-3000,-3000
050779,超眾元大96購03  ,0,0,0,0,0,0,0,0,0,-3000,0,0,0,0,3000,-3000,-3000
050821,國泰金凱基95購01,0,0,0,0,0,0,0,0,0,-3000,0,0,0,8000,11000,-3000,-3000
050963,強茂永豐95購01  ,0,0,0,0,0,0,0,0,0,-3000,0,0,0,7000,10000,-3000,-3000
050899,旭富元大95購01  ,0,0,0,0,0,0,0,0,0,-3000,0,0,0,3000,6000,-3000,-3000
051084,華通元大95購06  ,0,0,0,0,0,0,0,0,0,-3000,0,0,0,50000,53000,-3000,-3000
052511,聯發科凱基95購14,0,0,0,0,0,0,0,0,0,-3000,0,0,0,3000,6000,-3000,-3000
052520,南亞科元大95購06,0,0,0,0,0,0,0,0,0,-3000,0,0,0,15000,18000,-3000,-3000
052579,亞泥元富96購01  ,0,0,0,0,0,0,0,0,0,-3000,0,0,0,0,3000,-3000,-3000
052038,國巨永昌96購01  ,0,0,0,0,0,0,0,0,0,-3000,0,0,0,0,3000,-3000,-3000
051580,宏碁元大95購02  ,0,0,0,0,0,0,0,0,0,-3000,0,0,0,2000,5000,-3000,-3000
051645,光寶科永豐95購01,0,0,0,0,0,0,0,0,0,-3000,0,0,0,11000,14000,-3000,-3000
051395,聯詠兆豐95購01  ,0,0,0,0,0,0,0,0,0,-3000,0,0,0,106000,109000,-3000,-3000
051465,鴻海富邦97購02  ,0,0,0,0,0,0,0,0,0,-3000,0,0,0,2000,5000,-3000,-3000
051690,超眾凱基95購03  ,0,0,0,0,0,0,0,0,0,-3000,0,0,0,0,3000,-3000,-3000
06185P,台表科元大97售05,0,0,0,0,0,0,0,0,0,-3000,0,0,0,3000,6000,-3000,-3000
08749P,鴻海台新01售02  ,0,0,0,0,0,0,0,0,0,-3000,0,0,0,0,3000,-3000,-3000
06178P,大立光第一99售01,0,0,0,0,0,0,0,0,0,-3000,0,0,0,0,3000,-3000,-3000
06054P,臺股指中信9A售01,0,0,0,0,0,0,0,0,0,-3000,0,0,0,0,3000,-3000,-3000
1568,倉佑            ,0,3000,-3000,0,0,0,0,0,0,0,0,0,0,0,0,0,-3000
1531,高林股          ,8000,11000,-3000,0,0,0,0,0,0,0,0,0,0,0,0,0,-3000
2413,環科            ,1000,4000,-3000,0,0,0,0,0,0,0,0,0,0,0,0,0,-3000
2015,豐興            ,139000,142000,-3000,0,0,0,0,0,0,0,0,0,0,0,0,0,-3000
05880P,創意康和96售01  ,0,0,0,0,0,0,0,0,0,-3000,0,0,0,0,3000,-3000,-3000
055430,宏達電群益97購01,0,0,0,0,0,0,0,0,0,-3000,0,0,0,53000,56000,-3000,-3000
055440,矽力國票98購01  ,0,0,0,0,0,0,0,0,0,-3000,0,0,0,0,3000,-3000,-3000
05588P,群創兆豐97售02  ,0,0,0,0,0,0,0,0,0,-3000,0,0,0,0,3000,-3000,-3000
05646P,聯發科國票96售05,0,0,0,0,0,0,0,0,0,-3000,0,0,0,0,3000,-3000,-3000
4414,如興            ,980000,983000,-3000,0,0,0,0,0,0,0,0,0,0,0,0,0,-3000
2911,麗嬰房          ,2000,5000,-3000,0,0,0,0,0,0,0,0,0,0,0,0,0,-3000
6582,申豐            ,3000,6000,-3000,0,0,0,0,0,0,0,0,0,0,0,0,0,-3000
054005,旺宏統一97購04  ,0,0,0,0,0,0,0,0,0,-4000,0,0,0,0,4000,-4000,-4000
054110,群創凱基98購09  ,0,0,0,0,0,0,0,0,0,-4000,0,0,0,0,4000,-4000,-4000
054517,高鐵元大96購01  ,0,0,0,0,0,0,0,0,0,-4000,0,0,0,139000,143000,-4000,-4000
054420,緯穎元大96購08  ,0,0,0,0,0,0,0,0,0,-4000,0,0,0,39000,43000,-4000,-4000
054974,台表科元大98購02,0,0,0,0,0,0,0,0,0,-4000,0,0,0,0,4000,-4000,-4000
055116,康控凱基98購01  ,0,0,0,0,0,0,0,0,0,-4000,0,0,0,0,4000,-4000,-4000
055183,聯鈞統一97購01  ,0,0,0,0,0,0,0,0,0,-4000,0,0,0,70000,74000,-4000,-4000
054788,華新科群益98購02,0,0,0,0,0,0,0,0,0,-4000,0,0,0,0,4000,-4000,-4000
054769,創意國票98購01  ,0,0,0,0,0,0,0,0,0,-4000,0,0,0,6000,10000,-4000,-4000
054735,漢唐凱基98購01  ,0,0,0,0,0,0,0,0,0,-4000,0,0,0,0,4000,-4000,-4000
054661,嘉聯益元大97購03,0,0,0,0,0,0,0,0,0,-4000,0,0,0,44000,48000,-4000,-4000
052806,玉晶光元大98購04,0,0,0,0,0,0,0,0,0,-4000,0,0,0,35000,39000,-4000,-4000
052810,易華電元大96購02,0,0,0,0,0,0,0,0,0,-4000,0,0,0,100000,104000,-4000,-4000
052714,義隆凱基96購02  ,0,0,0,0,0,0,0,0,0,-4000,0,0,0,1000,5000,-4000,-4000
053942,超眾國泰96購02  ,0,0,0,0,0,0,0,0,0,-4000,0,0,0,11000,15000,-4000,-4000
053855,康友國泰98購01  ,0,0,0,0,0,0,0,0,0,-4000,0,0,0,153000,157000,-4000,-4000
053446,欣興凱基96購02  ,0,0,0,0,0,0,0,0,0,-4000,0,0,0,0,4000,-4000,-4000
053343,宏達電國票97購02,0,0,0,0,0,0,0,0,0,-4000,0,0,0,0,4000,-4000,-4000
053513,義隆群益96購05  ,0,0,0,0,0,0,0,0,0,-4000,0,0,0,43000,47000,-4000,-4000
00851,台新全球AI      ,0,0,0,0,0,0,0,0,0,-4000,0,0,0,12000,16000,-4000,-4000
03183P,鴻海元大01售28  ,0,0,0,0,0,0,0,0,0,-4000,0,0,0,0,4000,-4000,-4000
043047,永冠國泰93購01  ,0,0,0,0,0,0,0,0,0,-4000,0,0,0,6000,10000,-4000,-4000
042941,永冠國票93購01  ,0,0,0,0,0,0,0,0,0,-4000,0,0,0,0,4000,-4000,-4000
04151P,日電貿康和93售01,0,0,0,0,0,0,0,0,0,-4000,0,0,0,0,4000,-4000,-4000
044816,漢唐兆豐93購02  ,0,0,0,0,0,0,0,0,0,-4000,0,0,0,0,4000,-4000,-4000
045749,智邦富邦93購01  ,0,0,0,0,0,0,0,0,0,-4000,0,0,0,96000,100000,-4000,-4000
044298,南電凱基93購01  ,0,0,0,0,0,0,0,0,0,-4000,0,0,0,0,4000,-4000,-4000
044353,宏達電元大93購04,0,0,0,0,0,0,0,0,0,-4000,0,0,0,6000,10000,-4000,-4000
044253,美律麥證92購01  ,0,0,0,0,4000,-4000,0,0,0,-4000,0,0,0,0,4000,-4000,-4000
048782,亞泥元大94購01  ,0,0,0,0,0,0,0,0,0,-4000,0,0,0,31000,35000,-4000,-4000
049020,可成群益94購02  ,0,0,0,0,0,0,0,0,0,-4000,0,0,0,26000,30000,-4000,-4000
046159,群創群益98購04  ,0,0,0,0,0,0,0,0,0,-4000,0,0,0,10000,14000,-4000,-4000
045591,彩晶元大93購01  ,0,0,0,0,0,0,0,0,0,-4000,0,0,0,3000,7000,-4000,-4000
045386,新光金元大93購02,0,0,0,0,0,0,0,0,0,-4000,0,0,0,0,4000,-4000,-4000
045345,新光金凱基92購01,0,0,0,0,0,0,0,0,0,-4000,0,0,0,0,4000,-4000,-4000
04544P,欣興富邦96售02  ,0,0,0,0,0,0,0,0,0,-4000,0,0,0,0,4000,-4000,-4000
048389,國巨國票94購01  ,0,0,0,0,0,0,0,0,0,-4000,0,0,0,0,4000,-4000,-4000
046810,瑞昱第一93購01  ,0,0,0,0,0,0,0,0,0,-4000,0,0,0,0,4000,-4000,-4000
047634,亞德客元大93購01,0,0,0,0,0,0,0,0,0,-4000,0,0,0,73000,77000,-4000,-4000
047565,美律國票93購02  ,0,0,0,0,0,0,0,0,0,-4000,0,0,0,20000,24000,-4000,-4000
049525,華新科兆豐94購01,0,0,0,0,0,0,0,0,0,-4000,0,0,0,20000,24000,-4000,-4000
049813,康控元大96購02  ,0,0,0,0,0,0,0,0,0,-4000,0,0,0,0,4000,-4000,-4000
049952,強茂群益94購01  ,0,0,0,0,0,0,0,0,0,-4000,0,0,0,0,4000,-4000,-4000
047487,南電凱基94購01  ,0,0,0,0,0,0,0,0,0,-4000,0,0,0,0,4000,-4000,-4000
048690,美律群益94購01  ,0,0,0,0,0,0,0,0,0,-4000,0,0,0,16000,20000,-4000,-4000
047803,卜蜂凱基93購03  ,0,0,0,0,0,0,0,0,0,-4000,0,0,0,0,4000,-4000,-4000
049150,新光金元大96購01,0,0,0,0,0,0,0,0,0,-4000,0,0,0,0,4000,-4000,-4000
048084,華通凱基93購05  ,0,0,0,0,0,0,0,0,0,-4000,0,0,0,44000,48000,-4000,-4000
048107,華通群益93購02  ,0,0,0,0,0,0,0,0,0,-4000,0,0,0,0,4000,-4000,-4000
048032,可成凱基93購13  ,0,0,0,0,0,0,0,0,0,-4000,0,0,0,0,4000,-4000,-4000
048705,GIS國票95購01   ,0,0,0,0,0,0,0,0,0,-4000,0,0,0,50000,54000,-4000,-4000
046988,南亞科凱基93購02,0,0,0,0,0,0,0,0,0,-4000,0,0,0,1000,5000,-4000,-4000
047442,聯詠元大93購09  ,0,0,0,0,0,0,0,0,0,-4000,0,0,0,0,4000,-4000,-4000
047232,禾伸堂凱基93購02,0,0,0,0,0,0,0,0,0,-4000,0,0,0,21000,25000,-4000,-4000
051869,康控凱基96購01  ,0,0,0,0,0,0,0,0,0,-4000,0,0,0,25000,29000,-4000,-4000
051621,欣興凱基95購02  ,0,0,0,0,0,0,0,0,0,-4000,0,0,0,24000,28000,-4000,-4000
052059,臺股指凱基95購17,0,0,0,0,0,0,0,0,0,-4000,0,0,0,0,4000,-4000,-4000
052104,英業達兆豐96購01,0,0,0,0,0,0,0,0,0,-4000,0,0,0,2000,6000,-4000,-4000
052253,康控永豐95購04  ,0,0,0,0,0,0,0,0,0,-4000,0,0,0,125000,129000,-4000,-4000
052672,世紀鋼群益96購02,0,0,0,0,0,0,0,0,0,-4000,0,0,0,398000,402000,-4000,-4000
052446,聯發科元大96購03,0,0,0,0,0,0,0,0,0,-4000,0,0,0,76000,80000,-4000,-4000
051309,卜蜂麥證95購01  ,0,0,0,10000,14000,-4000,0,0,0,-4000,0,0,0,10000,14000,-4000,-4000
050588,矽創國票95購01  ,0,0,0,0,0,0,0,0,0,-4000,0,0,0,0,4000,-4000,-4000
050355,瑞儀群益94購01  ,0,0,0,0,0,0,0,0,0,-4000,0,0,0,0,4000,-4000,-4000
050263,旺宏元大94購10  ,0,0,0,0,0,0,0,0,0,-4000,0,0,0,30000,34000,-4000,-4000
050037,金融類元大94購03,0,0,0,0,0,0,0,0,0,-4000,0,0,0,0,4000,-4000,-4000
050075,南電凱基94購04  ,0,0,0,0,0,0,0,0,0,-4000,0,0,0,0,4000,-4000,-4000
6504,南六            ,5000,9000,-4000,0,0,0,0,0,0,0,0,0,0,0,0,0,-4000
6206,飛捷            ,13000,14000,-1000,0,0,0,0,3000,-3000,0,0,0,0,0,0,0,-4000
6215,和椿            ,2000,4000,-2000,0,0,0,0,0,0,-2000,0,2000,-2000,0,0,0,-4000
3494,誠研            ,0,4000,-4000,0,0,0,0,0,0,0,0,0,0,0,0,0,-4000
055408,力成國泰98購01  ,0,0,0,0,0,0,0,0,0,-4000,0,0,0,3000,7000,-4000,-4000
055478,訊芯凱基97購01  ,0,0,0,0,0,0,0,0,0,-4000,0,0,0,0,4000,-4000,-4000
055323,貿聯國票98購01  ,0,0,0,0,0,0,0,0,0,-4000,0,0,0,0,4000,-4000,-4000
2038,海光            ,1000,5000,-4000,0,0,0,0,0,0,0,0,0,0,0,0,0,-4000
2476,鉅祥            ,0,4000,-4000,0,0,0,0,0,0,0,0,0,0,0,0,0,-4000
1340,勝悅-KY         ,0,4000,-4000,0,0,0,0,0,0,0,0,0,0,0,0,0,-4000
06048P,大立光富邦96售05,0,0,0,0,0,0,0,0,0,-4000,0,0,0,0,4000,-4000,-4000
053550,聯發科凱基96購15,0,0,0,0,0,0,0,0,0,-5000,0,0,0,17000,22000,-5000,-5000
053552,華新科凱基96購08,0,0,0,0,0,0,0,0,0,-5000,0,0,0,0,5000,-5000,-5000
053842,聯發科統一96購08,0,0,0,0,0,0,0,0,0,-5000,0,0,0,0,5000,-5000,-5000
053946,全新富邦97購02  ,0,0,0,0,0,0,0,0,0,-5000,0,0,0,5000,10000,-5000,-5000
053731,矽創凱基96購03  ,0,0,0,0,0,0,0,0,0,-5000,0,0,0,0,5000,-5000,-5000
053714,南亞科凱基96購03,0,0,0,0,0,0,0,0,0,-5000,0,0,0,0,5000,-5000,-5000
052766,玉晶光群益9A購01,0,0,0,0,0,0,0,0,0,-5000,0,0,0,107000,112000,-5000,-5000
052814,上証2X永豐96購02,0,0,0,0,0,0,0,0,0,-5000,0,0,0,9000,14000,-5000,-5000
052924,旺宏永豐96購01  ,0,0,0,0,0,0,0,0,0,-5000,0,0,0,176000,181000,-5000,-5000
053301,華通凱基96購04  ,0,0,0,0,0,0,0,0,0,-5000,0,0,0,0,5000,-5000,-5000
053245,全新國票97購01  ,0,0,0,0,0,0,0,0,0,-5000,0,0,0,0,5000,-5000,-5000
053201,美律日盛96購01  ,0,0,0,0,0,0,0,0,0,-5000,0,0,0,0,5000,-5000,-5000
054783,國巨群益98購04  ,0,0,0,0,0,0,0,0,0,-5000,0,0,0,12000,17000,-5000,-5000
054795,合勤控群益98購01,0,0,0,0,0,0,0,0,0,-5000,0,0,0,0,5000,-5000,-5000
05489P,臺股指凱基95售22,0,0,0,0,0,0,0,0,0,-5000,0,0,0,0,5000,-5000,-5000
054956,宏盛元大97購01  ,0,0,0,0,0,0,0,0,0,-5000,0,0,0,5000,10000,-5000,-5000
054529,T50反1國泰97購02,0,0,0,0,0,0,0,0,0,-5000,0,0,0,0,5000,-5000,-5000
054187,亞光永豐96購03  ,0,0,0,0,0,0,0,0,0,-5000,0,0,0,24000,29000,-5000,-5000
045458,智邦元大92購05  ,0,0,0,0,0,0,0,0,0,-5000,0,0,0,0,5000,-5000,-5000
045381,南亞科元大92購03,0,0,0,0,0,0,0,0,0,-5000,0,0,0,0,5000,-5000,-5000
045543,百和群益94購01  ,0,0,0,0,0,0,0,0,0,-5000,0,0,0,0,5000,-5000,-5000
045570,元油2X元大92購02,0,0,0,0,0,0,0,0,0,-5000,0,0,0,6000,11000,-5000,-5000
046147,道瓊指中信96購02,0,0,0,0,0,0,0,0,0,-5000,0,0,0,0,5000,-5000,-5000
046195,聯詠凱基92購08  ,0,0,0,0,0,0,0,0,0,-5000,0,0,0,0,5000,-5000,-5000
046020,滬深2X元大95購02,0,0,0,0,0,0,0,0,0,-5000,0,0,0,75000,80000,-5000,-5000
049000,元油2X中信95購02,0,0,0,0,0,0,0,0,0,-5000,0,0,0,0,5000,-5000,-5000
048776,正文凱基94購01  ,0,0,0,0,0,0,0,0,0,-5000,0,0,0,0,5000,-5000,-5000
044698,奇力新元大93購01,0,0,0,0,0,0,0,0,0,-5000,0,0,0,0,5000,-5000,-5000
045236,元油2X國票92購05,0,0,0,0,0,0,0,0,0,-5000,0,0,0,0,5000,-5000,-5000
045834,兆豐金群益92購01,0,0,0,0,0,0,0,0,0,-5000,0,0,0,20000,25000,-5000,-5000
045781,聯詠元大92購03  ,0,0,0,0,0,0,0,0,0,-5000,0,0,0,0,5000,-5000,-5000
04578P,微星富邦96售01  ,0,0,0,0,0,0,0,0,0,-5000,0,0,0,0,5000,-5000,-5000
044874,新日興統一91購02,0,0,0,0,0,0,0,0,0,-5000,0,0,0,16000,21000,-5000,-5000
044862,台表科兆豐93購01,0,0,0,0,0,0,0,0,0,-5000,0,0,0,0,5000,-5000,-5000
044198,友達國票92購01  ,0,0,0,0,0,0,0,0,0,-5000,0,0,0,0,5000,-5000,-5000
04415P,牧德元富94售05  ,0,0,0,0,0,0,0,0,0,-5000,0,0,0,10000,15000,-5000,-5000
046317,亞光元大92購04  ,0,0,0,0,0,0,0,0,0,-5000,0,0,0,0,5000,-5000,-5000
043442,大立光台新01購01,0,0,0,0,0,0,0,0,0,-5000,0,0,0,0,5000,-5000,-5000
04171P,旺宏凱基93售07  ,0,0,0,0,0,0,0,0,0,-5000,0,0,0,0,5000,-5000,-5000
04165P,南亞科元富95售03,0,0,0,0,0,0,0,0,0,-5000,0,0,0,0,5000,-5000,-5000
04332P,A50正2日盛93售01,0,0,0,0,0,0,0,0,0,-5000,0,0,0,20000,25000,-5000,-5000
04244P,可成元大93售12  ,0,0,0,0,0,0,0,0,0,-5000,0,0,0,22000,27000,-5000,-5000
039319,華新科國泰92購01,0,0,0,0,0,0,0,0,0,-5000,0,0,0,5000,10000,-5000,-5000
03938P,聯鈞元大93售01  ,0,0,0,0,0,0,0,0,0,-5000,0,0,0,5000,10000,-5000,-5000
020002,元富新中國N     ,0,0,0,0,0,0,0,0,0,-5000,0,0,0,1000,6000,-5000,-5000
00711B,FH彭博新興債    ,0,0,0,0,0,0,0,0,0,-5000,0,0,0,101000,106000,-5000,-5000
03640P,百和凱基93售05  ,0,0,0,0,0,0,0,0,0,-5000,0,0,0,0,5000,-5000,-5000
03052X,元展49          ,0,0,0,0,0,0,0,0,0,-5000,0,0,0,0,5000,-5000,-5000
043909,台光電凱基93購01,0,0,0,0,0,0,0,0,0,-5000,0,0,0,5000,10000,-5000,-5000
04115P,欣興群益93售06  ,0,0,0,0,0,0,0,0,0,-5000,0,0,0,10000,15000,-5000,-5000
044025,台表科凱基93購02,0,0,0,0,0,0,0,0,0,-5000,0,0,0,1000,6000,-5000,-5000
04391P,玉晶光凱基95售03,0,0,0,0,0,0,0,0,0,-5000,0,0,0,5000,10000,-5000,-5000
046908,達運凱基93購01  ,0,0,0,0,0,0,0,0,0,-5000,0,0,0,0,5000,-5000,-5000
047478,旺宏凱基93購04  ,0,0,0,0,0,0,0,0,0,-5000,0,0,0,0,5000,-5000,-5000
046975,元金2X永豐93購01,0,0,0,0,0,0,0,0,0,-5000,0,0,0,0,5000,-5000,-5000
047063,漢唐凱基95購01  ,0,0,0,0,0,0,0,0,0,-5000,0,0,0,0,5000,-5000,-5000
047082,元上證永豐93購01,0,0,0,0,0,0,0,0,0,-5000,0,0,0,3000,8000,-5000,-5000
04709P,台積電元大94售15,0,0,0,0,0,0,0,0,0,-5000,0,0,0,0,5000,-5000,-5000
046667,晶技元大93購01  ,0,0,0,0,0,0,0,0,0,-5000,0,0,0,30000,35000,-5000,-5000
048724,台達電日盛94購01,0,0,0,0,0,0,0,0,0,-5000,0,0,0,1000,6000,-5000,-5000
049170,亞德客凱基94購01,0,0,0,0,0,0,0,0,0,-5000,0,0,0,11000,16000,-5000,-5000
046541,超眾群益93購01  ,0,0,0,0,0,0,0,0,0,-5000,0,0,0,10000,15000,-5000,-5000
04801P,矽力元大94售02  ,0,0,0,0,0,0,0,0,0,-5000,0,0,0,0,5000,-5000,-5000
049392,臺股指麥證94購01,0,0,0,0,5000,-5000,0,0,0,-5000,0,0,0,0,5000,-5000,-5000
048135,瀚宇博國票94購01,0,0,0,0,0,0,0,0,0,-5000,0,0,0,0,5000,-5000,-5000
047787,正崴群益93購01  ,0,0,0,0,0,0,0,0,0,-5000,0,0,0,18000,23000,-5000,-5000
047921,南亞科凱基93購05,0,0,0,0,0,0,0,0,0,-5000,0,0,0,0,5000,-5000,-5000
047878,日股2X中信95購01,0,0,0,0,0,0,0,0,0,-5000,0,0,0,0,5000,-5000,-5000
047945,滬深2X統一94購01,0,0,0,0,0,0,0,0,0,-5000,0,0,0,45000,50000,-5000,-5000
047987,力成群益93購01  ,0,0,0,0,0,0,0,0,0,-5000,0,0,0,0,5000,-5000,-5000
049401,可成群益94購04  ,0,0,0,0,0,0,0,0,0,-5000,0,0,0,100000,105000,-5000,-5000
046785,禾伸堂永豐93購01,0,0,0,0,0,0,0,0,0,-5000,0,0,0,17000,22000,-5000,-5000
048672,日電貿永豐93購02,0,0,0,0,0,0,0,0,0,-5000,0,0,0,0,5000,-5000,-5000
048587,康控中信93購01  ,0,0,0,0,0,0,0,0,0,-5000,0,0,0,0,5000,-5000,-5000
049961,GIS統一94購01   ,0,0,0,0,0,0,0,0,0,-5000,0,0,0,50000,55000,-5000,-5000
04984P,臺股指康和94售04,0,0,0,0,0,0,0,0,0,-5000,0,0,0,0,5000,-5000,-5000
04986P,茂林永豐94售05  ,0,0,0,0,0,0,0,0,0,-5000,0,0,0,5000,10000,-5000,-5000
04953P,台積電群益94售13,0,0,0,0,0,0,0,0,0,-5000,0,0,0,105000,110000,-5000,-5000
049694,華新科元大95購06,0,0,0,0,0,0,0,0,0,-5000,0,0,0,0,5000,-5000,-5000
049637,元石油凱基94購01,0,0,0,0,0,0,0,0,0,-5000,0,0,0,0,5000,-5000,-5000
047582,滬深2X永豐95購02,0,0,0,0,0,0,0,0,0,-5000,0,0,0,150000,155000,-5000,-5000
04835P,鴻海元大94售18  ,0,0,0,0,0,0,0,0,0,-5000,0,0,0,63000,68000,-5000,-5000
046827,漢唐群益93購02  ,0,0,0,0,0,0,0,0,0,-5000,0,0,0,23000,28000,-5000,-5000
046828,聯發科群益94購01,0,0,0,0,0,0,0,0,0,-5000,0,0,0,0,5000,-5000,-5000
049751,牧德永豐95購01  ,0,0,0,0,0,0,0,0,0,-5000,0,0,0,115000,120000,-5000,-5000
049611,緯穎兆豐95購02  ,0,0,0,0,0,0,0,0,0,-5000,0,0,0,0,5000,-5000,-5000
050091,喬山永豐94購02  ,0,0,0,0,0,0,0,0,0,-5000,0,0,0,0,5000,-5000,-5000
050105,力山元大95購02  ,0,0,0,0,0,0,0,0,0,-5000,0,0,0,0,5000,-5000,-5000
050290,南亞科凱基94購06,0,0,0,0,0,0,0,0,0,-5000,0,0,0,0,5000,-5000,-5000
050412,全新永豐94購04  ,0,0,0,0,0,0,0,0,0,-5000,0,0,0,0,5000,-5000,-5000
050490,上証2X國泰95購01,0,0,0,0,0,0,0,0,0,-5000,0,0,0,10000,15000,-5000,-5000
050556,道瓊銀統一95購01,0,0,0,0,0,0,0,0,0,-5000,0,0,0,0,5000,-5000,-5000
050543,聯發科凱基95購01,0,0,0,0,0,0,0,0,0,-5000,0,0,0,17000,22000,-5000,-5000
051330,宏碁永豐95購01  ,0,0,0,0,0,0,0,0,0,-5000,0,0,0,0,5000,-5000,-5000
051217,聯發科元富95購01,0,0,0,0,0,0,0,0,0,-5000,0,0,0,0,5000,-5000,-5000
051070,正崴國票96購01  ,0,0,0,0,0,0,0,0,0,-5000,0,0,0,0,5000,-5000,-5000
051093,聯詠元大95購01  ,0,0,0,0,0,0,0,0,0,-5000,0,0,0,0,5000,-5000,-5000
051150,宏達電凱基95購02,0,0,0,0,0,0,0,0,0,-5000,0,0,0,0,5000,-5000,-5000
050996,隆達元大95購01  ,0,0,0,0,0,0,0,0,0,-5000,0,0,0,8000,13000,-5000,-5000
050822,亞光凱基95購01  ,0,0,0,0,0,0,0,0,0,-5000,0,0,0,33000,38000,-5000,-5000
050811,國巨凱基95購02  ,0,0,0,0,0,0,0,0,0,-5000,0,0,0,2000,7000,-5000,-5000
050793,大立光富邦96購03,0,0,0,0,0,0,0,0,0,-5000,0,0,0,0,5000,-5000,-5000
052473,臻鼎亞東95購01  ,0,0,0,0,0,0,0,0,0,-5000,0,0,0,48000,53000,-5000,-5000
052646,淘帝永豐96購01  ,0,0,0,0,0,0,0,0,0,-5000,0,0,0,0,5000,-5000,-5000
052592,華通群益98購01  ,0,0,0,0,0,0,0,0,0,-5000,0,0,0,0,5000,-5000,-5000
052553,技嘉國票96購01  ,0,0,0,0,0,0,0,0,0,-5000,0,0,0,0,5000,-5000,-5000
052205,台積電中信95購09,0,0,0,0,0,0,0,0,0,-5000,0,0,0,25000,30000,-5000,-5000
052303,聯發科永豐95購05,0,0,0,0,0,0,0,0,0,-5000,0,0,0,0,5000,-5000,-5000
052053,泰鼎凱基96購01  ,0,0,0,0,0,0,0,0,0,-5000,0,0,0,0,5000,-5000,-5000
05213P,台積電國票96售05,0,0,0,0,0,0,0,0,0,-5000,0,0,0,0,5000,-5000,-5000
051526,超眾凱基95購02  ,0,0,0,0,0,0,0,0,0,-5000,0,0,0,0,5000,-5000,-5000
051452,貿聯元大95購04  ,0,0,0,0,0,0,0,0,0,-5000,0,0,0,0,5000,-5000,-5000
051913,緯創元大96購01  ,0,0,0,0,0,0,0,0,0,-5000,0,0,0,0,5000,-5000,-5000
05200P,臺股指永豐95售03,0,0,0,0,0,0,0,0,0,-5000,0,0,0,25000,30000,-5000,-5000
051860,為升凱基95購01  ,0,0,0,0,0,0,0,0,0,-5000,0,0,0,0,5000,-5000,-5000
06120P,大立光凱基98售05,0,0,0,0,0,0,0,0,0,-5000,0,0,0,50000,55000,-5000,-5000
08974P,可成群益02售02  ,0,0,0,0,0,0,0,0,0,-5000,0,0,0,0,5000,-5000,-5000
1810,和成            ,39000,45000,-6000,0,0,0,0,0,0,1000,1000,0,1000,0,0,0,-5000
1783,和康生          ,2000,7000,-5000,0,0,0,0,0,0,0,0,0,0,0,0,0,-5000
055348,旺宏凱基97購01  ,0,0,0,0,0,0,0,0,0,-5000,0,0,0,2000,7000,-5000,-5000
055363,緯穎凱基98購03  ,0,0,0,0,0,0,0,0,0,-5000,0,0,0,0,5000,-5000,-5000
055211,A50反1凱基9A購01,0,0,0,0,0,0,0,0,0,-5000,0,0,0,0,5000,-5000,-5000
055234,昇陽半國票98購02,0,0,0,0,0,0,0,0,0,-5000,0,0,0,30000,35000,-5000,-5000
055275,台積電元大97購19,0,0,0,0,0,0,0,0,0,-5000,0,0,0,3000,8000,-5000,-5000
05590P,臺股指中信96售05,0,0,0,0,0,0,0,0,0,-5000,0,0,0,0,5000,-5000,-5000
05877P,大立光群益96售06,0,0,0,0,0,0,0,0,0,-5000,0,0,0,0,5000,-5000,-5000
05817P,可成凱基96售07  ,0,0,0,0,0,0,0,0,0,-5000,0,0,0,0,5000,-5000,-5000
05819P,臺股指凱基96售16,0,0,0,0,0,0,0,0,0,-5000,0,0,0,35000,40000,-5000,-5000
05781P,臺股指統一99售02,0,0,0,0,0,0,0,0,0,-5000,0,0,0,0,5000,-5000,-5000
05787P,臺股指永昌96售04,0,0,0,0,0,0,0,0,0,-5000,4000,0,4000,0,9000,-9000,-5000
05755P,臺股指中信99售04,0,0,0,0,0,0,0,0,0,-5000,0,0,0,11000,16000,-5000,-5000
05739P,臺股指統一97售02,0,0,0,0,0,0,0,0,0,-5000,0,0,0,0,5000,-5000,-5000
05729P,臺股指凱基97售02,0,0,0,0,0,0,0,0,0,-5000,0,0,0,0,5000,-5000,-5000
05731P,創意統一96售03  ,0,0,0,0,0,0,0,0,0,-5000,0,0,0,40000,45000,-5000,-5000
3669,圓展            ,0,5000,-5000,0,0,0,0,0,0,0,0,0,0,0,0,0,-5000
5907,大洋-KY         ,28000,33000,-5000,0,0,0,0,0,0,0,0,0,0,0,0,0,-5000
054257,揚明光元大96購02,0,0,0,0,0,0,0,0,0,-6000,0,0,0,0,6000,-6000,-6000
054084,旺宏統一97購05  ,0,0,0,0,0,0,0,0,0,-6000,0,0,0,0,6000,-6000,-6000
054038,T50反1元大98購04,0,0,0,0,0,0,0,0,0,-6000,0,0,0,0,6000,-6000,-6000
054511,香港反元大98購01,0,0,0,0,0,0,0,0,0,-6000,0,0,0,0,6000,-6000,-6000
054285,國巨元大98購02  ,0,0,0,0,0,0,0,0,0,-6000,0,0,0,18000,24000,-6000,-6000
054921,文曄凱基97購01  ,0,0,0,0,0,0,0,0,0,-6000,0,0,0,0,6000,-6000,-6000
055083,康友中信97購01  ,0,0,0,0,0,0,0,0,0,-6000,0,0,0,12000,18000,-6000,-6000
054855,得力群益98購01  ,0,0,0,0,0,0,0,0,0,-6000,0,0,0,1000,7000,-6000,-6000
053250,百和國票97購02  ,0,0,0,0,0,0,0,0,0,-6000,0,0,0,2000,8000,-6000,-6000
053309,泰鼎凱基96購03  ,0,0,0,0,0,0,0,0,0,-6000,0,0,0,0,6000,-6000,-6000
053158,茂林元大96購01  ,0,0,0,0,0,0,0,0,0,-6000,0,0,0,116000,122000,-6000,-6000
052953,百和國票97購01  ,0,0,0,0,0,0,0,0,0,-6000,0,0,0,2000,8000,-6000,-6000
052936,華通兆豐98購01  ,0,0,0,0,0,0,0,0,0,-6000,0,0,0,46000,52000,-6000,-6000
052991,台積電台新96購01,0,0,0,0,0,0,0,0,0,-6000,0,0,0,10000,16000,-6000,-6000
052759,京元電群益96購01,0,0,0,0,0,0,0,0,0,-6000,0,0,0,20000,26000,-6000,-6000
053727,麗豐凱基97購01  ,0,0,0,0,0,0,0,0,0,-6000,0,0,0,0,6000,-6000,-6000
053596,嘉澤元大96購01  ,0,0,0,0,0,0,0,0,0,-6000,0,0,0,31000,37000,-6000,-6000
05340P,臺股指國票95售08,0,0,0,0,0,0,0,0,0,-6000,0,0,0,0,6000,-6000,-6000
053466,華通元大98購01  ,0,0,0,0,0,0,0,0,0,-6000,0,0,0,55000,61000,-6000,-6000
044003,聯發科兆豐93購01,0,0,0,0,0,0,0,0,0,-6000,0,0,0,6000,12000,-6000,-6000
03399P,欣興中信02售03  ,0,0,0,0,0,0,0,0,0,-6000,0,0,0,0,6000,-6000,-6000
00666R,富邦恒生國企反1 ,0,0,0,0,0,0,0,0,0,-6000,0,0,0,80000,86000,-6000,-6000
03088P,大立光元大01售17,0,0,0,0,0,0,0,0,0,-6000,0,0,0,0,6000,-6000,-6000
043391,康控元大94購01  ,0,0,0,0,0,0,0,0,0,-6000,0,0,0,90000,96000,-6000,-6000
04353P,全新永豐94售01  ,0,0,0,0,0,0,0,0,0,-6000,0,0,0,6000,12000,-6000,-6000
046068,國泰金凱基92購02,0,0,0,0,0,0,0,0,0,-6000,0,0,0,20000,26000,-6000,-6000
044909,玉晶光凱基93購02,0,0,0,0,0,0,0,0,0,-6000,0,0,0,0,6000,-6000,-6000
044429,元金2X元大94購04,0,0,0,0,0,0,0,0,0,-6000,0,0,0,0,6000,-6000,-6000
045873,元油2X元富98購04,0,0,0,0,0,0,0,0,0,-6000,0,0,0,5000,11000,-6000,-6000
048767,欣興凱基94購01  ,0,0,0,0,0,0,0,0,0,-6000,0,0,0,31000,37000,-6000,-6000
045369,康控兆豐93購01  ,0,0,0,0,0,0,0,0,0,-6000,0,0,0,10000,16000,-6000,-6000
046885,卜蜂群益93購01  ,0,0,0,0,0,0,0,0,0,-6000,0,0,0,0,6000,-6000,-6000
04991P,台表科元大94售05,0,0,0,0,0,0,0,0,0,-6000,0,0,0,0,6000,-6000,-6000
048698,宏達電國票95購01,0,0,0,0,0,0,0,0,0,-6000,0,0,0,0,6000,-6000,-6000
049407,台積電日盛94購02,0,0,0,0,0,0,0,0,0,-6000,0,0,0,7000,13000,-6000,-6000
04846P,旺宏凱基94售07  ,0,0,0,0,0,0,0,0,0,-6000,0,0,0,0,6000,-6000,-6000
046512,和鑫元大92購01  ,0,0,0,0,0,0,0,0,0,-6000,0,0,0,135000,141000,-6000,-6000
046421,群創元大92購11  ,0,0,0,0,0,0,0,0,0,-6000,0,0,0,0,6000,-6000,-6000
046903,友達凱基99購01  ,0,0,0,0,0,0,0,0,0,-6000,0,0,0,4000,10000,-6000,-6000
046925,華新科國泰94購03,0,0,0,0,0,0,0,0,0,-6000,0,0,0,0,6000,-6000,-6000
047199,鴻海元富93購03  ,0,0,0,0,0,0,0,0,0,-6000,0,0,0,24000,30000,-6000,-6000
051772,玉山金中信95購01,0,0,0,0,0,0,0,0,0,-6000,0,0,0,0,6000,-6000,-6000
051490,世芯凱基96購01  ,0,0,0,0,0,0,0,0,0,-6000,0,0,0,77000,83000,-6000,-6000
051590,玉晶光元大96購02,0,0,0,0,0,0,0,0,0,-6000,0,0,0,8000,14000,-6000,-6000
052090,聯發科元大97購03,0,0,0,0,0,0,0,0,0,-6000,0,0,0,6000,12000,-6000,-6000
052345,矽力凱基95購01  ,0,0,0,0,0,0,0,0,0,-6000,0,0,0,4000,10000,-6000,-6000
052663,奇鋐國票97購01  ,0,0,0,0,0,0,0,0,0,-6000,0,0,0,0,6000,-6000,-6000
050735,亞光台新94購01  ,0,0,0,0,0,0,0,0,0,-6000,0,0,0,0,6000,-6000,-6000
050944,智邦群益95購01  ,0,0,0,0,0,0,0,0,0,-6000,0,0,0,0,6000,-6000,-6000
050673,旺宏富邦96購02  ,0,0,0,0,0,0,0,0,0,-6000,0,0,0,4000,10000,-6000,-6000
050357,南電群益94購02  ,0,0,0,0,0,0,0,0,0,-6000,0,0,0,0,6000,-6000,-6000
050234,國巨凱基94購10  ,0,0,0,0,0,0,0,0,0,-6000,0,0,0,6000,12000,-6000,-6000
050255,GIS富邦95購01   ,0,0,0,0,0,0,0,0,0,-6000,0,0,0,57000,63000,-6000,-6000
050219,台積電元富95購03,0,0,0,0,0,0,0,0,0,-6000,0,0,0,32000,38000,-6000,-6000
9906,欣巴巴          ,10000,16000,-6000,0,0,0,0,0,0,0,0,0,0,0,0,0,-6000
05675P,美律群益97售01  ,0,0,0,0,0,0,0,0,0,-6000,0,0,0,11000,17000,-6000,-6000
055381,茂林元大97購02  ,0,0,0,0,0,0,0,0,0,-6000,0,0,0,22000,28000,-6000,-6000
2328,廣宇            ,252000,239000,13000,0,0,0,0,0,0,-19000,0,19000,-19000,0,0,0,-6000
1256,鮮活果汁-KY     ,6000,12000,-6000,0,0,0,0,0,0,0,0,0,0,0,0,0,-6000
2301,光寶科          ,1421514,1430000,-8486,0,0,0,0,0,0,2000,2000,2000,0,7000,5000,2000,-6486
053719,可成凱基96購08  ,0,0,0,0,0,0,0,0,0,-7000,0,0,0,16000,23000,-7000,-7000
053787,健策元大97購02  ,0,0,0,0,0,0,0,0,0,-7000,0,0,0,255000,262000,-7000,-7000
053967,華邦電元大96購03,0,0,0,0,0,0,0,0,0,-7000,0,0,0,123000,130000,-7000,-7000
053945,國巨富邦98購02  ,0,0,0,0,0,0,0,0,0,-7000,0,0,0,104000,111000,-7000,-7000
053880,智邦中信96購01  ,0,0,0,0,0,0,0,0,0,-7000,0,0,0,80000,87000,-7000,-7000
052789,台積電麥證96購01,0,0,0,0,7000,-7000,0,0,0,-7000,0,0,0,0,7000,-7000,-7000
053199,旺宏日盛96購01  ,0,0,0,0,0,0,0,0,0,-7000,0,0,0,10000,17000,-7000,-7000
054572,國巨元大98購03  ,0,0,0,0,0,0,0,0,0,-7000,0,0,0,42000,49000,-7000,-7000
054111,緯穎凱基97購01  ,0,0,0,0,0,0,0,0,0,-7000,0,0,0,7000,14000,-7000,-7000
054258,牧德元大97購01  ,0,0,0,0,0,0,0,0,0,-7000,0,0,0,102000,109000,-7000,-7000
045329,富邦金亞東93購01,0,0,0,0,0,0,0,0,0,-7000,0,0,0,0,7000,-7000,-7000
045337,滬深2X凱基95購01,0,0,0,0,0,0,0,0,0,-7000,0,0,0,0,7000,-7000,-7000
045618,元油2X永豐98購01,0,0,0,0,0,0,0,0,0,-7000,0,0,0,5000,12000,-7000,-7000
046026,友訊元大92購01  ,0,0,0,0,0,0,0,0,0,-7000,0,0,0,5000,12000,-7000,-7000
04025P,宏達電國泰94售01,0,0,0,0,0,0,0,0,0,-7000,0,0,0,0,7000,-7000,-7000
049156,緯穎元大96購01  ,0,0,0,0,0,0,0,0,0,-7000,0,0,0,2000,9000,-7000,-7000
048460,盛群凱基94購01  ,0,0,0,0,0,0,0,0,0,-7000,0,0,0,0,7000,-7000,-7000
049136,華通元大95購01  ,0,0,0,0,0,0,0,0,0,-7000,0,0,0,70000,77000,-7000,-7000
048092,聯發科凱基93購29,0,0,0,0,0,0,0,0,0,-7000,0,0,0,22000,29000,-7000,-7000
048606,聯發科日盛93購02,0,0,0,0,0,0,0,0,0,-7000,0,0,0,3000,10000,-7000,-7000
047659,大立光麥證93購01,0,0,0,0,7000,-7000,0,0,0,-7000,0,0,0,0,7000,-7000,-7000
047789,景碩群益93購01  ,0,0,0,0,0,0,0,0,0,-7000,0,0,0,0,7000,-7000,-7000
049820,世紀鋼元大96購03,0,0,0,0,0,0,0,0,0,-7000,0,0,0,55000,62000,-7000,-7000
049976,台積電凱基94購28,0,0,0,0,0,0,0,0,0,-7000,0,0,0,86000,93000,-7000,-7000
046845,燿華永豐93購01  ,0,0,0,0,0,0,0,0,0,-7000,0,0,0,49000,56000,-7000,-7000
050282,T50反1凱基97購01,0,0,0,0,0,0,0,0,0,-7000,0,0,0,0,7000,-7000,-7000
050395,大立光元富94購10,0,0,0,0,0,0,0,0,0,-7000,0,0,0,31000,38000,-7000,-7000
050620,和碩元大94購04  ,0,0,0,0,0,0,0,0,0,-7000,0,0,0,43000,50000,-7000,-7000
050687,上銀日盛94購01  ,0,0,0,0,0,0,0,0,0,-7000,0,0,0,100000,107000,-7000,-7000
051343,鴻海元大95購07  ,0,0,0,0,0,0,0,0,0,-7000,0,0,0,33000,40000,-7000,-7000
052445,南亞科元大95購05,0,0,0,0,0,0,0,0,0,-7000,0,0,0,76000,83000,-7000,-7000
052075,旺宏元富95購03  ,0,0,0,0,0,0,0,0,0,-7000,0,0,0,10000,17000,-7000,-7000
051640,GIS國票96購03   ,0,0,0,0,0,0,0,0,0,-7000,0,0,0,53000,60000,-7000,-7000
2348,海悅            ,22000,27000,-5000,0,0,0,0,0,0,-2000,0,2000,-2000,0,0,0,-7000
1410,南染            ,0,7000,-7000,0,0,0,0,0,0,0,0,0,0,0,0,0,-7000
06177P,玉晶光元大98售07,0,0,0,0,0,0,0,0,0,-7000,0,0,0,2000,9000,-7000,-7000
055276,台積電元大97購20,0,0,0,0,0,0,0,0,0,-7000,0,0,0,98000,105000,-7000,-7000
05696P,南亞科凱基96售01,0,0,0,0,0,0,0,0,0,-7000,0,0,0,40000,47000,-7000,-7000
05824P,臺股指凱基96售21,0,0,0,0,0,0,0,0,0,-7000,0,0,0,52000,59000,-7000,-7000
8374,羅昇            ,2000,9000,-7000,0,0,0,0,0,0,0,0,0,0,0,0,0,-7000
4439,冠星-KY         ,0,7000,-7000,0,0,0,0,0,0,0,0,0,0,0,0,0,-7000
3416,融程電          ,3000,0,3000,0,0,0,0,0,0,-10000,0,10000,-10000,0,0,0,-7000
054062,TPK國票96購02   ,0,0,0,0,0,0,0,0,0,-8000,0,0,0,2000,10000,-8000,-8000
054351,華新科國泰97購03,0,0,0,0,0,0,0,0,0,-8000,0,0,0,0,8000,-8000,-8000
054778,世紀鋼國票99購01,0,0,0,0,0,0,0,0,0,-8000,0,0,0,0,8000,-8000,-8000
054760,台化國票9A購01  ,0,0,0,0,0,0,0,0,0,-8000,0,0,0,0,8000,-8000,-8000
05466P,旺宏富邦97售01  ,0,0,0,0,0,0,0,0,0,-8000,0,0,0,0,8000,-8000,-8000
055118,嘉聯益凱基98購02,0,0,0,0,0,0,0,0,0,-8000,0,0,0,2000,10000,-8000,-8000
055035,興勤富邦98購01  ,0,0,0,0,0,0,0,0,0,-8000,0,0,0,0,8000,-8000,-8000
053800,華通凱基97購03  ,0,0,0,0,0,0,0,0,0,-8000,0,0,0,2000,10000,-8000,-8000
05374P,台積電國票96售07,0,0,0,0,0,0,0,0,0,-8000,0,0,0,12000,20000,-8000,-8000
053713,漢唐凱基96購04  ,0,0,0,0,0,0,0,0,0,-8000,0,0,0,14000,22000,-8000,-8000
053701,台積電兆豐96購05,0,0,0,0,0,0,0,0,0,-8000,0,0,0,0,8000,-8000,-8000
053660,群創凱基98購08  ,0,0,0,0,0,0,0,0,0,-8000,0,0,0,316000,324000,-8000,-8000
05336P,臺股指國票95售05,0,0,0,0,0,0,0,0,0,-8000,0,0,0,0,8000,-8000,-8000
053634,劍麟永豐96購01  ,0,0,0,0,0,0,0,0,0,-8000,0,0,0,0,8000,-8000,-8000
0053,元大電子        ,0,0,0,0,0,0,0,0,0,-8000,0,0,0,9000,17000,-8000,-8000
03409P,台積電元大02售26,0,0,0,0,0,0,0,0,0,-8000,0,0,0,0,8000,-8000,-8000
03033X,元展30          ,0,0,0,0,0,0,0,0,0,-8000,0,0,0,0,8000,-8000,-8000
03050X,元展47          ,0,0,0,0,0,0,0,0,0,-8000,0,0,0,1000,9000,-8000,-8000
04185P,欣興統一93售05  ,0,0,0,0,0,0,0,0,0,-8000,0,0,0,106000,114000,-8000,-8000
042916,佐登元大94購01  ,0,0,0,0,0,0,0,0,0,-8000,0,0,0,117000,125000,-8000,-8000
04567P,臺股指凱基95售01,0,0,0,0,0,0,0,0,0,-8000,0,0,0,0,8000,-8000,-8000
044134,訊芯凱基93購01  ,0,0,0,0,0,0,0,0,0,-8000,0,0,0,156000,164000,-8000,-8000
045179,義隆永豐92購02  ,0,0,0,0,0,0,0,0,0,-8000,0,0,0,7000,15000,-8000,-8000
048766,禾伸堂凱基94購01,0,0,0,0,0,0,0,0,0,-8000,0,0,0,2000,10000,-8000,-8000
044302,智邦兆豐93購02  ,0,0,0,0,0,0,0,0,0,-8000,0,0,0,0,8000,-8000,-8000
045839,台郡群益92購01  ,0,0,0,0,0,0,0,0,0,-8000,0,0,0,0,8000,-8000,-8000
04608P,晶相光永豐94售02,0,0,0,0,0,0,0,0,0,-8000,0,0,0,0,8000,-8000,-8000
04683P,南亞科元大94售04,0,0,0,0,0,0,0,0,0,-8000,0,0,0,0,8000,-8000,-8000
049883,台表科永豐94購02,0,0,0,0,0,0,0,0,0,-8000,0,0,0,0,8000,-8000,-8000
049834,康控凱基94購01  ,0,0,0,0,0,0,0,0,0,-8000,0,0,0,0,8000,-8000,-8000
049888,智邦國泰96購01  ,0,0,0,0,0,0,0,0,0,-8000,0,0,0,68000,76000,-8000,-8000
049250,華通元大95購04  ,0,0,0,0,0,0,0,0,0,-8000,0,0,0,99000,107000,-8000,-8000
04860P,鴻海群益94售07  ,0,0,0,0,0,0,0,0,0,-8000,0,0,0,0,8000,-8000,-8000
04676P,彩晶統一94售03  ,0,0,0,0,0,0,0,0,0,-8000,0,0,0,42000,50000,-8000,-8000
046789,祥碩永豐93購01  ,0,0,0,0,0,0,0,0,0,-8000,0,0,0,30000,38000,-8000,-8000
048088,台積電凱基93購23,0,0,0,0,0,0,0,0,0,-8000,0,0,0,10000,18000,-8000,-8000
046630,京元電元富95購03,0,0,0,0,0,0,0,0,0,-8000,0,0,0,1000,9000,-8000,-8000
049381,欣興元大94購05  ,0,0,0,0,0,0,0,0,0,-8000,0,0,0,282000,290000,-8000,-8000
049179,高鐵凱基94購01  ,0,0,0,0,0,0,0,0,0,-8000,0,0,0,0,8000,-8000,-8000
049189,訊芯康和94購01  ,0,0,0,0,0,0,0,0,0,-8000,0,0,0,22000,30000,-8000,-8000
046565,康控凱基92購02  ,0,0,0,0,0,0,0,0,0,-8000,0,0,0,0,8000,-8000,-8000
049192,元油2X永豐96購02,0,0,0,0,0,0,0,0,0,-8000,0,0,0,0,8000,-8000,-8000
048035,聯詠凱基93購06  ,0,0,0,0,0,0,0,0,0,-8000,0,0,0,32000,40000,-8000,-8000
048740,富邦金統一94購01,0,0,0,0,0,0,0,0,0,-8000,0,0,0,0,8000,-8000,-8000
047454,滬深2X群益96購03,0,0,0,0,0,0,0,0,0,-8000,0,0,0,0,8000,-8000,-8000
049204,京元電群益94購02,0,0,0,0,0,0,0,0,0,-8000,0,0,0,0,8000,-8000,-8000
051448,聯詠元大95購02  ,0,0,0,0,0,0,0,0,0,-8000,0,0,0,6000,14000,-8000,-8000
052242,台達電台新96購01,0,0,0,0,0,0,0,0,0,-8000,0,0,0,0,8000,-8000,-8000
052514,嘉澤凱基96購01  ,0,0,0,0,0,0,0,0,0,-8000,0,0,0,60000,68000,-8000,-8000
050605,上証2X元大97購02,0,0,0,0,0,0,0,0,0,-8000,0,0,0,0,8000,-8000,-8000
050638,創意國票94購02  ,0,0,0,0,0,0,0,0,0,-8000,0,0,0,0,8000,-8000,-8000
050185,和鑫元大95購02  ,0,0,0,0,0,0,0,0,0,-8000,0,0,0,160000,168000,-8000,-8000
050079,元油2X統一94購06,0,0,0,0,0,0,0,0,0,-8000,0,0,0,16000,24000,-8000,-8000
050064,華新科凱基94購08,0,0,0,0,0,0,0,0,0,-8000,0,0,0,2000,10000,-8000,-8000
4552,力達-KY         ,15000,23000,-8000,0,0,0,0,0,0,0,0,0,0,0,0,0,-8000
05908P,大立光元富96售05,0,0,0,0,0,0,0,0,0,-8000,0,0,0,7000,15000,-8000,-8000
055240,京元電元富97購01,0,0,0,0,0,0,0,0,0,-8000,0,0,0,0,8000,-8000,-8000
055365,華通元大97購03  ,0,0,0,0,0,0,0,0,0,-8000,0,0,0,107000,115000,-8000,-8000
055333,晶豪科兆豐97購01,0,0,0,0,0,0,0,0,0,-8000,0,0,0,0,8000,-8000,-8000
055298,啟碁元大97購02  ,0,0,0,0,0,0,0,0,0,-8000,0,0,0,10000,18000,-8000,-8000
06100P,台積電日盛97售03,0,0,0,0,0,0,0,0,0,-8000,0,0,0,50000,58000,-8000,-8000
06102P,智邦凱基97售03  ,0,0,0,0,0,0,0,0,0,-8000,0,0,0,0,8000,-8000,-8000
1598,岱宇            ,6000,14000,-8000,0,0,0,0,0,0,0,0,0,0,0,0,0,-8000
2404,漢唐            ,321000,399000,-78000,0,0,0,0,0,0,70000,61000,2000,59000,45000,34000,11000,-8000
053434,國泰金日盛96購01,0,0,0,0,0,0,0,0,0,-9000,0,0,0,10000,19000,-9000,-9000
053461,台郡永昌99購01  ,0,0,0,0,0,0,0,0,0,-9000,0,0,0,10000,19000,-9000,-9000
053802,南亞科凱基96購04,0,0,0,0,0,0,0,0,0,-9000,0,0,0,0,9000,-9000,-9000
053826,光磊麥證97購01  ,0,0,0,20000,29000,-9000,0,0,0,-9000,0,0,0,20000,29000,-9000,-9000
05323P,瑞昱凱基96售02  ,0,0,0,0,0,0,0,0,0,-9000,0,0,0,14000,23000,-9000,-9000
05315P,鴻海永昌96售08  ,0,0,0,0,0,0,0,0,0,-9000,0,0,0,1000000,1009000,-9000,-9000
053160,台表科元大96購03,0,0,0,0,0,0,0,0,0,-9000,0,0,0,100000,109000,-9000,-9000
053040,全新凱基98購01  ,0,0,0,0,0,0,0,0,0,-9000,0,0,0,0,9000,-9000,-9000
054932,台肥元大97購01  ,0,0,0,0,0,0,0,0,0,-9000,0,0,0,100000,109000,-9000,-9000
054696,嘉聯益永豐97購01,0,0,0,0,0,0,0,0,0,-9000,0,0,0,68000,77000,-9000,-9000
054586,健鼎國泰99購01  ,0,0,0,0,0,0,0,0,0,-9000,0,0,0,12000,21000,-9000,-9000
054558,劍麟群益99購01  ,0,0,0,0,0,0,0,0,0,-9000,0,0,0,9000,18000,-9000,-9000
054458,復盛群益96購01  ,0,0,0,0,0,0,0,0,0,-9000,0,0,0,52000,61000,-9000,-9000
054102,百和國票97購04  ,0,0,0,0,0,0,0,0,0,-9000,0,0,0,3000,12000,-9000,-9000
044423,元油2X國泰92購01,0,0,0,0,0,0,0,0,0,-9000,0,0,0,2000,11000,-9000,-9000
045270,南電凱基92購03  ,0,0,0,0,0,0,0,0,0,-9000,0,0,0,30000,39000,-9000,-9000
045264,嘉晶凱基92購01  ,0,0,0,0,0,0,0,0,0,-9000,0,0,0,0,9000,-9000,-9000
044528,元油2X國泰92購02,0,0,0,0,0,0,0,0,0,-9000,0,0,0,2000,11000,-9000,-9000
044568,台積電凱基91購19,0,0,0,0,0,0,0,0,0,-9000,0,0,0,11000,20000,-9000,-9000
048835,牧德凱基94購02  ,0,0,0,0,0,0,0,0,0,-9000,0,0,0,5000,14000,-9000,-9000
048955,慧洋康和94購01  ,0,0,0,0,0,0,0,0,0,-9000,0,0,0,0,9000,-9000,-9000
048956,美食康和94購01  ,0,0,0,0,0,0,0,0,0,-9000,0,0,0,1000,10000,-9000,-9000
049075,光磊凱基94購01  ,0,0,0,0,0,0,0,0,0,-9000,0,0,0,1000,10000,-9000,-9000
04908P,南電國票95售03  ,0,0,0,0,0,0,0,0,0,-9000,0,0,0,0,9000,-9000,-9000
045523,元油2X永豐92購03,0,0,0,0,0,0,0,0,0,-9000,0,0,0,2000,11000,-9000,-9000
045429,復盛凱基92購01  ,0,0,0,0,0,0,0,0,0,-9000,0,0,0,14000,23000,-9000,-9000
045637,可成凱基92購08  ,0,0,0,0,0,0,0,0,0,-9000,0,0,0,1000,10000,-9000,-9000
046344,超眾國票94購01  ,0,0,0,0,0,0,0,0,0,-9000,0,0,0,1000,10000,-9000,-9000
042902,光寶科元大94購01,0,0,0,0,0,0,0,0,0,-9000,0,0,0,1000,10000,-9000,-9000
042560,康控兆豐92購01  ,0,0,0,0,0,0,0,0,0,-9000,0,0,0,0,9000,-9000,-9000
041871,元油2X凱基92購02,0,0,0,0,0,0,0,0,0,-9000,0,0,0,2000,11000,-9000,-9000
042280,元石油富邦96購01,0,0,0,0,0,0,0,0,0,-9000,0,0,0,13000,22000,-9000,-9000
042366,元油2X國票92購01,0,0,0,0,0,0,0,0,0,-9000,0,0,0,2000,11000,-9000,-9000
03650C,T50反1元大98牛05,0,0,0,0,0,0,0,0,0,-9000,0,0,0,0,9000,-9000,-9000
044022,健策凱基93購02  ,0,0,0,0,0,0,0,0,0,-9000,0,0,0,1000,10000,-9000,-9000
01004T,土銀富邦R2      ,0,9000,-9000,0,0,0,0,0,0,0,0,0,0,0,0,0,-9000
047115,可成元大93購06  ,0,0,0,0,0,0,0,0,0,-9000,0,0,0,172000,181000,-9000,-9000
047469,華通中信93購01  ,0,0,0,0,0,0,0,0,0,-9000,0,0,0,1000,10000,-9000,-9000
047133,旺宏凱基93購03  ,0,0,0,0,0,0,0,0,0,-9000,0,0,0,0,9000,-9000,-9000
048614,欣興凱基93購05  ,0,0,0,0,0,0,0,0,0,-9000,0,0,0,24000,33000,-9000,-9000
047855,美律國票94購01  ,0,6000,-6000,0,0,0,0,0,0,-3000,0,0,0,22000,25000,-3000,-9000
049986,嘉澤凱基94購02  ,0,0,0,0,0,0,0,0,0,-9000,0,0,0,21000,30000,-9000,-9000
049983,智原凱基94購02  ,0,0,0,0,0,0,0,0,0,-9000,0,0,0,95000,104000,-9000,-9000
05017P,臺股指元大95售08,0,0,0,0,0,0,0,0,0,-9000,0,0,0,0,9000,-9000,-9000
050600,瑞儀國泰95購01  ,0,0,0,0,0,0,0,0,0,-9000,0,0,0,0,9000,-9000,-9000
050609,鴻海元大94購23  ,0,0,0,0,0,0,0,0,0,-9000,0,0,0,16000,25000,-9000,-9000
050624,鈺齊元大94購01  ,0,0,0,0,0,0,0,0,0,-9000,0,0,0,20000,29000,-9000,-9000
050351,華新科群益95購02,0,0,0,0,0,0,0,0,0,-9000,0,0,0,12000,21000,-9000,-9000
051260,鴻海永昌96購04  ,0,0,0,0,0,0,0,0,0,-9000,0,0,0,6049000,6058000,-9000,-9000
051087,國巨元大97購01  ,0,0,0,0,0,0,0,0,0,-9000,0,0,0,10000,19000,-9000,-9000
050783,旺宏國泰96購02  ,0,0,0,0,0,0,0,0,0,-9000,0,0,0,13000,22000,-9000,-9000
052691,GIS元大96購01   ,0,0,0,0,0,0,0,0,0,-9000,0,0,0,41000,50000,-9000,-9000
052353,高鐵群益97購01  ,0,0,0,0,0,0,0,0,0,-9000,0,0,0,57000,66000,-9000,-9000
052031,臺股指群益95購04,0,0,0,0,0,0,0,0,0,-9000,0,0,0,1000,10000,-9000,-9000
051471,國巨凱基97購01  ,0,0,0,0,0,0,0,0,0,-9000,0,0,0,2000,11000,-9000,-9000
051701,華通群益97購01  ,0,0,0,0,0,0,0,0,0,-9000,0,0,0,21000,30000,-9000,-9000
051785,臻鼎兆豐96購01  ,0,0,0,0,0,0,0,0,0,-9000,0,0,0,1000,10000,-9000,-9000
2496,卓越            ,0,9000,-9000,0,0,0,0,0,0,0,0,0,0,0,0,0,-9000
2461,光群雷          ,407000,407000,0,0,0,0,0,0,0,-9000,0,9000,-9000,0,0,0,-9000
1215,卜蜂            ,86000,73000,13000,0,0,0,0,35000,-35000,13000,0,4000,-4000,23000,6000,17000,-9000
06149P,台積電元大97售18,0,0,0,0,0,0,0,0,0,-9000,0,0,0,91000,100000,-9000,-9000
08671P,友訊國票01售01  ,0,0,0,0,0,0,0,0,0,-9000,0,0,0,0,9000,-9000,-9000
055314,華邦電中信99購01,0,0,0,0,0,0,0,0,0,-9000,0,0,0,0,9000,-9000,-9000
05961P,鴻海群益97售01  ,0,0,0,0,0,0,0,0,0,-9000,0,0,0,1000,10000,-9000,-9000
06004P,奇力新永豐96售02,0,0,0,0,0,0,0,0,0,-9000,0,0,0,79000,88000,-9000,-9000
3060,銘異            ,1000,10000,-9000,0,0,0,0,0,0,0,0,0,0,0,0,0,-9000
2414,精技            ,17000,26468,-9468,0,0,0,0,0,0,0,0,0,0,0,0,0,-9468
054104,T50反1凱基9A購02,0,0,0,0,0,0,0,0,0,-10000,0,0,0,0,10000,-10000,-10000
054036,T50反1元大96購08,0,0,0,0,0,0,0,0,0,-10000,0,0,0,0,10000,-10000,-10000
054031,中鋼中信98購01  ,0,0,0,0,0,0,0,0,0,-10000,0,0,0,20000,30000,-10000,-10000
054270,寶滬深中信98購01,0,0,0,0,0,0,0,0,0,-10000,0,0,0,0,10000,-10000,-10000
054165,亞光凱基96購02  ,0,0,0,0,0,0,0,0,0,-10000,0,0,0,43000,53000,-10000,-10000
054145,嘉聯益元大98購01,0,0,0,0,0,0,0,0,0,-10000,0,0,0,0,10000,-10000,-10000
054515,華通元大98購02  ,0,0,0,0,0,0,0,0,0,-10000,0,0,0,45000,55000,-10000,-10000
054501,強茂永豐96購02  ,0,0,0,0,0,0,0,0,0,-10000,0,0,0,0,10000,-10000,-10000
054533,泰碩國泰98購01  ,0,0,0,0,0,0,0,0,0,-10000,0,0,0,10000,20000,-10000,-10000
054655,貿聯麥證98購01  ,0,0,0,0,10000,-10000,0,0,0,-10000,0,0,0,0,10000,-10000,-10000
054651,台化麥證97購01  ,0,0,0,10000,20000,-10000,0,0,0,-10000,0,0,0,10000,20000,-10000,-10000
054669,凌華元富97購01  ,0,0,0,0,0,0,0,0,0,-10000,0,0,0,0,10000,-10000,-10000
054739,義隆凱基98購02  ,0,0,0,0,0,0,0,0,0,-10000,0,0,0,0,10000,-10000,-10000
054766,智原國票98購01  ,0,0,0,0,0,0,0,0,0,-10000,0,0,0,0,10000,-10000,-10000
054801,康友群益97購02  ,0,0,0,0,0,0,0,0,0,-10000,0,0,0,122000,132000,-10000,-10000
054819,裕民元大9A購01  ,0,0,0,0,0,0,0,0,0,-10000,0,0,0,0,10000,-10000,-10000
05481P,鴻海凱基95售21  ,0,0,0,0,0,0,0,0,0,-10000,0,0,0,0,10000,-10000,-10000
054973,台郡元大98購02  ,0,0,0,0,0,0,0,0,0,-10000,0,0,0,6000,16000,-10000,-10000
055111,宏盛凱基97購01  ,0,0,0,0,0,0,0,0,0,-10000,0,0,0,0,10000,-10000,-10000
053128,瀚宇博凱基96購01,0,0,0,0,0,0,0,0,0,-10000,0,0,0,20000,30000,-10000,-10000
053230,達方台新97購01  ,0,0,0,0,0,0,0,0,0,-10000,0,0,0,0,10000,-10000,-10000
053204,旺宏麥證96購01  ,0,0,0,0,10000,-10000,0,0,0,-10000,0,0,0,0,10000,-10000,-10000
053312,緯穎凱基96購02  ,0,0,0,0,0,0,0,0,0,-10000,0,0,0,0,10000,-10000,-10000
053335,易華電永豐96購01,0,0,0,0,0,0,0,0,0,-10000,0,0,0,22000,32000,-10000,-10000
053278,禾伸堂元大96購01,0,0,0,0,0,0,0,0,0,-10000,0,0,0,20000,30000,-10000,-10000
053274,旺宏元大98購03  ,0,0,0,0,0,0,0,0,0,-10000,0,0,0,2000,12000,-10000,-10000
052781,瀚宇博國票97購03,0,0,0,0,0,0,0,0,0,-10000,0,0,0,0,10000,-10000,-10000
052889,致伸麥證97購01  ,0,0,0,0,10000,-10000,0,0,0,-10000,0,0,0,0,10000,-10000,-10000
052897,緯創群益96購03  ,0,0,0,0,0,0,0,0,0,-10000,0,0,0,10000,20000,-10000,-10000
053740,元油反國票99購01,0,0,0,0,0,0,0,0,0,-10000,0,0,0,0,10000,-10000,-10000
053467,鴻海元大96購20  ,0,0,0,0,0,0,0,0,0,-10000,0,0,0,25000,35000,-10000,-10000
053495,聯發科兆豐96購02,0,0,0,0,0,0,0,0,0,-10000,0,0,0,15000,25000,-10000,-10000
05337P,臺股指國票95售06,0,0,0,0,0,0,0,0,0,-10000,0,0,0,5000,15000,-10000,-10000
053580,國巨元大96購10  ,0,0,0,0,0,0,0,0,0,-10000,0,0,0,73000,83000,-10000,-10000
04035P,全新群益93售03  ,0,0,0,0,0,0,0,0,0,-10000,0,0,0,11000,21000,-10000,-10000
03110P,聯發科元大01售26,0,0,0,0,0,0,0,0,0,-10000,0,0,0,0,10000,-10000,-10000
03781P,智邦凱基93售03  ,0,0,0,0,0,0,0,0,0,-10000,0,0,0,0,10000,-10000,-10000
03861P,群創元富99售01  ,0,0,0,0,0,0,0,0,0,-10000,0,0,0,0,10000,-10000,-10000
03879P,智邦永豐93售01  ,0,0,0,0,0,0,0,0,0,-10000,0,0,0,0,10000,-10000,-10000
043912,華新科凱基93購01,0,0,0,0,0,0,0,0,0,-10000,0,0,0,0,10000,-10000,-10000
04106P,滬深2X永豐93售02,0,0,0,0,0,0,0,0,0,-10000,0,0,0,0,10000,-10000,-10000
043757,欣興元大93購01  ,0,0,0,0,0,0,0,0,0,-10000,0,0,0,65000,75000,-10000,-10000
03492P,創意元大02售03  ,0,0,0,0,0,0,0,0,0,-10000,0,0,0,0,10000,-10000,-10000
04219P,鴻海兆豐93售02  ,0,0,0,0,0,0,0,0,0,-10000,0,0,0,0,10000,-10000,-10000
043468,華新科元大92購03,0,0,0,0,0,0,0,0,0,-10000,0,0,0,0,10000,-10000,-10000
043475,聯茂元大92購01  ,0,0,0,0,0,0,0,0,0,-10000,0,0,0,0,10000,-10000,-10000
04256P,美律國票93售03  ,0,0,0,0,0,0,0,0,0,-10000,0,0,0,0,10000,-10000,-10000
04254P,亞德客國票93售03,0,0,0,0,0,0,0,0,0,-10000,0,0,0,0,10000,-10000,-10000
042650,台灣50元富92購05,0,0,0,0,0,0,0,0,0,-10000,0,0,0,0,10000,-10000,-10000
04298P,祥碩元大93售02  ,0,0,0,0,0,0,0,0,0,-10000,0,0,0,0,10000,-10000,-10000
042991,南電凱基92購02  ,0,0,0,0,0,0,0,0,0,-10000,0,0,0,0,10000,-10000,-10000
046324,健策元大92購05  ,0,0,0,0,0,0,0,0,0,-10000,0,0,0,0,10000,-10000,-10000
046278,緯創台新92購01  ,0,0,0,0,0,0,0,0,0,-10000,0,0,0,0,10000,-10000,-10000
046300,嘉聯益富邦94購01,0,0,0,0,0,0,0,0,0,-10000,0,0,0,0,10000,-10000,-10000
045643,臻鼎凱基93購01  ,0,0,0,0,0,0,0,0,0,-10000,0,0,0,2000,12000,-10000,-10000
045678,華新科元大95購01,0,0,0,0,0,0,0,0,0,-10000,0,0,0,0,10000,-10000,-10000
045719,台光電凱基92購04,0,0,0,0,0,0,0,0,0,-10000,0,0,0,0,10000,-10000,-10000
045721,中信金凱基92購01,0,0,0,0,0,0,0,0,0,-10000,0,0,0,0,10000,-10000,-10000
046235,台表科元大92購03,0,0,0,0,0,0,0,0,0,-10000,0,0,0,0,10000,-10000,-10000
044741,玉山金富邦93購01,0,0,0,0,0,0,0,0,0,-10000,0,0,0,10000,20000,-10000,-10000
044238,燿華統一91購01  ,0,0,0,0,0,0,0,0,0,-10000,0,0,0,0,10000,-10000,-10000
044763,瀚宇博凱基93購01,0,0,0,0,0,0,0,0,0,-10000,0,0,0,10000,20000,-10000,-10000
044807,瀚宇博凱基91購01,0,0,0,0,0,0,0,0,0,-10000,0,0,0,10000,20000,-10000,-10000
044758,玉山金凱基93購01,0,0,0,0,0,0,0,0,0,-10000,0,0,0,0,10000,-10000,-10000
044127,義隆凱基91購04  ,0,0,0,0,0,0,0,0,0,-10000,0,0,0,0,10000,-10000,-10000
044128,欣興凱基92購01  ,0,0,0,0,0,0,0,0,0,-10000,0,0,0,10000,20000,-10000,-10000
044112,超眾國票92購01  ,0,0,0,0,0,0,0,0,0,-10000,0,0,0,0,10000,-10000,-10000
045449,嘉聯益國泰94購01,0,0,0,0,0,0,0,0,0,-10000,0,0,0,103000,113000,-10000,-10000
045312,矽創元大93購02  ,0,0,0,0,0,0,0,0,0,-10000,0,0,0,0,10000,-10000,-10000
045342,台光電凱基92購03,0,0,0,0,0,0,0,0,0,-10000,0,0,0,0,10000,-10000,-10000
045502,聯詠凱基92購04  ,0,0,0,0,0,0,0,0,0,-10000,0,0,0,0,10000,-10000,-10000
045634,友達凱基93購02  ,0,0,0,0,0,0,0,0,0,-10000,0,0,0,0,10000,-10000,-10000
045115,玉晶光永豐94購01,0,0,0,0,0,0,0,0,0,-10000,0,0,0,0,10000,-10000,-10000
045966,聯詠凱基92購07  ,0,0,0,0,0,0,0,0,0,-10000,0,0,0,0,10000,-10000,-10000
045947,欣興兆豐93購04  ,0,0,0,0,0,0,0,0,0,-10000,0,0,0,0,10000,-10000,-10000
046021,台泥元大92購01  ,0,0,0,0,0,0,0,0,0,-10000,0,0,0,11000,21000,-10000,-10000
046137,遠東新統一92購01,0,0,0,0,0,0,0,0,0,-10000,0,0,0,0,10000,-10000,-10000
046194,禾伸堂凱基92購02,0,0,0,0,0,0,0,0,0,-10000,0,0,0,0,10000,-10000,-10000
046183,瑞昱凱基92購02  ,0,0,0,0,0,0,0,0,0,-10000,0,0,0,0,10000,-10000,-10000
049065,T50反1凱基96購04,0,0,0,0,0,0,0,0,0,-10000,0,0,0,20000,30000,-10000,-10000
049057,元翎永豐94購01  ,0,0,0,0,0,0,0,0,0,-10000,0,0,0,0,10000,-10000,-10000
048970,裕民元大94購01  ,0,0,0,0,0,0,0,0,0,-10000,0,0,0,0,10000,-10000,-10000
048980,嘉澤元大94購02  ,0,0,0,0,0,0,0,0,0,-10000,0,0,0,26000,36000,-10000,-10000
049003,智邦中信95購01  ,0,0,0,0,0,0,0,0,0,-10000,0,0,0,0,10000,-10000,-10000
048785,台積電元大96購01,0,0,0,0,0,0,0,0,0,-10000,0,0,0,0,10000,-10000,-10000
048779,美利達凱基94購01,0,0,0,0,0,0,0,0,0,-10000,0,0,0,0,10000,-10000,-10000
046191,新光金凱基98購01,0,0,0,0,0,0,0,0,0,-10000,0,0,0,0,10000,-10000,-10000
048856,高鐵群益94購01  ,0,0,0,0,0,0,0,0,0,-10000,0,0,0,92000,102000,-10000,-10000
044571,南亞科凱基91購11,0,0,0,0,0,0,0,0,0,-10000,0,0,0,0,10000,-10000,-10000
044576,禾伸堂凱基91購03,0,0,0,0,0,0,0,0,0,-10000,0,0,0,0,10000,-10000,-10000
044556,健策永豐91購01  ,0,0,0,0,0,0,0,0,0,-10000,0,0,0,0,10000,-10000,-10000
044507,燿華凱基93購03  ,0,0,0,0,0,0,0,0,0,-10000,0,0,0,0,10000,-10000,-10000
044699,華新科元大91購10,0,0,0,0,0,0,0,0,0,-10000,0,0,0,0,10000,-10000,-10000
044695,國巨元大93購03  ,0,0,0,0,0,0,0,0,0,-10000,0,0,0,0,10000,-10000,-10000
044660,貿聯永豐91購02  ,0,0,0,0,0,0,0,0,0,-10000,0,0,0,0,10000,-10000,-10000
045303,華新科元大92購10,0,0,0,0,0,0,0,0,0,-10000,0,0,0,0,10000,-10000,-10000
04523P,亞德客凱基94售02,0,0,0,0,0,0,0,0,0,-10000,0,0,0,0,10000,-10000,-10000
045219,瑞昱元大92購01  ,0,0,0,0,0,0,0,0,0,-10000,0,0,0,10000,20000,-10000,-10000
045890,欣興元大92購06  ,0,0,0,0,0,0,0,0,0,-10000,0,0,0,60000,70000,-10000,-10000
045888,宏達電元大92購04,0,0,0,0,0,0,0,0,0,-10000,0,0,0,0,10000,-10000,-10000
045869,滬深2X元富95購01,0,0,0,0,0,0,0,0,0,-10000,0,0,0,0,10000,-10000,-10000
045882,滬深2X元大95購01,0,0,0,0,0,0,0,0,0,-10000,0,0,0,10000,20000,-10000,-10000
045069,美律元大93購03  ,0,0,0,0,0,0,0,0,0,-10000,0,0,0,0,10000,-10000,-10000
045067,燿華元大92購01  ,0,0,0,0,0,0,0,0,0,-10000,0,0,0,0,10000,-10000,-10000
044416,台光電統一91購03,0,0,0,0,0,0,0,0,0,-10000,0,0,0,0,10000,-10000,-10000
044478,友達統一93購01  ,0,0,0,0,0,0,0,0,0,-10000,0,0,0,2000,12000,-10000,-10000
044345,世紀鋼國泰92購01,0,0,0,0,0,0,0,0,0,-10000,0,0,0,0,10000,-10000,-10000
044377,南茂兆豐93購01  ,0,0,0,0,0,0,0,0,0,-10000,0,0,0,0,10000,-10000,-10000
044957,貿聯凱基92購01  ,0,0,0,0,0,0,0,0,0,-10000,0,0,0,40000,50000,-10000,-10000
045010,可成元大92購04  ,0,0,0,0,0,0,0,0,0,-10000,0,0,0,100000,110000,-10000,-10000
045011,華新科元大92購08,0,0,0,0,0,0,0,0,0,-10000,0,0,0,0,10000,-10000,-10000
046109,遠東新元大92購01,0,0,0,0,0,0,0,0,0,-10000,0,0,0,0,10000,-10000,-10000
046081,康舒凱基92購01  ,0,0,0,0,0,0,0,0,0,-10000,0,0,0,83000,93000,-10000,-10000
044831,同欣電永豐91購01,0,0,0,0,0,0,0,0,0,-10000,0,0,0,0,10000,-10000,-10000
044906,晶技凱基91購01  ,0,0,0,0,0,0,0,0,0,-10000,0,0,0,10000,20000,-10000,-10000
044930,元黃金富邦93購01,0,0,0,0,0,0,0,0,0,-10000,0,0,0,0,10000,-10000,-10000
045825,力成凱基93購02  ,0,0,0,0,0,0,0,0,0,-10000,0,0,0,0,10000,-10000,-10000
049680,臺股指國票94購13,0,0,0,0,0,0,0,0,0,-10000,0,0,0,4000,14000,-10000,-10000
049528,台積電中信94購01,0,0,0,0,0,0,0,0,0,-10000,0,0,0,10000,20000,-10000,-10000
049900,台積電元富94購06,0,0,0,0,0,0,0,0,0,-10000,0,0,0,190000,200000,-10000,-10000
049928,祥碩元大94購02  ,0,0,0,0,0,0,0,0,0,-10000,0,0,0,0,10000,-10000,-10000
049845,台積電麥證94購01,0,0,0,10000,20000,-10000,0,0,0,-10000,0,0,0,10000,20000,-10000,-10000
048328,滬深2X永昌94購01,0,0,0,0,0,0,0,0,0,-10000,0,0,0,0,10000,-10000,-10000
047588,大立光永豐94購01,0,0,0,0,0,0,0,0,0,-10000,0,0,0,0,10000,-10000,-10000
047590,健策永豐93購01  ,0,0,0,0,0,0,0,0,0,-10000,0,0,0,0,10000,-10000,-10000
047599,大立光統一93購08,0,0,0,0,0,0,0,0,0,-10000,0,0,0,10000,20000,-10000,-10000
049764,TPK國泰95購01   ,0,0,0,0,0,0,0,0,0,-10000,0,0,0,183000,193000,-10000,-10000
049765,上証2X元富94購01,0,0,0,0,0,0,0,0,0,-10000,0,0,0,10000,20000,-10000,-10000
048372,美利達統一93購01,0,0,0,0,0,0,0,0,0,-10000,0,0,0,0,10000,-10000,-10000
049589,奇力新元大95購02,0,0,0,0,0,0,0,0,0,-10000,0,0,0,0,10000,-10000,-10000
049563,華新統一95購01  ,0,0,0,0,0,0,0,0,0,-10000,0,0,0,0,10000,-10000,-10000
047774,台表科元大95購01,0,0,0,0,0,0,0,0,0,-10000,0,0,0,0,10000,-10000,-10000
047999,聯發科元大93購22,0,0,0,0,0,0,0,0,0,-10000,0,0,0,50000,60000,-10000,-10000
047672,欣興統一93購03  ,0,0,0,0,0,0,0,0,0,-10000,0,0,0,0,10000,-10000,-10000
048313,南亞科凱基93購06,0,0,0,0,0,0,0,0,0,-10000,0,0,0,0,10000,-10000,-10000
048648,祥碩元大93購03  ,0,0,0,0,0,0,0,0,0,-10000,0,0,0,13000,23000,-10000,-10000
048575,旺宏國泰94購04  ,0,0,0,0,0,0,0,0,0,-10000,0,0,0,1000,11000,-10000,-10000
047493,旺宏元富96購01  ,0,0,0,0,0,0,0,0,0,-10000,0,0,0,0,10000,-10000,-10000
04672P,台積電統一94售09,0,0,0,0,0,0,0,0,0,-10000,0,0,0,100000,110000,-10000,-10000
047131,鴻海凱基94購03  ,0,0,0,0,0,0,0,0,0,-10000,0,0,0,20000,30000,-10000,-10000
047127,臻鼎中信95購01  ,0,0,0,0,0,0,0,0,0,-10000,0,0,0,20000,30000,-10000,-10000
049228,台塑富邦94購01  ,0,0,0,0,0,0,0,0,0,-10000,0,0,0,0,10000,-10000,-10000
047455,儒鴻群益93購03  ,0,0,0,0,0,0,0,0,0,-10000,0,0,0,0,10000,-10000,-10000
046953,嘉聯益國票94購01,0,0,0,0,0,0,0,0,0,-10000,0,0,0,4000,14000,-10000,-10000
047769,大立光元大96購01,0,0,0,0,0,0,0,0,0,-10000,0,0,0,0,10000,-10000,-10000
048176,美利達國泰94購01,0,0,0,0,0,0,0,0,0,-10000,0,0,0,0,10000,-10000,-10000
047119,臻鼎元大93購01  ,0,0,0,0,0,0,0,0,0,-10000,0,0,0,0,10000,-10000,-10000
047085,柏文永豐93購01  ,0,0,0,0,0,0,0,0,0,-10000,0,0,0,0,10000,-10000,-10000
047075,群創兆豐93購01  ,0,0,0,0,0,0,0,0,0,-10000,0,0,0,212000,222000,-10000,-10000
047032,台虹元大93購01  ,0,0,0,0,0,0,0,0,0,-10000,0,0,0,0,10000,-10000,-10000
047043,廣越群益93購01  ,0,0,0,0,0,0,0,0,0,-10000,0,0,0,0,10000,-10000,-10000
046998,同欣電國泰94購01,0,0,0,0,0,0,0,0,0,-10000,0,0,0,0,10000,-10000,-10000
047000,和大統一93購01  ,0,0,0,0,0,0,0,0,0,-10000,0,0,0,13000,23000,-10000,-10000
046706,智邦台新93購01  ,0,0,0,0,0,0,0,0,0,-10000,0,0,0,0,10000,-10000,-10000
046725,可成元大93購02  ,0,0,0,0,0,0,0,0,0,-10000,0,0,0,0,10000,-10000,-10000
046422,健策元大92購06  ,0,0,0,0,0,0,0,0,0,-10000,0,0,0,0,10000,-10000,-10000
046409,富邦金元大92購02,0,0,0,0,0,0,0,0,0,-10000,0,0,0,0,10000,-10000,-10000
046433,康友中信92購01  ,0,0,0,0,0,0,0,0,0,-10000,0,0,0,0,10000,-10000,-10000
046359,宏達電台新92購01,0,0,0,0,0,0,0,0,0,-10000,0,0,0,0,10000,-10000,-10000
046387,臻鼎凱基92購04  ,0,0,0,0,0,0,0,0,0,-10000,0,0,0,0,10000,-10000,-10000
049515,同欣電凱基94購01,0,0,0,0,0,0,0,0,0,-10000,0,0,0,0,10000,-10000,-10000
046552,晶技麥證92購01  ,0,0,0,0,10000,-10000,0,0,0,-10000,0,0,0,0,10000,-10000,-10000
04805P,創意元富94售01  ,0,0,0,0,0,0,0,0,0,-10000,0,0,0,0,10000,-10000,-10000
048060,台達電統一93購01,0,0,0,0,0,0,0,0,0,-10000,0,0,0,0,10000,-10000,-10000
048447,美律凱基93購06  ,0,0,0,0,0,0,0,0,0,-10000,0,0,0,10000,20000,-10000,-10000
048449,強茂凱基93購03  ,0,0,0,0,0,0,0,0,0,-10000,0,0,0,0,10000,-10000,-10000
04842P,群創元大96售02  ,0,0,0,0,0,0,0,0,0,-10000,0,0,0,0,10000,-10000,-10000
04935P,鴻海中信96售01  ,0,0,0,0,0,0,0,0,0,-10000,0,0,0,0,10000,-10000,-10000
049445,遠東新統一94購01,0,0,0,0,0,0,0,0,0,-10000,0,0,0,0,10000,-10000,-10000
049437,可成國泰96購01  ,0,0,0,0,0,0,0,0,0,-10000,0,0,0,175000,185000,-10000,-10000
047340,金融類元大93購02,0,0,0,0,0,0,0,0,0,-10000,0,0,0,0,10000,-10000,-10000
047348,台光電凱基94購02,0,0,0,0,0,0,0,0,0,-10000,0,0,0,0,10000,-10000,-10000
048128,超眾元大95購01  ,0,0,0,0,0,0,0,0,0,-10000,0,0,0,0,10000,-10000,-10000
051830,健策元大97購01  ,0,0,0,0,0,0,0,0,0,-10000,0,0,0,156000,166000,-10000,-10000
051834,南電元大96購02  ,0,0,0,0,0,0,0,0,0,-10000,0,0,0,10000,20000,-10000,-10000
051748,超眾國泰96購01  ,0,0,0,0,0,0,0,0,0,-10000,0,0,0,10000,20000,-10000,-10000
052025,國巨群益96購01  ,0,0,0,0,0,0,0,0,0,-10000,0,0,0,0,10000,-10000,-10000
05147P,鴻海元大95售11  ,0,0,0,0,0,0,0,0,0,-10000,0,0,0,49000,59000,-10000,-10000
051604,喬山群益95購01  ,0,0,0,0,0,0,0,0,0,-10000,0,0,0,0,10000,-10000,-10000
051658,深中小國泰97購01,0,0,0,0,0,0,0,0,0,-10000,0,0,0,0,10000,-10000,-10000
052051,京鼎凱基95購01  ,0,0,0,0,0,0,0,0,0,-10000,0,0,0,1000,11000,-10000,-10000
052091,緯創元大95購04  ,0,0,0,0,0,0,0,0,0,-10000,0,0,0,17000,27000,-10000,-10000
052132,旺宏凱基9B購01  ,0,0,0,0,0,0,0,0,0,-10000,0,0,0,6000,16000,-10000,-10000
052151,義隆富邦96購01  ,0,0,0,0,0,0,0,0,0,-10000,0,0,0,0,10000,-10000,-10000
052186,宏達電群益95購04,0,0,0,0,0,0,0,0,0,-10000,0,0,0,0,10000,-10000,-10000
052290,鴻海元富97購01  ,0,0,0,0,0,0,0,0,0,-10000,0,0,0,0,10000,-10000,-10000
052307,潤泰全國泰96購01,0,0,0,0,0,0,0,0,0,-10000,0,0,0,0,10000,-10000,-10000
052239,泰鼎國票97購01  ,0,0,0,0,0,0,0,0,0,-10000,0,0,0,0,10000,-10000,-10000
052232,貿聯凱基96購02  ,0,0,0,0,0,0,0,0,0,-10000,0,0,0,0,10000,-10000,-10000
052686,華新科元大96購03,0,0,0,0,0,0,0,0,0,-10000,0,0,0,0,10000,-10000,-10000
052668,聯發科群益97購01,0,0,0,0,0,0,0,0,0,-10000,0,0,0,0,10000,-10000,-10000
05265P,正崴元大95售03  ,0,0,0,0,0,0,0,0,0,-10000,0,0,0,0,10000,-10000,-10000
052564,美食日盛96購01  ,0,0,0,0,0,0,0,0,0,-10000,0,0,0,0,10000,-10000,-10000
052506,日月光日盛95購01,0,0,0,0,0,0,0,0,0,-10000,0,0,0,3000,13000,-10000,-10000
052436,正崴富邦95購01  ,0,0,0,0,0,0,0,0,0,-10000,0,0,0,0,10000,-10000,-10000
050808,台達電凱基96購02,0,0,0,0,0,0,0,0,0,-10000,0,0,0,0,10000,-10000,-10000
05067P,欣興兆豐96售02  ,0,0,0,0,0,0,0,0,0,-10000,0,0,0,0,10000,-10000,-10000
05074P,鴻海麥證95售01  ,0,0,0,5000,15000,-10000,0,0,0,-10000,0,0,0,5000,15000,-10000,-10000
050951,緯創群益96購01  ,0,0,0,0,0,0,0,0,0,-10000,0,0,0,10000,20000,-10000,-10000
050985,易華電國泰96購02,0,0,0,0,0,0,0,0,0,-10000,0,0,0,0,10000,-10000,-10000
050964,晶技永豐95購02  ,0,0,0,0,0,0,0,0,0,-10000,0,0,0,0,10000,-10000,-10000
051003,中環中信97購01  ,0,0,0,0,0,0,0,0,0,-10000,0,0,0,0,10000,-10000,-10000
051071,聯發科國票96購01,0,0,0,0,0,0,0,0,0,-10000,0,0,0,0,10000,-10000,-10000
051059,康普群益95購01  ,0,0,0,0,0,0,0,0,0,-10000,0,0,0,0,10000,-10000,-10000
05113P,臺股指元富95售01,0,0,0,0,0,0,0,0,0,-10000,0,0,0,0,10000,-10000,-10000
051199,鴻海麥證95購03  ,0,0,0,0,10000,-10000,0,0,0,-10000,0,0,0,0,10000,-10000,-10000
051269,康友富邦97購01  ,0,0,0,0,0,0,0,0,0,-10000,0,0,0,0,10000,-10000,-10000
05121P,創意國泰96售01  ,0,0,0,0,0,0,0,0,0,-10000,0,0,0,230000,240000,-10000,-10000
05134P,鴻海凱基96售06  ,0,0,0,0,0,0,0,0,0,-10000,0,0,0,0,10000,-10000,-10000
051357,可成元大95購05  ,0,0,0,0,0,0,0,0,0,-10000,0,0,0,102000,112000,-10000,-10000
051314,嘉聯益麥證96購01,0,0,0,0,10000,-10000,0,0,0,-10000,0,0,0,0,10000,-10000,-10000
050401,鎧勝中信94購01  ,0,0,0,0,0,0,0,0,0,-10000,0,0,0,0,10000,-10000,-10000
050492,漢唐國泰96購01  ,0,0,0,0,0,0,0,0,0,-10000,0,0,0,0,10000,-10000,-10000
050625,康控第一94購01  ,0,0,0,0,0,0,0,0,0,-10000,0,0,0,0,10000,-10000,-10000
050599,美食麥證94購01  ,0,0,0,0,10000,-10000,0,0,0,-10000,0,0,0,0,10000,-10000,-10000
050180,華新科元大95購08,0,0,0,0,0,0,0,0,0,-10000,0,0,0,5000,15000,-10000,-10000
050159,超眾群益94購03  ,0,0,0,0,0,0,0,0,0,-10000,0,0,0,0,10000,-10000,-10000
050178,聯發科元大94購12,0,0,0,0,0,0,0,0,0,-10000,0,0,0,0,10000,-10000,-10000
050189,旭富元大94購01  ,0,0,0,0,0,0,0,0,0,-10000,0,0,0,0,10000,-10000,-10000
050217,健策永豐94購03  ,0,0,0,0,0,0,0,0,0,-10000,0,0,0,0,10000,-10000,-10000
050291,聯發科凱基94購16,0,0,0,0,0,0,0,0,0,-10000,0,0,0,22000,32000,-10000,-10000
05023P,和碩凱基95售01  ,0,0,0,0,0,0,0,0,0,-10000,0,0,0,0,10000,-10000,-10000
050244,富邦金凱基94購01,0,0,0,0,0,0,0,0,0,-10000,0,0,0,0,10000,-10000,-10000
05027P,南電群益95售01  ,0,0,0,0,0,0,0,0,0,-10000,0,0,0,0,10000,-10000,-10000
050088,禾伸堂台新94購01,0,0,0,0,0,0,0,0,0,-10000,0,0,0,0,10000,-10000,-10000
050089,臻鼎台新94購01  ,0,0,0,0,0,0,0,0,0,-10000,0,0,0,0,10000,-10000,-10000
050114,群創元大95購01  ,0,0,0,0,0,0,0,0,0,-10000,0,0,0,65000,75000,-10000,-10000
050139,華通亞東94購01  ,0,0,0,0,0,0,0,0,0,-10000,0,0,0,0,10000,-10000,-10000
050155,華新科群益95購01,0,0,0,0,0,0,0,0,0,-10000,0,0,0,64000,74000,-10000,-10000
2023,燁輝            ,98000,108000,-10000,0,0,0,0,0,0,0,0,0,0,0,0,0,-10000
2748,雲品            ,2000,12000,-10000,0,0,0,0,0,0,0,0,0,0,0,0,0,-10000
06202P,大立光元大98售06,0,0,0,0,0,0,0,0,0,-10000,0,0,0,0,10000,-10000,-10000
08625P,台灣50凱基96售05,0,0,0,0,0,0,0,0,0,-10000,0,0,0,0,10000,-10000,-10000
06150P,奇力新元大97售06,0,0,0,0,0,0,0,0,0,-10000,0,0,0,85000,95000,-10000,-10000
06143P,鴻海永豐97售02  ,0,0,0,0,0,0,0,0,0,-10000,0,0,0,0,10000,-10000,-10000
06115P,台積電統一97售04,0,0,0,0,0,0,0,0,0,-10000,0,0,0,0,10000,-10000,-10000
1338,廣華-KY         ,66000,76000,-10000,0,0,0,0,0,0,0,0,0,0,0,0,0,-10000
05989P,健策元富96售01  ,0,0,0,0,0,0,0,0,0,-10000,0,0,0,30000,40000,-10000,-10000
05990P,台積電群益96售13,0,0,0,0,0,0,0,0,0,-10000,0,0,0,0,10000,-10000,-10000
05845P,大立光元大96售06,0,0,0,0,0,0,0,0,0,-10000,0,0,0,0,10000,-10000,-10000
05839P,臺股指富邦96售06,0,0,0,0,0,0,0,0,0,-10000,0,0,0,0,10000,-10000,-10000
05754P,臺股指中信99售03,0,0,0,0,0,0,0,0,0,-10000,0,0,0,0,10000,-10000,-10000
05773P,臺股指凱基99售03,0,0,0,0,0,0,0,0,0,-10000,0,0,0,0,10000,-10000,-10000
05768P,台積電凱基96售15,0,0,0,0,0,0,0,0,0,-10000,0,0,0,0,10000,-10000,-10000
05686P,臺股指元大96售11,0,0,0,0,0,0,0,0,0,-10000,0,0,0,0,10000,-10000,-10000
05665P,台積電凱基96售08,0,0,0,0,0,0,0,0,0,-10000,0,0,0,0,10000,-10000,-10000
055315,晶技麥證97購01  ,0,0,0,0,10000,-10000,0,0,0,-10000,0,0,0,0,10000,-10000,-10000
055332,奇力新兆豐98購01,0,0,0,0,0,0,0,0,0,-10000,0,0,0,0,10000,-10000,-10000
05529P,臺股指群益96售02,0,0,0,0,0,0,0,0,0,-10000,0,0,0,0,10000,-10000,-10000
055388,華通統一97購03  ,0,0,0,0,0,0,0,0,0,-10000,0,0,0,0,10000,-10000,-10000
055350,聯發科凱基97購02,0,0,0,0,0,0,0,0,0,-10000,0,0,0,4000,14000,-10000,-10000
055442,矽創國票98購02  ,0,0,0,0,0,0,0,0,0,-10000,0,0,0,0,10000,-10000,-10000
055425,聚陽群益99購01  ,0,0,0,0,0,0,0,0,0,-10000,0,0,0,0,10000,-10000,-10000
055474,欣興凱基97購05  ,0,0,0,0,0,0,0,0,0,-10000,0,0,0,26000,36000,-10000,-10000
055418,華通永豐97購01  ,0,0,0,0,0,0,0,0,0,-10000,0,0,0,40000,50000,-10000,-10000
055448,健策統一97購02  ,0,0,0,0,0,0,0,0,0,-10000,0,0,0,0,10000,-10000,-10000
055493,華新科元大97購09,0,0,0,0,0,0,0,0,0,-10000,0,0,0,0,10000,-10000,-10000
055481,聚陽元大97購01  ,0,0,0,0,0,0,0,0,0,-10000,0,0,0,0,10000,-10000,-10000
05581P,華新科凱基96售07,0,0,0,0,0,0,0,0,0,-10000,0,0,0,0,10000,-10000,-10000
05558P,鴻海麥證96售01  ,0,0,0,0,10000,-10000,0,0,0,-10000,0,0,0,0,10000,-10000,-10000
05637P,聯電元大96售04  ,0,0,0,0,0,0,0,0,0,-10000,0,0,0,0,10000,-10000,-10000
3149,正達            ,5000,15000,-10000,0,0,0,0,0,0,0,0,0,0,0,0,0,-10000
3164,景岳            ,2000,1000,1000,0,0,0,0,0,0,-11000,0,11000,-11000,0,0,0,-10000
053574,奇力新元富99購01,0,0,0,0,0,0,0,0,0,-11000,0,0,0,81000,92000,-11000,-11000
053641,正文永豐96購01  ,0,0,0,0,0,0,0,0,0,-11000,0,0,0,286000,297000,-11000,-11000
053617,宏達電群益96購02,0,0,0,0,0,0,0,0,0,-11000,0,0,0,0,11000,-11000,-11000
053506,南茂兆豐97購01  ,0,0,0,0,0,0,0,0,0,-11000,0,0,0,40000,51000,-11000,-11000
053397,國泰金中信96購01,0,0,0,0,0,0,0,0,0,-11000,0,0,0,19000,30000,-11000,-11000
053494,南亞科兆豐96購02,0,0,0,0,0,0,0,0,0,-11000,0,0,0,31000,42000,-11000,-11000
053733,華邦電中信98購01,0,0,0,0,0,0,0,0,0,-11000,0,0,0,10000,21000,-11000,-11000
053757,聯發科國泰96購04,0,0,0,0,0,0,0,0,0,-11000,0,0,0,8000,19000,-11000,-11000
053650,華邦電凱基98購01,0,0,0,0,0,0,0,0,0,-11000,0,0,0,298000,309000,-11000,-11000
053919,可成國票97購02  ,0,0,0,0,0,0,0,0,0,-11000,0,0,0,0,11000,-11000,-11000
052970,美律群益96購01  ,0,0,0,0,0,0,0,0,0,-11000,0,0,0,246000,257000,-11000,-11000
055115,日月光凱基98購01,0,0,0,0,0,0,0,0,0,-11000,0,0,0,0,11000,-11000,-11000
055011,元翎元富97購01  ,0,0,0,0,0,0,0,0,0,-11000,0,0,0,0,11000,-11000,-11000
054468,台郡凱基98購01  ,0,0,0,0,0,0,0,0,0,-11000,0,0,0,25000,36000,-11000,-11000
054318,台虹凱基98購01  ,0,0,0,0,0,0,0,0,0,-11000,0,0,0,184000,195000,-11000,-11000
054091,晶豪科群益96購01,0,0,0,0,0,0,0,0,0,-11000,0,0,0,0,11000,-11000,-11000
046113,旺宏元大93購04  ,0,0,0,0,0,0,0,0,0,-11000,0,0,0,0,11000,-11000,-11000
04903P,全新永豐94售05  ,0,0,0,0,0,0,0,0,0,-11000,0,0,0,40000,51000,-11000,-11000
045402,可成日盛92購01  ,0,0,0,0,0,0,0,0,0,-11000,0,0,0,8000,19000,-11000,-11000
045688,祥碩元大92購01  ,0,0,0,0,0,0,0,0,0,-11000,0,0,0,45000,56000,-11000,-11000
04263P,南電群益93售03  ,0,0,0,0,0,0,0,0,0,-11000,0,0,0,0,11000,-11000,-11000
042566,新光金凱基91購02,0,0,0,0,0,0,0,0,0,-11000,0,0,0,0,11000,-11000,-11000
042927,道瓊反中信94購01,0,0,0,0,0,0,0,0,0,-11000,0,0,0,0,11000,-11000,-11000
03427B,臺股指元大9A熊02,0,0,0,0,0,0,0,0,0,-11000,0,0,0,1000,12000,-11000,-11000
042470,元油2X元大93購04,0,0,0,0,0,0,0,0,0,-11000,0,0,0,1000,12000,-11000,-11000
00771,元大US高息特別股,0,0,0,0,0,0,0,0,0,-11000,0,0,0,0,11000,-11000,-11000
00714,群益道瓊美國地產,0,0,0,0,0,0,0,0,0,-11000,0,0,0,103000,114000,-11000,-11000
046605,瀚宇博群益93購01,0,0,0,0,0,0,0,0,0,-11000,0,0,0,0,11000,-11000,-11000
049411,大成鋼凱基94購01,0,0,0,0,0,0,0,0,0,-11000,0,0,0,111000,122000,-11000,-11000
048037,台表科凱基93購05,0,0,0,0,0,0,0,0,0,-11000,0,0,0,0,11000,-11000,-11000
046491,滬深2X富邦95購02,0,0,0,0,0,0,0,0,0,-11000,0,0,0,0,11000,-11000,-11000
046684,致伸群益93購01  ,0,0,0,0,0,0,0,0,0,-11000,0,0,0,0,11000,-11000,-11000
048227,亞光凱基93購05  ,0,0,0,0,0,0,0,0,0,-11000,0,0,0,1000,12000,-11000,-11000
047164,亞光台新93購01  ,0,0,0,0,0,0,0,0,0,-11000,0,0,0,0,11000,-11000,-11000
048684,上海銀富邦93購02,0,0,0,0,0,0,0,0,0,-11000,0,0,0,0,11000,-11000,-11000
048693,GIS群益94購02   ,0,0,0,0,0,0,0,0,0,-11000,0,0,0,3000,14000,-11000,-11000
046727,新光金元大93購03,0,0,0,0,0,0,0,0,0,-11000,0,0,0,0,11000,-11000,-11000
048581,南亞科富邦93購02,0,0,0,0,0,0,0,0,0,-11000,0,0,0,10000,21000,-11000,-11000
048688,瑞昱群益94購01  ,0,0,0,0,0,0,0,0,0,-11000,0,0,0,0,11000,-11000,-11000
047882,超眾國泰94購01  ,0,0,0,0,0,0,0,0,0,-11000,0,0,0,0,11000,-11000,-11000
047573,儒鴻群益93購04  ,0,0,0,0,0,0,0,0,0,-11000,0,0,0,0,11000,-11000,-11000
049850,上緯控群益94購01,0,0,0,0,0,0,0,0,0,-11000,0,0,0,0,11000,-11000,-11000
049854,超眾群益94購02  ,0,0,0,0,0,0,0,0,0,-11000,0,0,0,0,11000,-11000,-11000
049903,大立光元富94購06,0,0,0,0,0,0,0,0,0,-11000,0,0,0,14000,25000,-11000,-11000
049538,元油2X群益98購01,0,0,0,0,0,0,0,0,0,-11000,0,0,0,0,11000,-11000,-11000
049652,GIS凱基94購05   ,0,0,0,0,0,0,0,0,0,-11000,0,0,0,131000,142000,-11000,-11000
050402,緯穎中信96購01  ,0,0,0,0,0,0,0,0,0,-11000,0,0,0,45000,56000,-11000,-11000
050379,易華電群益96購01,0,0,0,0,0,0,0,0,0,-11000,0,0,0,0,11000,-11000,-11000
051241,台積電元大95購13,0,0,0,0,0,0,0,0,0,-11000,0,0,0,151000,162000,-11000,-11000
05117P,瑞昱群益95售02  ,0,0,0,0,0,0,0,0,0,-11000,0,0,0,0,11000,-11000,-11000
051175,國巨凱基95購04  ,0,0,0,0,0,0,0,0,0,-11000,0,0,0,27000,38000,-11000,-11000
050914,健鼎中信95購01  ,0,0,0,0,0,0,0,0,0,-11000,0,0,0,10000,21000,-11000,-11000
050791,聯發科富邦96購01,0,0,0,0,0,0,0,0,0,-11000,0,0,0,2000,13000,-11000,-11000
052552,智邦國票97購01  ,0,0,0,0,0,0,0,0,0,-11000,0,0,0,0,11000,-11000,-11000
052188,欣興群益95購03  ,0,0,0,0,0,0,0,0,0,-11000,0,0,0,0,11000,-11000,-11000
051519,國泰金凱基95購02,0,0,0,0,0,0,0,0,0,-11000,0,0,0,0,11000,-11000,-11000
051446,中壽元大96購01  ,0,0,0,0,0,0,0,0,0,-11000,0,0,0,93000,104000,-11000,-11000
051974,華新科凱基96購05,0,0,0,0,0,0,0,0,0,-11000,0,0,0,10000,21000,-11000,-11000
051871,同欣電凱基95購02,0,0,0,0,0,0,0,0,0,-11000,0,0,0,77000,88000,-11000,-11000
051885,易華電永豐95購02,0,0,0,0,0,0,0,0,0,-11000,0,0,0,0,11000,-11000,-11000
3032,偉訓            ,31000,3000,28000,0,0,0,0,0,0,-39000,1000,40000,-39000,0,0,0,-11000
8422,可寧衛          ,13000,24000,-11000,0,0,0,0,0,0,0,0,0,0,0,0,0,-11000
9907,統一實          ,17000,28000,-11000,0,0,0,0,0,0,0,0,0,0,0,0,0,-11000
055227,聯發科國票98購02,0,0,0,0,0,0,0,0,0,-11000,0,0,0,0,11000,-11000,-11000
05672P,鴻海群益96售03  ,0,0,0,0,0,0,0,0,0,-11000,0,0,0,0,11000,-11000,-11000
05769P,台積電凱基96售16,0,0,0,0,0,0,0,0,0,-11000,0,0,0,0,11000,-11000,-11000
06027P,鴻海台新96售04  ,0,0,0,0,0,0,0,0,0,-11000,0,0,0,0,11000,-11000,-11000
05919P,京鼎元大96售03  ,0,0,0,0,0,0,0,0,0,-11000,0,0,0,0,11000,-11000,-11000
05881P,彩晶康和96售01  ,0,0,0,0,0,0,0,0,0,-11000,0,0,0,2000,13000,-11000,-11000
05871P,全新凱基96售04  ,0,0,0,0,0,0,0,0,0,-11000,0,0,0,0,11000,-11000,-11000
1416,廣豐            ,16000,27000,-11000,0,0,0,0,0,0,0,0,0,0,0,0,0,-11000
06112P,台積電兆豐97售01,0,0,0,0,0,0,0,0,0,-11000,0,0,0,89000,100000,-11000,-11000
06141P,大立光日盛97售01,0,0,0,0,0,0,0,0,0,-11000,0,0,0,0,11000,-11000,-11000
054154,智易國泰97購01  ,0,0,0,0,0,0,0,0,0,-12000,0,0,0,0,12000,-12000,-12000
054194,國巨麥證96購02  ,0,0,0,0,12000,-12000,0,0,0,-12000,0,0,0,0,12000,-12000,-12000
054221,華新科統一96購05,0,0,0,0,0,0,0,0,0,-12000,0,0,0,0,12000,-12000,-12000
054436,高鐵台新97購02  ,0,0,0,0,0,0,0,0,0,-12000,0,0,0,84000,96000,-12000,-12000
055138,大毅永豐97購02  ,0,0,0,0,0,0,0,0,0,-12000,0,0,0,40000,52000,-12000,-12000
054789,高鐵群益98購01  ,0,0,0,0,0,0,0,0,0,-12000,0,0,0,44000,56000,-12000,-12000
054830,世芯國泰99購01  ,0,0,0,0,0,0,0,0,0,-12000,0,0,0,245000,257000,-12000,-12000
052724,力成統一97購01  ,0,0,0,0,0,0,0,0,0,-12000,0,0,0,10000,22000,-12000,-12000
052740,聯發科元大96購07,0,0,0,0,0,0,0,0,0,-12000,0,0,0,73000,85000,-12000,-12000
053869,嘉澤元大96購02  ,0,0,0,0,0,0,0,0,0,-12000,0,0,0,0,12000,-12000,-12000
053442,光罩凱基96購01  ,0,0,0,0,0,0,0,0,0,-12000,0,0,0,0,12000,-12000,-12000
053553,聯詠凱基96購03  ,0,0,0,0,0,0,0,0,0,-12000,0,0,0,0,12000,-12000,-12000
053630,奇鋐兆豐97購01  ,0,0,0,0,0,0,0,0,0,-12000,0,0,0,3000,15000,-12000,-12000
042679,群創元大92購02  ,0,0,0,0,0,0,0,0,0,-12000,0,0,0,88000,100000,-12000,-12000
046269,禾伸堂凱基92購03,0,0,0,0,0,0,0,0,0,-12000,0,0,0,0,12000,-12000,-12000
046178,聯發科日盛92購01,0,0,0,0,0,0,0,0,0,-12000,0,0,0,34000,46000,-12000,-12000
048834,牧德凱基94購01  ,0,0,0,0,0,0,0,0,0,-12000,0,0,0,0,12000,-12000,-12000
049693,可成元大94購08  ,0,0,0,0,0,0,0,0,0,-12000,0,0,0,120000,132000,-12000,-12000
049714,國巨凱基94購02  ,0,0,0,0,0,0,0,0,0,-12000,0,0,0,0,12000,-12000,-12000
04797P,華新科元大94售04,0,0,0,0,0,0,0,0,0,-12000,0,0,0,18000,30000,-12000,-12000
046729,智伸科元大93購01,0,0,0,0,0,0,0,0,0,-12000,0,0,0,148000,160000,-12000,-12000
046792,京元電元富96購01,0,0,0,0,0,0,0,0,0,-12000,0,0,0,0,12000,-12000,-12000
047072,義隆兆豐94購01  ,0,0,0,0,0,0,0,0,0,-12000,0,0,0,0,12000,-12000,-12000
048010,嘉聯益富邦97購01,0,0,0,0,0,0,0,0,0,-12000,0,0,0,35000,47000,-12000,-12000
048450,聯詠凱基93購09  ,0,0,0,0,0,0,0,0,0,-12000,0,0,0,0,12000,-12000,-12000
046624,彩晶凱基94購02  ,0,0,0,0,0,0,0,0,0,-12000,0,0,0,3000,15000,-12000,-12000
051989,華固元大95購02  ,0,0,0,0,0,0,0,0,0,-12000,0,0,0,0,12000,-12000,-12000
051819,燿華統一96購01  ,0,0,0,0,0,0,0,0,0,-12000,0,0,0,0,12000,-12000,-12000
051498,智易群益96購01  ,0,0,0,0,0,0,0,0,0,-12000,0,0,0,30000,42000,-12000,-12000
052217,台光電日盛95購01,0,0,0,0,0,0,0,0,0,-12000,0,0,0,0,12000,-12000,-12000
052633,國巨凱基96購05  ,0,0,0,0,0,0,0,0,0,-12000,0,0,0,11000,23000,-12000,-12000
051001,緯穎元大96購02  ,0,0,0,0,0,0,0,0,0,-12000,0,0,0,31000,43000,-12000,-12000
051232,貿聯群益95購02  ,0,0,0,0,0,0,0,0,0,-12000,0,0,0,6000,18000,-12000,-12000
05034P,台積電元大95售08,0,0,0,0,0,0,0,0,0,-12000,0,0,0,20000,32000,-12000,-12000
050521,聯發科元大94購15,0,0,0,0,0,0,0,0,0,-12000,0,0,0,23000,35000,-12000,-12000
050565,矽格元富94購01  ,0,0,0,0,0,0,0,0,0,-12000,0,0,0,98000,110000,-12000,-12000
050590,晶技永豐95購01  ,0,0,0,0,0,0,0,0,0,-12000,0,0,0,0,12000,-12000,-12000
050296,亞光凱基94購03  ,0,0,0,0,0,0,0,0,0,-12000,0,0,0,7000,19000,-12000,-12000
050314,晶技兆豐94購01  ,0,0,0,0,0,0,0,0,0,-12000,0,0,0,0,12000,-12000,-12000
050204,華新科群益94購05,0,0,0,0,0,0,0,0,0,-12000,0,0,0,100000,112000,-12000,-12000
050191,和碩元大94購02  ,0,0,0,0,0,0,0,0,0,-12000,0,0,0,0,12000,-12000,-12000
06083P,華通統一98售02  ,0,0,0,0,0,0,0,0,0,-12000,0,0,0,20000,32000,-12000,-12000
1309,台達化          ,59000,71000,-12000,0,0,0,0,0,0,0,0,0,0,0,0,0,-12000
2617,台航            ,73000,85000,-12000,0,0,0,0,0,0,0,0,0,0,0,0,0,-12000
2482,連宇            ,0,12000,-12000,0,0,0,0,0,0,0,0,0,0,0,0,0,-12000
05857P,旺宏中信98售02  ,0,0,0,0,0,0,0,0,0,-12000,0,0,0,0,12000,-12000,-12000
05796P,臺股指群益96售10,0,0,0,0,0,0,0,0,0,-12000,0,0,0,4000,16000,-12000,-12000
05806P,宏達電永豐96售03,0,0,0,0,0,0,0,0,0,-12000,0,0,0,0,12000,-12000,-12000
05699P,茂林凱基96售05  ,0,0,0,0,0,0,0,0,0,-12000,0,0,0,0,12000,-12000,-12000
055249,大毅統一99購01  ,0,0,0,0,0,0,0,0,0,-12000,0,0,0,29000,41000,-12000,-12000
055229,大毅國票97購02  ,0,0,0,0,0,0,0,0,0,-12000,0,0,0,5000,17000,-12000,-12000
055426,旺宏群益99購02  ,0,0,0,0,0,0,0,0,0,-12000,0,0,0,0,12000,-12000,-12000
053432,世紀鋼永豐96購02,0,0,0,0,0,0,0,0,0,-13000,0,0,0,94000,107000,-13000,-13000
05391P,鴻海統一95售12  ,0,0,0,0,0,0,0,0,0,-13000,0,0,0,31000,44000,-13000,-13000
052778,智原國票97購01  ,0,0,0,0,0,0,0,0,0,-13000,0,0,0,7000,20000,-13000,-13000
053027,玉晶光富邦98購01,0,0,0,0,0,0,0,0,0,-13000,0,0,0,0,13000,-13000,-13000
053320,華新科群益97購01,0,0,0,0,0,0,0,0,0,-13000,0,0,0,1000,14000,-13000,-13000
053191,奇鋐統一96購01  ,0,0,0,0,0,0,0,0,0,-13000,0,0,0,0,13000,-13000,-13000
053234,奇鋐永豐96購01  ,0,0,0,0,0,0,0,0,0,-13000,0,0,0,0,13000,-13000,-13000
054816,聯發科元大97購12,0,0,0,0,0,0,0,0,0,-13000,0,0,0,2000,15000,-13000,-13000
054601,奇鋐台新98購01  ,0,0,0,0,0,0,0,0,0,-13000,0,0,0,0,13000,-13000,-13000
055127,台虹兆豐97購01  ,0,0,0,0,0,0,0,0,0,-13000,0,0,0,148000,161000,-13000,-13000
054981,國巨元富97購02  ,0,0,0,0,0,0,0,0,0,-13000,0,0,0,0,13000,-13000,-13000
054412,智邦元大96購03  ,0,0,0,0,0,0,0,0,0,-13000,0,0,0,81000,94000,-13000,-13000
04610P,世紀鋼永豐94售03,0,0,0,0,0,0,0,0,0,-13000,0,0,0,77000,90000,-13000,-13000
044886,台表科群益91購06,0,0,0,0,0,0,0,0,0,-13000,0,0,0,0,13000,-13000,-13000
046318,聯詠元大92購04  ,0,0,0,0,0,0,0,0,0,-13000,0,0,0,0,13000,-13000,-13000
046055,欣興群益92購02  ,0,0,0,0,0,0,0,0,0,-13000,0,0,0,11000,24000,-13000,-13000
044784,華邦電中信96購01,0,0,0,0,0,0,0,0,0,-13000,0,0,0,5000,18000,-13000,-13000
042195,元石油元大93購01,0,0,0,0,0,0,0,0,0,-13000,0,0,0,0,13000,-13000,-13000
04234P,華通群益94售02  ,0,0,0,0,0,0,0,0,0,-13000,0,0,0,0,13000,-13000,-13000
00757,統一FANG+       ,0,0,0,0,0,0,0,0,0,-13000,0,0,0,201000,214000,-13000,-13000
047366,台表科群益93購01,0,0,0,0,0,0,0,0,0,-13000,0,0,0,7000,20000,-13000,-13000
047013,超眾元富96購01  ,0,0,0,0,0,0,0,0,0,-13000,0,0,0,5000,18000,-13000,-13000
047121,訊芯元大93購03  ,0,0,0,0,0,0,0,0,0,-13000,0,0,0,45000,58000,-13000,-13000
047465,滬深2X國泰94購01,0,0,0,0,0,0,0,0,0,-13000,0,0,0,137000,150000,-13000,-13000
048494,瑞昱元大93購13  ,0,0,0,0,0,0,0,0,0,-13000,0,0,0,67000,80000,-13000,-13000
048315,聯發科凱基93購32,0,0,0,0,0,0,0,0,0,-13000,0,0,0,0,13000,-13000,-13000
049616,卜蜂群益94購01  ,0,0,0,0,0,0,0,0,0,-13000,0,0,0,0,13000,-13000,-13000
049835,緯穎凱基94購05  ,0,0,0,0,0,0,0,0,0,-13000,0,0,0,10000,23000,-13000,-13000
05012P,台積電元大95售07,0,0,0,0,0,0,0,0,0,-13000,0,0,0,32000,45000,-13000,-13000
050101,台積電永昌96購03,0,0,0,0,0,0,0,0,0,-13000,0,0,0,93000,106000,-13000,-13000
050411,聯發科永豐94購05,0,0,0,0,0,0,0,0,0,-13000,0,0,0,19000,32000,-13000,-13000
051015,南亞科凱基95購04,0,0,0,0,0,0,0,0,0,-13000,0,0,0,0,13000,-13000,-13000
050915,健策中信98購01  ,0,0,0,0,0,0,0,0,0,-13000,0,0,0,20000,33000,-13000,-13000
050923,南亞科凱基95購03,0,0,0,0,0,0,0,0,0,-13000,0,0,0,30000,43000,-13000,-13000
050848,日月光國票95購01,0,0,0,0,0,0,0,0,0,-13000,0,0,0,202000,215000,-13000,-13000
052371,元金2X元大95購01,0,0,0,0,0,0,0,0,0,-13000,0,0,0,0,13000,-13000,-13000
052099,臺股指富邦95購02,0,0,0,0,0,0,0,0,0,-13000,0,0,0,47000,60000,-13000,-13000
051468,智邦日盛95購01  ,0,0,0,0,0,0,0,0,0,-13000,0,0,0,0,13000,-13000,-13000
051544,T50反1康和98購01,0,0,0,0,0,0,0,0,0,-13000,0,0,0,0,13000,-13000,-13000
05629P,聯發科永昌99售02,0,0,0,0,0,0,0,0,0,-13000,0,0,0,747000,760000,-13000,-13000
05951P,台積電國票97售05,0,0,0,0,0,0,0,0,0,-13000,0,0,0,370000,383000,-13000,-13000
2430,燦坤            ,20000,33000,-13000,0,0,0,0,0,0,0,0,0,0,0,0,0,-13000
8070,長華*           ,2000,5000,-3000,0,0,0,0,10000,-10000,0,0,0,0,0,0,0,-13000
3057,喬鼎            ,0,13000,-13000,0,0,0,0,0,0,0,0,0,0,0,0,0,-13000
05435P,鴻海群益95售12  ,0,0,0,0,0,0,0,0,0,-14000,0,0,0,8000,22000,-14000,-14000
054927,帆宣凱基97購01  ,0,0,0,0,0,0,0,0,0,-14000,0,0,0,0,14000,-14000,-14000
05493P,華新科富邦99售02,0,0,0,0,0,0,0,0,0,-14000,0,0,0,46000,60000,-14000,-14000
055102,上銀凱基98購01  ,0,0,0,0,0,0,0,0,0,-14000,0,0,0,20000,34000,-14000,-14000
053116,華新科中信96購01,0,0,0,0,0,0,0,0,0,-14000,0,0,0,2000,16000,-14000,-14000
053028,康控富邦98購01  ,0,0,0,0,0,0,0,0,0,-14000,0,0,0,25000,39000,-14000,-14000
05371P,臺股指中信95售10,0,0,0,0,0,0,0,0,0,-14000,0,0,0,20000,34000,-14000,-14000
053447,京鼎凱基96購03  ,0,0,0,0,0,0,0,0,0,-14000,0,0,0,0,14000,-14000,-14000
043848,日月光國泰92購01,0,0,0,0,0,0,0,0,0,-14000,0,0,0,0,14000,-14000,-14000
044171,訊芯元大91購02  ,0,0,0,0,0,0,0,0,0,-14000,0,0,0,40000,54000,-14000,-14000
045684,和碩元大92購02  ,0,0,0,0,0,0,0,0,0,-14000,0,0,0,0,14000,-14000,-14000
044911,和碩凱基91購01  ,0,0,0,0,0,0,0,0,0,-14000,0,0,0,0,14000,-14000,-14000
044257,和碩元大91購01  ,0,0,0,0,0,0,0,0,0,-14000,0,0,0,0,14000,-14000,-14000
048851,台達電群益94購01,0,0,0,0,0,0,0,0,0,-14000,0,0,0,0,14000,-14000,-14000
048982,牧德元大94購02  ,0,0,0,0,0,0,0,0,0,-14000,0,0,0,2000,16000,-14000,-14000
046177,矽創永豐92購01  ,0,0,0,0,0,0,0,0,0,-14000,0,0,0,16000,30000,-14000,-14000
049776,全新統一95購02  ,0,0,0,0,0,0,0,0,0,-14000,0,0,0,126000,140000,-14000,-14000
048374,味全元富94購01  ,0,0,0,0,0,0,0,0,0,-14000,0,0,0,0,14000,-14000,-14000
048823,漢唐凱基94購01  ,0,0,0,0,0,0,0,0,0,-14000,0,0,0,0,14000,-14000,-14000
047975,緯創兆豐93購01  ,0,0,0,0,0,0,0,0,0,-14000,0,0,0,1000,15000,-14000,-14000
048676,和鑫國泰94購02  ,0,0,0,0,0,0,0,0,0,-14000,0,0,0,23000,37000,-14000,-14000
048656,大立光元富93購05,0,0,0,0,0,0,0,0,0,-14000,0,0,0,1000,15000,-14000,-14000
047046,台積電國票94購01,0,0,0,0,0,0,0,0,0,-14000,0,0,0,48000,62000,-14000,-14000
047098,大毅國泰94購01  ,0,0,0,0,0,0,0,0,0,-14000,0,0,0,172000,186000,-14000,-14000
049408,旺宏日盛94購01  ,0,0,0,0,0,0,0,0,0,-14000,0,0,0,0,14000,-14000,-14000
049199,茂林永豐95購01  ,0,0,0,0,0,0,0,0,0,-14000,0,0,0,6000,20000,-14000,-14000
047296,日月光元富96購01,0,0,0,0,0,0,0,0,0,-14000,0,0,0,100000,114000,-14000,-14000
051560,玉晶光國泰97購03,0,0,0,0,0,0,0,0,0,-14000,0,0,0,1000,15000,-14000,-14000
051495,玉晶光第一95購02,0,0,0,0,0,0,0,0,0,-14000,0,0,0,0,14000,-14000,-14000
051833,昇陽半元大96購01,0,0,0,0,0,0,0,0,0,-14000,0,0,0,69000,83000,-14000,-14000
051831,緯穎元大96購04  ,0,0,0,0,0,0,0,0,0,-14000,0,0,0,4000,18000,-14000,-14000
051839,和鑫國泰96購01  ,0,0,0,0,0,0,0,0,0,-14000,0,0,0,20000,34000,-14000,-14000
052270,力成日盛95購01  ,0,0,0,0,0,0,0,0,0,-14000,0,0,0,15000,29000,-14000,-14000
052352,力成元富95購01  ,0,0,0,0,0,0,0,0,0,-14000,0,0,0,0,14000,-14000,-14000
052568,漢唐凱基96購02  ,0,0,0,0,0,0,0,0,0,-14000,0,0,0,0,14000,-14000,-14000
05073P,臺股指中信95售09,0,0,0,0,0,0,0,0,0,-14000,0,0,0,0,14000,-14000,-14000
051223,台化群益95購01  ,0,0,0,0,0,0,0,0,0,-14000,0,0,0,10000,24000,-14000,-14000
051138,訊連永豐95購01  ,0,0,0,0,0,0,0,0,0,-14000,0,0,0,0,14000,-14000,-14000
05040P,聯發科凱基95售05,0,0,0,0,0,0,0,0,0,-14000,0,0,0,6000,20000,-14000,-14000
050365,中石化元大94購02,0,0,0,0,0,0,0,0,0,-14000,0,0,0,1000,15000,-14000,-14000
050505,可成凱基94購12  ,0,0,0,0,0,0,0,0,0,-14000,0,0,0,0,14000,-14000,-14000
050477,矽力永豐94購01  ,0,0,0,0,0,0,0,0,0,-14000,0,0,0,57000,71000,-14000,-14000
050456,聯茂元大94購09  ,0,0,0,0,0,0,0,0,0,-14000,0,0,0,166000,180000,-14000,-14000
050578,聯發科國票95購03,0,0,0,0,0,0,0,0,0,-14000,0,0,0,10000,24000,-14000,-14000
050612,台積電元大95購06,0,0,0,0,0,0,0,0,0,-14000,0,0,0,16000,30000,-14000,-14000
4725,信昌化          ,33000,47000,-14000,0,0,0,0,0,0,0,0,0,0,0,0,0,-14000
05905P,晶技統一97售01  ,0,0,0,0,0,0,0,0,0,-14000,0,0,0,0,14000,-14000,-14000
05800P,台積電兆豐96售04,0,0,0,0,0,0,0,0,0,-14000,0,0,0,100000,114000,-14000,-14000
05610P,國巨群益98售01  ,0,0,0,0,0,0,0,0,0,-14000,0,0,0,24000,38000,-14000,-14000
055280,智邦元大97購01  ,0,0,0,0,0,0,0,0,0,-14000,0,0,0,0,14000,-14000,-14000
055289,泰碩元大98購01  ,0,0,0,0,0,0,0,0,0,-14000,0,0,0,0,14000,-14000,-14000
05344P,臺股指統一95售04,0,0,0,0,0,0,0,0,0,-15000,0,0,0,5000,20000,-15000,-15000
053597,牧德元大99購01  ,0,0,0,0,0,0,0,0,0,-15000,0,0,0,26000,41000,-15000,-15000
053189,聯發科統一96購05,0,0,0,0,0,0,0,0,0,-15000,0,0,0,0,15000,-15000,-15000
053341,聯發科國票97購03,0,0,0,0,0,0,0,0,0,-15000,0,0,0,38000,53000,-15000,-15000
054928,帆宣凱基98購01  ,0,0,0,0,0,0,0,0,0,-15000,0,0,0,0,15000,-15000,-15000
054593,滬深2X永昌9A購01,0,0,0,0,0,0,0,0,0,-15000,0,0,0,0,15000,-15000,-15000
054831,緯穎國泰98購01  ,0,0,0,0,0,0,0,0,0,-15000,0,0,0,44000,59000,-15000,-15000
054894,GIS統一97購01   ,0,0,0,0,0,0,0,0,0,-15000,0,0,0,0,15000,-15000,-15000
054295,世芯元大96購03  ,0,0,0,0,0,0,0,0,0,-15000,0,0,0,248000,263000,-15000,-15000
054417,牧德元大96購01  ,0,0,0,0,0,0,0,0,0,-15000,0,0,0,0,15000,-15000,-15000
054491,瀚宇博台新96購02,0,0,0,0,0,0,0,0,0,-15000,0,0,0,0,15000,-15000,-15000
05451P,臺股指元大95售28,0,0,0,0,0,0,0,0,0,-15000,0,0,0,0,15000,-15000,-15000
046190,宏盛凱基92購01  ,0,0,0,0,0,0,0,0,0,-15000,0,0,0,20000,35000,-15000,-15000
046196,欣興凱基92購04  ,0,0,0,0,0,0,0,0,0,-15000,0,0,0,22000,37000,-15000,-15000
048989,矽格元大94購02  ,0,0,0,0,0,0,0,0,0,-15000,0,0,0,4000,19000,-15000,-15000
045043,台達電凱基93購01,0,0,0,0,0,0,0,0,0,-15000,0,0,0,95000,110000,-15000,-15000
04509P,臺股指元大94售04,0,0,0,0,0,0,0,0,0,-15000,0,0,0,0,15000,-15000,-15000
046275,台表科凱基94購01,0,0,0,0,0,0,0,0,0,-15000,0,0,0,11000,26000,-15000,-15000
043660,華新科元大93購01,0,0,0,0,0,0,0,0,0,-15000,0,0,0,10000,25000,-15000,-15000
043694,華新科兆豐92購01,0,0,0,0,0,0,0,0,0,-15000,0,0,0,0,15000,-15000,-15000
043771,鴻海兆豐92購01  ,0,0,0,0,0,0,0,0,0,-15000,0,0,0,165000,180000,-15000,-15000
03943P,可成群益93售01  ,0,0,0,0,0,0,0,0,0,-15000,0,0,0,0,15000,-15000,-15000
048431,瑞昱國票94購01  ,0,0,0,0,0,0,0,0,0,-15000,0,0,0,1000,16000,-15000,-15000
048034,大立光凱基93購29,0,0,0,0,0,0,0,0,0,-15000,0,0,0,25000,40000,-15000,-15000
049385,茂林元大94購03  ,0,0,0,0,0,0,0,0,0,-15000,0,0,0,12000,27000,-15000,-15000
049306,元油2X凱基96購01,0,0,0,0,0,0,0,0,0,-15000,0,0,0,31000,46000,-15000,-15000
04710P,台積電元大94售16,0,0,0,0,0,0,0,0,0,-15000,0,0,0,50000,65000,-15000,-15000
046968,台積電群益94購03,0,0,0,0,0,0,0,0,0,-15000,0,0,0,14000,29000,-15000,-15000
046970,聯詠群益93購01  ,0,0,0,0,0,0,0,0,0,-15000,0,0,0,17000,32000,-15000,-15000
046700,台郡凱基93購02  ,0,0,0,0,0,0,0,0,0,-15000,0,0,0,20000,35000,-15000,-15000
047171,聯發科永豐93購01,0,0,0,0,0,0,0,0,0,-15000,0,0,0,68000,83000,-15000,-15000
049222,和碩國票94購01  ,0,0,0,0,0,0,0,0,0,-15000,0,0,0,5000,20000,-15000,-15000
046770,聯發科國泰94購01,0,0,0,0,0,0,0,0,0,-15000,0,0,0,0,15000,-15000,-15000
048294,智原群益93購02  ,0,0,0,0,0,0,0,0,0,-15000,0,0,0,0,15000,-15000,-15000
046861,和碩元大93購01  ,0,0,0,0,0,0,0,0,0,-15000,0,0,0,2000,17000,-15000,-15000
049759,元黃金富邦9A購01,0,0,0,0,0,0,0,0,0,-15000,0,0,0,0,15000,-15000,-15000
049877,南亞科永豐94購01,0,0,0,0,0,0,0,0,0,-15000,0,0,0,86000,101000,-15000,-15000
049809,聯詠元大94購04  ,0,0,0,0,0,0,0,0,0,-15000,0,0,0,0,15000,-15000,-15000
049946,智邦兆豐95購01  ,0,0,0,0,0,0,0,0,0,-15000,0,0,0,0,15000,-15000,-15000
050647,聯發科凱基96購01,0,0,0,0,0,0,0,0,0,-15000,0,0,0,9000,24000,-15000,-15000
050517,台積電元大94購27,0,0,0,0,0,0,0,0,0,-15000,0,0,0,161000,176000,-15000,-15000
051082,上証2X元大98購01,0,0,0,0,0,0,0,0,0,-15000,0,0,0,0,15000,-15000,-15000
051098,矽格元大95購01  ,0,0,0,0,0,0,0,0,0,-15000,0,0,0,55000,70000,-15000,-15000
051304,緯創凱基96購01  ,0,0,0,0,0,0,0,0,0,-15000,0,0,0,235000,250000,-15000,-15000
050867,聯鈞永豐95購01  ,0,0,0,0,0,0,0,0,0,-15000,0,0,0,43000,58000,-15000,-15000
052590,祥碩永豐96購01  ,0,0,0,0,0,0,0,0,0,-15000,0,0,0,138000,153000,-15000,-15000
052640,台表科凱基97購01,0,0,0,0,0,0,0,0,0,-15000,0,0,0,108000,123000,-15000,-15000
052434,茂林國泰97購01  ,0,0,0,0,0,0,0,0,0,-15000,0,0,0,312000,327000,-15000,-15000
052529,力成元大95購03  ,0,0,0,0,0,0,0,0,0,-15000,0,0,0,27000,42000,-15000,-15000
052356,聯詠永豐95購03  ,0,0,0,0,0,0,0,0,0,-15000,0,0,0,0,15000,-15000,-15000
052172,致茂元大95購01  ,0,0,0,0,0,0,0,0,0,-15000,0,0,0,101000,116000,-15000,-15000
051985,智邦元大95購05  ,0,0,0,0,0,0,0,0,0,-15000,0,0,0,0,15000,-15000,-15000
051591,玉晶光元大97購01,0,0,0,0,0,0,0,0,0,-15000,0,0,0,6000,21000,-15000,-15000
051595,康控元大95購04  ,0,0,0,0,0,0,0,0,0,-15000,0,0,0,0,15000,-15000,-15000
055347,台積電凱基97購10,0,0,0,0,0,0,0,0,0,-15000,0,0,0,0,15000,-15000,-15000
055327,致新國票98購01  ,0,0,0,0,0,0,0,0,0,-15000,0,0,0,0,15000,-15000,-15000
05599P,欣興台新96售01  ,0,0,0,0,0,0,0,0,0,-15000,0,0,0,0,15000,-15000,-15000
05870P,聯發科凱基96售19,0,0,0,0,0,0,0,0,0,-15000,0,0,0,63000,78000,-15000,-15000
2387,精元            ,652000,393000,259000,0,0,0,0,333000,-333000,59000,2000,2000,0,59000,0,59000,-15000
06152P,玉晶光元大98售06,0,0,0,0,0,0,0,0,0,-15000,0,0,0,245000,260000,-15000,-15000
9917,中保科          ,115000,116000,-1000,0,0,0,0,0,0,-14000,3000,17000,-14000,0,0,0,-15000
054466,欣興凱基97購03  ,0,0,0,0,0,0,0,0,0,-16000,0,0,0,50000,66000,-16000,-16000
05436P,台積電群益95售07,0,0,0,0,0,0,0,0,0,-16000,0,0,0,10000,26000,-16000,-16000
054298,台表科元大97購03,0,0,0,0,0,0,0,0,0,-16000,0,0,0,5000,21000,-16000,-16000
054797,臻鼎群益97購01  ,0,0,0,0,0,0,0,0,0,-16000,0,0,0,5000,21000,-16000,-16000
054784,順德群益9A購01  ,0,0,0,0,0,0,0,0,0,-16000,0,0,0,0,16000,-16000,-16000
054758,南亞國票9A購01  ,0,0,0,0,0,0,0,0,0,-16000,0,0,0,0,16000,-16000,-16000
053122,美律凱基98購01  ,0,0,0,0,0,0,0,0,0,-16000,0,0,0,8000,24000,-16000,-16000
053049,T50反1國票98購01,0,0,0,0,0,0,0,0,0,-16000,0,0,0,0,16000,-16000,-16000
052859,國巨凱基96購07  ,0,0,0,0,0,0,0,0,0,-16000,0,0,0,0,16000,-16000,-16000
053913,華新國票97購01  ,0,0,0,0,0,0,0,0,0,-16000,0,0,0,0,16000,-16000,-16000
053914,國巨國票96購08  ,0,0,0,0,0,0,0,0,0,-16000,0,0,0,5000,21000,-16000,-16000
03281P,台積電凱基04售01,0,0,0,0,0,0,0,0,0,-16000,0,0,0,0,16000,-16000,-16000
046225,南亞科元大92購05,0,0,0,0,0,0,0,0,0,-16000,0,0,0,5000,21000,-16000,-16000
044768,深中小元大94購02,0,0,0,0,0,0,0,0,0,-16000,0,0,0,204000,220000,-16000,-16000
045074,華新科元大93購03,0,0,0,0,0,0,0,0,0,-16000,0,0,0,0,16000,-16000,-16000
044841,台光電元富91購04,0,0,0,0,0,0,0,0,0,-16000,0,0,0,4000,20000,-16000,-16000
049111,元油2X統一94購03,0,0,0,0,0,0,0,0,0,-16000,0,0,0,32000,48000,-16000,-16000
046891,南亞科群益93購01,0,0,0,0,0,0,0,0,0,-16000,0,0,0,39000,55000,-16000,-16000
047189,聯詠元大93購05  ,0,0,0,0,0,0,0,0,0,-16000,0,0,0,3000,19000,-16000,-16000
049480,同欣電永豐94購01,0,0,0,0,0,0,0,0,0,-16000,0,0,0,0,16000,-16000,-16000
049343,華新科統一94購03,0,0,0,0,0,0,0,0,0,-16000,0,0,0,14000,30000,-16000,-16000
05174P,元金2X富邦9B售01,0,0,0,0,0,0,0,0,0,-16000,0,0,0,0,16000,-16000,-16000
052361,大成鋼國票96購01,0,0,0,0,0,0,0,0,0,-16000,0,0,0,15000,31000,-16000,-16000
052285,康控凱基95購02  ,0,0,0,0,0,0,0,0,0,-16000,0,0,0,21000,37000,-16000,-16000
052526,智伸科元大96購02,0,0,0,0,0,0,0,0,0,-16000,0,0,0,612000,628000,-16000,-16000
052628,樺漢中信96購01  ,0,0,0,0,0,0,0,0,0,-16000,0,0,0,0,16000,-16000,-16000
050745,茂林永豐94購06  ,0,0,0,0,0,0,0,0,0,-16000,0,0,0,58000,74000,-16000,-16000
050850,訊連國票96購01  ,0,0,0,0,0,0,0,0,0,-16000,0,0,0,0,16000,-16000,-16000
050800,百和中信95購01  ,0,0,0,0,0,0,0,0,0,-16000,0,0,0,0,16000,-16000,-16000
051089,旺宏元大96購04  ,0,0,0,0,0,0,0,0,0,-16000,0,0,0,28000,44000,-16000,-16000
050424,鴻海凱基96購03  ,0,0,0,0,0,0,0,0,0,-16000,0,0,0,4000,20000,-16000,-16000
050023,國巨元大94購12  ,0,0,0,0,0,0,0,0,0,-16000,0,0,0,0,16000,-16000,-16000
3050,鈺德            ,0,16000,-16000,0,0,0,0,0,0,0,0,0,0,0,0,0,-16000
053905,華新科凱基96購10,0,0,0,0,0,0,0,0,0,-17000,0,0,0,0,17000,-17000,-17000
053811,國巨群益98購02  ,0,0,0,0,0,0,0,0,0,-17000,0,0,0,32000,49000,-17000,-17000
053414,臻鼎國票97購01  ,0,0,0,0,0,0,0,0,0,-17000,0,0,0,20000,37000,-17000,-17000
05317P,臺股指永昌95售02,0,0,0,0,0,0,0,0,0,-17000,0,0,0,0,17000,-17000,-17000
053174,同欣電群益98購02,0,0,0,0,0,0,0,0,0,-17000,0,0,0,51000,68000,-17000,-17000
054823,祥碩元大97購02  ,0,0,0,0,0,0,0,0,0,-17000,0,0,0,137000,154000,-17000,-17000
054971,帆宣元大97購02  ,0,0,0,0,0,0,0,0,0,-17000,0,0,0,21000,38000,-17000,-17000
054090,瑞昱群益97購01  ,0,0,0,0,0,0,0,0,0,-17000,0,0,0,72000,89000,-17000,-17000
05405P,大立光群益95售04,0,0,0,0,0,0,0,0,0,-17000,0,0,0,200000,217000,-17000,-17000
054073,群創富邦96購03  ,0,0,0,0,0,0,0,0,0,-17000,0,0,0,286000,303000,-17000,-17000
054022,南亞康和96購01  ,0,0,0,0,0,0,0,0,0,-17000,0,0,0,77000,94000,-17000,-17000
053995,奇力新群益97購02,0,0,0,0,0,0,0,0,0,-17000,0,0,0,167000,184000,-17000,-17000
044853,亞光國泰93購01  ,0,0,0,0,0,0,0,0,0,-17000,0,0,0,18000,35000,-17000,-17000
044626,欣興元大92購03  ,0,0,0,0,0,0,0,0,0,-17000,0,0,0,174000,191000,-17000,-17000
044062,可成元大92購02  ,0,0,0,0,0,0,0,0,0,-17000,0,0,0,347000,364000,-17000,-17000
04931P,臻鼎元富94售09  ,0,0,0,0,0,0,0,0,0,-17000,0,0,0,2000,19000,-17000,-17000
047188,聯詠元大93購04  ,0,0,0,0,0,0,0,0,0,-17000,0,0,0,0,17000,-17000,-17000
047173,群創永豐93購01  ,0,0,0,0,0,0,0,0,0,-17000,0,0,0,84000,101000,-17000,-17000
047239,瀚宇博凱基94購01,0,0,0,0,0,0,0,0,0,-17000,0,0,0,2000,19000,-17000,-17000
048697,華新科國票94購06,0,0,0,0,0,0,0,0,0,-17000,0,0,0,0,17000,-17000,-17000
048557,瑞昱元大94購01  ,0,0,0,0,0,0,0,0,0,-17000,0,0,0,111000,128000,-17000,-17000
049246,大成鋼元大94購02,0,0,0,0,0,0,0,0,0,-17000,0,0,0,556000,573000,-17000,-17000
047909,超眾元大93購03  ,0,0,0,0,0,0,0,0,0,-17000,0,0,0,0,17000,-17000,-17000
04980P,臺股指凱基96售08,0,0,0,0,0,0,0,0,0,-17000,0,0,0,0,17000,-17000,-17000
050320,台表科國票94購01,0,0,0,0,0,0,0,0,0,-17000,0,0,0,0,17000,-17000,-17000
051213,華新科統一95購01,0,0,0,0,0,0,0,0,0,-17000,0,0,0,0,17000,-17000,-17000
051234,南電群益95購02  ,0,0,0,0,0,0,0,0,0,-17000,0,0,0,101000,118000,-17000,-17000
051031,康友元富95購02  ,0,0,0,0,0,0,0,0,0,-17000,0,0,0,143000,160000,-17000,-17000
05251P,喬山台新95售02  ,0,0,0,0,0,0,0,0,0,-17000,0,0,0,10000,27000,-17000,-17000
052477,美律群益98購01  ,0,0,0,0,0,0,0,0,0,-17000,0,0,0,97000,114000,-17000,-17000
05171P,臺股指元大95售15,0,0,0,0,0,0,0,0,0,-17000,0,0,0,0,17000,-17000,-17000
052026,漢唐群益95購01  ,0,0,0,0,0,0,0,0,0,-17000,0,0,0,7000,24000,-17000,-17000
05192P,玉晶光台新96售02,0,0,0,0,0,0,0,0,0,-17000,0,0,0,1000,18000,-17000,-17000
6541,泰福-KY         ,48000,65000,-17000,0,0,0,0,0,0,0,0,0,0,0,0,0,-17000
1460,宏遠            ,8000,25000,-17000,0,0,0,0,0,0,0,0,0,0,0,0,0,-17000
2459,敦吉            ,15000,5000,10000,0,0,0,0,0,0,-27000,0,27000,-27000,0,0,0,-17000
2882A,國泰特          ,0,0,0,0,0,0,0,0,0,-17000,3000,20000,-17000,0,0,0,-17000
05840P,臺股指富邦96售07,0,0,0,0,0,0,0,0,0,-17000,0,0,0,3000,20000,-17000,-17000
055443,台虹國票98購01  ,0,0,0,0,0,0,0,0,0,-17000,0,0,0,0,17000,-17000,-17000
055252,新光金統一98購02,0,0,0,0,0,0,0,0,0,-17000,0,0,0,0,17000,-17000,-17000
05522P,友達元富96售02  ,0,0,0,0,0,0,0,0,0,-17000,0,0,0,0,17000,-17000,-17000
053973,晶豪科元大96購01,0,0,0,0,0,0,0,0,0,-18000,0,0,0,0,18000,-18000,-18000
055039,神達富邦99購01  ,0,0,0,0,0,0,0,0,0,-18000,0,0,0,504000,522000,-18000,-18000
055021,亞德客國泰98購01,0,0,0,0,0,0,0,0,0,-18000,0,0,0,579000,597000,-18000,-18000
053058,台光電永昌99購01,0,0,0,0,0,0,0,0,0,-18000,0,0,0,0,18000,-18000,-18000
053083,中環元大99購01  ,0,0,0,0,0,0,0,0,0,-18000,0,0,0,2000,20000,-18000,-18000
053352,義隆兆豐96購01  ,0,0,0,0,0,0,0,0,0,-18000,0,0,0,0,18000,-18000,-18000
053496,義隆兆豐96購02  ,0,0,0,0,0,0,0,0,0,-18000,0,0,0,0,18000,-18000,-18000
053503,臻鼎兆豐97購01  ,0,0,0,0,0,0,0,0,0,-18000,0,0,0,27000,45000,-18000,-18000
044087,世紀鋼國票92購01,0,0,0,0,0,0,0,0,0,-18000,0,0,0,0,18000,-18000,-18000
03182P,聯電元大01售08  ,0,0,0,0,0,0,0,0,0,-18000,0,0,0,0,18000,-18000,-18000
043728,美律國泰93購01  ,0,0,0,0,0,0,0,0,0,-18000,0,0,0,30000,48000,-18000,-18000
045904,勤誠元大92購01  ,0,0,0,0,0,0,0,0,0,-18000,0,0,0,0,18000,-18000,-18000
045322,京元電統一92購02,0,0,0,0,0,0,0,0,0,-18000,0,0,0,0,18000,-18000,-18000
046060,台塑凱基92購01  ,0,0,0,0,0,0,0,0,0,-18000,0,0,0,0,18000,-18000,-18000
044943,旺宏群益93購03  ,0,0,0,0,0,0,0,0,0,-18000,0,0,0,0,18000,-18000,-18000
049073,光罩凱基94購01  ,0,0,0,0,0,0,0,0,0,-18000,0,0,0,32000,50000,-18000,-18000
045633,南亞科凱基92購02,0,0,0,0,0,0,0,0,0,-18000,0,0,0,20000,38000,-18000,-18000
049974,聯發科日盛94購02,0,0,0,0,0,0,0,0,0,-18000,0,0,0,0,18000,-18000,-18000
046854,可成元大93購04  ,0,0,0,0,0,0,0,0,0,-18000,0,0,0,4000,22000,-18000,-18000
047004,台積電統一99購01,0,0,0,0,0,0,0,0,0,-18000,0,0,0,661000,679000,-18000,-18000
047052,大毅國票93購01  ,0,0,0,0,0,0,0,0,0,-18000,0,0,0,4000,22000,-18000,-18000
048114,景碩群益93購02  ,0,0,0,0,0,0,0,0,0,-18000,0,0,0,21000,39000,-18000,-18000
048442,友訊凱基94購01  ,0,0,0,0,0,0,0,0,0,-18000,0,0,0,30000,48000,-18000,-18000
049167,元油2X凱基97購03,0,0,0,0,0,0,0,0,0,-18000,0,0,0,0,18000,-18000,-18000
049176,漢唐凱基94購02  ,0,0,0,0,0,0,0,0,0,-18000,0,0,0,0,18000,-18000,-18000
052013,台積電永豐95購04,0,0,0,0,0,0,0,0,0,-18000,0,0,0,155000,173000,-18000,-18000
051611,鈺齊群益95購02  ,0,0,0,0,0,0,0,0,0,-18000,0,0,0,45000,63000,-18000,-18000
051484,玉晶光凱基97購01,0,0,0,0,0,0,0,0,0,-18000,0,0,0,13000,31000,-18000,-18000
052570,華新科凱基96購06,0,0,0,0,0,0,0,0,0,-18000,0,0,0,24000,42000,-18000,-18000
052364,全新國票95購02  ,0,0,0,0,0,0,0,0,0,-18000,0,0,0,3000,21000,-18000,-18000
05079P,可成永豐95售01  ,0,0,0,0,0,0,0,0,0,-18000,0,0,0,0,18000,-18000,-18000
050677,光寶科統一94購01,0,0,0,0,0,0,0,0,0,-18000,0,0,0,0,18000,-18000,-18000
050670,牧德永豐94購03  ,0,0,0,0,0,0,0,0,0,-18000,0,0,0,72000,90000,-18000,-18000
055401,亞光元富9A購01  ,0,0,0,0,0,0,0,0,0,-18000,0,0,0,0,18000,-18000,-18000
055455,健策國泰98購02  ,0,0,0,0,0,0,0,0,0,-18000,0,0,0,0,18000,-18000,-18000
05972P,瑞昱元大96售01  ,0,0,0,0,0,0,0,0,0,-18000,0,0,0,8000,26000,-18000,-18000
1231,聯華食          ,46000,64000,-18000,0,0,0,0,0,0,0,0,0,0,0,0,0,-18000
06134P,緯穎元富97售03  ,0,0,0,0,0,0,0,0,0,-18000,0,0,0,139000,157000,-18000,-18000
1590,亞德客-KY       ,535227,544000,-8773,0,0,0,69000,4000,65000,-75000,3000,0,3000,30000,108000,-78000,-18773
053420,華邦電永豐96購01,0,0,0,0,0,0,0,0,0,-19000,0,0,0,1000,20000,-19000,-19000
052854,聯詠日盛96購01  ,0,0,0,0,0,0,0,0,0,-19000,0,0,0,24000,43000,-19000,-19000
052818,智邦永豐96購01  ,0,0,0,0,0,0,0,0,0,-19000,0,0,0,0,19000,-19000,-19000
052751,臺股指元大96購05,0,0,0,0,0,0,0,0,0,-19000,0,0,0,0,19000,-19000,-19000
052749,日月光元大96購02,0,0,0,0,0,0,0,0,0,-19000,0,0,0,51000,70000,-19000,-19000
05516P,台積電元大96售12,0,0,0,0,0,0,0,0,0,-19000,0,0,0,84000,103000,-19000,-19000
054224,亞光統一98購01  ,0,0,0,0,0,0,0,0,0,-19000,0,0,0,2000,21000,-19000,-19000
054217,台表科國票97購05,0,0,0,0,0,0,0,0,0,-19000,0,0,0,25000,44000,-19000,-19000
054530,台光電國泰97購03,0,0,0,0,0,0,0,0,0,-19000,0,0,0,2000,21000,-19000,-19000
045531,台郡永豐92購01  ,0,0,0,0,0,0,0,0,0,-19000,0,0,0,40000,59000,-19000,-19000
049056,玉晶光永豐95購03,0,0,0,0,0,0,0,0,0,-19000,0,0,0,94000,113000,-19000,-19000
049028,麗豐群益94購01  ,0,0,0,0,0,0,0,0,0,-19000,0,0,0,17000,36000,-19000,-19000
048860,玉晶光群益96購03,0,0,0,0,0,0,0,0,0,-19000,0,0,0,1000,20000,-19000,-19000
044875,玉晶光統一93購01,0,0,0,0,0,0,0,0,0,-19000,0,0,0,12000,31000,-19000,-19000
045260,可成凱基92購04  ,0,0,0,0,0,0,0,0,0,-19000,0,0,0,11000,30000,-19000,-19000
043854,華新科富邦93購01,0,0,0,0,0,0,0,0,0,-19000,0,0,0,20000,39000,-19000,-19000
044013,友達凱基93購01  ,0,0,0,0,0,0,0,0,0,-19000,0,0,0,12000,31000,-19000,-19000
045715,華邦電凱基92購04,0,0,0,0,0,0,0,0,0,-19000,0,0,0,1000,20000,-19000,-19000
046268,嘉晶凱基93購02  ,0,0,0,0,0,0,0,0,0,-19000,0,0,0,0,19000,-19000,-19000
043272,羅麗芬國泰94購01,0,0,0,0,0,0,0,0,0,-19000,0,0,0,1000,20000,-19000,-19000
049414,台積電凱基94購18,0,0,0,0,0,0,0,0,0,-19000,0,0,0,1000,20000,-19000,-19000
049436,義隆國泰96購02  ,0,0,0,0,0,0,0,0,0,-19000,0,0,0,36000,55000,-19000,-19000
04948P,瑞儀元大94售03  ,0,0,0,0,0,0,0,0,0,-19000,0,0,0,1000,20000,-19000,-19000
046831,大立光群益94購01,0,0,0,0,0,0,0,0,0,-19000,0,0,0,10000,29000,-19000,-19000
047897,可成群益94購01  ,0,0,0,0,0,0,0,0,0,-19000,0,0,0,275000,294000,-19000,-19000
047938,台化國票93購01  ,0,0,0,0,0,0,0,0,0,-19000,0,0,0,25000,44000,-19000,-19000
047843,超眾元大93購02  ,0,0,0,0,0,0,0,0,0,-19000,0,0,0,0,19000,-19000,-19000
049256,瑞昱元大94購04  ,0,0,0,0,0,0,0,0,0,-19000,0,0,0,89000,108000,-19000,-19000
050002,智原永豐94購02  ,0,0,0,0,0,0,0,0,0,-19000,0,0,0,138000,157000,-19000,-19000
050836,緯穎凱基95購01  ,0,0,0,0,0,0,0,0,0,-19000,0,0,0,16000,35000,-19000,-19000
050684,台郡元富94購02  ,0,0,0,0,0,0,0,0,0,-19000,0,0,0,0,19000,-19000,-19000
051088,台積電元大95購09,0,0,0,0,0,0,0,0,0,-19000,0,0,0,132000,151000,-19000,-19000
052204,台泥中信96購01  ,0,0,0,0,0,0,0,0,0,-19000,0,0,0,0,19000,-19000,-19000
051404,牧德永豐96購01  ,0,0,0,0,0,0,0,0,0,-19000,0,0,0,72000,91000,-19000,-19000
051522,玉晶光凱基95購05,0,0,0,0,0,0,0,0,0,-19000,0,0,0,20000,39000,-19000,-19000
051718,上証2X永豐95購01,0,0,0,0,0,0,0,0,0,-19000,0,0,0,18000,37000,-19000,-19000
1730,花仙子          ,14000,33000,-19000,0,0,0,0,0,0,0,0,0,0,0,0,0,-19000
1439,中和            ,16000,35000,-19000,0,0,0,0,0,0,0,0,0,0,0,0,0,-19000
05785P,臺股指元大96售19,0,0,0,0,0,0,0,0,0,-19000,0,0,0,14000,33000,-19000,-19000
9188,精熙-DR         ,0,19000,-19000,0,0,0,0,0,0,0,0,0,0,0,0,0,-19000
054531,聯發科國泰97購02,0,0,0,0,0,0,0,0,0,-20000,0,0,0,4000,24000,-20000,-20000
054539,欣興國票98購01  ,0,0,0,0,0,0,0,0,0,-20000,0,0,0,60000,80000,-20000,-20000
054562,亞光群益98購01  ,0,0,0,0,0,0,0,0,0,-20000,0,0,0,30000,50000,-20000,-20000
054486,漢唐台新96購01  ,0,0,0,0,0,0,0,0,0,-20000,0,0,0,0,20000,-20000,-20000
054429,中石化台新97購01,0,0,0,0,0,0,0,0,0,-20000,0,0,0,0,20000,-20000,-20000
054259,健策元大97購03  ,0,0,0,0,0,0,0,0,0,-20000,0,0,0,197000,217000,-20000,-20000
054028,臻鼎凱基96購03  ,0,0,0,0,0,0,0,0,0,-20000,0,0,0,29000,49000,-20000,-20000
05403P,台積電富邦95售08,0,0,0,0,0,0,0,0,0,-20000,0,0,0,0,20000,-20000,-20000
054124,達方永豐96購02  ,0,0,0,0,0,0,0,0,0,-20000,0,0,0,0,20000,-20000,-20000
055152,旺宏元大98購04  ,0,0,0,0,0,0,0,0,0,-20000,0,0,0,156000,176000,-20000,-20000
055148,鴻海元大98購02  ,0,0,0,0,0,0,0,0,0,-20000,0,0,0,0,20000,-20000,-20000
055098,臺股指群益97購01,0,0,0,0,0,0,0,0,0,-20000,0,0,0,0,20000,-20000,-20000
055024,興勤國泰98購01  ,0,0,0,0,0,0,0,0,0,-20000,0,0,0,85000,105000,-20000,-20000
054844,華邦電兆豐98購01,0,0,0,0,0,0,0,0,0,-20000,0,0,0,0,20000,-20000,-20000
054757,南亞國票98購01  ,0,0,0,0,0,0,0,0,0,-20000,0,0,0,0,20000,-20000,-20000
054765,亞光國票98購02  ,0,0,0,0,0,0,0,0,0,-20000,0,0,0,15000,35000,-20000,-20000
05461P,台積電亞東97售01,0,0,0,0,0,0,0,0,0,-20000,0,0,0,0,20000,-20000,-20000
052753,電子類元大96購02,0,0,0,0,0,0,0,0,0,-20000,0,0,0,10000,30000,-20000,-20000
052794,群創兆豐97購01  ,0,0,0,0,0,0,0,0,0,-20000,0,0,0,339000,359000,-20000,-20000
052939,富邦金兆豐96購01,0,0,0,0,0,0,0,0,0,-20000,0,0,0,90000,110000,-20000,-20000
053172,瑞儀群益97購01  ,0,0,0,0,0,0,0,0,0,-20000,0,0,0,0,20000,-20000,-20000
053342,全新國票99購01  ,0,0,0,0,0,0,0,0,0,-20000,0,0,0,0,20000,-20000,-20000
053188,旺宏統一97購03  ,0,0,0,0,0,0,0,0,0,-20000,0,0,0,0,20000,-20000,-20000
053402,A50正2群益9A購02,0,0,0,0,0,0,0,0,0,-20000,0,0,0,0,20000,-20000,-20000
053384,聯發科元大96購13,0,0,0,0,0,0,0,0,0,-20000,0,0,0,3000,23000,-20000,-20000
053485,矽創國票97購04  ,0,0,0,0,0,0,0,0,0,-20000,0,0,0,0,20000,-20000,-20000
05346P,臺股指統一95售06,0,0,0,0,0,0,0,0,0,-20000,0,0,0,0,20000,-20000,-20000
05345P,臺股指統一95售05,0,0,0,0,0,0,0,0,0,-20000,0,0,0,0,20000,-20000,-20000
053435,新光金日盛96購01,0,0,0,0,0,0,0,0,0,-20000,0,0,0,0,20000,-20000,-20000
053510,聯電群益97購01  ,0,0,0,0,0,0,0,0,0,-20000,0,0,0,0,20000,-20000,-20000
053593,晶技元大98購01  ,0,0,0,0,0,0,0,0,0,-20000,0,0,0,0,20000,-20000,-20000
053640,上緯控永豐96購01,0,0,0,0,0,0,0,0,0,-20000,0,0,0,20000,40000,-20000,-20000
053783,聯發科元大96購17,0,0,0,0,0,0,0,0,0,-20000,0,0,0,3000,23000,-20000,-20000
053734,友達中信98購02  ,0,0,0,0,0,0,0,0,0,-20000,0,0,0,126000,146000,-20000,-20000
053678,南亞科富邦97購01,0,0,0,0,0,0,0,0,0,-20000,0,0,0,20000,40000,-20000,-20000
043027,康友元大92購02  ,0,0,0,0,0,0,0,0,0,-20000,0,0,0,0,20000,-20000,-20000
041427,滬深2X國票93購01,0,0,0,0,0,0,0,0,0,-20000,0,0,0,0,20000,-20000,-20000
042312,嘉晶凱基91購01  ,0,0,0,0,0,0,0,0,0,-20000,0,0,0,0,20000,-20000,-20000
046282,全新永豐92購01  ,0,0,0,0,0,0,0,0,0,-20000,0,0,0,51000,71000,-20000,-20000
046273,和碩凱基92購02  ,0,0,0,0,0,0,0,0,0,-20000,0,0,0,25000,45000,-20000,-20000
046301,亞泥元大92購02  ,0,0,0,0,0,0,0,0,0,-20000,0,0,0,0,20000,-20000,-20000
046043,日月光元大92購02,0,0,0,0,0,0,0,0,0,-20000,0,0,0,0,20000,-20000,-20000
045679,欣興元大94購01  ,0,0,0,0,0,0,0,0,0,-20000,0,0,0,152000,172000,-20000,-20000
042417,宏達電元大91購02,0,0,0,0,0,0,0,0,0,-20000,0,0,0,0,20000,-20000,-20000
044182,鴻海元富92購01  ,0,0,0,0,0,0,0,0,0,-20000,0,0,0,30000,50000,-20000,-20000
044145,玉山金群益91購01,0,0,0,0,0,0,0,0,0,-20000,0,0,0,0,20000,-20000,-20000
044755,可成凱基91購10  ,0,0,0,0,0,0,0,0,0,-20000,0,0,0,0,20000,-20000,-20000
042445,上証2X凱基92購04,0,0,0,0,0,0,0,0,0,-20000,0,0,0,0,20000,-20000,-20000
043879,貿聯元大92購01  ,0,0,0,0,0,0,0,0,0,-20000,0,0,0,0,20000,-20000,-20000
04388P,滬深2X凱基95售05,0,0,0,0,0,0,0,0,0,-20000,0,0,0,0,20000,-20000,-20000
043892,矽創元大92購01  ,0,0,0,0,0,0,0,0,0,-20000,0,0,0,10000,30000,-20000,-20000
04118P,上銀凱基93售06  ,0,0,0,0,0,0,0,0,0,-20000,0,0,0,0,20000,-20000,-20000
03369P,景碩中信02售01  ,0,0,0,0,0,0,0,0,0,-20000,0,0,0,80000,100000,-20000,-20000
03349P,台灣50麥證02售04,0,0,0,0,0,0,0,0,0,-20000,0,0,0,0,20000,-20000,-20000
03566P,臺股指日盛03售01,0,0,0,0,0,0,0,0,0,-20000,0,0,0,0,20000,-20000,-20000
03126P,旭富凱基01售04  ,0,0,0,0,0,0,0,0,0,-20000,0,0,0,0,20000,-20000,-20000
03832P,臺股指中信95售03,0,0,0,0,0,0,0,0,0,-20000,0,0,0,0,20000,-20000,-20000
045908,矽創中信92購01  ,0,0,0,0,0,0,0,0,0,-20000,0,0,0,10000,30000,-20000,-20000
045910,華通國票92購01  ,0,0,0,0,0,0,0,0,0,-20000,0,0,0,0,20000,-20000,-20000
046114,燿華元大92購04  ,0,0,0,0,0,0,0,0,0,-20000,0,0,0,0,20000,-20000,-20000
04490P,聯發科台新94售02,0,0,0,0,0,0,0,0,0,-20000,0,0,0,0,20000,-20000,-20000
044904,聯詠凱基91購04  ,0,0,0,0,0,0,0,0,0,-20000,0,0,0,20000,40000,-20000,-20000
045757,台表科國泰93購03,0,0,0,0,0,0,0,0,0,-20000,0,0,0,0,20000,-20000,-20000
045776,可成元大92購07  ,0,0,0,0,0,0,0,0,0,-20000,0,0,0,2000,22000,-20000,-20000
044965,大立光中信95購01,0,0,0,0,0,0,0,0,0,-20000,0,0,0,20000,40000,-20000,-20000
044327,大立光元富91購04,0,0,0,0,0,0,0,0,0,-20000,0,0,0,0,20000,-20000,-20000
044364,超眾中信94購01  ,0,0,0,0,0,0,0,0,0,-20000,0,0,0,10000,30000,-20000,-20000
044406,臻鼎凱基92購01  ,0,0,0,0,0,0,0,0,0,-20000,0,0,0,0,20000,-20000,-20000
048926,燿華永豐95購01  ,0,0,0,0,0,0,0,0,0,-20000,0,0,0,0,20000,-20000,-20000
049001,川湖中信94購01  ,0,0,0,0,0,0,0,0,0,-20000,0,0,0,0,20000,-20000,-20000
048952,川湖康和94購01  ,0,0,0,0,0,0,0,0,0,-20000,0,0,0,10000,30000,-20000,-20000
046034,可成元大92購09  ,0,0,0,0,0,0,0,0,0,-20000,0,0,0,2000,22000,-20000,-20000
046016,緯穎元富92購04  ,0,0,0,0,0,0,0,0,0,-20000,0,0,0,20000,40000,-20000,-20000
045986,南亞科永昌93購01,0,0,0,0,0,0,0,0,0,-20000,0,0,0,40000,60000,-20000,-20000
045932,亞泥群益92購01  ,0,0,0,0,0,0,0,0,0,-20000,0,0,0,20000,40000,-20000,-20000
047655,聯發科兆豐93購02,0,0,0,0,0,0,0,0,0,-20000,0,0,0,0,20000,-20000,-20000
048254,深中小統一93購01,0,0,0,0,0,0,0,0,0,-20000,0,0,0,0,20000,-20000,-20000
047955,南亞科永豐93購01,0,0,0,0,0,0,0,0,0,-20000,0,0,0,0,20000,-20000,-20000
047879,台積電中信93購04,0,0,0,0,0,0,0,0,0,-20000,0,0,0,0,20000,-20000,-20000
04790P,台積電元大94售19,0,0,0,0,0,0,0,0,0,-20000,0,0,0,0,20000,-20000,-20000
047926,可成凱基94購02  ,0,0,0,0,0,0,0,0,0,-20000,0,0,0,32000,52000,-20000,-20000
048516,麗豐凱基93購02  ,0,0,0,0,0,0,0,0,0,-20000,0,0,0,22000,42000,-20000,-20000
048593,華新科群益93購04,0,0,0,0,0,0,0,0,0,-20000,0,0,0,0,20000,-20000,-20000
046746,儒鴻凱基93購03  ,0,0,0,0,0,0,0,0,0,-20000,0,0,0,0,20000,-20000,-20000
046829,義隆群益93購01  ,0,0,0,0,0,0,0,0,0,-20000,0,0,0,0,20000,-20000,-20000
046825,瀚宇博凱基93購02,0,0,0,0,0,0,0,0,0,-20000,0,0,0,0,20000,-20000,-20000
047594,滬深2X元富93購02,0,0,0,0,0,0,0,0,0,-20000,0,0,0,0,20000,-20000,-20000
049727,台積電中信94購02,0,0,0,0,0,0,0,0,0,-20000,0,0,0,0,20000,-20000,-20000
048366,深中小統一93購02,0,0,0,0,0,0,0,0,0,-20000,0,0,0,0,20000,-20000,-20000
049622,聯詠群益94購02  ,0,0,0,0,0,0,0,0,0,-20000,0,0,0,30000,50000,-20000,-20000
04969P,道瓊銀統一94售02,0,0,0,0,0,0,0,0,0,-20000,0,0,0,0,20000,-20000,-20000
049707,華通麥證94購02  ,0,0,0,0,20000,-20000,0,0,0,-20000,0,0,0,0,20000,-20000,-20000
049799,旺宏元大96購01  ,0,0,0,0,0,0,0,0,0,-20000,0,0,0,0,20000,-20000,-20000
04979P,臺股指凱基96售07,0,0,0,0,0,0,0,0,0,-20000,0,0,0,200000,220000,-20000,-20000
049948,聯發科麥證94購01,0,0,0,10000,30000,-20000,0,0,0,-20000,0,0,0,10000,30000,-20000,-20000
049887,嘉聯益永昌95購01,0,0,0,0,0,0,0,0,0,-20000,0,0,0,10000,30000,-20000,-20000
049507,和大凱基94購01  ,0,0,0,0,0,0,0,0,0,-20000,0,0,0,32000,52000,-20000,-20000
046445,台化麥證92購01  ,0,0,0,20000,40000,-20000,0,0,0,-20000,0,0,0,20000,40000,-20000,-20000
047033,日月光中信95購01,0,0,0,0,0,0,0,0,0,-20000,0,0,0,0,20000,-20000,-20000
046690,元油2X凱基93購03,0,0,0,0,0,0,0,0,0,-20000,0,0,0,1000,21000,-20000,-20000
046940,瑞昱元大93購07  ,0,0,0,0,0,0,0,0,0,-20000,0,0,0,20000,40000,-20000,-20000
047221,日月光麥證93購01,0,0,0,0,20000,-20000,0,0,0,-20000,0,0,0,0,20000,-20000,-20000
048158,大立光兆豐95購01,0,0,0,0,0,0,0,0,0,-20000,0,0,0,0,20000,-20000,-20000
047441,聯發科元大93購15,0,0,0,0,0,0,0,0,0,-20000,0,0,0,0,20000,-20000,-20000
048166,滬深2X永豐96購02,0,0,0,0,0,0,0,0,0,-20000,0,0,0,0,20000,-20000,-20000
049455,上海銀統一94購02,0,0,0,0,0,0,0,0,0,-20000,0,0,0,0,20000,-20000,-20000
049367,全新元大96購01  ,0,0,0,0,0,0,0,0,0,-20000,0,0,0,100000,120000,-20000,-20000
04934P,鴻海中信94售05  ,0,0,0,0,0,0,0,0,0,-20000,0,0,0,0,20000,-20000,-20000
049312,亞光凱基94購02  ,0,0,0,0,0,0,0,0,0,-20000,0,0,0,37000,57000,-20000,-20000
049298,矽格群益95購01  ,0,0,0,0,0,0,0,0,0,-20000,0,0,0,9000,29000,-20000,-20000
049143,智邦元大94購02  ,0,0,0,0,0,0,0,0,0,-20000,0,0,0,0,20000,-20000,-20000
046627,高鐵統一95購01  ,0,0,0,0,0,0,0,0,0,-20000,0,0,0,66000,86000,-20000,-20000
046473,晶技永豐92購01  ,0,0,0,0,0,0,0,0,0,-20000,0,0,0,80000,100000,-20000,-20000
048728,台達電麥證94購01,0,0,0,0,20000,-20000,0,0,0,-20000,0,0,0,0,20000,-20000,-20000
04729P,臺股指中信96售01,0,0,0,0,0,0,0,0,0,-20000,0,0,0,0,20000,-20000,-20000
047301,啟碁國泰94購01  ,0,0,0,0,0,0,0,0,0,-20000,0,0,0,0,20000,-20000,-20000
046513,景碩元大92購02  ,0,0,0,0,0,0,0,0,0,-20000,0,0,0,0,20000,-20000,-20000
048415,深中小統一93購03,0,0,0,0,0,0,0,0,0,-20000,0,0,0,0,20000,-20000,-20000
048070,聯發科元富99購03,0,0,0,0,0,0,0,0,0,-20000,0,0,0,0,20000,-20000,-20000
051691,台表科凱基95購01,0,0,0,0,0,0,0,0,0,-20000,0,0,0,27000,47000,-20000,-20000
051738,全新國票96購02  ,0,0,0,0,0,0,0,0,0,-20000,0,0,0,0,20000,-20000,-20000
05173P,臺股指元大95售17,0,0,0,0,0,0,0,0,0,-20000,0,0,0,0,20000,-20000,-20000
051808,美律凱基96購02  ,0,0,0,0,0,0,0,0,0,-20000,0,0,0,0,20000,-20000,-20000
051948,滬深2X元富9B購01,0,0,0,0,0,0,0,0,0,-20000,0,0,0,5000,25000,-20000,-20000
051387,新光金麥證96購01,0,0,0,10000,30000,-20000,0,0,0,-20000,0,0,0,10000,30000,-20000,-20000
051492,臻鼎凱基95購01  ,0,0,0,0,0,0,0,0,0,-20000,0,0,0,20000,40000,-20000,-20000
051512,超眾麥證95購01  ,0,0,0,40000,75000,-35000,0,0,0,-20000,0,0,0,55000,75000,-20000,-20000
051520,新光金凱基97購01,0,0,0,0,0,0,0,0,0,-20000,0,0,0,0,20000,-20000,-20000
051514,智邦凱基95購05  ,0,0,0,0,0,0,0,0,0,-20000,0,0,0,0,20000,-20000,-20000
051469,友達日盛9B購01  ,0,0,0,0,0,0,0,0,0,-20000,0,0,0,0,20000,-20000,-20000
052265,聯發科亞東95購01,0,0,0,0,0,0,0,0,0,-20000,0,0,0,0,20000,-20000,-20000
052276,力成群益96購01  ,0,0,0,0,0,0,0,0,0,-20000,0,0,0,39000,59000,-20000,-20000
052247,深中小永豐95購01,0,0,0,0,0,0,0,0,0,-20000,0,0,0,0,20000,-20000,-20000
052363,廣達國票96購01  ,0,0,0,0,0,0,0,0,0,-20000,0,0,0,0,20000,-20000,-20000
052324,康友元大96購02  ,0,0,0,0,0,0,0,0,0,-20000,0,0,0,163000,183000,-20000,-20000
052161,義隆永豐95購03  ,0,0,0,0,0,0,0,0,0,-20000,0,0,0,0,20000,-20000,-20000
052096,力成元大95購01  ,0,0,0,0,0,0,0,0,0,-20000,0,0,0,2000,22000,-20000,-20000
052555,漢唐國票97購01  ,0,0,0,0,0,0,0,0,0,-20000,0,0,0,0,20000,-20000,-20000
052546,友達中信98購01  ,0,0,0,0,0,0,0,0,0,-20000,0,0,0,10000,30000,-20000,-20000
052395,上証2X凱基97購01,0,0,0,0,0,0,0,0,0,-20000,0,0,0,0,20000,-20000,-20000
051151,中磊凱基95購02  ,0,0,0,0,0,0,0,0,0,-20000,0,0,0,0,20000,-20000,-20000
051177,可成凱基95購05  ,0,0,0,0,0,0,0,0,0,-20000,0,0,0,10000,30000,-20000,-20000
051254,健策元大96購04  ,0,0,0,0,0,0,0,0,0,-20000,0,0,0,10000,30000,-20000,-20000
050692,鴻海凱基96購04  ,0,0,0,0,0,0,0,0,0,-20000,0,0,0,4000,24000,-20000,-20000
050710,元黃金中信96購01,0,0,0,0,0,0,0,0,0,-20000,0,0,0,0,20000,-20000,-20000
050730,復盛國票94購01  ,0,0,0,0,0,0,0,0,0,-20000,0,0,0,92000,112000,-20000,-20000
051020,健策凱基96購02  ,0,0,0,0,0,0,0,0,0,-20000,0,0,0,100000,120000,-20000,-20000
050962,聯發科永豐95購02,0,0,0,0,0,0,0,0,0,-20000,0,0,0,0,20000,-20000,-20000
049996,元油2X永豐94購05,0,0,0,0,0,0,0,0,0,-20000,0,0,0,0,20000,-20000,-20000
05018P,臺股指元大95售09,0,0,0,0,0,0,0,0,0,-20000,0,0,0,0,20000,-20000,-20000
050228,中磊中信96購01  ,0,0,0,0,0,0,0,0,0,-20000,0,0,0,0,20000,-20000,-20000
050628,美律中信94購02  ,0,0,0,0,0,0,0,0,0,-20000,0,0,0,0,20000,-20000,-20000
050575,南亞科國票94購01,0,0,0,0,0,0,0,0,0,-20000,0,0,0,0,20000,-20000,-20000
050547,華新科凱基95購01,0,0,0,0,0,0,0,0,0,-20000,0,0,0,0,20000,-20000,-20000
8341,日友            ,14000,36000,-22000,0,0,0,0,0,0,2000,2000,0,2000,0,0,0,-20000
05996P,華新科群益96售03,0,0,0,0,0,0,0,0,0,-20000,0,0,0,81000,101000,-20000,-20000
05902P,華通國票96售02  ,0,0,0,0,0,0,0,0,0,-20000,0,0,0,0,20000,-20000,-20000
055423,亞光亞東99購01  ,0,0,0,0,0,0,0,0,0,-20000,0,0,0,0,20000,-20000,-20000
05573P,仁寶元富96售02  ,0,0,0,0,0,0,0,0,0,-20000,0,0,0,0,20000,-20000,-20000
05580P,美律凱基96售03  ,0,0,0,0,0,0,0,0,0,-20000,0,0,0,100000,120000,-20000,-20000
055220,緯穎凱基98購02  ,0,0,0,0,0,0,0,0,0,-20000,0,0,0,83000,103000,-20000,-20000
055259,玉晶光統一9A購01,0,0,0,0,0,0,0,0,0,-20000,0,0,0,1000,21000,-20000,-20000
055274,華泰元大97購02  ,0,0,0,0,0,0,0,0,0,-20000,0,0,0,80000,100000,-20000,-20000
055360,台表科凱基97購02,0,0,0,0,0,0,0,0,0,-20000,0,0,0,40000,60000,-20000,-20000
055358,臻鼎凱基97購01  ,0,0,0,0,0,0,0,0,0,-20000,0,0,0,0,20000,-20000,-20000
1316,上曜            ,30000,50000,-20000,0,0,0,0,0,0,0,0,0,0,0,0,0,-20000
1560,中砂            ,33000,53000,-20000,0,0,0,0,0,0,0,0,0,0,0,0,0,-20000
06127P,泰碩元富97售01  ,0,1000,-1000,0,0,0,0,0,0,-19000,0,0,0,88000,107000,-19000,-20000
06068P,玉晶光康和97售01,0,0,0,0,0,0,0,0,0,-20000,0,0,0,1000,21000,-20000,-20000
053728,茂林凱基97購01  ,0,0,0,0,0,0,0,0,0,-21000,0,0,0,123000,144000,-21000,-21000
05329P,臺股指凱基95售13,0,0,0,0,0,0,0,0,0,-21000,0,0,0,0,21000,-21000,-21000
05287P,鴻海元富95售09  ,0,0,0,0,0,0,0,0,0,-21000,0,0,0,20000,41000,-21000,-21000
052825,TPK永豐96購01   ,0,0,0,0,0,0,0,0,0,-21000,0,0,0,0,21000,-21000,-21000
052851,滬深2X元富96購02,0,0,0,0,0,0,0,0,0,-21000,0,0,0,0,21000,-21000,-21000
052839,上海銀國泰97購01,0,0,0,0,0,0,0,0,0,-21000,0,0,0,27000,48000,-21000,-21000
052752,臺股指元大96購06,0,0,0,0,0,0,0,0,0,-21000,0,0,0,0,21000,-21000,-21000
05458P,台積電凱基97售02,0,0,0,0,0,0,0,0,0,-21000,0,0,0,0,21000,-21000,-21000
054790,禾伸堂群益98購01,0,0,0,0,0,0,0,0,0,-21000,0,0,0,0,21000,-21000,-21000
054007,貿聯統一96購01  ,0,0,0,0,0,0,0,0,0,-21000,0,0,0,84000,105000,-21000,-21000
054471,T50反1中信9C購01,0,0,0,0,0,0,0,0,0,-21000,0,0,0,0,21000,-21000,-21000
054570,易華電群益98購01,0,0,0,0,0,0,0,0,0,-21000,0,0,0,0,21000,-21000,-21000
046186,南亞科凱基92購03,0,0,0,0,0,0,0,0,0,-21000,0,0,0,0,21000,-21000,-21000
048911,玉晶光富邦96購01,0,0,0,0,0,0,0,0,0,-21000,0,0,0,0,21000,-21000,-21000
044716,上銀麥證93購01  ,0,0,0,29000,50000,-21000,0,0,0,-21000,0,0,0,29000,50000,-21000,-21000
048428,滬深2X國票93購05,0,0,0,0,0,0,0,0,0,-21000,0,0,0,0,21000,-21000,-21000
046466,台虹凱基92購01  ,0,0,0,0,0,0,0,0,0,-21000,0,0,0,28000,49000,-21000,-21000
047396,力成元大93購01  ,0,0,0,0,0,0,0,0,0,-21000,0,0,0,0,21000,-21000,-21000
049449,宏碁統一94購01  ,0,0,0,0,0,0,0,0,0,-21000,0,0,0,0,21000,-21000,-21000
049814,超眾元大95購04  ,0,0,0,0,0,0,0,0,0,-21000,0,0,0,2000,23000,-21000,-21000
049675,台光電國票95購01,0,0,0,0,0,0,0,0,0,-21000,0,0,0,5000,26000,-21000,-21000
047612,瑞昱群益93購03  ,0,0,0,0,0,0,0,0,0,-21000,0,0,0,0,21000,-21000,-21000
046767,南茂凱基93購03  ,0,0,0,0,0,0,0,0,0,-21000,0,0,0,29000,50000,-21000,-21000
047485,景碩凱基94購01  ,0,0,0,0,0,0,0,0,0,-21000,0,0,0,0,21000,-21000,-21000
050758,聯發科元富9B購01,0,0,0,0,0,0,0,0,0,-21000,0,0,0,0,21000,-21000,-21000
051076,緯創國泰96購01  ,0,0,0,0,0,0,0,0,0,-21000,0,0,0,80000,101000,-21000,-21000
05259P,臺股指凱基96售12,0,0,0,0,0,0,0,0,0,-21000,0,0,0,10000,31000,-21000,-21000
052662,華新科國票97購01,0,0,0,0,0,0,0,0,0,-21000,0,0,0,1000,22000,-21000,-21000
051556,台表科永豐96購01,0,0,0,0,0,0,0,0,0,-21000,0,0,0,12000,33000,-21000,-21000
051553,牧德永豐96購02  ,0,0,0,0,0,0,0,0,0,-21000,0,0,0,98000,119000,-21000,-21000
051911,大立光元大98購02,0,0,0,0,0,0,0,0,0,-21000,0,0,0,125000,146000,-21000,-21000
051927,國巨中信96購01  ,0,0,0,0,0,0,0,0,0,-21000,0,0,0,25000,46000,-21000,-21000
1449,佳和            ,9000,30000,-21000,0,0,0,0,0,0,0,0,0,0,0,0,0,-21000
2545,皇翔            ,79000,101000,-22000,0,0,0,0,2000,-2000,3000,3000,0,3000,0,0,0,-21000
05748P,臺股指群益99售02,0,0,0,0,0,0,0,0,0,-21000,0,0,0,1000,22000,-21000,-21000
4942,嘉彰            ,39000,60000,-21000,0,0,0,0,0,0,0,0,0,0,0,0,0,-21000
054489,牧德台新97購02  ,0,0,0,0,0,0,0,0,0,-22000,0,0,0,8000,30000,-22000,-22000
054346,世芯國票97購01  ,0,0,0,0,0,0,0,0,0,-22000,0,0,0,82000,104000,-22000,-22000
05487P,台表科凱基95售02,0,0,0,0,0,0,0,0,0,-22000,0,0,0,85000,107000,-22000,-22000
055135,聯發科富邦99購05,0,0,0,0,0,0,0,0,0,-22000,0,0,0,0,22000,-22000,-22000
053223,台郡凱基96購02  ,0,0,0,0,0,0,0,0,0,-22000,0,0,0,15000,37000,-22000,-22000
053742,創意國票97購01  ,0,0,0,0,0,0,0,0,0,-22000,0,0,0,4000,26000,-22000,-22000
053631,欣興兆豐97購01  ,0,0,0,0,0,0,0,0,0,-22000,0,0,0,243000,265000,-22000,-22000
053514,麗豐群益96購01  ,0,0,0,0,0,0,0,0,0,-22000,0,0,0,0,22000,-22000,-22000
053504,祥碩兆豐96購01  ,0,0,0,0,0,0,0,0,0,-22000,0,0,0,20000,42000,-22000,-22000
053530,聯發科康和96購01,0,0,0,0,0,0,0,0,0,-22000,0,0,0,0,22000,-22000,-22000
053493,智邦兆豐97購02  ,0,0,0,0,0,0,0,0,0,-22000,0,0,0,48000,70000,-22000,-22000
044705,群創元大93購03  ,0,0,0,0,0,0,0,0,0,-22000,0,0,0,27000,49000,-22000,-22000
045726,矽創凱基92購01  ,0,0,0,0,0,0,0,0,0,-22000,0,0,0,10000,32000,-22000,-22000
03828P,致茂中信95售01  ,0,0,0,0,0,0,0,0,0,-22000,0,0,0,143000,165000,-22000,-22000
03873P,智伸科群益93售03,0,0,0,0,0,0,0,0,0,-22000,0,0,0,0,22000,-22000,-22000
03583P,微星元大02售03  ,0,0,0,0,0,0,0,0,0,-22000,0,0,0,5000,27000,-22000,-22000
048887,牧德元富94購01  ,0,0,0,0,0,0,0,0,0,-22000,0,0,0,0,22000,-22000,-22000
044396,燿華凱基93購02  ,0,0,0,0,0,0,0,0,0,-22000,0,0,0,3000,25000,-22000,-22000
045258,漢唐凱基93購01  ,0,0,0,0,0,0,0,0,0,-22000,0,0,0,20000,42000,-22000,-22000
045256,致茂凱基92購01  ,0,0,0,0,0,0,0,0,0,-22000,0,0,0,25000,47000,-22000,-22000
044604,嘉聯益國泰93購01,0,0,0,0,0,0,0,0,0,-22000,0,0,0,120000,142000,-22000,-22000
048545,嘉澤永豐93購03  ,0,0,0,0,0,0,0,0,0,-22000,0,0,0,89000,111000,-22000,-22000
047215,華新科第一93購01,0,0,0,0,0,0,0,0,0,-22000,0,0,0,23000,45000,-22000,-22000
046965,復盛中信93購01  ,0,0,0,0,0,0,0,0,0,-22000,0,0,0,34000,56000,-22000,-22000
047049,聯發科國票94購01,0,0,0,0,0,0,0,0,0,-22000,0,0,0,0,22000,-22000,-22000
047110,智邦元大93購05  ,0,0,0,0,0,0,0,0,0,-22000,0,0,0,0,22000,-22000,-22000
05201P,玉晶光國泰97售02,0,0,0,0,0,0,0,0,0,-22000,0,0,0,50000,72000,-22000,-22000
051980,樺漢凱基96購01  ,0,0,0,0,0,0,0,0,0,-22000,0,0,0,18000,40000,-22000,-22000
052275,日月光群益95購01,0,0,0,0,0,0,0,0,0,-22000,0,0,0,0,22000,-22000,-22000
050771,華新科元大94購06,0,0,0,0,0,0,0,0,0,-22000,0,0,0,10000,32000,-22000,-22000
050608,台達電元大94購12,0,0,0,0,0,0,0,0,0,-22000,0,0,0,0,22000,-22000,-22000
05765P,臺股指永豐96售01,0,0,0,0,0,0,0,0,0,-22000,0,0,0,70000,92000,-22000,-22000
055310,聯詠群益97購02  ,0,0,0,0,0,0,0,0,0,-22000,0,0,0,0,22000,-22000,-22000
05598P,國巨元富96售03  ,0,0,0,0,0,0,0,0,0,-22000,0,0,0,0,22000,-22000,-22000
053639,禾伸堂永豐96購01,0,0,0,0,0,0,0,0,0,-23000,0,0,0,0,23000,-23000,-23000
053861,台光電元大98購01,0,0,0,0,0,0,0,0,0,-23000,0,0,0,5000,28000,-23000,-23000
053134,南亞科國票97購01,0,0,0,0,0,0,0,0,0,-23000,0,0,0,30000,53000,-23000,-23000
054310,牧德凱基98購01  ,0,0,0,0,0,0,0,0,0,-23000,0,0,0,52000,75000,-23000,-23000
045052,聯發科元富92購01,0,0,0,0,0,0,0,0,0,-23000,0,0,0,35000,58000,-23000,-23000
045644,祥碩凱基92購01  ,0,0,0,0,0,0,0,0,0,-23000,0,0,0,0,23000,-23000,-23000
043174,元翎國泰93購01  ,0,0,0,0,0,0,0,0,0,-23000,0,0,0,0,23000,-23000,-23000
049132,大成鋼元大94購01,0,0,0,0,0,0,0,0,0,-23000,0,0,0,267000,290000,-23000,-23000
048109,旺宏群益94購02  ,0,0,0,0,0,0,0,0,0,-23000,0,0,0,0,23000,-23000,-23000
047250,日月光群益94購01,0,0,0,0,0,0,0,0,0,-23000,0,0,0,43000,66000,-23000,-23000
04837P,華新科元大94售05,0,0,0,0,0,0,0,0,0,-23000,0,0,0,332000,355000,-23000,-23000
049917,華新科元大94購02,0,0,0,0,0,0,0,0,0,-23000,0,0,0,10000,33000,-23000,-23000
050871,麗豐永豐95購01  ,0,0,0,0,0,0,0,0,0,-23000,0,0,0,0,23000,-23000,-23000
050922,南亞科凱基95購02,0,0,0,0,0,0,0,0,0,-23000,0,0,0,12000,35000,-23000,-23000
052536,聯茂國泰97購01  ,0,0,0,0,0,0,0,0,0,-23000,0,0,0,55000,78000,-23000,-23000
051868,貿聯凱基96購01  ,0,0,0,0,0,0,0,0,0,-23000,0,0,0,68000,91000,-23000,-23000
051798,國巨永豐95購03  ,0,0,0,0,0,0,0,0,0,-23000,0,0,0,10000,33000,-23000,-23000
05645P,聯發科凱基96售13,0,0,0,0,0,0,0,0,0,-23000,0,0,0,0,23000,-23000,-23000
055378,晶相光元大97購02,0,0,0,0,0,0,0,0,0,-23000,0,0,0,0,23000,-23000,-23000
05918P,大立光元大96售11,0,0,0,0,0,0,0,0,0,-23000,0,0,0,70000,93000,-23000,-23000
05952P,台積電國票97售06,0,0,0,0,0,0,0,0,0,-23000,0,0,0,27000,50000,-23000,-23000
2612,中航            ,27000,50000,-23000,0,0,0,0,0,0,0,0,0,0,0,0,0,-23000
1446,宏和            ,23000,46000,-23000,0,0,0,0,0,0,0,0,0,0,0,0,0,-23000
1519,華城            ,121000,144000,-23000,0,0,0,0,0,0,0,0,0,0,0,0,0,-23000
4960,誠美材          ,0,23000,-23000,0,0,0,0,0,0,0,0,0,0,0,0,0,-23000
3607,谷崧            ,0,23000,-23000,0,0,0,0,0,0,0,0,0,0,0,0,0,-23000
8466,美吉吉-KY       ,3000,26000,-23000,0,0,0,0,0,0,0,0,0,0,0,0,0,-23000
054402,康控永豐96購03  ,0,0,0,0,0,0,0,0,0,-24000,0,0,0,0,24000,-24000,-24000
054728,聯發科日盛97購01,0,0,0,0,0,0,0,0,0,-24000,0,0,0,0,24000,-24000,-24000
053117,大立光中信9A購02,0,0,0,0,0,0,0,0,0,-24000,0,0,0,20000,44000,-24000,-24000
053236,群創永豐97購02  ,0,0,0,0,0,0,0,0,0,-24000,0,0,0,356000,380000,-24000,-24000
052715,可成凱基96購01  ,0,0,0,0,0,0,0,0,0,-24000,0,0,0,0,24000,-24000,-24000
05301P,矽力元大95售02  ,0,0,0,0,0,0,0,0,0,-24000,0,0,0,12000,36000,-24000,-24000
053837,貿聯永豐96購02  ,0,0,0,0,0,0,0,0,0,-24000,0,0,0,14000,38000,-24000,-24000
053883,大立光中信98購02,0,0,0,0,0,0,0,0,0,-24000,0,0,0,15000,39000,-24000,-24000
053561,玉晶光國泰98購01,0,0,0,0,0,0,0,0,0,-24000,0,0,0,119000,143000,-24000,-24000
043466,南亞科元大92購01,0,0,0,0,0,0,0,0,0,-24000,0,0,0,0,24000,-24000,-24000
046234,彩晶元大92購01  ,0,0,0,0,0,0,0,0,0,-24000,0,0,0,0,24000,-24000,-24000
03969P,華新科國票94售01,0,0,0,0,0,0,0,0,0,-24000,0,0,0,26000,50000,-24000,-24000
048933,晶豪科永豐94購01,0,0,0,0,0,0,0,0,0,-24000,0,0,0,131000,155000,-24000,-24000
049878,宏達電永豐94購01,0,0,0,0,0,0,0,0,0,-24000,0,0,0,19000,43000,-24000,-24000
049691,可成元大94購06  ,0,0,0,0,0,0,0,0,0,-24000,0,0,0,127000,151000,-24000,-24000
047574,和大群益93購03  ,0,0,0,0,0,0,0,0,0,-24000,0,0,0,18000,42000,-24000,-24000
048348,矽力元大93購03  ,0,0,0,0,0,0,0,0,0,-24000,0,0,0,0,24000,-24000,-24000
046880,瑞昱永昌93購01  ,0,0,0,0,0,0,0,0,0,-24000,0,0,0,20000,44000,-24000,-24000
048683,日月光富邦93購01,0,0,0,0,0,0,0,0,0,-24000,0,0,0,0,24000,-24000,-24000
047524,瑞昱元大93購10  ,0,0,0,0,0,0,0,0,0,-24000,0,0,0,46000,70000,-24000,-24000
047818,台郡凱基93購04  ,0,0,0,0,0,0,0,0,0,-24000,0,0,0,10000,34000,-24000,-24000
049243,佳世達元富96購02,0,0,0,0,0,0,0,0,0,-24000,0,0,0,0,24000,-24000,-24000
047292,台光電元富96購01,0,0,0,0,0,0,0,0,0,-24000,0,0,0,90000,114000,-24000,-24000
048040,百和凱基93購07  ,0,0,0,0,0,0,0,0,0,-24000,0,0,0,32000,56000,-24000,-24000
046584,可成元大92購11  ,0,0,0,0,0,0,0,0,0,-24000,0,0,0,0,24000,-24000,-24000
046715,美律國泰94購01  ,0,0,0,0,0,0,0,0,0,-24000,0,0,0,10000,34000,-24000,-24000
047427,貿聯亞東93購01  ,0,0,0,0,0,0,0,0,0,-24000,0,0,0,0,24000,-24000,-24000
051779,大立光群益95購02,0,0,0,0,0,0,0,0,0,-24000,0,0,0,33000,57000,-24000,-24000
052563,京元電日盛96購01,0,0,0,0,0,0,0,0,0,-24000,0,0,0,0,24000,-24000,-24000
052318,友達元大98購01  ,0,0,0,0,0,0,0,0,0,-24000,0,0,0,0,24000,-24000,-24000
050841,國巨國票96購02  ,0,0,0,0,0,0,0,0,0,-24000,0,0,0,162000,186000,-24000,-24000
050757,聯發科元富94購03,0,0,0,0,0,0,0,0,0,-24000,0,0,0,80000,104000,-24000,-24000
050761,華通元大94購05  ,0,0,0,0,0,0,0,0,0,-24000,0,0,0,121000,145000,-24000,-24000
051257,光寶科國泰96購01,0,0,0,0,0,0,0,0,0,-24000,0,0,0,9000,33000,-24000,-24000
9925,新保            ,28000,21000,7000,0,0,0,0,0,0,-31000,0,31000,-31000,0,0,0,-24000
3130,一零四          ,1000,25000,-24000,0,0,0,0,0,0,0,0,0,0,0,0,0,-24000
1312A,國喬特          ,0,0,0,0,0,0,0,0,0,-24000,2000,26000,-24000,0,0,0,-24000
06139P,台積電中信99售02,0,0,0,0,0,0,0,0,0,-24000,0,0,0,0,24000,-24000,-24000
06190P,玉晶光永豐97售05,0,0,0,0,0,0,0,0,0,-24000,0,0,0,0,24000,-24000,-24000
05849P,臺股指元大96售25,0,0,0,0,0,0,0,0,0,-24000,0,0,0,5000,29000,-24000,-24000
055487,國巨元大98購07  ,0,0,0,0,0,0,0,0,0,-24000,0,0,0,0,24000,-24000,-24000
053549,南亞科凱基96購02,0,0,0,0,0,0,0,0,0,-25000,0,0,0,0,25000,-25000,-25000
053875,GIS元大97購01   ,0,0,0,0,0,0,0,0,0,-25000,0,0,0,0,25000,-25000,-25000
052956,聯發科日盛96購01,0,0,0,0,0,0,0,0,0,-25000,0,0,0,15000,40000,-25000,-25000
05318P,臺股指永昌95售03,0,0,0,0,0,0,0,0,0,-25000,0,0,0,1000,26000,-25000,-25000
054654,全新麥證99購01  ,0,0,0,15000,40000,-25000,0,0,0,-25000,0,0,0,15000,40000,-25000,-25000
055009,合勤控元富97購01,0,0,0,0,0,0,0,0,0,-25000,0,0,0,0,25000,-25000,-25000
054250,漢唐元大96購04  ,0,0,0,0,0,0,0,0,0,-25000,0,0,0,0,25000,-25000,-25000
054266,緯穎元大96購07  ,0,0,0,0,0,0,0,0,0,-25000,0,0,0,57000,82000,-25000,-25000
05416P,喬山永豐95售04  ,0,0,0,0,0,0,0,0,0,-25000,0,0,0,0,25000,-25000,-25000
048949,昇陽半永豐94購01,0,0,0,0,0,0,0,0,0,-25000,0,0,0,20000,45000,-25000,-25000
048965,佳世達元大94購01,0,0,0,0,0,0,0,0,0,-25000,0,0,0,0,25000,-25000,-25000
045993,美律富邦93購01  ,0,0,0,0,0,0,0,0,0,-25000,0,0,0,0,25000,-25000,-25000
045519,宏達電元富92購01,0,0,0,0,0,0,0,0,0,-25000,0,0,0,1000,26000,-25000,-25000
045919,臺股指國票92購09,0,0,0,0,0,0,0,0,0,-25000,0,0,0,0,25000,-25000,-25000
045082,聯詠元大92購01  ,0,0,0,0,0,0,0,0,0,-25000,0,0,0,0,25000,-25000,-25000
044398,南亞科凱基91購09,0,0,0,0,0,0,0,0,0,-25000,0,0,0,0,25000,-25000,-25000
045775,可成元大92購06  ,0,0,0,0,0,0,0,0,0,-25000,0,0,0,4000,29000,-25000,-25000
03945P,欣興群益94售01  ,0,0,0,0,0,0,0,0,0,-25000,0,0,0,40000,65000,-25000,-25000
03779P,力山凱基93售01  ,0,0,0,0,0,0,0,0,0,-25000,0,0,0,20000,45000,-25000,-25000
04103P,臺股指國票93售10,0,0,0,0,0,0,0,0,0,-25000,0,0,0,50000,75000,-25000,-25000
046249,聯發科群益92購03,0,0,0,0,0,0,0,0,0,-25000,0,0,0,5000,30000,-25000,-25000
04241P,欣興國泰95售02  ,0,0,0,0,0,0,0,0,0,-25000,0,0,0,0,25000,-25000,-25000
043696,瑞儀兆豐93購01  ,0,0,0,0,0,0,0,0,0,-25000,0,0,0,2000,27000,-25000,-25000
04235P,鴻海群益93售08  ,0,0,0,0,0,0,0,0,0,-25000,0,0,0,0,25000,-25000,-25000
042227,元油2X永豐93購01,0,0,0,0,0,0,0,0,0,-25000,0,0,0,0,25000,-25000,-25000
046443,超眾兆豐93購01  ,0,0,0,0,0,0,0,0,0,-25000,0,0,0,0,25000,-25000,-25000
046424,正文元大92購04  ,0,0,0,0,0,0,0,0,0,-25000,0,0,0,0,25000,-25000,-25000
046620,智伸科凱基93購01,0,0,0,0,0,0,0,0,0,-25000,0,0,0,74000,99000,-25000,-25000
047347,台積電凱基93購14,0,0,0,0,0,0,0,0,0,-25000,0,0,0,0,25000,-25000,-25000
046642,南電永豐93購01  ,0,0,0,0,0,0,0,0,0,-25000,0,0,0,367000,392000,-25000,-25000
049443,元石油統一94購02,0,0,0,0,0,0,0,0,0,-25000,0,0,0,0,25000,-25000,-25000
048248,聯發科兆豐95購01,0,0,0,0,0,0,0,0,0,-25000,0,0,0,0,25000,-25000,-25000
04788P,台積電永昌96售05,0,0,0,0,0,0,0,0,0,-25000,0,0,0,0,25000,-25000,-25000
046736,儒鴻群益93購01  ,0,0,0,0,0,0,0,0,0,-25000,0,0,0,5000,30000,-25000,-25000
048619,台表科凱基93購07,0,0,0,0,0,0,0,0,0,-25000,0,0,0,31000,56000,-25000,-25000
046870,大立光統一95購01,0,0,0,0,0,0,0,0,0,-25000,0,0,0,83000,108000,-25000,-25000
048387,台達電國票94購01,0,0,0,0,0,0,0,0,0,-25000,0,0,0,0,25000,-25000,-25000
050744,健策永豐94購04  ,0,0,0,0,0,0,0,0,0,-25000,0,0,0,275000,300000,-25000,-25000
050926,禾伸堂凱基95購01,0,0,0,0,0,0,0,0,0,-25000,0,0,0,115000,140000,-25000,-25000
050653,聯鈞凱基96購01  ,0,0,0,0,0,0,0,0,0,-25000,0,0,0,51000,76000,-25000,-25000
050085,國泰金元富94購01,0,0,0,0,0,0,0,0,0,-25000,0,0,0,99000,124000,-25000,-25000
05014P,臺股指元大95售05,0,0,0,0,0,0,0,0,0,-25000,0,0,0,0,25000,-25000,-25000
052670,茂林群益96購02  ,0,0,0,0,0,0,0,0,0,-25000,0,0,0,558000,583000,-25000,-25000
05267P,欣興元大95售08  ,0,0,0,0,0,0,0,0,0,-25000,0,0,0,0,25000,-25000,-25000
052464,大立光統一95購05,0,0,0,0,0,0,0,0,0,-25000,0,0,0,88000,113000,-25000,-25000
051877,嘉聯益國票97購02,0,0,0,0,0,0,0,0,0,-25000,0,0,0,0,25000,-25000,-25000
051617,台積電凱基95購14,0,0,0,0,0,0,0,0,0,-25000,0,0,0,109000,134000,-25000,-25000
051624,智邦麥證95購02  ,0,0,0,5000,30000,-25000,0,0,0,-25000,0,0,0,5000,30000,-25000,-25000
051394,奇鋐兆豐95購01  ,0,0,0,0,0,0,0,0,0,-25000,0,0,0,0,25000,-25000,-25000
055428,友達群益9C購01  ,0,0,0,0,0,0,0,0,0,-25000,0,0,0,0,25000,-25000,-25000
055373,聯詠元大97購03  ,0,0,0,0,0,0,0,0,0,-25000,0,0,0,0,25000,-25000,-25000
055213,大成鋼凱基98購01,0,0,0,0,0,0,0,0,0,-25000,0,0,0,43000,68000,-25000,-25000
055203,建準中信97購01  ,0,0,0,0,0,0,0,0,0,-25000,0,0,0,50000,75000,-25000,-25000
05984P,台積電統一98售01,0,0,0,0,0,0,0,0,0,-25000,0,0,0,0,25000,-25000,-25000
05843P,台積電元大96售16,0,0,0,0,0,0,0,0,0,-25000,0,0,0,362000,387000,-25000,-25000
06133P,帆宣元富97售02  ,0,0,0,0,0,0,0,0,0,-25000,0,0,0,0,25000,-25000,-25000
1806,冠軍            ,31000,56000,-25000,0,0,0,0,0,0,0,0,0,0,0,0,0,-25000
054205,華新國票97購02  ,0,0,0,0,0,0,0,0,0,-26000,0,0,0,0,26000,-26000,-26000
055153,台光電元大98購02,0,0,0,0,0,0,0,0,0,-26000,0,0,0,35000,61000,-26000,-26000
055190,華新科元富97購01,0,0,0,0,0,0,0,0,0,-26000,0,0,0,0,26000,-26000,-26000
053164,台光電群益96購02,0,0,0,0,0,0,0,0,0,-26000,0,0,0,20000,46000,-26000,-26000
053730,樺漢凱基98購01  ,0,0,0,0,0,0,0,0,0,-26000,0,0,0,34000,60000,-26000,-26000
053715,美律凱基96購04  ,0,0,0,0,0,0,0,0,0,-26000,0,0,0,26000,52000,-26000,-26000
04317P,樺漢國票93售03  ,0,0,0,0,0,0,0,0,0,-26000,0,0,0,0,26000,-26000,-26000
04252P,台達電元富93售02,0,0,0,0,0,0,0,0,0,-26000,0,0,0,40000,66000,-26000,-26000
046312,可成元大92購10  ,0,0,0,0,0,0,0,0,0,-26000,0,0,0,2000,28000,-26000,-26000
03686P,大立光統一98售02,0,0,0,0,0,0,0,0,0,-26000,0,0,0,50000,76000,-26000,-26000
044402,景碩凱基93購01  ,0,0,0,0,0,0,0,0,0,-26000,0,0,0,0,26000,-26000,-26000
045015,玉晶光元大94購01,0,0,0,0,0,0,0,0,0,-26000,0,0,0,35000,61000,-26000,-26000
045277,瑞儀統一92購01  ,0,0,0,0,0,0,0,0,0,-26000,0,0,0,0,26000,-26000,-26000
049019,美律群益94購02  ,0,0,0,0,0,0,0,0,0,-26000,0,0,0,103000,129000,-26000,-26000
046201,台郡凱基92購01  ,0,0,0,0,0,0,0,0,0,-26000,0,0,0,10000,36000,-26000,-26000
048777,瀚宇博凱基94購02,0,0,0,0,0,0,0,0,0,-26000,0,0,0,9000,35000,-26000,-26000
049852,康控群益94購03  ,0,0,0,0,0,0,0,0,0,-26000,0,0,0,8000,34000,-26000,-26000
047353,台郡凱基93購03  ,0,0,0,0,0,0,0,0,0,-26000,0,0,0,10000,36000,-26000,-26000
046989,可成凱基93購03  ,0,0,0,0,0,0,0,0,0,-26000,0,0,0,11000,37000,-26000,-26000
04707P,喬山元大94售01  ,0,0,0,0,0,0,0,0,0,-26000,0,0,0,85000,111000,-26000,-26000
051499,康控群益95購02  ,0,0,0,0,0,0,0,0,0,-26000,0,0,0,42000,68000,-26000,-26000
052017,奇鋐永豐95購01  ,0,0,0,0,0,0,0,0,0,-26000,0,0,0,0,26000,-26000,-26000
052531,台積電國泰96購06,0,0,0,0,0,0,0,0,0,-26000,0,0,0,55000,81000,-26000,-26000
052617,景碩國泰98購01  ,0,0,0,0,0,0,0,0,0,-26000,0,0,0,44000,70000,-26000,-26000
052089,聯發科元大96購02,0,0,0,0,0,0,0,0,0,-26000,0,0,0,117000,143000,-26000,-26000
05019P,喬山中信95售01  ,0,0,0,0,0,0,0,0,0,-26000,0,0,0,0,26000,-26000,-26000
051184,聯發科永豐95購03,0,0,0,0,0,0,0,0,0,-26000,0,0,0,0,26000,-26000,-26000
05927P,正文永豐96售03  ,0,0,0,0,0,0,0,0,0,-26000,0,0,0,42000,68000,-26000,-26000
055329,百和國票98購01  ,0,0,0,0,0,0,0,0,0,-26000,0,0,0,0,26000,-26000,-26000
9942,茂順            ,7000,33000,-26000,0,0,0,0,0,0,0,0,0,0,0,0,0,-26000
053828,貿聯麥證96購01  ,0,0,0,41000,38000,3000,0,0,0,-27000,0,0,0,51000,78000,-27000,-27000
053896,麗豐群益97購01  ,0,0,0,0,0,0,0,0,0,-27000,0,0,0,10000,37000,-27000,-27000
053539,智易永豐96購01  ,0,0,0,0,0,0,0,0,0,-27000,0,0,0,68000,95000,-27000,-27000
053542,超眾永豐96購01  ,0,0,0,0,0,0,0,0,0,-27000,0,0,0,10000,37000,-27000,-27000
054261,智伸科元大96購03,0,0,0,0,0,0,0,0,0,-27000,0,0,0,844000,871000,-27000,-27000
05422P,大立光中信97售02,0,0,0,0,0,0,0,0,0,-27000,0,0,0,6000,33000,-27000,-27000
045780,奇鋐元大94購01  ,0,0,0,0,0,0,0,0,0,-27000,0,0,0,0,27000,-27000,-27000
046124,健策元大92購04  ,0,0,0,0,0,0,0,0,0,-27000,0,0,0,0,27000,-27000,-27000
03932P,欣興統一93售01  ,0,0,0,0,0,0,0,0,0,-27000,0,0,0,0,27000,-27000,-27000
04152P,喬山永豐93售02  ,0,0,0,0,0,0,0,0,0,-27000,0,0,0,65000,92000,-27000,-27000
049476,美食永豐94購02  ,0,0,0,0,0,0,0,0,0,-27000,0,0,0,0,27000,-27000,-27000
047761,亞德客元大93購02,0,0,0,0,0,0,0,0,0,-27000,0,0,0,75000,102000,-27000,-27000
047213,新日興富邦97購01,0,0,0,0,0,0,0,0,0,-27000,0,0,0,285000,312000,-27000,-27000
049777,華新科統一94購06,0,0,0,0,0,0,0,0,0,-27000,0,0,0,0,27000,-27000,-27000
048539,巨大國票94購01  ,0,0,0,0,0,0,0,0,0,-27000,0,0,0,0,27000,-27000,-27000
047522,微星元大93購02  ,0,0,0,0,0,0,0,0,0,-27000,0,0,0,142000,169000,-27000,-27000
047669,台表科永豐93購02,0,0,0,0,0,0,0,0,0,-27000,0,0,0,12000,39000,-27000,-27000
052429,禾伸堂永豐95購02,0,0,0,0,0,0,0,0,0,-27000,0,0,0,0,27000,-27000,-27000
8996,高力            ,222000,413000,-191000,0,0,0,0,0,0,164000,166000,2000,164000,0,0,0,-27000
3708,上緯投控        ,371000,322000,49000,0,0,0,0,77000,-77000,1000,0,0,0,10000,9000,1000,-27000
055338,GIS兆豐97購01   ,0,0,0,0,0,0,0,0,0,-27000,0,0,0,0,27000,-27000,-27000
055500,京鼎元大97購04  ,0,0,0,0,0,0,0,0,0,-27000,0,0,0,103000,130000,-27000,-27000
00668,國泰美國道瓊    ,0,9000,-9000,0,0,0,0,0,0,-18300,0,0,0,0,18300,-18300,-27300
053970,聯發科元大97購08,0,0,0,0,0,0,0,0,0,-28000,0,0,0,46000,74000,-28000,-28000
054303,國巨凱基96購15  ,0,0,0,0,0,0,0,0,0,-28000,0,0,0,102000,130000,-28000,-28000
055178,晶豪科統一97購01,0,0,0,0,0,0,0,0,0,-28000,0,0,0,43000,71000,-28000,-28000
055179,大立光統一97購04,0,0,0,0,0,0,0,0,0,-28000,0,0,0,36000,64000,-28000,-28000
054588,玉晶光國泰99購02,0,0,0,0,0,0,0,0,0,-28000,0,0,0,127000,155000,-28000,-28000
053512,台積電群益96購06,0,0,0,0,0,0,0,0,0,-28000,0,0,0,59000,87000,-28000,-28000
053656,可成凱基96購06  ,0,0,0,0,0,0,0,0,0,-28000,0,0,0,145000,173000,-28000,-28000
053752,超眾永豐96購02  ,0,0,0,0,0,0,0,0,0,-28000,0,0,0,10000,38000,-28000,-28000
053084,國巨元大98購01  ,0,0,0,0,0,0,0,0,0,-28000,0,0,0,27000,55000,-28000,-28000
052857,大成鋼凱基96購01,0,0,0,0,0,0,0,0,0,-28000,0,0,0,91000,119000,-28000,-28000
00693U,街口S&P黃豆     ,0,0,0,0,0,0,0,0,0,-28000,0,0,0,150000,178000,-28000,-28000
04083P,欣興統一94售01  ,0,0,0,0,0,0,0,0,0,-28000,0,0,0,0,28000,-28000,-28000
044848,華邦電統一94購01,0,0,0,0,0,0,0,0,0,-28000,0,0,0,28000,56000,-28000,-28000
044340,TPK統一93購01   ,0,0,0,0,0,0,0,0,0,-28000,0,0,0,0,28000,-28000,-28000
045257,燿華凱基92購02  ,0,0,0,0,0,0,0,0,0,-28000,0,0,0,0,28000,-28000,-28000
045221,美律元大92購07  ,0,0,0,0,0,0,0,0,0,-28000,0,0,0,2000,30000,-28000,-28000
04450P,京元電凱基94售01,0,0,0,0,0,0,0,0,0,-28000,0,0,0,37000,65000,-28000,-28000
047714,禾伸堂凱基93購03,0,0,0,0,0,0,0,0,0,-28000,0,0,0,2000,30000,-28000,-28000
046803,可成元大93購03  ,0,0,0,0,0,0,0,0,0,-28000,0,0,0,2000,30000,-28000,-28000
049116,瑞儀統一94購01  ,0,0,0,0,0,0,0,0,0,-28000,0,0,0,0,28000,-28000,-28000
049617,光罩群益94購03  ,0,0,0,0,0,0,0,0,0,-28000,0,0,0,47000,75000,-28000,-28000
048359,奇鋐永豐93購02  ,0,0,0,0,0,0,0,0,0,-28000,0,0,0,0,28000,-28000,-28000
048102,矽力凱基94購01  ,0,0,0,0,0,0,0,0,0,-28000,0,0,0,12000,40000,-28000,-28000
05258P,臺股指凱基96售11,0,0,0,0,0,0,0,0,0,-28000,0,0,0,0,28000,-28000,-28000
052277,台達電凱基97購01,0,0,0,0,0,0,0,0,0,-28000,0,0,0,2000,30000,-28000,-28000
050928,日月光凱基95購01,0,0,0,0,0,0,0,0,0,-28000,0,0,0,0,28000,-28000,-28000
050186,京鼎元大94購01  ,0,0,0,0,0,0,0,0,0,-28000,0,0,0,16000,44000,-28000,-28000
05053P,新日興群益95售01,0,0,0,0,0,0,0,0,0,-28000,0,0,0,12000,40000,-28000,-28000
050342,華通元富94購02  ,0,0,0,0,0,0,0,0,0,-28000,0,0,0,249000,277000,-28000,-28000
055303,鈺齊元大97購01  ,0,0,0,0,0,0,0,0,0,-28000,0,0,0,11000,39000,-28000,-28000
055273,華泰元大97購01  ,0,0,0,0,0,0,0,0,0,-28000,0,0,0,20000,48000,-28000,-28000
055253,大立光統一97購06,0,0,0,0,0,0,0,0,0,-28000,0,0,0,0,28000,-28000,-28000
2705,六福            ,22000,50000,-28000,0,0,0,0,0,0,0,0,0,0,0,0,0,-28000
5434,崇越            ,108000,119000,-11000,0,0,0,13000,0,13000,-30000,19000,2000,17000,1000,48000,-47000,-28000
2906,高林            ,0,28000,-28000,0,0,0,0,0,0,0,0,0,0,0,0,0,-28000
053101,創意元富96購03  ,0,0,0,0,0,0,0,0,0,-29000,0,0,0,186000,215000,-29000,-29000
053737,華新科麥證96購01,0,0,0,20000,49000,-29000,0,0,0,-29000,0,0,0,20000,49000,-29000,-29000
053415,聯茂國票97購01  ,0,0,0,0,0,0,0,0,0,-29000,0,0,0,98000,127000,-29000,-29000
054910,信錦凱基97購01  ,0,0,0,0,0,0,0,0,0,-29000,0,0,0,0,29000,-29000,-29000
048788,華新科元大95購02,0,0,0,0,0,0,0,0,0,-29000,0,0,0,2000,31000,-29000,-29000
044052,鴻海元大92購04  ,0,0,0,0,0,0,0,0,0,-29000,0,0,0,25000,54000,-29000,-29000
03450P,元油2X元富98售05,0,0,0,0,0,0,0,0,0,-29000,0,0,0,1000,30000,-29000,-29000
04144P,瑞昱凱基93售10  ,0,0,0,0,0,0,0,0,0,-29000,0,0,0,26000,55000,-29000,-29000
049294,南亞科群益94購01,0,0,0,0,0,0,0,0,0,-29000,0,0,0,119000,148000,-29000,-29000
047274,華新科永豐93購02,0,0,0,0,0,0,0,0,0,-29000,0,0,0,46000,75000,-29000,-29000
046941,瑞昱元大93購08  ,0,0,0,0,0,0,0,0,0,-29000,0,0,0,11000,40000,-29000,-29000
046964,祥碩中信93購01  ,0,0,0,0,0,0,0,0,0,-29000,0,0,0,23000,52000,-29000,-29000
048161,旺宏麥證94購01  ,0,0,0,0,29000,-29000,0,0,0,-29000,0,0,0,0,29000,-29000,-29000
049858,百和群益94購05  ,0,0,0,0,0,0,0,0,0,-29000,0,0,0,12000,41000,-29000,-29000
047706,燿華凱基95購01  ,0,0,0,0,0,0,0,0,0,-29000,0,0,0,50000,79000,-29000,-29000
050927,聯詠凱基95購01  ,0,0,0,0,0,0,0,0,0,-29000,0,0,0,59000,88000,-29000,-29000
050815,南亞科凱基95購01,0,0,0,0,0,0,0,0,0,-29000,0,0,0,0,29000,-29000,-29000
051289,大立光統一96購01,0,0,0,0,0,0,0,0,0,-29000,0,0,0,10000,39000,-29000,-29000
052109,可成元富95購01  ,0,0,0,0,0,0,0,0,0,-29000,0,0,0,10000,39000,-29000,-29000
052609,智易元大97購01  ,0,0,0,0,0,0,0,0,0,-29000,0,0,0,1000,30000,-29000,-29000
052636,大立光凱基96購10,0,0,0,0,0,0,0,0,0,-29000,0,0,0,11000,40000,-29000,-29000
051875,聯發科兆豐95購04,0,0,0,0,0,0,0,0,0,-29000,0,0,0,0,29000,-29000,-29000
051865,聯發科凱基96購04,0,0,0,0,0,0,0,0,0,-29000,0,0,0,11000,40000,-29000,-29000
051436,訊芯元富95購01  ,0,0,0,0,0,0,0,0,0,-29000,0,0,0,0,29000,-29000,-29000
055328,鈺齊國票98購01  ,0,0,0,0,0,0,0,0,0,-29000,0,0,0,0,29000,-29000,-29000
05620P,大立光富邦9B售01,0,0,0,0,0,0,0,0,0,-29000,0,0,0,13000,42000,-29000,-29000
054920,智原凱基98購01  ,0,0,0,0,0,0,0,0,0,-30000,0,0,0,5000,35000,-30000,-30000
054986,藍天元富97購01  ,0,0,0,0,0,0,0,0,0,-30000,0,0,0,0,30000,-30000,-30000
055113,大立光凱基98購06,0,0,0,0,0,0,0,0,0,-30000,0,0,0,0,30000,-30000,-30000
054596,聯發科麥證97購01,0,0,0,0,30000,-30000,0,0,0,-30000,0,0,0,0,30000,-30000,-30000
054627,義隆凱基98購01  ,0,0,0,0,0,0,0,0,0,-30000,0,0,0,30000,60000,-30000,-30000
054742,京鼎凱基99購01  ,0,0,0,0,0,0,0,0,0,-30000,0,0,0,0,30000,-30000,-30000
054478,可成中信97購01  ,0,0,0,0,0,0,0,0,0,-30000,0,0,0,61000,91000,-30000,-30000
054532,強茂國泰98購01  ,0,0,0,0,0,0,0,0,0,-30000,0,0,0,0,30000,-30000,-30000
054522,康友元大96購07  ,0,0,0,0,0,0,0,0,0,-30000,0,0,0,47000,77000,-30000,-30000
053979,健策元大98購01  ,0,0,0,0,0,0,0,0,0,-30000,0,0,0,156000,186000,-30000,-30000
054164,強茂凱基98購01  ,0,0,0,0,0,0,0,0,0,-30000,0,0,0,0,30000,-30000,-30000
053492,華邦電兆豐97購01,0,0,0,0,0,0,0,0,0,-30000,0,0,0,0,30000,-30000,-30000
053472,漢唐元大96購02  ,0,0,0,0,0,0,0,0,0,-30000,0,0,0,26000,56000,-30000,-30000
053768,S&P反1元大99購01,0,0,0,0,0,0,0,0,0,-30000,0,0,0,0,30000,-30000,-30000
053934,A50正2元富96購02,0,0,0,0,0,0,0,0,0,-30000,0,0,0,1000,31000,-30000,-30000
053873,力成元大96購03  ,0,0,0,0,0,0,0,0,0,-30000,0,0,0,8000,38000,-30000,-30000
053092,台表科元大97購02,0,0,0,0,0,0,0,0,0,-30000,0,0,0,1000,31000,-30000,-30000
053300,大成鋼凱基96購02,0,0,0,0,0,0,0,0,0,-30000,0,0,0,96000,126000,-30000,-30000
053265,南亞科群益96購02,0,0,0,0,0,0,0,0,0,-30000,0,0,0,115000,145000,-30000,-30000
052826,嘉聯益永豐96購01,0,0,0,0,0,0,0,0,0,-30000,0,0,0,92000,122000,-30000,-30000
052764,景碩群益98購01  ,0,0,0,0,0,0,0,0,0,-30000,0,0,0,0,30000,-30000,-30000
052908,大成鋼統一96購01,0,0,0,0,0,0,0,0,0,-30000,0,0,0,64000,94000,-30000,-30000
042126,欣興統一92購01  ,0,0,0,0,0,0,0,0,0,-30000,0,0,0,115000,145000,-30000,-30000
04278P,大立光凱基93售38,0,0,0,0,0,0,0,0,0,-30000,0,0,0,0,30000,-30000,-30000
046264,美律凱基93購05  ,0,0,0,0,0,0,0,0,0,-30000,0,0,0,23000,53000,-30000,-30000
04474P,聯發科元大94售03,0,0,0,0,0,0,0,0,0,-30000,0,0,0,0,30000,-30000,-30000
044230,台表科群益91購03,0,0,0,0,0,0,0,0,0,-30000,0,0,0,0,30000,-30000,-30000
04480P,微星兆豐94售01  ,0,0,0,0,0,0,0,0,0,-30000,0,0,0,0,30000,-30000,-30000
03673P,康控元富92售02  ,0,0,0,0,0,0,0,0,0,-30000,0,0,0,0,30000,-30000,-30000
043962,亞泥國泰92購01  ,0,0,0,0,0,0,0,0,0,-30000,0,0,0,0,30000,-30000,-30000
04044P,鴻海元大93售18  ,0,0,0,0,0,0,0,0,0,-30000,0,0,0,0,30000,-30000,-30000
046202,台表科凱基93購04,0,0,0,0,0,0,0,0,0,-30000,0,0,0,1000,31000,-30000,-30000
049014,台達電群益94購02,0,0,0,0,0,0,0,0,0,-30000,0,0,0,6000,36000,-30000,-30000
048983,牧德元大95購01  ,0,0,0,0,0,0,0,0,0,-30000,0,0,0,0,30000,-30000,-30000
049037,可成兆豐94購01  ,0,0,0,0,0,0,0,0,0,-30000,0,0,0,0,30000,-30000,-30000
045532,台表科永豐92購01,0,0,0,0,0,0,0,0,0,-30000,0,0,0,0,30000,-30000,-30000
045467,智易元大93購03  ,0,0,0,0,0,0,0,0,0,-30000,0,0,0,0,30000,-30000,-30000
045189,大立光元富98購01,0,0,0,0,0,0,0,0,0,-30000,0,0,0,26000,56000,-30000,-30000
045636,京元電凱基92購03,0,0,0,0,0,0,0,0,0,-30000,0,0,0,0,30000,-30000,-30000
045926,康控康和92購01  ,0,0,0,0,0,0,0,0,0,-30000,0,0,0,10000,40000,-30000,-30000
045247,遠東新凱基92購01,0,0,0,0,0,0,0,0,0,-30000,0,0,0,10000,40000,-30000,-30000
045829,滬深2X群益95購02,0,0,0,0,0,0,0,0,0,-30000,0,0,0,0,30000,-30000,-30000
047704,智邦凱基93購06  ,0,0,0,0,0,0,0,0,0,-30000,0,0,0,58000,88000,-30000,-30000
047723,廣宇群益94購01  ,0,0,0,0,0,0,0,0,0,-30000,0,0,0,200000,230000,-30000,-30000
047681,滬深反中信95購01,0,0,0,0,0,0,0,0,0,-30000,0,0,0,70000,100000,-30000,-30000
047881,和鑫國泰95購01  ,0,0,0,0,0,0,0,0,0,-30000,0,0,0,166000,196000,-30000,-30000
047773,超眾元大96購01  ,0,0,0,0,0,0,0,0,0,-30000,0,0,0,0,30000,-30000,-30000
049267,瀚宇博元大95購02,0,0,0,0,0,0,0,0,0,-30000,0,0,0,20000,50000,-30000,-30000
047502,超眾永豐93購03  ,0,0,0,0,0,0,0,0,0,-30000,0,0,0,0,30000,-30000,-30000
048511,美律凱基93購07  ,0,0,0,0,0,0,0,0,0,-30000,0,0,0,47000,77000,-30000,-30000
049876,智邦永豐94購01  ,0,0,0,0,0,0,0,0,0,-30000,0,0,0,0,30000,-30000,-30000
049846,台泥群益94購01  ,0,0,0,0,0,0,0,0,0,-30000,0,0,0,21000,51000,-30000,-30000
049641,台達電凱基94購08,0,0,0,0,0,0,0,0,0,-30000,0,0,0,0,30000,-30000,-30000
049590,華新科元大94購01,0,0,0,0,0,0,0,0,0,-30000,0,0,0,0,30000,-30000,-30000
049783,元油2X兆豐95購01,0,0,0,0,0,0,0,0,0,-30000,0,0,0,0,30000,-30000,-30000
048358,嘉晶永豐93購03  ,0,0,0,0,0,0,0,0,0,-30000,0,0,0,20000,50000,-30000,-30000
047598,深中小統一94購01,0,0,0,0,0,0,0,0,0,-30000,0,0,0,0,30000,-30000,-30000
047629,深中小元大96購01,0,0,0,0,0,0,0,0,0,-30000,0,0,0,0,30000,-30000,-30000
046947,禾伸堂元大93購01,0,0,0,0,0,0,0,0,0,-30000,0,0,0,10000,40000,-30000,-30000
046935,義隆元富93購01  ,0,0,0,0,0,0,0,0,0,-30000,0,0,0,0,30000,-30000,-30000
046905,新光金凱基99購01,0,0,0,0,0,0,0,0,0,-30000,0,0,0,0,30000,-30000,-30000
047191,同欣電元大93購02,0,0,0,0,0,0,0,0,0,-30000,0,0,0,0,30000,-30000,-30000
047157,智伸科國票93購01,0,0,0,0,0,0,0,0,0,-30000,0,0,0,0,30000,-30000,-30000
047048,華邦電國票93購02,0,0,0,0,0,0,0,0,0,-30000,0,0,0,10000,40000,-30000,-30000
047267,瀚宇博台新93購01,0,0,0,0,0,0,0,0,0,-30000,0,0,0,0,30000,-30000,-30000
049409,滬深2X凱基96購04,0,0,0,0,0,0,0,0,0,-30000,0,0,0,0,30000,-30000,-30000
048091,漢唐凱基93購03  ,0,0,0,0,0,0,0,0,0,-30000,0,0,0,0,30000,-30000,-30000
04662P,臺股指國票94售01,0,0,0,0,0,0,0,0,0,-30000,0,0,0,0,30000,-30000,-30000
051389,台達電兆豐95購01,0,0,0,0,0,0,0,0,0,-30000,0,0,0,5000,35000,-30000,-30000
051681,日月光兆豐95購01,0,0,0,0,0,0,0,0,0,-30000,0,0,0,0,30000,-30000,-30000
051528,亞泥國票96購01  ,0,0,0,0,0,0,0,0,0,-30000,0,0,0,20000,50000,-30000,-30000
051593,和碩元大95購01  ,0,0,0,0,0,0,0,0,0,-30000,0,0,0,53000,83000,-30000,-30000
051914,健策元大96購06  ,0,0,0,0,0,0,0,0,0,-30000,0,0,0,7000,37000,-30000,-30000
05178P,大立光凱基96售05,0,0,0,0,0,0,0,0,0,-30000,0,0,0,50000,80000,-30000,-30000
051310,台達電麥證95購01,0,0,0,11000,40000,-29000,0,0,0,-30000,0,0,0,11000,41000,-30000,-30000
051116,可成麥證95購01  ,0,0,0,0,30000,-30000,0,0,0,-30000,0,0,0,0,30000,-30000,-30000
050968,超眾永豐95購01  ,0,0,0,0,0,0,0,0,0,-30000,0,0,0,10000,40000,-30000,-30000
050405,新光金麥證94購01,0,0,0,0,30000,-30000,0,0,0,-30000,0,0,0,0,30000,-30000,-30000
050471,國泰金台新94購01,0,0,0,0,0,0,0,0,0,-30000,0,0,0,0,30000,-30000,-30000
050000,盟立永豐94購01  ,0,0,0,0,0,0,0,0,0,-30000,0,0,0,0,30000,-30000,-30000
050028,華新科元大94購03,0,0,0,0,0,0,0,0,0,-30000,0,0,0,0,30000,-30000,-30000
05589P,大立光中信9A售01,0,0,0,0,0,0,0,0,0,-30000,0,0,0,0,30000,-30000,-30000
05579P,友達凱基98售03  ,0,0,0,0,0,0,0,0,0,-30000,0,0,0,0,30000,-30000,-30000
05582P,群創凱基98售06  ,0,0,0,0,0,0,0,0,0,-30000,0,0,0,0,30000,-30000,-30000
055485,國巨元大97購09  ,0,0,0,0,0,0,0,0,0,-30000,0,0,0,0,30000,-30000,-30000
055486,國巨元大98購06  ,0,0,0,0,0,0,0,0,0,-30000,0,0,0,0,30000,-30000,-30000
055341,台達電凱基97購02,0,0,0,0,0,0,0,0,0,-30000,0,0,0,0,30000,-30000,-30000
055278,旺宏元大98購05  ,0,0,0,0,0,0,0,0,0,-30000,0,0,0,101000,131000,-30000,-30000
055282,聯發科元大97購15,0,0,0,0,0,0,0,0,0,-30000,0,0,0,37000,67000,-30000,-30000
05694P,台積電凱基96售09,0,0,0,0,0,0,0,0,0,-30000,0,0,0,0,30000,-30000,-30000
06138P,台積電中信99售01,0,0,0,0,0,0,0,0,0,-30000,0,0,0,10000,40000,-30000,-30000
06130P,玉晶光元富97售07,0,0,0,0,0,0,0,0,0,-30000,0,0,0,20000,50000,-30000,-30000
06116P,臺股指日盛97售01,0,0,0,0,0,0,0,0,0,-30000,0,0,0,0,30000,-30000,-30000
06151P,華新科元大97售07,0,0,0,0,0,0,0,0,0,-30000,0,0,0,297000,327000,-30000,-30000
3321,同泰            ,7000,7000,0,0,0,0,0,0,0,-30000,0,30000,-30000,0,0,0,-30000
6412,群電            ,1026000,1056000,-30000,0,0,0,0,0,0,0,0,0,0,0,0,0,-30000
052819,義隆永豐96購01  ,0,0,0,0,0,0,0,0,0,-31000,0,0,0,0,31000,-31000,-31000
053124,聯發科凱基96購12,0,0,0,0,0,0,0,0,0,-31000,0,0,0,160000,191000,-31000,-31000
053834,卜蜂永豐96購01  ,0,0,0,0,0,0,0,0,0,-31000,0,0,0,0,31000,-31000,-31000
054239,台郡群益96購02  ,0,0,0,0,0,0,0,0,0,-31000,0,0,0,593000,624000,-31000,-31000
054213,欣興國票97購04  ,0,0,0,0,0,0,0,0,0,-31000,0,0,0,0,31000,-31000,-31000
054768,泰碩國票99購02  ,0,0,0,0,0,0,0,0,0,-31000,0,0,0,0,31000,-31000,-31000
05478P,智伸科國票96售02,0,0,0,0,0,0,0,0,0,-31000,0,0,0,0,31000,-31000,-31000
054704,玉晶光第一97購01,0,0,0,0,0,0,0,0,0,-31000,0,0,0,115000,146000,-31000,-31000
04576P,上海銀統一94售04,0,0,0,0,0,0,0,0,0,-31000,0,0,0,0,31000,-31000,-31000
03047X,元展44          ,0,0,0,0,0,0,0,0,0,-31000,0,0,0,0,31000,-31000,-31000
03416B,臺股指凱基95熊05,0,0,0,0,0,0,0,0,0,-31000,0,0,0,0,31000,-31000,-31000
04276P,聯發科凱基93售33,0,0,0,0,0,0,0,0,0,-31000,0,0,0,30000,61000,-31000,-31000
042909,順德元大94購01  ,0,0,0,0,0,0,0,0,0,-31000,0,0,0,30000,61000,-31000,-31000
047288,台郡統一93購01  ,0,0,0,0,0,0,0,0,0,-31000,0,0,0,0,31000,-31000,-31000
047214,啟碁富邦97購01  ,0,0,0,0,0,0,0,0,0,-31000,0,0,0,0,31000,-31000,-31000
05100P,智邦凱基95售02  ,0,0,0,0,0,0,0,0,0,-31000,0,0,0,4000,35000,-31000,-31000
050961,美律永豐95購01  ,0,0,0,0,0,0,0,0,0,-31000,0,0,0,6000,37000,-31000,-31000
052676,聯發科永昌98購01,0,0,0,0,0,0,0,0,0,-31000,0,0,0,61000,92000,-31000,-31000
052054,台表科凱基96購01,0,0,0,0,0,0,0,0,0,-31000,0,0,0,16000,47000,-31000,-31000
052061,樺漢國票96購01  ,0,0,0,0,0,0,0,0,0,-31000,0,0,0,3000,34000,-31000,-31000
2401,凌陽            ,86000,114000,-28000,0,0,0,0,0,0,-3000,0,0,0,1000,4000,-3000,-31000
05717P,鴻海元大97售07  ,0,0,0,0,0,0,0,0,0,-31000,0,0,0,24000,55000,-31000,-31000
05703P,矽力群益96售03  ,0,0,0,0,0,0,0,0,0,-31000,0,0,0,0,31000,-31000,-31000
055325,佐登國票98購01  ,0,0,0,0,0,0,0,0,0,-31000,0,0,0,0,31000,-31000,-31000
054639,台新金中信99購01,0,0,0,0,0,0,0,0,0,-32000,0,0,0,0,32000,-32000,-32000
054806,台化元大9A購01  ,0,0,0,0,0,0,0,0,0,-32000,0,0,0,18000,50000,-32000,-32000
053966,旺宏元大96購08  ,0,0,0,0,0,0,0,0,0,-32000,0,0,0,126000,158000,-32000,-32000
053615,光罩群益96購01  ,0,0,0,0,0,0,0,0,0,-32000,0,0,0,11000,43000,-32000,-32000
053212,友達凱基99購04  ,0,0,0,0,0,0,0,0,0,-32000,0,0,0,2000,34000,-32000,-32000
052788,開發金中信98購02,0,0,0,0,0,0,0,0,0,-32000,0,0,0,18000,50000,-32000,-32000
046038,欣興元大92購07  ,0,0,0,0,0,0,0,0,0,-32000,0,0,0,109000,141000,-32000,-32000
049326,聯發科元富94購01,0,0,0,0,0,0,0,0,0,-32000,0,0,0,0,32000,-32000,-32000
047578,新光金群益93購01,0,0,0,0,0,0,0,0,0,-32000,0,0,0,10000,42000,-32000,-32000
046873,可成元富93購01  ,0,0,0,0,0,0,0,0,0,-32000,0,0,0,10000,42000,-32000,-32000
049705,緯穎元大94購05  ,0,0,0,0,0,0,0,0,0,-32000,0,0,0,9000,41000,-32000,-32000
049260,華新科元大96購01,0,0,0,0,0,0,0,0,0,-32000,0,0,0,30000,62000,-32000,-32000
051711,臻鼎群益95購03  ,0,0,0,0,0,0,0,0,0,-32000,0,0,0,280000,312000,-32000,-32000
051444,聯發科元大95購11,0,0,0,0,0,0,0,0,0,-32000,0,0,0,3000,35000,-32000,-32000
050852,矽創國票95購02  ,0,0,0,0,0,0,0,0,0,-32000,0,0,0,28000,60000,-32000,-32000
050784,美律國泰96購01  ,0,0,0,0,0,0,0,0,0,-32000,0,0,0,96000,128000,-32000,-32000
05120P,聯發科國泰97售01,0,0,0,0,0,0,0,0,0,-32000,0,0,0,79000,111000,-32000,-32000
051233,力成群益97購01  ,0,0,0,0,0,0,0,0,0,-32000,0,0,0,27000,59000,-32000,-32000
050441,和碩凱基94購01  ,0,0,0,0,0,0,0,0,0,-32000,0,0,0,3000,35000,-32000,-32000
1459,聯發            ,0,32000,-32000,0,0,0,0,0,0,0,0,0,0,0,0,0,-32000
4155,訊映            ,15000,47000,-32000,0,0,0,0,0,0,0,0,0,0,0,0,0,-32000
052846,智邦統一97購01  ,0,0,0,0,0,0,0,0,0,-33000,0,0,0,63000,96000,-33000,-33000
053968,華邦電元大97購01,0,0,0,0,0,0,0,0,0,-33000,0,0,0,68000,101000,-33000,-33000
054870,新日興群益98購01,0,0,0,0,0,0,0,0,0,-33000,0,0,0,274000,307000,-33000,-33000
054398,牧德永豐96購03  ,0,0,0,0,0,0,0,0,0,-33000,0,0,0,104000,137000,-33000,-33000
04333P,儒鴻凱基93售06  ,0,0,0,0,0,0,0,0,0,-33000,0,0,0,1000,34000,-33000,-33000
04052P,上銀國泰94售01  ,0,0,0,0,0,0,0,0,0,-33000,0,0,0,21000,54000,-33000,-33000
049264,奇鋐元大95購01  ,0,0,0,0,0,0,0,0,0,-33000,0,0,0,10000,43000,-33000,-33000
047571,滬深2X群益99購01,0,0,0,0,0,0,0,0,0,-33000,0,0,0,2000,35000,-33000,-33000
047135,可成凱基93購05  ,0,0,0,0,0,0,0,0,0,-33000,0,0,0,1000,34000,-33000,-33000
046366,上緯控永豐92購02,0,0,0,0,0,0,0,0,0,-33000,0,0,0,0,33000,-33000,-33000
050674,瑞昱富邦94購02  ,0,0,0,0,0,0,0,0,0,-33000,0,0,0,28000,61000,-33000,-33000
051576,台積電元大97購02,0,0,0,0,0,0,0,0,0,-33000,0,0,0,0,33000,-33000,-33000
051897,台光電國泰97購01,0,0,0,0,0,0,0,0,0,-33000,0,0,0,3000,36000,-33000,-33000
052500,元翎永豐95購01  ,0,0,0,0,0,0,0,0,0,-33000,0,0,0,0,33000,-33000,-33000
05876P,聯發科群益96售03,0,0,0,0,0,0,0,0,0,-33000,0,0,0,0,33000,-33000,-33000
2511,太子            ,95688,129000,-33312,0,0,0,0,0,0,0,0,0,0,0,0,0,-33312
054884,友達統一99購01  ,0,0,0,0,0,0,0,0,0,-34000,0,0,0,74000,108000,-34000,-34000
054764,亞光國票98購01  ,0,0,0,0,0,0,0,0,0,-34000,0,0,0,26000,60000,-34000,-34000
054665,華通元富97購02  ,0,0,0,0,0,0,0,0,0,-34000,0,0,0,22000,56000,-34000,-34000
05393P,鴻海統一95售14  ,0,0,0,0,0,0,0,0,0,-34000,0,0,0,25000,59000,-34000,-34000
053724,聯詠凱基96購04  ,0,0,0,0,0,0,0,0,0,-34000,0,0,0,44000,78000,-34000,-34000
053310,彩晶凱基98購02  ,0,0,0,0,0,0,0,0,0,-34000,0,0,0,100000,134000,-34000,-34000
053181,滬深2X元富99購02,0,0,0,0,0,0,0,0,0,-34000,0,0,0,5000,39000,-34000,-34000
04399P,樺漢群益94售01  ,0,0,0,0,0,0,0,0,0,-34000,0,0,0,0,34000,-34000,-34000
046335,矽創元大92購04  ,0,0,0,0,0,0,0,0,0,-34000,0,0,0,136000,170000,-34000,-34000
045674,友達元大92購03  ,0,0,0,0,0,0,0,0,0,-34000,0,0,0,0,34000,-34000,-34000
045512,訊芯凱基92購01  ,0,0,0,0,0,0,0,0,0,-34000,0,0,0,50000,84000,-34000,-34000
049026,晶相光群益94購01,0,0,0,0,0,0,0,0,0,-34000,0,0,0,136000,170000,-34000,-34000
046404,友達元大93購02  ,0,0,0,0,0,0,0,0,0,-34000,0,0,0,12000,46000,-34000,-34000
046670,彩晶元大93購02  ,0,0,0,0,0,0,0,0,0,-34000,0,0,0,0,34000,-34000,-34000
047022,聯發科元大93購07,0,0,0,0,0,0,0,0,0,-34000,0,0,0,16000,50000,-34000,-34000
047183,台光電元大93購05,0,0,0,0,0,0,0,0,0,-34000,0,0,0,3000,37000,-34000,-34000
048407,貿聯群益93購04  ,0,0,0,0,0,0,0,0,0,-34000,0,0,0,12000,46000,-34000,-34000
048410,和碩群益93購01  ,0,0,0,0,0,0,0,0,0,-34000,0,0,0,3000,37000,-34000,-34000
047620,貿聯凱基93購01  ,0,0,0,0,0,0,0,0,0,-34000,0,0,0,56000,90000,-34000,-34000
04972P,緯穎元富94售03  ,0,0,0,0,0,0,0,0,0,-34000,0,0,0,42000,76000,-34000,-34000
049718,南亞科凱基94購04,0,0,0,0,0,0,0,0,0,-34000,0,0,0,0,34000,-34000,-34000
049703,訊芯元大95購01  ,0,0,0,0,0,0,0,0,0,-34000,0,0,0,313000,347000,-34000,-34000
049892,國巨富邦96購01  ,0,0,0,0,0,0,0,0,0,-34000,0,0,0,0,34000,-34000,-34000
046748,喬山凱基93購01  ,0,0,0,0,0,0,0,0,0,-34000,0,0,0,0,34000,-34000,-34000
052491,泰碩國票99購01  ,0,0,0,0,0,0,0,0,0,-34000,0,0,0,0,34000,-34000,-34000
051552,牧德永豐95購03  ,0,0,0,0,0,0,0,0,0,-34000,0,0,0,52000,86000,-34000,-34000
05041P,大立光凱基95售09,0,0,0,0,0,0,0,0,0,-34000,0,0,0,0,34000,-34000,-34000
05916P,聯發科元大96售20,0,0,0,0,0,0,0,0,0,-34000,0,0,0,122000,156000,-34000,-34000
05639P,欣興統一97售01  ,0,0,0,0,0,0,0,0,0,-34000,0,0,0,0,34000,-34000,-34000
053150,聯發科元大96購11,0,0,0,0,0,0,0,0,0,-35000,0,0,0,23000,58000,-35000,-35000
053298,SP黃豆凱基99購01,0,0,0,0,0,0,0,0,0,-35000,0,0,0,0,35000,-35000,-35000
053296,貿聯中信98購01  ,0,0,0,0,0,0,0,0,0,-35000,0,0,0,8000,43000,-35000,-35000
053788,泰鼎元大97購01  ,0,0,0,0,0,0,0,0,0,-35000,0,0,0,188000,223000,-35000,-35000
053817,華新科群益97購02,0,0,0,0,0,0,0,0,0,-35000,0,0,0,50000,85000,-35000,-35000
053525,台積電中信96購04,0,0,0,0,0,0,0,0,0,-35000,0,0,0,15000,50000,-35000,-35000
054592,美律永昌9A購01  ,0,0,0,0,0,0,0,0,0,-35000,0,0,0,53000,88000,-35000,-35000
05497P,聯詠統一96售01  ,0,0,0,0,0,0,0,0,0,-35000,0,0,0,0,35000,-35000,-35000
054944,精元元大97購01  ,0,0,0,0,0,0,0,0,0,-35000,0,0,0,0,35000,-35000,-35000
054370,台積電中信9A購01,0,0,0,0,0,0,0,0,0,-35000,0,0,0,83000,118000,-35000,-35000
054367,鴻海中信98購03  ,0,0,0,0,0,0,0,0,0,-35000,0,0,0,13000,48000,-35000,-35000
054576,健策元大98購03  ,0,0,0,0,0,0,0,0,0,-35000,0,0,0,133000,168000,-35000,-35000
046104,智伸科永豐92購02,0,0,0,0,0,0,0,0,0,-35000,0,0,0,121000,156000,-35000,-35000
04626P,聯發科元大94售07,0,0,0,0,0,0,0,0,0,-35000,0,0,0,10000,45000,-35000,-35000
042068,台灣50富邦93購02,0,0,0,0,0,0,0,0,0,-35000,0,0,0,0,35000,-35000,-35000
048592,漢唐群益93購04  ,0,0,0,0,0,0,0,0,0,-35000,0,0,0,3000,38000,-35000,-35000
048822,燿華凱基94購03  ,0,0,0,0,0,0,0,0,0,-35000,0,0,0,10000,45000,-35000,-35000
046666,欣興元大93購05  ,0,0,0,0,0,0,0,0,0,-35000,0,0,0,15000,50000,-35000,-35000
050356,緯穎群益94購05  ,0,0,0,0,0,0,0,0,0,-35000,0,0,0,32000,67000,-35000,-35000
050671,超眾永豐94購04  ,0,0,0,0,0,0,0,0,0,-35000,0,0,0,30000,65000,-35000,-35000
050137,臺指反國票96購01,0,0,0,0,0,0,0,0,0,-35000,0,0,0,0,35000,-35000,-35000
05029P,鴻海元富95售04  ,0,0,0,0,0,0,0,0,0,-35000,0,0,0,2000,37000,-35000,-35000
051072,強茂國票95購02  ,0,0,0,0,0,0,0,0,0,-35000,0,0,0,0,35000,-35000,-35000
050683,智原元富94購02  ,0,0,0,0,0,0,0,0,0,-35000,0,0,0,9000,44000,-35000,-35000
050875,訊芯永豐95購01  ,0,0,0,0,0,0,0,0,0,-35000,0,0,0,86000,121000,-35000,-35000
051939,同欣電群益97購01,0,0,0,0,0,0,0,0,0,-35000,0,0,0,64000,99000,-35000,-35000
052028,健策群益95購02  ,0,0,0,0,0,0,0,0,0,-35000,0,0,0,12000,47000,-35000,-35000
052476,台光電群益98購01,0,0,0,0,0,0,0,0,0,-35000,0,0,0,45000,80000,-35000,-35000
052392,台表科群益96購02,0,0,0,0,0,0,0,0,0,-35000,0,0,0,20000,55000,-35000,-35000
052605,聯發科元大96購06,0,0,0,0,0,0,0,0,0,-35000,0,0,0,100000,135000,-35000,-35000
052569,聯發科凱基96購08,0,0,0,0,0,0,0,0,0,-35000,0,0,0,35000,70000,-35000,-35000
055267,百和永豐97購01  ,0,0,0,0,0,0,0,0,0,-35000,0,0,0,130000,165000,-35000,-35000
06145P,華新科永豐97售02,0,0,0,0,0,0,0,0,0,-35000,0,0,0,127000,162000,-35000,-35000
054153,宏達電國泰97購01,0,0,0,0,0,0,0,0,0,-36000,0,0,0,346000,382000,-36000,-36000
054168,貿聯凱基97購02  ,0,0,0,0,0,0,0,0,0,-36000,0,0,0,0,36000,-36000,-36000
054188,欣興永豐96購03  ,0,0,0,0,0,0,0,0,0,-36000,0,0,0,527000,563000,-36000,-36000
053535,宏達電永豐96購02,0,0,0,0,0,0,0,0,0,-36000,0,0,0,33000,69000,-36000,-36000
045169,瀚宇博中信92購01,0,0,0,0,0,0,0,0,0,-36000,0,0,0,0,36000,-36000,-36000
046528,聯詠中信94購01  ,0,0,0,0,0,0,0,0,0,-36000,0,0,0,10000,46000,-36000,-36000
046821,奇鋐凱基93購02  ,0,0,0,0,0,0,0,0,0,-36000,0,0,0,61000,97000,-36000,-36000
048378,貿聯元富93購01  ,0,0,0,0,0,0,0,0,0,-36000,0,0,0,181000,217000,-36000,-36000
052540,華新科統一95購03,0,0,0,0,0,0,0,0,0,-36000,0,0,0,18000,54000,-36000,-36000
052269,T50反1日盛9B購01,0,0,0,0,0,0,0,0,0,-36000,0,0,0,0,36000,-36000,-36000
051504,TPK統一95購01   ,0,0,0,0,0,0,0,0,0,-36000,0,0,0,48000,84000,-36000,-36000
051045,南茂永豐95購01  ,0,0,0,0,0,0,0,0,0,-36000,0,0,0,43000,79000,-36000,-36000
051094,健策元大96購03  ,0,0,0,0,0,0,0,0,0,-36000,0,0,0,6000,42000,-36000,-36000
050181,富邦金元大94購02,0,0,0,0,0,0,0,0,0,-36000,0,0,0,83000,119000,-36000,-36000
1532,勤美            ,39000,75000,-36000,0,0,0,0,0,0,0,0,0,0,0,0,0,-36000
053410,啟碁兆豐96購01  ,0,0,0,0,0,0,0,0,0,-37000,0,0,0,0,37000,-37000,-37000
053947,義隆富邦97購01  ,0,0,0,0,0,0,0,0,0,-37000,0,0,0,10000,47000,-37000,-37000
053016,鈺齊統一96購01  ,0,0,0,0,0,0,0,0,0,-37000,0,0,0,23000,60000,-37000,-37000
052853,友達日盛99購01  ,0,0,0,0,0,0,0,0,0,-37000,0,0,0,2000,39000,-37000,-37000
054147,GIS元大96購02   ,0,0,0,0,0,0,0,0,0,-37000,0,0,0,10000,47000,-37000,-37000
054243,國喬元大96購01  ,0,0,0,0,0,0,0,0,0,-37000,0,0,0,100000,137000,-37000,-37000
054312,TPK凱基98購01   ,0,0,0,0,0,0,0,0,0,-37000,0,0,0,13000,50000,-37000,-37000
054953,華新科元大97購05,0,0,0,0,0,0,0,0,0,-37000,0,0,0,14000,51000,-37000,-37000
045086,玉晶光元大94購02,0,0,0,0,0,0,0,0,0,-37000,0,0,0,0,37000,-37000,-37000
043765,GIS元大93購04   ,0,0,0,0,0,0,0,0,0,-37000,0,0,0,215000,252000,-37000,-37000
048812,上証2X凱基96購01,0,0,0,0,0,0,0,0,0,-37000,0,0,0,0,37000,-37000,-37000
048590,貿聯兆豐94購02  ,0,0,0,0,0,0,0,0,0,-37000,0,0,0,51000,88000,-37000,-37000
046787,和鑫永豐93購01  ,0,0,0,0,0,0,0,0,0,-37000,0,0,0,244000,281000,-37000,-37000
047850,彩晶統一94購01  ,0,0,0,0,0,0,0,0,0,-37000,0,0,0,0,37000,-37000,-37000
047005,南亞科統一93購03,0,0,0,0,0,0,0,0,0,-37000,0,0,0,0,37000,-37000,-37000
046696,可成凱基93購02  ,0,0,0,0,0,0,0,0,0,-37000,0,0,0,1000,38000,-37000,-37000
047047,旺宏國票95購01  ,0,0,0,0,0,0,0,0,0,-37000,0,0,0,47000,84000,-37000,-37000
050135,禾伸堂兆豐95購01,0,0,0,0,0,0,0,0,0,-37000,0,0,0,30000,67000,-37000,-37000
051352,南亞科元大95購02,0,0,0,0,0,0,0,0,0,-37000,0,0,0,66000,103000,-37000,-37000
051007,台光電麥證95購01,0,0,0,20000,57000,-37000,0,0,0,-37000,0,0,0,20000,57000,-37000,-37000
051400,國巨永豐95購01  ,0,0,0,0,0,0,0,0,0,-37000,0,0,0,19000,56000,-37000,-37000
6197,佳必琪          ,25000,62000,-37000,0,0,0,0,0,0,0,0,0,0,0,0,0,-37000
8367,建新國際        ,11000,9000,2000,0,0,0,0,0,0,-39000,0,39000,-39000,0,0,0,-37000
054965,健策元大98購04  ,0,0,0,0,0,0,0,0,0,-38000,0,0,0,36000,74000,-38000,-38000
054597,南亞台新97購01  ,0,0,0,0,0,0,0,0,0,-38000,0,0,0,101000,139000,-38000,-38000
054384,瀚宇博群益96購02,0,0,0,0,0,0,0,0,0,-38000,0,0,0,11000,49000,-38000,-38000
053015,緯創統一96購01  ,0,0,0,0,0,0,0,0,0,-38000,0,0,0,10000,48000,-38000,-38000
053008,達方永豐96購01  ,0,0,0,0,0,0,0,0,0,-38000,0,0,0,0,38000,-38000,-38000
053326,瀚宇博台新96購01,0,0,0,0,0,0,0,0,0,-38000,0,0,0,0,38000,-38000,-38000
053221,彩晶凱基98購01  ,0,0,0,0,0,0,0,0,0,-38000,0,0,0,20000,58000,-38000,-38000
053903,燿華凱基97購01  ,0,0,0,0,0,0,0,0,0,-38000,0,0,0,0,38000,-38000,-38000
053792,百和元大96購01  ,0,0,0,0,0,0,0,0,0,-38000,0,0,0,15000,53000,-38000,-38000
053418,旺宏永豐96購02  ,0,0,0,0,0,0,0,0,0,-38000,0,0,0,7000,45000,-38000,-38000
044054,台積電元大92購08,0,0,0,0,0,0,0,0,0,-38000,0,0,0,0,38000,-38000,-38000
045808,台表科國票92購02,0,0,0,0,0,0,0,0,0,-38000,0,0,0,2000,40000,-38000,-38000
048905,旺宏富邦96購01  ,0,0,0,0,0,0,0,0,0,-38000,0,0,0,21000,59000,-38000,-38000
04716P,中石化凱基94售01,0,0,0,0,0,0,0,0,0,-38000,0,0,0,162000,200000,-38000,-38000
048231,台表科凱基93購06,0,0,0,0,0,0,0,0,0,-38000,0,0,0,16000,54000,-38000,-38000
04728P,美律亞東94售02  ,0,0,0,0,0,0,0,0,0,-38000,0,0,0,0,38000,-38000,-38000
049266,和碩元大94購01  ,0,0,0,0,0,0,0,0,0,-38000,0,0,0,33000,71000,-38000,-38000
046859,智伸科元大93購03,0,0,0,0,0,0,0,0,0,-38000,0,0,0,90000,128000,-38000,-38000
051870,台郡凱基95購04  ,0,0,0,0,0,0,0,0,0,-38000,0,0,0,2000,40000,-38000,-38000
051791,智伸科國票96購01,0,0,0,0,0,0,0,0,0,-38000,0,0,0,168000,206000,-38000,-38000
051794,臻鼎國票96購02  ,0,0,0,0,0,0,0,0,0,-38000,0,0,0,18000,56000,-38000,-38000
050897,嘉晶元大95購03  ,0,0,0,0,0,0,0,0,0,-38000,0,0,0,88000,126000,-38000,-38000
050939,健鼎國票96購01  ,0,0,0,0,0,0,0,0,0,-38000,0,0,0,6000,44000,-38000,-38000
050685,緯穎元富94購02  ,0,0,0,0,0,0,0,0,0,-38000,0,0,0,388000,426000,-38000,-38000
051281,健策兆豐96購01  ,0,0,0,0,0,0,0,0,0,-38000,0,0,0,5000,43000,-38000,-38000
051170,南電元大95購03  ,0,0,0,0,0,0,0,0,0,-38000,0,0,0,106000,144000,-38000,-38000
050642,和大凱基94購03  ,0,0,0,0,0,0,0,0,0,-38000,0,0,0,20000,58000,-38000,-38000
00678,群益NBI生技     ,0,38000,-38000,0,0,0,0,0,0,-104,0,0,0,0,104,-104,-38104
05314P,臺股指群益95售13,0,0,0,0,0,0,0,0,0,-39000,0,0,0,1000,40000,-39000,-39000
054428,禾伸堂富邦98購01,0,0,0,0,0,0,0,0,0,-39000,0,0,0,16000,55000,-39000,-39000
054327,亞光台新96購02  ,0,0,0,0,0,0,0,0,0,-39000,0,0,0,0,39000,-39000,-39000
054632,緯穎凱基9A購01  ,0,0,0,0,0,0,0,0,0,-39000,0,0,0,33000,72000,-39000,-39000
03109P,台積電元大01售41,0,0,0,0,0,0,0,0,0,-39000,0,0,0,32000,71000,-39000,-39000
04120P,智邦凱基93售09  ,0,0,0,0,0,0,0,0,0,-39000,0,0,0,31000,70000,-39000,-39000
042993,葡萄王元大94購01,0,0,0,0,0,0,0,0,0,-39000,0,0,0,0,39000,-39000,-39000
044108,華新科國票91購03,0,0,0,0,0,0,0,0,0,-39000,0,0,0,2000,41000,-39000,-39000
049059,超眾永豐94購01  ,0,0,0,0,0,0,0,0,0,-39000,0,0,0,10000,49000,-39000,-39000
049967,華新科國票94購07,0,0,0,0,0,0,0,0,0,-39000,0,0,0,25000,64000,-39000,-39000
047527,高鐵元大93購02  ,0,0,0,0,0,0,0,0,0,-39000,0,0,0,134000,173000,-39000,-39000
047780,友達中信96購01  ,0,0,0,0,0,0,0,0,0,-39000,0,0,0,83000,122000,-39000,-39000
049257,南亞科元大94購03,0,0,0,0,0,0,0,0,0,-39000,0,0,0,188000,227000,-39000,-39000
049177,美律凱基94購02  ,0,0,0,0,0,0,0,0,0,-39000,0,0,0,9000,48000,-39000,-39000
046625,勤誠凱基93購01  ,0,0,0,0,0,0,0,0,0,-39000,0,0,0,10000,49000,-39000,-39000
05006P,華通元富95售01  ,0,0,0,0,0,0,0,0,0,-39000,0,0,0,101000,140000,-39000,-39000
051102,訊芯元大96購01  ,0,0,0,0,0,0,0,0,0,-39000,0,0,0,271000,310000,-39000,-39000
051112,台郡統一95購01  ,0,0,0,0,0,0,0,0,0,-39000,0,0,0,142000,181000,-39000,-39000
050712,和碩中信94購01  ,0,0,0,0,0,0,0,0,0,-39000,0,0,0,10000,49000,-39000,-39000
051933,嘉聯益國票97購03,0,0,0,0,0,0,0,0,0,-39000,0,0,0,0,39000,-39000,-39000
051910,大立光元大97購01,0,0,0,0,0,0,0,0,0,-39000,0,0,0,1000,40000,-39000,-39000
051642,鈺齊台新95購01  ,0,0,0,0,0,0,0,0,0,-39000,0,0,0,61000,100000,-39000,-39000
06096P,全新永豐97售02  ,0,0,0,0,0,0,0,0,0,-39000,0,0,0,10000,49000,-39000,-39000
05485P,旺宏凱基95售08  ,0,0,0,0,0,0,0,0,0,-40000,0,0,0,0,40000,-40000,-40000
055008,隆達元富97購01  ,0,0,0,0,0,0,0,0,0,-40000,0,0,0,1000,41000,-40000,-40000
054320,國喬台新96購01  ,0,0,0,0,0,0,0,0,0,-40000,0,0,0,0,40000,-40000,-40000
05429P,鴻海統一95售16  ,0,0,0,0,0,0,0,0,0,-40000,0,0,0,41000,81000,-40000,-40000
05455P,聯詠日盛95售01  ,0,0,0,0,0,0,0,0,0,-40000,0,0,0,0,40000,-40000,-40000
054078,鴻海中信98購01  ,0,0,0,0,0,0,0,0,0,-40000,0,0,0,0,40000,-40000,-40000
052793,健鼎兆豐96購01  ,0,0,0,0,0,0,0,0,0,-40000,0,0,0,90000,130000,-40000,-40000
053931,楠梓電統一96購01,0,0,0,0,0,0,0,0,0,-40000,0,0,0,0,40000,-40000,-40000
053929,正文國票97購01  ,0,0,0,0,0,0,0,0,0,-40000,0,0,0,20000,60000,-40000,-40000
053830,台積電台新96購02,0,0,0,0,0,0,0,0,0,-40000,0,0,0,70000,110000,-40000,-40000
048910,和鑫富邦98購01  ,0,0,0,0,0,0,0,0,0,-40000,0,0,0,33000,73000,-40000,-40000
045535,A50正2群益94購01,0,0,0,0,0,0,0,0,0,-40000,0,0,0,10000,50000,-40000,-40000
045478,世紀鋼元大93購02,0,0,0,0,0,0,0,0,0,-40000,0,0,0,0,40000,-40000,-40000
045836,群創群益98購01  ,0,0,0,0,0,0,0,0,0,-40000,0,0,0,0,40000,-40000,-40000
044876,同欣電統一91購01,0,0,0,0,0,0,0,0,0,-40000,0,0,0,28000,68000,-40000,-40000
044465,元油2X群益97購01,0,0,0,0,0,0,0,0,0,-40000,0,0,0,30000,70000,-40000,-40000
044954,可成凱基92購01  ,0,0,0,0,0,0,0,0,0,-40000,0,0,0,0,40000,-40000,-40000
044194,GIS兆豐92購01   ,0,0,0,0,0,0,0,0,0,-40000,0,0,0,0,40000,-40000,-40000
044219,智原凱基91購03  ,0,0,0,0,0,0,0,0,0,-40000,0,0,0,0,40000,-40000,-40000
045664,元油2X元富96購01,0,0,0,0,0,0,0,0,0,-40000,0,0,0,0,40000,-40000,-40000
042137,元油2X元大93購01,0,0,0,0,0,0,0,0,0,-40000,0,0,0,0,40000,-40000,-40000
043961,道瓊反國泰94購01,0,0,0,0,0,0,0,0,0,-40000,0,0,0,0,40000,-40000,-40000
03017X,元展17          ,0,0,0,0,0,0,0,0,0,-40000,0,0,0,0,40000,-40000,-40000
047388,京元電元大95購01,0,0,0,0,0,0,0,0,0,-40000,0,0,0,10000,50000,-40000,-40000
048117,南電群益93購02  ,0,0,0,0,0,0,0,0,0,-40000,0,0,0,91000,131000,-40000,-40000
049296,義隆群益96購01  ,0,0,0,0,0,0,0,0,0,-40000,0,0,0,0,40000,-40000,-40000
049458,SP黃豆元富96購01,0,0,0,0,0,0,0,0,0,-40000,0,0,0,20000,60000,-40000,-40000
049191,元油2X永豐95購01,0,0,0,0,0,0,0,0,0,-40000,0,0,0,0,40000,-40000,-40000
048432,全新國票95購01  ,0,0,0,0,0,0,0,0,0,-40000,0,0,0,30000,70000,-40000,-40000
048225,全新凱基93購03  ,0,0,0,0,0,0,0,0,0,-40000,0,0,0,0,40000,-40000,-40000
04746P,臺股指元大94售17,0,0,0,0,0,0,0,0,0,-40000,0,0,0,0,40000,-40000,-40000
046913,世紀鋼凱基93購07,0,0,0,0,0,0,0,0,0,-40000,0,0,0,20000,60000,-40000,-40000
047234,晶技凱基93購01  ,0,0,0,0,0,0,0,0,0,-40000,0,0,0,0,40000,-40000,-40000
04696P,亞德客國泰95售02,0,0,0,0,0,0,0,0,0,-40000,0,0,0,33000,73000,-40000,-40000
046650,台表科國泰94購01,0,0,0,0,0,0,0,0,0,-40000,0,0,0,0,40000,-40000,-40000
047718,達興凱基94購01  ,0,0,0,0,0,0,0,0,0,-40000,0,0,0,0,40000,-40000,-40000
047885,元金2X富邦99購01,0,0,0,0,0,0,0,0,0,-40000,0,0,0,5000,45000,-40000,-40000
047541,深中小凱基94購01,0,0,0,0,0,0,0,0,0,-40000,0,0,0,0,40000,-40000,-40000
048326,滬深2X國泰94購03,0,0,0,0,0,0,0,0,0,-40000,0,0,0,10000,50000,-40000,-40000
046752,華泰凱基93購01  ,0,0,0,0,0,0,0,0,0,-40000,0,0,0,0,40000,-40000,-40000
048571,美利達元大96購03,0,0,0,0,0,0,0,0,0,-40000,0,0,0,0,40000,-40000,-40000
049831,日月光凱基94購01,0,0,0,0,0,0,0,0,0,-40000,0,0,0,30000,70000,-40000,-40000
049532,同欣電台新94購01,0,0,0,0,0,0,0,0,0,-40000,0,0,0,0,40000,-40000,-40000
048825,華新科凱基94購05,0,0,0,0,0,0,0,0,0,-40000,0,0,0,3000,43000,-40000,-40000
049586,正崴元大94購01  ,0,0,0,0,0,0,0,0,0,-40000,0,0,0,12000,52000,-40000,-40000
05165P,欣興元富95售03  ,0,0,0,0,0,0,0,0,0,-40000,0,0,0,0,40000,-40000,-40000
051461,聯詠國泰96購01  ,0,0,0,0,0,0,0,0,0,-40000,0,0,0,58000,98000,-40000,-40000
052226,旺宏凱基95購06  ,0,0,0,0,0,0,0,0,0,-40000,0,0,0,3000,43000,-40000,-40000
052494,百和中信95購02  ,0,0,0,0,0,0,0,0,0,-40000,0,0,0,4000,44000,-40000,-40000
050854,世紀鋼國票97購01,0,0,0,0,0,0,0,0,0,-40000,0,0,0,0,40000,-40000,-40000
055222,臺股指凱基97購05,0,0,0,0,0,0,0,0,0,-40000,0,0,0,0,40000,-40000,-40000
05634P,玉晶光台新97售01,0,0,0,0,0,0,0,0,0,-40000,0,0,0,0,40000,-40000,-40000
06001P,樺漢台新96售01  ,0,0,0,0,0,0,0,0,0,-40000,0,0,0,0,40000,-40000,-40000
052927,友達元大98購02  ,0,0,0,0,0,0,0,0,0,-41000,0,0,0,0,41000,-41000,-41000
054465,亞光凱基97購01  ,0,0,0,0,0,0,0,0,0,-41000,0,0,0,24000,65000,-41000,-41000
054319,世紀鋼凱基96購02,0,0,0,0,0,0,0,0,0,-41000,0,0,0,49000,90000,-41000,-41000
043954,京元電統一91購02,0,0,0,0,0,0,0,0,0,-41000,0,0,0,4000,45000,-41000,-41000
045720,台光電凱基93購07,0,0,0,0,0,0,0,0,0,-41000,0,0,0,0,41000,-41000,-41000
046150,欣興國票92購02  ,0,0,0,0,0,0,0,0,0,-41000,0,0,0,0,41000,-41000,-41000
046858,群創元大94購02  ,0,0,0,0,0,0,0,0,0,-41000,0,0,0,572000,613000,-41000,-41000
046853,友達元大93購03  ,0,0,0,0,0,0,0,0,0,-41000,0,0,0,0,41000,-41000,-41000
049826,光磊凱基94購02  ,0,0,0,0,0,0,0,0,0,-41000,0,0,0,32000,73000,-41000,-41000
049890,嘉澤國泰95購01  ,0,0,0,0,0,0,0,0,0,-41000,0,0,0,0,41000,-41000,-41000
049149,華新科元大95購03,0,0,0,0,0,0,0,0,0,-41000,0,0,0,18000,59000,-41000,-41000
050704,復盛凱基94購03  ,1000,0,1000,0,0,0,0,0,0,-42000,0,0,0,25000,67000,-42000,-41000
050729,聯鈞國票94購01  ,0,0,0,0,0,0,0,0,0,-41000,0,0,0,5000,46000,-41000,-41000
051312,國泰金麥證95購01,0,0,0,20000,61000,-41000,0,0,0,-41000,0,0,0,20000,61000,-41000,-41000
052399,台光電凱基95購03,0,0,0,0,0,0,0,0,0,-41000,0,0,0,0,41000,-41000,-41000
051899,欣興國泰97購01  ,0,0,0,0,0,0,0,0,0,-41000,0,0,0,143000,184000,-41000,-41000
052016,神基永豐95購01  ,0,0,0,0,0,0,0,0,0,-41000,0,0,0,0,41000,-41000,-41000
05676P,欣興群益96售04  ,0,0,0,0,0,0,0,0,0,-41000,0,0,0,9000,50000,-41000,-41000
1234,黑松            ,22000,63000,-41000,0,0,0,0,0,0,0,0,0,0,0,0,0,-41000
4133,亞諾法          ,0,41000,-41000,0,0,0,0,0,0,0,0,0,0,0,0,0,-41000
054365,遠東新中信96購01,0,0,0,0,0,0,0,0,0,-42000,0,0,0,0,42000,-42000,-42000
05299P,旺宏元大95售04  ,0,0,0,0,0,0,0,0,0,-42000,0,0,0,0,42000,-42000,-42000
052987,華新科元大99購01,0,0,0,0,0,0,0,0,0,-42000,0,0,0,0,42000,-42000,-42000
05280P,華通元大95售08  ,0,0,0,0,0,0,0,0,0,-42000,0,0,0,0,42000,-42000,-42000
053361,友達元富99購01  ,0,0,0,0,0,0,0,0,0,-42000,0,0,0,2000,44000,-42000,-42000
053529,國巨麥證96購01  ,0,0,0,0,42000,-42000,0,0,0,-42000,0,0,0,0,42000,-42000,-42000
053515,致伸群益96購02  ,0,0,0,0,0,0,0,0,0,-42000,0,0,0,11000,53000,-42000,-42000
045119,美律元大92購06  ,0,0,0,0,0,0,0,0,0,-42000,0,0,0,58000,100000,-42000,-42000
04575P,新日興統一94售02,0,0,0,0,0,0,0,0,0,-42000,0,0,0,15000,57000,-42000,-42000
04923P,GIS凱基94售06   ,0,0,0,0,0,0,0,0,0,-42000,0,0,0,158000,200000,-42000,-42000
047198,奇鋐統一93購01  ,0,0,0,0,0,0,0,0,0,-42000,0,0,0,58000,100000,-42000,-42000
049598,超眾元大95購03  ,0,0,0,0,0,0,0,0,0,-42000,0,0,0,70000,112000,-42000,-42000
051986,燿華元大96購04  ,0,0,0,0,0,0,0,0,0,-42000,0,0,0,33000,75000,-42000,-42000
051401,華新科永豐95購01,0,0,0,0,0,0,0,0,0,-42000,0,0,0,10000,52000,-42000,-42000
052508,矽力日盛95購02  ,0,0,0,0,0,0,0,0,0,-42000,0,0,0,38000,80000,-42000,-42000
050869,健策永豐95購01  ,0,0,0,0,0,0,0,0,0,-42000,0,0,0,83000,125000,-42000,-42000
050226,華新科中信94購01,0,0,0,0,0,0,0,0,0,-42000,0,0,0,11000,53000,-42000,-42000
050325,台積電永豐94購05,0,0,0,0,0,0,0,0,0,-42000,0,0,0,60000,102000,-42000,-42000
05044P,亞德客永豐95售01,0,0,0,0,0,0,0,0,0,-42000,0,0,0,0,42000,-42000,-42000
05941P,聯發科凱基96售22,0,0,0,0,0,0,0,0,0,-42000,0,0,0,0,42000,-42000,-42000
05625P,國巨國票97售01  ,0,0,0,0,0,0,0,0,0,-42000,0,0,0,13000,55000,-42000,-42000
052741,聯發科元大96購08,0,0,0,0,0,0,0,0,0,-43000,0,0,0,18000,61000,-43000,-43000
05419P,矽力永豐95售02  ,0,0,0,0,0,0,0,0,0,-43000,0,0,0,0,43000,-43000,-43000
054846,瑞昱兆豐97購01  ,0,0,0,0,0,0,0,0,0,-43000,0,0,0,30000,73000,-43000,-43000
044061,聯發科元大92購03,0,0,0,0,0,0,0,0,0,-43000,0,0,0,0,43000,-43000,-43000
03763P,聯發科元富96售01,0,0,0,0,0,0,0,0,0,-43000,0,0,0,17000,60000,-43000,-43000
03421B,臺股指元大99熊01,0,0,0,0,0,0,0,0,0,-43000,0,0,0,0,43000,-43000,-43000
048615,貿聯凱基93購04  ,0,0,0,0,0,0,0,0,0,-43000,0,0,0,0,43000,-43000,-43000
048316,可成凱基93購15  ,0,0,0,0,0,0,0,0,0,-43000,0,0,0,45000,88000,-43000,-43000
048199,大立光元大94購03,0,0,0,0,0,0,0,0,0,-43000,0,0,0,32000,75000,-43000,-43000
046381,緯創凱基93購03  ,0,0,0,0,0,0,0,0,0,-43000,0,0,0,20000,63000,-43000,-43000
050460,GIS元大95購03   ,0,0,0,0,0,0,0,0,0,-43000,0,0,0,65000,108000,-43000,-43000
052377,景碩元大96購02  ,0,0,0,0,0,0,0,0,0,-43000,0,0,0,191000,234000,-43000,-43000
052374,瑞昱元大95購02  ,0,0,0,0,0,0,0,0,0,-43000,0,0,0,214000,257000,-43000,-43000
052441,亞泥元大95購01  ,0,0,0,0,0,0,0,0,0,-43000,0,0,0,85000,128000,-43000,-43000
052688,新日興元大96購01,0,0,0,0,0,0,0,0,0,-43000,0,0,0,247000,290000,-43000,-43000
05264P,微星元大95售02  ,0,0,0,0,0,0,0,0,0,-43000,0,0,0,25000,68000,-43000,-43000
052134,智邦凱基95購09  ,0,0,0,0,0,0,0,0,0,-43000,0,0,0,53000,96000,-43000,-43000
1558,伸興            ,3000,38000,-35000,0,0,0,0,0,0,-8000,0,8000,-8000,0,0,0,-43000
054715,中橡康和97購01  ,0,0,0,0,0,0,0,0,0,-44000,0,0,0,1000,45000,-44000,-44000
054567,拓凱群益98購01  ,0,0,0,0,0,0,0,0,0,-44000,0,0,0,22000,66000,-44000,-44000
052824,揚明光永豐96購02,0,0,0,0,0,0,0,0,0,-44000,0,0,0,44000,88000,-44000,-44000
053780,南亞科元大96購03,0,0,0,0,0,0,0,0,0,-44000,0,0,0,45000,89000,-44000,-44000
053670,台積電統一96購09,0,0,0,0,0,0,0,0,0,-44000,0,0,0,60000,104000,-44000,-44000
044205,聯茂亞東92購01  ,0,0,0,0,0,0,0,0,0,-44000,0,0,0,0,44000,-44000,-44000
044299,南電凱基93購02  ,0,0,0,0,0,0,0,0,0,-44000,0,0,0,0,44000,-44000,-44000
044306,瑞儀兆豐93購02  ,0,0,0,0,0,0,0,0,0,-44000,0,0,0,5000,49000,-44000,-44000
045148,友達凱基92購01  ,0,0,0,0,0,0,0,0,0,-44000,0,0,0,0,44000,-44000,-44000
045158,和碩凱基92購01  ,0,0,0,0,0,0,0,0,0,-44000,0,0,0,0,44000,-44000,-44000
045613,祥碩群益92購01  ,0,0,0,0,0,0,0,0,0,-44000,0,0,0,1000,45000,-44000,-44000
048888,牧德元富94購02  ,0,0,0,0,0,0,0,0,0,-44000,0,0,0,0,44000,-44000,-44000
048201,智易元大93購06  ,0,0,0,0,0,0,0,0,0,-44000,0,0,0,70000,114000,-44000,-44000
046501,友達元大92購05  ,0,0,0,0,0,0,0,0,0,-44000,0,0,0,0,44000,-44000,-44000
046832,嘉晶群益93購01  ,0,0,0,0,0,0,0,0,0,-44000,0,0,0,0,44000,-44000,-44000
047638,瑞昱元大93購11  ,0,0,0,0,0,0,0,0,0,-44000,0,0,0,11000,55000,-44000,-44000
049847,旺宏群益94購04  ,0,0,0,0,0,0,0,0,0,-44000,0,0,0,0,44000,-44000,-44000
049627,嘉聯益群益94購02,0,0,0,0,0,0,0,0,0,-44000,0,0,0,0,44000,-44000,-44000
052237,嘉澤國票96購02  ,0,0,0,0,0,0,0,0,0,-44000,0,0,0,6000,50000,-44000,-44000
050601,台表科國泰96購01,0,0,0,0,0,0,0,0,0,-44000,0,0,0,23000,67000,-44000,-44000
050802,康控群益95購01  ,0,0,0,0,0,0,0,0,0,-44000,0,0,0,0,44000,-44000,-44000
06084P,宏達電元富97售02,0,0,0,0,0,0,0,0,0,-44000,0,0,0,0,44000,-44000,-44000
2616,山隆            ,17000,61000,-44000,0,0,0,0,0,0,0,0,0,0,0,0,0,-44000
055292,聯鈞元大97購02  ,0,0,0,0,0,0,0,0,0,-44000,0,0,0,26000,70000,-44000,-44000
053066,欣興群益96購02  ,0,0,0,0,0,0,0,0,0,-45000,0,0,0,74000,119000,-45000,-45000
054556,世芯凱基99購01  ,0,0,0,0,0,0,0,0,0,-45000,0,0,0,22000,67000,-45000,-45000
054702,智邦第一97購01  ,0,0,0,0,0,0,0,0,0,-45000,0,0,0,0,45000,-45000,-45000
054749,聯茂凱基98購01  ,0,0,0,0,0,0,0,0,0,-45000,0,0,0,0,45000,-45000,-45000
054793,牧德群益9A購01  ,0,0,0,0,0,0,0,0,0,-45000,0,0,0,50000,95000,-45000,-45000
04889P,華通元大94售03  ,0,0,0,0,0,0,0,0,0,-45000,0,0,0,5000,50000,-45000,-45000
046339,訊芯中信92購01  ,0,0,0,0,0,0,0,0,0,-45000,0,0,0,15000,60000,-45000,-45000
04230P,臺股指中信95售06,0,0,0,0,0,0,0,0,0,-45000,0,0,0,5000,50000,-45000,-45000
04379P,大立光元大94售06,0,0,0,0,0,0,0,0,0,-45000,0,0,0,0,45000,-45000,-45000
040508,上証2X國泰93購01,0,0,0,0,0,0,0,0,0,-45000,0,0,0,0,45000,-45000,-45000
047559,彩晶凱基94購03  ,0,0,0,0,0,0,0,0,0,-45000,0,0,0,112000,157000,-45000,-45000
048379,台郡元富96購01  ,0,0,0,0,0,0,0,0,0,-45000,0,0,0,0,45000,-45000,-45000
048384,遠東新國票94購01,0,0,0,0,0,0,0,0,0,-45000,0,0,0,0,45000,-45000,-45000
047698,瑞儀日盛93購01  ,0,0,0,0,0,0,0,0,0,-45000,0,0,0,0,45000,-45000,-45000
048261,鴻海元富95購01  ,0,0,0,0,0,0,0,0,0,-45000,0,0,0,5000,50000,-45000,-45000
050833,台郡凱基95購01  ,0,0,0,0,0,0,0,0,0,-45000,0,0,0,25000,70000,-45000,-45000
05062P,大立光富邦98售03,0,0,0,0,0,0,0,0,0,-45000,0,0,0,34000,79000,-45000,-45000
052141,百和凱基95購02  ,0,0,0,0,0,0,0,0,0,-45000,0,0,0,33000,78000,-45000,-45000
052411,嘉聯益亞東95購02,0,0,0,0,0,0,0,0,0,-45000,0,0,0,0,45000,-45000,-45000
051555,聯茂永豐95購01  ,0,0,0,0,0,0,0,0,0,-45000,0,0,0,0,45000,-45000,-45000
05602P,國巨元大96售06  ,0,0,0,0,0,0,0,0,0,-45000,0,0,0,0,45000,-45000,-45000
05688P,臺股指元大96售13,0,0,0,0,0,0,0,0,0,-45000,0,0,0,113000,158000,-45000,-45000
05788P,臺股指永昌96售05,0,0,0,0,0,0,0,0,0,-45000,0,0,0,150000,195000,-45000,-45000
05413P,台郡國票96售02  ,0,0,0,0,0,0,0,0,0,-46000,0,0,0,0,46000,-46000,-46000
053121,上証2X凱基9C購01,0,0,0,0,0,0,0,0,0,-46000,0,0,0,0,46000,-46000,-46000
052950,超眾國票98購01  ,0,0,0,0,0,0,0,0,0,-46000,0,0,0,94000,140000,-46000,-46000
05366P,鴻海元富95售12  ,0,0,0,0,0,0,0,0,0,-46000,0,0,0,0,46000,-46000,-46000
053785,聯詠元大96購05  ,0,0,0,0,0,0,0,0,0,-46000,0,0,0,52000,98000,-46000,-46000
053627,宏碁兆豐97購01  ,0,0,0,0,0,0,0,0,0,-46000,0,0,0,20000,66000,-46000,-46000
053422,可成永豐96購01  ,0,0,0,0,0,0,0,0,0,-46000,0,0,0,31000,77000,-46000,-46000
035277,景碩台新97購01  ,0,0,0,0,0,0,0,0,0,-46000,0,0,0,15000,61000,-46000,-46000
046200,上海銀凱基93購01,0,0,0,0,0,0,0,0,0,-46000,0,0,0,1000,47000,-46000,-46000
049259,聯發科元大94購04,0,0,0,0,0,0,0,0,0,-46000,0,0,0,18000,64000,-46000,-46000
051647,華新科永豐95購02,0,0,0,0,0,0,0,0,0,-46000,0,0,0,5000,51000,-46000,-46000
052517,滬深2X元大95購05,0,0,0,0,0,0,0,0,0,-46000,0,0,0,14000,60000,-46000,-46000
050409,華通永豐94購01  ,0,0,0,0,0,0,0,0,0,-46000,0,0,0,0,46000,-46000,-46000
050197,矽格元大94購04  ,0,0,0,0,0,0,0,0,0,-46000,0,0,0,26000,72000,-46000,-46000
05613P,臻鼎台新96售01  ,0,0,0,0,0,0,0,0,0,-46000,0,0,0,70000,116000,-46000,-46000
2903,遠百            ,317000,364000,-47000,0,0,0,0,0,0,1000,1000,0,1000,0,0,0,-46000
6226,光鼎            ,19000,65000,-46000,0,0,0,0,0,0,0,0,0,0,0,0,0,-46000
6112,聚碩            ,11000,57800,-46800,0,0,0,0,0,0,0,0,0,0,0,0,0,-46800
053292,美律中信98購01  ,0,0,0,0,0,0,0,0,0,-47000,0,0,0,18000,65000,-47000,-47000
054231,國巨群益98購03  ,0,0,0,0,0,0,0,0,0,-47000,0,0,0,6000,53000,-47000,-47000
054254,晶豪科元大96購02,0,0,0,0,0,0,0,0,0,-47000,0,0,0,30000,77000,-47000,-47000
055110,美律凱基98購02  ,0,0,0,0,0,0,0,0,0,-47000,0,0,0,0,47000,-47000,-47000
049079,聯發科凱基94購04,0,0,0,0,0,0,0,0,0,-47000,0,0,0,11000,58000,-47000,-47000
043847,台光電國泰92購01,0,0,0,0,0,0,0,0,0,-47000,0,0,0,0,47000,-47000,-47000
00640L,富邦日本正2     ,0,57000,-57000,0,0,0,0,0,0,10000,0,0,0,300000,290000,10000,-47000
047880,聯發科國泰94購03,0,0,0,0,0,0,0,0,0,-47000,0,0,0,13000,60000,-47000,-47000
049519,新光金國票95購03,0,0,0,0,0,0,0,0,0,-47000,0,0,0,3000,50000,-47000,-47000
048406,欣興群益93購09  ,0,0,0,0,0,0,0,0,0,-47000,0,0,0,11000,58000,-47000,-47000
052542,友達元富98購01  ,0,0,0,0,0,0,0,0,0,-47000,0,0,0,1000,48000,-47000,-47000
051409,美律國票96購01  ,0,0,0,0,0,0,0,0,0,-47000,0,0,0,0,47000,-47000,-47000
051491,貿聯凱基95購01  ,0,0,0,0,0,0,0,0,0,-47000,0,0,0,15000,62000,-47000,-47000
051958,貿聯台新95購01  ,0,0,0,0,0,0,0,0,0,-47000,0,0,0,10000,57000,-47000,-47000
05708P,奇力新國票97售04,0,0,0,0,0,0,0,0,0,-47000,0,0,0,0,47000,-47000,-47000
054128,台積電元大97購10,0,0,0,0,0,0,0,0,0,-48000,0,0,0,275000,323000,-48000,-48000
054113,奇力新台新97購01,0,0,0,0,0,0,0,0,0,-48000,0,0,0,55000,103000,-48000,-48000
054338,全新統一96購01  ,0,0,0,0,0,0,0,0,0,-48000,0,0,0,84000,132000,-48000,-48000
052911,友達統一97購02  ,0,0,0,0,0,0,0,0,0,-48000,0,0,0,40000,88000,-48000,-48000
052975,嘉聯益群益96購01,0,0,0,0,0,0,0,0,0,-48000,0,0,0,0,48000,-48000,-48000
052961,國巨凱基97購02  ,0,0,0,0,0,0,0,0,0,-48000,0,0,0,50000,98000,-48000,-48000
053349,台郡國票97購02  ,0,0,0,0,0,0,0,0,0,-48000,0,0,0,0,48000,-48000,-48000
00702,國泰標普低波高息,0,0,0,0,0,0,0,0,0,-48000,0,0,0,16000,64000,-48000,-48000
043928,致茂永豐91購01  ,0,0,0,0,0,0,0,0,0,-48000,0,0,0,0,48000,-48000,-48000
049188,可成台新94購01  ,0,0,0,0,0,0,0,0,0,-48000,0,0,0,22000,70000,-48000,-48000
047386,南亞科元大93購01,0,0,0,0,0,0,0,0,0,-48000,0,0,0,33000,81000,-48000,-48000
046618,南亞科凱基93購01,0,0,0,0,0,0,0,0,0,-48000,0,0,0,24000,72000,-48000,-48000
048167,旺宏永豐93購04  ,0,0,0,0,0,0,0,0,0,-48000,0,0,0,352000,400000,-48000,-48000
047782,燿華國泰95購01  ,0,0,0,0,0,0,0,0,0,-48000,0,0,0,53000,101000,-48000,-48000
04831P,聯詠富邦96售01  ,0,0,0,0,0,0,0,0,0,-48000,0,0,0,2000,50000,-48000,-48000
051384,康友群益95購01  ,0,0,0,0,0,0,0,0,0,-48000,0,0,0,110000,158000,-48000,-48000
052110,可成元富95購02  ,0,0,0,0,0,0,0,0,0,-48000,0,0,0,83000,131000,-48000,-48000
050193,臻鼎元大94購02  ,0,0,0,0,0,0,0,0,0,-48000,0,0,0,2000,50000,-48000,-48000
051362,台郡元大95購04  ,0,0,0,0,0,0,0,0,0,-48000,0,0,0,56000,104000,-48000,-48000
051334,宏達電永豐95購01,0,0,0,0,0,0,0,0,0,-48000,0,0,0,31000,79000,-48000,-48000
055404,超眾元富97購01  ,0,0,0,0,0,0,0,0,0,-48000,0,0,0,0,48000,-48000,-48000
053871,臻鼎元大96購03  ,0,0,0,0,0,0,0,0,0,-49000,0,0,0,2000,51000,-49000,-49000
053882,聯發科中信98購02,0,0,0,0,0,0,0,0,0,-49000,0,0,0,80000,129000,-49000,-49000
03644C,臺股指元大94牛28,0,0,0,0,0,0,0,0,0,-49000,0,0,0,41000,90000,-49000,-49000
03844P,康友元富93售03  ,0,0,0,0,0,0,0,0,0,-49000,0,0,0,0,49000,-49000,-49000
045662,華邦電統一94購02,0,0,0,0,0,0,0,0,0,-49000,0,0,0,92000,141000,-49000,-49000
044770,漢唐元大93購02  ,0,0,0,0,0,0,0,0,0,-49000,0,0,0,1000,50000,-49000,-49000
049086,晶相光凱基94購01,0,0,0,0,0,0,0,0,0,-49000,0,0,0,132000,181000,-49000,-49000
049018,光罩群益94購01  ,0,0,0,0,0,0,0,0,0,-49000,0,0,0,6000,55000,-49000,-49000
048787,義隆元大94購02  ,0,0,0,0,0,0,0,0,0,-49000,0,0,0,2000,51000,-49000,-49000
048795,復盛元大94購01  ,0,0,0,0,0,0,0,0,0,-49000,0,0,0,6000,55000,-49000,-49000
044318,群創永豐91購01  ,0,0,0,0,0,0,0,0,0,-49000,0,0,0,46000,95000,-49000,-49000
047651,復盛元大93購01  ,0,0,0,0,0,0,0,0,0,-49000,0,0,0,56000,105000,-49000,-49000
047928,禾伸堂凱基93購04,0,0,0,0,0,0,0,0,0,-49000,0,0,0,1000,50000,-49000,-49000
047961,百和永豐93購03  ,0,0,0,0,0,0,0,0,0,-49000,0,0,0,102000,151000,-49000,-49000
049279,元油2X國票94購02,0,0,0,0,0,0,0,0,0,-49000,0,0,0,105000,154000,-49000,-49000
048172,祥碩永豐93購02  ,0,0,0,0,0,0,0,0,0,-49000,0,0,0,121000,170000,-49000,-49000
048111,奇力新群益93購06,0,0,0,0,0,0,0,0,0,-49000,0,0,0,22000,71000,-49000,-49000
049166,元油2X凱基97購02,0,0,0,0,0,0,0,0,0,-49000,0,0,0,0,49000,-49000,-49000
050087,美食台新94購01  ,0,0,0,0,0,0,0,0,0,-49000,0,0,0,21000,70000,-49000,-49000
050113,欣興元大95購05  ,0,0,0,0,0,0,0,0,0,-49000,0,0,0,1000,50000,-49000,-49000
050468,矽格中信94購01  ,0,0,0,0,0,0,0,0,0,-49000,0,0,0,1000,50000,-49000,-49000
052068,瑞儀兆豐96購01  ,0,0,0,0,0,0,0,0,0,-49000,0,0,0,10000,59000,-49000,-49000
052130,國巨凱基9B購01  ,0,0,0,0,0,0,0,0,0,-49000,0,0,0,23000,72000,-49000,-49000
052559,茂林國票97購01  ,0,0,0,0,0,0,0,0,0,-49000,0,0,0,1000,50000,-49000,-49000
051671,和鑫元大96購02  ,0,0,0,0,0,0,0,0,0,-49000,0,0,0,55000,104000,-49000,-49000
05814P,臺股指國票96售07,0,0,0,0,0,0,0,0,0,-49000,0,0,0,0,49000,-49000,-49000
053859,台積電元大97購09,0,0,0,0,0,0,0,0,0,-50000,0,0,0,60000,110000,-50000,-50000
053857,宏達電富邦97購02,0,0,0,0,0,0,0,0,0,-50000,0,0,0,0,50000,-50000,-50000
053408,友達兆豐98購01  ,0,0,0,0,0,0,0,0,0,-50000,0,0,0,0,50000,-50000,-50000
053644,台表科國票97購03,0,0,0,0,0,0,0,0,0,-50000,0,0,0,15000,65000,-50000,-50000
052726,鴻海元富96購03  ,0,0,0,0,0,0,0,0,0,-50000,0,0,0,50000,100000,-50000,-50000
053140,燿華永豐96購02  ,0,0,0,0,0,0,0,0,0,-50000,0,0,0,22000,72000,-50000,-50000
054422,T50反1富邦9A購01,0,0,0,0,0,0,0,0,0,-50000,0,0,0,0,50000,-50000,-50000
054555,欣興凱基98購01  ,0,0,0,0,0,0,0,0,0,-50000,0,0,0,61000,111000,-50000,-50000
054523,GIS元大96購05   ,0,0,0,0,0,0,0,0,0,-50000,0,0,0,0,50000,-50000,-50000
054525,奇鋐元富96購01  ,0,0,0,0,0,0,0,0,0,-50000,0,0,0,0,50000,-50000,-50000
054160,華泰凱基98購01  ,0,0,0,0,0,0,0,0,0,-50000,0,0,0,0,50000,-50000,-50000
054180,亞泥康和96購01  ,0,0,0,0,0,0,0,0,0,-50000,0,0,0,0,50000,-50000,-50000
055112,晶豪科凱基98購01,0,0,0,0,0,0,0,0,0,-50000,0,0,0,0,50000,-50000,-50000
055181,日電貿統一97購01,0,0,0,0,0,0,0,0,0,-50000,0,0,0,0,50000,-50000,-50000
054931,緯穎凱基98購01  ,0,0,0,0,0,0,0,0,0,-50000,0,0,0,17000,67000,-50000,-50000
054807,台化元大9A購02  ,0,0,0,0,0,0,0,0,0,-50000,0,0,0,0,50000,-50000,-50000
044937,瀚宇博元大91購02,0,0,0,0,0,0,0,0,0,-50000,0,0,0,0,50000,-50000,-50000
046116,京元電元大92購05,0,0,0,0,0,0,0,0,0,-50000,0,0,0,0,50000,-50000,-50000
045323,可成統一92購03  ,0,0,0,0,0,0,0,0,0,-50000,0,0,0,20000,70000,-50000,-50000
044281,滬深2X凱基91購02,0,0,0,0,0,0,0,0,0,-50000,0,0,0,0,50000,-50000,-50000
048794,易華電元大97購01,0,0,0,0,0,0,0,0,0,-50000,0,0,0,100000,150000,-50000,-50000
048884,川湖元富94購01  ,0,0,0,0,0,0,0,0,0,-50000,0,0,0,0,50000,-50000,-50000
045522,滬深2X永豐94購01,0,0,0,0,0,0,0,0,0,-50000,0,0,0,0,50000,-50000,-50000
045310,康友元大92購04  ,0,0,0,0,0,0,0,0,0,-50000,0,0,0,0,50000,-50000,-50000
046187,友達凱基93購03  ,0,0,0,0,0,0,0,0,0,-50000,0,0,0,0,50000,-50000,-50000
04421P,玉晶光永豐94售02,0,0,0,0,0,0,0,0,0,-50000,0,0,0,40000,90000,-50000,-50000
04243P,大立光永昌93售08,0,0,0,0,0,0,0,0,0,-50000,0,0,0,0,50000,-50000,-50000
045686,臻鼎元大92購02  ,0,0,0,0,0,0,0,0,0,-50000,0,0,0,0,50000,-50000,-50000
046240,中鋼中信94購01  ,0,0,0,0,0,0,0,0,0,-50000,0,0,0,51000,101000,-50000,-50000
046233,臻鼎元大92購08  ,0,0,0,0,0,0,0,0,0,-50000,0,0,0,0,50000,-50000,-50000
04261P,大立光群益93售12,0,0,0,0,0,0,0,0,0,-50000,0,0,0,0,50000,-50000,-50000
04023P,臺股指元富99售02,0,0,0,0,0,0,0,0,0,-50000,0,0,0,3000,53000,-50000,-50000
03996P,旺宏國泰95售01  ,0,0,0,0,0,0,0,0,0,-50000,0,0,0,0,50000,-50000,-50000
046557,亞泥凱基93購02  ,0,0,0,0,0,0,0,0,0,-50000,0,0,0,0,50000,-50000,-50000
048409,致伸群益93購05  ,0,0,0,0,0,0,0,0,0,-50000,0,0,0,0,50000,-50000,-50000
048052,力成中信93購01  ,0,0,0,0,0,0,0,0,0,-50000,0,0,0,0,50000,-50000,-50000
049452,新光金統一94購02,0,0,0,0,0,0,0,0,0,-50000,0,0,0,0,50000,-50000,-50000
047453,電子類元大93購04,0,0,0,0,0,0,0,0,0,-50000,0,0,0,0,50000,-50000,-50000
046368,嘉聯益永豐92購04,0,0,0,0,0,0,0,0,0,-50000,0,0,0,10000,60000,-50000,-50000
046425,臻鼎元大92購12  ,0,0,0,0,0,0,0,0,0,-50000,0,0,0,97000,147000,-50000,-50000
047109,華邦電元大94購01,0,0,0,0,0,0,0,0,0,-50000,0,0,0,7000,57000,-50000,-50000
047512,宏達電國票94購01,0,0,0,0,0,0,0,0,0,-50000,0,0,0,50000,100000,-50000,-50000
046799,儒鴻元大93購01  ,0,0,0,0,0,0,0,0,0,-50000,0,0,0,0,50000,-50000,-50000
048646,上緯控元大93購01,0,0,0,0,0,0,0,0,0,-50000,0,0,0,0,50000,-50000,-50000
048501,GIS元大94購02   ,0,0,0,0,0,0,0,0,0,-50000,0,0,0,0,50000,-50000,-50000
047814,宏達電凱基93購02,0,0,0,0,0,0,0,0,0,-50000,0,0,0,0,50000,-50000,-50000
047871,健策永豐93購02  ,0,0,0,0,0,0,0,0,0,-50000,0,0,0,26000,76000,-50000,-50000
048004,康控元大93購05  ,0,0,0,0,0,0,0,0,0,-50000,0,0,0,0,50000,-50000,-50000
049795,華通元大96購02  ,0,0,0,0,0,0,0,0,0,-50000,0,0,0,225000,275000,-50000,-50000
049810,欣興元大95購03  ,0,0,0,0,0,0,0,0,0,-50000,0,0,0,0,50000,-50000,-50000
048386,華新國票94購01  ,0,0,0,0,0,0,0,0,0,-50000,0,0,0,0,50000,-50000,-50000
04838P,宏達電元大95售02,0,0,0,0,0,0,0,0,0,-50000,0,0,0,0,50000,-50000,-50000
049711,劍麟凱基94購01  ,0,0,0,0,0,0,0,0,0,-50000,0,0,0,50000,100000,-50000,-50000
049740,禾伸堂群益94購01,0,0,0,0,0,0,0,0,0,-50000,0,0,0,60000,110000,-50000,-50000
051977,泰碩凱基95購01  ,0,0,0,0,0,0,0,0,0,-50000,0,0,0,10000,60000,-50000,-50000
051732,華通國票97購01  ,0,0,0,0,0,0,0,0,0,-50000,0,0,0,23000,73000,-50000,-50000
051737,瑞昱國票96購01  ,0,0,0,0,0,0,0,0,0,-50000,0,0,0,20000,70000,-50000,-50000
051755,台積電元大96購08,0,0,0,0,0,0,0,0,0,-50000,0,0,0,0,50000,-50000,-50000
052401,智原凱基95購01  ,0,0,0,0,0,0,0,0,0,-50000,0,0,0,28000,78000,-50000,-50000
052388,旺宏群益96購05  ,0,0,0,0,0,0,0,0,0,-50000,0,0,0,1000,51000,-50000,-50000
052097,GIS元大95購05   ,0,0,0,0,0,0,0,0,0,-50000,0,0,0,0,50000,-50000,-50000
052224,楠梓電凱基97購01,0,0,0,0,0,0,0,0,0,-50000,0,0,0,0,50000,-50000,-50000
050461,GIS元大95購04   ,0,0,0,0,0,0,0,0,0,-50000,0,0,0,0,50000,-50000,-50000
050396,欣興元富94購02  ,0,0,0,0,0,0,0,0,0,-50000,0,0,0,0,50000,-50000,-50000
050515,聯電元大96購01  ,0,0,0,0,0,0,0,0,0,-50000,0,0,0,0,50000,-50000,-50000
050069,禾伸堂凱基94購04,0,0,0,0,0,0,0,0,0,-50000,0,0,0,0,50000,-50000,-50000
050194,臻鼎元大94購03  ,0,0,0,0,0,0,0,0,0,-50000,0,0,0,0,50000,-50000,-50000
050273,GIS元大94購04   ,0,0,0,0,0,0,0,0,0,-50000,0,0,0,0,50000,-50000,-50000
050938,智原國票96購01  ,0,0,0,0,0,0,0,0,0,-50000,0,0,0,0,50000,-50000,-50000
05835P,臺股指元富96售07,0,0,0,0,0,0,0,0,0,-50000,0,0,0,60000,110000,-50000,-50000
06029P,聯發科台新96售02,0,0,0,0,0,0,0,0,0,-50000,0,0,0,0,50000,-50000,-50000
055488,華邦電元大98購01,0,0,0,0,0,0,0,0,0,-50000,0,0,0,6000,56000,-50000,-50000
055283,聯發科元大97購16,0,0,0,0,0,0,0,0,0,-50000,0,0,0,5000,55000,-50000,-50000
055247,聯發科統一98購01,0,0,0,0,0,0,0,0,0,-50000,0,0,0,0,50000,-50000,-50000
055372,宏達電元大97購04,0,0,0,0,0,0,0,0,0,-50000,0,0,0,0,50000,-50000,-50000
2419,仲琦            ,178000,228000,-50000,0,0,0,0,0,0,0,0,0,0,0,0,0,-50000
1337,再生-KY         ,12000,62000,-50000,0,0,0,0,0,0,0,0,0,0,0,0,0,-50000
4968,立積            ,306000,331000,-25000,0,0,0,0,45000,-45000,20000,20000,0,20000,0,0,0,-50000
054748,正文凱基98購01  ,0,0,0,0,0,0,0,0,0,-51000,0,0,0,0,51000,-51000,-51000
054693,神基永豐97購01  ,0,0,0,0,0,0,0,0,0,-51000,0,0,0,0,51000,-51000,-51000
054467,隆達凱基97購01  ,0,0,0,0,0,0,0,0,0,-51000,0,0,0,9000,60000,-51000,-51000
05270P,台表科元大95售05,0,0,0,0,0,0,0,0,0,-51000,0,0,0,10000,61000,-51000,-51000
052847,漢唐統一99購01  ,0,0,0,0,0,0,0,0,0,-51000,0,0,0,200000,251000,-51000,-51000
03398P,瑞昱中信06售03  ,0,0,0,0,0,0,0,0,0,-51000,0,0,0,0,51000,-51000,-51000
043357,聯詠國票92購02  ,0,0,0,0,0,0,0,0,0,-51000,0,0,0,0,51000,-51000,-51000
048855,華新科群益94購02,0,0,0,0,0,0,0,0,0,-51000,0,0,0,38000,89000,-51000,-51000
048984,上緯控元大94購01,0,0,0,0,0,0,0,0,0,-51000,0,0,0,22000,73000,-51000,-51000
049518,宏達電國票95購02,0,0,0,0,0,0,0,0,0,-51000,0,0,0,208000,259000,-51000,-51000
047648,智伸科元大93購05,0,0,0,0,0,0,0,0,0,-51000,0,0,0,231000,282000,-51000,-51000
046355,欣興群益92購03  ,0,0,0,0,0,0,0,0,0,-51000,0,0,0,11000,62000,-51000,-51000
047126,拓凱中信93購01  ,0,0,0,0,0,0,0,0,0,-51000,0,0,0,100000,151000,-51000,-51000
049370,可成元大94購03  ,0,0,0,0,0,0,0,0,0,-51000,0,0,0,20000,71000,-51000,-51000
04811P,上銀元大94售02  ,0,0,0,0,0,0,0,0,0,-51000,0,0,0,100000,151000,-51000,-51000
050716,可成群益96購01  ,0,0,0,0,0,0,0,0,0,-51000,0,0,0,0,51000,-51000,-51000
052213,富邦金元大95購01,0,0,0,0,0,0,0,0,0,-51000,0,0,0,83000,134000,-51000,-51000
052241,台郡國票96購01  ,0,0,0,0,0,0,0,0,0,-51000,0,0,0,10000,61000,-51000,-51000
052094,瀚宇博元大96購02,0,0,0,0,0,0,0,0,0,-51000,0,0,0,0,51000,-51000,-51000
052404,臻鼎凱基95購05  ,0,0,0,0,0,0,0,0,0,-51000,0,0,0,0,51000,-51000,-51000
052502,瀚宇博永豐95購02,0,0,0,0,0,0,0,0,0,-51000,0,0,0,25000,76000,-51000,-51000
052667,漢唐群益96購01  ,0,0,0,0,0,0,0,0,0,-51000,0,0,0,0,51000,-51000,-51000
051415,晶技國票96購01  ,0,0,0,0,0,0,0,0,0,-51000,0,0,0,0,51000,-51000,-51000
05939P,聯發科凱基96售20,0,0,0,0,0,0,0,0,0,-51000,0,0,0,10000,61000,-51000,-51000
052983,國巨元大96購07  ,0,0,0,0,0,0,0,0,0,-52000,0,0,0,42000,94000,-52000,-52000
053952,南亞科台新96購01,0,0,0,0,0,0,0,0,0,-52000,0,0,0,54000,106000,-52000,-52000
054334,超眾永豐96購04  ,0,0,0,0,0,0,0,0,0,-52000,0,0,0,10000,62000,-52000,-52000
048981,牧德元大94購01  ,0,0,0,0,0,0,0,0,0,-52000,0,0,0,100000,152000,-52000,-52000
044959,彩晶凱基92購01  ,0,0,0,0,0,0,0,0,0,-52000,0,0,0,3000,55000,-52000,-52000
047387,美律元大93購05  ,0,0,0,0,0,0,0,0,0,-52000,0,0,0,83000,135000,-52000,-52000
049366,聯發科元大94購05,0,0,0,0,0,0,0,0,0,-52000,0,0,0,1000,53000,-52000,-52000
046503,京元電元大92購08,0,0,0,0,0,0,0,0,0,-52000,0,0,0,70000,122000,-52000,-52000
047908,南亞科元大93購02,0,0,0,0,0,0,0,0,0,-52000,0,0,0,249000,301000,-52000,-52000
048641,美律元大94購01  ,0,0,0,0,0,0,0,0,0,-52000,0,0,0,40000,92000,-52000,-52000
049982,嘉晶凱基94購01  ,0,0,0,0,0,0,0,0,0,-52000,0,0,0,100000,152000,-52000,-52000
050895,聯發科元大97購01,0,0,0,0,0,0,0,0,0,-52000,0,0,0,15000,67000,-52000,-52000
050248,臻鼎凱基94購03  ,0,0,0,0,0,0,0,0,0,-52000,0,0,0,0,52000,-52000,-52000
050157,臻鼎群益94購02  ,0,0,0,0,0,0,0,0,0,-52000,0,0,0,20000,72000,-52000,-52000
050464,華通國泰95購01  ,0,0,0,0,0,0,0,0,0,-52000,0,0,0,91000,143000,-52000,-52000
055265,玉晶光永豐98購03,0,0,0,0,0,0,0,0,0,-52000,0,0,0,20000,72000,-52000,-52000
055420,欣興永豐98購01  ,0,0,0,0,0,0,0,0,0,-52000,0,0,0,60000,112000,-52000,-52000
1626,艾美特-KY       ,23000,75000,-52000,0,0,0,0,0,0,0,0,0,0,0,0,0,-52000
8462,柏文            ,6000,55999,-49999,0,0,0,0,0,0,-3000,0,0,0,0,3000,-3000,-52999
054353,世紀鋼國泰98購01,0,0,0,0,0,0,0,0,0,-53000,0,0,0,43000,96000,-53000,-53000
052848,聯發科統一96購03,0,0,0,0,0,0,0,0,0,-53000,0,0,0,2000,55000,-53000,-53000
04148P,GIS凱基93售05   ,0,0,0,0,0,0,0,0,0,-53000,0,0,0,200000,253000,-53000,-53000
049756,瀚宇博永豐94購01,0,0,0,0,0,0,0,0,0,-53000,0,0,0,3000,56000,-53000,-53000
048547,訊芯永豐93購03  ,0,0,0,0,0,0,0,0,0,-53000,0,0,0,478000,531000,-53000,-53000
048127,麗豐元大94購01  ,0,0,0,0,0,0,0,0,0,-53000,0,0,0,72000,125000,-53000,-53000
047194,世紀鋼元大96購01,0,0,0,0,0,0,0,0,0,-53000,0,0,0,21000,74000,-53000,-53000
049242,佳世達元富96購01,0,0,0,0,0,0,0,0,0,-53000,0,0,0,2000,55000,-53000,-53000
047481,可成凱基93購08  ,0,0,0,0,0,0,0,0,0,-53000,0,0,0,29000,82000,-53000,-53000
05009P,大立光元富95售06,0,0,0,0,0,0,0,0,0,-53000,0,0,0,0,53000,-53000,-53000
051559,宏達電國泰96購01,0,0,0,0,0,0,0,0,0,-53000,0,0,0,137000,190000,-53000,-53000
055295,瀚宇博元大97購02,0,0,0,0,0,0,0,0,0,-53000,0,0,0,49000,102000,-53000,-53000
2379,瑞昱            ,1343910,1657000,-313090,0,0,0,0,13000,-13000,273000,42000,42000,0,353000,80000,273000,-53090
054296,世芯元大97購01  ,0,0,0,0,0,0,0,0,0,-54000,0,0,0,89000,143000,-54000,-54000
05437P,聯詠永豐95售02  ,0,0,0,0,0,0,0,0,0,-54000,0,0,0,20000,74000,-54000,-54000
054282,泰鼎群益98購02  ,0,0,0,0,0,0,0,0,0,-54000,0,0,0,9000,63000,-54000,-54000
043650,喬山國泰93購02  ,0,0,0,0,0,0,0,0,0,-54000,0,0,0,17000,71000,-54000,-54000
045663,元油2X元富94購01,0,0,0,0,0,0,0,0,0,-54000,0,0,0,1000,55000,-54000,-54000
046327,康控元大92購01  ,0,0,0,0,0,0,0,0,0,-54000,0,0,0,46000,100000,-54000,-54000
044415,瑞昱統一91購02  ,0,0,0,0,0,0,0,0,0,-54000,0,0,0,0,54000,-54000,-54000
045299,友達元大92購02  ,0,0,0,0,0,0,0,0,0,-54000,0,0,0,0,54000,-54000,-54000
045542,鎧勝群益93購01  ,0,0,0,0,0,0,0,0,0,-54000,0,0,0,0,54000,-54000,-54000
051801,牧德永豐95購04  ,0,0,0,0,0,0,0,0,0,-54000,0,0,0,57000,111000,-54000,-54000
054144,康控元大97購02  ,0,0,0,0,0,0,0,0,0,-55000,0,0,0,82000,137000,-55000,-55000
054396,日電貿永豐96購02,0,0,0,0,0,0,0,0,0,-55000,0,0,0,0,55000,-55000,-55000
055014,達興元富97購01  ,0,0,0,0,0,0,0,0,0,-55000,0,0,0,0,55000,-55000,-55000
052984,漢唐元大96購01  ,0,0,0,0,0,0,0,0,0,-55000,0,0,0,2000,57000,-55000,-55000
053400,緯穎中信9A購01  ,0,0,0,0,0,0,0,0,0,-55000,0,0,0,40000,95000,-55000,-55000
048901,矽格國泰95購01  ,0,0,0,0,0,0,0,0,0,-55000,0,0,0,62000,117000,-55000,-55000
048839,牧德凱基95購01  ,0,0,0,0,0,0,0,0,0,-55000,0,0,0,57000,112000,-55000,-55000
048768,景碩凱基94購02  ,0,0,0,0,0,0,0,0,0,-55000,0,0,0,0,55000,-55000,-55000
044916,美律永豐91購03  ,0,0,0,0,0,0,0,0,0,-55000,0,0,0,30000,85000,-55000,-55000
03987P,亞光群益93售02  ,0,0,0,0,0,0,0,0,0,-55000,0,0,0,20000,75000,-55000,-55000
048550,中鴻元大96購01  ,0,0,0,0,0,0,0,0,0,-55000,0,0,0,15000,70000,-55000,-55000
048582,國泰金富邦93購01,0,0,0,0,0,0,0,0,0,-55000,0,0,0,0,55000,-55000,-55000
048576,義隆國泰95購01  ,0,0,0,0,0,0,0,0,0,-55000,0,0,0,0,55000,-55000,-55000
047922,聯發科凱基94購01,0,0,0,0,0,0,0,0,0,-55000,0,0,0,185000,240000,-55000,-55000
051406,泰鼎永豐96購01  ,0,0,0,0,0,0,0,0,0,-55000,0,0,0,0,55000,-55000,-55000
051483,玉晶光凱基96購02,0,0,0,0,0,0,0,0,0,-55000,0,0,0,12000,67000,-55000,-55000
050056,國巨凱基94購04  ,0,0,0,0,0,0,0,0,0,-55000,0,0,0,22000,77000,-55000,-55000
050335,正崴國泰96購01  ,0,0,0,0,0,0,0,0,0,-55000,0,0,0,0,55000,-55000,-55000
2375,凱美            ,203000,220000,-17000,0,0,0,0,0,0,-38000,0,0,0,0,38000,-38000,-55000
1527,鑽全            ,65000,119000,-54000,0,0,0,0,1000,-1000,0,0,0,0,0,0,0,-55000
055364,矽創凱基97購03  ,0,0,0,0,0,0,0,0,0,-55000,0,0,0,0,55000,-55000,-55000
05695P,台積電凱基96售10,0,0,0,0,0,0,0,0,0,-55000,0,0,0,0,55000,-55000,-55000
5515,建國            ,0,55097,-55097,0,0,0,0,0,0,0,0,0,0,0,0,0,-55097
053484,國巨國票97購03  ,0,0,0,0,0,0,0,0,0,-56000,0,0,0,50000,106000,-56000,-56000
054970,帆宣元大97購01  ,0,0,0,0,0,0,0,0,0,-56000,0,0,0,0,56000,-56000,-56000
055180,文曄統一97購01  ,0,0,0,0,0,0,0,0,0,-56000,0,0,0,2000,58000,-56000,-56000
055154,聯發科元大98購01,0,0,0,0,0,0,0,0,0,-56000,0,0,0,13000,69000,-56000,-56000
048841,聯茂凱基94購06  ,0,0,0,0,0,0,0,0,0,-56000,0,0,0,150000,206000,-56000,-56000
048000,義隆元大93購03  ,0,0,0,0,0,0,0,0,0,-56000,0,0,0,5000,61000,-56000,-56000
049972,南電國票95購02  ,0,0,0,0,0,0,0,0,0,-56000,0,0,0,10000,66000,-56000,-56000
050444,卜蜂元大94購03  ,0,0,0,0,0,0,0,0,0,-56000,0,0,0,5000,61000,-56000,-56000
050559,聯發科統一94購10,0,0,0,0,0,0,0,0,0,-56000,0,0,0,0,56000,-56000,-56000
050921,旺宏凱基95購02  ,0,0,0,0,0,0,0,0,0,-56000,0,0,0,80000,136000,-56000,-56000
05131P,聯詠統一97售01  ,0,0,0,0,0,0,0,0,0,-56000,0,0,0,58000,114000,-56000,-56000
051505,台積電元富95購05,0,0,0,0,0,0,0,0,0,-56000,0,0,0,167000,223000,-56000,-56000
055301,台虹元大97購01  ,0,0,0,0,0,0,0,0,0,-56000,0,0,0,44000,100000,-56000,-56000
055306,燿華群益97購01  ,0,0,0,0,0,0,0,0,0,-56000,0,0,0,124000,180000,-56000,-56000
06180P,禾伸堂群益97售01,0,0,0,0,0,0,0,0,0,-56000,0,0,0,0,56000,-56000,-56000
055099,可成日盛97購01  ,0,0,0,0,0,0,0,0,0,-57000,0,0,0,9000,66000,-57000,-57000
055033,漢唐富邦98購01  ,0,0,0,0,0,0,0,0,0,-57000,0,0,0,0,57000,-57000,-57000
054761,台光電國票98購02,0,0,0,0,0,0,0,0,0,-57000,0,0,0,0,57000,-57000,-57000
054850,上海銀兆豐97購01,0,0,0,0,0,0,0,0,0,-57000,0,0,0,3000,60000,-57000,-57000
054822,祥碩元大97購01  ,0,0,0,0,0,0,0,0,0,-57000,0,0,0,128000,185000,-57000,-57000
053918,美律國票97購01  ,0,0,0,0,0,0,0,0,0,-57000,0,0,0,14000,71000,-57000,-57000
053044,南茂凱基96購02  ,0,0,0,0,0,0,0,0,0,-57000,0,0,0,10000,67000,-57000,-57000
04894P,世紀鋼元大94售02,0,0,0,0,0,0,0,0,0,-57000,0,0,0,0,57000,-57000,-57000
03839P,華通統一93售02  ,0,0,0,0,0,0,0,0,0,-57000,0,0,0,0,57000,-57000,-57000
042644,貿聯兆豐92購01  ,0,0,0,0,0,0,0,0,0,-57000,0,0,0,40000,97000,-57000,-57000
049771,GIS元富94購02   ,0,0,0,0,0,0,0,0,0,-57000,0,0,0,0,57000,-57000,-57000
047840,新日興元大93購03,0,0,0,0,0,0,0,0,0,-57000,0,0,0,110000,167000,-57000,-57000
046441,儒鴻兆豐92購01  ,0,0,0,0,0,0,0,0,0,-57000,0,0,0,0,57000,-57000,-57000
049456,上海銀統一94購03,0,0,0,0,0,0,0,0,0,-57000,0,0,0,17000,74000,-57000,-57000
051932,康控國票96購02  ,0,0,0,0,0,0,0,0,0,-57000,0,0,0,0,57000,-57000,-57000
052671,祥碩群益96購01  ,0,0,0,0,0,0,0,0,0,-57000,0,0,0,55000,112000,-57000,-57000
052330,燿華亞東95購01  ,0,0,0,0,0,0,0,0,0,-57000,0,0,0,0,57000,-57000,-57000
050430,京元電凱基94購03,0,0,0,0,0,0,0,0,0,-57000,0,0,0,0,57000,-57000,-57000
1723,中碳            ,25000,82000,-57000,0,0,0,0,0,0,0,0,0,0,0,0,0,-57000
2841,台開            ,186000,243000,-57000,0,0,0,0,0,0,0,0,0,0,0,0,0,-57000
055307,瑞昱群益97購02  ,0,0,0,0,0,0,0,0,0,-57000,0,0,0,0,57000,-57000,-57000
055293,晶相光元大97購01,0,0,0,0,0,0,0,0,0,-57000,0,0,0,0,57000,-57000,-57000
05975P,國巨日盛99售02  ,0,0,0,0,0,0,0,0,0,-57000,0,0,0,0,57000,-57000,-57000
052831,華固群益96購01  ,0,0,0,0,0,0,0,0,0,-58000,0,0,0,0,58000,-58000,-58000
053955,華通永豐96購04  ,0,0,0,0,0,0,0,0,0,-58000,0,0,0,33000,91000,-58000,-58000
053355,超眾兆豐97購01  ,0,0,0,0,0,0,0,0,0,-58000,0,0,0,2000,60000,-58000,-58000
054680,華新科康和97購02,0,0,0,0,0,0,0,0,0,-58000,0,0,0,20000,78000,-58000,-58000
054663,同欣電元大97購03,0,0,0,0,0,0,0,0,0,-58000,0,0,0,20000,78000,-58000,-58000
054339,聯詠統一96購02  ,0,0,0,0,0,0,0,0,0,-58000,0,0,0,2000,60000,-58000,-58000
044163,台光電元大92購01,0,0,0,0,0,0,0,0,0,-58000,0,0,0,10000,68000,-58000,-58000
048895,光罩國泰95購01  ,0,0,0,0,0,0,0,0,0,-58000,0,0,0,159000,217000,-58000,-58000
045387,信邦元大92購01  ,0,0,0,0,0,0,0,0,0,-58000,0,0,0,56000,114000,-58000,-58000
046348,嘉澤兆豐93購01  ,0,0,0,0,0,0,0,0,0,-58000,0,0,0,0,58000,-58000,-58000
048159,聯詠兆豐93購03  ,0,0,0,0,0,0,0,0,0,-58000,0,0,0,10000,68000,-58000,-58000
04742P,瑞昱統一94售01  ,0,0,0,0,0,0,0,0,0,-58000,0,0,0,0,58000,-58000,-58000
047205,GIS元富93購03   ,0,0,0,0,0,0,0,0,0,-58000,0,0,0,33000,91000,-58000,-58000
047994,亞德客元大93購03,0,0,0,0,0,0,0,0,0,-58000,0,0,0,32000,90000,-58000,-58000
048810,玉晶光第一94購01,0,0,0,0,0,0,0,0,0,-58000,0,0,0,45000,103000,-58000,-58000
050438,欣興凱基94購09  ,0,0,0,0,0,0,0,0,0,-58000,0,0,0,12000,70000,-58000,-58000
050017,百和富邦94購01  ,0,0,0,0,0,0,0,0,0,-58000,0,0,0,0,58000,-58000,-58000
051355,聯發科元大96購01,0,0,0,0,0,0,0,0,0,-58000,0,0,0,180000,238000,-58000,-58000
050900,台郡元大95購02  ,0,0,0,0,0,0,0,0,0,-58000,0,0,0,290000,348000,-58000,-58000
051000,台郡元大96購01  ,0,0,0,0,0,0,0,0,0,-58000,0,0,0,200000,258000,-58000,-58000
052614,聯電國泰97購01  ,0,0,0,0,0,0,0,0,0,-58000,0,0,0,40000,98000,-58000,-58000
051439,川湖元大95購01  ,0,0,0,0,0,0,0,0,0,-58000,0,0,0,10000,68000,-58000,-58000
05692P,聯發科中信9A售02,0,0,0,0,0,0,0,0,0,-58000,0,0,0,0,58000,-58000,-58000
05678P,群創群益97售01  ,0,0,0,0,0,0,0,0,0,-58000,0,0,0,0,58000,-58000,-58000
055330,上銀兆豐98購02  ,0,0,0,0,0,0,0,0,0,-58000,0,0,0,10000,68000,-58000,-58000
2106,建大            ,54000,112000,-58000,0,0,0,0,0,0,0,0,0,0,0,0,0,-58000
2010,春源            ,55000,113951,-58951,0,0,0,0,0,0,0,0,0,0,0,0,0,-58951
054273,宏達電中信98購01,0,0,0,0,0,0,0,0,0,-59000,0,0,0,0,59000,-59000,-59000
054912,群光凱基97購01  ,0,0,0,0,0,0,0,0,0,-59000,0,0,0,9000,68000,-59000,-59000
053532,台積電永豐96購03,0,0,0,0,0,0,0,0,0,-59000,0,0,0,64000,123000,-59000,-59000
04550P,超眾元大94售01  ,0,0,0,0,0,0,0,0,0,-59000,0,0,0,329000,388000,-59000,-59000
00638R,元大滬深300反1  ,176000,0,176000,0,0,0,0,0,0,-235000,0,0,0,24000,259000,-235000,-59000
047491,旺宏統一94購03  ,0,0,0,0,0,0,0,0,0,-59000,0,0,0,0,59000,-59000,-59000
049720,欣興凱基94購05  ,0,0,0,0,0,0,0,0,0,-59000,0,0,0,34000,93000,-59000,-59000
046467,台虹凱基92購02  ,0,0,0,0,0,0,0,0,0,-59000,0,0,0,31000,90000,-59000,-59000
048727,大成鋼麥證94購01,0,0,0,0,59000,-59000,0,0,0,-59000,0,0,0,0,59000,-59000,-59000
047328,瀚宇博元大93購04,0,0,0,0,0,0,0,0,0,-59000,0,0,0,10000,69000,-59000,-59000
052010,兆豐金中信95購01,0,0,0,0,0,0,0,0,0,-59000,0,0,0,84000,143000,-59000,-59000
050560,聯詠統一94購02  ,0,0,0,0,0,0,0,0,0,-59000,0,0,0,10000,69000,-59000,-59000
2101,南港            ,131000,331000,-200000,0,0,0,0,0,0,141000,0,0,0,283000,142000,141000,-59000
05774P,臺股指凱基99售04,0,0,0,0,0,0,0,0,0,-59000,0,0,0,10000,69000,-59000,-59000
053523,T50反1中信9A購01,0,0,0,0,0,0,0,0,0,-60000,0,0,0,0,60000,-60000,-60000
053507,百和兆豐96購01  ,0,0,0,0,0,0,0,0,0,-60000,0,0,0,1000,61000,-60000,-60000
053853,康控國泰97購02  ,0,0,0,0,0,0,0,0,0,-60000,0,0,0,212000,272000,-60000,-60000
053805,奇鋐凱基98購02  ,0,0,0,0,0,0,0,0,0,-60000,0,0,0,0,60000,-60000,-60000
05300P,健策元大95售02  ,0,0,0,0,0,0,0,0,0,-60000,0,0,0,180000,240000,-60000,-60000
053316,友達群益9A購01  ,0,0,0,0,0,0,0,0,0,-60000,0,0,0,0,60000,-60000,-60000
055084,國巨第一97購01  ,0,0,0,0,0,0,0,0,0,-60000,0,0,0,0,60000,-60000,-60000
054740,強茂凱基99購01  ,0,0,0,0,0,0,0,0,0,-60000,0,0,0,0,60000,-60000,-60000
054219,楠梓電統一97購01,0,0,0,0,0,0,0,0,0,-60000,0,0,0,10000,70000,-60000,-60000
040040,上証2X元大91購02,0,0,0,0,0,0,0,0,0,-60000,0,0,0,0,60000,-60000,-60000
03412P,滬深2X群益98售01,0,0,0,0,0,0,0,0,0,-60000,0,0,0,0,60000,-60000,-60000
043360,和鑫國票93購01  ,0,0,0,0,0,0,0,0,0,-60000,0,0,0,0,60000,-60000,-60000
045457,光磊元大93購01  ,0,0,0,0,0,0,0,0,0,-60000,0,0,0,0,60000,-60000,-60000
045424,友達凱基92購02  ,0,0,0,0,0,0,0,0,0,-60000,0,0,0,0,60000,-60000,-60000
04615P,華新科群益94售03,0,0,0,0,0,0,0,0,0,-60000,0,0,0,0,60000,-60000,-60000
044824,元油2X永豐93購02,0,0,0,0,0,0,0,0,0,-60000,0,0,0,0,60000,-60000,-60000
048400,矽創國票93購01  ,0,0,0,0,0,0,0,0,0,-60000,0,0,0,0,60000,-60000,-60000
048707,南電國票95購01  ,0,0,0,0,0,0,0,0,0,-60000,0,0,0,0,60000,-60000,-60000
049171,台達電凱基94購03,0,0,0,0,0,0,0,0,0,-60000,0,0,0,0,60000,-60000,-60000
048370,可成統一93購04  ,0,0,0,0,0,0,0,0,0,-60000,0,0,0,67000,127000,-60000,-60000
048367,華邦電統一93購01,0,0,0,0,0,0,0,0,0,-60000,0,0,0,48000,108000,-60000,-60000
049576,元油2X元大94購06,0,0,0,0,0,0,0,0,0,-60000,0,0,0,11000,71000,-60000,-60000
04956P,臺股指日盛94售02,0,0,0,0,0,0,0,0,0,-60000,0,0,0,0,60000,-60000,-60000
049787,麗豐兆豐94購01  ,0,0,0,0,0,0,0,0,0,-60000,0,0,0,140000,200000,-60000,-60000
049970,康控國票95購03  ,0,0,0,0,0,0,0,0,0,-60000,0,0,0,0,60000,-60000,-60000
04968P,台積電富邦94售06,0,0,0,0,0,0,0,0,0,-60000,0,0,0,0,60000,-60000,-60000
048504,A50正2中信95購01,0,0,0,0,0,0,0,0,0,-60000,0,0,0,0,60000,-60000,-60000
048611,宏達電凱基93購04,0,0,0,0,0,0,0,0,0,-60000,0,0,0,0,60000,-60000,-60000
048626,矽創台新93購01  ,0,0,0,0,0,0,0,0,0,-60000,0,0,0,0,60000,-60000,-60000
050520,凌陽元大94購02  ,0,0,0,0,0,0,0,0,0,-60000,0,0,0,31000,91000,-60000,-60000
050417,喬山凱基94購01  ,0,0,0,0,0,0,0,0,0,-60000,0,0,0,0,60000,-60000,-60000
050241,聯發科凱基94購14,0,0,0,0,0,0,0,0,0,-60000,0,0,0,5000,65000,-60000,-60000
050872,致伸永豐95購01  ,0,0,0,0,0,0,0,0,0,-60000,0,0,0,0,60000,-60000,-60000
051081,聯茂富邦96購01  ,0,0,0,0,0,0,0,0,0,-60000,0,0,0,0,60000,-60000,-60000
051164,鴻海元大95購05  ,0,0,0,0,0,0,0,0,0,-60000,0,0,0,501000,561000,-60000,-60000
051915,日月光元大96購01,0,0,0,0,0,0,0,0,0,-60000,0,0,0,126000,186000,-60000,-60000
051655,欣興元富95購04  ,0,0,0,0,0,0,0,0,0,-60000,0,0,0,251000,311000,-60000,-60000
052683,鴻海元大97購03  ,0,0,0,0,0,0,0,0,0,-60000,0,0,0,0,60000,-60000,-60000
052052,嘉澤凱基95購02  ,0,0,0,0,0,0,0,0,0,-60000,0,0,0,10000,70000,-60000,-60000
05995P,T50正2中信9C售01,0,0,0,0,0,0,0,0,0,-60000,0,0,0,0,60000,-60000,-60000
2017,官田鋼          ,2000,62000,-60000,0,0,0,0,0,0,0,0,0,0,0,0,0,-60000
054897,信錦康和97購01  ,0,0,0,0,0,0,0,0,0,-61000,0,0,0,0,61000,-61000,-61000
052994,群創台新99購01  ,0,0,0,0,0,0,0,0,0,-61000,0,0,0,90000,151000,-61000,-61000
052745,欣興元大96購04  ,0,0,0,0,0,0,0,0,0,-61000,0,0,0,215000,276000,-61000,-61000
053386,聯詠元大96購03  ,0,0,0,0,0,0,0,0,0,-61000,0,0,0,86000,147000,-61000,-61000
048924,光罩永豐94購01  ,0,0,0,0,0,0,0,0,0,-61000,0,0,0,0,61000,-61000,-61000
044708,臻鼎元大91購03  ,0,0,0,0,0,0,0,0,0,-61000,0,0,0,13000,74000,-61000,-61000
043972,大立光富邦93購02,0,0,0,0,0,0,0,0,0,-61000,0,0,0,140000,201000,-61000,-61000
048002,景碩元大93購04  ,0,0,0,0,0,0,0,0,0,-61000,0,0,0,85000,146000,-61000,-61000
049491,聯發科元大95購01,0,0,0,0,0,0,0,0,0,-61000,0,0,0,139000,200000,-61000,-61000
052201,超眾統一96購01  ,0,0,0,0,0,0,0,0,0,-61000,0,0,0,20000,81000,-61000,-61000
052687,國泰金元大96購03,0,0,0,0,0,0,0,0,0,-61000,0,0,0,212000,273000,-61000,-61000
052521,友達元大9B購01  ,0,0,0,0,0,0,0,0,0,-61000,0,0,0,3000,64000,-61000,-61000
051524,貿聯凱基95購02  ,0,0,0,0,0,0,0,0,0,-61000,0,0,0,38000,99000,-61000,-61000
051741,可成國票97購01  ,0,0,0,0,0,0,0,0,0,-61000,0,0,0,5000,66000,-61000,-61000
051266,國巨富邦99購01  ,0,0,0,0,0,0,0,0,0,-61000,0,0,0,120000,181000,-61000,-61000
053283,同欣電元大96購03,0,0,0,0,0,0,0,0,0,-62000,0,0,0,30000,92000,-62000,-62000
055028,佐登國泰98購01  ,0,0,0,0,0,0,0,0,0,-62000,0,0,0,55000,117000,-62000,-62000
054610,聯發科永豐97購01,0,0,0,0,0,0,0,0,0,-62000,0,0,0,32000,94000,-62000,-62000
053990,晶技兆豐96購01  ,0,0,0,0,0,0,0,0,0,-62000,0,0,0,0,62000,-62000,-62000
054463,瑞昱凱基97購01  ,0,0,0,0,0,0,0,0,0,-62000,0,0,0,30000,92000,-62000,-62000
043601,亞光元大93購01  ,0,0,0,0,0,0,0,0,0,-62000,0,0,0,35000,97000,-62000,-62000
044425,友達國泰92購01  ,0,0,0,0,0,0,0,0,0,-62000,0,0,0,10000,72000,-62000,-62000
044510,台光電凱基93購04,0,0,0,0,0,0,0,0,0,-62000,0,0,0,0,62000,-62000,-62000
048496,南亞科元大93購05,0,0,0,0,0,0,0,0,0,-62000,0,0,0,31000,93000,-62000,-62000
051231,健策群益97購01  ,0,0,0,0,0,0,0,0,0,-62000,0,0,0,191000,253000,-62000,-62000
052619,茂林國泰99購01  ,0,0,0,0,0,0,0,0,0,-62000,0,0,0,368000,430000,-62000,-62000
054288,華邦電元大96購05,0,0,0,0,0,0,0,0,0,-63000,0,0,0,71000,134000,-63000,-63000
054865,可成群益97購01  ,0,0,0,0,0,0,0,0,0,-63000,0,0,0,11000,74000,-63000,-63000
054946,億光元大97購01  ,0,0,0,0,0,0,0,0,0,-63000,0,0,0,12000,75000,-63000,-63000
054947,興勤元大97購01  ,0,0,0,0,0,0,0,0,0,-63000,0,0,0,0,63000,-63000,-63000
053264,南亞科群益96購01,0,0,0,0,0,0,0,0,0,-63000,0,0,0,209000,272000,-63000,-63000
053176,矽力群益96購02  ,0,0,0,0,0,0,0,0,0,-63000,0,0,0,93000,156000,-63000,-63000
052966,光磊群益96購01  ,0,0,0,0,0,0,0,0,0,-63000,0,0,0,37000,100000,-63000,-63000
045442,南亞科元富92購02,130000,0,130000,0,0,0,0,0,0,-193000,0,0,0,33000,226000,-193000,-63000
041527,T50反1中信96購01,0,0,0,0,0,0,0,0,0,-63000,0,0,0,20000,83000,-63000,-63000
03956P,欣興統一93售02  ,0,0,0,0,0,0,0,0,0,-63000,0,0,0,3000,66000,-63000,-63000
050989,台表科富邦95購01,0,0,0,0,0,0,0,0,0,-63000,0,0,0,1000,64000,-63000,-63000
050865,欣興永豐95購01  ,0,0,0,0,0,0,0,0,0,-63000,0,0,0,0,63000,-63000,-63000
06087P,國巨永豐97售01  ,0,0,0,0,0,0,0,0,0,-63000,0,0,0,50000,113000,-63000,-63000
1321,大洋            ,18000,81000,-63000,0,0,0,0,0,0,0,0,0,0,0,0,0,-63000
053035,台表科兆豐97購01,0,0,0,0,0,0,0,0,0,-64000,0,0,0,0,64000,-64000,-64000
053540,健策永豐96購01  ,0,0,0,0,0,0,0,0,0,-64000,0,0,0,56000,120000,-64000,-64000
053760,牧德國泰98購01  ,0,0,0,0,0,0,0,0,0,-64000,0,0,0,0,64000,-64000,-64000
054058,晶豪科國票98購01,0,0,0,0,0,0,0,0,0,-64000,0,0,0,0,64000,-64000,-64000
04571P,華新科國泰95售03,0,0,0,0,0,0,0,0,0,-64000,0,0,0,386000,450000,-64000,-64000
049802,可成元大94購10  ,0,0,0,0,0,0,0,0,0,-64000,0,0,0,133000,197000,-64000,-64000
049949,燿華群益96購01  ,0,0,0,0,0,0,0,0,0,-64000,0,0,0,86000,150000,-64000,-64000
050937,可成國票96購02  ,0,0,0,0,0,0,0,0,0,-64000,0,0,0,9000,73000,-64000,-64000
051109,美律統一95購02  ,0,0,0,0,0,0,0,0,0,-64000,0,0,0,100000,164000,-64000,-64000
050327,泰鼎永豐94購03  ,0,0,0,0,0,0,0,0,0,-64000,0,0,0,0,64000,-64000,-64000
052586,晶豪科永豐96購01,0,0,0,0,0,0,0,0,0,-64000,0,0,0,23000,87000,-64000,-64000
052046,漢唐凱基96購01  ,0,0,0,0,0,0,0,0,0,-64000,0,0,0,0,64000,-64000,-64000
051829,玉晶光元大98購02,0,0,0,0,0,0,0,0,0,-64000,0,0,0,0,64000,-64000,-64000
051618,智邦凱基95購06  ,0,0,0,0,0,0,0,0,0,-64000,0,0,0,0,64000,-64000,-64000
054328,台化康和96購01  ,0,0,0,0,0,0,0,0,0,-65000,0,0,0,5000,70000,-65000,-65000
05377P,鴻海凱基95售18  ,0,0,0,0,0,0,0,0,0,-65000,0,0,0,30000,95000,-65000,-65000
053536,明泰永豐96購01  ,0,0,0,0,0,0,0,0,0,-65000,0,0,0,10000,75000,-65000,-65000
052988,智易元大96購02  ,0,0,0,0,0,0,0,0,0,-65000,0,0,0,60000,125000,-65000,-65000
04593P,台積電元大94售11,0,0,0,0,0,0,0,0,0,-65000,0,0,0,0,65000,-65000,-65000
049901,瑞昱元富94購01  ,0,0,0,0,0,0,0,0,0,-65000,0,0,0,2000,67000,-65000,-65000
047617,瑞昱凱基93購07  ,0,0,0,0,0,0,0,0,0,-65000,0,0,0,125000,190000,-65000,-65000
048577,GIS國泰94購01   ,0,0,0,0,0,0,0,0,0,-65000,0,0,0,2000,67000,-65000,-65000
046734,華通國票93購02  ,0,0,0,0,0,0,0,0,0,-65000,0,0,0,30000,95000,-65000,-65000
047806,旺宏凱基93購05  ,0,0,0,0,0,0,0,0,0,-65000,0,0,0,5000,70000,-65000,-65000
049494,華新科元大95購05,0,0,0,0,0,0,0,0,0,-65000,0,0,0,0,65000,-65000,-65000
049490,京元電元大95購02,0,0,0,0,0,0,0,0,0,-65000,0,0,0,122000,187000,-65000,-65000
049365,美律元大94購04  ,0,0,0,0,0,0,0,0,0,-65000,0,0,0,21000,86000,-65000,-65000
05231P,GIS群益95售03   ,0,0,0,0,0,0,0,0,0,-65000,0,0,0,33000,98000,-65000,-65000
050503,聯發科凱基94購22,0,0,0,0,0,0,0,0,0,-65000,0,0,0,3000,68000,-65000,-65000
050272,訊芯元大94購03  ,0,0,0,0,0,0,0,0,0,-65000,0,0,0,651000,716000,-65000,-65000
050835,GIS凱基96購01   ,0,0,0,0,0,0,0,0,0,-65000,0,0,0,152000,217000,-65000,-65000
052990,超眾元大97購01  ,0,0,0,0,0,0,0,0,0,-66000,0,0,0,33000,99000,-66000,-66000
053345,欣興國票97購02  ,0,0,0,0,0,0,0,0,0,-66000,0,0,0,211000,277000,-66000,-66000
054540,泰鼎國票99購01  ,0,0,0,0,0,0,0,0,0,-66000,0,0,0,0,66000,-66000,-66000
054907,帆宣康和97購01  ,0,0,0,0,0,0,0,0,0,-66000,0,0,0,0,66000,-66000,-66000
049074,光罩凱基94購02  ,0,0,0,0,0,0,0,0,0,-66000,0,0,0,158000,224000,-66000,-66000
046085,儒鴻麥證92購01  ,0,0,0,10000,76000,-66000,0,0,0,-66000,0,0,0,10000,76000,-66000,-66000
046330,祥碩元大92購02  ,0,0,0,0,0,0,0,0,0,-66000,0,0,0,38000,104000,-66000,-66000
03890P,聯詠國泰94售02  ,0,0,0,0,0,0,0,0,0,-66000,0,0,0,0,66000,-66000,-66000
051057,信邦群益95購01  ,0,0,0,0,0,0,0,0,0,-66000,0,0,0,75000,141000,-66000,-66000
051165,可成元大95購01  ,0,0,0,0,0,0,0,0,0,-66000,0,0,0,64000,130000,-66000,-66000
051141,鈺齊永豐95購01  ,0,0,0,0,0,0,0,0,0,-66000,0,0,0,456000,522000,-66000,-66000
052347,GIS凱基95購05   ,0,0,0,0,0,0,0,0,0,-66000,0,0,0,172000,238000,-66000,-66000
052482,茂林群益95購01  ,0,0,0,0,0,0,0,0,0,-66000,0,0,0,88000,154000,-66000,-66000
051832,復盛元大95購01  ,0,0,0,0,0,0,0,0,0,-66000,0,0,0,4000,70000,-66000,-66000
1522,堤維西          ,37000,103000,-66000,0,0,0,0,0,0,0,0,0,0,0,0,0,-66000
3059,華晶科          ,26000,92000,-66000,0,0,0,0,0,0,0,0,0,0,0,0,0,-66000
6605,帝寶            ,43000,108000,-65000,0,0,0,0,0,0,-1000,0,1000,-1000,0,0,0,-66000
054843,中環兆豐97購01  ,0,0,0,0,0,0,0,0,0,-67000,0,0,0,0,67000,-67000,-67000
054413,台光電元大96購03,0,0,0,0,0,0,0,0,0,-67000,0,0,0,1000,68000,-67000,-67000
054083,智伸科元富96購01,0,0,0,0,0,0,0,0,0,-67000,0,0,0,459000,526000,-67000,-67000
053583,漢唐元大96購03  ,0,0,0,0,0,0,0,0,0,-67000,0,0,0,0,67000,-67000,-67000
053751,康控永豐96購02  ,0,0,0,0,0,0,0,0,0,-67000,0,0,0,86000,153000,-67000,-67000
04568P,瑞昱兆豐94售02  ,0,0,0,0,0,0,0,0,0,-67000,0,0,0,25000,92000,-67000,-67000
047675,群創元富96購03  ,0,0,0,0,0,0,0,0,0,-67000,0,0,0,131000,198000,-67000,-67000
046836,聯茂群益93購01  ,0,0,0,0,0,0,0,0,0,-67000,0,0,0,10000,77000,-67000,-67000
051578,智邦元大96購01  ,0,0,0,0,0,0,0,0,0,-67000,0,0,0,4000,71000,-67000,-67000
052648,茂林永豐96購01  ,0,0,0,0,0,0,0,0,0,-67000,0,0,0,265000,332000,-67000,-67000
051353,聯發科元大95購08,0,0,0,0,0,0,0,0,0,-67000,0,0,0,18000,85000,-67000,-67000
050374,上緯控元大95購01,0,0,0,0,0,0,0,0,0,-67000,0,0,0,30000,97000,-67000,-67000
1417,嘉裕            ,40000,107000,-67000,0,0,0,0,0,0,0,0,0,0,0,0,0,-67000
2102,泰豐            ,45000,112000,-67000,0,0,0,0,0,0,0,0,0,0,0,0,0,-67000
053726,TPK凱基96購02   ,0,0,0,0,0,0,0,0,0,-68000,0,0,0,0,68000,-68000,-68000
053816,聯發科群益96購02,0,0,0,0,0,0,0,0,0,-68000,0,0,0,10000,78000,-68000,-68000
052817,楠梓電永豐96購02,0,0,0,0,0,0,0,0,0,-68000,0,0,0,0,68000,-68000,-68000
053333,新唐永豐96購01  ,0,0,0,0,0,0,0,0,0,-68000,0,0,0,0,68000,-68000,-68000
053237,揚明光永豐96購03,0,0,0,0,0,0,0,0,0,-68000,0,0,0,50000,118000,-68000,-68000
054047,富邦金元大97購01,0,0,0,0,0,0,0,0,0,-68000,0,0,0,261000,329000,-68000,-68000
054043,漢唐元大97購01  ,0,0,0,0,0,0,0,0,0,-68000,0,0,0,13000,81000,-68000,-68000
053998,泰鼎群益98購01  ,0,0,0,0,0,0,0,0,0,-68000,0,0,0,80000,148000,-68000,-68000
054019,燿華台新96購01  ,0,0,0,0,0,0,0,0,0,-68000,0,0,0,0,68000,-68000,-68000
054140,智易元大97購03  ,0,0,0,0,0,0,0,0,0,-68000,0,0,0,50000,118000,-68000,-68000
054688,兆赫永豐97購01  ,0,0,0,0,0,0,0,0,0,-68000,0,0,0,0,68000,-68000,-68000
054698,同欣電永豐97購01,0,0,0,0,0,0,0,0,0,-68000,0,0,0,0,68000,-68000,-68000
054949,奇力新元大98購01,0,0,0,0,0,0,0,0,0,-68000,0,0,0,31000,99000,-68000,-68000
04325P,創意元大93售06  ,0,0,0,0,0,0,0,0,0,-68000,0,0,0,0,68000,-68000,-68000
03867P,樺漢元大93售02  ,0,0,0,0,0,0,0,0,0,-68000,0,0,0,0,68000,-68000,-68000
03651P,統一元大92售01  ,0,0,0,0,0,0,0,0,0,-68000,0,0,0,0,68000,-68000,-68000
046115,京元電元大92購04,0,0,0,0,0,0,0,0,0,-68000,0,0,0,0,68000,-68000,-68000
044357,貿聯元大92購02  ,0,0,0,0,0,0,0,0,0,-68000,0,0,0,0,68000,-68000,-68000
048875,晶相光國票94購01,0,0,0,0,0,0,0,0,0,-68000,0,0,0,12000,80000,-68000,-68000
045426,TPK凱基93購02   ,0,0,0,0,0,0,0,0,0,-68000,0,0,0,0,68000,-68000,-68000
049733,旺宏群益94購03  ,0,0,0,0,0,0,0,0,0,-68000,0,0,0,1000,69000,-68000,-68000
04954P,健策國票96售01  ,0,0,0,0,0,0,0,0,0,-68000,0,0,0,39000,107000,-68000,-68000
048319,嘉晶凱基93購04  ,0,0,0,0,0,0,0,0,0,-68000,0,0,0,0,68000,-68000,-68000
048295,泰鼎群益93購01  ,0,0,0,0,0,0,0,0,0,-68000,0,0,0,22000,90000,-68000,-68000
047918,智邦凱基93購08  ,0,0,0,0,0,0,0,0,0,-68000,0,0,0,0,68000,-68000,-68000
047931,日月光凱基93購01,0,0,0,0,0,0,0,0,0,-68000,0,0,0,0,68000,-68000,-68000
046732,啟碁元大93購01  ,0,0,0,0,0,0,0,0,0,-68000,0,0,0,0,68000,-68000,-68000
046728,明泰元大93購01  ,0,0,0,0,0,0,0,0,0,-68000,0,0,0,0,68000,-68000,-68000
047531,新唐元大93購02  ,0,0,0,0,0,0,0,0,0,-68000,0,0,0,0,68000,-68000,-68000
048563,明泰元大94購01  ,0,0,0,0,0,0,0,0,0,-68000,0,0,0,0,68000,-68000,-68000
048559,京元電元大93購03,0,0,0,0,0,0,0,0,0,-68000,0,0,0,0,68000,-68000,-68000
049415,智邦凱基94購02  ,0,0,0,0,0,0,0,0,0,-68000,0,0,0,0,68000,-68000,-68000
049419,欣興凱基94購04  ,0,0,0,0,0,0,0,0,0,-68000,0,0,0,24000,92000,-68000,-68000
047381,台化元大93購01  ,0,0,0,0,0,0,0,0,0,-68000,0,0,0,0,68000,-68000,-68000
047397,啟碁元大93購05  ,0,0,0,0,0,0,0,0,0,-68000,0,0,0,0,68000,-68000,-68000
048444,燿華凱基93購05  ,0,0,0,0,0,0,0,0,0,-68000,0,0,0,0,68000,-68000,-68000
046566,臻鼎凱基92購06  ,0,0,0,0,0,0,0,0,0,-68000,0,0,0,0,68000,-68000,-68000
046382,明泰凱基93購01  ,0,0,0,0,0,0,0,0,0,-68000,0,0,0,0,68000,-68000,-68000
047120,啟碁元大93購02  ,0,0,0,0,0,0,0,0,0,-68000,0,0,0,0,68000,-68000,-68000
047192,啟碁元大93購03  ,0,0,0,0,0,0,0,0,0,-68000,0,0,0,0,68000,-68000,-68000
047226,義隆凱基94購01  ,0,0,0,0,0,0,0,0,0,-68000,0,0,0,0,68000,-68000,-68000
048202,瑞儀元大93購04  ,0,0,0,0,0,0,0,0,0,-68000,0,0,0,0,68000,-68000,-68000
050448,義隆元大94購04  ,0,0,0,0,0,0,0,0,0,-68000,0,0,0,1000,69000,-68000,-68000
050523,義隆元大94購05  ,0,0,0,0,0,0,0,0,0,-68000,0,0,0,1000,69000,-68000,-68000
050528,瑞儀元大94購02  ,0,0,0,0,0,0,0,0,0,-68000,0,0,0,0,68000,-68000,-68000
050606,劍麟元大94購02  ,0,0,0,0,0,0,0,0,0,-68000,0,0,0,0,68000,-68000,-68000
050643,為升凱基94購08  ,0,0,0,0,0,0,0,0,0,-68000,0,0,0,0,68000,-68000,-68000
050233,香港2X凱基96購01,0,0,0,0,0,0,0,0,0,-68000,0,0,0,2000,70000,-68000,-68000
051256,中磊元大95購01  ,0,0,0,0,0,0,0,0,0,-68000,0,0,0,8000,76000,-68000,-68000
051146,旺宏凱基95購04  ,0,0,0,0,0,0,0,0,0,-68000,0,0,0,3000,71000,-68000,-68000
050969,台郡永豐95購01  ,0,0,0,0,0,0,0,0,0,-68000,0,0,0,0,68000,-68000,-68000
052313,聯電元大98購01  ,0,0,0,0,0,0,0,0,0,-68000,0,0,0,0,68000,-68000,-68000
052176,景碩元大96購01  ,0,0,0,0,0,0,0,0,0,-68000,0,0,0,2000,70000,-68000,-68000
054872,瀚宇博群益98購01,0,0,0,0,0,0,0,0,0,-69000,0,0,0,1000,70000,-69000,-69000
054440,TPK台新98購01   ,0,0,0,0,0,0,0,0,0,-69000,0,0,0,0,69000,-69000,-69000
052896,宏達電群益96購01,0,0,0,0,0,0,0,0,0,-69000,0,0,0,18000,87000,-69000,-69000
053385,聯詠元大96購02  ,0,0,0,0,0,0,0,0,0,-69000,0,0,0,97000,166000,-69000,-69000
045341,華邦電凱基93購04,0,0,0,0,0,0,0,0,0,-69000,0,0,0,1000,70000,-69000,-69000
048961,矽創康和94購01  ,0,0,0,0,0,0,0,0,0,-69000,0,0,0,0,69000,-69000,-69000
04453P,聯發科富邦94售04,0,0,0,0,0,0,0,0,0,-69000,0,0,0,469000,538000,-69000,-69000
043063,台郡中信92購01  ,0,0,0,0,0,0,0,0,0,-69000,0,0,0,0,69000,-69000,-69000
04932P,香港2X中信96售01,0,0,0,0,0,0,0,0,0,-69000,0,0,0,0,69000,-69000,-69000
048821,光磊凱基95購01  ,0,0,0,0,0,0,0,0,0,-69000,0,0,0,0,69000,-69000,-69000
052403,麗豐凱基96購01  ,0,0,0,0,0,0,0,0,0,-69000,0,0,0,1000,70000,-69000,-69000
051806,華通凱基96購02  ,0,0,0,0,0,0,0,0,0,-69000,0,0,0,136000,205000,-69000,-69000
051168,訊連元大95購02  ,0,0,0,0,0,0,0,0,0,-69000,0,0,0,31000,100000,-69000,-69000
050306,聯發科中信97購01,0,0,0,0,0,0,0,0,0,-69000,0,0,0,0,69000,-69000,-69000
05909P,康友元富96售02  ,0,0,0,0,0,0,0,0,0,-69000,0,0,0,10000,79000,-69000,-69000
053505,瑞儀兆豐97購01  ,0,0,0,0,0,0,0,0,0,-70000,0,0,0,0,70000,-70000,-70000
053766,友達富邦97購01  ,0,0,0,0,0,0,0,0,0,-70000,0,0,0,10000,80000,-70000,-70000
052837,友達國泰97購01  ,0,0,0,0,0,0,0,0,0,-70000,0,0,0,55000,125000,-70000,-70000
053218,TPK凱基96購01   ,0,0,0,0,0,0,0,0,0,-70000,0,0,0,0,70000,-70000,-70000
053210,華邦電凱基97購02,0,0,0,0,0,0,0,0,0,-70000,0,0,0,0,70000,-70000,-70000
05444P,大立光元大95售10,0,0,0,0,0,0,0,0,0,-70000,0,0,0,30000,100000,-70000,-70000
054488,禾伸堂台新96購01,0,0,0,0,0,0,0,0,0,-70000,0,0,0,0,70000,-70000,-70000
054419,嘉聯益元大98購02,0,0,0,0,0,0,0,0,0,-70000,0,0,0,104000,174000,-70000,-70000
054425,聯發科富邦99購03,0,0,0,0,0,0,0,0,0,-70000,0,0,0,59000,129000,-70000,-70000
054181,華新康和96購01  ,0,0,0,0,0,0,0,0,0,-70000,0,0,0,0,70000,-70000,-70000
054216,聯茂國票97購03  ,0,0,0,0,0,0,0,0,0,-70000,0,0,0,3000,73000,-70000,-70000
054697,凌華永豐97購01  ,0,0,0,0,0,0,0,0,0,-70000,0,0,0,0,70000,-70000,-70000
054726,台積電日盛97購01,0,0,0,0,0,0,0,0,0,-70000,0,0,0,44000,114000,-70000,-70000
054904,興勤康和97購01  ,0,0,0,0,0,0,0,0,0,-70000,0,0,0,0,70000,-70000,-70000
044773,創意元大93購02  ,0,0,0,0,0,0,0,0,0,-70000,0,0,0,0,70000,-70000,-70000
044124,燿華凱基93購01  ,0,0,0,0,0,0,0,0,0,-70000,0,0,0,43000,113000,-70000,-70000
03645C,臺股指凱基96牛27,0,0,0,0,0,0,0,0,0,-70000,0,0,0,5000,75000,-70000,-70000
03413B,臺股指凱基94熊19,0,0,0,0,0,0,0,0,0,-70000,0,0,0,281000,351000,-70000,-70000
045054,聯發科元富98購02,0,0,0,0,0,0,0,0,0,-70000,0,0,0,2000,72000,-70000,-70000
045766,上証2X元富92購01,0,0,0,0,0,0,0,0,0,-70000,0,0,0,15000,85000,-70000,-70000
048900,精成科國泰95購01,0,0,0,0,0,0,0,0,0,-70000,0,0,0,15000,85000,-70000,-70000
045577,台光電元大92購06,0,0,0,0,0,0,0,0,0,-70000,0,0,0,0,70000,-70000,-70000
049923,智原元大95購02  ,0,0,0,0,0,0,0,0,0,-70000,0,0,0,28000,98000,-70000,-70000
04850P,全新永豐94售03  ,0,0,0,0,0,0,0,0,0,-70000,0,0,0,45000,115000,-70000,-70000
047406,香港反統一94購01,0,0,0,0,0,0,0,0,0,-70000,0,0,0,20000,90000,-70000,-70000
048121,亞德客元大93購05,0,0,0,0,0,0,0,0,0,-70000,0,0,0,57000,127000,-70000,-70000
04915P,鴻海永昌96售02  ,0,0,0,0,0,0,0,0,0,-70000,0,0,0,30000,100000,-70000,-70000
048721,正文永豐94購01  ,0,0,0,0,0,0,0,0,0,-70000,0,0,0,271000,341000,-70000,-70000
04652P,臺股指凱基94售11,0,0,0,0,0,0,0,0,0,-70000,0,0,0,0,70000,-70000,-70000
050243,華新科凱基94購10,0,0,0,0,0,0,0,0,0,-70000,0,0,0,107000,177000,-70000,-70000
051169,瀚宇博元大95購05,0,0,0,0,0,0,0,0,0,-70000,0,0,0,0,70000,-70000,-70000
05099P,台積電凱基95售06,0,0,0,0,0,0,0,0,0,-70000,0,0,0,0,70000,-70000,-70000
051824,華通元大95購07  ,0,0,0,0,0,0,0,0,0,-70000,0,0,0,50000,120000,-70000,-70000
051845,世紀鋼富邦96購01,0,0,0,0,0,0,0,0,0,-70000,0,0,0,0,70000,-70000,-70000
051895,聯茂元富95購02  ,0,0,0,0,0,0,0,0,0,-70000,0,0,0,80000,150000,-70000,-70000
051569,緯創富邦95購02  ,0,0,0,0,0,0,0,0,0,-70000,0,0,0,0,70000,-70000,-70000
052212,可成元大95購11  ,0,0,0,0,0,0,0,0,0,-70000,0,0,0,18000,88000,-70000,-70000
06172P,台虹永豐97售02  ,0,0,0,0,0,0,0,0,0,-70000,0,0,0,0,70000,-70000,-70000
4737,華廣            ,43000,113000,-70000,0,0,0,0,0,0,0,0,0,0,0,0,0,-70000
2548,華固            ,238678,324000,-85322,0,0,0,19000,0,19000,-4000,0,0,0,0,4000,-4000,-70322
053123,京元電凱基96購01,0,0,0,0,0,0,0,0,0,-71000,0,0,0,0,71000,-71000,-71000
052926,旺宏元大98購02  ,0,0,0,0,0,0,0,0,0,-71000,0,0,0,101000,172000,-71000,-71000
045807,上緯控國票93購01,0,0,0,0,0,0,0,0,0,-71000,0,0,0,405000,476000,-71000,-71000
045854,貿聯富邦93購01  ,0,0,0,0,0,0,0,0,0,-71000,0,0,0,76000,147000,-71000,-71000
041210,群創元富93購01  ,0,0,0,0,0,0,0,0,0,-71000,0,0,0,601000,672000,-71000,-71000
04294P,台積電元大95售01,0,0,0,0,0,0,0,0,0,-71000,0,0,0,110000,181000,-71000,-71000
049371,可成元大94購04  ,0,0,0,0,0,0,0,0,0,-71000,0,0,0,21000,92000,-71000,-71000
048192,華通元大96購01  ,0,0,0,0,0,0,0,0,0,-71000,0,0,0,88000,159000,-71000,-71000
049554,禾伸堂富邦96購01,0,0,0,0,0,0,0,0,0,-71000,0,0,0,0,71000,-71000,-71000
052095,彩晶元大97購01  ,0,0,0,0,0,0,0,0,0,-71000,0,0,0,14000,85000,-71000,-71000
051616,鴻海凱基96購08  ,0,0,0,0,0,0,0,0,0,-71000,0,0,0,0,71000,-71000,-71000
051766,泰鼎元大95購02  ,0,0,0,0,0,0,0,0,0,-71000,0,0,0,108000,179000,-71000,-71000
050953,臻鼎群益95購01  ,0,0,0,0,0,0,0,0,0,-71000,0,0,0,12000,83000,-71000,-71000
053419,光罩永豐96購01  ,0,0,0,0,0,0,0,0,0,-72000,0,0,0,0,72000,-72000,-72000
054775,復盛國票98購01  ,0,0,0,0,0,0,0,0,0,-72000,0,0,0,28000,100000,-72000,-72000
053981,康控元大96購05  ,0,0,0,0,0,0,0,0,0,-72000,0,0,0,174000,246000,-72000,-72000
054455,楠梓電群益98購02,0,0,0,0,0,0,0,0,0,-72000,0,0,0,12000,84000,-72000,-72000
04401P,玉晶光兆豐94售01,0,0,0,0,0,0,0,0,0,-72000,0,0,0,0,72000,-72000,-72000
044480,瀚宇博統一91購01,0,0,0,0,0,0,0,0,0,-72000,0,0,0,1000,73000,-72000,-72000
048808,美律亞東94購01  ,0,0,0,0,0,0,0,0,0,-72000,0,0,0,0,72000,-72000,-72000
048662,京元電統一93購04,0,0,0,0,0,0,0,0,0,-72000,0,0,0,10000,82000,-72000,-72000
047869,景碩永豐93購01  ,0,0,0,0,0,0,0,0,0,-72000,0,0,0,16000,88000,-72000,-72000
049147,美律元大94購02  ,0,0,0,0,0,0,0,0,0,-72000,0,0,0,88000,160000,-72000,-72000
050776,康控元大96購03  ,0,0,0,0,0,0,0,0,0,-72000,0,0,0,15000,87000,-72000,-72000
052015,漢唐永豐95購02  ,0,0,0,0,0,0,0,0,0,-72000,0,0,0,0,72000,-72000,-72000
051622,和碩凱基96購01  ,0,0,0,0,0,0,0,0,0,-72000,0,0,0,2000,74000,-72000,-72000
055411,國巨富邦9A購02  ,0,0,0,0,0,0,0,0,0,-72000,0,0,0,0,72000,-72000,-72000
054054,光磊國票97購02  ,0,0,0,0,0,0,0,0,0,-73000,0,0,0,3415000,3488000,-73000,-73000
054268,健策第一96購01  ,0,0,0,0,0,0,0,0,0,-73000,0,0,0,467000,540000,-73000,-73000
054718,可成永豐97購01  ,0,0,0,0,0,0,0,0,0,-73000,0,0,0,126000,199000,-73000,-73000
054900,金寶康和97購01  ,0,0,0,0,0,0,0,0,0,-73000,0,0,0,533000,606000,-73000,-73000
053533,光罩永豐96購03  ,0,0,0,0,0,0,0,0,0,-73000,0,0,0,0,73000,-73000,-73000
05332P,臺股指國票95售01,0,0,0,0,0,0,0,0,0,-73000,0,0,0,62000,135000,-73000,-73000
042196,元油2X元大93購02,0,0,0,0,0,0,0,0,0,-73000,0,0,0,3000,76000,-73000,-73000
049495,欣興元大94購06  ,0,0,0,0,0,0,0,0,0,-73000,0,0,0,46000,119000,-73000,-73000
047838,亞光元大93購03  ,0,0,0,0,0,0,0,0,0,-73000,0,0,0,34000,107000,-73000,-73000
048524,GIS元富94購01   ,0,0,0,0,0,0,0,0,0,-73000,0,0,0,0,73000,-73000,-73000
048349,美利達元大96購02,0,0,0,0,0,0,0,0,0,-73000,0,0,0,0,73000,-73000,-73000
050536,亞泥凱基95購01  ,0,0,0,0,0,0,0,0,0,-73000,0,0,0,0,73000,-73000,-73000
053216,京鼎凱基96購02  ,0,0,0,0,0,0,0,0,0,-74000,0,0,0,58000,132000,-74000,-74000
053365,彩晶國泰98購01  ,0,0,0,0,0,0,0,0,0,-74000,0,0,0,120000,194000,-74000,-74000
053475,華新科元大96購05,0,0,0,0,0,0,0,0,0,-74000,0,0,0,122000,196000,-74000,-74000
053687,智邦元大96購02  ,0,0,0,0,0,0,0,0,0,-74000,0,0,0,12000,86000,-74000,-74000
054868,國泰金群益9A購01,0,0,0,0,0,0,0,0,0,-74000,0,0,0,0,74000,-74000,-74000
03576P,台灣50元富06售01,0,0,0,0,0,0,0,0,0,-74000,0,0,0,0,74000,-74000,-74000
046141,康控統一92購02  ,0,0,0,0,0,0,0,0,0,-74000,0,0,0,0,74000,-74000,-74000
046117,強茂元大92購03  ,0,0,0,0,0,0,0,0,0,-74000,0,0,0,0,74000,-74000,-74000
049817,南電元大94購07  ,0,0,0,0,0,0,0,0,0,-74000,0,0,0,50000,124000,-74000,-74000
046589,康控元大92購03  ,0,0,0,0,0,0,0,0,0,-74000,0,0,0,0,74000,-74000,-74000
048466,卜蜂康和93購01  ,0,0,0,0,0,0,0,0,0,-74000,0,0,0,0,74000,-74000,-74000
050817,可成凱基95購01  ,0,0,0,0,0,0,0,0,0,-74000,0,0,0,91000,165000,-74000,-74000
051130,百和群益96購01  ,0,0,0,0,0,0,0,0,0,-74000,0,0,0,35000,109000,-74000,-74000
051300,台光電凱基96購02,0,0,0,0,0,0,0,0,0,-74000,0,0,0,0,74000,-74000,-74000
051961,泰碩永豐95購01  ,0,0,0,0,0,0,0,0,0,-74000,0,0,0,34000,108000,-74000,-74000
052072,健策統一95購02  ,0,0,0,0,0,0,0,0,0,-74000,0,0,0,106000,180000,-74000,-74000
052359,百和永豐95購01  ,0,0,0,0,0,0,0,0,0,-74000,0,0,0,96000,170000,-74000,-74000
052479,TPK群益95購04   ,0,0,0,0,0,0,0,0,0,-74000,0,0,0,50000,124000,-74000,-74000
055403,泰鼎元富97購01  ,0,0,0,0,0,0,0,0,0,-74000,0,0,0,0,74000,-74000,-74000
055228,聯發科國票98購03,0,0,0,0,0,0,0,0,0,-74000,0,0,0,0,74000,-74000,-74000
05480P,滬深2X凱基96售05,0,0,0,0,0,0,0,0,0,-75000,0,0,0,10000,85000,-75000,-75000
054732,台化凱基98購01  ,0,0,0,0,0,0,0,0,0,-75000,0,0,0,0,75000,-75000,-75000
054453,上海銀亞東96購01,0,0,0,0,0,0,0,0,0,-75000,0,0,0,2000,77000,-75000,-75000
054377,臺股指中信99購09,0,0,0,0,0,0,0,0,0,-75000,0,0,0,75000,150000,-75000,-75000
053127,貿聯凱基97購01  ,0,0,0,0,0,0,0,0,0,-75000,0,0,0,19000,94000,-75000,-75000
053166,聯詠群益96購02  ,0,0,0,0,0,0,0,0,0,-75000,0,0,0,42000,117000,-75000,-75000
045746,燿華永豐92購01  ,0,0,0,0,0,0,0,0,0,-75000,0,0,0,40000,115000,-75000,-75000
048939,華擎永豐94購01  ,0,0,0,0,0,0,0,0,0,-75000,0,0,0,24000,99000,-75000,-75000
04049P,大立光元大95售02,0,0,0,0,0,0,0,0,0,-75000,0,0,0,186000,261000,-75000,-75000
04940P,台積電國票95售02,0,0,0,0,0,0,0,0,0,-75000,0,0,0,0,75000,-75000,-75000
047584,元金2X永豐95購01,0,0,0,0,0,0,0,0,0,-75000,0,0,0,0,75000,-75000,-75000
052560,康舒國票97購01  ,0,0,0,0,0,0,0,0,0,-75000,0,0,0,0,75000,-75000,-75000
05140P,台表科國票96售01,0,0,0,0,0,0,0,0,0,-75000,0,0,0,0,75000,-75000,-75000
051393,新光金兆豐96購01,0,0,0,0,0,0,0,0,0,-75000,0,0,0,0,75000,-75000,-75000
051155,聯發科國泰96購01,0,0,0,0,0,0,0,0,0,-75000,0,0,0,68000,143000,-75000,-75000
055206,台虹中信97購01  ,0,0,0,0,0,0,0,0,0,-75000,0,0,0,10000,85000,-75000,-75000
055311,健策群益98購02  ,0,0,0,0,0,0,0,0,0,-75000,0,0,0,7000,82000,-75000,-75000
053487,台泥兆豐97購01  ,0,0,0,0,0,0,0,0,0,-76000,0,0,0,139000,215000,-76000,-76000
054877,百和群益98購01  ,0,0,0,0,0,0,0,0,0,-76000,0,0,0,35000,111000,-76000,-76000
00753L,中信中國50正2   ,0,0,0,0,0,0,0,0,0,-76000,0,0,0,201000,277000,-76000,-76000
043048,金寶國泰93購01  ,0,0,0,0,0,0,0,0,0,-76000,0,0,0,1000,77000,-76000,-76000
045275,台光電統一92購03,0,0,0,0,0,0,0,0,0,-76000,0,0,0,0,76000,-76000,-76000
047591,訊芯永豐93購02  ,0,0,0,0,0,0,0,0,0,-76000,0,0,0,353000,429000,-76000,-76000
049269,超眾元大96購02  ,0,0,0,0,0,0,0,0,0,-76000,0,0,0,0,76000,-76000,-76000
05116P,台積電群益95售03,0,0,0,0,0,0,0,0,0,-76000,0,0,0,25000,101000,-76000,-76000
050699,京鼎凱基96購01  ,0,0,0,0,0,0,0,0,0,-76000,0,0,0,28000,104000,-76000,-76000
051390,京元電兆豐95購01,0,0,0,0,0,0,0,0,0,-76000,0,0,0,20000,96000,-76000,-76000
1722,台肥            ,155000,231000,-76000,0,0,0,0,0,0,0,0,0,0,6000,6000,0,-76000
9934,成霖            ,20000,96000,-76000,0,0,0,0,0,0,0,0,0,0,0,0,0,-76000
054085,華新科統一96購04,0,0,0,0,0,0,0,0,0,-77000,0,0,0,110000,187000,-77000,-77000
054002,GIS群益96購03   ,0,0,0,0,0,0,0,0,0,-77000,0,0,0,0,77000,-77000,-77000
053559,台積電國泰98購01,0,0,0,0,0,0,0,0,0,-77000,0,0,0,151000,228000,-77000,-77000
053860,台積電元大98購03,0,0,0,0,0,0,0,0,0,-77000,0,0,0,724000,801000,-77000,-77000
052919,鈺齊富邦98購01  ,0,0,0,0,0,0,0,0,0,-77000,0,0,0,102000,179000,-77000,-77000
046172,美律永豐92購01  ,0,0,0,0,0,0,0,0,0,-77000,0,0,0,57000,134000,-77000,-77000
044094,南亞科統一92購01,0,0,0,0,0,0,0,0,0,-77000,0,0,0,48000,125000,-77000,-77000
04958P,和大凱基94售04  ,0,0,0,0,0,0,0,0,0,-77000,0,0,0,2000,79000,-77000,-77000
051432,群創元富99購03  ,0,0,0,0,0,0,0,0,0,-77000,0,0,0,261000,338000,-77000,-77000
050215,TPK台新96購01   ,0,0,0,0,0,0,0,0,0,-77000,0,0,0,0,77000,-77000,-77000
8028,昇陽半導體      ,69000,119000,-50000,0,0,0,0,0,0,-27000,1000,1000,0,0,27000,-27000,-77000
052779,欣興國票97購01  ,0,0,0,0,0,0,0,0,0,-78000,0,0,0,41000,119000,-78000,-78000
053585,友達元大9C購03  ,0,0,0,0,0,0,0,0,0,-78000,0,0,0,70000,148000,-78000,-78000
053637,強茂永豐96購01  ,0,0,0,0,0,0,0,0,0,-78000,0,0,0,0,78000,-78000,-78000
054042,華泰元大96購01  ,0,0,0,0,0,0,0,0,0,-78000,0,0,0,70000,148000,-78000,-78000
054569,GIS群益98購01   ,0,0,0,0,0,0,0,0,0,-78000,0,0,0,0,78000,-78000,-78000
054882,台光電統一97購02,0,0,0,0,0,0,0,0,0,-78000,0,0,0,20000,98000,-78000,-78000
054911,敬鵬凱基97購01  ,0,0,0,0,0,0,0,0,0,-78000,0,0,0,0,78000,-78000,-78000
01010T,京城樂富R1      ,0,0,0,0,0,0,0,0,0,-78000,0,78000,-78000,0,0,0,-78000
049853,上海銀群益94購02,0,0,0,0,0,0,0,0,0,-78000,0,0,0,0,78000,-78000,-78000
048630,南亞元大93購01  ,0,0,0,0,0,0,0,0,0,-78000,0,0,0,40000,118000,-78000,-78000
047305,卜蜂元大93購02  ,0,0,0,0,0,0,0,0,0,-78000,0,0,0,0,78000,-78000,-78000
047451,世紀鋼元大93購04,0,0,0,0,0,0,0,0,0,-78000,0,0,0,0,78000,-78000,-78000
046939,燿華元大96購01  ,0,0,0,0,0,0,0,0,0,-78000,0,0,0,157000,235000,-78000,-78000
050224,台泥中信94購01  ,0,0,0,0,0,0,0,0,0,-78000,0,0,0,0,78000,-78000,-78000
051534,景碩國票97購01  ,0,0,0,0,0,0,0,0,0,-78000,0,0,0,22000,100000,-78000,-78000
051758,瑞昱元大95購01  ,0,0,0,0,0,0,0,0,0,-78000,0,0,0,201000,279000,-78000,-78000
051815,百和凱基96購01  ,0,0,0,0,0,0,0,0,0,-78000,0,0,0,38000,116000,-78000,-78000
052530,台郡元大96購04  ,0,0,0,0,0,0,0,0,0,-78000,0,0,0,151000,229000,-78000,-78000
06007P,世芯永豐96售01  ,0,0,0,0,0,0,0,0,0,-78000,0,0,0,32000,110000,-78000,-78000
055164,矽創元大98購01  ,0,0,0,0,0,0,0,0,0,-79000,0,0,0,360000,439000,-79000,-79000
054438,群創台新96購01  ,0,0,0,0,0,0,0,0,0,-79000,0,0,0,80000,159000,-79000,-79000
052954,大成鋼日盛96購01,0,0,0,0,0,0,0,0,0,-79000,0,0,0,50000,129000,-79000,-79000
00690,兆豐藍籌30      ,0,0,0,0,0,0,0,0,0,-79000,0,0,0,158000,237000,-79000,-79000
044516,景碩凱基93購02  ,0,0,0,0,0,0,0,0,0,-79000,0,0,0,0,79000,-79000,-79000
049517,台光電國票94購02,0,0,0,0,0,0,0,0,0,-79000,0,0,0,0,79000,-79000,-79000
052148,康友群益95購03  ,0,0,0,0,0,0,0,0,0,-79000,0,0,0,112000,191000,-79000,-79000
051582,聯發科元大97購02,0,0,0,0,0,0,0,0,0,-79000,0,0,0,45000,124000,-79000,-79000
2425,承啟            ,245000,324000,-79000,0,0,0,0,0,0,0,0,0,0,0,0,0,-79000
8249,菱光            ,21000,100000,-79000,0,0,0,0,0,0,0,0,0,0,0,0,0,-79000
052838,新唐國泰98購01  ,0,0,0,0,0,0,0,0,0,-80000,0,0,0,0,80000,-80000,-80000
055156,華新科元大99購02,0,0,0,0,0,0,0,0,0,-80000,0,0,0,0,80000,-80000,-80000
054978,堤維西元富97購01,0,0,0,0,0,0,0,0,0,-80000,0,0,0,0,80000,-80000,-80000
045858,元油2X統一94購02,0,0,0,0,0,0,0,0,0,-80000,0,0,0,1000,81000,-80000,-80000
045774,義隆元大92購02  ,0,0,0,0,0,0,0,0,0,-80000,0,0,0,3000,83000,-80000,-80000
049054,禾伸堂永豐94購01,0,0,0,0,0,0,0,0,0,-80000,0,0,0,5000,85000,-80000,-80000
049036,燿華兆豐95購01  ,0,0,0,0,0,0,0,0,0,-80000,0,0,0,43000,123000,-80000,-80000
04124P,可成凱基93售12  ,0,0,0,0,0,0,0,0,0,-80000,0,0,0,0,80000,-80000,-80000
03597P,玉晶光凱基03售12,0,0,0,0,0,0,0,0,0,-80000,0,0,0,20000,100000,-80000,-80000
045653,南茂凱基93購02  ,0,0,0,0,0,0,0,0,0,-80000,0,0,0,0,80000,-80000,-80000
049618,美律群益94購03  ,0,0,0,0,0,0,0,0,0,-80000,0,0,0,123000,203000,-80000,-80000
047611,滬深2X群益93購02,0,0,0,0,0,0,0,0,0,-80000,0,0,0,100000,180000,-80000,-80000
048340,聯發科元大93購25,0,0,0,0,0,0,0,0,0,-80000,0,0,0,75000,155000,-80000,-80000
048258,國泰金統一93購01,0,0,0,0,0,0,0,0,0,-80000,0,0,0,0,80000,-80000,-80000
047202,欣興元富96購01  ,0,0,0,0,0,0,0,0,0,-80000,0,0,0,113000,193000,-80000,-80000
047770,聯詠元大93購10  ,0,0,0,0,0,0,0,0,0,-80000,0,0,0,50000,130000,-80000,-80000
048048,大立光永豐93購03,0,0,0,0,0,0,0,0,0,-80000,0,0,0,0,80000,-80000,-80000
046572,貿聯國泰94購01  ,0,0,0,0,0,0,0,0,0,-80000,0,0,0,145000,225000,-80000,-80000
052105,南亞科兆豐95購01,0,0,0,0,0,0,0,0,0,-80000,0,0,0,3000,83000,-80000,-80000
052379,鈺齊元大95購04  ,0,0,0,0,0,0,0,0,0,-80000,0,0,0,296000,376000,-80000,-80000
052602,聯電元大97購01  ,0,0,0,0,0,0,0,0,0,-80000,0,0,0,20000,100000,-80000,-80000
050094,T50反1國泰95購01,0,0,0,0,0,0,0,0,0,-80000,0,0,0,0,80000,-80000,-80000
050129,聯發科凱基94購11,0,0,0,0,0,0,0,0,0,-80000,0,0,0,2000,82000,-80000,-80000
050352,欣興群益95購01  ,0,0,0,0,0,0,0,0,0,-80000,0,0,0,20000,100000,-80000,-80000
050767,京元電元大96購01,0,0,0,0,0,0,0,0,0,-80000,0,0,0,35000,115000,-80000,-80000
051327,元油2X永豐95購02,0,0,0,0,0,0,0,0,0,-80000,0,0,0,7000,87000,-80000,-80000
06171P,台積電統一97售06,0,0,0,0,0,0,0,0,0,-80000,0,0,0,66000,146000,-80000,-80000
055174,精元統一97購01  ,0,0,0,0,0,0,0,0,0,-81000,0,0,0,80000,161000,-81000,-81000
052822,泰碩永豐97購01  ,0,0,0,0,0,0,0,0,0,-81000,0,0,0,0,81000,-81000,-81000
053200,華邦電日盛96購01,0,0,0,0,0,0,0,0,0,-81000,0,0,0,108000,189000,-81000,-81000
053620,臺股指群益96購06,0,0,0,0,0,0,0,0,0,-81000,0,0,0,116000,197000,-81000,-81000
053557,聯茂凱基96購04  ,0,0,0,0,0,0,0,0,0,-81000,0,0,0,1000,82000,-81000,-81000
046231,創意元大92購07  ,0,0,0,0,0,0,0,0,0,-81000,0,0,0,77000,158000,-81000,-81000
0056,元大高股息      ,4000,0,4000,0,0,0,0,100000,-100000,15000,35000,20000,15000,0,0,0,-81000
049178,宏達電凱基94購02,0,0,0,0,0,0,0,0,0,-81000,0,0,0,0,81000,-81000,-81000
046685,世紀鋼群益93購02,0,0,0,0,0,0,0,0,0,-81000,0,0,0,189000,270000,-81000,-81000
047577,宏達電群益93購03,0,0,0,0,0,0,0,0,0,-81000,0,0,0,0,81000,-81000,-81000
049647,美食凱基94購01  ,0,0,0,0,0,0,0,0,0,-81000,0,0,0,0,81000,-81000,-81000
051707,欣興群益95購02  ,0,0,0,0,0,0,0,0,0,-81000,0,0,0,56000,137000,-81000,-81000
06182P,群創兆豐97售03  ,0,0,0,0,0,0,0,0,0,-81000,0,0,0,10000,91000,-81000,-81000
1305,華夏            ,51000,117000,-66000,0,0,0,0,0,0,-15000,0,0,0,0,15000,-15000,-81000
05851P,力山群益97售01  ,0,0,0,0,0,0,0,0,0,-81000,0,0,0,0,81000,-81000,-81000
05360P,健策元大95售03  ,0,0,0,0,0,0,0,0,0,-82000,0,0,0,100000,182000,-82000,-82000
053273,國巨元大96購08  ,0,0,0,0,0,0,0,0,0,-82000,0,0,0,0,82000,-82000,-82000
053177,華邦電統一96購01,0,0,0,0,0,0,0,0,0,-82000,0,0,0,20000,102000,-82000,-82000
053019,禾伸堂元富96購01,0,0,0,0,0,0,0,0,0,-82000,0,0,0,18000,100000,-82000,-82000
055143,臻鼎永豐97購01  ,0,0,0,0,0,0,0,0,0,-82000,0,0,0,0,82000,-82000,-82000
054381,世芯群益98購01  ,0,0,0,0,0,0,0,0,0,-82000,0,0,0,46000,128000,-82000,-82000
044125,美律凱基93購01  ,0,10000,-10000,0,0,0,0,0,0,-72000,0,0,0,90000,162000,-72000,-82000
049060,易華電永豐94購02,0,0,0,0,0,0,0,0,0,-82000,0,0,0,0,82000,-82000,-82000
04600P,可成凱基94售07  ,0,0,0,0,0,0,0,0,0,-82000,0,0,0,100000,182000,-82000,-82000
052437,聯發科富邦99購02,0,0,0,0,0,0,0,0,0,-82000,0,0,0,0,82000,-82000,-82000
052516,臺股指凱基95購20,0,0,0,0,0,0,0,0,0,-82000,0,0,0,0,82000,-82000,-82000
052192,SP黃豆元富95購04,0,0,0,0,0,0,0,0,0,-82000,0,0,0,0,82000,-82000,-82000
052250,光磊永豐95購01  ,0,0,0,0,0,0,0,0,0,-82000,0,0,0,65000,147000,-82000,-82000
050678,美律統一94購04  ,0,0,0,0,0,0,0,0,0,-82000,0,0,0,113000,195000,-82000,-82000
050274,GIS元大94購05   ,0,0,0,0,0,0,0,0,0,-82000,0,0,0,26000,108000,-82000,-82000
05921P,同欣電元大96售06,0,0,0,0,0,0,0,0,0,-82000,0,0,0,51000,133000,-82000,-82000
055369,友訊元大97購01  ,0,0,0,0,0,0,0,0,0,-82000,0,0,0,0,82000,-82000,-82000
3003,健和興          ,27000,105000,-78000,0,0,0,0,0,0,-4000,8000,2000,6000,0,10000,-10000,-82000
053269,同欣電群益96購01,0,0,0,0,0,0,0,0,0,-83000,0,0,0,110000,193000,-83000,-83000
05370P,矽創元富95售01  ,0,0,0,0,0,0,0,0,0,-83000,0,0,0,93000,176000,-83000,-83000
00656R,國泰中國A50反1  ,0,1000,-1000,0,0,0,0,0,0,-82000,0,0,0,11000,93000,-82000,-83000
047448,啟碁元大93購06  ,0,0,0,0,0,0,0,0,0,-83000,0,0,0,11000,94000,-83000,-83000
046619,可成凱基93購01  ,0,0,0,0,0,0,0,0,0,-83000,0,0,0,1000,84000,-83000,-83000
051529,東元國票96購01  ,0,0,0,0,0,0,0,0,0,-83000,0,0,0,0,83000,-83000,-83000
051462,世芯國泰97購01  ,0,0,0,0,0,0,0,0,0,-83000,0,0,0,393000,476000,-83000,-83000
051479,兆豐金凱基95購01,0,0,0,0,0,0,0,0,0,-83000,0,0,0,35000,118000,-83000,-83000
8926,台汽電          ,205000,288000,-83000,0,0,0,0,0,0,0,0,0,0,0,0,0,-83000
2423,固緯            ,4000,57000,-53000,0,0,0,0,0,0,-30000,0,30000,-30000,0,0,0,-83000
1789,神隆            ,127000,211000,-84000,0,0,0,0,0,0,1000,1000,0,1000,0,0,0,-83000
053747,滬深2X永豐96購05,0,0,0,0,0,0,0,0,0,-84000,0,0,0,0,84000,-84000,-84000
053338,台光電國票97購01,0,0,0,0,0,0,0,0,0,-84000,0,0,0,4000,88000,-84000,-84000
052967,智邦群益96購01  ,0,0,0,0,0,0,0,0,0,-84000,0,0,0,33000,117000,-84000,-84000
054082,楠梓電元富96購01,0,0,0,0,0,0,0,0,0,-84000,0,0,0,20000,104000,-84000,-84000
054954,華新科元大97購06,0,0,0,0,0,0,0,0,0,-84000,0,0,0,36000,120000,-84000,-84000
045718,瑞昱凱基92購01  ,0,0,0,0,0,0,0,0,0,-84000,0,0,0,11000,95000,-84000,-84000
04449P,智邦凱基94售01  ,0,0,0,0,0,0,0,0,0,-84000,0,0,0,24000,108000,-84000,-84000
047764,燿華元大93購03  ,0,0,0,0,0,0,0,0,0,-84000,0,0,0,72000,156000,-84000,-84000
049502,訊芯元大94購01  ,0,0,0,0,0,0,0,0,0,-84000,0,0,0,155000,239000,-84000,-84000
048643,強茂元大94購01  ,0,0,0,0,0,0,0,0,0,-84000,0,0,0,16000,100000,-84000,-84000
051123,和鑫群益95購01  ,0,0,0,0,0,0,0,0,0,-84000,0,0,0,131000,215000,-84000,-84000
05068P,鴻海統一95售06  ,0,0,0,0,0,0,0,0,0,-84000,0,0,0,101000,185000,-84000,-84000
054591,GIS國泰98購01   ,0,0,0,0,0,0,0,0,0,-85000,0,0,0,0,85000,-85000,-85000
053988,友達亞東96購01  ,0,0,0,0,0,0,0,0,0,-85000,0,0,0,7000,92000,-85000,-85000
054163,燿華凱基97購02  ,0,0,0,0,0,0,0,0,0,-85000,0,0,0,0,85000,-85000,-85000
052951,GIS國票97購02   ,0,0,0,0,0,0,0,0,0,-85000,0,0,0,0,85000,-85000,-85000
052903,致茂國票97購01  ,0,0,0,0,0,0,0,0,0,-85000,0,0,0,13000,98000,-85000,-85000
052809,訊芯元大97購01  ,0,0,0,0,0,0,0,0,0,-85000,0,0,0,51000,136000,-85000,-85000
053761,健策國泰98購01  ,0,0,0,0,0,0,0,0,0,-85000,0,0,0,689000,774000,-85000,-85000
053647,臺股指國票96購10,0,0,0,0,0,0,0,0,0,-85000,0,0,0,0,85000,-85000,-85000
053427,鎧勝永豐96購02  ,0,0,0,0,0,0,0,0,0,-85000,0,0,0,23000,108000,-85000,-85000
044987,宏達電統一94購01,0,0,0,0,0,0,0,0,0,-85000,0,0,0,0,85000,-85000,-85000
045344,可成凱基92購06  ,0,0,0,0,0,0,0,0,0,-85000,0,0,0,11000,96000,-85000,-85000
048894,光罩國泰94購01  ,0,0,0,0,0,0,0,0,0,-85000,0,0,0,24000,109000,-85000,-85000
046211,南電元富92購01  ,0,0,0,0,0,0,0,0,0,-85000,0,0,0,50000,135000,-85000,-85000
044717,旺宏統一94購01  ,0,0,0,0,0,0,0,0,0,-85000,0,0,0,47000,132000,-85000,-85000
03826P,瀚宇博元大95售01,0,0,0,0,0,0,0,0,0,-85000,0,0,0,0,85000,-85000,-85000
04749P,臺股指元大94售25,0,0,0,0,0,0,0,0,0,-85000,0,0,0,0,85000,-85000,-85000
048118,百和群益94購03  ,0,0,0,0,0,0,0,0,0,-85000,0,0,0,30000,115000,-85000,-85000
049453,新日興統一94購01,0,0,0,0,0,0,0,0,0,-85000,0,0,0,392000,477000,-85000,-85000
049203,智邦群益94購01  ,0,0,0,0,0,0,0,0,0,-85000,0,0,0,15000,100000,-85000,-85000
050714,深中小群益98購01,0,0,0,0,0,0,0,0,0,-85000,0,0,0,600000,685000,-85000,-85000
051128,台表科群益95購02,0,0,0,0,0,0,0,0,0,-85000,0,0,0,60000,145000,-85000,-85000
051104,鈺齊元大96購01  ,0,0,0,0,0,0,0,0,0,-85000,0,0,0,96000,181000,-85000,-85000
051192,緯創兆豐96購01  ,0,0,0,0,0,0,0,0,0,-85000,0,0,0,15000,100000,-85000,-85000
051288,可成統一95購03  ,0,0,0,0,0,0,0,0,0,-85000,0,0,0,150000,235000,-85000,-85000
050494,可成永昌96購01  ,0,0,0,0,0,0,0,0,0,-85000,0,0,0,112000,197000,-85000,-85000
052128,聯發科日盛95購03,0,0,0,0,0,0,0,0,0,-85000,0,0,0,0,85000,-85000,-85000
052597,茂林群益96購01  ,0,0,0,0,0,0,0,0,0,-85000,0,0,0,201000,286000,-85000,-85000
2820,華票            ,8000,93000,-85000,0,0,0,0,0,0,0,0,0,0,0,0,0,-85000
055357,欣興凱基97購04  ,0,0,0,0,0,0,0,0,0,-85000,0,0,0,33000,118000,-85000,-85000
05986P,大立光統一97售03,0,0,0,0,0,0,0,0,0,-85000,0,0,0,45000,130000,-85000,-85000
05704P,矽力群益96售04  ,0,0,0,0,0,0,0,0,0,-85000,0,0,0,0,85000,-85000,-85000
6230,超眾            ,183000,358000,-175000,0,0,0,31000,5000,26000,64000,35000,25000,10000,67000,13000,54000,-85000
052886,世紀鋼兆豐96購01,0,0,0,0,0,0,0,0,0,-86000,0,0,0,51000,137000,-86000,-86000
053039,聯發科凱基96購11,0,0,0,0,0,0,0,0,0,-86000,0,0,0,44000,130000,-86000,-86000
054393,漢唐永豐96購01  ,0,0,0,0,0,0,0,0,0,-86000,0,0,0,0,86000,-86000,-86000
046332,同欣電元大92購01,0,0,0,0,0,0,0,0,0,-86000,0,0,0,26000,112000,-86000,-86000
045861,智邦統一93購02  ,0,0,0,0,0,0,0,0,0,-86000,0,0,0,35000,121000,-86000,-86000
045898,康控元大93購04  ,0,0,0,0,0,0,0,0,0,-86000,0,0,0,137000,223000,-86000,-86000
046604,康控群益93購02  ,0,0,0,0,0,0,0,0,0,-86000,0,0,0,26000,112000,-86000,-86000
046694,智邦凱基93購01  ,0,0,0,0,0,0,0,0,0,-86000,0,0,0,0,86000,-86000,-86000
04781P,欣興凱基94售06  ,0,0,0,0,0,0,0,0,0,-86000,0,0,0,10000,96000,-86000,-86000
05786P,臺股指永昌96售03,0,0,0,0,0,0,0,0,0,-86000,624000,0,624000,660000,1370000,-710000,-86000
2605,新興            ,135000,196000,-61000,0,0,0,0,0,0,-25000,5000,30000,-25000,0,0,0,-86000
054771,茂林國票98購02  ,0,0,0,0,0,0,0,0,0,-87000,0,0,0,516000,603000,-87000,-87000
053662,矽力凱基97購01  ,0,0,0,0,0,0,0,0,0,-87000,0,0,0,53000,140000,-87000,-87000
044462,漢唐兆豐93購01  ,0,0,0,0,0,0,0,0,0,-87000,0,0,0,0,87000,-87000,-87000
046182,燿華凱基93購04  ,0,0,0,0,0,0,0,0,0,-87000,0,0,0,50000,137000,-87000,-87000
052430,泰碩永豐95購02  ,0,0,0,0,0,0,0,0,0,-87000,0,0,0,0,87000,-87000,-87000
052390,聯詠群益95購03  ,0,0,0,0,0,0,0,0,0,-87000,0,0,0,10000,97000,-87000,-87000
05227P,大立光統一95售04,0,0,0,0,0,0,0,0,0,-87000,0,0,0,0,87000,-87000,-87000
052366,聯詠國票96購01  ,0,0,0,0,0,0,0,0,0,-87000,0,0,0,0,87000,-87000,-87000
049995,GIS台新94購01   ,0,0,0,0,0,0,0,0,0,-87000,0,0,0,0,87000,-87000,-87000
1104,環泥            ,69000,156000,-87000,0,0,0,0,0,0,0,0,0,0,0,0,0,-87000
6108,競國            ,20000,107000,-87000,0,0,0,0,0,0,0,0,0,0,0,0,0,-87000
053063,力山群益98購01  ,0,0,0,0,0,0,0,0,0,-88000,0,0,0,10000,98000,-88000,-88000
03908P,致茂元大93售03  ,0,0,0,0,0,0,0,0,0,-88000,0,0,0,0,88000,-88000,-88000
047311,台積電元大93購19,0,0,0,0,0,0,0,0,0,-88000,0,0,0,1000,89000,-88000,-88000
050098,嘉聯益國泰95購02,0,0,0,0,0,0,0,0,0,-88000,0,0,0,346000,434000,-88000,-88000
05010P,台郡元富95售01  ,0,0,0,0,0,0,0,0,0,-88000,0,0,0,10000,98000,-88000,-88000
052539,華邦電統一95購01,0,0,0,0,0,0,0,0,0,-88000,0,0,0,69000,157000,-88000,-88000
2204,中華            ,83000,171000,-88000,0,0,0,0,0,0,0,0,0,0,0,0,0,-88000
053248,智伸科國票97購01,0,0,0,0,0,0,0,0,0,-89000,0,0,0,0,89000,-89000,-89000
054179,上海銀台新97購01,0,0,0,0,0,0,0,0,0,-89000,0,0,0,0,89000,-89000,-89000
054281,世芯群益97購01  ,0,0,0,0,0,0,0,0,0,-89000,0,0,0,26000,115000,-89000,-89000
054237,茂林群益97購01  ,0,0,0,0,0,0,0,0,0,-89000,0,0,0,208000,297000,-89000,-89000
006208,富邦台50        ,1000,0,1000,0,0,0,0,0,0,-90000,0,0,0,506000,596000,-90000,-89000
041421,滬深2X凱基93購01,0,0,0,0,0,0,0,0,0,-89000,0,0,0,7000,96000,-89000,-89000
04455P,台積電統一94售07,0,0,0,0,0,0,0,0,0,-89000,0,0,0,0,89000,-89000,-89000
048475,台郡永豐93購02  ,0,0,0,0,0,0,0,0,0,-89000,0,0,0,41000,130000,-89000,-89000
049843,康友中信95購01  ,0,0,0,0,0,0,0,0,0,-89000,0,0,0,88000,177000,-89000,-89000
051539,瀚宇博國票97購01,0,0,0,0,0,0,0,0,0,-89000,0,0,0,1000,90000,-89000,-89000
051105,台光電國票96購01,0,0,0,0,0,0,0,0,0,-89000,0,0,0,2000,91000,-89000,-89000
054263,聯茂元大96購02  ,0,0,0,0,0,0,0,0,0,-90000,0,0,0,31000,121000,-90000,-90000
054461,台積電凱基97購09,0,0,0,0,0,0,0,0,0,-90000,0,0,0,68000,158000,-90000,-90000
055005,晶相光元富97購01,0,0,0,0,0,0,0,0,0,-90000,0,0,0,10000,100000,-90000,-90000
055185,晶相光統一97購01,0,0,0,0,0,0,0,0,0,-90000,0,0,0,10000,100000,-90000,-90000
053232,友達永豐97購02  ,0,0,0,0,0,0,0,0,0,-90000,0,0,0,80000,170000,-90000,-90000
053705,滬深2X凱基99購01,0,0,0,0,0,0,0,0,0,-90000,0,0,0,0,90000,-90000,-90000
053556,康控凱基97購02  ,0,0,0,0,0,0,0,0,0,-90000,0,0,0,0,90000,-90000,-90000
044635,世紀鋼元大92購02,0,0,0,0,0,0,0,0,0,-90000,0,0,0,10000,100000,-90000,-90000
044407,聯茂凱基93購01  ,0,0,0,0,0,0,0,0,0,-90000,0,0,0,34000,124000,-90000,-90000
045824,嘉聯益凱基93購02,0,0,0,0,0,0,0,0,0,-90000,0,0,0,30000,120000,-90000,-90000
048805,瀚宇博富邦95購01,0,0,0,0,0,0,0,0,0,-90000,0,0,0,0,90000,-90000,-90000
046239,中石化中信92購02,0,0,0,0,0,0,0,0,0,-90000,0,0,0,0,90000,-90000,-90000
048350,世紀鋼元大95購01,0,0,0,0,0,0,0,0,0,-90000,0,0,0,20000,110000,-90000,-90000
047899,貿聯群益93購03  ,0,0,0,0,0,0,0,0,0,-90000,0,0,0,0,90000,-90000,-90000
048523,TPK元富94購01   ,0,0,0,0,0,0,0,0,0,-90000,0,0,0,5000,95000,-90000,-90000
046629,群創統一98購01  ,0,0,0,0,0,0,0,0,0,-90000,0,0,0,215000,305000,-90000,-90000
047429,聯茂亞東93購01  ,0,0,0,0,0,0,0,0,0,-90000,0,0,0,0,90000,-90000,-90000
050281,台積電日盛94購03,0,0,0,0,0,0,0,0,0,-90000,0,0,0,25000,115000,-90000,-90000
050190,麗豐元大95購02  ,0,0,0,0,0,0,0,0,0,-90000,0,0,0,88000,178000,-90000,-90000
050552,禾伸堂凱基94購05,0,0,0,0,0,0,0,0,0,-90000,0,0,0,13000,103000,-90000,-90000
051996,康友元大95購01  ,0,0,0,0,0,0,0,0,0,-90000,0,0,0,44000,134000,-90000,-90000
055385,昇陽半元大98購01,0,0,0,0,0,0,0,0,0,-90000,0,0,0,0,90000,-90000,-90000
055399,超眾統一99購01  ,0,0,0,0,0,0,0,0,0,-90000,0,0,0,0,90000,-90000,-90000
053722,新光金凱基9C購01,0,0,0,0,0,0,0,0,0,-91000,0,0,0,0,91000,-91000,-91000
053669,台積電統一96購08,0,0,0,0,0,0,0,0,0,-91000,0,0,0,47000,138000,-91000,-91000
053690,南亞科元大96購02,0,0,0,0,0,0,0,0,0,-91000,0,0,0,33000,124000,-91000,-91000
053814,美律群益97購02  ,0,0,0,0,0,0,0,0,0,-91000,0,0,0,79000,170000,-91000,-91000
045814,可成麥證93購01  ,0,0,0,40000,131000,-91000,0,0,0,-91000,0,0,0,40000,131000,-91000,-91000
044495,可成元大91購09  ,0,0,0,0,0,0,0,0,0,-91000,0,0,0,324000,415000,-91000,-91000
047466,新光金國泰95購01,0,0,0,0,0,0,0,0,0,-91000,0,0,0,99000,190000,-91000,-91000
048421,聯茂統一93購01  ,0,0,0,0,0,0,0,0,0,-91000,0,0,0,0,91000,-91000,-91000
047313,華新科元大93購08,0,0,0,0,0,0,0,0,0,-91000,0,0,0,1000,92000,-91000,-91000
048652,巨大元大96購01  ,0,0,0,0,0,0,0,0,0,-91000,0,0,0,20000,111000,-91000,-91000
046741,GIS群益94購01   ,0,0,0,0,0,0,0,0,0,-91000,0,0,0,0,91000,-91000,-91000
051954,矽力元富95購04  ,0,0,0,0,0,0,0,0,0,-91000,0,0,0,529000,620000,-91000,-91000
050415,力成永豐94購01  ,0,0,0,0,0,0,0,0,0,-91000,0,0,0,0,91000,-91000,-91000
05934P,國巨凱基96售13  ,0,0,0,0,0,0,0,0,0,-91000,0,0,0,160000,251000,-91000,-91000
055177,宏達電統一99購01,0,0,0,0,0,0,0,0,0,-92000,0,0,0,0,92000,-92000,-92000
054542,台表科國票98購01,0,0,0,0,0,0,0,0,0,-92000,0,0,0,1000,93000,-92000,-92000
054010,致伸元富96購01  ,0,0,0,0,0,0,0,0,0,-92000,0,0,0,20000,112000,-92000,-92000
044771,南亞科元大91購13,0,0,0,0,0,0,0,0,0,-92000,0,0,0,10000,102000,-92000,-92000
048249,嘉澤兆豐94購01  ,0,0,0,0,0,0,0,0,0,-92000,0,0,0,15000,107000,-92000,-92000
047602,GIS中信93購02   ,0,0,0,0,0,0,0,0,0,-92000,0,0,0,0,92000,-92000,-92000
049801,可成元大94購09  ,0,0,0,0,0,0,0,0,0,-92000,0,0,0,2000,94000,-92000,-92000
046621,智伸科凱基93購02,0,0,0,0,0,0,0,0,0,-92000,0,0,0,18000,110000,-92000,-92000
046462,康控凱基92購01  ,0,0,0,0,0,0,0,0,0,-92000,0,0,0,0,92000,-92000,-92000
050214,嘉晶台新94購01  ,0,0,0,0,0,0,0,0,0,-92000,0,0,0,0,92000,-92000,-92000
051039,台表科康和95購01,0,0,0,0,0,0,0,0,0,-92000,0,0,0,51000,143000,-92000,-92000
055223,和大國票98購01  ,0,0,0,0,0,0,0,0,0,-92000,0,0,0,8000,100000,-92000,-92000
054734,燿華凱基97購03  ,0,0,0,0,0,0,0,0,0,-93000,0,0,0,50000,143000,-93000,-93000
054727,台積電日盛97購02,0,0,0,0,0,0,0,0,0,-93000,0,0,0,25000,118000,-93000,-93000
053659,智原凱基97購01  ,0,0,0,0,0,0,0,0,0,-93000,0,0,0,0,93000,-93000,-93000
042191,元油2X富邦93購01,0,0,0,0,0,0,0,0,0,-93000,0,0,0,0,93000,-93000,-93000
03629C,元油2X元富98牛06,0,0,0,0,0,0,0,0,0,-93000,0,0,0,60000,153000,-93000,-93000
044439,南電元大93購01  ,0,0,0,0,0,0,0,0,0,-93000,0,0,0,68000,161000,-93000,-93000
048881,美律統一94購02  ,0,0,0,0,0,0,0,0,0,-93000,0,0,0,0,93000,-93000,-93000
050119,瀚宇博元大95購03,0,0,0,0,0,0,0,0,0,-93000,0,0,0,0,93000,-93000,-93000
052587,景碩永豐97購01  ,0,0,0,0,0,0,0,0,0,-93000,0,0,0,0,93000,-93000,-93000
053449,超眾凱基98購01  ,0,0,0,0,0,0,0,0,0,-94000,0,0,0,0,94000,-94000,-94000
052746,泰碩元大97購01  ,0,0,0,0,0,0,0,0,0,-94000,0,0,0,0,94000,-94000,-94000
045994,康控富邦94購01  ,0,0,0,0,0,0,0,0,0,-94000,0,0,0,18000,112000,-94000,-94000
044835,南亞科元大91購14,0,0,0,0,0,0,0,0,0,-94000,0,0,0,5000,99000,-94000,-94000
046592,南電元大92購03  ,0,0,0,0,0,0,0,0,0,-94000,0,0,0,50000,144000,-94000,-94000
047268,嘉聯益台新93購01,0,0,0,0,0,0,0,0,0,-94000,0,0,0,0,94000,-94000,-94000
1907,永豐餘          ,104000,198000,-94000,0,0,0,0,0,0,0,0,0,0,0,0,0,-94000
06091P,華新科統一97售01,0,0,0,0,0,0,0,0,0,-94000,0,0,0,76000,170000,-94000,-94000
06071P,大立光永豐97售01,0,0,0,0,0,0,0,0,0,-94000,0,0,0,35000,129000,-94000,-94000
054857,信錦群益97購01  ,0,0,0,0,0,0,0,0,0,-95000,0,0,0,0,95000,-95000,-95000
054204,元金2X國票9B購02,0,0,0,0,0,0,0,0,0,-95000,0,0,0,15000,110000,-95000,-95000
054130,漢唐元大97購02  ,0,0,0,0,0,0,0,0,0,-95000,0,0,0,98000,193000,-95000,-95000
05448P,臺股指元大95售25,0,0,0,0,0,0,0,0,0,-95000,0,0,0,40000,135000,-95000,-95000
04619P,華新統一94售02  ,0,0,0,0,0,0,0,0,0,-95000,0,0,0,0,95000,-95000,-95000
046314,宏達電元大92購05,0,0,0,0,0,0,0,0,0,-95000,0,0,0,3000,98000,-95000,-95000
049915,瑞昱元大94購07  ,0,0,0,0,0,0,0,0,0,-95000,0,0,0,36000,131000,-95000,-95000
047546,瑞昱凱基93購06  ,0,0,0,0,0,0,0,0,0,-95000,0,0,0,64000,159000,-95000,-95000
05241P,鴻海國泰97售04  ,0,0,0,0,0,0,0,0,0,-95000,0,0,0,84000,179000,-95000,-95000
052344,台表科凱基98購01,0,0,0,0,0,0,0,0,0,-95000,0,0,0,14000,109000,-95000,-95000
052184,台光電群益95購03,0,0,0,0,0,0,0,0,0,-95000,0,0,0,32000,127000,-95000,-95000
050535,台表科群益94購02,0,0,0,0,0,0,0,0,0,-95000,0,0,0,0,95000,-95000,-95000
051209,百和麥證95購01  ,0,0,0,100000,199000,-99000,0,0,0,-95000,0,0,0,104000,199000,-95000,-95000
051149,可成凱基95購04  ,0,0,0,0,0,0,0,0,0,-95000,0,0,0,50000,145000,-95000,-95000
055304,瑞昱第一98購01  ,0,0,0,0,0,0,0,0,0,-95000,0,0,0,10000,105000,-95000,-95000
054350,美律國泰98購01  ,0,0,0,0,0,0,0,0,0,-96000,0,0,0,10000,106000,-96000,-96000
00662,富邦NASDAQ      ,0,0,0,0,0,0,0,0,0,-96000,0,0,0,50000,146000,-96000,-96000
046022,國喬元大92購01  ,0,0,0,0,0,0,0,0,0,-96000,0,0,0,0,96000,-96000,-96000
044426,欣興國泰93購02  ,0,0,0,0,0,0,0,0,0,-96000,0,0,0,616000,712000,-96000,-96000
049669,訊芯國泰95購01  ,0,0,0,0,0,0,0,0,0,-96000,0,0,0,197000,293000,-96000,-96000
049708,滬深2X凱基94購02,0,0,0,0,0,0,0,0,0,-96000,0,0,0,16000,112000,-96000,-96000
047040,台勝科群益93購01,0,0,0,0,0,0,0,0,0,-96000,0,0,0,5000,101000,-96000,-96000
051111,可成統一95購02  ,0,0,0,0,0,0,0,0,0,-96000,0,0,0,0,96000,-96000,-96000
051092,禾伸堂元大95購02,0,0,0,0,0,0,0,0,0,-96000,0,0,0,5000,101000,-96000,-96000
051242,台積電元大96購06,0,0,0,0,0,0,0,0,0,-96000,0,0,0,374000,470000,-96000,-96000
052271,力成日盛95購02  ,0,0,0,0,0,0,0,0,0,-96000,0,0,0,0,96000,-96000,-96000
052543,聯詠元富95購01  ,0,0,0,0,0,0,0,0,0,-96000,0,0,0,0,96000,-96000,-96000
051999,勤誠元大95購01  ,0,0,0,0,0,0,0,0,0,-96000,0,0,0,504000,600000,-96000,-96000
051740,可成國票96購04  ,0,0,0,0,0,0,0,0,0,-96000,0,0,0,17000,113000,-96000,-96000
055272,國巨元大98購04  ,0,0,0,0,0,0,0,0,0,-96000,0,0,0,5000,101000,-96000,-96000
054121,奇鋐永豐96購02  ,0,0,0,0,0,0,0,0,0,-97000,0,0,0,0,97000,-97000,-97000
054791,泰碩群益99購02  ,0,0,0,0,0,0,0,0,0,-97000,0,0,0,20000,117000,-97000,-97000
055189,台虹統一97購01  ,0,0,0,0,0,0,0,0,0,-97000,0,0,0,89000,186000,-97000,-97000
054980,國巨元富97購01  ,0,0,0,0,0,0,0,0,0,-97000,0,0,0,162000,259000,-97000,-97000
052757,華邦電群益96購01,0,0,0,0,0,0,0,0,0,-97000,0,0,0,61000,158000,-97000,-97000
053205,台光電麥證96購01,0,0,0,12000,109000,-97000,0,0,0,-97000,0,0,0,12000,109000,-97000,-97000
053575,聯詠元富96購01  ,0,0,0,0,0,0,0,0,0,-97000,0,0,0,1000,98000,-97000,-97000
044466,和大群益93購01  ,0,0,0,0,0,0,0,0,0,-97000,0,0,0,123000,220000,-97000,-97000
048780,臺股指凱基94購03,0,0,0,0,0,0,0,0,0,-97000,0,0,0,2000,99000,-97000,-97000
049625,智易群益95購01  ,0,0,0,0,0,0,0,0,0,-97000,0,0,0,4000,101000,-97000,-97000
049268,聯茂元大94購03  ,0,0,0,0,0,0,0,0,0,-97000,0,0,0,50000,147000,-97000,-97000
048533,景碩國票94購01  ,0,0,0,0,0,0,0,0,0,-97000,0,0,0,3000,100000,-97000,-97000
05154P,台積電兆豐95售05,0,0,0,0,0,0,0,0,0,-97000,0,0,0,23000,120000,-97000,-97000
052694,開發金中信98購01,0,0,0,0,0,0,0,0,0,-97000,0,0,0,0,97000,-97000,-97000
051323,康控國票96購01  ,0,0,0,0,0,0,0,0,0,-97000,0,0,0,30000,127000,-97000,-97000
053658,亞光凱基96購01  ,0,0,0,0,0,0,0,0,0,-98000,0,0,0,37000,135000,-98000,-98000
052727,仁寶元富96購01  ,0,0,0,0,0,0,0,0,0,-98000,0,0,0,0,98000,-98000,-98000
052725,為升元富96購01  ,0,0,0,0,0,0,0,0,0,-98000,0,0,0,0,98000,-98000,-98000
052791,友達兆豐97購01  ,0,0,0,0,0,0,0,0,0,-98000,0,0,0,82000,180000,-98000,-98000
047639,聯發科元大93購16,0,0,0,0,0,0,0,0,0,-98000,0,0,0,28000,126000,-98000,-98000
047093,寶成元富93購01  ,0,0,0,0,0,0,0,0,0,-98000,0,0,0,0,98000,-98000,-98000
046606,世紀鋼群益93購01,0,0,0,0,0,0,0,0,0,-98000,0,0,0,0,98000,-98000,-98000
051361,泰鼎元大95購01  ,0,0,0,0,0,0,0,0,0,-98000,0,0,0,69000,167000,-98000,-98000
050829,臻鼎凱基96購01  ,0,0,0,0,0,0,0,0,0,-98000,0,0,0,20000,118000,-98000,-98000
2707,晶華            ,29000,92000,-63000,0,0,0,0,0,0,-35000,17000,25000,-8000,0,27000,-27000,-98000
053173,矽格群益97購01  ,0,0,0,0,0,0,0,0,0,-99000,0,0,0,2000,101000,-99000,-99000
05384P,大立光永豐95售02,0,0,0,0,0,0,0,0,0,-99000,0,0,0,0,99000,-99000,-99000
054848,群創兆豐98購01  ,0,0,0,0,0,0,0,0,0,-99000,0,0,0,235000,334000,-99000,-99000
054059,欣興國票97購03  ,0,0,0,0,0,0,0,0,0,-99000,0,0,0,0,99000,-99000,-99000
045165,台虹國泰93購01  ,0,0,0,0,0,0,0,0,0,-99000,0,0,0,124000,223000,-99000,-99000
045783,明泰元大92購01  ,0,0,0,0,0,0,0,0,0,-99000,0,0,0,0,99000,-99000,-99000
044640,力成元富91購01  ,0,0,0,0,0,0,0,0,0,-99000,0,0,0,20000,119000,-99000,-99000
04414P,牧德元富94售04  ,0,0,0,0,0,0,0,0,0,-99000,0,0,0,1000,100000,-99000,-99000
046520,瀚宇博元大92購02,0,0,0,0,0,0,0,0,0,-99000,0,0,0,0,99000,-99000,-99000
048745,儒鴻元富97購02  ,0,0,0,0,0,0,0,0,0,-99000,0,0,0,0,99000,-99000,-99000
046571,瑞昱國泰93購01  ,0,0,0,0,0,0,0,0,0,-99000,0,0,0,63000,162000,-99000,-99000
046691,儒鴻凱基93購02  ,0,0,0,0,0,0,0,0,0,-99000,0,0,0,1000,100000,-99000,-99000
051101,台表科元大96購02,0,0,0,0,0,0,0,0,0,-99000,0,0,0,71000,170000,-99000,-99000
052206,燿華中信95購02  ,0,0,0,0,0,0,0,0,0,-99000,0,0,0,30000,129000,-99000,-99000
051365,瀚宇博國泰97購01,0,0,0,0,0,0,0,0,0,-99000,0,0,0,38000,137000,-99000,-99000
053972,華新科元大96購06,0,0,0,0,0,0,0,0,0,-100000,0,0,0,2000,102000,-100000,-100000
054457,強茂群益96購01  ,0,0,0,0,0,0,0,0,0,-100000,0,0,0,0,100000,-100000,-100000
054550,旺宏凱基98購02  ,0,0,0,0,0,0,0,0,0,-100000,0,0,0,3000,103000,-100000,-100000
054745,智易凱基97購01  ,0,0,0,0,0,0,0,0,0,-100000,0,0,0,0,100000,-100000,-100000
054660,禾伸堂元大97購03,0,0,0,0,0,0,0,0,0,-100000,0,0,0,0,100000,-100000,-100000
054606,台積電永豐97購02,0,0,0,0,0,0,0,0,0,-100000,0,0,0,41000,141000,-100000,-100000
054969,亞翔元大97購01  ,0,0,0,0,0,0,0,0,0,-100000,0,0,0,0,100000,-100000,-100000
053872,臻鼎元大96購04  ,0,0,0,0,0,0,0,0,0,-100000,0,0,0,0,100000,-100000,-100000
05354P,臺股指元富95售08,0,0,0,0,0,0,0,0,0,-100000,0,0,0,280000,380000,-100000,-100000
053147,楠梓電元大98購01,0,0,0,0,0,0,0,0,0,-100000,0,0,0,0,100000,-100000,-100000
052873,新唐凱基96購02  ,0,0,0,0,0,0,0,0,0,-100000,0,0,0,0,100000,-100000,-100000
052981,鴻海元大97購05  ,0,0,0,0,0,0,0,0,0,-100000,0,0,0,150000,250000,-100000,-100000
045638,強茂凱基93購02  ,0,0,0,0,0,0,0,0,0,-100000,0,0,0,74000,174000,-100000,-100000
046329,臻鼎元大92購10  ,0,0,0,0,0,0,0,0,0,-100000,0,0,0,0,100000,-100000,-100000
04226P,宏達電元富93售01,0,0,0,0,0,0,0,0,0,-100000,0,0,0,0,100000,-100000,-100000
04175P,台積電群益94售05,0,0,0,0,0,0,0,0,0,-100000,0,0,0,0,100000,-100000,-100000
043289,欣興元大92購01  ,0,0,0,0,0,0,0,0,0,-100000,0,0,0,0,100000,-100000,-100000
04334P,中石化康和93售01,0,0,0,0,0,0,0,0,0,-100000,0,0,0,0,100000,-100000,-100000
03875P,滬深2X國票05售01,0,0,0,0,0,0,0,0,0,-100000,0,0,0,0,100000,-100000,-100000
040215,上証反凱基95購01,0,0,0,0,0,0,0,0,0,-100000,0,0,0,0,100000,-100000,-100000
043726,T50反1國泰93購01,0,0,0,0,0,0,0,0,0,-100000,0,0,0,0,100000,-100000,-100000
043855,創意富邦93購01  ,0,0,0,0,0,0,0,0,0,-100000,0,0,0,0,100000,-100000,-100000
045899,臻鼎元大92購03  ,0,0,0,0,0,0,0,0,0,-100000,0,0,0,0,100000,-100000,-100000
045900,臻鼎元大92購05  ,0,0,0,0,0,0,0,0,0,-100000,0,0,0,100000,200000,-100000,-100000
046127,臻鼎元大92購07  ,0,0,0,0,0,0,0,0,0,-100000,0,0,0,201000,301000,-100000,-100000
044819,新日興兆豐93購02,0,0,0,0,0,0,0,0,0,-100000,0,0,0,307000,407000,-100000,-100000
044438,GIS元大92購03   ,0,0,0,0,0,0,0,0,0,-100000,0,0,0,50000,150000,-100000,-100000
044991,T50反1國泰93購02,0,0,0,0,0,0,0,0,0,-100000,0,0,0,0,100000,-100000,-100000
048792,瑞儀元大94購01  ,0,0,0,0,0,0,0,0,0,-100000,0,0,0,0,100000,-100000,-100000
049068,元油2X凱基95購03,0,0,0,0,0,0,0,0,0,-100000,0,0,0,1000,101000,-100000,-100000
048973,禾伸堂元大94購01,0,0,0,0,0,0,0,0,0,-100000,0,0,0,0,100000,-100000,-100000
04699P,臺股指元富94售05,0,0,0,0,0,0,0,0,0,-100000,0,0,0,0,100000,-100000,-100000
046983,南茂兆豐94購01  ,0,0,0,0,0,0,0,0,0,-100000,0,0,0,0,100000,-100000,-100000
046383,群創凱基98購01  ,0,0,0,0,0,0,0,0,0,-100000,0,0,0,0,100000,-100000,-100000
047431,儒鴻元大93購06  ,0,0,0,0,0,0,0,0,0,-100000,0,0,0,0,100000,-100000,-100000
047746,宏碁元富93購01  ,0,0,0,0,0,0,0,0,0,-100000,0,0,0,2000,102000,-100000,-100000
048189,臺指反元大96購06,0,0,0,0,0,0,0,0,0,-100000,0,0,0,0,100000,-100000,-100000
048219,為升凱基93購06  ,0,0,0,0,0,0,0,0,0,-100000,0,0,0,0,100000,-100000,-100000
047307,儒鴻元大93購04  ,0,0,0,0,0,0,0,0,0,-100000,0,0,0,0,100000,-100000,-100000
047404,香港2X統一94購01,0,0,0,0,0,0,0,0,0,-100000,0,0,0,2000,102000,-100000,-100000
047405,香港2X統一96購01,0,0,0,0,0,0,0,0,0,-100000,0,0,0,0,100000,-100000,-100000
049148,全新元大95購01  ,0,0,0,0,0,0,0,0,0,-100000,0,0,0,0,100000,-100000,-100000
049286,美律兆豐94購01  ,0,0,0,0,0,0,0,0,0,-100000,0,0,0,100000,200000,-100000,-100000
049305,元油2X凱基95購06,0,0,0,0,0,0,0,0,0,-100000,0,0,0,0,100000,-100000,-100000
04681P,臺股指統一94售06,0,0,0,0,0,0,0,0,0,-100000,0,0,0,0,100000,-100000,-100000
049715,華泰凱基94購02  ,0,0,0,0,0,0,0,0,0,-100000,0,0,0,0,100000,-100000,-100000
049911,智邦元大94購05  ,0,0,0,0,0,0,0,0,0,-100000,0,0,0,0,100000,-100000,-100000
049829,裕民凱基94購01  ,0,0,0,0,0,0,0,0,0,-100000,0,0,0,0,100000,-100000,-100000
047709,聯發科凱基93購18,0,0,0,0,0,0,0,0,0,-100000,0,0,0,161000,261000,-100000,-100000
048270,T50反1富邦99購01,0,0,0,0,0,0,0,0,0,-100000,0,0,0,0,100000,-100000,-100000
048481,瑞儀中信93購01  ,0,0,0,0,0,0,0,0,0,-100000,0,0,0,0,100000,-100000,-100000
047693,T50反1國票95購01,0,0,0,0,0,0,0,0,0,-100000,0,0,0,0,100000,-100000,-100000
047834,義隆元大93購02  ,0,0,0,0,0,0,0,0,0,-100000,0,0,0,1000,101000,-100000,-100000
04784P,超眾元富94售01  ,0,0,0,0,0,0,0,0,0,-100000,0,0,0,0,100000,-100000,-100000
051668,智邦元大95購02  ,0,0,0,0,0,0,0,0,0,-100000,0,0,0,35000,135000,-100000,-100000
051767,臻鼎元大95購03  ,0,0,0,0,0,0,0,0,0,-100000,0,0,0,68000,168000,-100000,-100000
052002,滬深2X國泰96購01,0,0,0,0,0,0,0,0,0,-100000,0,0,0,0,100000,-100000,-100000
051994,瀚宇博元大96購01,0,0,0,0,0,0,0,0,0,-100000,0,0,0,0,100000,-100000,-100000
05187P,力山凱基95售01  ,0,0,0,0,0,0,0,0,0,-100000,0,0,0,10000,110000,-100000,-100000
052183,華邦電群益95購01,0,0,0,0,0,0,0,0,0,-100000,0,0,0,1000,101000,-100000,-100000
052153,GIS富邦96購02   ,0,0,0,0,0,0,0,0,0,-100000,0,0,0,0,100000,-100000,-100000
051253,緯創元大95購02  ,0,0,0,0,0,0,0,0,0,-100000,0,0,0,0,100000,-100000,-100000
050778,瑞儀元大96購01  ,0,0,0,0,0,0,0,0,0,-100000,0,0,0,0,100000,-100000,-100000
050698,明泰凱基96購01  ,0,0,0,0,0,0,0,0,0,-100000,0,0,0,0,100000,-100000,-100000
05071P,鴻海統一96售05  ,0,0,0,0,0,0,0,0,0,-100000,0,0,0,0,100000,-100000,-100000
050619,TPK元大95購02   ,0,0,0,0,0,0,0,0,0,-100000,0,0,0,0,100000,-100000,-100000
050123,群臺反凱基96購01,0,0,0,0,0,0,0,0,0,-100000,0,0,0,0,100000,-100000,-100000
050131,新光金凱基94購01,0,0,0,0,0,0,0,0,0,-100000,0,0,0,0,100000,-100000,-100000
050013,淘帝國泰95購01  ,0,0,0,0,0,0,0,0,0,-100000,0,0,0,0,100000,-100000,-100000
050071,明泰凱基94購01  ,0,0,0,0,0,0,0,0,0,-100000,0,0,0,0,100000,-100000,-100000
06076P,大立光凱基98售03,0,0,0,0,0,0,0,0,0,-100000,0,0,0,0,100000,-100000,-100000
055337,超眾兆豐98購01  ,0,0,0,0,0,0,0,0,0,-100000,0,0,0,0,100000,-100000,-100000
055414,奇力新富邦9B購01,0,0,0,0,0,0,0,0,0,-100000,0,0,0,0,100000,-100000,-100000
055504,貿聯元大98購04  ,0,0,0,0,0,0,0,0,0,-100000,0,0,0,0,100000,-100000,-100000
05647P,聯發科國票97售02,0,0,0,0,0,0,0,0,0,-100000,0,0,0,0,100000,-100000,-100000
05904P,大立光統一96售07,0,0,0,0,0,0,0,0,0,-100000,0,0,0,10000,110000,-100000,-100000
2888A,新光金甲特      ,0,0,0,0,0,0,0,0,0,-100000,0,100000,-100000,0,0,0,-100000
053029,國巨第一96購01  ,0,0,0,0,0,0,0,0,0,-101000,0,0,0,608000,709000,-101000,-101000
052801,友達元大9A購01  ,0,0,0,0,0,0,0,0,0,-101000,0,0,0,5000,106000,-101000,-101000
053380,南亞科元大97購01,0,0,0,0,0,0,0,0,0,-101000,0,0,0,117000,218000,-101000,-101000
053381,友達元大9A購02  ,0,0,0,0,0,0,0,0,0,-101000,0,0,0,21000,122000,-101000,-101000
054968,佐登元大97購01  ,0,0,0,0,0,0,0,0,0,-101000,0,0,0,0,101000,-101000,-101000
054134,強茂元大96購01  ,0,0,0,0,0,0,0,0,0,-101000,0,0,0,0,101000,-101000,-101000
054229,超眾元富96購05  ,0,0,0,0,0,0,0,0,0,-101000,0,0,0,0,101000,-101000,-101000
046213,可成統一92購06  ,0,0,0,0,0,0,0,0,0,-101000,0,0,0,36000,137000,-101000,-101000
045218,華邦電元大92購03,0,0,0,0,0,0,0,0,0,-101000,0,0,0,0,101000,-101000,-101000
042604,國泰金富邦92購01,0,0,0,0,0,0,0,0,0,-101000,0,0,0,26000,127000,-101000,-101000
046042,台勝科元大92購03,0,0,0,0,0,0,0,0,0,-101000,0,0,0,0,101000,-101000,-101000
048483,可成國泰95購01  ,0,0,0,0,0,0,0,0,0,-101000,0,0,0,614000,715000,-101000,-101000
049925,創意元大95購02  ,0,0,0,0,0,0,0,0,0,-101000,0,0,0,2000,103000,-101000,-101000
049930,上海銀元大94購02,0,0,0,0,0,0,0,0,0,-101000,0,0,0,0,101000,-101000,-101000
049549,瀚宇博群益94購01,0,0,0,0,0,0,0,0,0,-101000,0,0,0,0,101000,-101000,-101000
04687P,全新凱基94售02  ,0,0,0,0,0,0,0,0,0,-101000,0,0,0,129000,230000,-101000,-101000
048339,友達元大95購01  ,0,0,0,0,0,0,0,0,0,-101000,0,0,0,3000,104000,-101000,-101000
049434,茂林國票95購01  ,0,0,0,0,0,0,0,0,0,-101000,0,0,0,219000,320000,-101000,-101000
048027,京元電凱基93購03,0,0,0,0,0,0,0,0,0,-101000,0,0,0,0,101000,-101000,-101000
047261,聯詠國票93購02  ,0,0,0,0,0,0,0,0,0,-101000,0,0,0,0,101000,-101000,-101000
046942,友達元大99購01  ,0,0,0,0,0,0,0,0,0,-101000,0,0,0,2000,103000,-101000,-101000
047238,傳奇凱基94購01  ,0,0,0,0,0,0,0,0,0,-101000,0,0,0,0,101000,-101000,-101000
050030,嘉晶元大94購03  ,0,0,0,0,0,0,0,0,0,-101000,0,0,0,27000,128000,-101000,-101000
050195,上海銀元大94購03,0,0,0,0,0,0,0,0,0,-101000,0,0,0,0,101000,-101000,-101000
050890,南電富邦99購01  ,0,0,0,0,0,0,0,0,0,-101000,0,0,0,0,101000,-101000,-101000
052469,宏碁亞東95購01  ,0,0,0,0,0,0,0,0,0,-101000,0,0,0,0,101000,-101000,-101000
052021,易華電永豐95購03,0,0,0,0,0,0,0,0,0,-101000,0,0,0,0,101000,-101000,-101000
054141,TPK元大96購02   ,0,0,0,0,0,0,0,0,0,-102000,0,0,0,25000,127000,-102000,-102000
054048,國泰金元大96購04,0,0,0,0,0,0,0,0,0,-102000,0,0,0,0,102000,-102000,-102000
054064,台郡國票97購04  ,0,0,0,0,0,0,0,0,0,-102000,0,0,0,0,102000,-102000,-102000
054959,禾伸堂元大98購01,0,0,0,0,0,0,0,0,0,-102000,0,0,0,0,102000,-102000,-102000
054808,東元元大9A購01  ,0,0,0,0,0,0,0,0,0,-102000,0,0,0,66000,168000,-102000,-102000
053589,宏達電元大97購02,0,0,0,0,0,0,0,0,0,-102000,0,0,0,0,102000,-102000,-102000
053812,台積電群益96購09,0,0,0,0,0,0,0,0,0,-102000,0,0,0,186000,288000,-102000,-102000
04366P,全新元富95售01  ,0,0,0,0,0,0,0,0,0,-102000,0,0,0,40000,142000,-102000,-102000
045090,瀚宇博元大93購01,0,0,0,0,0,0,0,0,0,-102000,0,0,0,0,102000,-102000,-102000
047035,華邦電群益94購02,0,0,0,0,0,0,0,0,0,-102000,0,0,0,5000,107000,-102000,-102000
05069P,鴻海統一96售03  ,0,0,0,0,0,0,0,0,0,-102000,0,0,0,0,102000,-102000,-102000
051207,聯茂麥證95購01  ,0,0,0,20000,122000,-102000,0,0,0,-102000,0,0,0,20000,122000,-102000,-102000
050261,國巨元大95購04  ,0,0,0,0,0,0,0,0,0,-102000,0,0,0,119000,221000,-102000,-102000
05593P,鴻海國票97售03  ,0,0,0,0,0,0,0,0,0,-102000,0,0,0,199000,301000,-102000,-102000
2376,技嘉            ,244000,339000,-95000,0,0,0,0,5000,-5000,-2000,50000,0,50000,15000,67000,-52000,-102000
053590,新光金元大9A購02,0,0,0,0,0,0,0,0,0,-103000,0,0,0,3000,106000,-103000,-103000
053551,可成凱基96購05  ,0,0,0,0,0,0,0,0,0,-103000,0,0,0,131000,234000,-103000,-103000
053162,緯穎元大97購01  ,0,0,0,0,0,0,0,0,0,-103000,0,0,0,37000,140000,-103000,-103000
045448,宏達電國泰93購02,0,0,0,0,0,0,0,0,0,-103000,0,0,0,60000,163000,-103000,-103000
044704,新日興元大91購01,0,0,0,0,0,0,0,0,0,-103000,0,0,0,20000,123000,-103000,-103000
048726,儒鴻麥證95購01  ,0,0,0,0,103000,-103000,0,0,0,-103000,0,0,0,0,103000,-103000,-103000
047614,台郡群益93購02  ,0,0,0,0,0,0,0,0,0,-103000,0,0,0,190000,293000,-103000,-103000
049574,新日興統一94購03,0,0,0,0,0,0,0,0,0,-103000,0,0,0,192000,295000,-103000,-103000
049978,瑞昱凱基94購04  ,0,0,0,0,0,0,0,0,0,-103000,0,0,0,211000,314000,-103000,-103000
05225P,鴻海統一95售09  ,0,0,0,0,0,0,0,0,0,-103000,0,0,0,0,103000,-103000,-103000
05778P,台積電統一96售05,0,0,0,0,0,0,0,0,0,-103000,0,0,0,30000,133000,-103000,-103000
05847P,大立光元大96售08,0,0,0,0,0,0,0,0,0,-103000,0,0,0,58000,161000,-103000,-103000
053813,友達群益9A購03  ,0,0,0,0,0,0,0,0,0,-104000,0,0,0,122000,226000,-104000,-104000
054798,超眾群益97購01  ,0,0,0,0,0,0,0,0,0,-104000,0,0,0,6000,110000,-104000,-104000
054098,嘉晶國票97購04  ,0,0,0,0,0,0,0,0,0,-104000,0,0,0,0,104000,-104000,-104000
053999,台表科群益96購06,0,0,0,0,0,0,0,0,0,-104000,0,0,0,20000,124000,-104000,-104000
054380,世芯群益97購02  ,0,0,0,0,0,0,0,0,0,-104000,0,0,0,36000,140000,-104000,-104000
04269P,華通國票93售03  ,0,0,0,0,0,0,0,0,0,-104000,0,0,0,0,104000,-104000,-104000
048786,瑞昱元大94購02  ,0,0,0,0,0,0,0,0,0,-104000,0,0,0,135000,239000,-104000,-104000
045763,南亞科統一93購01,0,0,0,0,0,0,0,0,0,-104000,0,0,0,10000,114000,-104000,-104000
052240,臻鼎國票96購03  ,0,0,0,0,0,0,0,0,0,-104000,0,0,0,0,104000,-104000,-104000
050007,貿聯永豐94購01  ,0,0,0,0,0,0,0,0,0,-104000,0,0,0,115000,219000,-104000,-104000
050866,景碩永豐95購01  ,0,0,0,0,0,0,0,0,0,-104000,0,0,0,0,104000,-104000,-104000
05764P,世紀鋼永豐96售03,0,0,0,0,0,0,0,0,0,-104000,0,0,0,63000,167000,-104000,-104000
05893P,國巨兆豐96售04  ,0,0,0,0,0,0,0,0,0,-104000,0,0,0,3000,107000,-104000,-104000
055255,欣興統一97購02  ,0,0,0,0,0,0,0,0,0,-104000,0,0,0,400000,504000,-104000,-104000
055044,信錦永豐97購01  ,0,0,0,0,0,0,0,0,0,-105000,0,0,0,0,105000,-105000,-105000
053175,矽力群益96購01  ,0,0,0,0,0,0,0,0,0,-105000,0,0,0,124000,229000,-105000,-105000
049004,聯發科中信96購01,0,0,0,0,0,0,0,0,0,-105000,0,0,0,0,105000,-105000,-105000
043641,深中小國票94購01,0,0,0,0,0,0,0,0,0,-105000,0,0,0,5000,110000,-105000,-105000
043758,創意元大92購03  ,0,0,0,0,0,0,0,0,0,-105000,0,0,0,2000,107000,-105000,-105000
048342,強茂元大93購01  ,0,0,0,0,0,0,0,0,0,-105000,0,0,0,0,105000,-105000,-105000
048661,瑞昱統一93購05  ,0,0,0,0,0,0,0,0,0,-105000,0,0,0,164000,269000,-105000,-105000
046703,瑞昱元富95購01  ,0,0,0,0,0,0,0,0,0,-105000,0,0,0,276000,381000,-105000,-105000
050717,京鼎群益96購01  ,0,0,0,0,0,0,0,0,0,-105000,0,0,0,311000,416000,-105000,-105000
05813P,臺股指國票96售06,0,0,0,0,0,0,0,0,0,-105000,0,0,0,0,105000,-105000,-105000
052795,健策兆豐97購01  ,0,0,0,0,0,0,0,0,0,-106000,0,0,0,47000,153000,-106000,-106000
052945,嘉晶國票97購01  ,0,0,0,0,0,0,0,0,0,-106000,0,0,0,9000,115000,-106000,-106000
044496,群創元大93購02  ,0,0,0,0,0,0,0,0,0,-106000,0,0,0,753000,859000,-106000,-106000
047788,欣興群益93購05  ,0,0,0,0,0,0,0,0,0,-106000,0,0,0,1014000,1120000,-106000,-106000
050076,百和凱基94購02  ,0,0,0,0,0,0,0,0,0,-106000,0,0,0,33000,139000,-106000,-106000
052114,華固中信95購01  ,0,0,0,0,0,0,0,0,0,-106000,0,0,0,0,106000,-106000,-106000
05862P,大立光國泰98售01,0,0,0,0,0,0,0,0,0,-106000,0,0,0,77000,183000,-106000,-106000
053570,京元電統一96購01,0,0,0,0,0,0,0,0,0,-107000,0,0,0,10000,117000,-107000,-107000
054122,康友永豐96購01  ,0,0,0,0,0,0,0,0,0,-107000,0,0,0,25000,132000,-107000,-107000
047295,欣興元富96購02  ,0,0,0,0,0,0,0,0,0,-107000,0,0,0,0,107000,-107000,-107000
046591,康舒元大92購01  ,0,0,0,0,0,0,0,0,0,-107000,0,0,0,117000,224000,-107000,-107000
05966P,矽力凱基96售03  ,0,0,0,0,0,0,0,0,0,-107000,0,0,0,0,107000,-107000,-107000
055248,可成統一97購02  ,0,0,0,0,0,0,0,0,0,-107000,0,0,0,56000,163000,-107000,-107000
6191,精成科          ,344000,479000,-135000,0,0,0,0,3000,-3000,31000,0,0,0,35000,4000,31000,-107000
054024,中鋼康和96購01  ,0,0,0,0,0,0,0,0,0,-108000,0,0,0,0,108000,-108000,-108000
054720,禾伸堂永豐97購01,0,0,0,0,0,0,0,0,0,-108000,0,0,0,0,108000,-108000,-108000
052888,台表科中信9A購01,0,0,0,0,0,0,0,0,0,-108000,0,0,0,20000,128000,-108000,-108000
052758,友達群益99購01  ,0,0,0,0,0,0,0,0,0,-108000,0,0,0,20000,128000,-108000,-108000
03579P,玉晶光台新02售02,0,0,0,0,0,0,0,0,0,-108000,0,0,0,0,108000,-108000,-108000
042931,啟碁中信95購01  ,0,0,0,0,0,0,0,0,0,-108000,0,0,0,0,108000,-108000,-108000
047837,嘉晶元大93購01  ,0,0,0,0,0,0,0,0,0,-108000,0,0,0,0,108000,-108000,-108000
047948,瑞儀統一93購01  ,0,0,0,0,0,0,0,0,0,-108000,0,0,0,0,108000,-108000,-108000
052406,力成凱基95購03  ,0,0,0,0,0,0,0,0,0,-108000,0,0,0,210000,318000,-108000,-108000
051515,聯發科凱基95購10,0,0,0,0,0,0,0,0,0,-108000,0,0,0,3000,111000,-108000,-108000
050832,力成凱基95購01  ,0,0,0,0,0,0,0,0,0,-108000,0,0,0,0,108000,-108000,-108000
06078P,臺股指凱基9A售01,0,0,0,0,0,0,0,0,0,-108000,0,0,0,0,108000,-108000,-108000
1477,聚陽            ,86000,182500,-96500,0,0,0,0,10000,-10000,-2000,0,2000,-2000,0,0,0,-108500
052706,台虹國票97購01  ,0,0,0,0,0,0,0,0,0,-109000,0,0,0,41000,150000,-109000,-109000
053854,聯茂國泰97購02  ,0,0,0,0,0,0,0,0,0,-109000,0,0,0,28000,137000,-109000,-109000
054675,美律台新98購01  ,0,0,0,0,0,0,0,0,0,-109000,0,0,0,0,109000,-109000,-109000
044861,玉晶光兆豐93購01,0,0,0,0,0,0,0,0,0,-109000,0,0,0,3000,112000,-109000,-109000
047997,南亞科元大93購03,0,0,0,0,0,0,0,0,0,-109000,0,0,0,151000,260000,-109000,-109000
046852,燿華元大93購02  ,0,0,0,0,0,0,0,0,0,-109000,0,0,0,79000,188000,-109000,-109000
049606,可成第一94購01  ,0,0,0,0,0,0,0,0,0,-109000,0,0,0,0,109000,-109000,-109000
047224,台光電凱基94購01,0,0,0,0,0,0,0,0,0,-109000,0,0,0,68000,177000,-109000,-109000
050979,鴻海元富96購02  ,0,0,0,0,0,0,0,0,0,-109000,0,0,0,35000,144000,-109000,-109000
051187,晶相光永豐95購01,0,0,0,0,0,0,0,0,0,-109000,0,0,0,11000,120000,-109000,-109000
050145,矽創台新94購01  ,0,0,0,0,0,0,0,0,0,-109000,0,0,0,0,109000,-109000,-109000
050201,光磊群益94購01  ,0,0,0,0,0,0,0,0,0,-109000,0,0,0,24000,133000,-109000,-109000
050639,GIS國票96購01   ,0,0,0,0,0,0,0,0,0,-109000,0,0,0,6000,115000,-109000,-109000
050466,瑞儀中信94購01  ,0,0,0,0,0,0,0,0,0,-109000,0,0,0,0,109000,-109000,-109000
052483,超眾群益95購03  ,0,0,0,0,0,0,0,0,0,-109000,0,0,0,24000,133000,-109000,-109000
054615,牧德永豐98購01  ,0,0,0,0,0,0,0,0,0,-110000,0,0,0,191000,301000,-110000,-110000
054802,高股息元大97購01,0,0,0,0,0,0,0,0,0,-110000,0,0,0,0,110000,-110000,-110000
054989,精元元富97購01  ,0,0,0,0,0,0,0,0,0,-110000,0,0,0,0,110000,-110000,-110000
053971,聯發科元大97購09,0,0,0,0,0,0,0,0,0,-110000,0,0,0,2000,112000,-110000,-110000
054519,禾伸堂元大97購02,0,0,0,0,0,0,0,0,0,-110000,0,0,0,0,110000,-110000,-110000
053878,台表科亞東96購01,0,0,0,0,0,0,0,0,0,-110000,0,0,0,0,110000,-110000,-110000
053729,聯茂凱基96購05  ,0,0,0,0,0,0,0,0,0,-110000,0,0,0,71000,181000,-110000,-110000
053275,燿華元大97購01  ,0,0,0,0,0,0,0,0,0,-110000,0,0,0,252000,362000,-110000,-110000
046030,南亞科元大92購04,0,0,0,0,0,0,0,0,0,-110000,0,0,0,10000,120000,-110000,-110000
04160P,儒鴻中信93售01  ,0,0,0,0,0,0,0,0,0,-110000,0,0,0,0,110000,-110000,-110000
03026P,國巨元大01售13  ,0,0,0,0,0,0,0,0,0,-110000,0,0,0,0,110000,-110000,-110000
049721,晶技凱基94購02  ,0,0,0,0,0,0,0,0,0,-110000,0,0,0,10000,120000,-110000,-110000
049762,華邦電國泰95購01,0,0,0,0,0,0,0,0,0,-110000,0,0,0,19000,129000,-110000,-110000
048628,T50反1元大96購03,0,0,0,0,0,0,0,0,0,-110000,0,0,0,0,110000,-110000,-110000
047505,元金2X國票9B購01,0,0,0,0,0,0,0,0,0,-110000,0,0,0,1000,111000,-110000,-110000
052448,新光金元大96購03,0,0,0,0,0,0,0,0,0,-110000,0,0,0,0,110000,-110000,-110000
051894,嘉聯益元富95購03,0,0,0,0,0,0,0,0,0,-110000,0,0,0,0,110000,-110000,-110000
050315,和碩兆豐95購01  ,0,0,0,0,0,0,0,0,0,-110000,0,0,0,28000,138000,-110000,-110000
051158,嘉晶富邦96購01  ,0,0,0,0,0,0,0,0,0,-110000,0,0,0,0,110000,-110000,-110000
050956,鈺齊群益95購01  ,0,0,0,0,0,0,0,0,0,-110000,0,0,0,39000,149000,-110000,-110000
050801,元金2X群益98購01,0,0,0,0,0,0,0,0,0,-110000,0,0,0,0,110000,-110000,-110000
05544P,台表科元富96售01,0,0,0,0,0,0,0,0,0,-110000,0,0,0,0,110000,-110000,-110000
6416,瑞祺電通        ,65000,193000,-128000,0,0,0,0,0,0,18000,33000,15000,18000,0,0,0,-110000
050862,燿華永豐95購04  ,0,0,0,0,0,0,0,0,0,-111000,0,0,0,0,111000,-111000,-111000
2340,光磊            ,206000,108000,98000,0,0,0,0,0,0,-209000,0,8000,-8000,47000,248000,-201000,-111000
053297,鎧勝中信98購01  ,0,0,0,0,0,0,0,0,0,-112000,0,0,0,0,112000,-112000,-112000
053097,超眾統一96購03  ,0,0,0,0,0,0,0,0,0,-112000,0,0,0,0,112000,-112000,-112000
054935,華通元大98購03  ,0,0,0,0,0,0,0,0,0,-112000,0,0,0,41000,153000,-112000,-112000
03936P,上銀元大93售06  ,0,0,0,0,0,0,0,0,0,-112000,0,0,0,121000,233000,-112000,-112000
044849,南亞科統一91購07,0,0,0,0,0,0,0,0,0,-112000,0,0,0,0,112000,-112000,-112000
048329,台積電永昌93購07,0,0,0,0,0,0,0,0,0,-112000,0,0,0,1000,113000,-112000,-112000
050621,易華電元大95購01,0,0,0,0,0,0,0,0,0,-112000,0,0,0,31000,143000,-112000,-112000
05176P,台積電凱基95售11,0,0,0,0,0,0,0,0,0,-112000,0,0,0,0,112000,-112000,-112000
9955,佳龍            ,23000,135000,-112000,0,0,0,0,0,0,0,0,0,0,0,0,0,-112000
053071,南電群益96購01  ,0,0,0,0,0,0,0,0,0,-113000,0,0,0,199000,312000,-113000,-113000
053318,全新群益99購01  ,0,0,0,0,0,0,0,0,0,-113000,0,0,0,80000,193000,-113000,-113000
053781,友達元大9B購03  ,0,0,0,0,0,0,0,0,0,-113000,0,0,0,0,113000,-113000,-113000
05388P,南亞科元大95售04,0,0,0,0,0,0,0,0,0,-113000,0,0,0,2000,115000,-113000,-113000
053438,玉晶光麥證97購02,0,0,0,58000,171000,-113000,0,0,0,-113000,0,0,0,58000,171000,-113000,-113000
048314,京元電凱基93購04,0,0,0,0,0,0,0,0,0,-113000,0,0,0,0,113000,-113000,-113000
048018,南亞科麥證93購01,0,0,0,20000,133000,-113000,0,0,0,-113000,0,0,0,20000,133000,-113000,-113000
048430,瑞昱國票93購02  ,0,0,0,0,0,0,0,0,0,-113000,0,0,0,3000,116000,-113000,-113000
051852,啟碁群益95購01  ,0,0,0,0,0,0,0,0,0,-113000,0,0,0,0,113000,-113000,-113000
051889,智邦元富95購02  ,0,0,0,0,0,0,0,0,0,-113000,0,0,0,0,113000,-113000,-113000
050292,可成凱基94購11  ,0,0,0,0,0,0,0,0,0,-113000,0,0,0,0,113000,-113000,-113000
053671,可成統一96購03  ,0,0,0,0,0,0,0,0,0,-114000,0,0,0,56000,170000,-114000,-114000
046574,泰鼎國泰94購01  ,0,0,0,0,0,0,0,0,0,-114000,0,0,0,0,114000,-114000,-114000
051674,臻鼎元大95購02  ,0,0,0,0,0,0,0,0,0,-114000,0,0,0,98000,212000,-114000,-114000
6209,今國光          ,159000,273000,-114000,0,0,0,0,0,0,0,0,0,0,0,0,0,-114000
05775P,台積電國泰98售02,0,0,0,0,0,0,0,0,0,-114000,0,0,0,0,114000,-114000,-114000
053831,台積電台新97購02,0,0,0,0,0,0,0,0,0,-115000,0,0,0,10000,125000,-115000,-115000
055034,建準富邦99購01  ,0,0,0,0,0,0,0,0,0,-115000,0,0,0,0,115000,-115000,-115000
055022,精元國泰99購01  ,0,0,0,0,0,0,0,0,0,-115000,0,0,0,307000,422000,-115000,-115000
054345,世芯國票96購02  ,0,0,0,0,0,0,0,0,0,-115000,0,0,0,290000,405000,-115000,-115000
054200,美律富邦97購02  ,0,0,0,0,0,0,0,0,0,-115000,0,0,0,0,115000,-115000,-115000
04462P,全新元富96售01  ,0,0,0,0,0,0,0,0,0,-115000,0,0,0,87000,202000,-115000,-115000
043992,康控元大93購02  ,0,0,0,0,0,0,0,0,0,-115000,0,0,0,93000,208000,-115000,-115000
049489,美律元大94購05  ,0,0,0,0,0,0,0,0,0,-115000,0,0,0,43000,158000,-115000,-115000
049205,聯發科群益94購05,0,0,0,0,0,0,0,0,0,-115000,0,0,0,423000,538000,-115000,-115000
049697,群創元大98購01  ,0,0,0,0,0,0,0,0,0,-115000,0,0,0,547000,662000,-115000,-115000
051697,康友中信95購02  ,0,0,0,0,0,0,0,0,0,-115000,0,0,0,82000,197000,-115000,-115000
051715,和碩台新95購01  ,0,0,0,0,0,0,0,0,0,-115000,0,0,0,0,115000,-115000,-115000
050337,南電國泰95購01  ,0,0,0,0,0,0,0,0,0,-115000,0,0,0,302000,417000,-115000,-115000
05603P,聯發科元大96售09,0,0,0,0,0,0,0,0,0,-115000,0,0,0,110000,225000,-115000,-115000
1444,力麗            ,65000,180000,-115000,0,0,0,0,0,0,0,0,0,0,0,0,0,-115000
054826,復盛元大9A購01  ,0,0,0,0,0,0,0,0,0,-116000,0,0,0,97000,213000,-116000,-116000
053789,彩晶元大9C購02  ,0,0,0,0,0,0,0,0,0,-116000,0,0,0,34000,150000,-116000,-116000
053755,亞光元富96購01  ,0,0,0,0,0,0,0,0,0,-116000,0,0,0,0,116000,-116000,-116000
046166,嘉聯益兆豐93購01,0,0,0,0,0,0,0,0,0,-116000,0,0,0,0,116000,-116000,-116000
046419,聯鈞元大92購01  ,0,100000,-100000,0,0,0,0,0,0,-16000,0,0,0,168000,184000,-16000,-116000
046889,燿華群益93購02  ,0,0,0,0,0,0,0,0,0,-116000,0,0,0,0,116000,-116000,-116000
048427,百和元富95購01  ,0,0,0,0,0,0,0,0,0,-116000,0,0,0,19000,135000,-116000,-116000
050719,世紀鋼群益96購01,0,0,0,0,0,0,0,0,0,-116000,0,0,0,5000,121000,-116000,-116000
052522,聯發科元大96購05,0,0,0,0,0,0,0,0,0,-116000,0,0,0,121000,237000,-116000,-116000
055503,健策元大98購05  ,0,0,0,0,0,0,0,0,0,-116000,0,0,0,76000,192000,-116000,-116000
9945,潤泰新          ,731744,255000,476744,0,0,0,0,0,0,-593000,0,587000,-587000,0,6000,-6000,-116256
053317,友達群益9A購02  ,0,0,0,0,0,0,0,0,0,-117000,0,0,0,30000,147000,-117000,-117000
053330,燿華永豐96購03  ,0,0,0,0,0,0,0,0,0,-117000,0,0,0,84000,201000,-117000,-117000
055053,瑞昱永豐97購01  ,0,0,0,0,0,0,0,0,0,-117000,0,0,0,69000,186000,-117000,-117000
054331,世芯永豐96購03  ,0,0,0,0,0,0,0,0,0,-117000,0,0,0,708000,825000,-117000,-117000
04161P,全新國泰94售01  ,0,0,0,0,0,0,0,0,0,-117000,0,0,0,90000,207000,-117000,-117000
5388,中磊            ,78000,170000,-92000,0,0,0,0,3000,-3000,-22000,0,0,0,2000,24000,-22000,-117000
055391,光罩統一97購02  ,0,0,0,0,0,0,0,0,0,-117000,0,0,0,0,117000,-117000,-117000
06160P,台達電群益97售01,0,0,0,0,0,0,0,0,0,-117000,0,0,0,43000,160000,-117000,-117000
054902,億光康和97購01  ,0,0,0,0,0,0,0,0,0,-118000,0,0,0,0,118000,-118000,-118000
053864,義隆元大96購01  ,0,0,0,0,0,0,0,0,0,-118000,0,0,0,1000,119000,-118000,-118000
053354,康控兆豐97購02  ,0,0,0,0,0,0,0,0,0,-118000,0,0,0,0,118000,-118000,-118000
048967,凌陽元大95購01  ,0,0,0,0,0,0,0,0,0,-118000,0,0,0,0,118000,-118000,-118000
046934,智邦元富96購01  ,0,0,0,0,0,0,0,0,0,-118000,0,0,0,5000,123000,-118000,-118000
053276,友達元大9C購01  ,0,0,0,0,0,0,0,0,0,-119000,0,0,0,6000,125000,-119000,-119000
053262,華邦電群益96購02,0,0,0,0,0,0,0,0,0,-119000,0,0,0,39000,158000,-119000,-119000
053069,同欣電群益98購01,0,0,0,0,0,0,0,0,0,-119000,0,0,0,70000,189000,-119000,-119000
055069,帆宣永豐97購01  ,0,0,0,0,0,0,0,0,0,-119000,0,0,0,50000,169000,-119000,-119000
054518,亞光元大97購01  ,0,0,0,0,0,0,0,0,0,-119000,0,0,0,7000,126000,-119000,-119000
048828,禾伸堂凱基94購02,0,0,0,0,0,0,0,0,0,-119000,0,0,0,6000,125000,-119000,-119000
04188P,康控元富93售03  ,0,0,0,0,0,0,0,0,0,-119000,0,0,0,71000,190000,-119000,-119000
048079,燿華日盛93購01  ,0,0,0,0,0,0,0,0,0,-119000,0,0,0,2000,121000,-119000,-119000
046877,燿華國泰94購01  ,0,0,0,0,0,0,0,0,0,-119000,0,0,0,158000,277000,-119000,-119000
048689,台光電群益94購01,0,0,0,0,0,0,0,0,0,-119000,0,0,0,10000,129000,-119000,-119000
050050,國泰金群益94購02,0,0,0,0,0,0,0,0,0,-119000,0,0,0,6000,125000,-119000,-119000
053093,緯穎元大96購06  ,0,0,0,0,0,0,0,0,0,-120000,0,0,0,21000,141000,-120000,-120000
053528,南電中信9A購01  ,0,0,0,0,0,0,0,0,0,-120000,0,0,0,0,120000,-120000,-120000
053712,台光電凱基96購04,0,0,0,0,0,0,0,0,0,-120000,0,0,0,0,120000,-120000,-120000
04084P,台表科統一93售01,0,0,0,0,0,0,0,0,0,-120000,0,0,0,0,120000,-120000,-120000
03257P,聯電永豐02售01  ,0,0,0,0,0,0,0,0,0,-120000,0,0,0,0,120000,-120000,-120000
048861,牧德群益94購01  ,0,0,0,0,0,0,0,0,0,-120000,0,0,0,56000,176000,-120000,-120000
049032,百和群益94購04  ,0,0,0,0,0,0,0,0,0,-120000,0,0,0,48000,168000,-120000,-120000
044821,瑞儀兆豐93購03  ,0,0,0,0,0,0,0,0,0,-120000,0,0,0,0,120000,-120000,-120000
049607,台積電兆豐94購04,0,0,0,0,0,0,0,0,0,-120000,0,0,0,42000,162000,-120000,-120000
048436,聯茂日盛93購01  ,0,0,0,0,0,0,0,0,0,-120000,0,0,0,0,120000,-120000,-120000
049284,瑞昱中信94購02  ,0,0,0,0,0,0,0,0,0,-120000,0,0,0,0,120000,-120000,-120000
049145,南亞科元大94購01,0,0,0,0,0,0,0,0,0,-120000,0,0,0,275000,395000,-120000,-120000
046928,奇鋐富邦97購01  ,0,0,0,0,0,0,0,0,0,-120000,0,0,0,0,120000,-120000,-120000
04669P,臺股指國票94售08,0,0,0,0,0,0,0,0,0,-120000,0,0,0,0,120000,-120000,-120000
05713P,大立光統一96售05,0,0,0,0,0,0,0,0,0,-120000,0,0,0,0,120000,-120000,-120000
05967P,臺股指麥證96售02,0,0,0,100000,220000,-120000,0,0,0,-120000,0,0,0,100000,220000,-120000,-120000
053626,台積電兆豐96購03,0,0,0,0,0,0,0,0,0,-121000,0,0,0,34000,155000,-121000,-121000
053997,健策群益97購02  ,0,0,0,0,0,0,0,0,0,-121000,0,0,0,49000,170000,-121000,-121000
045795,瀚宇博兆豐94購01,0,0,0,0,0,0,0,0,0,-121000,0,0,0,0,121000,-121000,-121000
045088,康控元大94購02  ,0,0,0,0,0,0,0,0,0,-121000,0,0,0,54000,175000,-121000,-121000
049100,華新科國泰96購01,0,0,0,0,0,0,0,0,0,-121000,0,0,0,0,121000,-121000,-121000
047886,京元電富邦95購01,0,0,0,0,0,0,0,0,0,-121000,0,0,0,3000,124000,-121000,-121000
050991,元油2X元大96購04,0,0,0,0,0,0,0,0,0,-121000,0,0,0,56000,177000,-121000,-121000
051062,超眾群益95購02  ,0,0,0,0,0,0,0,0,0,-121000,0,0,0,25000,146000,-121000,-121000
052405,聯茂凱基95購01  ,0,0,0,0,0,0,0,0,0,-121000,0,0,0,0,121000,-121000,-121000
05630P,大立光永昌96售06,0,0,0,0,0,0,0,0,0,-121000,0,0,0,22000,143000,-121000,-121000
08218P,滬深2X凱基96售01,0,0,0,0,0,0,0,0,0,-121000,0,0,0,0,121000,-121000,-121000
054352,世芯國泰98購01  ,0,0,0,0,0,0,0,0,0,-122000,0,0,0,113000,235000,-122000,-122000
054993,南亞科元富97購03,0,0,0,0,0,0,0,0,0,-122000,0,0,0,0,122000,-122000,-122000
054871,明泰群益98購01  ,0,0,0,0,0,0,0,0,0,-122000,0,0,0,10000,132000,-122000,-122000
05392P,鴻海統一95售13  ,0,0,0,0,0,0,0,0,0,-122000,0,0,0,18000,140000,-122000,-122000
049285,宏碁兆豐94購01  ,0,0,0,0,0,0,0,0,0,-122000,0,0,0,62000,184000,-122000,-122000
047755,麗豐元富93購01  ,0,0,0,0,0,0,0,0,0,-122000,0,0,0,0,122000,-122000,-122000
051843,聯發科富邦99購01,0,0,0,0,0,0,0,0,0,-122000,0,0,0,178000,300000,-122000,-122000
051523,牧德凱基95購02  ,0,0,0,0,0,0,0,0,0,-122000,0,0,0,69000,191000,-122000,-122000
054584,貿聯元富97購01  ,0,0,0,0,0,0,0,0,0,-123000,0,0,0,35000,158000,-123000,-123000
054983,國巨元富97購04  ,0,0,0,0,0,0,0,0,0,-123000,0,0,0,8000,131000,-123000,-123000
054175,高鐵台新97購01  ,0,0,0,0,0,0,0,0,0,-123000,0,0,0,17000,140000,-123000,-123000
045384,強茂元大92購01  ,0,0,0,0,0,0,0,0,0,-123000,0,0,0,0,123000,-123000,-123000
048725,京元電日盛94購01,0,0,0,0,0,0,0,0,0,-123000,0,0,0,0,123000,-123000,-123000
052634,華邦電凱基96購01,0,0,0,0,0,0,0,0,0,-123000,0,0,0,55000,178000,-123000,-123000
052079,康友元富98購01  ,0,0,0,0,0,0,0,0,0,-123000,0,0,0,43000,166000,-123000,-123000
2327,國巨            ,1045636,779000,266636,0,0,0,52000,235000,-183000,-207000,35000,158000,-123000,39000,123000,-84000,-123364
053600,同欣電元大96購04,0,0,0,0,0,0,0,0,0,-124000,0,0,0,21000,145000,-124000,-124000
048594,泰鼎群益93購02  ,0,0,0,0,0,0,0,0,0,-124000,0,0,0,20000,144000,-124000,-124000
049969,泰鼎國票95購01  ,0,0,0,0,0,0,0,0,0,-124000,0,0,0,0,124000,-124000,-124000
052133,華邦電凱基9B購01,0,0,0,0,0,0,0,0,0,-124000,0,0,0,6000,130000,-124000,-124000
051648,TPK永豐95購01   ,0,0,0,0,0,0,0,0,0,-124000,0,0,0,10000,134000,-124000,-124000
05636P,國巨永豐96售03  ,0,0,0,0,0,0,0,0,0,-124000,0,0,0,0,124000,-124000,-124000
05828P,台積電統一97售02,0,0,0,0,0,0,0,0,0,-124000,0,0,0,22000,146000,-124000,-124000
052736,T50反1元大96購05,0,0,0,0,0,0,0,0,0,-125000,0,0,0,0,125000,-125000,-125000
054008,大立光元富96購06,0,0,0,0,0,0,0,0,0,-125000,0,0,0,171000,296000,-125000,-125000
054860,台積電群益98購01,0,0,0,0,0,0,0,0,0,-125000,0,0,0,10000,135000,-125000,-125000
054886,大毅統一97購01  ,0,0,0,0,0,0,0,0,0,-125000,0,0,0,20000,145000,-125000,-125000
054809,大成鋼元大97購01,0,0,0,0,0,0,0,0,0,-125000,0,0,0,292000,417000,-125000,-125000
044996,嘉晶國泰95購01  ,0,0,0,0,0,0,0,0,0,-125000,0,0,0,40000,165000,-125000,-125000
048640,南亞科元大93購06,0,0,0,0,0,0,0,0,0,-125000,0,0,0,20000,145000,-125000,-125000
04855P,上証2X元富94售02,0,0,0,0,0,0,0,0,0,-125000,0,0,0,0,125000,-125000,-125000
048573,世紀鋼元大93購05,0,0,0,0,0,0,0,0,0,-125000,0,0,0,13000,138000,-125000,-125000
046800,儒鴻元大93購02  ,0,0,0,0,0,0,0,0,0,-125000,0,0,0,0,125000,-125000,-125000
051383,京鼎群益96購02  ,0,0,0,0,0,0,0,0,0,-125000,0,0,0,343000,468000,-125000,-125000
051385,矽創群益95購01  ,0,0,0,0,0,0,0,0,0,-125000,0,0,0,0,125000,-125000,-125000
05724P,致茂永豐96售01  ,0,0,0,0,0,0,0,0,0,-125000,0,0,0,30000,155000,-125000,-125000
052968,燿華群益98購01  ,0,0,0,0,0,0,0,0,0,-126000,0,0,0,81000,207000,-126000,-126000
04612P,上銀群益94售01  ,0,0,0,0,0,0,0,0,0,-126000,0,0,0,57000,183000,-126000,-126000
047965,景碩中信93購01  ,0,0,0,0,0,0,0,0,0,-126000,0,0,0,175000,301000,-126000,-126000
051201,台積電麥證95購02,0,0,0,20000,146000,-126000,0,0,0,-126000,0,0,0,20000,146000,-126000,-126000
050661,景碩元大94購02  ,0,0,0,0,0,0,0,0,0,-126000,0,0,0,25000,151000,-126000,-126000
9946,三發地產        ,627000,751000,-124000,0,0,0,0,0,0,-2000,2000,4000,-2000,0,0,0,-126000
053459,康控國泰97購01  ,0,0,0,0,0,0,0,0,0,-127000,0,0,0,53000,180000,-127000,-127000
05411P,台積電國票96售08,0,0,0,0,0,0,0,0,0,-127000,0,0,0,127000,254000,-127000,-127000
054262,瀚宇博元大96購03,0,0,0,0,0,0,0,0,0,-127000,0,0,0,80000,207000,-127000,-127000
048287,嘉晶兆豐94購01  ,0,0,0,0,0,0,0,0,0,-127000,0,0,0,0,127000,-127000,-127000
046871,美律元富93購01  ,0,0,0,0,0,0,0,0,0,-127000,0,0,0,192000,319000,-127000,-127000
047349,可成凱基93購06  ,0,0,0,0,0,0,0,0,0,-127000,0,0,0,1000,128000,-127000,-127000
047772,泰鼎元大93購05  ,0,0,0,0,0,0,0,0,0,-127000,0,0,0,85000,212000,-127000,-127000
047438,台光電元大93購06,0,0,0,0,0,0,0,0,0,-127000,0,0,0,0,127000,-127000,-127000
050526,貿聯元大95購01  ,0,0,0,0,0,0,0,0,0,-127000,0,0,0,72000,199000,-127000,-127000
053587,京元電元大98購01,0,0,0,0,0,0,0,0,0,-128000,0,0,0,226000,354000,-128000,-128000
053697,臻鼎元大96購02  ,0,0,0,0,0,0,0,0,0,-128000,0,0,0,80000,208000,-128000,-128000
044818,可成兆豐93購02  ,0,0,0,0,0,0,0,0,0,-128000,0,0,0,103000,231000,-128000,-128000
049477,泰鼎永豐94購01  ,0,0,0,0,0,0,0,0,0,-128000,0,0,0,68000,196000,-128000,-128000
050797,聯發科中信99購01,0,0,0,0,0,0,0,0,0,-128000,0,0,0,31000,159000,-128000,-128000
050773,京鼎元大94購02  ,0,0,0,0,0,0,0,0,0,-128000,0,0,0,238000,366000,-128000,-128000
052140,鈺齊凱基95購02  ,0,0,0,0,0,0,0,0,0,-128000,0,0,0,24000,152000,-128000,-128000
055238,茂林台新97購01  ,0,0,0,0,0,0,0,0,0,-128000,0,0,0,174000,302000,-128000,-128000
055218,彩晶凱基99購01  ,0,0,0,0,0,0,0,0,0,-128000,0,0,0,10000,138000,-128000,-128000
1463,強盛            ,5000,133000,-128000,0,0,0,0,0,0,0,0,0,0,0,0,0,-128000
044101,聯茂國泰92購01  ,0,0,0,0,0,0,0,0,0,-129000,0,0,0,15000,144000,-129000,-129000
03025P,國巨元大01售12  ,0,0,0,0,0,0,0,0,0,-129000,0,0,0,38000,167000,-129000,-129000
04503P,元油2X元富98售09,0,0,0,0,0,0,0,0,0,-129000,0,0,0,0,129000,-129000,-129000
049293,友訊群益95購01  ,0,0,0,0,0,0,0,0,0,-129000,0,0,0,13000,142000,-129000,-129000
052585,友達永豐97購01  ,0,0,0,0,0,0,0,0,0,-129000,0,0,0,31000,160000,-129000,-129000
051447,新光金元大97購01,0,0,0,0,0,0,0,0,0,-129000,0,0,0,0,129000,-129000,-129000
051272,嘉晶群益95購01  ,0,0,0,0,0,0,0,0,0,-129000,0,0,0,0,129000,-129000,-129000
053848,聯發科元富96購03,0,0,0,0,0,0,0,0,0,-130000,0,0,0,0,130000,-130000,-130000
054854,台積電麥證97購01,0,0,0,10000,140000,-130000,0,0,0,-130000,0,0,0,10000,140000,-130000,-130000
045518,可成元富92購01  ,0,0,0,0,0,0,0,0,0,-130000,0,0,0,20000,150000,-130000,-130000
051643,瑞昱康和95購01  ,0,0,0,0,0,0,0,0,0,-130000,0,0,0,1000,131000,-130000,-130000
055201,興勤群益98購01  ,0,0,0,0,0,0,0,0,0,-130000,0,0,0,0,130000,-130000,-130000
054937,國巨元大97購03  ,0,0,0,0,0,0,0,0,0,-131000,0,0,0,5000,136000,-131000,-131000
054521,TPK元大96購03   ,0,0,0,0,0,0,0,0,0,-131000,0,0,0,78000,209000,-131000,-131000
052790,智邦兆豐97購01  ,0,0,0,0,0,0,0,0,0,-131000,0,0,0,70000,201000,-131000,-131000
03564P,為升群益02售02  ,0,0,0,0,0,0,0,0,0,-131000,0,0,0,0,131000,-131000,-131000
03404B,臺股指元富91熊09,0,0,0,0,0,0,0,0,0,-131000,0,0,0,0,131000,-131000,-131000
049194,卜蜂永豐94購01  ,0,0,0,0,0,0,0,0,0,-131000,0,0,0,0,131000,-131000,-131000
046838,勤誠群益93購01  ,0,0,0,0,0,0,0,0,0,-131000,0,0,0,132000,263000,-131000,-131000
049688,台光電元大94購04,0,0,0,0,0,0,0,0,0,-131000,0,0,0,20000,151000,-131000,-131000
049912,燿華元大94購04  ,0,0,0,0,0,0,0,0,0,-131000,0,0,0,84000,215000,-131000,-131000
048566,上海銀元大93購04,0,0,0,0,0,0,0,0,0,-131000,0,0,0,7000,138000,-131000,-131000
052679,致伸富邦98購01  ,0,0,0,0,0,0,0,0,0,-131000,0,0,0,325000,456000,-131000,-131000
050562,瑞昱元富94購02  ,0,0,0,0,0,0,0,0,0,-131000,0,0,0,231000,362000,-131000,-131000
055257,景碩統一97購01  ,0,0,0,0,0,0,0,0,0,-131000,0,0,0,224000,355000,-131000,-131000
048773,貿聯凱基94購01  ,0,0,0,0,0,0,0,0,0,-132000,0,0,0,17000,149000,-132000,-132000
049700,瀚宇博元大97購01,0,0,0,0,0,0,0,0,0,-132000,0,0,0,35000,167000,-132000,-132000
051120,南亞科群益95購01,0,0,0,0,0,0,0,0,0,-132000,0,0,0,135000,267000,-132000,-132000
052652,台虹永豐96購01  ,0,0,0,0,0,0,0,0,0,-132000,0,0,0,14000,146000,-132000,-132000
055209,勤誠康和97購01  ,0,0,0,0,0,0,0,0,0,-132000,0,0,0,55000,187000,-132000,-132000
052742,可成元大96購01  ,0,0,0,0,0,0,0,0,0,-133000,0,0,0,487000,620000,-133000,-133000
053588,聯發科元大97購07,0,0,0,0,0,0,0,0,0,-133000,0,0,0,1000,134000,-133000,-133000
049735,台光電群益94購03,0,0,0,0,0,0,0,0,0,-133000,0,0,0,40000,173000,-133000,-133000
047289,啟碁統一97購01  ,0,0,0,0,0,0,0,0,0,-133000,0,0,0,0,133000,-133000,-133000
051474,智邦凱基95購04  ,0,0,0,0,0,0,0,0,0,-133000,0,0,0,0,133000,-133000,-133000
055489,瑞昱元大97購02  ,0,0,0,0,0,0,0,0,0,-133000,0,0,0,40000,173000,-133000,-133000
05777P,台積電統一96售04,0,0,0,0,0,0,0,0,0,-133000,0,0,0,49000,182000,-133000,-133000
049045,上海銀兆豐94購01,0,0,0,0,0,0,0,0,0,-134000,0,0,0,310000,444000,-134000,-134000
043010,友達元大92購01  ,0,0,0,0,0,0,0,0,0,-134000,0,0,0,105000,239000,-134000,-134000
052058,臺股指凱基95購16,0,0,0,0,0,0,0,0,0,-134000,0,0,0,47000,181000,-134000,-134000
8213,志超            ,42000,176000,-134000,0,0,0,0,0,0,0,0,0,0,0,0,0,-134000
054534,台積電富邦98購03,0,0,0,0,0,0,0,0,0,-135000,0,0,0,89000,224000,-135000,-135000
054566,貿聯群益97購02  ,0,0,0,0,0,0,0,0,0,-135000,0,0,0,241000,376000,-135000,-135000
045441,南亞科元富92購01,0,0,0,0,0,0,0,0,0,-135000,0,0,0,58000,193000,-135000,-135000
044344,傳奇國泰92購01  ,0,0,0,0,0,0,0,0,0,-135000,0,0,0,0,135000,-135000,-135000
047403,香港2X統一93購01,0,0,0,0,0,0,0,0,0,-135000,0,0,0,0,135000,-135000,-135000
046867,瑞昱統一93購01  ,0,0,0,0,0,0,0,0,0,-135000,0,0,0,0,135000,-135000,-135000
052273,新光金群益95購02,0,0,0,0,0,0,0,0,0,-135000,0,0,0,65000,200000,-135000,-135000
051563,泰鼎國泰96購01  ,0,0,0,0,0,0,0,0,0,-135000,0,0,0,0,135000,-135000,-135000
3530,晶相光          ,79000,213000,-134000,0,0,0,0,0,0,-1000,0,0,0,50000,51000,-1000,-135000
05568P,台積電統一96售03,0,0,0,0,0,0,0,0,0,-135000,0,0,0,0,135000,-135000,-135000
054358,矽創兆豐96購01  ,0,0,0,0,0,0,0,0,0,-136000,0,0,0,210000,346000,-136000,-136000
05303P,華通國泰97售01  ,0,0,0,0,0,0,0,0,0,-136000,0,0,0,11000,147000,-136000,-136000
045690,啟碁元大92購01  ,0,0,0,0,0,0,0,0,0,-136000,0,0,0,0,136000,-136000,-136000
049754,豐祥永豐94購01  ,0,0,0,0,0,0,0,0,0,-136000,0,0,0,30000,166000,-136000,-136000
048269,瀚宇博國泰95購01,0,0,0,0,0,0,0,0,0,-136000,0,0,0,20000,156000,-136000,-136000
04731P,臺股指中信96售03,0,0,0,0,0,0,0,0,0,-136000,0,0,0,14000,150000,-136000,-136000
051761,富邦金元大96購01,0,0,0,0,0,0,0,0,0,-136000,0,0,0,544000,680000,-136000,-136000
052651,台表科永豐96購02,0,0,0,0,0,0,0,0,0,-136000,0,0,0,0,136000,-136000,-136000
053944,亞泥富邦97購01  ,0,0,0,0,0,0,0,0,0,-137000,0,0,0,22000,159000,-137000,-137000
054275,華通群益97購03  ,0,0,0,0,0,0,0,0,0,-137000,0,0,0,22000,159000,-137000,-137000
04475P,欣興元大94售03  ,0,0,0,0,0,0,0,0,0,-137000,0,0,0,0,137000,-137000,-137000
049154,玉晶光元大95購02,0,0,0,0,0,0,0,0,0,-137000,0,0,0,46000,183000,-137000,-137000
047802,滬深2X凱基95購03,0,0,0,0,0,0,0,0,0,-137000,0,0,0,780000,917000,-137000,-137000
047809,瑞昱凱基93購08  ,0,0,0,0,0,0,0,0,0,-137000,0,0,0,62000,199000,-137000,-137000
050045,祥碩兆豐94購01  ,0,0,0,0,0,0,0,0,0,-137000,0,0,0,45000,182000,-137000,-137000
05595P,友達統一96售02  ,0,0,0,0,0,0,0,0,0,-137000,0,0,0,1000,138000,-137000,-137000
2524,京城            ,29000,167000,-138000,0,0,0,0,0,0,1000,1000,0,1000,0,0,0,-137000
055149,國巨元大97購06  ,0,0,0,0,0,0,0,0,0,-138000,0,0,0,20000,158000,-138000,-138000
054845,智邦兆豐98購01  ,0,0,0,0,0,0,0,0,0,-138000,0,0,0,4000,142000,-138000,-138000
054714,和鑫台新98購01  ,0,0,0,0,0,0,0,0,0,-138000,0,0,0,27000,165000,-138000,-138000
047286,美律統一93購02  ,0,0,0,0,0,0,0,0,0,-138000,0,0,0,299000,437000,-138000,-138000
052658,友達元富9C購01  ,0,0,0,0,0,0,0,0,0,-138000,0,0,0,0,138000,-138000,-138000
052534,貿聯國泰96購02  ,0,0,0,0,0,0,0,0,0,-138000,0,0,0,83000,221000,-138000,-138000
9921,巨大            ,970660,1119000,-148340,0,0,0,0,0,0,10000,0,0,0,10000,0,10000,-138340
00706L,元大S&P日圓正2  ,0,0,0,0,0,0,0,0,0,-139000,0,0,0,0,139000,-139000,-139000
051366,康友國泰97購01  ,0,0,0,0,0,0,0,0,0,-139000,0,0,0,135000,274000,-139000,-139000
054492,嘉聯益台新96購01,0,0,0,0,0,0,0,0,0,-140000,0,0,0,0,140000,-140000,-140000
052772,台虹群益96購01  ,0,0,0,0,0,0,0,0,0,-140000,0,0,0,37000,177000,-140000,-140000
052928,美律元大98購01  ,0,0,0,0,0,0,0,0,0,-140000,0,0,0,165000,305000,-140000,-140000
048733,台勝科麥證95購02,0,0,0,10000,150000,-140000,0,0,0,-140000,0,0,0,10000,150000,-140000,-140000
04703P,樺漢統一95售01  ,0,0,0,0,0,0,0,0,0,-140000,0,0,0,0,140000,-140000,-140000
04834P,鴻海元大94售17  ,0,0,0,0,0,0,0,0,0,-140000,0,0,0,0,140000,-140000,-140000
051969,世紀鋼永豐95購01,0,0,0,0,0,0,0,0,0,-140000,0,0,0,10000,150000,-140000,-140000
052358,台表科永豐95購02,0,0,0,0,0,0,0,0,0,-140000,0,0,0,1000,141000,-140000,-140000
055506,台郡元大99購02  ,0,0,0,0,0,0,0,0,0,-140000,0,0,0,35000,175000,-140000,-140000
055463,國喬凱基97購01  ,0,0,0,0,0,0,0,0,0,-140000,0,0,0,0,140000,-140000,-140000
05528P,臺股指群益96售01,0,0,0,0,0,0,0,0,0,-140000,0,0,0,60000,200000,-140000,-140000
055366,國巨元大98購05  ,0,0,0,0,0,0,0,0,0,-140000,0,0,0,22000,162000,-140000,-140000
054015,晶豪科永豐96購03,0,0,0,0,0,0,0,0,0,-141000,0,0,0,0,141000,-141000,-141000
049082,晶豪科凱基94購01,0,0,0,0,0,0,0,0,0,-141000,0,0,0,3000,144000,-141000,-141000
048554,燿華元大93購06  ,0,0,0,0,0,0,0,0,0,-141000,0,0,0,39000,180000,-141000,-141000
046796,南電元富93購01  ,0,0,0,0,0,0,0,0,0,-141000,0,0,0,150000,291000,-141000,-141000
050723,楠梓電國票94購01,0,0,0,0,0,0,0,0,0,-141000,0,0,0,0,141000,-141000,-141000
05808P,臺股指國票96售01,0,0,0,0,0,0,0,0,0,-141000,0,0,0,3000,144000,-141000,-141000
054497,國巨永豐96購05  ,0,0,0,0,0,0,0,0,0,-142000,0,0,0,98000,240000,-142000,-142000
045305,嘉晶元大92購01  ,0,0,0,0,0,0,0,0,0,-142000,0,0,0,0,142000,-142000,-142000
051935,味全群益95購01  ,0,0,0,0,0,0,0,0,0,-142000,0,0,0,166000,308000,-142000,-142000
1809,中釉            ,8000,150000,-142000,0,0,0,0,0,0,0,0,0,0,0,0,0,-142000
054881,光罩統一97購01  ,0,0,0,0,0,0,0,0,0,-143000,0,0,0,0,143000,-143000,-143000
045007,台光電元大92購04,0,0,0,0,0,0,0,0,0,-143000,0,0,0,20000,163000,-143000,-143000
046089,南亞科兆豐92購01,0,0,0,0,0,0,0,0,0,-143000,0,0,0,58000,201000,-143000,-143000
051216,為升元富95購01  ,0,0,0,0,0,0,0,0,0,-143000,0,0,0,5000,148000,-143000,-143000
053113,瀚宇博兆豐97購01,0,0,0,0,0,0,0,0,0,-144000,0,0,0,0,144000,-144000,-144000
053743,康控國票97購02  ,0,0,0,0,0,0,0,0,0,-144000,0,0,0,0,144000,-144000,-144000
047969,台達電富邦97購01,0,0,0,0,0,0,0,0,0,-144000,0,0,0,116000,260000,-144000,-144000
049950,南亞科群益94購02,0,0,0,0,0,0,0,0,0,-144000,0,0,0,98000,242000,-144000,-144000
050806,華新科日盛95購01,0,0,0,0,0,0,0,0,0,-144000,0,0,0,3000,147000,-144000,-144000
050158,上海銀群益96購01,0,0,0,0,0,0,0,0,0,-144000,0,0,0,0,144000,-144000,-144000
052249,大成鋼永豐95購01,0,0,0,0,0,0,0,0,0,-144000,0,0,0,145000,289000,-144000,-144000
055396,瑞儀統一97購01  ,0,0,0,0,0,0,0,0,0,-144000,0,0,0,0,144000,-144000,-144000
053253,友達國泰97購02  ,0,0,0,0,0,0,0,0,0,-145000,0,0,0,70000,215000,-145000,-145000
045018,矽創元大93購01  ,0,0,0,0,0,0,0,0,0,-145000,0,0,0,3000,148000,-145000,-145000
044994,宏達電國泰93購01,0,0,0,0,0,0,0,0,0,-145000,0,0,0,5000,150000,-145000,-145000
048759,巨大元富96購01  ,0,0,0,0,0,0,0,0,0,-145000,0,0,0,10000,155000,-145000,-145000
046266,兆豐金凱基92購01,0,0,0,0,0,0,0,0,0,-145000,0,0,0,0,145000,-145000,-145000
04748P,臺股指元大94售23,0,0,0,0,0,0,0,0,0,-145000,0,0,0,160000,305000,-145000,-145000
047517,元油反元大96購01,0,0,0,0,0,0,0,0,0,-145000,0,0,0,0,145000,-145000,-145000
047542,華通凱基94購02  ,0,0,0,0,0,0,0,0,0,-145000,0,0,0,365000,510000,-145000,-145000
048535,超眾國票94購02  ,0,0,0,0,0,0,0,0,0,-145000,0,0,0,0,145000,-145000,-145000
049473,光罩永豐94購03  ,0,0,0,0,0,0,0,0,0,-145000,0,0,0,119000,264000,-145000,-145000
046370,全新麥證93購01  ,0,0,0,20000,165000,-145000,0,0,0,-145000,0,0,0,20000,165000,-145000,-145000
052257,燿華國泰96購01  ,0,0,0,0,0,0,0,0,0,-145000,0,0,0,112000,257000,-145000,-145000
050270,景碩元大94購01  ,0,0,0,0,0,0,0,0,0,-145000,0,0,0,42000,187000,-145000,-145000
1536,和大            ,410000,540000,-130000,0,0,0,26000,16000,10000,-25000,74000,104000,-30000,54000,49000,5000,-145000
055070,聯茂永豐97購01  ,0,0,0,0,0,0,0,0,0,-146000,0,0,0,0,146000,-146000,-146000
052014,光罩永豐95購01  ,0,0,0,0,0,0,0,0,0,-146000,0,0,0,159000,305000,-146000,-146000
053963,百和永豐96購01  ,0,0,0,0,0,0,0,0,0,-147000,0,0,0,77000,224000,-147000,-147000
053350,台表科國票97購02,0,0,0,0,0,0,0,0,0,-147000,0,0,0,0,147000,-147000,-147000
044355,景碩元大91購02  ,0,0,0,0,0,0,0,0,0,-147000,0,0,0,0,147000,-147000,-147000
048016,啟碁國票94購01  ,0,0,0,0,0,0,0,0,0,-147000,0,0,0,35000,182000,-147000,-147000
049960,嘉聯益統一94購01,0,0,0,0,0,0,0,0,0,-147000,0,0,0,0,147000,-147000,-147000
2349,錸德            ,102000,251502,-149502,0,0,0,0,0,0,2000,2000,0,2000,0,0,0,-147502
051826,智邦元大95購03  ,0,0,0,0,0,0,0,0,0,-148000,0,0,0,100000,248000,-148000,-148000
053822,正文群益97購01  ,0,0,0,0,0,0,0,0,0,-149000,0,0,0,97000,246000,-149000,-149000
053184,世紀鋼元富96購01,0,0,0,0,0,0,0,0,0,-149000,0,0,0,405000,554000,-149000,-149000
047839,景碩元大93購03  ,0,0,0,0,0,0,0,0,0,-149000,0,0,0,10000,159000,-149000,-149000
047285,鴻海統一95購02  ,0,0,0,0,0,0,0,0,0,-149000,0,0,0,70000,219000,-149000,-149000
046677,矽創元大93購03  ,0,0,0,0,0,0,0,0,0,-149000,0,0,0,8000,157000,-149000,-149000
046931,聯詠統一93購01  ,0,0,0,0,0,0,0,0,0,-149000,0,0,0,0,149000,-149000,-149000
051506,台積電元富95購06,0,0,0,0,0,0,0,0,0,-149000,0,0,0,720000,869000,-149000,-149000
050388,鴻海統一94購09  ,0,0,0,0,0,0,0,0,0,-149000,0,0,0,327000,476000,-149000,-149000
052882,南電凱基96購02  ,0,0,0,0,0,0,0,0,0,-150000,0,0,0,0,150000,-150000,-150000
052783,台郡國票97購01  ,0,0,0,0,0,0,0,0,0,-150000,0,0,0,58000,208000,-150000,-150000
053779,台光電元大96購02,0,0,0,0,0,0,0,0,0,-150000,0,0,0,55000,205000,-150000,-150000
053501,明泰兆豐96購01  ,0,0,0,0,0,0,0,0,0,-150000,0,0,0,0,150000,-150000,-150000
054943,群光元大97購01  ,0,0,0,0,0,0,0,0,0,-150000,0,0,0,53000,203000,-150000,-150000
05488P,臺股指凱基95售21,0,0,0,0,0,0,0,0,0,-150000,0,0,0,0,150000,-150000,-150000
054776,矽創國票98購01  ,0,0,0,0,0,0,0,0,0,-150000,0,0,0,9000,159000,-150000,-150000
054746,貿聯凱基98購02  ,0,0,0,0,0,0,0,0,0,-150000,0,0,0,0,150000,-150000,-150000
054535,旺宏富邦97購02  ,0,0,0,0,0,0,0,0,0,-150000,0,0,0,158000,308000,-150000,-150000
05434P,世紀鋼元富95售02,0,0,0,0,0,0,0,0,0,-150000,0,0,0,40000,190000,-150000,-150000
045786,台勝科元大92購02,0,0,0,0,0,0,0,0,0,-150000,0,0,0,0,150000,-150000,-150000
044518,京鼎凱基92購01  ,0,0,0,0,0,0,0,0,0,-150000,0,0,0,41000,191000,-150000,-150000
043190,宏達電元大93購01,0,0,0,0,0,0,0,0,0,-150000,0,0,0,0,150000,-150000,-150000
04288P,台積電中信95售06,0,0,0,0,0,0,0,0,0,-150000,0,0,0,0,150000,-150000,-150000
04215P,鴻海國票93售02  ,0,0,0,0,0,0,0,0,0,-150000,0,0,0,0,150000,-150000,-150000
04727P,臺股指凱基96售03,0,0,0,0,0,0,0,0,0,-150000,0,0,0,0,150000,-150000,-150000
048426,超眾元富93購01  ,0,0,0,0,0,0,0,0,0,-150000,0,0,0,0,150000,-150000,-150000
046855,嘉晶元大94購01  ,0,0,0,0,0,0,0,0,0,-150000,0,0,0,0,150000,-150000,-150000
049592,欣興元大96購01  ,0,0,0,0,0,0,0,0,0,-150000,0,0,0,0,150000,-150000,-150000
050524,宏達電元大95購04,0,0,0,0,0,0,0,0,0,-150000,0,0,0,0,150000,-150000,-150000
051540,力成國票95購01  ,0,0,0,0,0,0,0,0,0,-150000,0,0,0,0,150000,-150000,-150000
054011,旺宏永豐96購05  ,0,0,0,0,0,0,0,0,0,-151000,0,0,0,0,151000,-151000,-151000
054035,聯詠麥證96購01  ,0,0,0,60000,211000,-151000,0,0,0,-151000,0,0,0,60000,211000,-151000,-151000
054260,貿聯元大96購03  ,0,0,0,0,0,0,0,0,0,-151000,0,0,0,0,151000,-151000,-151000
054214,京鼎國票97購02  ,40000,0,40000,0,0,0,0,0,0,-191000,0,0,0,2000,193000,-191000,-151000
045373,台化元大92購01  ,0,0,0,0,0,0,0,0,0,-151000,0,0,0,20000,171000,-151000,-151000
050970,康舒永豐95購01  ,0,0,0,0,0,0,0,0,0,-151000,0,0,0,20000,171000,-151000,-151000
055089,金寶群益98購01  ,0,0,0,0,0,0,0,0,0,-152000,0,0,0,181000,333000,-152000,-152000
045878,欣興元富92購02  ,0,0,0,0,0,0,0,0,0,-152000,0,0,0,225000,377000,-152000,-152000
00852L,國泰美國道瓊正2 ,0,0,0,0,0,0,0,0,0,-152000,0,0,0,0,152000,-152000,-152000
047091,南茂元富93購01  ,0,0,0,0,0,0,0,0,0,-152000,0,0,0,3000,155000,-152000,-152000
051035,百和兆豐95購01  ,0,0,0,0,0,0,0,0,0,-152000,0,0,0,6000,158000,-152000,-152000
052695,台表科中信98購01,0,0,0,0,0,0,0,0,0,-152000,0,0,0,82000,234000,-152000,-152000
3056,總太            ,241000,393000,-152000,0,0,0,0,0,0,0,0,0,0,0,0,0,-152000
054804,南亞元大9A購01  ,0,0,0,0,0,0,0,0,0,-153000,0,0,0,0,153000,-153000,-153000
053601,台表科元大98購01,0,0,0,0,0,0,0,0,0,-153000,0,0,0,37000,190000,-153000,-153000
043750,美律元大93購01  ,0,0,0,0,0,0,0,0,0,-153000,0,0,0,258000,411000,-153000,-153000
051751,聯茂富邦95購01  ,0,0,0,0,0,0,0,0,0,-153000,0,0,0,0,153000,-153000,-153000
05130P,聯發科統一95售03,0,0,0,0,0,0,0,0,0,-153000,0,0,0,93000,246000,-153000,-153000
054190,矽創永豐96購01  ,0,0,0,0,0,0,0,0,0,-154000,0,0,0,0,154000,-154000,-154000
044817,可成兆豐93購01  ,0,0,0,0,0,0,0,0,0,-154000,0,0,0,77000,231000,-154000,-154000
045182,瑞昱統一92購05  ,0,0,0,0,0,0,0,0,0,-154000,0,0,0,85000,239000,-154000,-154000
049499,康控元大96購01  ,0,0,0,0,0,0,0,0,0,-154000,0,0,0,155000,309000,-154000,-154000
049624,嘉澤群益94購01  ,0,0,0,0,0,0,0,0,0,-154000,0,0,0,30000,184000,-154000,-154000
049865,和鑫兆豐95購01  ,0,0,0,0,0,0,0,0,0,-154000,0,0,0,210000,364000,-154000,-154000
051162,楠梓電元大95購01,0,0,0,0,0,0,0,0,0,-154000,0,0,0,0,154000,-154000,-154000
050120,GIS元大95購02   ,0,0,0,0,0,0,0,0,0,-154000,0,0,0,0,154000,-154000,-154000
051594,和碩元大96購01  ,0,0,0,0,0,0,0,0,0,-154000,0,0,0,52000,206000,-154000,-154000
054707,聯茂亞東97購01  ,0,0,0,0,0,0,0,0,0,-155000,0,0,0,0,155000,-155000,-155000
053038,華邦電凱基97購01,0,0,0,0,0,0,0,0,0,-155000,0,0,0,6000,161000,-155000,-155000
053251,世紀鋼國票97購02,0,0,0,0,0,0,0,0,0,-155000,0,0,0,50000,205000,-155000,-155000
051923,聯發科日盛95購02,0,0,0,0,0,0,0,0,0,-155000,0,0,0,0,155000,-155000,-155000
050972,台虹永豐95購01  ,0,0,0,0,0,0,0,0,0,-155000,0,0,0,112000,267000,-155000,-155000
055379,牧德元大97購03  ,0,0,0,0,0,0,0,0,0,-155000,0,0,0,225000,380000,-155000,-155000
045871,元油2X元富96購03,0,0,0,0,0,0,0,0,0,-156000,0,0,0,0,156000,-156000,-156000
047494,華邦電元富96購01,0,0,0,0,0,0,0,0,0,-156000,0,0,0,0,156000,-156000,-156000
049327,台郡元富94購01  ,0,0,0,0,0,0,0,0,0,-156000,0,0,0,112000,268000,-156000,-156000
051255,康控元大96購04  ,0,0,0,0,0,0,0,0,0,-156000,0,0,0,0,156000,-156000,-156000
2478,大毅            ,685000,756000,-71000,0,0,0,0,0,0,-85000,41000,60000,-19000,28000,94000,-66000,-156000
6414,樺漢            ,92000,124410,-32410,0,0,0,0,15000,-15000,-109000,24000,22000,2000,7000,118000,-111000,-156410
053748,燿華永豐96購04  ,0,0,0,0,0,0,0,0,0,-157000,0,0,0,47000,204000,-157000,-157000
055057,興勤永豐97購01  ,0,0,0,0,0,0,0,0,0,-157000,0,0,0,0,157000,-157000,-157000
050882,華泰國泰96購01  ,0,0,0,0,0,0,0,0,0,-157000,0,0,0,100000,257000,-157000,-157000
050199,南電元大94購09  ,0,0,0,0,0,0,0,0,0,-157000,0,0,0,164000,321000,-157000,-157000
055422,康控永豐97購01  ,0,0,0,0,0,0,0,0,0,-157000,0,0,0,10000,167000,-157000,-157000
05999P,世芯元大96售01  ,0,0,0,0,0,0,0,0,0,-157000,0,0,0,20000,177000,-157000,-157000
052768,泰鼎群益96購01  ,0,0,0,0,0,0,0,0,0,-158000,0,0,0,41000,199000,-158000,-158000
04907P,超眾國票95售01  ,0,0,0,0,0,0,0,0,0,-158000,0,0,0,42000,200000,-158000,-158000
04408P,台積電統一94售06,0,0,0,0,0,0,0,0,0,-158000,0,0,0,0,158000,-158000,-158000
046349,康控兆豐93購02  ,0,0,0,0,0,0,0,0,0,-158000,0,0,0,0,158000,-158000,-158000
050681,南亞科元富94購01,0,0,0,0,0,0,0,0,0,-158000,0,0,0,15000,173000,-158000,-158000
050981,GIS元富95購01   ,0,0,0,0,0,0,0,0,0,-158000,0,0,0,0,158000,-158000,-158000
050752,美律統一94購05  ,0,0,0,0,0,0,0,0,0,-158000,0,0,0,0,158000,-158000,-158000
051340,健策永豐95購03  ,0,0,0,0,0,0,0,0,0,-158000,0,0,0,204000,362000,-158000,-158000
053020,貿聯元富96購01  ,0,0,0,0,0,0,0,0,0,-159000,0,0,0,149000,308000,-159000,-159000
053108,南亞科兆豐96購01,0,0,0,0,0,0,0,0,0,-159000,0,0,0,3000,162000,-159000,-159000
053803,聯發科凱基96購18,0,0,0,0,0,0,0,0,0,-159000,0,0,0,0,159000,-159000,-159000
053844,GIS統一96購01   ,0,0,0,0,0,0,0,0,0,-159000,0,0,0,0,159000,-159000,-159000
054955,宏達電元大98購01,0,0,0,0,0,0,0,0,0,-159000,0,0,0,16000,175000,-159000,-159000
054985,光罩元富97購01  ,0,0,0,0,0,0,0,0,0,-159000,0,0,0,104000,263000,-159000,-159000
055032,億光富邦99購01  ,0,0,0,0,0,0,0,0,0,-159000,0,0,0,10000,169000,-159000,-159000
054434,友達台新96購03  ,0,0,0,0,0,0,0,0,0,-159000,0,0,0,65000,224000,-159000,-159000
046230,亞光元大92購03  ,0,0,0,0,0,0,0,0,0,-159000,0,0,0,95000,254000,-159000,-159000
048464,康控台新94購01  ,0,0,0,0,0,0,0,0,0,-159000,0,0,0,0,159000,-159000,-159000
048562,宏達電元大95購01,0,0,0,0,0,0,0,0,0,-159000,0,0,0,2000,161000,-159000,-159000
048377,燿華元富93購01  ,0,0,0,0,0,0,0,0,0,-159000,0,0,0,19000,178000,-159000,-159000
048337,致茂元大93購04  ,0,0,0,0,0,0,0,0,0,-159000,0,0,0,222000,381000,-159000,-159000
051445,可成元大95購06  ,0,0,0,0,0,0,0,0,0,-159000,0,0,0,133000,292000,-159000,-159000
055010,佐登元富97購01  ,0,0,0,0,0,0,0,0,0,-160000,0,0,0,130000,290000,-160000,-160000
05333P,臺股指國票95售02,0,0,0,0,0,0,0,0,0,-160000,0,0,0,0,160000,-160000,-160000
044173,矽創元大92購02  ,0,0,0,0,0,0,0,0,0,-160000,0,0,0,105000,265000,-160000,-160000
045765,康控統一92購01  ,0,0,0,0,0,0,0,0,0,-160000,0,0,0,0,160000,-160000,-160000
046805,TPK元大93購05   ,0,0,0,0,0,0,0,0,0,-160000,0,0,0,0,160000,-160000,-160000
049922,禾伸堂元大95購01,0,0,0,0,0,0,0,0,0,-160000,0,0,0,0,160000,-160000,-160000
047807,華邦電凱基93購06,0,0,0,0,0,0,0,0,0,-160000,0,0,0,11000,171000,-160000,-160000
047066,力成凱基93購04  ,0,0,0,0,0,0,0,0,0,-160000,0,0,0,15000,175000,-160000,-160000
051305,訊連凱基96購01  ,0,0,0,0,0,0,0,0,0,-160000,0,0,0,0,160000,-160000,-160000
05094P,大立光元大95售07,0,0,0,0,0,0,0,0,0,-160000,0,0,0,0,160000,-160000,-160000
050613,台光電元大94購09,0,0,0,0,0,0,0,0,0,-160000,0,0,0,77000,237000,-160000,-160000
053086,宏達電元大97購01,0,0,0,0,0,0,0,0,0,-161000,0,0,0,14000,175000,-161000,-161000
052767,智伸科群益98購01,0,0,0,0,0,0,0,0,0,-161000,0,0,0,249000,410000,-161000,-161000
053843,訊芯統一96購01  ,0,0,0,0,0,0,0,0,0,-161000,0,0,0,198000,359000,-161000,-161000
054787,華新科群益97購04,0,0,0,0,0,0,0,0,0,-161000,0,0,0,68000,229000,-161000,-161000
047954,漢唐永豐93購02  ,0,0,0,0,0,0,0,0,0,-161000,0,0,0,0,161000,-161000,-161000
047894,大成鋼群益93購01,0,0,0,0,0,0,0,0,0,-161000,0,0,0,0,161000,-161000,-161000
049272,世紀鋼元大96購02,0,0,0,0,0,0,0,0,0,-161000,0,0,0,79000,240000,-161000,-161000
049593,群創元大9A購01  ,0,0,0,0,0,0,0,0,0,-161000,0,0,0,783000,944000,-161000,-161000
052251,台光電永豐95購03,0,0,0,0,0,0,0,0,0,-161000,0,0,0,5000,166000,-161000,-161000
052305,GIS永豐95購03   ,0,0,0,0,0,0,0,0,0,-161000,0,0,0,0,161000,-161000,-161000
06170P,禾伸堂元富97售02,0,0,0,0,0,0,0,0,0,-161000,0,0,0,0,161000,-161000,-161000
054770,健策國票98購01  ,0,0,0,0,0,0,0,0,0,-162000,0,0,0,19000,181000,-162000,-162000
043607,GIS元大93購02   ,0,0,0,0,0,0,0,0,0,-162000,0,0,0,0,162000,-162000,-162000
047632,儒鴻元大93購08  ,0,0,0,0,0,0,0,0,0,-162000,0,0,0,8000,170000,-162000,-162000
047062,鴻海凱基93購24  ,0,0,0,0,0,0,0,0,0,-162000,0,0,0,874000,1036000,-162000,-162000
046507,宏達電元大92購07,0,0,0,0,0,0,0,0,0,-162000,0,0,0,0,162000,-162000,-162000
050072,京鼎凱基94購02  ,0,0,0,0,0,0,0,0,0,-162000,0,0,0,0,162000,-162000,-162000
050777,臻鼎元大94購05  ,0,0,0,0,0,0,0,0,0,-162000,0,0,0,3000,165000,-162000,-162000
055013,訊連元富97購01  ,0,0,0,0,0,0,0,0,0,-163000,0,0,0,0,163000,-163000,-163000
055173,瑞昱統一97購01  ,0,0,0,0,0,0,0,0,0,-163000,0,0,0,99000,262000,-163000,-163000
054502,泰碩永豐96購01  ,0,0,0,0,0,0,0,0,0,-163000,0,0,0,0,163000,-163000,-163000
049144,瑞昱元大94購03  ,0,0,0,0,0,0,0,0,0,-163000,0,0,0,55000,218000,-163000,-163000
051307,康舒凱基95購01  ,0,0,0,0,0,0,0,0,0,-163000,0,0,0,206000,369000,-163000,-163000
055398,超眾統一97購03  ,0,0,0,0,0,0,0,0,0,-163000,0,0,0,0,163000,-163000,-163000
054450,聯茂第一96購01  ,0,0,0,0,0,0,0,0,0,-164000,0,0,0,112000,276000,-164000,-164000
054071,泰鼎國泰97購02  ,0,0,0,0,0,0,0,0,0,-164000,0,0,0,0,164000,-164000,-164000
053154,聯詠元大96購01  ,0,0,0,0,0,0,0,0,0,-164000,0,0,0,41000,205000,-164000,-164000
048754,瀚宇博元富97購01,0,0,0,0,0,0,0,0,0,-164000,0,0,0,0,164000,-164000,-164000
048764,台光電凱基94購03,0,0,0,0,0,0,0,0,0,-164000,0,0,0,0,164000,-164000,-164000
050780,台表科元大96購01,0,0,0,0,0,0,0,0,0,-164000,0,0,0,17000,181000,-164000,-164000
052505,友達日盛9B購02  ,0,0,0,0,0,0,0,0,0,-164000,0,0,0,0,164000,-164000,-164000
052398,瑞昱凱基95購06  ,0,0,0,0,0,0,0,0,0,-164000,0,0,0,128000,292000,-164000,-164000
051729,華新國票96購01  ,0,0,0,0,0,0,0,0,0,-164000,0,0,0,0,164000,-164000,-164000
053957,瑞昱永豐96購01  ,0,0,0,0,0,0,0,0,0,-165000,0,0,0,66000,231000,-165000,-165000
053595,創意元大96購02  ,0,0,0,0,0,0,0,0,0,-165000,0,0,0,260000,425000,-165000,-165000
047705,燿華凱基94購01  ,0,0,0,0,0,0,0,0,0,-165000,0,0,0,0,165000,-165000,-165000
054982,國巨元富97購03  ,0,0,0,0,0,0,0,0,0,-166000,0,0,0,100000,266000,-166000,-166000
055015,帆宣元富97購01  ,0,0,0,0,0,0,0,0,0,-166000,0,0,0,0,166000,-166000,-166000
054903,億光康和97購02  ,0,0,0,0,0,0,0,0,0,-166000,0,0,0,0,166000,-166000,-166000
052162,智伸科永豐95購01,0,0,0,0,0,0,0,0,0,-166000,0,0,0,192000,358000,-166000,-166000
055397,超眾統一97購02  ,0,0,0,0,0,0,0,0,0,-166000,0,0,0,0,166000,-166000,-166000
055082,台郡中信97購01  ,0,0,0,0,0,0,0,0,0,-167000,0,0,0,102000,269000,-167000,-167000
054699,復盛永豐97購01  ,0,0,0,0,0,0,0,0,0,-167000,0,0,0,55000,222000,-167000,-167000
053120,復盛中信9A購01  ,0,0,0,0,0,0,0,0,0,-167000,0,0,0,72000,239000,-167000,-167000
049649,信邦凱基94購01  ,0,0,0,0,0,0,0,0,0,-167000,0,0,0,2000,169000,-167000,-167000
048125,和鑫元大96購01  ,0,0,0,0,0,0,0,0,0,-167000,0,0,0,82000,249000,-167000,-167000
052045,瑞昱凱基96購01  ,0,0,0,0,0,0,0,0,0,-167000,0,0,0,39000,206000,-167000,-167000
053323,群創群益98購07  ,0,0,0,0,0,0,0,0,0,-168000,0,0,0,958000,1126000,-168000,-168000
053023,泰鼎國泰97購01  ,0,0,0,0,0,0,0,0,0,-168000,0,0,0,5000,173000,-168000,-168000
049423,臺股指凱基95購02,0,0,0,0,0,0,0,0,0,-168000,0,0,0,25000,193000,-168000,-168000
047430,儒鴻元大93購05  ,0,0,0,0,0,0,0,0,0,-168000,0,0,0,0,168000,-168000,-168000
052221,東元凱基95購01  ,0,0,0,0,0,0,0,0,0,-168000,0,0,0,100000,268000,-168000,-168000
050266,兆豐金元大94購01,2000,0,2000,0,0,0,0,0,0,-170000,0,0,0,105000,275000,-170000,-168000
055132,台虹康和97購01  ,0,0,0,0,0,0,0,0,0,-169000,0,0,0,24000,193000,-169000,-169000
054498,燿華永豐96購06  ,0,0,0,0,0,0,0,0,0,-169000,0,0,0,37000,206000,-169000,-169000
054375,貿聯中信99購01  ,0,0,0,0,0,0,0,0,0,-169000,0,0,0,20000,189000,-169000,-169000
044850,南亞科統一94購01,0,0,0,0,0,0,0,0,0,-169000,0,0,0,51000,220000,-169000,-169000
047726,友達群益94購02  ,0,0,0,0,0,0,0,0,0,-169000,0,0,0,142000,311000,-169000,-169000
047306,儒鴻元大93購03  ,0,0,0,0,0,0,0,0,0,-169000,0,0,0,0,169000,-169000,-169000
050449,宏達電元大95購03,0,0,0,0,0,0,0,0,0,-169000,0,0,0,0,169000,-169000,-169000
051228,聯發科群益95購03,0,0,0,0,0,0,0,0,0,-169000,0,0,0,220000,389000,-169000,-169000
054253,宏達電元大97購03,0,0,0,0,0,0,0,0,0,-170000,0,0,0,0,170000,-170000,-170000
048892,台郡元富97購01  ,0,0,0,0,0,0,0,0,0,-170000,0,0,0,5000,175000,-170000,-170000
049361,華通元大94購02  ,0,0,0,0,0,0,0,0,0,-170000,0,0,0,2000,172000,-170000,-170000
051692,深中小統一95購01,0,0,0,0,0,0,0,0,0,-170000,0,0,0,90000,260000,-170000,-170000
05670P,台積電國票98售01,0,0,0,0,0,0,0,0,0,-170000,0,0,0,0,170000,-170000,-170000
1718,中纖            ,130000,300000,-170000,0,0,0,0,0,0,0,0,0,0,0,0,0,-170000
1312,國喬            ,384000,554000,-170000,0,0,0,0,0,0,0,0,8000,-8000,8000,0,8000,-170000
053009,大成鋼統一96購02,0,0,0,0,0,0,0,0,0,-171000,0,0,0,318000,489000,-171000,-171000
052942,聯發科中信97購04,0,0,0,0,0,0,0,0,0,-171000,0,0,0,234000,405000,-171000,-171000
045459,致茂元大92購01  ,0,0,0,0,0,0,0,0,0,-171000,0,0,0,85000,256000,-171000,-171000
04577P,康友元富94售02  ,0,0,0,0,0,0,0,0,0,-171000,0,0,0,20000,191000,-171000,-171000
045101,玉晶光中信94購01,0,0,0,0,0,0,0,0,0,-171000,0,0,0,300000,471000,-171000,-171000
046982,瀚宇博兆豐94購02,0,0,0,0,0,0,0,0,0,-171000,0,0,0,0,171000,-171000,-171000
05110P,上銀統一95售01  ,0,0,0,0,0,0,0,0,0,-171000,0,0,0,31000,202000,-171000,-171000
050876,復盛永豐95購01  ,0,0,0,0,0,0,0,0,0,-171000,0,0,0,30000,201000,-171000,-171000
053840,燿華統一96購02  ,0,0,0,0,0,0,0,0,0,-172000,0,0,0,60000,232000,-172000,-172000
054477,聯發科中信9C購02,0,0,0,0,0,0,0,0,0,-172000,0,0,0,16000,188000,-172000,-172000
044060,美律元大92購05  ,0,0,0,0,0,0,0,0,0,-172000,0,0,0,0,172000,-172000,-172000
049706,世紀鋼元大95購02,0,0,0,0,0,0,0,0,0,-172000,0,0,0,1000,173000,-172000,-172000
047641,可成元大93購09  ,0,0,0,0,0,0,0,0,0,-172000,0,0,0,0,172000,-172000,-172000
047643,新光金元大95購02,0,0,0,0,0,0,0,0,0,-172000,0,0,0,0,172000,-172000,-172000
050732,台虹國票94購01  ,0,0,0,0,0,0,0,0,0,-172000,0,0,0,15000,187000,-172000,-172000
054137,聯詠元大97購02  ,0,0,0,0,0,0,0,0,0,-173000,0,0,0,57000,230000,-173000,-173000
052200,台光電統一95購02,0,0,0,0,0,0,0,0,0,-173000,0,0,0,60000,233000,-173000,-173000
06189P,華新科永豐97售03,0,0,0,0,0,0,0,0,0,-173000,0,0,0,50000,223000,-173000,-173000
055335,健策兆豐98購01  ,0,0,0,0,0,0,0,0,0,-173000,0,0,0,0,173000,-173000,-173000
054500,美律永豐96購02  ,0,0,0,0,0,0,0,0,0,-174000,0,0,0,0,174000,-174000,-174000
045113,玉晶光永豐92購01,0,0,0,0,0,0,0,0,0,-174000,0,0,0,48000,222000,-174000,-174000
047601,上海銀中信93購01,0,0,0,0,0,0,0,0,0,-174000,0,0,0,2000,176000,-174000,-174000
046482,超眾元富92購03  ,0,0,0,0,0,0,0,0,0,-174000,0,0,0,18000,192000,-174000,-174000
051699,世紀鋼麥證95購01,0,0,0,0,174000,-174000,0,0,0,-174000,0,0,0,0,174000,-174000,-174000
050121,南電元大95購02  ,0,0,0,0,0,0,0,0,0,-174000,0,0,0,308000,482000,-174000,-174000
055199,國喬群益97購01  ,0,0,0,0,0,0,0,0,0,-175000,0,0,0,0,175000,-175000,-175000
049457,彩晶統一94購02  ,0,0,0,0,0,0,0,0,0,-175000,0,0,0,27000,202000,-175000,-175000
047245,聯發科群益94購03,0,0,0,0,0,0,0,0,0,-175000,0,0,0,0,175000,-175000,-175000
048392,宏碁國票94購01  ,0,0,0,0,0,0,0,0,0,-175000,0,0,0,120000,295000,-175000,-175000
051467,GIS富邦96購01   ,0,0,0,0,0,0,0,0,0,-175000,0,0,0,23000,198000,-175000,-175000
05535P,台積電元大97售06,0,0,0,0,0,0,0,0,0,-175000,0,0,0,66000,241000,-175000,-175000
055200,和大群益98購01  ,0,0,0,0,0,0,0,0,0,-176000,0,0,0,17000,193000,-176000,-176000
054424,大成鋼富邦97購02,0,0,0,0,0,0,0,0,0,-176000,0,0,0,376000,552000,-176000,-176000
04439P,聯發科群益94售04,0,0,0,0,0,0,0,0,0,-176000,0,0,0,0,176000,-176000,-176000
04479P,同欣電中信96售02,0,0,0,0,0,0,0,0,0,-176000,0,0,0,0,176000,-176000,-176000
047160,台郡國票94購01  ,0,0,0,0,0,0,0,0,0,-176000,0,0,0,72000,248000,-176000,-176000
050686,欣興兆豐96購01  ,0,0,0,0,0,0,0,0,0,-176000,0,0,0,90000,266000,-176000,-176000
053982,臻鼎元大96購05  ,0,0,0,0,0,0,0,0,0,-177000,0,0,0,66000,243000,-177000,-177000
053666,臺股指凱基96購29,0,0,0,0,0,0,0,0,0,-177000,0,0,0,0,177000,-177000,-177000
048868,劍麟國票94購01  ,0,0,0,0,0,0,0,0,0,-177000,0,0,0,30000,207000,-177000,-177000
047923,聯發科凱基94購02,0,0,0,0,0,0,0,0,0,-177000,0,0,0,20000,197000,-177000,-177000
051710,和碩群益95購01  ,0,0,0,0,0,0,0,0,0,-177000,0,0,0,12000,189000,-177000,-177000
053890,華新科群益98購01,0,0,0,0,0,0,0,0,0,-178000,0,0,0,153000,331000,-178000,-178000
053619,和碩群益96購01  ,0,0,0,0,0,0,0,0,0,-178000,0,0,0,13000,191000,-178000,-178000
054355,上海銀富邦98購01,0,0,0,0,0,0,0,0,0,-178000,0,0,0,0,178000,-178000,-178000
047910,全新麥證94購01  ,0,0,0,7000,185000,-178000,0,0,0,-178000,0,0,0,7000,185000,-178000,-178000
049219,聯發科國票95購01,0,0,0,0,0,0,0,0,0,-178000,0,0,0,8000,186000,-178000,-178000
048224,聯發科凱基93購31,0,0,0,0,0,0,0,0,0,-178000,0,0,0,143000,321000,-178000,-178000
049508,上銀凱基94購04  ,0,0,0,0,0,0,0,0,0,-178000,0,0,0,112000,290000,-178000,-178000
049425,喬山兆豐95購01  ,0,0,0,0,0,0,0,0,0,-178000,0,0,0,127000,305000,-178000,-178000
048055,燿華國泰95購02  ,0,0,0,0,0,0,0,0,0,-178000,0,0,0,127000,305000,-178000,-178000
051960,美食永豐95購01  ,0,0,0,0,0,0,0,0,0,-178000,0,0,0,0,178000,-178000,-178000
05218P,大立光永昌96售04,0,0,0,0,0,0,0,0,0,-178000,0,0,0,255000,433000,-178000,-178000
05617P,大立光統一97售02,0,0,0,0,0,0,0,0,0,-178000,0,0,0,64000,242000,-178000,-178000
8150,南茂            ,618000,809000,-191000,0,0,0,0,0,0,12000,0,0,0,41000,29000,12000,-179000
053821,群創群益98購08  ,0,0,0,0,0,0,0,0,0,-180000,0,0,0,539000,719000,-180000,-180000
04061P,臺股指群益93售15,0,0,0,0,0,0,0,0,0,-180000,0,0,0,26000,206000,-180000,-180000
047689,瑞昱富邦97購01  ,0,0,0,0,0,0,0,0,0,-180000,0,0,0,97000,277000,-180000,-180000
051816,臺股指凱基95購07,0,0,0,0,0,0,0,0,0,-180000,0,0,0,0,180000,-180000,-180000
051814,鈺齊凱基95購01  ,0,0,0,0,0,0,0,0,0,-180000,0,0,0,20000,200000,-180000,-180000
051126,訊連群益95購01  ,0,0,0,0,0,0,0,0,0,-180000,0,0,0,19000,199000,-180000,-180000
055221,矽創凱基97購02  ,0,0,0,0,0,0,0,0,0,-180000,0,0,0,41000,221000,-180000,-180000
054571,楠梓電元大99購01,0,0,0,0,0,0,0,0,0,-181000,0,0,0,8000,189000,-181000,-181000
054962,玉晶光元大99購02,0,0,0,0,0,0,0,0,0,-181000,0,0,0,74000,255000,-181000,-181000
03734P,新日興元大93售01,0,0,0,0,0,0,0,0,0,-181000,0,0,0,0,181000,-181000,-181000
050207,百和群益95購01  ,0,0,0,0,0,0,0,0,0,-181000,0,0,0,40000,221000,-181000,-181000
042819,聯茂中信92購01  ,0,0,0,0,0,0,0,0,0,-182000,0,0,0,0,182000,-182000,-182000
044277,彩晶群益92購01  ,0,0,0,0,0,0,0,0,0,-182000,0,0,0,10000,192000,-182000,-182000
046457,可成凱基92購09  ,0,0,0,0,0,0,0,0,0,-182000,0,0,0,1000,183000,-182000,-182000
05874P,台積電群益96售10,0,0,0,0,0,0,0,0,0,-182000,0,0,0,120000,302000,-182000,-182000
054670,康友元富97購01  ,0,0,0,0,0,0,0,0,0,-183000,0,0,0,33000,216000,-183000,-183000
054299,南電元大96購03  ,0,0,0,0,0,0,0,0,0,-183000,0,0,0,723000,906000,-183000,-183000
046295,超眾統一92購01  ,0,0,0,0,0,0,0,0,0,-183000,0,0,0,50000,233000,-183000,-183000
053808,大成鋼群益97購01,0,0,0,0,0,0,0,0,0,-184000,0,0,0,173000,357000,-184000,-184000
053541,泰鼎永豐96購02  ,0,0,0,0,0,0,0,0,0,-184000,0,0,0,7000,191000,-184000,-184000
053135,信邦國票96購01  ,0,0,0,0,0,0,0,0,0,-184000,0,0,0,0,184000,-184000,-184000
00710B,FH彭博高收益債  ,0,0,0,0,0,0,0,0,0,-184000,0,0,0,70000,254000,-184000,-184000
049460,宏達電元富94購01,0,0,0,0,0,0,0,0,0,-184000,0,0,0,0,184000,-184000,-184000
050192,康控元大97購01  ,0,0,0,0,0,0,0,0,0,-184000,0,0,0,223000,407000,-184000,-184000
05013P,台積電元大96售05,0,0,0,0,0,0,0,0,0,-184000,0,0,0,0,184000,-184000,-184000
051113,聯電元富95購01  ,0,0,0,0,0,0,0,0,0,-184000,0,0,0,70000,254000,-184000,-184000
05915P,聯發科元大96售19,0,0,0,0,0,0,0,0,0,-184000,0,0,0,106000,290000,-184000,-184000
053293,聯發科中信9B購01,0,0,0,0,0,0,0,0,0,-185000,0,0,0,70000,255000,-185000,-185000
052998,拓凱康和96購01  ,0,0,0,0,0,0,0,0,0,-185000,0,0,0,35000,220000,-185000,-185000
053663,臺股指凱基96購24,0,0,0,0,0,0,0,0,0,-185000,0,0,0,0,185000,-185000,-185000
054414,全新元大97購02  ,0,0,0,0,0,0,0,0,0,-185000,0,0,0,15000,200000,-185000,-185000
054750,聯茂凱基98購02  ,0,0,0,0,0,0,0,0,0,-185000,0,0,0,326000,511000,-185000,-185000
055169,光罩統一99購01  ,0,0,0,0,0,0,0,0,0,-185000,0,0,0,0,185000,-185000,-185000
047892,康控兆豐94購01  ,0,0,0,0,0,0,0,0,0,-185000,0,0,0,15000,200000,-185000,-185000
051696,新日興中信96購01,0,0,0,0,0,0,0,0,0,-185000,0,0,0,805000,990000,-185000,-185000
044255,群創元大93購01  ,0,0,0,0,0,0,0,0,0,-186000,0,0,0,670000,856000,-186000,-186000
045324,嘉晶統一92購01  ,0,0,0,0,0,0,0,0,0,-186000,0,0,0,0,186000,-186000,-186000
049241,智邦元富94購01  ,0,0,0,0,0,0,0,0,0,-186000,0,0,0,7000,193000,-186000,-186000
051641,矽創國票96購01  ,0,0,0,0,0,0,0,0,0,-186000,0,0,0,0,186000,-186000,-186000
050184,信邦元大94購01  ,0,0,0,0,0,0,0,0,0,-186000,0,0,0,0,186000,-186000,-186000
054622,漢唐第一97購01  ,0,0,0,0,0,0,0,0,0,-187000,0,0,0,15000,202000,-187000,-187000
054559,台光電群益99購01,0,0,0,0,0,0,0,0,0,-187000,0,0,0,12000,199000,-187000,-187000
048068,南亞科元富95購01,0,0,0,0,0,0,0,0,0,-187000,0,0,0,16000,203000,-187000,-187000
047968,南電國泰94購01  ,0,0,0,0,0,0,0,0,0,-187000,0,0,0,447000,634000,-187000,-187000
047947,欣興統一93購04  ,0,0,0,0,0,0,0,0,0,-187000,0,0,0,216000,403000,-187000,-187000
055317,金寶國票98購01  ,0,0,0,0,0,0,0,0,0,-187000,0,0,0,0,187000,-187000,-187000
2439,美律            ,1352000,1757000,-405000,0,0,0,0,0,0,218000,104000,88000,16000,229000,27000,202000,-187000
054324,美律台新97購01  ,0,0,0,0,0,0,0,0,0,-188000,0,0,0,0,188000,-188000,-188000
042326,元油2X國票94購01,0,0,0,0,0,0,0,0,0,-188000,0,0,0,2000,190000,-188000,-188000
048067,台光電元富93購01,0,0,0,0,0,0,0,0,0,-188000,0,0,0,22000,210000,-188000,-188000
050223,聯茂元富94購02  ,0,0,0,0,0,0,0,0,0,-188000,0,0,0,41000,229000,-188000,-188000
051893,瀚宇博元富95購01,0,0,0,0,0,0,0,0,0,-188000,0,0,0,0,188000,-188000,-188000
054212,聯詠國票97購03  ,0,0,0,0,0,0,0,0,0,-189000,0,0,0,12000,201000,-189000,-189000
053222,聯茂凱基96購03  ,0,0,0,0,0,0,0,0,0,-189000,0,0,0,56000,245000,-189000,-189000
042912,凌陽元大94購01  ,0,0,0,0,0,0,0,0,0,-189000,0,0,0,51000,240000,-189000,-189000
048893,南電元富94購01  ,0,0,0,0,0,0,0,0,0,-189000,0,0,0,87000,276000,-189000,-189000
049041,和鑫兆豐94購01  ,0,0,0,0,0,0,0,0,0,-189000,0,0,0,152000,341000,-189000,-189000
051993,和碩元大95購03  ,0,0,0,0,0,0,0,0,0,-189000,0,0,0,332000,521000,-189000,-189000
052669,群創群益98購06  ,0,0,0,0,0,0,0,0,0,-189000,0,0,0,593000,782000,-189000,-189000
053051,楠梓電國票97購01,0,0,0,0,0,0,0,0,0,-190000,0,0,0,0,190000,-190000,-190000
053654,聯發科凱基98購01,0,0,0,0,0,0,0,0,0,-190000,0,0,0,0,190000,-190000,-190000
047010,聯詠統一93購05  ,0,0,0,0,0,0,0,0,0,-190000,0,0,0,0,190000,-190000,-190000
049547,新光金群益94購01,0,0,0,0,0,0,0,0,0,-190000,0,0,0,81000,271000,-190000,-190000
050404,元大金麥證94購01,0,0,0,10000,200000,-190000,0,0,0,-190000,0,0,0,10000,200000,-190000,-190000
055281,台光電元大98購03,0,0,0,0,0,0,0,0,0,-190000,0,0,0,28000,218000,-190000,-190000
9935,慶豐富          ,112000,324000,-212000,0,0,0,0,0,0,22000,0,0,0,22000,0,22000,-190000
053558,訊芯凱基96購02  ,0,0,0,0,0,0,0,0,0,-191000,0,0,0,227000,418000,-191000,-191000
054963,牧德元大97購02  ,0,0,0,0,0,0,0,0,0,-191000,0,0,0,471000,662000,-191000,-191000
047513,嘉晶國票93購03  ,0,0,0,0,0,0,0,0,0,-191000,0,0,0,351000,542000,-191000,-191000
05903P,聯發科統一96售09,0,0,0,0,0,0,0,0,0,-191000,0,0,0,76000,267000,-191000,-191000
054890,聯鈞統一99購01  ,0,0,0,0,0,0,0,0,0,-192000,0,0,0,5000,197000,-192000,-192000
044031,致茂群益92購01  ,0,0,0,0,0,0,0,0,0,-192000,0,0,0,0,192000,-192000,-192000
04767P,台積電國泰95售04,0,0,0,0,0,0,0,0,0,-192000,0,0,0,8000,200000,-192000,-192000
047389,義隆元大94購01  ,0,0,0,0,0,0,0,0,0,-192000,0,0,0,0,192000,-192000,-192000
051040,漢唐永豐95購01  ,0,0,0,0,0,0,0,0,0,-192000,0,0,0,0,192000,-192000,-192000
053327,彩晶台新97購01  ,0,0,0,0,0,0,0,0,0,-193000,0,0,0,0,193000,-193000,-193000
04914P,國巨國泰95售06  ,0,0,0,0,0,0,0,0,0,-193000,0,0,0,47000,240000,-193000,-193000
051110,可成統一95購01  ,0,0,0,0,0,0,0,0,0,-193000,0,0,0,0,193000,-193000,-193000
050175,台光電元大94購08,0,0,0,0,0,0,0,0,0,-193000,0,0,0,0,193000,-193000,-193000
051823,矽力元富95購02  ,0,0,0,0,0,0,0,0,0,-193000,0,0,0,186000,379000,-193000,-193000
051411,聯發科國票95購05,0,0,0,0,0,0,0,0,0,-193000,0,0,0,0,193000,-193000,-193000
053322,京鼎群益97購01  ,0,0,0,0,0,0,0,0,0,-194000,0,0,0,147000,341000,-194000,-194000
054847,創意兆豐97購01  ,0,0,0,0,0,0,0,0,0,-194000,0,0,0,72000,266000,-194000,-194000
054132,聯發科元大97購10,0,0,0,0,0,0,0,0,0,-194000,0,0,0,325000,519000,-194000,-194000
054235,欣興群益96購06  ,0,0,0,0,0,0,0,0,0,-194000,0,0,0,129000,323000,-194000,-194000
051554,鎧勝永豐95購01  ,0,0,0,0,0,0,0,0,0,-194000,0,0,0,0,194000,-194000,-194000
052160,美律永豐95購03  ,0,0,0,0,0,0,0,0,0,-194000,0,0,0,0,194000,-194000,-194000
05784P,臺股指元大96售18,0,0,0,0,0,0,0,0,0,-194000,0,0,0,38000,232000,-194000,-194000
054087,矽創亞東96購01  ,0,0,0,0,0,0,0,0,0,-195000,0,0,0,0,195000,-195000,-195000
052069,聯茂兆豐96購01  ,0,0,0,0,0,0,0,0,0,-195000,0,0,0,105000,300000,-195000,-195000
055168,光罩統一98購01  ,0,0,0,0,0,0,0,0,0,-196000,0,0,0,0,196000,-196000,-196000
053382,友達元大9C購02  ,0,0,0,0,0,0,0,0,0,-196000,0,0,0,65000,261000,-196000,-196000
047934,GIS凱基94購01   ,0,0,0,0,0,0,0,0,0,-196000,0,0,0,0,196000,-196000,-196000
050375,矽創元大94購02  ,0,0,0,0,0,0,0,0,0,-196000,0,0,0,3000,199000,-196000,-196000
3026,禾伸堂          ,118000,369000,-251000,0,0,0,0,0,0,55000,51000,0,51000,14000,10000,4000,-196000
053395,致茂中信96購01  ,0,0,0,0,0,0,0,0,0,-197000,0,0,0,328000,525000,-197000,-197000
053951,T50反1台新06購02,1000,0,1000,0,0,0,0,0,0,-199000,0,0,0,1000,200000,-199000,-198000
055137,GIS富邦98購01   ,0,0,0,0,0,0,0,0,0,-198000,0,0,0,0,198000,-198000,-198000
051069,智邦國票96購01  ,0,0,0,0,0,0,0,0,0,-198000,0,0,0,203000,401000,-198000,-198000
05574P,英業達元富96售01,0,0,0,0,0,0,0,0,0,-198000,0,0,0,1000,199000,-198000,-198000
054578,世芯元大99購01  ,0,0,0,0,0,0,0,0,0,-199000,0,0,0,439000,638000,-199000,-199000
053478,京鼎元大96購01  ,0,0,0,0,0,0,0,0,0,-199000,0,0,0,329000,528000,-199000,-199000
053611,聯茂麥證96購01  ,0,0,0,8000,445000,-437000,0,0,0,-199000,0,0,0,246000,445000,-199000,-199000
053061,GIS富邦97購01   ,0,0,0,0,0,0,0,0,0,-199000,0,0,0,0,199000,-199000,-199000
045024,宏達電兆豐93購01,0,0,0,0,0,0,0,0,0,-199000,0,0,0,1000,200000,-199000,-199000
046088,台光電兆豐92購02,0,0,0,0,0,0,0,0,0,-199000,0,0,0,3000,202000,-199000,-199000
047492,儒鴻元富93購01  ,0,0,0,0,0,0,0,0,0,-199000,0,0,0,0,199000,-199000,-199000
049964,強茂元富94購01  ,0,0,0,0,0,0,0,0,0,-199000,0,0,0,0,199000,-199000,-199000
053161,康友元大96購04  ,0,0,0,0,0,0,0,0,0,-200000,0,0,0,30000,230000,-200000,-200000
053311,同欣電凱基96購01,0,0,0,0,0,0,0,0,0,-200000,0,0,0,70000,270000,-200000,-200000
053282,彩晶元大9C購01  ,0,0,0,0,0,0,0,0,0,-200000,0,0,0,81000,281000,-200000,-200000
053912,T50反1國票97購02,0,0,0,0,0,0,0,0,0,-200000,0,0,0,0,200000,-200000,-200000
055100,得力凱基97購01  ,0,0,0,0,0,0,0,0,0,-200000,0,0,0,0,200000,-200000,-200000
04542P,致伸永豐94售01  ,0,0,0,0,0,0,0,0,0,-200000,0,0,0,0,200000,-200000,-200000
04058P,臺股指群益93售12,0,0,0,0,0,0,0,0,0,-200000,0,0,0,0,200000,-200000,-200000
048362,康控永豐93購01  ,0,0,0,0,0,0,0,0,0,-200000,0,0,0,10000,210000,-200000,-200000
04682P,臺股指統一96售01,0,0,0,0,0,0,0,0,0,-200000,0,0,0,0,200000,-200000,-200000
048495,南亞科元大93購04,0,0,0,0,0,0,0,0,0,-200000,0,0,0,156000,356000,-200000,-200000
046634,GIS元富93購01   ,0,0,0,0,0,0,0,0,0,-200000,0,0,0,0,200000,-200000,-200000
04658P,臺股指永昌94售02,0,0,0,0,0,0,0,0,0,-200000,0,0,0,0,200000,-200000,-200000
046661,冠德元大93購01  ,0,0,0,0,0,0,0,0,0,-200000,0,0,0,100000,300000,-200000,-200000
047734,欣興兆豐94購02  ,0,0,0,0,0,0,0,0,0,-200000,0,0,0,0,200000,-200000,-200000
052400,聯詠凱基97購01  ,0,0,0,0,0,0,0,0,0,-200000,0,0,0,0,200000,-200000,-200000
05253P,智邦凱基95售08  ,0,0,0,0,0,0,0,0,0,-200000,0,0,0,0,200000,-200000,-200000
05530P,臺股指群益96售03,0,0,0,0,0,0,0,0,0,-200000,0,0,0,0,200000,-200000,-200000
055362,GIS凱基97購03   ,0,0,0,0,0,0,0,0,0,-200000,0,0,0,0,200000,-200000,-200000
053980,泰鼎元大97購02  ,0,0,0,0,0,0,0,0,0,-201000,0,0,0,8000,209000,-201000,-201000
03543P,台泥中信02售01  ,0,0,0,0,0,0,0,0,0,-201000,0,0,0,0,201000,-201000,-201000
046769,百和凱基93購06  ,0,0,0,0,0,0,0,0,0,-201000,0,0,0,15000,216000,-201000,-201000
051685,台光電凱基95購01,0,0,0,0,0,0,0,0,0,-201000,0,0,0,0,201000,-201000,-201000
051311,瑞昱麥證95購01  ,0,0,0,324000,543000,-219000,0,0,0,-201000,0,0,0,342000,543000,-201000,-201000
050807,群臺反凱基95購01,0,0,0,0,0,0,0,0,0,-201000,0,0,0,0,201000,-201000,-201000
050682,南亞科元富94購02,0,0,0,0,0,0,0,0,0,-201000,0,0,0,76000,277000,-201000,-201000
052893,聯電群益98購01  ,0,0,0,0,0,0,0,0,0,-202000,0,0,0,410000,612000,-202000,-202000
050165,泰鼎國泰95購02  ,0,0,0,0,0,0,0,0,0,-202000,0,0,0,3000,205000,-202000,-202000
051615,華通凱基96購01  ,0,0,0,0,0,0,0,0,0,-202000,0,0,0,28000,230000,-202000,-202000
05899P,臺股指凱基96售30,0,0,0,0,0,0,0,0,0,-202000,0,0,0,50000,252000,-202000,-202000
046033,義隆元大92購03  ,0,0,0,0,0,0,0,0,0,-203000,0,0,0,0,203000,-203000,-203000
044562,元油2X凱基92購05,0,0,0,0,0,0,0,0,0,-203000,0,0,0,0,203000,-203000,-203000
046396,矽創國泰93購01  ,0,0,0,0,0,0,0,0,0,-203000,0,0,0,161000,364000,-203000,-203000
047042,佐登群益93購01  ,0,0,0,0,0,0,0,0,0,-203000,0,0,0,70000,273000,-203000,-203000
053398,和鑫中信99購01  ,0,0,0,0,0,0,0,0,0,-204000,0,0,0,239000,443000,-204000,-204000
055023,億光國泰98購01  ,0,0,0,0,0,0,0,0,0,-204000,0,0,0,13000,217000,-204000,-204000
049157,矽創元大95購01  ,0,0,0,0,0,0,0,0,0,-204000,0,0,0,16000,220000,-204000,-204000
051633,可成國票96購03  ,0,0,0,0,0,0,0,0,0,-204000,0,0,0,9000,213000,-204000,-204000
052576,聯茂凱基96購01  ,0,0,0,0,0,0,0,0,0,-204000,0,0,0,0,204000,-204000,-204000
036804,國巨元富93購01  ,0,0,0,0,0,0,0,0,0,-205000,0,0,0,38000,243000,-205000,-205000
00850,元大臺灣ESG永續 ,0,0,0,0,0,0,0,0,0,-205000,0,0,0,625000,830000,-205000,-205000
04700P,臺股指元富94售06,0,0,0,0,0,0,0,0,0,-205000,0,0,0,0,205000,-205000,-205000
047872,貿聯永豐93購02  ,0,0,0,0,0,0,0,0,0,-205000,0,0,0,2000,207000,-205000,-205000
049962,台光電元富94購01,0,0,0,0,0,0,0,0,0,-205000,0,0,0,50000,255000,-205000,-205000
055063,玉晶光永豐99購01,0,0,0,0,0,0,0,0,0,-206000,0,0,0,26000,232000,-206000,-206000
053921,嘉晶國票97購03  ,0,0,0,0,0,0,0,0,0,-206000,0,0,0,0,206000,-206000,-206000
053215,禾伸堂凱基96購01,0,0,0,0,0,0,0,0,0,-206000,0,0,0,4000,210000,-206000,-206000
048928,華新科永豐94購02,0,0,0,0,0,0,0,0,0,-206000,0,0,0,273000,479000,-206000,-206000
048657,大成鋼統一93購04,0,0,0,0,0,0,0,0,0,-206000,0,0,0,61000,267000,-206000,-206000
051807,瑞昱凱基95購03  ,0,0,0,0,0,0,0,0,0,-206000,0,0,0,85000,291000,-206000,-206000
052920,景碩台新96購02  ,0,0,0,0,0,0,0,0,0,-207000,0,0,0,0,207000,-207000,-207000
054685,國巨永豐97購02  ,0,0,0,0,0,0,0,0,0,-207000,0,0,0,379000,586000,-207000,-207000
054075,GIS富邦97購02   ,0,0,0,0,0,0,0,0,0,-207000,0,0,0,0,207000,-207000,-207000
05666P,聯發科凱基96售14,0,0,0,0,0,0,0,0,0,-207000,0,0,0,0,207000,-207000,-207000
055235,金寶台新98購01  ,0,0,0,0,0,0,0,0,0,-207000,0,0,0,118000,325000,-207000,-207000
06161P,聯發科群益97售03,0,0,0,0,0,0,0,0,0,-207000,0,0,0,0,207000,-207000,-207000
8039,台虹            ,455000,698000,-243000,0,0,0,0,0,0,36000,11000,64000,-53000,214000,125000,89000,-207000
050792,可成富邦96購01  ,0,0,0,0,0,0,0,0,0,-208000,0,0,0,73000,281000,-208000,-208000
055300,緯穎元大98購01  ,0,0,0,0,0,0,0,0,0,-208000,0,0,0,30000,238000,-208000,-208000
054348,康控國票97購03  ,0,0,0,0,0,0,0,0,0,-209000,0,0,0,15000,224000,-209000,-209000
053433,友達日盛99購06  ,0,0,0,0,0,0,0,0,0,-209000,0,0,0,0,209000,-209000,-209000
047354,訊芯凱基94購01  ,0,0,0,0,0,0,0,0,0,-209000,0,0,0,244000,453000,-209000,-209000
051159,力山元大96購01  ,0,0,0,0,0,0,0,0,0,-209000,0,0,0,201000,410000,-209000,-209000
049994,聯茂台新94購02  ,0,0,0,0,0,0,0,0,0,-209000,0,0,0,80000,289000,-209000,-209000
052861,台光電凱基96購03,0,0,0,0,0,0,0,0,0,-210000,0,0,0,89000,299000,-210000,-210000
046465,GIS凱基95購01   ,0,0,0,0,0,0,0,0,0,-210000,0,0,0,2000,212000,-210000,-210000
045287,元油2X元大95購01,0,0,0,0,0,0,0,0,0,-210000,0,0,0,0,210000,-210000,-210000
045777,強茂元大92購02  ,0,0,0,0,0,0,0,0,0,-210000,0,0,0,10000,220000,-210000,-210000
03777P,華通中信95售01  ,0,0,0,0,0,0,0,0,0,-210000,0,0,0,0,210000,-210000,-210000
03029X,元展26          ,0,0,0,0,0,0,0,0,0,-210000,0,0,0,0,210000,-210000,-210000
05064P,台積電元大95售10,0,0,0,0,0,0,0,0,0,-210000,0,0,0,15000,225000,-210000,-210000
050947,聯發科群益95購01,0,0,0,0,0,0,0,0,0,-210000,0,0,0,4000,214000,-210000,-210000
051925,瀚宇博第一95購01,0,0,0,0,0,0,0,0,0,-210000,0,0,0,0,210000,-210000,-210000
05650P,台積電富邦96售01,0,0,0,0,0,0,0,0,0,-210000,0,0,0,60000,270000,-210000,-210000
055450,台積電元富97購01,0,0,0,0,0,0,0,0,0,-210000,0,0,0,0,210000,-210000,-210000
2615,萬海            ,264000,217000,47000,0,0,0,0,160000,-160000,-97000,0,97000,-97000,0,0,0,-210000
054563,泰碩群益99購01  ,0,0,0,0,0,0,0,0,0,-211000,0,0,0,0,211000,-211000,-211000
054581,訊芯元大97購02  ,0,0,0,0,0,0,0,0,0,-211000,0,0,0,601000,812000,-211000,-211000
051774,聯茂中信96購01  ,0,0,0,0,0,0,0,0,0,-211000,0,0,0,110000,321000,-211000,-211000
052466,聯詠統一95購03  ,0,0,0,0,0,0,0,0,0,-211000,0,0,0,20000,231000,-211000,-211000
06081P,深中小元大97售02,0,0,0,0,0,0,0,0,0,-211000,0,0,0,0,211000,-211000,-211000
055184,群創統一98購02  ,0,0,0,0,0,0,0,0,0,-212000,0,0,0,587000,799000,-212000,-212000
052976,台表科群益96購03,0,0,0,0,0,0,0,0,0,-212000,0,0,0,14000,226000,-212000,-212000
052415,台表科麥證95購02,0,0,0,20000,235000,-215000,0,0,0,-212000,0,0,0,23000,235000,-212000,-212000
05551P,電子類元大96售01,0,0,0,0,0,0,0,0,0,-212000,0,0,0,5000,217000,-212000,-212000
05698P,群創凱基96售01  ,0,0,0,0,0,0,0,0,0,-212000,0,0,0,0,212000,-212000,-212000
053246,聯詠國票97購02  ,0,0,0,0,0,0,0,0,0,-213000,0,0,0,57000,270000,-213000,-213000
04410P,大立光統一94售05,0,0,0,0,0,0,0,0,0,-213000,0,0,0,109000,322000,-213000,-213000
048324,訊芯凱基93購03  ,0,0,0,0,0,0,0,0,0,-213000,0,0,0,336000,549000,-213000,-213000
051570,和碩富邦97購01  ,0,0,0,0,0,0,0,0,0,-213000,0,0,0,67000,280000,-213000,-213000
050877,美律統一95購01  ,0,0,0,0,0,0,0,0,0,-213000,0,0,0,28000,241000,-213000,-213000
2809,京城銀          ,264000,479000,-215000,0,0,0,0,0,0,2000,2000,0,2000,0,0,0,-213000
053280,群創元大9C購01  ,0,0,0,0,0,0,0,0,0,-214000,0,0,0,377000,591000,-214000,-214000
03821P,上海銀統一95售01,0,0,0,0,0,0,0,0,0,-214000,0,0,0,0,214000,-214000,-214000
048069,南亞科元富95購02,0,0,0,0,0,0,0,0,0,-214000,0,0,0,5000,219000,-214000,-214000
050853,南電國票96購01  ,0,0,0,0,0,0,0,0,0,-214000,0,0,0,30000,244000,-214000,-214000
053866,景碩元大97購02  ,0,0,0,0,0,0,0,0,0,-215000,0,0,0,10000,225000,-215000,-215000
053744,台郡國票97購03  ,0,0,0,0,0,0,0,0,0,-215000,0,0,0,93000,308000,-215000,-215000
054289,聯發科元大97購11,0,0,0,0,0,0,0,0,0,-215000,0,0,0,39000,254000,-215000,-215000
049918,宏達電元大94購01,0,0,0,0,0,0,0,0,0,-215000,0,0,0,0,215000,-215000,-215000
051296,鴻海凱基97購01  ,0,0,0,0,0,0,0,0,0,-215000,0,0,0,0,215000,-215000,-215000
049989,臻鼎凱基94購02  ,0,0,0,0,0,0,0,0,0,-215000,0,0,0,0,215000,-215000,-215000
05262P,台積電元大95售19,0,0,0,0,0,0,0,0,0,-215000,0,0,0,0,215000,-215000,-215000
043776,奇力新兆豐92購01,0,0,0,0,0,0,0,0,0,-216000,0,0,0,2000,218000,-216000,-216000
044534,南亞科麥證92購01,0,0,0,29000,274000,-245000,0,0,0,-216000,0,0,0,58000,274000,-216000,-216000
048064,可成統一93購02  ,0,0,0,0,0,0,0,0,0,-216000,0,0,0,190000,406000,-216000,-216000
048418,瑞昱統一93購04  ,0,0,0,0,0,0,0,0,0,-216000,0,0,0,122000,338000,-216000,-216000
03960P,新日興元富96售02,0,0,0,0,0,0,0,0,0,-217000,0,0,0,11000,228000,-217000,-217000
048666,康控統一93購01  ,0,0,0,0,0,0,0,0,0,-217000,0,0,0,60000,277000,-217000,-217000
050026,友達元大96購01  ,0,0,0,0,0,0,0,0,0,-217000,0,0,0,24000,241000,-217000,-217000
05682P,大立光元大98售03,0,0,0,0,0,0,0,0,0,-217000,0,0,0,30000,247000,-217000,-217000
05767P,國巨凱基96售11  ,0,0,0,0,0,0,0,0,0,-217000,0,0,0,85000,302000,-217000,-217000
054710,東元元富97購01  ,0,0,0,0,0,0,0,0,0,-218000,0,0,0,0,218000,-218000,-218000
053688,燿華元大96購05  ,0,0,0,0,0,0,0,0,0,-218000,0,0,0,95000,313000,-218000,-218000
044514,亞光凱基93購02  ,0,0,0,0,0,0,0,0,0,-218000,0,0,0,51000,269000,-218000,-218000
048211,大立光日盛93購01,0,0,0,0,0,0,0,0,0,-218000,0,0,0,32000,250000,-218000,-218000
051028,台光電元富95購02,0,0,0,0,0,0,0,0,0,-218000,0,0,0,2000,220000,-218000,-218000
3704,合勤控          ,139000,347000,-208000,0,0,0,0,0,0,-10000,0,0,0,0,10000,-10000,-218000
055093,京鼎群益98購01  ,0,0,0,0,0,0,0,0,0,-219000,0,0,0,85000,304000,-219000,-219000
048030,聯發科凱基93購27,0,0,0,0,0,0,0,0,0,-219000,0,0,0,110000,329000,-219000,-219000
6176,瑞儀            ,188000,428000,-240000,0,0,0,0,0,0,21000,0,0,0,23000,2000,21000,-219000
053985,矽創元大96購02  ,0,0,0,0,0,0,0,0,0,-220000,0,0,0,36000,256000,-220000,-220000
04890P,台積電元大95售05,0,0,0,0,0,0,0,0,0,-220000,0,0,0,40000,260000,-220000,-220000
046131,矽創元大92購03  ,0,0,0,0,0,0,0,0,0,-220000,0,0,0,98000,318000,-220000,-220000
03637C,臺股指凱基94牛18,0,0,0,0,0,0,0,0,0,-220000,0,0,0,20000,240000,-220000,-220000
047276,中工永豐93購01  ,0,0,0,0,0,0,0,0,0,-220000,0,0,0,10000,230000,-220000,-220000
04753P,台積電統一94售11,0,0,0,0,0,0,0,0,0,-220000,0,0,0,0,220000,-220000,-220000
049258,美律元大94購03  ,0,0,0,0,0,0,0,0,0,-220000,0,0,0,152000,372000,-220000,-220000
050978,鴻海元富95購03  ,0,0,0,0,0,0,0,0,0,-220000,0,0,0,72000,292000,-220000,-220000
050238,瑞昱凱基94購05  ,0,0,0,0,0,0,0,0,0,-220000,0,0,0,107000,327000,-220000,-220000
052596,群創群益98購05  ,0,0,0,0,0,0,0,0,0,-220000,0,0,0,723000,943000,-220000,-220000
052076,可成元富98購01  ,0,0,0,0,0,0,0,0,0,-221000,0,0,0,81000,302000,-221000,-221000
05164P,南亞科元富95售04,0,0,0,0,0,0,0,0,0,-221000,0,0,0,0,221000,-221000,-221000
053389,彩晶元大98購01  ,0,0,0,0,0,0,0,0,0,-222000,0,0,0,159000,381000,-222000,-222000
039828,鴻海統一91購01  ,0,0,0,0,0,0,0,0,0,-222000,0,0,0,13000,235000,-222000,-222000
048485,泰鼎國泰94購02  ,0,0,0,0,0,0,0,0,0,-222000,0,0,0,0,222000,-222000,-222000
050414,泰鼎永豐94購04  ,0,0,0,0,0,0,0,0,0,-222000,0,0,0,0,222000,-222000,-222000
051027,楠梓電元富95購01,0,0,0,0,0,0,0,0,0,-222000,0,0,0,10000,232000,-222000,-222000
051363,矽創元大95購03  ,0,0,0,0,0,0,0,0,0,-222000,0,0,0,124000,346000,-222000,-222000
051167,京鼎元大95購01  ,0,0,0,0,0,0,0,0,0,-222000,0,0,0,249000,471000,-222000,-222000
05826P,臺股指凱基96售23,0,0,0,0,0,0,0,0,0,-222000,0,0,0,194000,416000,-222000,-222000
055254,聯詠統一97購03  ,0,0,0,0,0,0,0,0,0,-222000,0,0,0,61000,283000,-222000,-222000
046118,高鐵元大92購01  ,0,0,0,0,0,0,0,0,0,-223000,0,0,0,105000,328000,-223000,-223000
050133,鈺齊凱基94購01  ,0,0,0,0,0,0,0,0,0,-223000,0,0,0,182000,405000,-223000,-223000
052468,超眾統一96購02  ,0,0,0,0,0,0,0,0,0,-223000,0,0,0,111000,334000,-223000,-223000
054879,大成鋼統一97購01,0,0,0,0,0,0,0,0,0,-224000,0,0,0,254000,478000,-224000,-224000
048848,滬深2X群益98購02,0,0,0,0,0,0,0,0,0,-224000,0,0,0,11000,235000,-224000,-224000
043344,可成富邦93購01  ,0,0,0,0,0,0,0,0,0,-224000,0,0,0,79000,303000,-224000,-224000
04911P,美律元富94售02  ,0,0,0,0,0,0,0,0,0,-224000,0,0,0,10000,234000,-224000,-224000
047352,和鑫凱基94購02  ,0,0,0,0,0,0,0,0,0,-224000,0,0,0,3000,227000,-224000,-224000
050823,信邦凱基95購01  ,0,0,0,0,0,0,0,0,0,-224000,0,0,0,115000,339000,-224000,-224000
055160,玉晶光元大99購03,0,0,0,0,0,0,0,0,0,-225000,0,0,0,142000,367000,-225000,-225000
05286P,矽力統一95售02  ,0,0,0,0,0,0,0,0,0,-225000,0,0,0,35000,260000,-225000,-225000
04654P,臺股指凱基94售13,0,0,0,0,0,0,0,0,0,-225000,0,0,0,70000,295000,-225000,-225000
055239,帆宣台新97購01  ,0,0,0,0,0,0,0,0,0,-225000,0,0,0,0,225000,-225000,-225000
052833,康控群益96購01  ,0,0,0,0,0,0,0,0,0,-226000,0,0,0,346000,572000,-226000,-226000
054938,國巨元大97購04  ,0,0,0,0,0,0,0,0,0,-226000,0,0,0,0,226000,-226000,-226000
054456,華泰群益99購01  ,0,0,0,0,0,0,0,0,0,-226000,0,0,0,121000,347000,-226000,-226000
052805,晶技元大97購01  ,0,0,0,0,0,0,0,0,0,-227000,0,0,0,45000,272000,-227000,-227000
047836,國泰金元大93購01,0,0,0,0,0,0,0,0,0,-227000,0,0,0,1000,228000,-227000,-227000
051251,信邦元大95購01  ,0,0,0,0,0,0,0,0,0,-227000,0,0,0,142000,369000,-227000,-227000
050203,美律群益94購04  ,0,0,0,0,0,0,0,0,0,-227000,0,0,0,314000,541000,-227000,-227000
054899,南港康和97購01  ,0,0,0,0,0,0,0,0,0,-228000,0,0,0,200000,428000,-228000,-228000
047678,景碩台新93購01  ,0,0,0,0,0,0,0,0,0,-228000,0,0,0,10000,238000,-228000,-228000
047078,上海銀兆豐93購01,0,0,0,0,0,0,0,0,0,-228000,0,0,0,127000,355000,-228000,-228000
046415,嘉晶元大92購03  ,0,0,0,0,0,0,0,0,0,-228000,0,0,0,0,228000,-228000,-228000
051684,瑞昱凱基95購02  ,0,0,0,0,0,0,0,0,0,-228000,0,0,0,55000,283000,-228000,-228000
048837,牧德凱基94購04  ,0,0,0,0,0,0,0,0,0,-229000,0,0,0,60000,289000,-229000,-229000
051246,美律元大96購01  ,0,0,0,0,0,0,0,0,0,-229000,0,0,0,0,229000,-229000,-229000
05128P,聯發科中信97售03,0,0,0,0,0,0,0,0,0,-229000,0,0,0,11000,240000,-229000,-229000
054248,燿華元大97購02  ,0,0,0,0,0,0,0,0,0,-230000,0,0,0,139000,369000,-230000,-230000
053055,聯詠國票97購01  ,0,0,0,0,0,0,0,0,0,-230000,0,0,0,0,230000,-230000,-230000
044501,滬深2X凱基92購02,0,0,0,0,0,0,0,0,0,-230000,0,0,0,0,230000,-230000,-230000
047479,美律凱基94購01  ,0,0,0,0,0,0,0,0,0,-230000,0,0,0,10000,240000,-230000,-230000
049884,訊芯永豐94購01  ,0,0,0,0,0,0,0,0,0,-230000,0,0,0,115000,345000,-230000,-230000
051603,深中小群益99購03,0,0,0,0,0,0,0,0,0,-230000,0,0,0,10000,240000,-230000,-230000
051397,聯茂兆豐95購03  ,0,0,0,0,0,0,0,0,0,-230000,0,0,0,0,230000,-230000,-230000
053794,燿華亞東96購01  ,0,0,0,0,0,0,0,0,0,-231000,0,0,0,0,231000,-231000,-231000
047852,矽創元富93購01  ,0,0,0,0,0,0,0,0,0,-231000,0,0,0,90000,321000,-231000,-231000
2601,益航            ,33000,264000,-231000,0,0,0,0,0,0,0,0,0,0,0,0,0,-231000
052796,和碩兆豐96購01  ,0,0,0,0,0,0,0,0,0,-232000,0,0,0,0,232000,-232000,-232000
054772,康控國票98購02  ,0,0,0,0,0,0,0,0,0,-232000,0,0,0,11000,243000,-232000,-232000
048200,欣興元大93購07  ,0,0,0,0,0,0,0,0,0,-232000,0,0,0,0,232000,-232000,-232000
051763,新光金元大98購01,0,0,0,0,0,0,0,0,0,-232000,0,0,0,0,232000,-232000,-232000
055066,佐登永豐97購01  ,0,0,0,0,0,0,0,0,0,-233000,0,0,0,0,233000,-233000,-233000
047298,聯茂元富96購01  ,0,0,0,0,0,0,0,0,0,-233000,0,0,0,0,233000,-233000,-233000
04971P,矽力元富94售02  ,0,0,0,0,0,0,0,0,0,-233000,0,0,0,0,233000,-233000,-233000
2915,潤泰全          ,245577,467000,-221423,0,0,0,0,0,0,-12000,0,0,0,1000,13000,-12000,-233423
046432,宏達電中信94購01,0,0,0,0,0,0,0,0,0,-234000,0,0,0,10000,244000,-234000,-234000
055261,帆宣統一98購01  ,0,0,0,0,0,0,0,0,0,-234000,0,0,0,0,234000,-234000,-234000
053131,華通國票97購03  ,0,0,0,0,0,0,0,0,0,-235000,0,0,0,0,235000,-235000,-235000
045470,康控元大94購03  ,0,0,0,0,0,0,0,0,0,-235000,0,0,0,15000,250000,-235000,-235000
052029,矽力群益95購02  ,0,0,0,0,0,0,0,0,0,-235000,0,0,0,98000,333000,-235000,-235000
051230,聯詠群益95購01  ,0,0,0,0,0,0,0,0,0,-235000,0,0,0,29000,264000,-235000,-235000
051114,鈺齊中信95購01  ,0,0,0,0,0,0,0,0,0,-235000,0,0,0,183000,418000,-235000,-235000
055313,南電群益97購01  ,0,0,0,0,0,0,0,0,0,-235000,0,0,0,265000,500000,-235000,-235000
050532,矽創元大94購03  ,0,0,0,0,0,0,0,0,0,-236000,0,0,0,122000,358000,-236000,-236000
051924,聯茂日盛95購01  ,0,0,0,0,0,0,0,0,0,-236000,0,0,0,45000,281000,-236000,-236000
052612,康舒元大97購01  ,0,0,0,0,0,0,0,0,0,-236000,0,0,0,56000,292000,-236000,-236000
2606,裕民            ,137000,364000,-227000,0,0,0,0,0,0,-9000,0,0,0,0,9000,-9000,-236000
046408,宏達電元大92購06,0,0,0,0,0,0,0,0,0,-237000,0,0,0,0,237000,-237000,-237000
046712,勤誠永豐93購01  ,0,0,0,0,0,0,0,0,0,-237000,0,0,0,243000,480000,-237000,-237000
051997,康友元大95購02  ,0,0,0,0,0,0,0,0,0,-237000,0,0,0,357000,594000,-237000,-237000
050902,南電元大96購01  ,0,0,0,0,0,0,0,0,0,-237000,0,0,0,51000,288000,-237000,-237000
050453,創意元大95購03  ,0,0,0,0,0,0,0,0,0,-238000,0,0,0,101000,339000,-238000,-238000
051592,健策元大96購05  ,0,0,0,0,0,0,0,0,0,-238000,0,0,0,136000,374000,-238000,-238000
06044P,同欣電永豐96售03,0,0,0,0,0,0,0,0,0,-238000,0,0,0,20000,258000,-238000,-238000
052708,楠梓電永豐97購01,0,0,0,0,0,0,0,0,0,-239000,0,0,0,10000,249000,-239000,-239000
053891,欣興群益98購01  ,0,0,0,0,0,0,0,0,0,-239000,0,0,0,55000,294000,-239000,-239000
053893,京鼎群益97購02  ,0,0,0,0,0,0,0,0,0,-239000,0,0,0,84000,323000,-239000,-239000
055068,亞翔永豐97購01  ,0,0,0,0,0,0,0,0,0,-239000,0,0,0,0,239000,-239000,-239000
05351P,臺股指元富95售05,0,0,0,0,0,0,0,0,0,-240000,0,0,0,32000,272000,-240000,-240000
045619,強茂永豐92購01  ,0,0,0,0,0,0,0,0,0,-240000,0,0,0,0,240000,-240000,-240000
04289P,臺股指中信95售07,0,0,0,0,0,0,0,0,0,-240000,0,0,0,0,240000,-240000,-240000
047330,康舒元大93購01  ,0,0,0,0,0,0,0,0,0,-240000,0,0,0,66000,306000,-240000,-240000
04967P,台表科永豐94售04,0,0,0,0,0,0,0,0,0,-240000,0,0,0,33000,273000,-240000,-240000
050084,宏達電元富94購03,0,0,0,0,0,0,0,0,0,-240000,0,0,0,0,240000,-240000,-240000
051047,深中小群益99購01,0,0,0,0,0,0,0,0,0,-240000,0,0,0,0,240000,-240000,-240000
07383P,聯發科群益99售06,0,0,0,0,0,0,0,0,0,-240000,0,0,0,10000,250000,-240000,-240000
05375P,健策國票96售02  ,0,0,0,0,0,0,0,0,0,-241000,0,0,0,224000,465000,-241000,-241000
055030,帆宣國泰99購02  ,0,0,0,0,0,0,0,0,0,-241000,0,0,0,279000,520000,-241000,-241000
046107,勤誠永豐92購01  ,0,0,0,0,0,0,0,0,0,-241000,0,0,0,51000,292000,-241000,-241000
044408,聯茂凱基93購02  ,0,0,0,0,0,0,0,0,0,-241000,0,0,0,723000,964000,-241000,-241000
04799P,健策元大94售03  ,0,0,0,0,0,0,0,0,0,-241000,0,0,0,43000,284000,-241000,-241000
045053,聯發科元富98購01,0,0,0,0,0,0,0,0,0,-242000,0,0,0,438000,680000,-242000,-242000
04367P,滬深2X凱基95售04,0,0,0,0,0,0,0,0,0,-242000,0,0,0,115000,357000,-242000,-242000
050310,卜蜂兆豐94購01  ,0,0,0,0,0,0,0,0,0,-242000,0,0,0,0,242000,-242000,-242000
053279,景碩元大97購01  ,0,0,0,0,0,0,0,0,0,-243000,0,0,0,194000,437000,-243000,-243000
5264,鎧勝-KY         ,231000,488000,-257000,0,0,0,0,0,0,14000,0,2000,-2000,16000,0,16000,-243000
05288P,寶成元富95售02  ,0,0,0,0,0,0,0,0,0,-244000,0,0,0,0,244000,-244000,-244000
050324,訊芯台新94購01  ,0,0,0,0,0,0,0,0,0,-244000,0,0,0,19000,263000,-244000,-244000
00686R,群益臺灣加權反1 ,0,0,0,0,0,0,0,0,0,-245000,0,0,0,45000,290000,-245000,-245000
049988,貿聯凱基94購02  ,0,0,0,0,0,0,0,0,0,-245000,0,0,0,225000,470000,-245000,-245000
051803,矽創永豐95購03  ,0,0,0,0,0,0,0,0,0,-245000,0,0,0,0,245000,-245000,-245000
055509,訊芯元大97購03  ,0,0,0,0,0,0,0,0,0,-245000,0,0,0,0,245000,-245000,-245000
053584,友達元大9B購02  ,0,0,0,0,0,0,0,0,0,-246000,0,0,0,0,246000,-246000,-246000
045231,南電元大94購01  ,0,0,0,0,0,0,0,0,0,-246000,0,0,0,306000,552000,-246000,-246000
047642,宏達電元大93購08,0,0,0,0,0,0,0,0,0,-246000,0,0,0,0,246000,-246000,-246000
054821,貿聯元大9A購01  ,0,0,0,0,0,0,0,0,0,-247000,0,0,0,91000,338000,-247000,-247000
044464,滬深2X群益95購01,0,0,0,0,0,0,0,0,0,-247000,0,0,0,100000,347000,-247000,-247000
04060P,臺股指群益93售14,0,0,0,0,0,0,0,0,0,-248000,0,0,0,0,248000,-248000,-248000
053608,彩晶第一96購01  ,0,0,0,0,0,0,0,0,0,-249000,0,0,0,193000,442000,-249000,-249000
048988,聯茂元大94購02  ,0,0,0,0,0,0,0,0,0,-249000,0,0,0,12000,261000,-249000,-249000
047206,元金2X國泰94購01,0,0,0,0,0,0,0,0,0,-249000,0,0,0,211000,460000,-249000,-249000
05186P,鈺齊中信95售02  ,0,0,0,0,0,0,0,0,0,-249000,0,0,0,0,249000,-249000,-249000
050025,燿華元大94購05  ,0,0,0,0,0,0,0,0,0,-249000,0,0,0,0,249000,-249000,-249000
03626P,可成兆豐93售03  ,0,0,0,0,0,0,0,0,0,-250000,0,0,0,50000,300000,-250000,-250000
046389,百和凱基93購04  ,0,0,0,0,0,0,0,0,0,-250000,0,0,0,28000,278000,-250000,-250000
048608,燿華凱基93購06  ,0,0,0,0,0,0,0,0,0,-250000,0,0,0,0,250000,-250000,-250000
1210,大成            ,503000,753000,-250000,0,0,0,0,22000,-22000,22000,26000,4000,22000,0,0,0,-250000
054119,燿華永豐96購05  ,0,0,0,0,0,0,0,0,0,-251000,0,0,0,0,251000,-251000,-251000
05048P,同欣電永豐95售01,0,0,0,0,0,0,0,0,0,-251000,0,0,0,0,251000,-251000,-251000
050525,嘉晶元大95購02  ,0,0,0,0,0,0,0,0,0,-251000,0,0,0,20000,271000,-251000,-251000
054407,美律國票97購02  ,0,0,0,0,0,0,0,0,0,-252000,0,0,0,24000,276000,-252000,-252000
052675,新光金國泰98購01,0,0,0,0,0,0,0,0,0,-252000,0,0,0,19000,271000,-252000,-252000
04589P,祥碩永豐94售01  ,0,0,0,0,0,0,0,0,0,-254000,0,0,0,0,254000,-254000,-254000
052589,群創永豐97購01  ,0,0,0,0,0,0,0,0,0,-254000,0,0,0,125000,379000,-254000,-254000
055502,群創元大9C購03  ,0,0,0,0,0,0,0,0,0,-254000,0,0,0,196000,450000,-254000,-254000
054242,元油反元大98購02,0,0,0,0,0,0,0,0,0,-255000,0,0,0,20000,275000,-255000,-255000
054990,凌陽元富97購01  ,0,0,0,0,0,0,0,0,0,-255000,0,0,0,10000,265000,-255000,-255000
053691,聯發科元大96購16,0,0,0,0,0,0,0,0,0,-255000,0,0,0,0,255000,-255000,-255000
053876,可成永昌98購01  ,0,0,0,0,0,0,0,0,0,-255000,0,0,0,167000,422000,-255000,-255000
052465,聯詠統一95購02  ,0,0,0,0,0,0,0,0,0,-255000,0,0,0,27000,282000,-255000,-255000
051844,宏達電富邦96購01,0,0,0,0,0,0,0,0,0,-255000,0,0,0,80000,335000,-255000,-255000
050657,宏達電麥證94購01,0,0,0,0,255000,-255000,0,0,0,-255000,0,0,0,0,255000,-255000,-255000
052707,景碩台新96購01  ,0,0,0,0,0,0,0,0,0,-256000,0,0,0,81000,337000,-256000,-256000
047864,信邦康和93購01  ,0,0,0,0,0,0,0,0,0,-256000,0,0,0,60000,316000,-256000,-256000
052077,可成元富98購02  ,0,0,0,0,0,0,0,0,0,-256000,0,0,0,117000,373000,-256000,-256000
05687P,臺股指元大96售12,0,0,0,0,0,0,0,0,0,-256000,0,0,0,30000,286000,-256000,-256000
053889,致茂群益97購01  ,0,0,0,0,0,0,0,0,0,-257000,0,0,0,163000,420000,-257000,-257000
055061,聯詠永豐97購01  ,0,0,0,0,0,0,0,0,0,-257000,0,0,0,0,257000,-257000,-257000
049807,新光金元大96購02,0,0,0,0,0,0,0,0,0,-257000,0,0,0,0,257000,-257000,-257000
052368,力成國票96購01  ,0,0,0,0,0,0,0,0,0,-257000,0,0,0,5000,262000,-257000,-257000
00670L,富邦NASDAQ正2   ,0,29000,-29000,0,0,0,0,0,0,-229000,0,0,0,32000,261000,-229000,-258000
049870,南電兆豐94購01  ,0,0,0,0,0,0,0,0,0,-258000,0,0,0,0,258000,-258000,-258000
050144,宏達電台新95購01,0,0,0,0,0,0,0,0,0,-259000,0,0,0,10000,269000,-259000,-259000
053421,南亞科永豐96購01,0,0,0,0,0,0,0,0,0,-260000,0,0,0,43000,303000,-260000,-260000
052836,旺宏國泰98購01  ,0,0,0,0,0,0,0,0,0,-260000,0,0,0,45000,305000,-260000,-260000
053004,燿華永豐96購01  ,0,0,0,0,0,0,0,0,0,-260000,0,0,0,0,260000,-260000,-260000
04337P,台積電元大93售25,0,0,0,0,0,0,0,0,0,-260000,0,0,0,0,260000,-260000,-260000
049695,新光金元大9A購01,0,0,0,0,0,0,0,0,0,-260000,0,0,0,0,260000,-260000,-260000
047828,華新元大93購03  ,0,0,0,0,0,0,0,0,0,-260000,0,0,0,100000,360000,-260000,-260000
047907,燿華元大93購05  ,0,0,0,0,0,0,0,0,0,-260000,0,0,0,34000,294000,-260000,-260000
049271,百和元大94購01  ,0,0,0,0,0,0,0,0,0,-260000,0,0,0,36000,296000,-260000,-260000
049406,T50反1日盛97購01,0,0,0,0,0,0,0,0,0,-260000,0,0,0,0,260000,-260000,-260000
050003,景碩永豐94購01  ,0,0,0,0,0,0,0,0,0,-260000,0,0,0,10000,270000,-260000,-260000
05214P,台積電國票97售02,0,0,0,0,0,0,0,0,0,-260000,0,0,0,200000,460000,-260000,-260000
08602P,台灣50凱基96售04,0,0,0,0,0,0,0,0,0,-260000,0,0,0,0,260000,-260000,-260000
050753,百和統一94購01  ,0,0,0,0,0,0,0,0,0,-261000,0,0,0,37000,298000,-261000,-261000
044697,美律元大93購02  ,0,0,0,0,0,0,0,0,0,-262000,0,0,0,21000,283000,-262000,-262000
053390,彩晶元大9A購01  ,0,0,0,0,0,0,0,0,0,-263000,0,0,0,34000,297000,-263000,-263000
053771,華新元大97購01  ,0,0,0,0,0,0,0,0,0,-263000,0,0,0,7000,270000,-263000,-263000
048237,致茂國票94購01  ,0,0,0,0,0,0,0,0,0,-263000,0,0,0,0,263000,-263000,-263000
049932,GIS元大94購03   ,0,0,0,0,0,0,0,0,0,-263000,0,0,0,171000,434000,-263000,-263000
05114P,臺股指元富95售02,0,0,0,0,0,0,0,0,0,-263000,0,0,0,94000,357000,-263000,-263000
055205,京鼎中信99購01  ,0,0,0,0,0,0,0,0,0,-263000,0,0,0,0,263000,-263000,-263000
055193,世芯元富97購02  ,0,0,0,0,0,0,0,0,0,-264000,0,0,0,100000,364000,-264000,-264000
054880,華泰統一97購01  ,0,0,0,0,0,0,0,0,0,-264000,0,0,0,88000,352000,-264000,-264000
047757,達運元富93購01  ,0,0,0,0,0,0,0,0,0,-264000,0,0,0,0,264000,-264000,-264000
055055,精元永豐97購01  ,0,0,0,0,0,0,0,0,0,-266000,0,0,0,0,266000,-266000,-266000
053409,和碩兆豐96購02  ,0,0,0,0,0,0,0,0,0,-266000,0,0,0,0,266000,-266000,-266000
03415B,臺股指元大93熊49,0,0,0,0,0,0,0,0,0,-266000,0,0,0,58000,324000,-266000,-266000
049352,泰鼎永豐95購01  ,0,0,0,0,0,0,0,0,0,-266000,0,0,0,0,266000,-266000,-266000
048019,GIS麥證94購01   ,0,0,0,0,863000,-863000,0,0,0,-266000,0,0,0,597000,863000,-266000,-266000
047529,嘉晶元大94購02  ,0,0,0,0,0,0,0,0,0,-266000,0,0,0,315000,581000,-266000,-266000
048503,百和元大93購02  ,0,0,0,0,0,0,0,0,0,-266000,0,0,0,22000,288000,-266000,-266000
053852,南亞科國泰98購01,0,0,0,0,0,0,0,0,0,-267000,0,0,0,174000,441000,-267000,-267000
046695,瑞昱凱基93購03  ,0,0,0,0,0,0,0,0,0,-267000,0,0,0,42000,309000,-267000,-267000
050097,可成國泰96購02  ,0,0,0,0,0,0,0,0,0,-267000,0,0,0,659000,926000,-267000,-267000
050196,嘉聯益元大97購01,0,0,0,0,0,0,0,0,0,-268000,0,0,0,50000,318000,-268000,-268000
5531,鄉林            ,91000,361000,-270000,0,0,0,0,0,0,2000,2000,0,2000,0,0,0,-268000
05495P,大立光統一95售07,0,0,0,0,0,0,0,0,0,-269000,0,0,0,0,269000,-269000,-269000
054283,元油反元大99購02,0,0,0,0,0,0,0,0,0,-269000,0,0,0,3000,272000,-269000,-269000
046237,南電元大92購02  ,0,0,0,0,0,0,0,0,0,-269000,0,0,0,210000,479000,-269000,-269000
047751,玉山金元富93購01,0,0,0,0,0,0,0,0,0,-269000,0,0,0,60000,329000,-269000,-269000
051493,台郡凱基95購02  ,0,0,0,0,0,0,0,0,0,-269000,0,0,0,36000,305000,-269000,-269000
055376,群創元大01購01  ,0,0,0,0,0,0,0,0,0,-269000,0,0,0,931000,1200000,-269000,-269000
055142,健策永豐98購01  ,0,0,0,0,0,0,0,0,0,-270000,0,0,0,0,270000,-270000,-270000
03917P,鴻海凱基94售07  ,0,0,0,0,0,0,0,0,0,-270000,0,0,0,0,270000,-270000,-270000
047978,元油反群益97購01,0,0,0,0,0,0,0,0,0,-270000,0,0,0,0,270000,-270000,-270000
052985,美律元大96購02  ,0,0,0,0,0,0,0,0,0,-271000,0,0,0,83000,354000,-271000,-271000
049933,GIS元大95購01   ,0,0,0,0,0,0,0,0,0,-271000,0,0,0,28000,299000,-271000,-271000
054574,美律元大99購01  ,0,0,0,0,0,0,0,0,0,-272000,0,0,0,58000,330000,-272000,-272000
052142,滬深2X群益99購04,0,0,0,0,0,0,0,0,0,-272000,0,0,0,5000,277000,-272000,-272000
055296,康舒元大97購02  ,0,0,0,0,0,0,0,0,0,-272000,0,0,0,208000,480000,-272000,-272000
044855,南電國泰93購01  ,0,0,0,0,0,0,0,0,0,-273000,0,0,0,380000,653000,-273000,-273000
048168,致茂永豐93購02  ,0,0,0,0,0,0,0,0,0,-273000,0,0,0,23000,296000,-273000,-273000
05156P,群創兆豐95售01  ,0,0,0,0,0,0,0,0,0,-273000,0,0,0,7000,280000,-273000,-273000
051351,台積電元大95購15,0,0,0,0,0,0,0,0,0,-273000,0,0,0,509000,782000,-273000,-273000
05571P,大立光統一96售03,0,0,0,0,0,0,0,0,0,-273000,0,0,0,0,273000,-273000,-273000
054000,訊芯群益96購02  ,0,0,0,0,0,0,0,0,0,-274000,0,0,0,200000,474000,-274000,-274000
049780,智易統一94購02  ,0,0,0,0,0,0,0,0,0,-274000,0,0,0,0,274000,-274000,-274000
06153P,健策元大97售04  ,0,0,0,0,0,0,0,0,0,-274000,0,0,0,15000,289000,-274000,-274000
054391,宏達電元富96購04,0,0,0,0,0,0,0,0,0,-275000,0,0,0,0,275000,-275000,-275000
049819,百和元大94購02  ,0,0,0,0,0,0,0,0,0,-275000,0,0,0,39000,314000,-275000,-275000
047128,新日興日盛93購01,0,0,0,0,0,0,0,0,0,-275000,0,0,0,522000,797000,-275000,-275000
048499,達運元大96購01  ,0,0,0,0,0,0,0,0,0,-276000,0,0,0,259000,535000,-276000,-276000
050486,可成元富94購05  ,0,0,0,0,0,0,0,0,0,-276000,0,0,0,44000,320000,-276000,-276000
052195,健策元富95購01  ,0,0,0,0,0,0,0,0,0,-276000,0,0,0,32000,308000,-276000,-276000
055029,帆宣國泰99購01  ,0,0,0,0,0,0,0,0,0,-277000,0,0,0,287000,564000,-277000,-277000
051638,聯茂國票96購01  ,0,0,0,0,0,0,0,0,0,-277000,0,0,0,17000,294000,-277000,-277000
05780P,台積電統一96售07,0,0,0,0,0,0,0,0,0,-277000,0,0,0,411000,688000,-277000,-277000
048445,瑞昱凱基93購11  ,0,0,0,0,0,0,0,0,0,-279000,0,0,0,96000,375000,-279000,-279000
050945,致茂群益95購01  ,0,0,0,0,0,0,0,0,0,-279000,0,0,0,52000,331000,-279000,-279000
1710,東聯            ,92000,371000,-279000,0,0,0,0,0,0,0,0,0,0,0,0,0,-279000
044270,群創中信95購02  ,0,0,0,0,0,0,0,0,0,-280000,0,0,0,237000,517000,-280000,-280000
053096,康控統一96購01  ,0,0,0,0,0,0,0,0,0,-281000,0,0,0,0,281000,-281000,-281000
047967,南亞科國泰95購01,0,0,0,0,0,0,0,0,0,-281000,0,0,0,370000,651000,-281000,-281000
053765,智邦富邦96購01  ,0,0,0,0,0,0,0,0,0,-282000,0,0,0,48000,330000,-282000,-282000
2637,慧洋-KY         ,315000,502000,-187000,0,0,0,0,0,0,-95000,0,90000,-90000,0,5000,-5000,-282000
054481,鎧勝中信96購01  ,0,0,0,0,0,0,0,0,0,-285000,0,0,0,0,285000,-285000,-285000
050146,訊芯康和94購02  ,0,0,0,0,0,0,0,0,0,-285000,0,0,0,126000,411000,-285000,-285000
3380,明泰            ,150000,508000,-358000,0,0,0,0,0,0,73000,3000,51000,-48000,140000,19000,121000,-285000
055188,亞翔統一97購01  ,0,0,0,0,0,0,0,0,0,-286000,0,0,0,58000,344000,-286000,-286000
044184,南亞科國泰93購01,0,0,0,0,0,0,0,0,0,-286000,0,0,0,190000,476000,-286000,-286000
053915,光罩國票96購02  ,0,0,0,0,0,0,0,0,0,-287000,0,0,0,10000,297000,-287000,-287000
053229,南電台新97購01  ,0,0,0,0,0,0,0,0,0,-287000,0,0,0,273000,560000,-287000,-287000
05285P,同欣電群益95售02,0,0,0,0,0,0,0,0,0,-287000,0,0,0,22000,309000,-287000,-287000
041900,元油2X富邦96購01,0,0,0,0,0,0,0,0,0,-287000,0,0,0,89000,376000,-287000,-287000
048007,明基材元大96購01,0,0,0,0,0,0,0,0,0,-288000,0,0,0,78000,366000,-288000,-288000
047411,康控元富93購02  ,0,0,0,0,0,0,0,0,0,-288000,0,0,0,10000,298000,-288000,-288000
05776P,鴻海統一98售02  ,0,0,0,0,0,0,0,0,0,-288000,0,0,0,22000,310000,-288000,-288000
054376,聯茂中信97購01  ,0,0,0,0,0,0,0,0,0,-289000,0,0,0,100000,389000,-289000,-289000
04719P,台達電凱基94售09,0,0,0,0,0,0,0,0,0,-289000,0,0,0,11000,300000,-289000,-289000
04814P,健策元大96售01  ,0,0,0,0,0,0,0,0,0,-289000,0,0,0,0,289000,-289000,-289000
051709,TPK群益95購02   ,0,0,0,0,0,0,0,0,0,-289000,0,0,0,10000,299000,-289000,-289000
044532,康控富邦93購01  ,0,0,0,0,0,0,0,0,0,-290000,0,0,0,25000,315000,-290000,-290000
049127,上海銀元富94購01,0,0,0,0,0,0,0,0,0,-290000,0,0,0,0,290000,-290000,-290000
04785P,鴻海永豐94售03  ,0,0,0,0,0,0,0,0,0,-290000,0,0,0,0,290000,-290000,-290000
050331,鈺齊永豐94購02  ,0,0,0,0,0,0,0,0,0,-290000,0,0,0,275000,565000,-290000,-290000
050360,T50反1元大94購06,0,0,0,0,0,0,0,0,0,-290000,0,0,0,9000,299000,-290000,-290000
041042,美律群益92購01  ,0,0,0,0,0,0,0,0,0,-291000,0,0,0,0,291000,-291000,-291000
047379,元油2X元大96購03,0,0,0,0,0,0,0,0,0,-291000,0,0,0,0,291000,-291000,-291000
05004P,健策統一95售01  ,0,0,0,0,0,0,0,0,0,-291000,0,0,0,270000,561000,-291000,-291000
051527,台郡凱基95購03  ,0,0,0,0,0,0,0,0,0,-291000,0,0,0,0,291000,-291000,-291000
054026,台積電凱基97購08,0,0,0,0,0,0,0,0,0,-292000,0,0,0,38000,330000,-292000,-292000
054227,宏達電元富96購02,0,0,0,0,0,0,0,0,0,-292000,0,0,0,0,292000,-292000,-292000
044242,宏達電統一93購01,0,0,0,0,0,0,0,0,0,-292000,0,0,0,0,292000,-292000,-292000
050143,臻鼎元富94購05  ,0,0,0,0,0,0,0,0,0,-292000,0,0,0,103000,395000,-292000,-292000
054240,訊芯群益96購03  ,0,0,0,0,0,0,0,0,0,-293000,0,0,0,202000,495000,-293000,-293000
048157,美律兆豐93購01  ,0,0,0,0,0,0,0,0,0,-293000,0,0,0,100000,393000,-293000,-293000
046938,致茂元大93購02  ,0,0,0,0,0,0,0,0,0,-294000,0,0,0,43000,337000,-294000,-294000
050222,瑞儀元富94購01  ,0,0,0,0,0,0,0,0,0,-294000,0,0,0,6000,300000,-294000,-294000
050946,瑞昱群益95購01  ,0,0,0,0,0,0,0,0,0,-294000,0,0,0,59000,353000,-294000,-294000
051179,臺股指凱基95購04,0,0,0,0,0,0,0,0,0,-294000,0,0,0,0,294000,-294000,-294000
3665,貿聯-KY         ,557000,1020000,-463000,0,0,0,82000,0,82000,87000,53000,0,53000,66000,32000,34000,-294000
045412,宏達電群益93購01,0,0,0,0,0,0,0,0,0,-295000,0,0,0,12000,307000,-295000,-295000
055056,億光永豐97購01  ,0,0,0,0,0,0,0,0,0,-296000,0,0,0,20000,316000,-296000,-296000
054628,可成凱基98購01  ,0,0,0,0,0,0,0,0,0,-296000,0,0,0,397000,693000,-296000,-296000
046704,智原元富93購01  ,0,0,0,0,0,0,0,0,0,-296000,0,0,0,20000,316000,-296000,-296000
054896,聯茂日盛97購01  ,0,0,0,0,0,0,0,0,0,-297000,0,0,0,214000,511000,-297000,-297000
048845,GIS凱基94購02   ,0,0,0,0,0,0,0,0,0,-297000,0,0,0,53000,350000,-297000,-297000
052102,台泥兆豐96購01  ,0,0,0,0,0,0,0,0,0,-297000,0,0,0,145000,442000,-297000,-297000
054387,台積電統一98購02,0,0,0,0,0,0,0,0,0,-298000,0,0,0,10000,308000,-298000,-298000
047212,宏達電富邦97購01,0,0,0,0,0,0,0,0,0,-298000,0,0,0,9000,307000,-298000,-298000
05484P,台積電凱基95售18,0,0,0,0,0,0,0,0,0,-299000,0,0,0,0,299000,-299000,-299000
04870P,大立光元富94售11,0,0,0,0,0,0,0,0,0,-299000,0,0,0,0,299000,-299000,-299000
049891,T50反1富邦94購02,0,0,0,0,0,0,0,0,0,-299000,0,0,0,0,299000,-299000,-299000
050941,T50反1群益95購01,0,0,0,0,0,0,0,0,0,-299000,0,0,0,0,299000,-299000,-299000
050361,T50反1元大94購07,0,0,0,0,0,0,0,0,0,-299000,0,0,0,0,299000,-299000,-299000
052747,京鼎元大97購01  ,0,0,0,0,0,0,0,0,0,-300000,0,0,0,330000,630000,-300000,-300000
047148,和鑫群益93購01  ,0,0,0,0,0,0,0,0,0,-300000,0,0,0,0,300000,-300000,-300000
048177,臺指反富邦99購01,0,0,0,0,0,0,0,0,0,-300000,0,0,0,0,300000,-300000,-300000
049479,矽格永豐94購01  ,0,0,0,0,0,0,0,0,0,-300000,0,0,0,0,300000,-300000,-300000
050534,臻鼎兆豐94購01  ,0,0,0,0,0,0,0,0,0,-300000,0,0,0,10000,310000,-300000,-300000
054991,南亞科元富97購01,0,0,0,0,0,0,0,0,0,-301000,0,0,0,20000,321000,-301000,-301000
055079,台光電中信97購01,0,0,0,0,0,0,0,0,0,-301000,0,0,0,0,301000,-301000,-301000
053986,矽創第一96購01  ,0,0,0,0,0,0,0,0,0,-301000,0,0,0,0,301000,-301000,-301000
03840P,台積電統一99售02,0,0,0,0,0,0,0,0,0,-301000,0,0,0,10000,311000,-301000,-301000
051584,可成元大95購08  ,0,0,0,0,0,0,0,0,0,-301000,0,0,0,259000,560000,-301000,-301000
052731,宏達電國泰98購01,0,0,0,0,0,0,0,0,0,-302000,0,0,0,105000,407000,-302000,-302000
049364,燿華元大94購02  ,0,0,0,0,0,0,0,0,0,-302000,0,0,0,147000,449000,-302000,-302000
047848,可成統一93購01  ,0,0,0,0,0,0,0,0,0,-302000,0,0,0,170000,472000,-302000,-302000
046795,瀚宇博元富93購01,0,0,0,0,0,0,0,0,0,-302000,0,0,0,70000,372000,-302000,-302000
050205,牧德群益94購02  ,0,0,0,0,0,0,0,0,0,-302000,0,0,0,15000,317000,-302000,-302000
036805,國巨元富93購02  ,0,0,0,0,0,0,0,0,0,-303000,0,0,0,81000,384000,-303000,-303000
052207,台郡中信95購02  ,0,0,0,0,0,0,0,0,0,-303000,0,0,0,123000,426000,-303000,-303000
043484,TPK群益93購01   ,0,0,0,0,0,0,0,0,0,-304000,0,0,0,21000,325000,-304000,-304000
048422,瑞昱元富96購02  ,0,0,0,0,0,0,0,0,0,-304000,0,0,0,0,304000,-304000,-304000
05263P,台積電元大96售09,0,0,0,0,0,0,0,0,0,-304000,0,0,0,60000,364000,-304000,-304000
051851,TPK群益95購03   ,0,0,0,0,0,0,0,0,0,-304000,0,0,0,0,304000,-304000,-304000
050035,聯茂元大94購07  ,0,0,0,0,0,0,0,0,0,-304000,0,0,0,44000,348000,-304000,-304000
050376,百和元大95購01  ,0,0,0,0,0,0,0,0,0,-304000,0,0,0,70000,374000,-304000,-304000
051103,緯穎元大96購03  ,0,0,0,0,0,0,0,0,0,-304000,0,0,0,50000,354000,-304000,-304000
1515,力山            ,131000,391000,-260000,0,0,0,0,0,0,-44000,0,0,0,1000,45000,-44000,-304000
055386,致新元大97購02  ,0,0,0,0,0,0,0,0,0,-306000,0,0,0,150000,456000,-306000,-306000
050010,鈺齊永豐94購01  ,0,0,0,0,0,0,0,0,0,-307000,0,0,0,373000,680000,-307000,-307000
051946,健策統一98購01  ,0,0,0,0,0,0,0,0,0,-307000,0,0,0,306000,613000,-307000,-307000
053825,南電群益96購02  ,0,0,0,0,0,0,0,0,0,-308000,0,0,0,315000,623000,-308000,-308000
055040,台虹富邦99購01  ,0,0,0,0,0,0,0,0,0,-308000,0,0,0,96000,404000,-308000,-308000
054914,億光凱基98購01  ,0,0,0,0,0,0,0,0,0,-309000,0,0,0,2000,311000,-309000,-309000
053953,群創台新97購01  ,0,0,0,0,0,0,0,0,0,-309000,0,0,0,0,309000,-309000,-309000
048797,美律國泰95購02  ,0,0,0,0,0,0,0,0,0,-309000,0,0,0,21000,330000,-309000,-309000
044997,信邦國泰93購01  ,0,0,0,0,0,0,0,0,0,-309000,0,0,0,80000,389000,-309000,-309000
052574,茂林凱基96購02  ,0,0,0,0,0,0,0,0,0,-309000,0,0,0,97000,406000,-309000,-309000
03546P,欣興群益02售12  ,0,0,0,0,0,0,0,0,0,-310000,0,0,0,0,310000,-310000,-310000
046460,聯鈞凱基93購02  ,0,0,0,0,0,0,0,0,0,-310000,0,0,0,51000,361000,-310000,-310000
050276,百和元大94購03  ,0,0,0,0,0,0,0,0,0,-310000,0,0,0,22000,332000,-310000,-310000
054873,帆宣群益99購01  ,0,0,0,0,0,0,0,0,0,-311000,0,0,0,0,311000,-311000,-311000
051644,聯茂康和95購01  ,0,0,0,0,0,0,0,0,0,-311000,0,0,0,15000,326000,-311000,-311000
055246,美律統一98購01  ,0,0,0,0,0,0,0,0,0,-311000,0,0,0,0,311000,-311000,-311000
052336,矽力日盛95購01  ,0,10000,-10000,0,0,0,0,0,0,-302000,0,0,0,213000,515000,-302000,-312000
00762,元大全球AI      ,0,0,0,0,0,0,0,0,0,-313000,0,0,0,5000,318000,-313000,-313000
045640,嘉晶凱基93購01  ,0,0,0,0,0,0,0,0,0,-313000,0,0,0,5000,318000,-313000,-313000
051614,元金2X凱基97購01,0,0,0,0,0,0,0,0,0,-313000,0,0,0,183000,496000,-313000,-313000
051790,貿聯國票95購03  ,0,0,0,0,0,0,0,0,0,-313000,0,0,0,3000,316000,-313000,-313000
044605,超眾國泰93購02  ,0,0,0,0,0,0,0,0,0,-315000,0,0,0,20000,335000,-315000,-315000
052000,鈺齊元大95購03  ,0,0,0,0,0,0,0,0,0,-315000,0,0,0,300000,615000,-315000,-315000
052208,力成麥證95購01  ,0,0,0,10000,325000,-315000,0,0,0,-315000,0,0,0,10000,325000,-315000,-315000
052595,奇力新群益96購01,0,0,0,0,0,0,0,0,0,-315000,0,0,0,217000,532000,-315000,-315000
050491,旺宏國泰96購01  ,0,0,0,0,0,0,0,0,0,-315000,0,0,0,18000,333000,-315000,-315000
051160,亞德客元大95購02,0,0,0,0,0,0,0,0,0,-316000,0,0,0,122000,438000,-316000,-316000
055054,群光永豐97購01  ,0,0,0,0,0,0,0,0,0,-317000,0,0,0,1000,318000,-317000,-317000
054308,嘉晶凱基98購01  ,0,0,0,0,0,0,0,0,0,-317000,0,0,0,0,317000,-317000,-317000
046626,台光電統一94購01,0,0,0,0,0,0,0,0,0,-317000,0,0,0,10000,327000,-317000,-317000
052497,楠梓電永豐96購01,0,0,0,0,0,0,0,0,0,-317000,0,0,0,2000,319000,-317000,-317000
4915,致伸            ,162000,427000,-265000,0,0,0,0,7000,-7000,-45000,21000,0,21000,7000,73000,-66000,-317000
053538,京鼎永豐96購03  ,0,0,0,0,0,0,0,0,0,-318000,0,0,0,4000,322000,-318000,-318000
044269,群創中信95購01  ,0,0,0,0,0,0,0,0,0,-318000,0,0,0,485000,803000,-318000,-318000
052594,友訊群益98購01  ,0,0,0,0,0,0,0,0,0,-318000,0,0,0,10000,328000,-318000,-318000
2520,冠德            ,339056,289000,50056,0,0,0,0,0,0,-369000,1000,2000,-1000,2000,370000,-368000,-318944
04054P,滬深2X富邦96售02,0,0,0,0,0,0,0,0,0,-319000,0,0,0,0,319000,-319000,-319000
04395P,台積電群益94售06,0,0,0,0,0,0,0,0,0,-319000,0,0,0,0,319000,-319000,-319000
055416,欣興富邦98購01  ,0,0,0,0,0,0,0,0,0,-319000,0,0,0,0,319000,-319000,-319000
054961,玉晶光元大99購01,0,0,0,0,0,0,0,0,0,-320000,0,0,0,254000,574000,-320000,-320000
052312,美律富邦96購02  ,0,0,0,0,0,0,0,0,0,-320000,0,0,0,12000,332000,-320000,-320000
052030,GIS群益95購04   ,0,0,0,0,0,0,0,0,0,-320000,0,0,0,0,320000,-320000,-320000
9914,美利達          ,332000,560000,-228000,0,0,0,0,0,0,-92000,0,90000,-90000,0,2000,-2000,-320000
052197,台郡元富95購03  ,0,0,0,0,0,0,0,0,0,-321000,0,0,0,20000,341000,-321000,-321000
050943,楠梓電群益96購01,0,0,0,0,0,0,0,0,0,-321000,0,0,0,0,321000,-321000,-321000
045892,和鑫元大93購03  ,0,0,0,0,0,0,0,0,0,-322000,0,0,0,0,322000,-322000,-322000
046410,國泰金元大92購03,0,0,0,0,0,0,0,0,0,-322000,0,0,0,9000,331000,-322000,-322000
050397,力成元富94購01  ,0,0,0,0,0,0,0,0,0,-322000,0,0,0,8000,330000,-322000,-322000
052300,力成台新95購01  ,0,0,0,0,0,0,0,0,0,-322000,0,0,0,10000,332000,-322000,-322000
051944,智邦統一95購02  ,0,0,0,0,0,0,0,0,0,-322000,0,0,0,0,322000,-322000,-322000
055260,晶相光統一98購01,0,0,0,0,0,0,0,0,0,-322000,0,0,0,100000,422000,-322000,-322000
05661P,聯發科統一96售06,0,0,0,0,0,0,0,0,0,-322000,0,0,0,0,322000,-322000,-322000
06111P,上銀兆豐98售01  ,0,0,0,0,0,0,0,0,0,-322000,0,0,0,0,322000,-322000,-322000
06021P,世紀鋼元富96售03,0,0,0,0,0,0,0,0,0,-323000,0,0,0,26000,349000,-323000,-323000
047758,康舒元富93購01  ,0,0,0,0,0,0,0,0,0,-325000,0,0,0,353000,678000,-325000,-325000
049055,聯詠永豐94購01  ,0,0,0,0,0,0,0,0,0,-326000,0,0,0,359000,685000,-326000,-326000
051391,聯發科兆豐95購02,0,0,0,0,0,0,0,0,0,-326000,0,0,0,0,326000,-326000,-326000
050309,亞泥兆豐94購01  ,0,0,0,0,0,0,0,0,0,-326000,0,0,0,60000,386000,-326000,-326000
048502,百和元大93購01  ,0,0,0,0,0,0,0,0,0,-327000,0,0,0,51000,378000,-327000,-327000
051916,和碩元大95購02  ,0,0,0,0,0,0,0,0,0,-327000,0,0,0,285000,612000,-327000,-327000
055291,京鼎元大97購02  ,0,0,0,0,0,0,0,0,0,-327000,0,0,0,93000,420000,-327000,-327000
055394,健策統一97購01  ,0,0,0,0,0,0,0,0,0,-327000,0,0,0,0,327000,-327000,-327000
4906,正文            ,295000,546000,-251000,0,0,0,0,0,0,-76000,1000,32000,-31000,85000,130000,-45000,-327000
6669,緯穎            ,467480,651575,-184095,0,0,0,0,105000,-105000,-38000,21000,23000,-2000,6000,42000,-36000,-327095
2534,宏盛            ,98600,398000,-299400,0,0,0,0,0,0,-28000,0,0,0,0,28000,-28000,-327400
049427,瑞昱兆豐94購01  ,0,0,0,0,0,0,0,0,0,-328000,0,0,0,195000,523000,-328000,-328000
047297,康控元富93購01  ,0,0,0,0,0,0,0,0,0,-329000,0,0,0,0,329000,-329000,-329000
054186,高鐵永豐96購01  ,0,0,0,0,0,0,0,0,0,-331000,0,0,0,1000,332000,-331000,-331000
050531,訊芯元大95購02  ,0,0,0,0,0,0,0,0,0,-331000,0,0,0,259000,590000,-331000,-331000
050975,楠梓電統一95購01,0,0,0,0,0,0,0,0,0,-331000,0,0,0,320000,651000,-331000,-331000
053444,奇力新凱基96購03,0,0,0,0,0,0,0,0,0,-332000,0,0,0,528000,860000,-332000,-332000
052852,國巨元富96購02  ,0,0,0,0,0,0,0,0,0,-332000,0,0,0,267000,599000,-332000,-332000
04697P,臺股指元富94售03,0,0,0,0,0,0,0,0,0,-332000,0,0,0,0,332000,-332000,-332000
049770,康控元富95購01  ,0,0,0,0,0,0,0,0,0,-332000,0,0,0,10000,342000,-332000,-332000
054979,南港元富97購01  ,0,0,0,0,0,0,0,0,0,-334000,0,0,0,160000,494000,-334000,-334000
05247P,上銀群益95售01  ,0,0,0,0,0,0,0,0,0,-334000,0,0,0,0,334000,-334000,-334000
052369,矽力國票96購02  ,0,0,0,0,0,0,0,0,0,-334000,0,0,0,94000,428000,-334000,-334000
053103,瀚宇博元富96購01,0,0,0,0,0,0,0,0,0,-335000,0,0,0,0,335000,-335000,-335000
048305,深100凱基96購01 ,0,0,0,0,0,0,0,0,0,-335000,0,0,0,0,335000,-335000,-335000
052158,華泰永豐95購01  ,0,0,0,0,0,0,0,0,0,-335000,0,0,0,12000,347000,-335000,-335000
055395,泰鼎統一97購01  ,0,0,0,0,0,0,0,0,0,-335000,0,0,0,0,335000,-335000,-335000
054238,聯茂群益96購04  ,0,0,0,0,0,0,0,0,0,-336000,0,0,0,26000,362000,-336000,-336000
055074,台虹永豐97購01  ,0,0,0,0,0,0,0,0,0,-337000,0,0,0,16000,353000,-337000,-337000
053863,聯發科元大96購18,0,0,0,0,0,0,0,0,0,-337000,0,0,0,307000,644000,-337000,-337000
049806,臺企銀元大94購01,0,0,0,0,0,0,0,0,0,-337000,0,0,0,0,337000,-337000,-337000
051861,鴻海凱基98購01  ,0,0,0,0,0,0,0,0,0,-337000,0,0,0,1000,338000,-337000,-337000
051301,聯發科凱基95購08,0,0,0,0,0,0,0,0,0,-338000,0,0,0,26000,364000,-338000,-338000
051392,玉山金兆豐95購01,0,0,0,0,0,0,0,0,0,-339000,0,0,0,235000,574000,-339000,-339000
00830,國泰費城半導體  ,0,572000,-572000,0,0,0,0,0,0,232662,120000,0,120000,233000,120338,112662,-339338
052770,聯茂群益96購02  ,0,0,0,0,0,0,0,0,0,-340000,0,0,0,290000,630000,-340000,-340000
054874,帆宣群益99購02  ,0,0,0,0,0,0,0,0,0,-340000,0,0,0,0,340000,-340000,-340000
051836,華通國泰95購02  ,0,0,0,0,0,0,0,0,0,-340000,0,0,0,165000,505000,-340000,-340000
051822,和碩元富95購01  ,0,0,0,0,0,0,0,0,0,-340000,0,0,0,10000,350000,-340000,-340000
04905P,國巨國票94售04  ,0,0,0,0,0,0,0,0,0,-341000,0,0,0,81000,422000,-341000,-341000
047946,南亞科統一93購04,0,0,0,0,0,0,0,0,0,-341000,0,0,0,38000,379000,-341000,-341000
047444,晶技元大93購03  ,0,0,0,0,0,0,0,0,0,-341000,0,0,0,0,341000,-341000,-341000
050451,嘉晶元大95購01  ,0,0,0,0,0,0,0,0,0,-341000,0,0,0,362000,703000,-341000,-341000
054385,矽創群益98購01  ,0,0,0,0,0,0,0,0,0,-342000,0,0,0,723000,1065000,-342000,-342000
05447P,臺股指元大95售24,0,0,0,0,0,0,0,0,0,-343000,0,0,0,94000,437000,-343000,-343000
045872,元油2X元富98購03,30000,0,30000,0,0,0,0,0,0,-373000,0,0,0,20000,393000,-373000,-343000
045008,南亞科元大92購02,0,0,0,0,0,0,0,0,0,-343000,0,0,0,10000,353000,-343000,-343000
04875P,台積電中信94售04,0,0,0,0,0,0,0,0,0,-344000,0,0,0,0,344000,-344000,-344000
051049,亞德客群益95購01,0,0,0,0,0,0,0,0,0,-344000,0,0,0,690000,1034000,-344000,-344000
049651,訊芯凱基94購04  ,0,0,0,0,0,0,0,0,0,-345000,0,0,0,156000,501000,-345000,-345000
052346,訊芯凱基95購01  ,0,0,0,0,0,0,0,0,0,-345000,0,0,0,3000,348000,-345000,-345000
054863,億光群益97購01  ,0,0,0,0,0,0,0,0,0,-346000,0,0,0,0,346000,-346000,-346000
049240,華通元富94購01  ,0,0,0,0,0,0,0,0,0,-346000,0,0,0,219000,565000,-346000,-346000
051370,聯詠富邦97購01  ,0,0,0,0,0,0,0,0,0,-347000,0,0,0,89000,436000,-347000,-347000
053833,彩晶台新97購02  ,0,0,0,0,0,0,0,0,0,-348000,0,0,0,10000,358000,-348000,-348000
051431,群創元富99購02  ,0,0,0,0,0,0,0,0,0,-349000,0,0,0,713000,1062000,-349000,-349000
04592P,台積電元大94售10,0,0,0,0,0,0,0,0,0,-350000,0,0,0,20000,370000,-350000,-350000
046296,上銀元富92購01  ,0,0,0,0,0,0,0,0,0,-350000,0,0,0,0,350000,-350000,-350000
053344,嘉晶國票97購02  ,0,0,0,0,0,0,0,0,0,-352000,0,0,0,0,352000,-352000,-352000
054528,台光電統一96購02,0,0,0,0,0,0,0,0,0,-352000,0,0,0,0,352000,-352000,-352000
046146,南亞科第一92購01,0,0,0,0,0,0,0,0,0,-353000,0,0,0,0,353000,-353000,-353000
054459,鈺齊群益96購01  ,0,0,0,0,0,0,0,0,0,-354000,0,0,0,89000,443000,-354000,-354000
054329,華新科永豐96購02,0,0,0,0,0,0,0,0,0,-354000,0,0,0,177000,531000,-354000,-354000
053569,漢唐統一98購01  ,0,0,0,0,0,0,0,0,0,-354000,0,0,0,0,354000,-354000,-354000
054893,帆宣統一99購01  ,0,0,0,0,0,0,0,0,0,-355000,0,0,0,0,355000,-355000,-355000
05076P,深中小群益99售02,0,0,0,0,0,0,0,0,0,-355000,0,0,0,450000,805000,-355000,-355000
2354,鴻準            ,913224,1131000,-217776,0,0,0,0,100000,-100000,-38000,0,38000,-38000,0,0,0,-355776
049500,聯茂元大94購04  ,0,0,0,0,0,0,0,0,0,-356000,0,0,0,113000,469000,-356000,-356000
055336,茂林兆豐98購01  ,0,0,0,0,0,0,0,0,0,-356000,0,0,0,15000,371000,-356000,-356000
048753,智伸科元富94購01,0,0,0,0,0,0,0,0,0,-358000,0,0,0,375000,733000,-358000,-358000
052255,T50反1國泰96購01,0,0,0,0,0,0,0,0,0,-358000,0,0,0,158000,516000,-358000,-358000
049459,全新元富95購02  ,0,0,0,0,0,0,0,0,0,-360000,0,0,0,10000,370000,-360000,-360000
054089,台積電群益96購11,0,0,0,0,0,0,0,0,0,-361000,0,0,0,50000,411000,-361000,-361000
045183,台光電統一92購02,0,0,0,0,0,0,0,0,0,-362000,0,0,0,0,362000,-362000,-362000
046480,群創元富96購01  ,0,0,0,0,0,0,0,0,0,-362000,0,0,0,222000,584000,-362000,-362000
053148,華邦電元大96購01,0,0,0,0,0,0,0,0,0,-363000,0,0,0,157000,520000,-363000,-363000
048250,矽創兆豐93購02  ,0,0,0,0,0,0,0,0,0,-363000,0,0,0,0,363000,-363000,-363000
052629,訊芯中信99購01  ,0,0,0,0,0,0,0,0,0,-363000,0,0,0,873000,1236000,-363000,-363000
053519,力成群益96購02  ,0,0,0,0,0,0,0,0,0,-364000,0,0,0,17000,381000,-364000,-364000
051437,百和元富95購02  ,0,0,0,0,0,0,0,0,0,-364000,0,0,0,24000,388000,-364000,-364000
054673,京鼎國泰98購01  ,0,0,0,0,0,0,0,0,0,-365000,0,0,0,352000,717000,-365000,-365000
055003,群創元富99購05  ,0,0,0,0,0,0,0,0,0,-366000,0,0,0,168000,534000,-366000,-366000
053436,聯茂日盛96購01  ,0,0,0,0,0,0,0,0,0,-366000,0,0,0,190000,556000,-366000,-366000
046575,GIS國泰93購01   ,0,0,0,0,0,0,0,0,0,-366000,0,0,0,0,366000,-366000,-366000
053255,貿聯國泰97購01  ,0,0,0,0,0,0,0,0,0,-367000,0,0,0,198000,565000,-367000,-367000
052885,高鐵兆豐98購01  ,0,0,0,0,0,0,0,0,0,-367000,0,0,0,73000,440000,-367000,-367000
051430,瑞昱元富95購02  ,0,0,0,0,0,0,0,0,0,-367000,0,0,0,205000,572000,-367000,-367000
046241,聯發科中信94購02,0,0,0,0,0,0,0,0,0,-368000,0,0,0,100000,468000,-368000,-368000
050027,義隆元大94購03  ,0,0,0,0,0,0,0,0,0,-368000,0,0,0,1000,369000,-368000,-368000
053034,上海銀兆豐96購01,0,0,0,0,0,0,0,0,0,-370000,0,0,0,0,370000,-370000,-370000
054148,矽創元大96購03  ,0,0,0,0,0,0,0,0,0,-370000,0,0,0,24000,394000,-370000,-370000
3090,日電貿          ,251000,537000,-286000,0,0,0,0,0,0,-84000,0,48000,-48000,7000,43000,-36000,-370000
049869,訊芯兆豐94購01  ,0,0,0,0,0,0,0,0,0,-371000,0,0,0,95000,466000,-371000,-371000
04644P,全新凱基94售01  ,0,0,0,0,0,0,0,0,0,-372000,0,0,0,449000,821000,-372000,-372000
049701,聯茂元大94購05  ,0,0,0,0,0,0,0,0,0,-374000,0,0,0,158000,532000,-374000,-374000
048769,聯鈞凱基94購01  ,0,0,0,0,0,0,0,0,0,-375000,0,0,0,74000,449000,-375000,-375000
049234,可成統一94購02  ,0,0,0,0,0,0,0,0,0,-376000,0,0,0,0,376000,-376000,-376000
049033,大成鋼兆豐94購01,0,0,0,0,0,0,0,0,0,-377000,0,0,0,90000,467000,-377000,-377000
054641,祥碩中信98購01  ,0,0,0,0,0,0,0,0,0,-378000,0,0,0,109000,487000,-378000,-378000
053334,訊芯永豐96購01  ,0,0,0,0,0,0,0,0,0,-378000,0,0,0,372000,750000,-378000,-378000
053969,瑞昱元大97購01  ,0,5000,-5000,0,0,0,0,0,0,-373000,0,0,0,226000,599000,-373000,-378000
049209,GIS群益94購03   ,0,0,0,0,0,0,0,0,0,-378000,0,0,0,5000,383000,-378000,-378000
046516,TPK元大92購03   ,0,0,0,0,0,0,0,0,0,-378000,0,0,0,0,378000,-378000,-378000
047503,T50反1國票93購03,0,0,0,0,0,0,0,0,0,-378000,0,0,0,0,378000,-378000,-378000
049123,可成元富94購01  ,0,0,0,0,0,0,0,0,0,-378000,0,0,0,20000,398000,-378000,-378000
052941,康控兆豐97購01  ,0,0,0,0,0,0,0,0,0,-380000,0,0,0,21000,401000,-380000,-380000
049965,矽創元富94購01  ,0,0,0,0,0,0,0,0,0,-380000,0,0,0,15000,395000,-380000,-380000
2392,正崴            ,404000,319000,85000,0,0,0,0,434000,-434000,-31000,30000,2000,28000,6000,65000,-59000,-380000
054649,聯茂群益97購01  ,0,0,0,0,0,0,0,0,0,-381000,0,0,0,0,381000,-381000,-381000
052627,中壽中信98購01  ,0,0,0,0,0,0,0,0,0,-381000,0,0,0,198000,579000,-381000,-381000
052135,聯發科凱基9B購01,0,0,0,0,0,0,0,0,0,-381000,0,0,0,3000,384000,-381000,-381000
053043,嘉晶凱基96購01  ,0,0,0,0,0,0,0,0,0,-382000,0,0,0,0,382000,-382000,-382000
052622,貿聯兆豐97購01  ,0,0,0,0,0,0,0,0,0,-382000,0,0,0,25000,407000,-382000,-382000
04966P,台表科元大94售04,0,0,0,0,0,0,0,0,0,-385000,0,0,0,0,385000,-385000,-385000
051010,美律日盛95購01  ,0,0,0,0,0,0,0,0,0,-385000,0,0,0,128000,513000,-385000,-385000
053868,群創元大99購02  ,0,0,0,0,0,0,0,0,0,-386000,0,0,0,220000,606000,-386000,-386000
054709,宏達電統一97購01,0,0,0,0,0,0,0,0,0,-386000,0,0,0,0,386000,-386000,-386000
048368,燿華統一93購01  ,0,0,0,0,0,0,0,0,0,-387000,0,0,0,0,387000,-387000,-387000
046402,華泰元大92購03  ,0,0,0,0,0,0,0,0,0,-387000,0,0,0,0,387000,-387000,-387000
053114,聯茂兆豐97購01  ,0,0,0,0,0,0,0,0,0,-388000,0,0,0,139000,527000,-388000,-388000
048869,光罩國票94購01  ,0,0,0,0,0,0,0,0,0,-389000,0,0,0,110000,499000,-389000,-389000
052748,群創元大9A購02  ,0,0,0,0,0,0,0,0,0,-390000,0,0,0,384000,774000,-390000,-390000
054713,國巨中信9B購01  ,0,0,0,0,0,0,0,0,0,-390000,0,0,0,160000,550000,-390000,-390000
048073,南電元富93購02  ,0,0,0,0,0,0,0,0,0,-392000,0,0,0,250000,642000,-392000,-392000
052115,T50反1國票95購03,0,0,0,0,0,0,0,0,0,-392000,0,0,0,404000,796000,-392000,-392000
2547,日勝生          ,98000,490000,-392000,0,0,0,0,0,0,0,0,0,0,0,0,0,-392000
053132,國巨國票97購02  ,0,0,0,0,0,0,0,0,0,-393000,0,0,0,118000,511000,-393000,-393000
05002P,台積電統一95售03,0,0,0,0,0,0,0,0,0,-393000,0,0,0,183000,576000,-393000,-393000
046158,聯發科群益92購02,0,0,0,0,0,0,0,0,0,-394000,0,0,0,0,394000,-394000,-394000
050301,矽創凱基94購03  ,0,0,0,0,0,0,0,0,0,-394000,0,0,0,17000,411000,-394000,-394000
053070,訊芯群益96購01  ,0,0,0,0,0,0,0,0,0,-395000,0,0,0,276000,671000,-395000,-395000
04886P,臺股指凱基94售20,0,0,0,0,0,0,0,0,0,-395000,0,0,0,105000,500000,-395000,-395000
048736,台達電統一94購01,0,0,0,0,0,0,0,0,0,-395000,0,0,0,169000,564000,-395000,-395000
04858P,健策元富94售01  ,0,0,0,0,0,0,0,0,0,-395000,0,0,0,5000,400000,-395000,-395000
1736,喬山            ,168000,554000,-386000,0,0,0,0,0,0,-9000,0,0,0,10000,19000,-9000,-395000
044974,鴻海國票94購01  ,0,0,0,0,0,0,0,0,0,-396000,0,0,0,426000,822000,-396000,-396000
055208,京鼎康和97購02  ,0,0,0,0,0,0,0,0,0,-397000,0,0,0,0,397000,-397000,-397000
045905,志超元大92購01  ,0,0,0,0,0,0,0,0,0,-398000,0,0,0,0,398000,-398000,-398000
047696,聯發科國票94購02,0,0,0,0,0,0,0,0,0,-399000,0,0,0,30000,429000,-399000,-399000
055191,牧德元富97購01  ,0,0,0,0,0,0,0,0,0,-400000,0,0,0,10000,410000,-400000,-400000
03955P,華通統一93售04  ,0,0,0,0,0,0,0,0,0,-400000,0,0,0,0,400000,-400000,-400000
048627,T50反1元大96購02,0,0,0,0,0,0,0,0,0,-400000,0,0,0,0,400000,-400000,-400000
047446,TPK元大94購01   ,0,0,0,0,0,0,0,0,0,-400000,0,0,0,0,400000,-400000,-400000
051143,鴻海凱基95購11  ,0,0,0,0,0,0,0,0,0,-400000,0,0,0,200000,600000,-400000,-400000
051435,聯茂元富95購01  ,0,0,0,0,0,0,0,0,0,-400000,0,0,0,220000,620000,-400000,-400000
04773P,金融類元大94售01,0,0,0,0,0,0,0,0,0,-401000,0,0,0,0,401000,-401000,-401000
047673,瑞昱元富96購01  ,0,0,0,0,0,0,0,0,0,-401000,0,0,0,136000,537000,-401000,-401000
051768,臻鼎元大95購04  ,0,0,0,0,0,0,0,0,0,-401000,0,0,0,70000,471000,-401000,-401000
045139,台光電兆豐92購01,0,0,0,0,0,0,0,0,0,-402000,0,0,0,0,402000,-402000,-402000
054053,聯茂元大96購01  ,0,0,0,0,0,0,0,0,0,-403000,0,0,0,94000,497000,-403000,-403000
045280,儒鴻富邦94購01  ,0,0,0,0,0,0,0,0,0,-405000,0,0,0,5000,410000,-405000,-405000
05181P,健策凱基95售01  ,0,0,0,0,0,0,0,0,0,-405000,0,0,0,0,405000,-405000,-405000
06156P,大立光統一97售05,0,0,0,0,0,0,0,0,0,-405000,0,0,0,12000,417000,-405000,-405000
054972,聯茂元大97購02  ,0,0,0,0,0,0,0,0,0,-406000,0,0,0,102000,508000,-406000,-406000
054891,聯鈞統一99購02  ,0,0,0,0,0,0,0,0,0,-408000,0,0,0,0,408000,-408000,-408000
052855,群創日盛99購01  ,0,0,0,0,0,0,0,0,0,-408000,0,0,0,323000,731000,-408000,-408000
050100,台積電永昌96購02,0,0,0,0,0,0,0,0,0,-408000,0,0,0,0,408000,-408000,-408000
049153,大立光元大96購02,0,0,0,0,0,0,0,0,0,-409000,0,0,0,373000,782000,-409000,-409000
051195,台郡中信95購01  ,0,0,0,0,0,0,0,0,0,-409000,0,0,0,46000,455000,-409000,-409000
054984,華泰元富97購01  ,0,0,0,0,0,0,0,0,0,-410000,0,0,0,0,410000,-410000,-410000
052484,矽創群益95購02  ,0,0,0,0,0,0,0,0,0,-410000,0,0,0,50000,460000,-410000,-410000
053799,矽創中信9A購01  ,0,0,0,0,0,0,0,0,0,-411000,0,0,0,0,411000,-411000,-411000
051267,美律富邦96購01  ,0,0,0,0,0,0,0,0,0,-411000,0,0,0,0,411000,-411000,-411000
04670P,臺股指國票94售09,0,0,0,0,0,0,0,0,0,-412000,0,0,0,52000,464000,-412000,-412000
1326,台化            ,1212823,1679000,-466177,0,0,0,361000,47000,314000,-260000,3000,264000,-261000,1000,0,1000,-412177
046000,台光電統一92購06,0,0,0,0,0,0,0,0,0,-413000,0,0,0,0,413000,-413000,-413000
050117,麗豐元大96購02  ,0,0,0,0,0,0,0,0,0,-416000,0,0,0,149000,565000,-416000,-416000
048653,巨大元大96購02  ,0,0,0,0,0,0,0,0,0,-417000,0,0,0,25000,442000,-417000,-417000
050279,彩晶第一94購01  ,0,0,0,0,0,0,0,0,0,-417000,0,0,0,0,417000,-417000,-417000
051918,聯茂元大95購01  ,0,0,0,0,0,0,0,0,0,-418000,0,0,0,282000,700000,-418000,-418000
05657P,樺漢統一97售01  ,0,0,0,0,0,0,0,0,0,-418000,0,0,0,0,418000,-418000,-418000
052876,GIS凱基96購03   ,0,0,0,0,0,0,0,0,0,-419000,0,0,0,175000,594000,-419000,-419000
053074,嘉晶永豐96購02  ,0,0,0,0,0,0,0,0,0,-419000,0,0,0,19000,438000,-419000,-419000
043018,新光金元大93購01,0,0,0,0,0,0,0,0,0,-420000,0,0,0,0,420000,-420000,-420000
053676,新光金國泰98購02,0,0,0,0,0,0,0,0,0,-422000,0,0,0,14000,436000,-422000,-422000
00766L,台新MSCI中國正2 ,0,0,0,0,0,0,0,0,0,-422000,0,0,0,591000,1013000,-422000,-422000
054378,楠梓電群益98購01,0,0,0,0,0,0,0,0,0,-424000,0,0,0,0,424000,-424000,-424000
047495,新日興元富96購01,0,0,0,0,0,0,0,0,0,-425000,0,0,0,320000,745000,-425000,-425000
054960,新日興元大97購02,0,0,0,0,0,0,0,0,0,-427000,0,0,0,81000,508000,-427000,-427000
049114,玉晶光統一94購02,0,0,0,0,0,0,0,0,0,-428000,0,0,0,297000,725000,-428000,-428000
047408,嘉晶統一95購01  ,0,0,0,0,0,0,0,0,0,-428000,0,0,0,10000,438000,-428000,-428000
6271,同欣電          ,500000,955116,-455116,0,0,0,0,29000,-29000,55000,79000,2000,77000,5000,27000,-22000,-429116
049769,和鑫元富96購01  ,0,0,0,0,0,0,0,0,0,-430000,0,0,0,43000,473000,-430000,-430000
049778,宏達電統一94購02,0,0,0,0,0,0,0,0,0,-431000,0,0,0,0,431000,-431000,-431000
05035P,聯發科元大95售06,0,0,0,0,0,0,0,0,0,-432000,0,0,0,1138000,1570000,-432000,-432000
055004,群創元富99購06  ,0,0,0,0,0,0,0,0,0,-433000,0,0,0,140000,573000,-433000,-433000
054577,世芯元大98購01  ,0,0,0,0,0,0,0,0,0,-433000,0,0,0,547000,980000,-433000,-433000
04747P,臺股指元大94售22,0,0,0,0,0,0,0,0,0,-433000,0,0,0,99000,532000,-433000,-433000
046045,聯茂元大92購07  ,0,0,0,0,0,0,0,0,0,-437000,0,0,0,251000,688000,-437000,-437000
3532,台勝科          ,127000,463000,-336000,0,0,0,0,90000,-90000,-11000,1000,0,1000,6000,18000,-12000,-437000
04989P,國巨元大94售15  ,0,0,0,0,0,0,0,0,0,-439000,0,0,0,0,439000,-439000,-439000
048259,新日興統一93購01,0,0,0,0,0,0,0,0,0,-439000,0,0,0,188000,627000,-439000,-439000
053614,台積電群益96購08,0,0,0,0,0,0,0,0,0,-440000,0,0,0,174000,614000,-440000,-440000
044775,TPK元大93購01   ,0,0,0,0,0,0,0,0,0,-440000,0,0,0,10000,450000,-440000,-440000
051892,台光電元富95購03,0,0,0,0,0,0,0,0,0,-440000,0,0,0,0,440000,-440000,-440000
054374,信邦中信96購01  ,0,0,0,0,0,0,0,0,0,-441000,0,0,0,120000,561000,-441000,-441000
045163,瀚宇博國泰93購01,0,0,0,0,0,0,0,0,0,-441000,0,0,0,49000,490000,-441000,-441000
05858P,矽力中信96售01  ,0,0,0,0,0,0,0,0,0,-441000,0,0,0,180000,621000,-441000,-441000
051762,國泰金元大95購01,0,0,0,0,0,0,0,0,0,-442000,0,0,0,368000,810000,-442000,-442000
048126,TPK元大94購02   ,0,0,0,0,0,0,0,0,0,-444000,0,0,0,8000,452000,-444000,-444000
053196,康控元富96購01  ,0,0,0,0,0,0,0,0,0,-445000,0,0,0,0,445000,-445000,-445000
051339,智易永豐95購02  ,0,0,0,0,0,0,0,0,0,-445000,0,0,0,68000,513000,-445000,-445000
055130,京鼎康和97購01  ,0,0,0,0,0,0,0,0,0,-446000,0,0,0,0,446000,-446000,-446000
047783,聯茂國泰94購02  ,0,0,0,0,0,0,0,0,0,-446000,0,0,0,16000,462000,-446000,-446000
054441,力成台新96購01  ,0,0,0,0,0,0,0,0,0,-447000,0,0,0,0,447000,-447000,-447000
045817,滬深2X凱基95購02,0,0,0,0,0,0,0,0,0,-449000,0,0,0,14000,463000,-449000,-449000
05319P,上銀凱基95售02  ,0,0,0,0,0,0,0,0,0,-450000,0,0,0,0,450000,-450000,-450000
050253,百和國泰96購01  ,0,0,0,0,0,0,0,0,0,-450000,0,0,0,97000,547000,-450000,-450000
052106,明泰兆豐95購01  ,0,0,0,0,0,0,0,0,0,-450000,0,0,0,20000,470000,-450000,-450000
046011,欣興元富95購01  ,0,0,0,0,0,0,0,0,0,-451000,0,0,0,276000,727000,-451000,-451000
050662,智易元大96購01  ,0,0,0,0,0,0,0,0,0,-453000,0,0,0,127000,580000,-453000,-453000
052877,矽創凱基96購01  ,0,0,0,0,0,0,0,0,0,-454000,0,0,0,44000,498000,-454000,-454000
1605,華新            ,884000,1279000,-395000,0,0,0,0,0,0,-60000,0,0,0,0,60000,-60000,-455000
054933,南港元大97購01  ,0,0,0,0,0,0,0,0,0,-456000,0,0,0,83000,539000,-456000,-456000
050976,台光電統一95購01,0,0,0,0,0,0,0,0,0,-456000,0,0,0,4000,460000,-456000,-456000
052157,東元永豐95購01  ,0,0,0,0,0,0,0,0,0,-456000,0,0,0,0,456000,-456000,-456000
051056,華新科群益95購03,0,0,0,0,0,0,0,0,0,-457000,0,0,0,669000,1126000,-457000,-457000
053364,友達國泰98購01  ,0,0,0,0,0,0,0,0,0,-460000,0,0,0,10000,470000,-460000,-460000
055123,億光兆豐97購01  ,0,0,0,0,0,0,0,0,0,-464000,0,0,0,0,464000,-464000,-464000
054125,元油反元大96購09,0,0,0,0,0,0,0,0,0,-464000,0,0,0,35000,499000,-464000,-464000
9910,豐泰            ,596960,1036000,-439040,0,0,0,0,27200,-27200,0,5000,5000,0,0,0,0,-466240
04854P,鴻海國泰96售04  ,0,0,0,0,0,0,0,0,0,-468000,0,0,0,10000,478000,-468000,-468000
054642,訊芯中信9A購01  ,0,0,0,0,0,0,0,0,0,-469000,0,0,0,302000,771000,-469000,-469000
049438,嘉晶國泰96購01  ,0,0,0,0,0,0,0,0,0,-472000,0,0,0,36000,508000,-472000,-472000
044929,康控國泰93購01  ,0,0,0,0,0,0,0,0,0,-473000,0,0,0,20000,493000,-473000,-473000
047749,富邦金元富93購01,0,0,0,0,0,0,0,0,0,-473000,0,0,0,43000,516000,-473000,-473000
049009,南亞科麥證94購01,0,0,0,149000,623000,-474000,0,0,0,-474000,0,0,0,149000,623000,-474000,-474000
045414,康控群益94購02  ,0,0,0,0,0,0,0,0,0,-475000,0,0,0,10000,485000,-475000,-475000
054068,華通國泰96購02  ,0,0,0,0,0,0,0,0,0,-479000,0,0,0,73000,552000,-479000,-479000
052236,聯發科國票96購03,0,0,0,0,0,0,0,0,0,-479000,0,0,0,0,479000,-479000,-479000
054883,億光統一97購01  ,0,0,0,0,0,0,0,0,0,-481000,0,0,0,0,481000,-481000,-481000
055002,群創元富99購04  ,0,0,0,0,0,0,0,0,0,-482000,0,0,0,1301000,1783000,-482000,-482000
052711,滬深2X凱基97購01,0,0,0,0,0,0,0,0,0,-482000,0,0,0,1000,483000,-482000,-482000
049245,和鑫元富95購01  ,0,0,0,0,0,0,0,0,0,-482000,0,0,0,21000,503000,-482000,-482000
052165,訊芯永豐95購03  ,0,0,0,0,0,0,0,0,0,-482000,0,0,0,44000,526000,-482000,-482000
047983,宏達電群益93購04,0,0,0,0,0,0,0,0,0,-483000,0,0,0,220000,703000,-483000,-483000
052673,T50反1國泰97購01,0,0,0,0,0,0,0,0,0,-483000,0,0,0,50000,533000,-483000,-483000
051122,美食群益95購01  ,0,0,0,0,0,0,0,0,0,-484000,0,0,0,25000,509000,-484000,-484000
054888,泰碩統一97購01  ,0,0,0,0,0,0,0,0,0,-487000,0,0,0,0,487000,-487000,-487000
047418,智邦富邦97購01  ,0,0,0,0,0,0,0,0,0,-487000,0,0,0,70000,557000,-487000,-487000
051940,康舒群益95購01  ,0,0,0,0,0,0,0,0,0,-487000,0,0,0,17000,504000,-487000,-487000
055405,華泰國泰98購01  ,0,0,0,0,0,0,0,0,0,-490000,0,0,0,0,490000,-490000,-490000
052841,群創富邦96購02  ,0,0,0,0,0,0,0,0,0,-491000,0,0,0,232000,723000,-491000,-491000
046639,嘉晶永豐93購01  ,0,0,0,0,0,0,0,0,0,-491000,0,0,0,0,491000,-491000,-491000
049220,聯發科國票95購02,0,0,0,0,0,0,0,0,0,-492000,0,0,0,10000,502000,-492000,-492000
053453,新光金統一98購01,0,0,0,0,0,0,0,0,0,-493000,0,0,0,103000,596000,-493000,-493000
049044,和碩兆豐94購01  ,0,0,0,0,0,0,0,0,0,-494000,0,0,0,0,494000,-494000,-494000
049977,瑞昱凱基94購03  ,0,0,0,0,0,0,0,0,0,-494000,0,0,0,49000,543000,-494000,-494000
053455,台光電元富96購02,0,0,0,0,0,0,0,0,0,-495000,0,0,0,0,495000,-495000,-495000
054201,聯詠富邦97購02  ,0,0,0,0,0,0,0,0,0,-497000,0,0,0,10000,507000,-497000,-497000
053629,玉山金兆豐96購01,0,0,0,0,0,0,0,0,0,-498000,0,0,0,198000,696000,-498000,-498000
052043,瑞昱日盛95購01  ,0,0,0,0,0,0,0,0,0,-498000,0,0,0,136000,634000,-498000,-498000
054056,華新科國票96購02,0,0,0,0,0,0,0,0,0,-499000,0,0,0,0,499000,-499000,-499000
04166P,美利達元富93售03,0,0,0,0,0,0,0,0,0,-499000,0,0,0,0,499000,-499000,-499000
049698,TPK元大95購01   ,0,0,0,0,0,0,0,0,0,-499000,0,0,0,0,499000,-499000,-499000
048714,巨大康和94購01  ,0,0,0,0,0,0,0,0,0,-499000,0,0,0,0,499000,-499000,-499000
052428,嘉晶永豐95購01  ,0,0,0,0,0,0,0,0,0,-499000,0,0,0,0,499000,-499000,-499000
050372,全新元大96購03  ,0,0,0,0,0,0,0,0,0,-499000,0,0,0,89000,588000,-499000,-499000
050032,TPK元大94購03   ,0,0,0,0,0,0,0,0,0,-499000,0,0,0,0,499000,-499000,-499000
04051P,友達中信94售02  ,0,0,0,0,0,0,0,0,0,-501000,0,0,0,0,501000,-501000,-501000
05673P,台積電群益96售05,0,0,0,0,0,0,0,0,0,-501000,0,0,0,392000,893000,-501000,-501000
2382,廣達            ,2802207,3571000,-768793,0,0,0,362000,86000,276000,-12000,3000,10000,-7000,2000,7000,-5000,-504793
053841,美律統一96購01  ,0,0,0,0,0,0,0,0,0,-505000,0,0,0,0,505000,-505000,-505000
048062,南亞科統一93購05,0,0,0,0,0,0,0,0,0,-507000,0,0,0,56000,563000,-507000,-507000
048536,南電國票93購04  ,0,0,0,0,0,0,0,0,0,-507000,0,0,0,126000,633000,-507000,-507000
054316,矽創凱基97購01  ,0,0,0,0,0,0,0,0,0,-508000,0,0,0,215000,723000,-508000,-508000
053425,京鼎永豐96購01  ,0,0,0,0,0,0,0,0,0,-510000,0,0,0,0,510000,-510000,-510000
1301,台塑            ,1748092,2447000,-698908,0,0,0,0,35000,-35000,223000,251000,17000,234000,0,11000,-11000,-510908
047747,致茂元富93購01  ,0,0,0,0,0,0,0,0,0,-511000,0,0,0,0,511000,-511000,-511000
04457P,同欣電統一94售01,0,0,0,0,0,0,0,0,0,-513000,0,0,0,453000,966000,-513000,-513000
04755P,大立光元富94售07,0,0,0,0,0,0,0,0,0,-514000,0,0,0,0,514000,-514000,-514000
054226,燿華元富96購02  ,0,0,0,0,0,0,0,0,0,-516000,0,0,0,0,516000,-516000,-516000
054016,嘉晶永豐96購04  ,0,0,0,0,0,0,0,0,0,-517000,0,0,0,10000,527000,-517000,-517000
047534,聯茂元大93購05  ,0,0,0,0,0,0,0,0,0,-517000,0,0,0,100000,617000,-517000,-517000
046897,康舒群益93購01  ,0,0,0,0,0,0,0,0,0,-517000,0,0,0,14000,531000,-517000,-517000
048026,瑞昱凱基94購01  ,0,0,0,0,0,0,0,0,0,-517000,0,0,0,41000,558000,-517000,-517000
051494,中環兆豐95購01  ,0,0,0,0,0,0,0,0,0,-517000,0,0,0,0,517000,-517000,-517000
051033,台積電兆豐95購03,0,0,0,0,0,0,0,0,0,-518000,0,0,0,1303000,1821000,-518000,-518000
052900,大成鋼國票97購01,0,0,0,0,0,0,0,0,0,-523000,0,0,0,38000,561000,-523000,-523000
047842,聯茂元大93購06  ,0,0,0,0,0,0,0,0,0,-523000,0,0,0,100000,623000,-523000,-523000
055290,玉晶光元大98購08,0,0,0,0,0,0,0,0,0,-526000,0,0,0,60000,586000,-526000,-526000
054608,致茂永豐97購01  ,0,0,0,0,0,0,0,0,0,-527000,0,0,0,458000,985000,-527000,-527000
052227,瑞昱凱基95購05  ,0,0,0,0,0,0,0,0,0,-528000,0,0,0,40000,568000,-528000,-528000
049299,矽創群益94購01  ,0,0,0,0,0,0,0,0,0,-530000,0,0,0,2000,532000,-530000,-530000
054400,健策永豐96購02  ,0,0,0,0,0,0,0,0,0,-534000,0,0,0,353000,887000,-534000,-534000
054568,訊芯群益97購01  ,0,0,0,0,0,0,0,0,0,-534000,0,0,0,164000,698000,-534000,-534000
052655,群創統一97購01  ,0,0,0,0,0,0,0,0,0,-534000,0,0,0,1257000,1791000,-534000,-534000
046895,智伸科群益93購02,0,0,0,0,0,0,0,0,0,-537000,0,0,0,130000,667000,-537000,-537000
054618,訊芯永豐97購01  ,0,0,0,0,0,0,0,0,0,-539000,0,0,0,135000,674000,-539000,-539000
055187,彩晶統一98購01  ,0,0,0,0,0,0,0,0,0,-540000,0,0,0,54000,594000,-540000,-540000
1902,台紙            ,53000,596000,-543000,0,0,0,0,0,0,3000,3000,0,3000,0,0,0,-540000
052070,GIS兆豐95購03   ,0,0,0,0,0,0,0,0,0,-541000,0,0,0,0,541000,-541000,-541000
051558,元金2X國泰97購01,0,0,0,0,0,0,0,0,0,-543000,0,0,0,60000,603000,-543000,-543000
054833,京鼎中信97購01  ,0,0,0,0,0,0,0,0,0,-544000,0,0,0,30000,574000,-544000,-544000
053100,美律元富96購01  ,0,0,0,0,0,0,0,0,0,-544000,0,0,0,5000,549000,-544000,-544000
2704,國賓            ,99000,643000,-544000,0,0,0,0,0,0,0,0,0,0,0,0,0,-544000
055266,京鼎永豐97購01  ,0,0,0,0,0,0,0,0,0,-549000,0,0,0,0,549000,-549000,-549000
049587,美律元大95購01  ,0,0,0,0,0,0,0,0,0,-551000,0,0,0,382000,933000,-551000,-551000
2412,中華電          ,2839130,3801000,-961870,0,0,0,419000,0,419000,-10000,0,0,0,2000,12000,-10000,-552870
053938,彩晶元富96購01  ,0,0,0,0,0,0,0,0,0,-555000,0,0,0,175000,730000,-555000,-555000
05501P,健策國票97售01  ,0,0,0,0,0,0,0,0,0,-557000,0,0,0,58000,615000,-557000,-557000
053689,台光電元大96購01,0,0,0,0,0,0,0,0,0,-561000,0,0,0,72000,633000,-561000,-561000
053403,彩晶群益98購01  ,0,0,0,0,0,0,0,0,0,-565000,0,0,0,5000,570000,-565000,-565000
05352P,臺股指元富95售06,0,0,0,0,0,0,0,0,0,-565000,0,0,0,15000,580000,-565000,-565000
053325,GIS群益96購02   ,0,0,0,0,0,0,0,0,0,-567000,0,0,0,1000,568000,-567000,-567000
054913,億光凱基97購01  ,0,0,0,0,0,0,0,0,0,-567000,0,0,0,25000,592000,-567000,-567000
054359,南亞科日盛96購02,0,0,0,0,0,0,0,0,0,-567000,0,0,0,62000,629000,-567000,-567000
03638C,T50反1元大94牛03,0,0,0,0,0,0,0,0,0,-567000,0,0,0,0,567000,-567000,-567000
048632,大成鋼元大93購02,0,0,0,0,0,0,0,0,0,-568000,0,0,0,30000,598000,-568000,-568000
053717,聯發科凱基96購17,0,0,0,0,0,0,0,0,0,-569000,0,0,0,321000,890000,-569000,-569000
054395,華新科永豐96購03,0,0,0,0,0,0,0,0,0,-574000,0,0,0,40000,614000,-574000,-574000
051610,GIS群益95購02   ,0,0,0,0,0,0,0,0,0,-574000,0,0,0,10000,584000,-574000,-574000
054800,訊芯群益99購01  ,0,0,0,0,0,0,0,0,0,-575000,0,0,0,120000,695000,-575000,-575000
050142,聯發科元富9A購01,0,0,0,0,0,0,0,0,0,-577000,0,0,0,142000,719000,-577000,-577000
053594,京鼎元大96購02  ,0,0,0,0,0,0,0,0,0,-578000,0,0,0,123000,701000,-578000,-578000
044863,矽創兆豐93購01  ,0,0,0,0,0,0,0,0,0,-580000,0,0,0,10000,590000,-580000,-580000
054934,金寶元大97購01  ,0,0,0,0,0,0,0,0,0,-585000,0,0,0,57000,642000,-585000,-585000
053939,台表科元富96購03,0,0,0,0,0,0,0,0,0,-592000,0,0,0,10000,602000,-592000,-592000
046144,康控元富92購01  ,0,0,0,0,0,0,0,0,0,-592000,0,0,0,0,592000,-592000,-592000
050974,大成鋼統一95購01,0,0,0,0,0,0,0,0,0,-592000,0,0,0,82000,674000,-592000,-592000
052402,健策凱基97購01  ,0,0,0,0,0,0,0,0,0,-593000,0,0,0,0,593000,-593000,-593000
00676R,富邦臺灣加權反1 ,0,21000,-21000,0,0,0,0,0,0,-573000,0,0,0,13000,586000,-573000,-594000
05407P,超眾凱基95售04  ,0,0,0,0,0,0,0,0,0,-600000,0,0,0,0,600000,-600000,-600000
052281,全新凱基97購01  ,0,0,0,0,0,0,0,0,0,-600000,0,0,0,0,600000,-600000,-600000
047624,台達電國票93購01,0,0,0,0,0,0,0,0,0,-601000,0,0,0,39000,640000,-601000,-601000
051657,台郡元富98購01  ,0,0,0,0,0,0,0,0,0,-605000,0,0,0,60000,665000,-605000,-605000
055027,牧德國泰99購01  ,0,0,0,0,0,0,0,0,0,-608000,0,0,0,854000,1462000,-608000,-608000
055182,京鼎統一98購01  ,0,0,0,0,0,0,0,0,0,-608000,0,0,0,0,608000,-608000,-608000
050390,聯發科統一94購09,0,0,0,0,0,0,0,0,0,-611000,0,0,0,63000,674000,-611000,-611000
054503,京鼎永豐96購04  ,0,0,0,0,0,0,0,0,0,-614000,0,0,0,10000,624000,-614000,-614000
054426,國泰金富邦97購02,0,0,0,0,0,0,0,0,0,-615000,0,0,0,39000,654000,-615000,-615000
052986,聯發科元大97購05,0,0,0,0,0,0,0,0,0,-616000,0,0,0,435000,1051000,-616000,-616000
054341,燿華元富96購03  ,0,0,0,0,0,0,0,0,0,-617000,0,0,0,0,617000,-617000,-617000
2369,菱生            ,179000,803000,-624000,0,0,0,0,0,0,0,0,0,0,0,0,0,-624000
055163,訊芯元大98購01  ,0,0,0,0,0,0,0,0,0,-627000,0,0,0,909000,1536000,-627000,-627000
05103P,臺股指凱基96售10,0,0,0,0,0,0,0,0,0,-628000,0,0,0,347000,975000,-628000,-628000
055407,祥碩國泰98購01  ,0,0,0,0,0,0,0,0,0,-633000,0,0,0,32000,665000,-633000,-633000
054616,智伸科永豐97購01,0,0,0,0,0,0,0,0,0,-635000,0,0,0,21000,656000,-635000,-635000
052735,燿華富邦98購01  ,0,0,0,0,0,0,0,0,0,-635000,0,0,0,131000,766000,-635000,-635000
055263,華新科富邦9A購01,0,0,0,0,0,0,0,0,0,-635000,0,0,0,0,635000,-635000,-635000
053025,燿華富邦98購02  ,0,0,0,0,0,0,0,0,0,-639000,0,0,0,406000,1045000,-639000,-639000
08637P,台灣50中信96售03,0,0,0,0,0,0,0,0,0,-639000,0,0,0,0,639000,-639000,-639000
2845,遠東銀          ,461000,1105996,-644996,0,0,0,0,0,0,0,0,0,0,0,0,0,-644996
053845,和大元富96購01  ,0,0,0,0,0,0,0,0,0,-648000,0,0,0,109000,757000,-648000,-648000
050053,訊芯群益94購03  ,0,0,0,0,0,0,0,0,0,-649000,0,0,0,82000,731000,-649000,-649000
051835,百和元大95購03  ,0,0,0,0,0,0,0,0,0,-649000,0,0,0,121000,770000,-649000,-649000
053638,信邦永豐96購01  ,0,0,0,0,0,0,0,0,0,-653000,0,0,0,32000,685000,-653000,-653000
048149,泰鼎元富95購01  ,0,0,0,0,0,0,0,0,0,-653000,0,0,0,0,653000,-653000,-653000
054892,彩晶統一99購01  ,0,0,0,0,0,0,0,0,0,-655000,0,0,0,0,655000,-655000,-655000
054862,群光群益97購01  ,0,0,0,0,0,0,0,0,0,-655000,0,0,0,0,655000,-655000,-655000
054340,大成鋼元富96購01,0,0,0,0,0,0,0,0,0,-655000,0,0,0,132000,787000,-655000,-655000
050859,訊芯康和95購01  ,0,0,0,0,0,0,0,0,0,-656000,0,0,0,0,656000,-656000,-656000
051317,亞德客國票96購01,0,0,0,0,0,0,0,0,0,-656000,0,0,0,40000,696000,-656000,-656000
6505,台塑化          ,992133,1561224,-569091,0,0,0,0,95000,-95000,7000,7000,0,7000,0,0,0,-657091
046999,康控富邦99購01  ,0,0,0,0,0,0,0,0,0,-658000,0,0,0,127000,785000,-658000,-658000
055192,世芯元富97購01  ,0,0,0,0,0,0,0,0,0,-660000,0,0,0,120000,780000,-660000,-660000
050602,訊芯國泰96購01  ,0,0,0,0,0,0,0,0,0,-660000,0,0,0,614000,1274000,-660000,-660000
053847,美律元富96購02  ,0,0,0,0,0,0,0,0,0,-666000,0,0,0,219000,885000,-666000,-666000
042997,新光鋼元大94購01,0,0,0,0,0,0,0,0,0,-666000,0,0,0,244000,910000,-666000,-666000
049973,T50反1日盛9A購01,0,0,0,0,0,0,0,0,0,-668000,0,0,0,0,668000,-668000,-668000
046793,聯發科元富99購01,0,0,0,0,0,0,0,0,0,-669000,0,0,0,234000,903000,-669000,-669000
053013,台積電統一97購01,0,0,0,0,0,0,0,0,0,-670000,0,0,0,63000,733000,-670000,-670000
053917,友達國票97購03  ,0,0,0,0,0,0,0,0,0,-672000,0,0,0,583000,1255000,-672000,-672000
046816,智邦凱基93購02  ,0,0,0,0,0,0,0,0,0,-679000,0,0,0,0,679000,-679000,-679000
047759,復盛元富93購01  ,0,0,0,0,0,0,0,0,0,-688000,0,0,0,40000,728000,-688000,-688000
049112,可成統一94購01  ,0,0,0,0,0,0,0,0,0,-689000,0,0,0,132000,821000,-689000,-689000
053104,台表科元富96購02,0,0,0,0,0,0,0,0,0,-692000,0,0,0,0,692000,-692000,-692000
048273,南電富邦97購01  ,0,0,0,0,0,0,0,0,0,-698000,0,0,0,625000,1323000,-698000,-698000
050614,聯發科元大95購04,0,0,0,0,0,0,0,0,0,-705000,0,0,0,4000,709000,-705000,-705000
045311,GIS元大94購01   ,0,0,0,0,0,0,0,0,0,-706000,0,0,0,54000,760000,-706000,-706000
047470,聯發科中信94購03,0,0,0,0,0,0,0,0,0,-708000,0,0,0,56000,764000,-708000,-708000
047516,深中小第一93購01,0,0,0,0,0,0,0,0,0,-719000,0,0,0,0,719000,-719000,-719000
055375,京鼎元大97購03  ,0,0,0,0,0,0,0,0,0,-726000,0,0,0,6000,732000,-726000,-726000
051679,百和元大95購02  ,0,0,0,0,0,0,0,0,0,-727000,0,0,0,225000,952000,-727000,-727000
049197,信邦永豐94購01  ,0,0,0,0,0,0,0,0,0,-732000,0,0,0,0,732000,-732000,-732000
054838,京鼎第一97購01  ,0,0,0,0,0,0,0,0,0,-745000,0,0,0,2000,747000,-745000,-745000
053887,聯茂兆豐97購02  ,0,0,0,0,0,0,0,0,0,-746000,0,0,0,323000,1069000,-746000,-746000
9958,世紀鋼          ,224000,660000,-436000,0,0,0,0,328000,-328000,14000,62000,57000,5000,75000,66000,9000,-750000
054074,健策富邦98購01  ,0,0,0,0,0,0,0,0,0,-751000,0,0,0,132000,883000,-751000,-751000
04993P,上銀兆豐96售01  ,0,0,0,0,0,0,0,0,0,-752000,0,0,0,20000,772000,-752000,-752000
04588P,茂林永豐94售04  ,0,0,0,0,0,0,0,0,0,-753000,0,0,0,47000,800000,-753000,-753000
052177,京鼎元大95購02  ,0,0,0,0,0,0,0,0,0,-767000,0,0,0,583000,1350000,-767000,-767000
049212,T50反1國票94購04,0,0,0,0,0,0,0,0,0,-771000,0,0,0,353000,1124000,-771000,-771000
045078,玉山金元大92購01,0,0,0,0,0,0,0,0,0,-780000,0,0,0,77000,857000,-780000,-780000
04327P,台積電國泰95售01,0,0,0,0,0,0,0,0,0,-780000,0,0,0,0,780000,-780000,-780000
00717,富邦美國特別股  ,0,0,0,0,0,0,0,0,0,-780000,0,0,0,249000,1029000,-780000,-780000
052020,聯茂永豐95購02  ,0,0,0,0,0,0,0,0,0,-781000,0,0,0,98000,879000,-781000,-781000
050005,京鼎永豐94購01  ,0,0,0,0,0,0,0,0,0,-787000,0,0,0,25000,812000,-787000,-787000
047329,聯茂元大93購04  ,0,0,0,0,0,0,0,0,0,-790000,0,0,0,93000,883000,-790000,-790000
05515P,台積電群益96售03,0,0,0,0,0,0,0,0,0,-796000,0,0,0,491000,1287000,-796000,-796000
048278,聯發科永豐93購03,0,0,0,0,0,0,0,0,0,-797000,0,0,0,8000,805000,-797000,-797000
053324,康舒群益96購01  ,0,0,0,0,0,0,0,0,0,-800000,0,0,0,7000,807000,-800000,-800000
053899,矽創群益96購02  ,0,0,0,0,0,0,0,0,0,-809000,0,0,0,0,809000,-809000,-809000
050755,和大元富94購01  ,0,0,0,0,0,0,0,0,0,-809000,0,0,0,236000,1045000,-809000,-809000
049836,矽創凱基94購02  ,0,0,0,0,0,0,0,0,0,-810000,0,0,0,0,810000,-810000,-810000
053429,彩晶永豐96購01  ,0,0,0,0,0,0,0,0,0,-811000,0,0,0,39000,850000,-811000,-811000
05790P,臺股指永昌96售07,0,0,0,0,0,0,0,0,0,-818000,0,0,0,262000,1080000,-818000,-818000
00642U,元大S&P石油     ,1000,296000,-295000,0,0,0,0,0,0,-524000,80000,0,80000,257000,861000,-604000,-819000
051488,健策凱基96購04  ,0,0,0,0,0,0,0,0,0,-819000,0,0,0,1373000,2192000,-819000,-819000
042724,群創群益93購01  ,0,0,0,0,0,0,0,0,0,-820000,0,0,0,605000,1425000,-820000,-820000
053102,祥碩元富96購01  ,0,0,0,0,0,0,0,0,0,-823000,0,0,0,159000,982000,-823000,-823000
045896,正文元大92購03  ,0,0,0,0,0,0,0,0,0,-824000,0,0,0,10000,834000,-824000,-824000
1313,聯成            ,65000,889504,-824504,0,0,0,0,0,0,0,0,0,0,0,0,0,-824504
3231,緯創            ,4526033,3738000,788033,0,0,0,0,1612000,-1612000,-6000,82000,16000,66000,33000,105000,-72000,-829967
06097P,茂林永豐97售01  ,0,0,0,0,0,0,0,0,0,-830000,0,0,0,0,830000,-830000,-830000
2455,全新            ,94000,622000,-528000,0,0,0,0,273000,-273000,-47000,13000,60000,-47000,8000,8000,0,-848000
00664R,國泰臺灣加權反1 ,0,0,0,0,0,0,0,0,0,-851000,0,0,0,83000,934000,-851000,-851000
04512P,臺股指元大94售07,0,0,0,0,0,0,0,0,0,-855000,0,0,0,273000,1128000,-855000,-855000
4943,康控-KY         ,302000,519000,-217000,0,0,0,0,745435,-745435,104000,0,57000,-57000,177000,16000,161000,-858435
048742,瀚宇博統一94購01,0,0,0,0,0,0,0,0,0,-870000,0,0,0,0,870000,-870000,-870000
047361,致茂群益93購01  ,0,0,0,0,0,0,0,0,0,-875000,0,0,0,26000,901000,-875000,-875000
3042,晶技            ,585000,1458000,-873000,0,0,0,0,0,0,-11000,38000,2000,36000,11000,58000,-47000,-884000
052044,華通凱基97購01  ,0,0,0,0,0,0,0,0,0,-890000,0,0,0,2000,892000,-890000,-890000
054889,京鼎統一99購01  ,0,0,0,0,0,0,0,0,0,-891000,0,0,0,0,891000,-891000,-891000
00752,中信中國50      ,0,0,0,0,0,0,0,0,0,-900000,0,0,0,558000,1458000,-900000,-900000
2618,長榮航          ,2385000,3849000,-1464000,0,0,0,242000,0,242000,300000,459000,114000,345000,0,45000,-45000,-922000
047628,新光金國票95購02,0,0,0,0,0,0,0,0,0,-930000,0,0,0,20000,950000,-930000,-930000
052545,康控元富95購02  ,0,0,0,0,0,0,0,0,0,-937000,0,0,0,0,937000,-937000,-937000
042255,群創國票92購01  ,0,0,0,0,0,0,0,0,0,-944000,0,0,0,341000,1285000,-944000,-944000
044201,群創國票95購01  ,0,0,0,0,0,0,0,0,0,-958000,0,0,0,484000,1442000,-958000,-958000
04655P,臺股指凱基94售14,0,0,0,0,0,0,0,0,0,-965000,0,0,0,151000,1116000,-965000,-965000
045516,聯茂統一94購01  ,0,0,0,0,0,0,0,0,0,-971000,0,0,0,54000,1025000,-971000,-971000
053095,台光電統一98購01,0,0,0,0,0,0,0,0,0,-972000,0,0,0,0,972000,-972000,-972000
045936,富邦金群益94購01,0,0,0,0,0,0,0,0,0,-973000,0,0,0,25000,998000,-973000,-973000
053518,聯茂群益96購03  ,0,0,0,0,0,0,0,0,0,-974000,0,0,0,90000,1064000,-974000,-974000
3017,奇鋐            ,309000,1319000,-1010000,0,0,0,0,0,0,25000,1000,0,1000,35000,11000,24000,-985000
047197,美律統一94購01  ,0,0,0,0,0,0,0,0,0,-1007000,0,0,0,44000,1051000,-1007000,-1007000
2363,矽統            ,198000,1207000,-1009000,0,0,0,0,0,0,0,0,0,0,0,0,0,-1009000
049404,訊芯群益94購02  ,0,0,0,0,0,0,0,0,0,-1023000,0,0,0,238000,1261000,-1023000,-1023000
048381,T50反1國票94購03,0,0,0,0,0,0,0,0,0,-1024000,0,0,0,351000,1375000,-1024000,-1024000
055050,敬鵬永豐97購01  ,0,0,0,0,0,0,0,0,0,-1036000,0,0,0,0,1036000,-1036000,-1036000
04207P,臺股指元大93售47,0,0,0,0,0,0,0,0,0,-1049000,0,0,0,140000,1189000,-1049000,-1049000
048889,牧德元富94購03  ,0,0,0,0,0,0,0,0,0,-1069000,0,0,0,0,1069000,-1069000,-1069000
05170P,世芯元大95售01  ,0,0,0,0,0,0,0,0,0,-1098000,0,0,0,295000,1393000,-1098000,-1098000
047690,美律富邦97購01  ,0,0,0,0,0,0,0,0,0,-1111000,0,0,0,40000,1151000,-1111000,-1111000
046173,聯發科永豐92購01,0,0,0,0,0,0,0,0,0,-1126000,0,0,0,3384000,4510000,-1126000,-1126000
051500,聯茂群益95購01  ,0,0,0,0,0,0,0,0,0,-1134000,0,0,0,48000,1182000,-1134000,-1134000
3406,玉晶光          ,624000,1664000,-1040000,0,0,0,0,15000,-15000,-113000,68000,160000,-92000,8000,29000,-21000,-1168000
050363,臺指反元大98購04,0,0,0,0,0,0,0,0,0,-1180000,0,0,0,0,1180000,-1180000,-1180000
2313,華通            ,4211000,5992000,-1781000,0,0,0,193000,492000,-299000,887000,1209000,684000,525000,561000,199000,362000,-1193000
052680,T50反1元大96購04,0,0,0,0,0,0,0,0,0,-1204000,0,0,0,0,1204000,-1204000,-1204000
055012,茂林元富97購01  ,0,0,0,0,0,0,0,0,0,-1207000,0,0,0,287000,1494000,-1207000,-1207000
047421,聯茂富邦97購01  ,0,0,0,0,0,0,0,0,0,-1218000,0,0,0,258000,1476000,-1218000,-1218000
2492,華新科          ,3404775,4301000,-896225,0,0,0,10000,542000,-532000,188000,286000,170000,116000,153000,81000,72000,-1240225
05229P,台積電群益95售05,0,0,0,0,0,0,0,0,0,-1265000,0,0,0,81000,1346000,-1265000,-1265000
050884,聯茂國泰96購01  ,0,0,0,0,0,0,0,0,0,-1287000,0,0,0,145000,1432000,-1287000,-1287000
2454,聯發科          ,2934648,3526642,-591994,0,0,0,0,287000,-287000,-454000,65000,354000,-289000,68000,233000,-165000,-1332994
044081,鴻海國票92購01  ,0,0,0,0,0,0,0,0,0,-1353000,0,0,0,55000,1408000,-1353000,-1353000
048271,可成富邦95購02  ,0,0,0,0,0,0,0,0,0,-1365000,0,0,0,114000,1479000,-1365000,-1365000
2308,台達電          ,2358438,3761000,-1402562,0,0,0,0,3000,-3000,-35000,9000,27000,-18000,9000,26000,-17000,-1440562
051507,彩晶元富95購01  ,0,0,0,0,0,0,0,0,0,-1495000,0,0,0,25000,1520000,-1495000,-1495000
054640,健策中信9B購01  ,0,0,0,0,0,0,0,0,0,-1573000,0,0,0,91000,1664000,-1573000,-1573000
4904,遠傳            ,884066,2445000,-1560934,0,0,0,0,40000,-40000,-4000,9000,10000,-1000,0,3000,-3000,-1604934
051277,聯發科中信9A購01,0,0,0,0,0,0,0,0,0,-1650000,0,0,0,79000,1729000,-1650000,-1650000
040760,T50反1凱基95購01,0,0,0,0,0,0,0,0,0,-1674000,0,0,0,1490000,3164000,-1674000,-1674000
053655,全新凱基98購02  ,0,0,0,0,0,0,0,0,0,-1684000,0,0,0,68000,1752000,-1684000,-1684000
053032,國巨兆豐97購02  ,0,0,0,0,0,0,0,0,0,-1772000,0,0,0,44000,1816000,-1772000,-1772000
043040,永冠元富94購01  ,0,0,0,0,0,0,0,0,0,-1846000,0,0,0,247000,2093000,-1846000,-1846000
1795,美時            ,377000,1433000,-1056000,0,0,0,101000,688000,-587000,-231000,120000,351000,-231000,0,0,0,-1874000
1504,東元            ,2265000,4444000,-2179000,0,0,0,0,3000,-3000,6000,6000,0,6000,20000,20000,0,-2176000
055001,京鼎元富97購01  ,0,0,0,0,0,0,0,0,0,-2259000,0,0,0,79000,2338000,-2259000,-2259000
047586,聯發科永豐94購01,0,0,0,0,0,0,0,0,0,-2371000,0,0,0,653000,3024000,-2371000,-2371000
3545,敦泰            ,1045000,3549000,-2504000,0,0,0,0,0,0,-2000,2000,4000,-2000,0,0,0,-2506000
053572,彩晶統一96購01  ,0,0,0,0,0,0,0,0,0,-2683000,0,0,0,90000,2773000,-2683000,-2683000
1402,遠東新          ,1750353,4787000,-3036647,0,0,0,316000,0,316000,-84000,2000,89000,-87000,3000,0,3000,-2804647
5519,隆大            ,101000,3065000,-2964000,0,0,0,0,0,0,0,0,0,0,0,0,0,-2964000
052018,京鼎永豐95購02  ,0,0,0,0,0,0,0,0,0,-3065000,0,0,0,44000,3109000,-3065000,-3065000
050743,京鼎永豐94購02  ,0,0,0,0,0,0,0,0,0,-3918000,0,0,0,278000,4196000,-3918000,-3918000
2634,漢翔            ,739000,4738000,-3999000,0,0,0,0,0,0,-31000,220000,251000,-31000,0,0,0,-4030000
055417,健策富邦98購02  ,0,0,0,0,0,0,0,0,0,-5564000,0,0,0,0,5564000,-5564000,-5564000
03033P,微星國票03售01  ,0,0,0,0,0,0,0,0,0,-6606000,0,0,0,670000,7276000,-6606000,-6606000
2368,金像電          ,1817000,9484000,-7667000,0,0,0,223000,247000,-24000,1008000,2605000,1597000,1008000,0,0,0,-6683000
00632R,元大台灣50反1   ,1100000,747000,353000,0,0,0,0,0,0,-11721000,4050000,2800000,1250000,2346000,15317000,-12971000,-11368000
1314,中石化          ,6322000,19971250,-13649250,0,0,0,0,0,0,-238000,0,2000,-2000,37000,273000,-236000,-13887250
00701,國泰股利精選30  ,0,3723000,-3723000,0,0,0,0,0,0,-19656000,0,0,0,0,19656000,-19656000,-23379000
00672L,元大S&P原油正2  ,673000,0,673000,0,0,0,0,0,0,-34255000,20000,0,20000,741000,35016000,-34275000,-33582000
