證券代號,證券名稱,外陸資買進股數(不含外資自營商),外陸資賣出股數(不含外資自營商),外陸資買賣超股數(不含外資自營商),外資自營商買進股數,外資自營商賣出股數,外資自營商買賣超股數,投信買進股數,投信賣出股數,投信買賣超股數,自營商買賣超股數,自營商買進股數(自行買賣),自營商賣出股數(自行買賣),自營商買賣超股數(自行買賣),自營商買進股數(避險),自營商賣出股數(避險),自營商買賣超股數(避險),三大法人買賣超股數
00637L,元大滬深300正2  ,20798000,6719000,14079000,0,0,0,0,0,0,2379000,4451000,63000,4388000,17489000,19498000,-2009000,16458000
2885,元大金          ,20345030,10363377,9981653,0,0,0,4000,4000,0,133000,131000,856000,-725000,872000,14000,858000,10114653
00633L,富邦上証正2     ,7220000,336000,6884000,0,0,0,0,0,0,1491000,0,22000,-22000,3779000,2266000,1513000,8375000
00655L,國泰中國A50正2  ,2467000,75000,2392000,0,0,0,0,0,0,3333000,1296000,0,1296000,5021000,2984000,2037000,5725000
9958,世紀鋼          ,5553000,1196000,4357000,0,0,0,20000,0,20000,1347000,260000,35000,225000,1302000,180000,1122000,5724000
2887,台新金          ,13331000,6380130,6950870,0,0,0,4000,3000,1000,-1377000,1000,1083000,-1082000,0,295000,-295000,5574870
6176,瑞儀            ,5021900,1806000,3215900,0,0,0,1423000,0,1423000,722000,512000,113000,399000,373000,50000,323000,5360900
2892,第一金          ,16087000,10833240,5253760,0,0,0,379000,4000,375000,-985000,335000,1320000,-985000,0,0,0,4643760
2855,統一證          ,3381000,749000,2632000,0,0,0,1500000,1000,1499000,0,0,0,0,0,0,0,4131000
00876,元大未來關鍵科技,50000,49000,1000,0,0,0,0,0,0,3841000,0,0,0,4693000,852000,3841000,3842000
0050,元大台灣50      ,5303300,938000,4365300,0,0,0,0,339000,-339000,-410000,0,0,0,1310000,1720000,-410000,3616300
6251,定穎            ,3968000,917586,3050414,0,0,0,195000,0,195000,183000,205000,22000,183000,0,0,0,3428414
2603,長榮            ,6801000,4516537,2284463,0,0,0,0,1000,-1000,1122000,2044000,922000,1122000,0,0,0,3405463
2505,國揚            ,3911000,702000,3209000,0,0,0,0,0,0,136000,0,0,0,545000,409000,136000,3345000
3231,緯創            ,9261000,5929305,3331695,0,0,0,283000,0,283000,-428000,28000,329000,-301000,37000,164000,-127000,3186695
0056,元大高股息      ,317000,1000000,-683000,0,0,0,0,60000,-60000,3834000,3000,0,3000,3831000,0,3831000,3091000
5880,合庫金          ,8847000,4513209,4333791,0,0,0,13000,4000,9000,-1352000,1000,1333000,-1332000,0,20000,-20000,2990791
2882,國泰金          ,7083530,3153704,3929826,0,0,0,187000,4000,183000,-1268000,80000,1336000,-1256000,68000,80000,-12000,2844826
08716P,台積電兆豐01售02,0,0,0,0,0,0,0,0,0,2744000,0,0,0,2754000,10000,2744000,2744000
6005,群益證          ,5349000,2730107,2618893,0,0,0,0,1000,-1000,0,0,0,0,0,0,0,2617893
9904,寶成            ,12121000,4804291,7316709,0,0,0,0,1000,-1000,-4800000,36000,959000,-923000,79000,3956000,-3877000,2515709
1309,台達化          ,3640000,931000,2709000,0,0,0,0,0,0,-281000,89000,370000,-281000,0,0,0,2428000
2382,廣達            ,7335000,4658000,2677000,0,0,0,153000,6000,147000,-422000,251000,640000,-389000,25000,58000,-33000,2402000
2201,裕隆            ,2776000,727000,2049000,0,0,0,0,0,0,287000,0,280000,-280000,637000,70000,567000,2336000
3711,日月光投控      ,6706000,4744313,1961687,0,0,0,124000,55000,69000,141000,669000,846000,-177000,386000,68000,318000,2171687
00664R,國泰臺灣加權反1 ,80000,101000,-21000,0,0,0,0,0,0,2083000,0,0,0,2998000,915000,2083000,2062000
07032P,聯發科統一9C售02,0,0,0,0,0,0,0,0,0,2045000,0,0,0,2553000,508000,2045000,2045000
07597P,臺股指中信01售02,0,0,0,0,0,0,0,0,0,2035000,0,0,0,4729000,2694000,2035000,2035000
08897P,國巨群益01售10  ,0,0,0,0,0,0,0,0,0,1947000,0,0,0,2179000,232000,1947000,1947000
08750P,台灣50群益01售04,0,0,0,0,0,0,0,0,0,1929000,0,0,0,2105000,176000,1929000,1929000
08831P,台積電群益01售11,0,0,0,0,0,0,0,0,0,1928000,0,0,0,1928000,0,1928000,1928000
2387,精元            ,2012000,1967000,45000,0,0,0,1195000,0,1195000,622000,199000,23000,176000,507000,61000,446000,1862000
064996,T50反1國票01購03,0,0,0,0,0,0,0,0,0,1842000,0,0,0,1970000,128000,1842000,1842000
00861,元大全球未來通訊,109000,64000,45000,0,0,0,0,0,0,1739000,0,0,0,1764000,25000,1739000,1784000
2823,中壽            ,5114000,2758180,2355820,0,0,0,1000,1000,0,-594000,51000,680000,-629000,299000,264000,35000,1761820
2515,中工            ,1817000,415000,1402000,0,0,0,0,0,0,346000,42000,42000,0,387000,41000,346000,1748000
00669R,國泰美國道瓊反1 ,26000,25000,1000,0,0,0,0,0,0,1742000,0,0,0,2629000,887000,1742000,1743000
03086P,台積電元大01售37,0,0,0,0,0,0,0,0,0,1674000,0,0,0,3468000,1794000,1674000,1674000
08794P,台積電兆豐01售03,0,0,0,0,0,0,0,0,0,1612000,0,0,0,1622000,10000,1612000,1612000
068057,惠特統一02購02  ,0,0,0,0,0,0,0,0,0,1565000,0,0,0,1569000,4000,1565000,1565000
064257,台勝科國泰01購01,0,0,0,0,0,0,0,0,0,1563000,0,0,0,1587000,24000,1563000,1563000
2481,強茂            ,1775000,221000,1554000,0,0,0,0,0,0,-1000,87000,66000,21000,26000,48000,-22000,1553000
067831,聯電統一03購01  ,0,0,0,0,0,0,0,0,0,1535000,0,0,0,1925000,390000,1535000,1535000
1590,亞德客-KY       ,3644209,2221200,1423009,0,0,0,3000,25000,-22000,106000,115000,54000,61000,81000,36000,45000,1507009
08571P,台積電兆豐9C售06,0,0,0,0,0,0,0,0,0,1506000,0,0,0,2036000,530000,1506000,1506000
3673,TPK-KY          ,1591000,220000,1371000,0,0,0,0,0,0,129000,173000,241000,-68000,228000,31000,197000,1500000
3034,聯詠            ,2440800,1105648,1335152,0,0,0,224000,10000,214000,-71000,53000,100000,-47000,15000,39000,-24000,1478152
08858P,台積電國票01售05,0,0,0,0,0,0,0,0,0,1455000,0,0,0,2805000,1350000,1455000,1455000
1440,南紡            ,1890000,604051,1285949,0,0,0,0,0,0,155000,0,0,0,155000,0,155000,1440949
061357,寶成元大9A購01  ,0,0,0,0,0,0,0,0,0,1422000,0,0,0,1466000,44000,1422000,1422000
064579,大立光富邦03購02,0,0,0,0,0,0,0,0,0,1387000,0,0,0,1440000,53000,1387000,1387000
2881,富邦金          ,6288000,4161454,2126546,0,0,0,182000,3000,179000,-923000,82000,1047000,-965000,108000,66000,42000,1382546
2520,冠德            ,2841000,1140000,1701000,0,0,0,0,0,0,-326000,221000,492000,-271000,99000,154000,-55000,1375000
063624,GIS兆豐9B購01   ,0,0,0,0,0,0,0,0,0,1350000,0,0,0,1461000,111000,1350000,1350000
2345,智邦            ,2533650,1325011,1208639,0,0,0,0,20000,-20000,91000,31000,70000,-39000,137000,7000,130000,1279639
064553,臺指反群益9C購01,0,0,0,0,0,0,0,0,0,1270000,0,0,0,1380000,110000,1270000,1270000
6153,嘉聯益          ,1917000,834000,1083000,0,0,0,0,0,0,181000,75000,4000,71000,272000,162000,110000,1264000
03049P,台積電元富07售11,0,0,0,0,0,0,0,0,0,1259000,0,0,0,4892000,3633000,1259000,1259000
08883P,台積電國票02售02,0,0,0,0,0,0,0,0,0,1250000,0,0,0,2837000,1587000,1250000,1250000
2504,國產            ,4427000,3719000,708000,0,0,0,0,0,0,537000,0,191000,-191000,728000,0,728000,1245000
3702,大聯大          ,3038000,3536500,-498500,0,0,0,290000,6000,284000,1442000,26000,87000,-61000,1600000,97000,1503000,1227500
2208,台船            ,1200000,253000,947000,0,0,0,0,0,0,274000,0,0,0,274000,0,274000,1221000
07777P,創意元大9A售03  ,0,0,0,0,0,0,0,0,0,1215000,0,0,0,1250000,35000,1215000,1215000
6202,盛群            ,1746000,526000,1220000,0,0,0,0,0,0,-12000,0,32000,-32000,22000,2000,20000,1208000
4960,誠美材          ,1404000,237000,1167000,0,0,0,0,0,0,-5000,0,5000,-5000,0,0,0,1162000
8150,南茂            ,1974000,682000,1292000,0,0,0,0,0,0,-134000,16000,134000,-118000,42000,58000,-16000,1158000
066052,景碩元大02購01  ,20000,0,20000,0,0,0,0,0,0,1120000,0,0,0,1304000,184000,1120000,1140000
2614,東森            ,1375000,433000,942000,0,0,0,0,0,0,198000,0,20000,-20000,218000,0,218000,1140000
08388P,台灣50中信03售09,0,0,0,0,0,0,0,0,0,1134000,0,0,0,1830000,696000,1134000,1134000
066232,聯強富邦03購01  ,0,0,0,0,0,0,0,0,0,1117000,0,0,0,1120000,3000,1117000,1117000
03095P,國巨凱基02售07  ,0,0,0,0,0,0,0,0,0,1116000,0,0,0,1143000,27000,1116000,1116000
08247P,台積電群益9C售06,0,0,0,0,0,0,0,0,0,1110000,0,0,0,1110000,0,1110000,1110000
3698,隆達            ,4715000,4820000,-105000,0,0,0,0,0,0,1213000,1293000,95000,1198000,15000,0,15000,1108000
2417,圓剛            ,2984000,1847218,1136782,0,0,0,0,0,0,-32000,0,32000,-32000,0,0,0,1104782
3059,華晶科          ,1205000,93000,1112000,0,0,0,0,0,0,-10000,0,10000,-10000,0,0,0,1102000
065010,國巨國泰01購04  ,0,0,0,0,0,0,0,0,0,1097000,0,0,0,1401000,304000,1097000,1097000
1477,聚陽            ,1574000,408000,1166000,0,0,0,0,1000,-1000,-71000,30000,153000,-123000,59000,7000,52000,1094000
067806,宏碁凱基02購01  ,0,0,0,0,0,0,0,0,0,1092000,0,0,0,2051000,959000,1092000,1092000
062353,亞德客元大9B購01,0,0,0,0,0,0,0,0,0,1065000,0,0,0,1182000,117000,1065000,1065000
065457,旭富元富03購01  ,0,0,0,0,0,0,0,0,0,1054000,0,0,0,1070000,16000,1054000,1054000
06716P,台積電元大9A售02,0,0,0,0,0,0,0,0,0,1046000,0,0,0,1209000,163000,1046000,1046000
00635U,元大S&P黃金     ,1000,23000,-22000,0,0,0,0,0,0,1050000,0,0,0,1432000,382000,1050000,1028000
063675,亞德客國泰01購01,0,0,0,0,0,0,0,0,0,1016000,0,0,0,2268000,1252000,1016000,1016000
08068P,宏達電國泰9C售01,0,0,0,0,0,0,0,0,0,1001000,0,0,0,1550000,549000,1001000,1001000
08190P,宏達電元富9B售04,0,0,0,0,0,0,0,0,0,986000,0,0,0,993000,7000,986000,986000
08861P,台積電統一01售10,0,0,0,0,0,0,0,0,0,975000,0,0,0,2155000,1180000,975000,975000
3708,上緯投控        ,1139000,451000,688000,0,0,0,60000,0,60000,224000,82000,6000,76000,150000,2000,148000,972000
5521,工信            ,1283000,320000,963000,0,0,0,0,0,0,0,0,0,0,0,0,0,963000
062388,旭富國泰01購01  ,0,0,0,0,0,0,0,0,0,945000,0,0,0,1438000,493000,945000,945000
08272P,鴻海元富9C售02  ,0,0,0,0,0,0,0,0,0,932000,0,0,0,958000,26000,932000,932000
3056,總太            ,1178000,305000,873000,0,0,0,0,0,0,44000,6000,63000,-57000,101000,0,101000,917000
066064,T50反1凱基03購03,0,0,0,0,0,0,0,0,0,912000,0,0,0,912000,0,912000,912000
065582,景碩國泰01購01  ,0,0,0,0,0,0,0,0,0,906000,0,0,0,1096000,190000,906000,906000
4906,正文            ,1022000,241000,781000,0,0,0,0,0,0,120000,1000,107000,-106000,245000,19000,226000,901000
054471,T50反1中信9C購01,0,0,0,0,0,0,0,0,0,900000,0,0,0,1126000,226000,900000,900000
08567P,台勝科群益9C售01,0,0,0,0,0,0,0,0,0,899000,0,0,0,899000,0,899000,899000
00692,富邦公司治理    ,49000,40000,9000,0,0,0,0,0,0,890000,0,0,0,2479000,1589000,890000,899000
064732,GIS統一01購03   ,0,0,0,0,0,0,0,0,0,891000,0,0,0,1150000,259000,891000,891000
1229,聯華            ,1382000,334000,1048000,0,0,0,0,1000,-1000,-170000,0,187000,-187000,17000,0,17000,877000
1909,榮成            ,1293000,480000,813000,0,0,0,180000,0,180000,-119000,0,119000,-119000,0,0,0,874000
1526,日馳            ,1117000,256000,861000,0,0,0,0,0,0,0,0,0,0,0,0,0,861000
1589,永冠-KY         ,2371000,2351000,20000,0,0,0,757000,0,757000,79000,79000,0,79000,0,0,0,856000
066931,友達國票02購01  ,0,0,0,0,0,0,0,0,0,848000,0,0,0,848000,0,848000,848000
1609,大亞            ,1136000,159000,977000,0,0,0,0,0,0,-131000,0,131000,-131000,0,0,0,846000
1736,喬山            ,1111000,353000,758000,0,0,0,0,0,0,76000,0,14000,-14000,98000,8000,90000,834000
1476,儒鴻            ,1034000,341689,692311,0,0,0,97000,1000,96000,42000,53000,70000,-17000,70000,11000,59000,830311
4414,如興            ,2116000,1291000,825000,0,0,0,0,0,0,0,0,0,0,0,0,0,825000
08709P,台積電台新01售02,0,0,0,0,0,0,0,0,0,816000,0,0,0,1623000,807000,816000,816000
065507,亞德客群益01購02,0,0,0,0,0,0,0,0,0,812000,0,0,0,1009000,197000,812000,812000
2401,凌陽            ,1268000,357000,911000,0,0,0,0,0,0,-99000,16000,115000,-99000,0,0,0,812000
06658P,台灣50富邦9C售01,0,0,0,0,0,0,0,0,0,805000,0,0,0,960000,155000,805000,805000
061684,T50反1群益9A購06,0,0,0,0,0,0,0,0,0,801000,0,0,0,801000,0,801000,801000
08952P,台積電元富07售08,0,0,0,0,0,0,0,0,0,794000,0,0,0,2361000,1567000,794000,794000
067130,泰豐永豐01購02  ,0,0,0,0,0,0,0,0,0,788000,0,0,0,799000,11000,788000,788000
053856,台積電富邦98購01,0,0,0,0,0,0,0,0,0,780000,0,0,0,1169000,389000,780000,780000
060284,南港元大01購01  ,0,0,0,0,0,0,0,0,0,774000,0,0,0,973000,199000,774000,774000
068394,GIS統一03購02   ,0,0,0,0,0,0,0,0,0,769000,0,0,0,899000,130000,769000,769000
066286,瑞祺元大01購01  ,0,0,0,0,0,0,0,0,0,761000,0,0,0,855000,94000,761000,761000
060404,台勝科國泰9B購01,0,0,0,0,0,0,0,0,0,758000,0,0,0,763000,5000,758000,758000
08729P,創意永豐01售01  ,0,0,0,0,0,0,0,0,0,755000,0,0,0,875000,120000,755000,755000
006205,富邦上証        ,380000,17000,363000,0,0,0,0,0,0,388000,0,0,0,1518000,1130000,388000,751000
065958,T50反1元大01購01,0,0,0,0,0,0,0,0,0,750000,0,0,0,950000,200000,750000,750000
2867,三商壽          ,1706000,595000,1111000,0,0,0,0,1000,-1000,-361000,0,361000,-361000,0,0,0,749000
063049,上海銀兆豐9B購01,0,0,0,0,0,0,0,0,0,745000,0,0,0,836000,91000,745000,745000
4919,新唐            ,870000,198000,672000,0,0,0,0,1000,-1000,71000,0,56000,-56000,131000,4000,127000,742000
058878,旭富國泰9B購01  ,0,0,0,0,0,0,0,0,0,736000,0,0,0,939000,203000,736000,736000
062597,世紀鋼統一01購01,0,0,0,0,0,0,0,0,0,736000,0,0,0,1168000,432000,736000,736000
00639,富邦深100       ,278000,46000,232000,0,0,0,0,0,0,501000,0,0,0,1527000,1026000,501000,733000
08926P,台積電元富07售06,0,0,0,0,0,0,0,0,0,725000,0,0,0,3279000,2554000,725000,725000
08726P,台積電群益01售07,0,0,0,0,0,0,0,0,0,723000,0,0,0,723000,0,723000,723000
03432B,臺股指凱基98熊13,0,0,0,0,0,0,0,0,0,718000,0,0,0,1540000,822000,718000,718000
08920P,臺股指凱基03售07,0,0,0,0,0,0,0,0,0,717000,0,0,0,864000,147000,717000,717000
00662,富邦NASDAQ      ,0,0,0,0,0,0,0,0,0,715000,0,0,0,731000,16000,715000,715000
5264,鎧勝-KY         ,2538000,1553000,985000,0,0,0,0,200000,-200000,-71000,0,53000,-53000,8000,26000,-18000,714000
064703,T50反1國泰01購01,0,0,0,0,0,0,0,0,0,711000,0,0,0,815000,104000,711000,711000
08669P,聯發科群益02售02,0,0,0,0,0,0,0,0,0,710000,0,0,0,715000,5000,710000,710000
067673,義隆元大01購06  ,0,0,0,0,0,0,0,0,0,710000,0,0,0,788000,78000,710000,710000
06597P,國巨富邦9A售05  ,0,0,0,0,0,0,0,0,0,709000,0,0,0,809000,100000,709000,709000
064926,臻鼎統一02購01  ,0,0,0,0,0,0,0,0,0,704000,0,0,0,1133000,429000,704000,704000
065073,亞德客元大01購02,0,0,0,0,0,0,0,0,0,704000,0,0,0,740000,36000,704000,704000
068393,GIS統一03購01   ,0,0,0,0,0,0,0,0,0,703000,0,0,0,919000,216000,703000,703000
063817,GIS群益9C購01   ,0,0,0,0,0,0,0,0,0,701000,0,0,0,1054000,353000,701000,701000
03050P,台積電統一01售12,3000,0,3000,0,0,0,0,0,0,696000,0,0,0,1026000,330000,696000,699000
064963,T50反1元大9C購09,0,0,0,0,0,0,0,0,0,698000,0,0,0,849000,151000,698000,698000
08689P,高股息中信01售01,0,0,0,0,0,0,0,0,0,697000,0,0,0,700000,3000,697000,697000
5871,中租-KY         ,2182040,1460800,721240,0,0,0,1000,0,1000,-31000,50000,139000,-89000,58000,0,58000,691240
08261P,玉晶光元大9C售08,10000,0,10000,0,0,0,0,0,0,681000,0,0,0,691000,10000,681000,691000
1718,中纖            ,1304000,245000,1059000,0,0,0,0,0,0,-368000,0,46000,-46000,0,322000,-322000,691000
068119,健鼎元富07購01  ,0,0,0,0,0,0,0,0,0,683000,0,0,0,1815000,1132000,683000,683000
064920,景碩統一01購02  ,0,0,0,0,0,0,0,0,0,679000,0,0,0,696000,17000,679000,679000
4961,天鈺            ,855000,178000,677000,0,0,0,0,0,0,0,0,0,0,0,0,0,677000
08899P,台積電群益01售16,0,0,0,0,0,0,0,0,0,676000,0,0,0,1149000,473000,676000,676000
3047,訊舟            ,841000,168000,673000,0,0,0,0,0,0,0,0,0,0,0,0,0,673000
062017,京鼎永豐9B購01  ,0,0,0,0,0,0,0,0,0,670000,0,0,0,726000,56000,670000,670000
07830P,牧德凱基9A售03  ,0,0,0,0,0,0,0,0,0,669000,0,0,0,669000,0,669000,669000
07133P,臺股指元大9A售27,0,0,0,0,0,0,0,0,0,666000,0,0,0,704000,38000,666000,666000
08112P,臺股指中信01售07,0,0,0,0,0,0,0,0,0,665000,0,0,0,1111000,446000,665000,665000
08892P,台積電元大01售27,0,0,0,0,0,0,0,0,0,661000,0,0,0,3460000,2799000,661000,661000
057646,玉山金元大98購01,0,0,0,0,0,0,0,0,0,656000,0,0,0,656000,0,656000,656000
067947,京鼎國泰03購01  ,0,0,0,0,0,0,0,0,0,647000,0,0,0,816000,169000,647000,647000
00708L,元大S&P黃金正2  ,59000,96000,-37000,0,0,0,0,0,0,681000,0,0,0,2381000,1700000,681000,644000
068329,義隆元大01購07  ,0,0,0,0,0,0,0,0,0,643000,0,0,0,715000,72000,643000,643000
08536P,台積電國票9C售08,0,0,0,0,0,0,0,0,0,638000,0,0,0,2567000,1929000,638000,638000
064839,旭富統一9C購01  ,0,0,0,0,0,0,0,0,0,637000,0,0,0,637000,0,637000,637000
00717,富邦美國特別股  ,270000,0,270000,0,0,0,0,0,0,366000,0,0,0,727000,361000,366000,636000
08379P,台積電國泰02售02,0,0,0,0,0,0,0,0,0,635000,0,0,0,894000,259000,635000,635000
065336,華新統一02購01  ,0,0,0,0,0,0,0,0,0,633000,0,0,0,676000,43000,633000,633000
00850,元大臺灣ESG永續 ,196,0,196,0,0,0,0,0,0,632000,0,0,0,1276000,644000,632000,632196
068142,鴻海元大02購02  ,0,0,0,0,0,0,0,0,0,631000,0,0,0,700000,69000,631000,631000
08995P,台灣50群益01售12,0,0,0,0,0,0,0,0,0,629000,0,0,0,912000,283000,629000,629000
4956,光鋐            ,772000,145000,627000,0,0,0,0,0,0,-3000,0,3000,-3000,0,0,0,624000
08003P,國巨國泰9B售07  ,0,0,0,0,0,0,0,0,0,621000,0,0,0,824000,203000,621000,621000
07713P,台郡元大9A售03  ,0,0,0,0,0,0,0,0,0,620000,0,0,0,620000,0,620000,620000
067077,智原元大01購04  ,0,0,0,0,0,0,0,0,0,616000,0,0,0,836000,220000,616000,616000
2809,京城銀          ,1005000,564000,441000,0,0,0,278000,0,278000,-106000,42000,170000,-128000,118000,96000,22000,613000
3189,景碩            ,3873000,2897000,976000,0,0,0,123000,0,123000,-498000,200000,377000,-177000,33000,354000,-321000,601000
08016P,臺股指凱基02售02,0,0,0,0,0,0,0,0,0,600000,0,0,0,610000,10000,600000,600000
08450P,台積電統一9C售14,0,0,0,0,0,0,0,0,0,600000,0,0,0,600000,0,600000,600000
066572,台郡元大01購02  ,0,0,0,0,0,0,0,0,0,600000,0,0,0,704000,104000,600000,600000
08966P,臺指反元大04售07,0,0,0,0,0,0,0,0,0,599000,0,0,0,599000,0,599000,599000
057182,禾伸堂元大99購02,0,0,0,0,0,0,0,0,0,594000,0,0,0,609000,15000,594000,594000
06771P,台灣50中信02售01,0,0,0,0,0,0,0,0,0,593000,0,0,0,600000,7000,593000,593000
00643,群益深証中小    ,576000,21000,555000,0,0,0,0,0,0,38000,0,0,0,218000,180000,38000,593000
06721P,臺股指中信9A售03,0,0,0,0,0,0,0,0,0,591000,0,0,0,825000,234000,591000,591000
3014,聯陽            ,792000,437000,355000,0,0,0,101000,0,101000,130000,2000,21000,-19000,150000,1000,149000,586000
1711,永光            ,984000,433000,551000,0,0,0,0,0,0,27000,0,0,0,27000,0,27000,578000
4967,十銓            ,685000,114000,571000,0,0,0,0,0,0,1000,3000,2000,1000,0,0,0,572000
3533,嘉澤            ,541000,219000,322000,0,0,0,100000,0,100000,141000,118000,69000,49000,100000,8000,92000,563000
065977,旭富元大02購01  ,0,0,0,0,0,0,0,0,0,561000,0,0,0,637000,76000,561000,561000
064325,亞德客元大9C購01,0,0,0,0,0,0,0,0,0,560000,0,0,0,606000,46000,560000,560000
08596P,聯發科國泰02售02,0,0,0,0,0,0,0,0,0,559000,0,0,0,1852000,1293000,559000,559000
064843,巨大統一02購01  ,0,0,0,0,0,0,0,0,0,558000,0,0,0,587000,29000,558000,558000
066891,鴻海兆豐04購01  ,0,0,0,0,0,0,0,0,0,558000,0,0,0,558000,0,558000,558000
062885,臻鼎兆豐9C購01  ,0,0,0,0,0,0,0,0,0,556000,0,0,0,570000,14000,556000,556000
9955,佳龍            ,704000,148000,556000,0,0,0,0,0,0,0,0,0,0,0,0,0,556000
064248,億光元富9C購01  ,0,0,0,0,0,0,0,0,0,555000,0,0,0,679000,124000,555000,555000
8104,錸寶            ,830000,274000,556000,0,0,0,0,0,0,-1000,0,1000,-1000,0,0,0,555000
1514,亞力            ,839000,286000,553000,0,0,0,0,0,0,0,0,0,0,0,0,0,553000
2439,美律            ,803000,348000,455000,0,0,0,0,0,0,93000,178000,94000,84000,25000,16000,9000,548000
067494,日月光元大01購03,0,0,0,0,0,0,0,0,0,547000,0,0,0,1430000,883000,547000,547000
3038,全台            ,887000,277000,610000,0,0,0,0,0,0,-64000,12000,76000,-64000,0,0,0,546000
08538P,聯發科國票01售01,0,0,0,0,0,0,0,0,0,543000,0,0,0,1748000,1205000,543000,543000
065415,台積電兆豐9C購05,0,0,0,0,0,0,0,0,0,543000,0,0,0,553000,10000,543000,543000
2841,台開            ,735000,192000,543000,0,0,0,0,0,0,0,0,0,0,0,0,0,543000
08408P,臺股指元大9C售14,0,0,0,0,0,0,0,0,0,542000,0,0,0,543000,1000,542000,542000
03451B,臺股指凱基9C熊23,0,0,0,0,0,0,0,0,0,540000,0,0,0,746000,206000,540000,540000
2375,凱美            ,751000,213000,538000,0,0,0,0,0,0,2000,0,0,0,4000,2000,2000,540000
08277P,嘉晶元富9C售02  ,0,0,0,0,0,0,0,0,0,537000,0,0,0,537000,0,537000,537000
2723,美食-KY         ,997000,542000,455000,0,0,0,26000,0,26000,55000,0,19000,-19000,82000,8000,74000,536000
08805P,台積電元富07售04,0,0,0,0,0,0,0,0,0,535000,0,0,0,1874000,1339000,535000,535000
067378,欣興統一02購02  ,0,0,0,0,0,0,0,0,0,533000,0,0,0,633000,100000,533000,533000
08130P,義隆元大9B售05  ,0,0,0,0,0,0,0,0,0,530000,0,0,0,726000,196000,530000,530000
08440P,玉晶光國票01售05,0,0,0,0,0,0,0,0,0,529000,0,0,0,671000,142000,529000,529000
08799P,台積電元大01售19,0,0,0,0,0,0,0,0,0,529000,0,0,0,1481000,952000,529000,529000
08654P,台積電群益9C售13,0,0,0,0,0,0,0,0,0,526000,0,0,0,526000,0,526000,526000
08152P,祥碩統一9B售02  ,0,0,0,0,0,0,0,0,0,524000,0,0,0,1119000,595000,524000,524000
07976P,聯發科群益9C售02,0,0,0,0,0,0,0,0,0,522000,0,0,0,613000,91000,522000,522000
066792,T50反1凱基01購03,0,0,0,0,0,0,0,0,0,522000,0,0,0,560000,38000,522000,522000
063412,寶成國票9C購01  ,0,0,0,0,0,0,0,0,0,517000,0,0,0,579000,62000,517000,517000
08796P,晶技凱基01售01  ,0,0,0,0,0,0,0,0,0,515000,0,0,0,515000,0,515000,515000
062650,南電富邦01購01  ,0,0,0,0,0,0,0,0,0,514000,0,0,0,524000,10000,514000,514000
066529,巨大統一03購01  ,0,0,0,0,0,0,0,0,0,513000,0,0,0,657000,144000,513000,513000
07847P,國巨群益9A售13  ,0,0,0,0,0,0,0,0,0,512000,0,0,0,522000,10000,512000,512000
2312,金寶            ,962000,454000,508000,0,0,0,0,0,0,2000,0,8000,-8000,10000,0,10000,510000
07869P,台灣50群益9C售04,0,0,0,0,0,0,0,0,0,509000,0,0,0,509000,0,509000,509000
1513,中興電          ,701000,206000,495000,0,0,0,0,0,0,13000,0,24000,-24000,37000,0,37000,508000
08720P,台光電元大01售03,0,0,0,0,0,0,0,0,0,504000,0,0,0,504000,0,504000,504000
065586,嘉聯益富邦03購01,0,0,0,0,0,0,0,0,0,500000,0,0,0,600000,100000,500000,500000
08031P,臺股指元大9B售38,0,0,0,0,0,0,0,0,0,499000,0,0,0,499000,0,499000,499000
08405P,聯發科元大9C售11,0,0,0,0,0,0,0,0,0,499000,0,0,0,946000,447000,499000,499000
065016,臺指反富邦01購01,0,0,0,0,0,0,0,0,0,499000,0,0,0,499000,0,499000,499000
08159P,日月光元富9B售01,0,0,0,0,0,0,0,0,0,498000,0,0,0,688000,190000,498000,498000
063732,建準元大9B購02  ,0,0,0,0,0,0,0,0,0,498000,0,0,0,922000,424000,498000,498000
066274,景碩元大01購02  ,0,0,0,0,0,0,0,0,0,497000,0,0,0,664000,167000,497000,497000
08520P,和大元大9C售04  ,0,0,0,0,0,0,0,0,0,491000,0,0,0,530000,39000,491000,491000
3653,健策            ,648000,550000,98000,0,0,0,184000,0,184000,209000,129000,32000,97000,159000,47000,112000,491000
2031,新光鋼          ,623000,111000,512000,0,0,0,0,0,0,-23000,0,23000,-23000,0,0,0,489000
057719,欣興元富02購01  ,0,0,0,0,0,0,0,0,0,488000,0,0,0,710000,222000,488000,488000
064818,華新統一01購01  ,0,0,0,0,0,0,0,0,0,488000,0,0,0,591000,103000,488000,488000
064430,鴻海凱基03購04  ,0,0,0,0,0,0,0,0,0,486000,0,0,0,502000,16000,486000,486000
066430,台郡元大01購01  ,0,0,0,0,0,0,0,0,0,485000,0,0,0,554000,69000,485000,485000
6139,亞翔            ,601000,118000,483000,0,0,0,0,0,0,0,0,0,0,0,0,0,483000
07982P,全新群益9B售04  ,0,0,0,0,0,0,0,0,0,481000,0,0,0,562000,81000,481000,481000
056397,彩晶永豐99購01  ,0,0,0,0,0,0,0,0,0,480000,0,0,0,480000,0,480000,480000
065772,道瓊反國票01購02,0,0,0,0,0,0,0,0,0,480000,0,0,0,493000,13000,480000,480000
08526P,義隆元大9C售04  ,0,0,0,0,0,0,0,0,0,479000,0,0,0,742000,263000,479000,479000
08662P,台積電國泰03售01,0,0,0,0,0,0,0,0,0,476000,0,0,0,540000,64000,476000,476000
064682,嘉聯益兆豐01購01,0,0,0,0,0,0,0,0,0,474000,0,0,0,742000,268000,474000,474000
08965P,台灣50元大01售30,0,0,0,0,0,0,0,0,0,474000,0,0,0,474000,0,474000,474000
065034,玉晶光統一01購11,0,0,0,0,0,0,0,0,0,473000,0,0,0,996000,523000,473000,473000
068064,欣興兆豐03購02  ,0,0,0,0,0,0,0,0,0,470000,0,0,0,550000,80000,470000,470000
066319,聯強永豐01購01  ,0,0,0,0,0,0,0,0,0,466000,0,0,0,508000,42000,466000,466000
08468P,台郡統一9C售02  ,0,0,0,0,0,0,0,0,0,462000,0,0,0,462000,0,462000,462000
068010,台郡元大01購06  ,0,0,0,0,0,0,0,0,0,459000,0,0,0,666000,207000,459000,459000
059093,旭富元大99購01  ,0,0,0,0,0,0,0,0,0,458000,0,0,0,489000,31000,458000,458000
067313,欣興元大03購01  ,0,0,0,0,0,0,0,0,0,456000,0,0,0,572000,116000,456000,456000
2369,菱生            ,802000,300000,502000,0,0,0,0,0,0,-48000,0,48000,-48000,0,0,0,454000
08423P,台積電統一9C售13,0,0,0,0,0,0,0,0,0,453000,0,0,0,773000,320000,453000,453000
064916,玉山金統一02購01,0,0,0,0,0,0,0,0,0,453000,0,0,0,1012000,559000,453000,453000
062539,可成國泰01購01  ,0,0,0,0,0,0,0,0,0,451000,0,0,0,471000,20000,451000,451000
068031,致茂元富07購01  ,0,0,0,0,0,0,0,0,0,450000,0,0,0,494000,44000,450000,450000
060915,旭富元大9A購01  ,0,0,0,0,0,0,0,0,0,450000,0,0,0,461000,11000,450000,450000
07442P,華航康和9A售02  ,0,0,0,0,0,0,0,0,0,449000,0,0,0,449000,0,449000,449000
058547,世紀鋼富邦9A購01,0,0,0,0,0,0,0,0,0,447000,0,0,0,447000,0,447000,447000
061439,寶成凱基9A購01  ,0,1000,-1000,0,0,0,0,0,0,448000,0,0,0,576000,128000,448000,447000
03085P,台積電元大01售34,0,0,0,0,0,0,0,0,0,445000,0,0,0,3657000,3212000,445000,445000
08326P,臺股指凱基9C售09,0,0,0,0,0,0,0,0,0,442000,0,0,0,442000,0,442000,442000
063944,建準元大9C購01  ,0,0,0,0,0,0,0,0,0,439000,0,0,0,1074000,635000,439000,439000
057852,國巨國票99購05  ,0,0,0,0,0,0,0,0,0,438000,0,0,0,499000,61000,438000,438000
2227,裕日車          ,22000,46000,-24000,0,0,0,500000,1000,499000,-37000,0,37000,-37000,0,0,0,438000
1218,泰山            ,538000,87000,451000,0,0,0,0,0,0,-13000,0,0,0,0,13000,-13000,438000
066987,旭富群益01購01  ,0,0,0,0,0,0,0,0,0,437000,0,0,0,490000,53000,437000,437000
03075P,泰碩國泰03售01  ,0,0,0,0,0,0,0,0,0,437000,0,0,0,672000,235000,437000,437000
062226,臻鼎統一9B購01  ,0,0,0,0,0,0,0,0,0,437000,0,0,0,447000,10000,437000,437000
066267,強茂元大01購02  ,0,0,0,0,0,0,0,0,0,435000,0,0,0,605000,170000,435000,435000
066471,致新統一02購01  ,0,0,0,0,0,0,0,0,0,434000,0,0,0,724000,290000,434000,434000
067392,欣興國泰03購01  ,0,0,0,0,0,0,0,0,0,433000,0,0,0,905000,472000,433000,433000
048105,滬深2X群益99購02,0,0,0,0,0,0,0,0,0,430000,0,0,0,430000,0,430000,430000
3661,世芯-KY         ,1303000,863000,440000,0,0,0,0,8000,-8000,-3000,16000,36000,-20000,23000,6000,17000,429000
066752,南電元大01購06  ,0,0,0,0,0,0,0,0,0,425000,0,0,0,534000,109000,425000,425000
067498,臻鼎元大01購03  ,0,0,0,0,0,0,0,0,0,424000,0,0,0,657000,233000,424000,424000
065590,元黃金元大9C購01,0,0,0,0,0,0,0,0,0,424000,0,0,0,450000,26000,424000,424000
068187,南電群益01購02  ,0,0,0,0,0,0,0,0,0,423000,0,0,0,424000,1000,423000,423000
062643,緯穎國票9B購01  ,0,0,0,0,0,0,0,0,0,423000,0,0,0,515000,92000,423000,423000
066198,華碩統一03購01  ,0,0,0,0,0,0,0,0,0,423000,0,0,0,458000,35000,423000,423000
2905,三商            ,955000,425000,530000,0,0,0,0,0,0,-108000,0,108000,-108000,0,0,0,422000
064842,南六統一9C購04  ,0,0,0,0,0,0,0,0,0,420000,0,0,0,665000,245000,420000,420000
08470P,世芯凱基9C售02  ,0,0,0,0,0,0,0,0,0,419000,0,0,0,659000,240000,419000,419000
066754,南電國泰02購01  ,0,0,0,0,0,0,0,0,0,417000,0,0,0,511000,94000,417000,417000
08063P,立積國票9B售03  ,0,0,0,0,0,0,0,0,0,412000,0,0,0,973000,561000,412000,412000
2484,希華            ,510000,101000,409000,0,0,0,0,0,0,3000,3000,0,3000,0,0,0,412000
08187P,大毅群益9B售04  ,0,0,0,0,0,0,0,0,0,411000,0,0,0,456000,45000,411000,411000
08863P,台積電元大01售25,0,0,0,0,0,0,0,0,0,410000,0,0,0,1310000,900000,410000,410000
06996P,臺股指凱基99售17,0,0,0,0,0,0,0,0,0,408000,0,0,0,408000,0,408000,408000
08250P,GIS群益9C售02   ,0,0,0,0,0,0,0,0,0,407000,0,0,0,454000,47000,407000,407000
066291,惠特元大01購01  ,0,0,0,0,0,0,0,0,0,405000,0,0,0,420000,15000,405000,405000
066654,上証2X凱基03購02,0,0,0,0,0,0,0,0,0,404000,0,0,0,429000,25000,404000,404000
2406,國碩            ,485000,81000,404000,0,0,0,0,0,0,0,0,0,0,0,0,0,404000
067242,景碩群益01購03  ,0,0,0,0,0,0,0,0,0,403000,0,0,0,453000,50000,403000,403000
065791,牧德永豐9C購03  ,0,0,0,0,0,0,0,0,0,403000,0,0,0,417000,14000,403000,403000
08094P,華新科元富9B售05,0,0,0,0,0,0,0,0,0,402000,0,0,0,444000,42000,402000,402000
03125P,台積電凱基01售24,0,0,0,0,0,0,0,0,0,402000,0,0,0,444000,42000,402000,402000
08208P,臺股指群益9B售16,0,0,0,0,0,0,0,0,0,400000,0,0,0,400000,0,400000,400000
08692P,國巨兆豐01售02  ,0,0,0,0,0,0,0,0,0,400000,0,0,0,400000,0,400000,400000
08060P,嘉澤元大9B售01  ,0,0,0,0,0,0,0,0,0,397000,0,0,0,400000,3000,397000,397000
9907,統一實          ,577000,180000,397000,0,0,0,0,0,0,0,0,0,0,0,0,0,397000
067367,台積電統一01購11,0,0,0,0,0,0,0,0,0,396000,0,0,0,3049000,2653000,396000,396000
8103,瀚荃            ,503000,114000,389000,0,0,0,0,0,0,7000,7000,0,7000,0,0,0,396000
3703,欣陸            ,557000,161000,396000,0,0,0,0,0,0,0,0,0,0,0,0,0,396000
08918P,臺股指凱基01售09,0,0,0,0,0,0,0,0,0,396000,0,0,0,396000,0,396000,396000
067513,南六統一01購04  ,0,0,0,0,0,0,0,0,0,395000,0,0,0,438000,43000,395000,395000
062406,臻鼎永豐9B購01  ,0,0,0,0,0,0,0,0,0,394000,0,0,0,484000,90000,394000,394000
063613,全新群益9C購01  ,0,0,0,0,0,0,0,0,0,392000,0,0,0,392000,0,392000,392000
06853P,華擎元富98售03  ,0,0,0,0,0,0,0,0,0,390000,0,0,0,390000,0,390000,390000
6209,今國光          ,1006000,621000,385000,0,0,0,0,0,0,-1000,0,1000,-1000,0,0,0,384000
08504P,臺股指國票9C售06,0,0,0,0,0,0,0,0,0,382000,0,0,0,602000,220000,382000,382000
065955,健鼎統一01購03  ,0,0,0,0,0,0,0,0,0,382000,0,0,0,575000,193000,382000,382000
6165,捷泰            ,451000,69000,382000,0,0,0,0,0,0,0,0,0,0,0,0,0,382000
2913,農林            ,685000,212000,473000,0,0,0,0,0,0,-96000,0,4000,-4000,0,92000,-92000,377000
066212,惠特統一01購01  ,0,0,0,0,0,0,0,0,0,376000,0,0,0,388000,12000,376000,376000
054472,道瓊反中信9A購01,0,0,0,0,0,0,0,0,0,374000,0,0,0,659000,285000,374000,374000
064704,嘉晶國泰01購01  ,0,0,0,0,0,0,0,0,0,374000,0,0,0,381000,7000,374000,374000
3515,華擎            ,555000,199000,356000,0,0,0,0,0,0,16000,16000,5000,11000,23000,18000,5000,372000
07502P,美食元大9A售01  ,0,0,0,0,0,0,0,0,0,371000,0,0,0,633000,262000,371000,371000
08434P,臺股指凱基03售02,0,0,0,0,0,0,0,0,0,370000,0,0,0,586000,216000,370000,370000
8213,志超            ,484000,183000,301000,0,0,0,0,0,0,67000,15000,0,15000,58000,6000,52000,368000
062305,遠東新凱基9B購01,0,0,0,0,0,0,0,0,0,367000,0,0,0,378000,11000,367000,367000
063660,儒鴻統一9C購01  ,0,0,0,0,0,0,0,0,0,366000,0,0,0,436000,70000,366000,366000
08885P,台積電國泰03售02,0,0,0,0,0,0,0,0,0,366000,0,0,0,478000,112000,366000,366000
066063,南電元大01購04  ,0,0,0,0,0,0,0,0,0,365000,0,0,0,438000,73000,365000,365000
9938,百和            ,430000,478000,-48000,0,0,0,370000,0,370000,43000,65000,44000,21000,22000,0,22000,365000
064037,寶成元大9C購02  ,0,0,0,0,0,0,0,0,0,364000,0,0,0,468000,104000,364000,364000
058768,南港兆豐99購01  ,0,0,0,0,0,0,0,0,0,362000,0,0,0,432000,70000,362000,362000
07060P,台表科國票9A售01,0,0,0,0,0,0,0,0,0,361000,0,0,0,375000,14000,361000,361000
0061,元大寶滬深      ,24000,24000,0,0,0,0,0,0,0,361000,0,0,0,362000,1000,361000,361000
08967P,聯電元大01售03  ,0,0,0,0,0,0,0,0,0,361000,0,0,0,361000,0,361000,361000
08645P,臺股指中信03售01,0,0,0,0,0,0,0,0,0,360000,0,0,0,360000,0,360000,360000
07940P,國巨群益9B售06  ,0,0,0,0,0,0,0,0,0,360000,0,0,0,360000,0,360000,360000
03453B,臺股指元大02熊02,0,0,0,0,0,0,0,0,0,359000,0,0,0,478000,119000,359000,359000
03066P,台積電群益01售19,0,0,0,0,0,0,0,0,0,359000,0,0,0,359000,0,359000,359000
064838,旭富統一01購01  ,0,0,0,0,0,0,0,0,0,359000,0,0,0,359000,0,359000,359000
1604,聲寶            ,460000,149000,311000,0,0,0,48000,0,48000,0,0,0,0,0,0,0,359000
08426P,奇力新國票01售01,0,0,0,0,0,0,0,0,0,358000,0,0,0,382000,24000,358000,358000
067327,聯詠康和01購01  ,0,0,0,0,0,0,0,0,0,356000,0,0,0,845000,489000,356000,356000
062074,旺宏元大9B購04  ,0,0,0,0,0,0,0,0,0,356000,0,0,0,356000,0,356000,356000
08896P,台灣50群益01售10,0,0,0,0,0,0,0,0,0,355000,0,0,0,386000,31000,355000,355000
064079,英業達中信9C購01,0,0,0,0,0,0,0,0,0,354000,0,0,0,406000,52000,354000,354000
062596,緯穎統一01購02  ,0,0,0,0,0,0,0,0,0,354000,0,0,0,504000,150000,354000,354000
064959,巨大凱基9C購02  ,0,0,0,0,0,0,0,0,0,354000,0,0,0,359000,5000,354000,354000
08070P,晶技國泰9C售02  ,0,0,0,0,0,0,0,0,0,353000,0,0,0,353000,0,353000,353000
061930,臺股指凱基9B購05,0,0,0,0,0,0,0,0,0,351000,0,0,0,407000,56000,351000,351000
065779,台勝科國泰01購02,0,0,0,0,0,0,0,0,0,350000,0,0,0,351000,1000,350000,350000
08715P,創意元富07售02  ,0,0,0,0,0,0,0,0,0,350000,0,0,0,400000,50000,350000,350000
062031,臻鼎群益9B購01  ,0,0,0,0,0,0,0,0,0,348000,0,0,0,348000,0,348000,348000
3682,亞太電          ,504000,156000,348000,0,0,0,0,0,0,0,0,0,0,0,0,0,348000
6197,佳必琪          ,465000,108000,357000,0,0,0,0,0,0,-10000,6000,16000,-10000,0,0,0,347000
066192,嘉基凱基01購01  ,0,0,0,0,0,0,0,0,0,346000,0,0,0,400000,54000,346000,346000
2049,上銀            ,632000,363225,268775,0,0,0,20000,0,20000,57000,44000,93000,-49000,108000,2000,106000,345775
067477,億光元大01購01  ,0,0,0,0,0,0,0,0,0,345000,0,0,0,719000,374000,345000,345000
064429,鴻海凱基03購03  ,0,0,0,0,0,0,0,0,0,344000,0,0,0,395000,51000,344000,344000
08666P,智邦國票02售01  ,0,0,0,0,0,0,0,0,0,343000,0,0,0,424000,81000,343000,343000
065394,英業達群益9C購01,0,0,0,0,0,0,0,0,0,343000,0,0,0,344000,1000,343000,343000
07013P,玉晶光群益9A售06,0,0,0,0,0,0,0,0,0,342000,0,0,0,607000,265000,342000,342000
067652,義隆元富01購01  ,0,0,0,0,0,0,0,0,0,340000,0,0,0,367000,27000,340000,340000
03689C,T50反1元大02牛01,0,0,0,0,0,0,0,0,0,340000,0,0,0,1337000,997000,340000,340000
067028,上海銀兆豐03購01,0,0,0,0,0,0,0,0,0,339000,0,0,0,353000,14000,339000,339000
066203,景碩統一03購01  ,0,0,0,0,0,0,0,0,0,338000,0,0,0,592000,254000,338000,338000
08294P,台積電元大9C售06,0,0,0,0,0,0,0,0,0,337000,0,0,0,1746000,1409000,337000,337000
065132,臻鼎兆豐01購01  ,0,0,0,0,0,0,0,0,0,336000,0,0,0,457000,121000,336000,336000
067689,惠特元大01購03  ,0,0,0,0,0,0,0,0,0,334000,0,0,0,334000,0,334000,334000
067266,義隆國泰03購01  ,0,0,0,0,0,0,0,0,0,333000,0,0,0,1055000,722000,333000,333000
067409,巨大永豐01購01  ,0,0,0,0,0,0,0,0,0,332000,0,0,0,332000,0,332000,332000
2331,精英            ,481000,96000,385000,0,0,0,0,0,0,-53000,0,53000,-53000,0,0,0,332000
063380,台表科永豐9B購03,0,0,0,0,0,0,0,0,0,331000,0,0,0,368000,37000,331000,331000
061798,晶豪科永豐9B購01,0,0,0,0,0,0,0,0,0,330000,0,0,0,330000,0,330000,330000
066136,景碩群益01購02  ,0,0,0,0,0,0,0,0,0,330000,0,0,0,345000,15000,330000,330000
067495,日月光元大01購04,0,5000,-5000,0,0,0,0,0,0,334000,0,0,0,444000,110000,334000,329000
064157,健鼎統一01購02  ,0,0,0,0,0,0,0,0,0,329000,0,0,0,634000,305000,329000,329000
2414,精技            ,359000,39000,320000,0,0,0,0,0,0,9000,9000,0,9000,0,0,0,329000
067509,京鼎統一01購01  ,0,0,0,0,0,0,0,0,0,327000,0,0,0,502000,175000,327000,327000
067067,國巨元大01購08  ,0,0,0,0,0,0,0,0,0,327000,0,0,0,360000,33000,327000,327000
068089,T50反1群益01購08,0,0,0,0,0,0,0,0,0,327000,0,0,0,340000,13000,327000,327000
1720,生達            ,590000,280000,310000,0,0,0,0,0,0,17000,16000,0,16000,7000,6000,1000,327000
056724,臻鼎中信9A購01  ,0,0,0,0,0,0,0,0,0,326000,0,0,0,408000,82000,326000,326000
064825,英業達統一9C購01,0,0,0,0,0,0,0,0,0,323000,0,0,0,323000,0,323000,323000
068168,臺股指元大01購18,0,0,0,0,0,0,0,0,0,320000,0,0,0,320000,0,320000,320000
08550P,台灣50群益02售04,0,0,0,0,0,0,0,0,0,320000,0,0,0,645000,325000,320000,320000
066293,惠特元大02購01  ,0,0,0,0,0,0,0,0,0,320000,0,0,0,320000,0,320000,320000
2636,台驊投控        ,352000,32000,320000,0,0,0,0,0,0,0,0,0,0,0,0,0,320000
07178P,臺股指凱基99售20,0,0,0,0,0,0,0,0,0,319000,0,0,0,319000,0,319000,319000
08256P,台積電元大9C售02,0,0,0,0,0,0,0,0,0,318000,0,0,0,410000,92000,318000,318000
061210,玉山金元大9A購02,0,0,0,0,0,0,0,0,0,318000,0,0,0,498000,180000,318000,318000
063262,南六富邦9C購01  ,0,0,0,0,0,0,0,0,0,318000,0,0,0,388000,70000,318000,318000
065306,泰鼎元富9C購02  ,0,0,0,0,0,0,0,0,0,318000,0,0,0,331000,13000,318000,318000
1717,長興            ,1643000,1308000,335000,0,0,0,150000,0,150000,-168000,0,249000,-249000,82000,1000,81000,317000
2204,中華            ,452000,136000,316000,0,0,0,0,0,0,0,0,0,0,0,0,0,316000
2323,中環            ,945000,484000,461000,0,0,0,0,0,0,-146000,26000,174000,-148000,53000,51000,2000,315000
08706P,台積電統一02售04,0,0,0,0,0,0,0,0,0,315000,0,0,0,1844000,1529000,315000,315000
067376,欣興統一01購01  ,0,0,0,0,0,0,0,0,0,314000,0,0,0,357000,43000,314000,314000
1714,和桐            ,1121000,807000,314000,0,0,0,0,0,0,0,0,0,0,0,0,0,314000
3557,嘉威            ,473000,160000,313000,0,0,0,0,0,0,1000,1000,0,1000,0,0,0,314000
06959P,鴻海凱基9A售02  ,0,0,0,0,0,0,0,0,0,313000,0,0,0,313000,0,313000,313000
067921,旭富永豐01購02  ,0,0,0,0,0,0,0,0,0,312000,0,0,0,342000,30000,312000,312000
2498,宏達電          ,979000,749000,230000,0,0,0,0,0,0,81000,110000,171000,-61000,198000,56000,142000,311000
6592,和潤企業        ,416000,128000,288000,0,0,0,0,0,0,23000,0,7000,-7000,31000,1000,30000,311000
055337,超眾兆豐98購01  ,0,0,0,0,0,0,0,0,0,310000,0,0,0,350000,40000,310000,310000
066202,大立光統一02購07,0,0,0,0,0,0,0,0,0,309000,0,0,0,529000,220000,309000,309000
066275,台勝科元大01購01,0,0,0,0,0,0,0,0,0,308000,0,0,0,357000,49000,308000,308000
067877,T50反1群益01購07,0,0,0,0,0,0,0,0,0,307000,0,0,0,350000,43000,307000,307000
08181P,華新科國泰9C售02,0,0,0,0,0,0,0,0,0,307000,0,0,0,327000,20000,307000,307000
03107P,台積電元大01售39,0,0,0,0,0,0,0,0,0,307000,0,0,0,5246000,4939000,307000,307000
066508,世紀鋼富邦03購01,0,0,0,0,0,0,0,0,0,304000,0,0,0,436000,132000,304000,304000
07359P,台積電元大99售45,0,0,0,0,0,0,0,0,0,302000,0,0,0,330000,28000,302000,302000
064900,景碩群益01購01  ,0,0,0,0,0,0,0,0,0,302000,0,0,0,374000,72000,302000,302000
07834P,聯詠群益9A售03  ,0,0,0,0,0,0,0,0,0,301000,0,0,0,321000,20000,301000,301000
08554P,玉晶光國票01售06,0,0,0,0,0,0,0,0,0,301000,0,0,0,889000,588000,301000,301000
066296,昇陽半元大01購02,0,0,0,0,0,0,0,0,0,301000,0,0,0,352000,51000,301000,301000
07750P,台表科凱基9A售04,0,0,0,0,0,0,0,0,0,300000,0,0,0,300000,0,300000,300000
07590P,玉晶光國票9A售03,0,0,0,0,0,0,0,0,0,300000,0,0,0,430000,130000,300000,300000
068171,T50反1中信05購02,0,0,0,0,0,0,0,0,0,300000,0,0,0,300000,0,300000,300000
055486,國巨元大98購06  ,0,0,0,0,0,0,0,0,0,300000,0,0,0,353000,53000,300000,300000
060013,S&P正2康和99購01,0,0,0,0,0,0,0,0,0,300000,0,0,0,300000,0,300000,300000
062754,台勝科麥證9B購01,0,0,0,300000,0,300000,0,0,0,300000,0,0,0,300000,0,300000,300000
063055,創意統一9B購02  ,0,0,0,0,0,0,0,0,0,300000,0,0,0,300000,0,300000,300000
063739,台勝科元大9B購03,0,0,0,0,0,0,0,0,0,300000,0,0,0,300000,0,300000,300000
064563,全新群益02購01  ,0,0,0,0,0,0,0,0,0,299000,0,0,0,299000,0,299000,299000
065489,臺股指元大9C購31,0,0,0,0,0,0,0,0,0,299000,0,0,0,299000,0,299000,299000
08822P,聯發科凱基01售12,0,0,0,0,0,0,0,0,0,299000,0,0,0,799000,500000,299000,299000
1201,味全            ,565000,272000,293000,0,0,0,0,0,0,6000,0,0,0,6000,0,6000,299000
1447,力鵬            ,332000,34000,298000,0,0,0,0,0,0,0,0,0,0,0,0,0,298000
03063P,臺股指凱基04售03,0,0,0,0,0,0,0,0,0,297000,0,0,0,731000,434000,297000,297000
068037,聯鈞元富07購01  ,0,0,0,0,0,0,0,0,0,296000,0,0,0,307000,11000,296000,296000
08910P,宏達電凱基01售02,0,0,0,0,0,0,0,0,0,296000,0,0,0,303000,7000,296000,296000
3704,合勤控          ,493000,120000,373000,0,0,0,0,0,0,-77000,0,68000,-68000,0,9000,-9000,296000
07703P,玉晶光中信9B售03,0,0,0,0,0,0,0,0,0,295000,0,0,0,300000,5000,295000,295000
056259,T50反1統一9A購01,0,0,0,0,0,0,0,0,0,295000,0,0,0,400000,105000,295000,295000
062337,台表科統一01購01,0,0,0,0,0,0,0,0,0,295000,0,0,0,300000,5000,295000,295000
067030,南電兆豐03購01  ,0,0,0,0,0,0,0,0,0,294000,0,0,0,310000,16000,294000,294000
063920,大立光元富03購02,0,0,0,0,0,0,0,0,0,294000,0,0,0,295000,1000,294000,294000
03069P,大毅群益01售04  ,0,0,0,0,0,0,0,0,0,293000,0,0,0,313000,20000,293000,293000
4976,佳凌            ,335000,42000,293000,0,0,0,0,0,0,0,0,0,0,0,0,0,293000
03015P,玉晶光永豐01售06,0,0,0,0,0,0,0,0,0,292000,0,0,0,306000,14000,292000,292000
066051,景碩元大01購01  ,0,0,0,0,0,0,0,0,0,292000,0,0,0,499000,207000,292000,292000
067388,聯發科元富07購03,0,0,0,0,0,0,0,0,0,291000,0,0,0,345000,54000,291000,291000
066197,鴻海統一02購02  ,0,0,0,0,0,0,0,0,0,291000,0,0,0,291000,0,291000,291000
064378,群創元富9C購01  ,0,0,0,0,0,0,0,0,0,291000,0,0,0,310000,19000,291000,291000
08798P,聯發科國票01售03,0,0,0,0,0,0,0,0,0,291000,0,0,0,1040000,749000,291000,291000
065171,燿華元大9C購04  ,0,0,0,0,0,0,0,0,0,290000,0,0,0,298000,8000,290000,290000
3029,零壹            ,420000,112000,308000,0,0,0,0,0,0,-18000,3000,21000,-18000,0,0,0,290000
046881,智原富邦99購01  ,0,0,0,0,0,0,0,0,0,289000,0,0,0,300000,11000,289000,289000
5607,遠雄港          ,358000,69000,289000,0,0,0,0,0,0,0,0,0,0,0,0,0,289000
055249,大毅統一99購01  ,0,0,0,0,0,0,0,0,0,288000,0,0,0,290000,2000,288000,288000
064590,牧德永豐9C購01  ,0,0,0,0,0,0,0,0,0,288000,0,0,0,340000,52000,288000,288000
08801P,聯發科元大01售13,0,0,0,0,0,0,0,0,0,287000,0,0,0,384000,97000,287000,287000
067653,可成元富07購03  ,0,0,0,0,0,0,0,0,0,285000,0,0,0,295000,10000,285000,285000
055787,聯茂凱基99購01  ,0,0,0,0,0,0,0,0,0,285000,0,0,0,310000,25000,285000,285000
065147,寶成凱基01購01  ,0,0,0,0,0,0,0,0,0,285000,0,0,0,388000,103000,285000,285000
2014,中鴻            ,438000,153000,285000,0,0,0,0,0,0,0,0,0,0,0,0,0,285000
5434,崇越            ,408000,99000,309000,0,0,0,0,0,0,-24000,3000,24000,-21000,0,3000,-3000,285000
063433,臻鼎元富9B購01  ,0,0,0,0,0,0,0,0,0,284000,0,0,0,434000,150000,284000,284000
064921,景碩統一02購01  ,0,0,0,0,0,0,0,0,0,284000,0,0,0,329000,45000,284000,284000
067706,台積電元富07購07,0,0,0,0,0,0,0,0,0,283000,0,0,0,702000,419000,283000,283000
068254,訊連元大01購02  ,0,0,0,0,0,0,0,0,0,283000,0,0,0,300000,17000,283000,283000
00739,元大MSCI A股    ,15000,12000,3000,0,0,0,0,0,0,279000,0,0,0,520000,241000,279000,282000
06885P,國巨國票99售06  ,0,0,0,0,0,0,0,0,0,281000,0,0,0,303000,22000,281000,281000
056109,彩晶永豐98購01  ,0,0,0,0,0,0,0,0,0,280000,0,0,0,280000,0,280000,280000
056986,超眾群益98購03  ,0,0,0,0,0,0,0,0,0,280000,0,0,0,280000,0,280000,280000
062677,儒鴻統一01購01  ,0,0,0,0,0,0,0,0,0,280000,0,0,0,300000,20000,280000,280000
065849,景碩元大9C購03  ,0,0,0,0,0,0,0,0,0,279000,0,0,0,463000,184000,279000,279000
03030P,玉晶光元大03售01,0,0,0,0,0,0,0,0,0,278000,0,0,0,278000,0,278000,278000
08172P,台積電凱基03售02,0,0,0,0,0,0,0,0,0,277000,0,0,0,422000,145000,277000,277000
058697,亞德客元大99購01,0,0,0,0,0,0,0,0,0,277000,0,0,0,301000,24000,277000,277000
8271,宇瞻            ,380000,105000,275000,0,0,0,0,0,0,2000,2000,0,2000,0,0,0,277000
2457,飛宏            ,404000,119000,285000,0,0,0,0,0,0,-8000,0,8000,-8000,0,0,0,277000
059023,可成統一9B購02  ,0,0,0,0,0,0,0,0,0,276000,0,0,0,306000,30000,276000,276000
03004P,華擎群益02售02  ,0,0,0,0,0,0,0,0,0,276000,0,0,0,277000,1000,276000,276000
064889,T50反1群益9C購02,0,0,0,0,0,0,0,0,0,275000,0,0,0,400000,125000,275000,275000
065480,旭富元大9C購06  ,0,0,0,0,0,0,0,0,0,275000,0,0,0,399000,124000,275000,275000
08903P,台積電兆豐01售04,0,0,0,0,0,0,0,0,0,275000,0,0,0,3308000,3033000,275000,275000
067868,欣興元大01購07  ,0,0,0,0,0,0,0,0,0,274000,0,0,0,337000,63000,274000,274000
058796,可成元大99購04  ,0,0,0,0,0,0,0,0,0,274000,0,0,0,274000,0,274000,274000
063705,臻鼎群益9B購03  ,0,0,0,0,0,0,0,0,0,273000,0,0,0,466000,193000,273000,273000
065466,台表科中信01購03,0,0,0,0,0,0,0,0,0,273000,0,0,0,519000,246000,273000,273000
068164,南電元大01購07  ,0,0,0,0,0,0,0,0,0,271000,0,0,0,271000,0,271000,271000
07924P,台積電凱基9B售04,0,0,0,0,0,0,0,0,0,271000,0,0,0,271000,0,271000,271000
058670,鴻海群益9A購03  ,0,0,0,0,0,0,0,0,0,271000,0,0,0,291000,20000,271000,271000
06610P,台積電凱基9A售03,0,0,0,0,0,0,0,0,0,271000,0,0,0,335000,64000,271000,271000
068232,泰鼎元富04購01  ,0,0,0,0,0,0,0,0,0,270000,0,0,0,290000,20000,270000,270000
062682,全新統一9B購01  ,0,0,0,0,0,0,0,0,0,270000,0,0,0,270000,0,270000,270000
066565,泰鼎元大01購01  ,0,0,0,0,0,0,0,0,0,269000,0,0,0,295000,26000,269000,269000
2472,立隆電          ,439000,151000,288000,0,0,0,0,0,0,-19000,3000,22000,-19000,0,0,0,269000
6414,樺漢            ,459000,167000,292000,0,0,0,0,0,0,-23000,8000,43000,-35000,15000,3000,12000,269000
00636,國泰中國A50     ,94000,1000,93000,0,0,0,0,0,0,175000,0,0,0,390000,215000,175000,268000
065383,南電元大01購02  ,0,0,0,0,0,0,0,0,0,267000,0,0,0,267000,0,267000,267000
067848,臻鼎元富07購01  ,0,0,0,0,0,0,0,0,0,266000,0,0,0,401000,135000,266000,266000
057393,台積電中信02購01,0,0,0,0,0,0,0,0,0,266000,0,0,0,267000,1000,266000,266000
6558,興能高          ,339000,73000,266000,0,0,0,0,0,0,0,0,0,0,0,0,0,266000
6191,精成科          ,502000,236000,266000,0,0,0,0,0,0,0,1000,1000,0,2000,2000,0,266000
5215,科嘉-KY         ,519000,280000,239000,0,0,0,17000,0,17000,10000,21000,11000,10000,0,0,0,266000
067320,訊連元大01購01  ,0,0,0,0,0,0,0,0,0,265000,0,0,0,329000,64000,265000,265000
059882,臺股指凱基9C購06,0,0,0,0,0,0,0,0,0,265000,0,0,0,270000,5000,265000,265000
067862,泰豐元大01購02  ,0,0,0,0,0,0,0,0,0,264000,0,0,0,315000,51000,264000,264000
03007P,玉晶光永豐01售01,0,0,0,0,0,0,0,0,0,264000,0,0,0,274000,10000,264000,264000
051597,T50反1中信99購02,0,0,0,0,0,0,0,0,0,262000,0,0,0,307000,45000,262000,262000
07536P,華新科元富9A售04,0,0,0,0,0,0,0,0,0,261000,0,0,0,301000,40000,261000,261000
03093P,台灣50凱基04售10,0,0,0,0,0,0,0,0,0,261000,0,0,0,400000,139000,261000,261000
059949,啟碁永豐99購01  ,0,0,0,0,0,0,0,0,0,260000,0,0,0,327000,67000,260000,260000
064884,台表科第一9C購01,0,0,0,0,0,0,0,0,0,260000,0,0,0,260000,0,260000,260000
06478P,臺股指日盛9A售01,0,0,0,0,0,0,0,0,0,260000,0,0,0,270000,10000,260000,260000
066505,可成富邦03購01  ,0,0,0,0,0,0,0,0,0,260000,0,0,0,280000,20000,260000,260000
08932P,矽格元富01售01  ,0,0,0,0,0,0,0,0,0,259000,0,0,0,503000,244000,259000,259000
068096,聯電富邦03購01  ,0,0,0,0,0,0,0,0,0,258000,0,0,0,258000,0,258000,258000
068041,訊芯元富07購01  ,0,0,0,0,0,0,0,0,0,256000,0,0,0,309000,53000,256000,256000
6288,聯嘉            ,331000,73000,258000,0,0,0,0,0,0,-2000,0,2000,-2000,0,0,0,256000
08467P,長榮航統一9C售01,0,0,0,0,0,0,0,0,0,255000,0,0,0,275000,20000,255000,255000
066470,惠特統一02購01  ,0,0,0,0,0,0,0,0,0,255000,0,0,0,255000,0,255000,255000
058807,和大統一9B購01  ,0,0,0,0,0,0,0,0,0,254000,0,0,0,254000,0,254000,254000
064499,可成元大9C購07  ,0,0,0,0,0,0,0,0,0,254000,0,0,0,258000,4000,254000,254000
065092,健鼎元大9C購02  ,0,0,0,0,0,0,0,0,0,253000,0,0,0,389000,136000,253000,253000
07832P,台積電群益9A售08,0,0,0,0,0,0,0,0,0,250000,0,0,0,250000,0,250000,250000
07031P,台灣50中信03售02,0,0,0,0,0,0,0,0,0,250000,0,0,0,250000,0,250000,250000
058366,元大金凱基99購01,0,0,0,0,0,0,0,0,0,250000,0,0,0,363000,113000,250000,250000
057871,國巨元大99購09  ,0,0,0,0,0,0,0,0,0,250000,0,0,0,250000,0,250000,250000
063167,同欣電永豐9B購03,0,0,0,0,0,0,0,0,0,250000,0,0,0,250000,0,250000,250000
061100,SP黃豆元大9A購04,0,0,0,0,0,0,0,0,0,250000,0,0,0,300000,50000,250000,250000
066327,強茂永豐01購01  ,0,0,0,0,0,0,0,0,0,250000,0,0,0,278000,28000,250000,250000
064165,同欣電統一01購01,0,0,0,0,0,0,0,0,0,249000,0,0,0,553000,304000,249000,249000
066391,國巨凱基01購04  ,0,0,0,0,0,0,0,0,0,247000,0,0,0,262000,15000,247000,247000
066541,南電兆豐01購02  ,0,0,0,0,0,0,0,0,0,247000,0,0,0,247000,0,247000,247000
062755,茂林麥證9B購01  ,0,0,0,246000,0,246000,0,0,0,246000,0,0,0,246000,0,246000,246000
9911,櫻花            ,266000,18000,248000,0,0,0,0,0,0,-2000,0,2000,-2000,0,0,0,246000
067300,金像電元大02購02,0,0,0,0,0,0,0,0,0,245000,0,0,0,336000,91000,245000,245000
4934,太極            ,291000,46000,245000,0,0,0,0,0,0,0,0,0,0,0,0,0,245000
1701,中化            ,762000,522000,240000,0,0,0,0,0,0,5000,0,2000,-2000,7000,0,7000,245000
08381P,台灣50群益9C售06,0,0,0,0,0,0,0,0,0,244000,0,0,0,845000,601000,244000,244000
08598P,立積元大9C售04  ,0,0,0,0,0,0,0,0,0,244000,0,0,0,919000,675000,244000,244000
03047P,矽創國票03售01  ,0,0,0,0,0,0,0,0,0,244000,0,0,0,337000,93000,244000,244000
064463,聯茂統一01購02  ,0,0,0,0,0,0,0,0,0,244000,0,0,0,269000,25000,244000,244000
065839,鴻海元大9C購17  ,0,0,0,0,0,0,0,0,0,242000,0,0,0,260000,18000,242000,242000
1474,弘裕            ,631000,389000,242000,0,0,0,0,0,0,0,0,0,0,0,0,0,242000
03109P,台積電元大01售41,0,0,0,0,0,0,0,0,0,241000,0,0,0,753000,512000,241000,241000
063584,南六國泰01購01  ,0,0,0,0,0,0,0,0,0,241000,0,0,0,499000,258000,241000,241000
08985P,台表科兆豐03售02,0,0,0,0,0,0,0,0,0,241000,0,0,0,331000,90000,241000,241000
08435P,台積電群益9C售11,0,0,0,0,0,0,0,0,0,239000,0,0,0,239000,0,239000,239000
067386,巨大統一02購02  ,0,0,0,0,0,0,0,0,0,239000,0,0,0,239000,0,239000,239000
066370,帆宣中信01購01  ,0,0,0,0,0,0,0,0,0,239000,0,0,0,550000,311000,239000,239000
07142P,台灣50元大01售01,0,0,0,0,0,0,0,0,0,237000,0,0,0,455000,218000,237000,237000
03123P,台積電元大01售45,0,0,0,0,0,0,0,0,0,237000,0,0,0,1980000,1743000,237000,237000
061990,台勝科元大9C購01,0,0,0,0,0,0,0,0,0,237000,0,0,0,263000,26000,237000,237000
03071P,GIS群益01售02   ,0,0,0,0,0,0,0,0,0,236000,0,0,0,236000,0,236000,236000
00654R,富邦印度反1     ,0,4000,-4000,0,0,0,0,0,0,240000,0,0,0,257000,17000,240000,236000
066948,聯發科元大01購16,0,0,0,0,0,0,0,0,0,236000,0,0,0,507000,271000,236000,236000
08778P,台積電群益01售09,0,0,0,0,0,0,0,0,0,236000,0,0,0,236000,0,236000,236000
08451P,南六統一9C售06  ,20000,0,20000,0,0,0,0,0,0,215000,0,0,0,423000,208000,215000,235000
065464,健鼎中信9C購01  ,0,0,0,0,0,0,0,0,0,235000,0,0,0,281000,46000,235000,235000
4536,拓凱            ,319000,128000,191000,0,0,0,0,0,0,44000,20000,4000,16000,40000,12000,28000,235000
08556P,臺股指中信01售08,0,0,0,0,0,0,0,0,0,234000,0,0,0,829000,595000,234000,234000
059881,臺股指凱基99購46,0,0,0,0,0,0,0,0,0,234000,0,0,0,234000,0,234000,234000
060788,嘉晶富邦9B購01  ,0,0,0,0,0,0,0,0,0,234000,0,0,0,249000,15000,234000,234000
064730,超眾統一02購02  ,0,0,0,0,0,0,0,0,0,234000,0,0,0,234000,0,234000,234000
08842P,京鼎凱基01售03  ,0,0,0,0,0,0,0,0,0,234000,0,0,0,294000,60000,234000,234000
08693P,宏達電群益01售02,0,0,0,0,0,0,0,0,0,233000,0,0,0,333000,100000,233000,233000
061651,世紀鋼元大9C購02,0,0,0,0,0,0,0,0,0,233000,0,0,0,263000,30000,233000,233000
065754,健鼎元大9C購06  ,0,0,0,0,0,0,0,0,0,233000,0,0,0,333000,100000,233000,233000
066219,惠特元富01購01  ,0,0,0,0,0,0,0,0,0,233000,0,0,0,261000,28000,233000,233000
2377,微星            ,3665700,3481703,183997,0,0,0,85000,0,85000,-36000,140000,153000,-13000,19000,42000,-23000,232997
054559,台光電群益99購01,0,0,0,0,0,0,0,0,0,232000,0,0,0,232000,0,232000,232000
060470,台勝科元大9A購03,0,0,0,0,0,0,0,0,0,232000,0,0,0,232000,0,232000,232000
03019P,全新群益01售01  ,0,0,0,0,0,0,0,0,0,231000,0,0,0,790000,559000,231000,231000
066431,台郡元大02購01  ,0,0,0,0,0,0,0,0,0,231000,0,0,0,311000,80000,231000,231000
08651P,台灣50群益02售05,0,0,0,0,0,0,0,0,0,230000,0,0,0,230000,0,230000,230000
08537P,台光電國票01售03,0,0,0,0,0,0,0,0,0,230000,0,0,0,231000,1000,230000,230000
06949P,台表科元大99售01,0,0,0,0,0,0,0,0,0,230000,0,0,0,230000,0,230000,230000
068258,可成國泰03購01  ,0,0,0,0,0,0,0,0,0,230000,0,0,0,281000,51000,230000,230000
03102P,臺股指凱基03售08,0,0,0,0,0,0,0,0,0,230000,0,0,0,363000,133000,230000,230000
057244,鈺齊凱基99購01  ,0,0,0,0,0,0,0,0,0,230000,0,0,0,320000,90000,230000,230000
066552,大立光元大01購08,0,0,0,0,0,0,0,0,0,230000,0,0,0,230000,0,230000,230000
058093,神達元大9A購01  ,0,0,0,0,0,0,0,0,0,229000,0,0,0,352000,123000,229000,229000
066245,道瓊反元大02購01,0,0,0,0,0,0,0,0,0,229000,0,0,0,229000,0,229000,229000
3049,和鑫            ,672000,436000,236000,0,0,0,0,0,0,-7000,0,7000,-7000,0,0,0,229000
067821,力成凱基01購02  ,0,0,0,0,0,0,0,0,0,228000,0,0,0,238000,10000,228000,228000
061493,T50反1國票9B購04,0,0,0,0,0,0,0,0,0,228000,0,0,0,228000,0,228000,228000
066394,建準凱基01購01  ,0,0,0,0,0,0,0,0,0,228000,0,0,0,230000,2000,228000,228000
066767,敦泰永豐01購02  ,0,0,0,0,0,0,0,0,0,228000,0,0,0,228000,0,228000,228000
3605,宏致            ,386000,163000,223000,0,0,0,0,0,0,5000,5000,0,5000,0,0,0,228000
2601,益航            ,312000,84000,228000,0,0,0,0,0,0,0,0,0,0,0,0,0,228000
07890P,南電國票9B售01  ,0,0,0,0,0,0,0,0,0,227000,0,0,0,430000,203000,227000,227000
07967P,力山元大9B售03  ,0,0,0,0,0,0,0,0,0,227000,0,0,0,248000,21000,227000,227000
08365P,貿聯凱基9C售01  ,0,0,0,0,0,0,0,0,0,226000,0,0,0,226000,0,226000,226000
063258,緯穎國泰9C購01  ,0,0,0,0,0,0,0,0,0,225000,0,0,0,245000,20000,225000,225000
065178,和碩元大9C購01  ,0,0,0,0,0,0,0,0,0,225000,0,0,0,227000,2000,225000,225000
07524P,臺股指中信9B售06,0,0,0,0,0,0,0,0,0,224000,0,0,0,224000,0,224000,224000
067276,義隆統一03購01  ,310000,0,310000,0,0,0,0,0,0,-86000,0,0,0,318000,404000,-86000,224000
063388,台光電兆豐9C購01,0,0,0,0,0,0,0,0,0,224000,0,0,0,258000,34000,224000,224000
064453,微星統一02購01  ,0,0,0,0,0,0,0,0,0,224000,0,0,0,319000,95000,224000,224000
08299P,玉晶光國票02售01,0,0,0,0,0,0,0,0,0,223000,0,0,0,505000,282000,223000,223000
6230,超眾            ,234000,113000,121000,0,0,0,0,0,0,102000,17000,0,17000,105000,20000,85000,223000
08400P,美律元富9C售02  ,0,0,0,0,0,0,0,0,0,222000,0,0,0,224000,2000,222000,222000
065477,健鼎元大9C購03  ,0,0,0,0,0,0,0,0,0,222000,0,0,0,342000,120000,222000,222000
6531,愛普            ,851000,649000,202000,0,0,0,20000,0,20000,0,0,0,0,0,0,0,222000
08059P,京鼎元大9B售02  ,0,0,0,0,0,0,0,0,0,221000,0,0,0,236000,15000,221000,221000
07457P,宏達電元大9A售01,0,0,0,0,0,0,0,0,0,221000,0,0,0,321000,100000,221000,221000
07885P,長榮航凱基9B售01,0,0,0,0,0,0,0,0,0,220000,0,0,0,220000,0,220000,220000
08175P,金像電統一9B售02,0,0,0,0,0,0,0,0,0,220000,0,0,0,220000,0,220000,220000
08641P,台灣50群益9C售08,0,0,0,0,0,0,0,0,0,220000,0,0,0,220000,0,220000,220000
067325,巨大元大01購05  ,0,0,0,0,0,0,0,0,0,220000,0,0,0,238000,18000,220000,220000
4532,瑞智            ,264000,44000,220000,0,0,0,0,0,0,0,0,0,0,0,0,0,220000
06851P,鈺齊元大98售01  ,0,0,0,0,0,0,0,0,0,218000,0,0,0,218000,0,218000,218000
061236,台積電元大9A購24,0,0,0,0,0,0,0,0,0,218000,0,0,0,297000,79000,218000,218000
064311,新光金群益01購02,0,0,0,0,0,0,0,0,0,218000,0,0,0,218000,0,218000,218000
066604,台郡富邦04購01  ,0,0,0,0,0,0,0,0,0,218000,0,0,0,219000,1000,218000,218000
067633,致茂永豐01購02  ,0,0,0,0,0,0,0,0,0,217000,0,0,0,273000,56000,217000,217000
065815,微星元富9C購01  ,0,0,0,0,0,0,0,0,0,217000,0,0,0,312000,95000,217000,217000
067505,微星統一03購01  ,0,0,0,0,0,0,0,0,0,216000,0,0,0,285000,69000,216000,216000
08542P,台勝科國票02售01,0,0,0,0,0,0,0,0,0,216000,0,0,0,216000,0,216000,216000
08334P,智邦永豐9C售01  ,0,0,0,0,0,0,0,0,0,216000,0,0,0,216000,0,216000,216000
054774,同欣電國票98購01,0,0,0,0,0,0,0,0,0,215000,0,0,0,215000,0,215000,215000
07782P,寶成凱基9A售02  ,0,20000,-20000,0,0,0,0,0,0,234000,0,0,0,244000,10000,234000,214000
062060,奇鋐統一9C購01  ,0,0,0,0,0,0,0,0,0,214000,0,0,0,274000,60000,214000,214000
065739,正崴麥證9C購01  ,0,0,0,214000,0,214000,0,0,0,214000,0,0,0,214000,0,214000,214000
065782,健策富邦01購02  ,0,0,0,0,0,0,0,0,0,214000,0,0,0,749000,535000,214000,214000
065461,台光電中信9C購01,0,0,0,0,0,0,0,0,0,214000,0,0,0,612000,398000,214000,214000
3048,益登            ,314000,52000,262000,0,0,0,0,0,0,-48000,18000,66000,-48000,0,0,0,214000
08174P,國巨統一9B售17  ,0,0,0,0,0,0,0,0,0,212000,0,0,0,212000,0,212000,212000
067618,臺股指凱基01購14,0,0,0,0,0,0,0,0,0,212000,0,0,0,262000,50000,212000,212000
00712,FH富時不動產    ,275000,12000,263000,0,0,0,0,0,0,-51000,0,0,0,81000,132000,-51000,212000
061646,力成元大9A購02  ,0,0,0,0,0,0,0,0,0,212000,0,0,0,212000,0,212000,212000
061034,晶豪科永豐9A購01,0,0,0,0,0,0,0,0,0,212000,0,0,0,212000,0,212000,212000
065342,華邦電統一02購01,0,0,0,0,0,0,0,0,0,212000,0,0,0,218000,6000,212000,212000
064695,京鼎群益02購02  ,0,0,0,0,0,0,0,0,0,212000,0,0,0,232000,20000,212000,212000
08848P,國巨群益01售06  ,0,0,0,0,0,0,0,0,0,212000,0,0,0,212000,0,212000,212000
08252P,台積電國票9C售06,0,0,0,0,0,0,0,0,0,211000,0,0,0,211000,0,211000,211000
08391P,智邦凱基02售02  ,0,0,0,0,0,0,0,0,0,210000,0,0,0,260000,50000,210000,210000
07709P,創意元大9A售01  ,0,0,0,0,0,0,0,0,0,210000,0,0,0,363000,153000,210000,210000
061350,牧德元大9B購03  ,0,0,0,0,0,0,0,0,0,210000,0,0,0,210000,0,210000,210000
065854,臻鼎元大9C購05  ,0,0,0,0,0,0,0,0,0,210000,0,0,0,250000,40000,210000,210000
2231,為升            ,477000,275000,202000,0,0,0,0,0,0,8000,2000,5000,-3000,14000,3000,11000,210000
08057P,京鼎群益9B售01  ,0,0,0,0,0,0,0,0,0,209000,0,0,0,219000,10000,209000,209000
059921,大立光元大99購24,0,0,0,0,0,0,0,0,0,209000,0,0,0,210000,1000,209000,209000
062917,旭富元大9C購03  ,0,0,0,0,0,0,0,0,0,209000,0,0,0,304000,95000,209000,209000
064537,健鼎國票01購02  ,0,0,0,0,0,0,0,0,0,209000,0,0,0,209000,0,209000,209000
063384,巨大永豐9B購04  ,0,0,0,0,0,0,0,0,0,208000,0,0,0,216000,8000,208000,208000
063993,華通群益01購01  ,0,0,0,0,0,0,0,0,0,208000,0,0,0,208000,0,208000,208000
066953,禾伸堂元大01購01,0,0,0,0,0,0,0,0,0,208000,0,0,0,208000,0,208000,208000
1795,美時            ,371000,163000,208000,0,0,0,0,0,0,0,0,0,0,0,0,0,208000
067036,南電康和01購02  ,0,0,0,0,0,0,0,0,0,207000,0,0,0,328000,121000,207000,207000
9935,慶豐富          ,285000,78000,207000,0,0,0,0,0,0,0,0,0,0,0,0,0,207000
065529,聯發科中信01購04,0,0,0,0,0,0,0,0,0,206000,0,0,0,206000,0,206000,206000
07461P,臺股指元大9B售04,0,0,0,0,0,0,0,0,0,205000,0,0,0,205000,0,205000,205000
07347P,上証2X凱基99售02,0,0,0,0,0,0,0,0,0,205000,0,0,0,205000,0,205000,205000
064513,T50反1群益9C購01,0,0,0,0,0,0,0,0,0,205000,0,0,0,450000,245000,205000,205000
07100P,華航元大99售01  ,0,0,0,0,0,0,0,0,0,204000,0,0,0,234000,30000,204000,204000
08189P,超眾群益9B售04  ,0,0,0,0,0,0,0,0,0,204000,0,0,0,229000,25000,204000,204000
064595,超眾統一02購01  ,0,0,0,0,0,0,0,0,0,204000,0,0,0,210000,6000,204000,204000
065605,義隆元大01購02  ,0,0,0,0,0,0,0,0,0,204000,0,0,0,209000,5000,204000,204000
08923P,聯發科統一01售13,0,0,0,0,0,0,0,0,0,204000,0,0,0,209000,5000,204000,204000
3052,夆典            ,239000,35000,204000,0,0,0,0,0,0,0,0,0,0,0,0,0,204000
08296P,同欣電元大9C售04,0,0,0,0,0,0,0,0,0,203000,0,0,0,203000,0,203000,203000
068221,聯發科統一05購01,0,0,0,0,0,0,0,0,0,203000,0,0,0,335000,132000,203000,203000
067071,燿華元大01購02  ,0,0,0,0,0,0,0,0,0,203000,0,0,0,203000,0,203000,203000
068118,欣興元富07購03  ,0,0,0,0,0,0,0,0,0,203000,0,0,0,320000,117000,203000,203000
063861,南亞科國泰02購01,0,0,0,0,0,0,0,0,0,203000,0,0,0,274000,71000,203000,203000
08964P,美律台新01售01  ,0,0,0,0,0,0,0,0,0,203000,0,0,0,203000,0,203000,203000
08493P,嘉澤元大9C售01  ,0,0,0,0,0,0,0,0,0,202000,0,0,0,202000,0,202000,202000
056903,大立光元大99購04,0,0,0,0,0,0,0,0,0,202000,0,0,0,204000,2000,202000,202000
064245,GIS統一02購02   ,0,0,0,0,0,0,0,0,0,202000,0,0,0,525000,323000,202000,202000
066459,智原統一01購01  ,0,0,0,0,0,0,0,0,0,202000,0,0,0,214000,12000,202000,202000
08306P,台積電凱基01售04,0,0,0,0,0,0,0,0,0,201000,0,0,0,201000,0,201000,201000
065845,友達元大9C購12  ,0,0,0,0,0,0,0,0,0,201000,0,0,0,201000,0,201000,201000
1409,新纖            ,344000,143000,201000,0,0,0,0,0,0,0,0,0,0,0,0,0,201000
08078P,聯發科國票9B售04,0,0,0,0,0,0,0,0,0,200000,0,0,0,200000,0,200000,200000
08433P,臺股指凱基03售01,0,0,0,0,0,0,0,0,0,200000,0,0,0,220000,20000,200000,200000
07765P,台積電群益9A售06,0,0,0,0,0,0,0,0,0,200000,0,0,0,200000,0,200000,200000
07639P,緯穎國票9A售01  ,0,0,0,0,0,0,0,0,0,200000,0,0,0,200000,0,200000,200000
07662P,台積電兆豐9A售03,0,0,0,0,0,0,0,0,0,200000,0,0,0,200000,0,200000,200000
068141,鴻海元大01購25  ,0,0,0,0,0,0,0,0,0,200000,0,0,0,200000,0,200000,200000
067715,泰豐凱基02購01  ,0,0,0,0,0,0,0,0,0,200000,0,0,0,200000,0,200000,200000
067789,和碩群益01購01  ,0,0,0,0,0,0,0,0,0,200000,0,0,0,200000,0,200000,200000
056716,康舒永豐98購01  ,0,0,0,0,0,0,0,0,0,200000,0,0,0,200000,0,200000,200000
05773P,臺股指凱基99售03,0,0,0,0,0,0,0,0,0,200000,50000,0,50000,150000,0,150000,200000
057203,麗豐元富98購02  ,0,0,0,0,0,0,0,0,0,200000,0,0,0,200000,0,200000,200000
03079P,台灣50元大01售31,0,0,0,0,0,0,0,0,0,200000,0,0,0,326000,126000,200000,200000
059086,國巨元大99購18  ,0,0,0,0,0,0,0,0,0,200000,0,0,0,200000,0,200000,200000
061293,聯茂統一9A購01  ,0,0,0,0,0,0,0,0,0,200000,0,0,0,246000,46000,200000,200000
065976,牧德元大02購02  ,0,0,0,0,0,0,0,0,0,200000,0,0,0,200000,0,200000,200000
065225,神隆凱基01購01  ,0,0,0,0,0,0,0,0,0,200000,0,0,0,290000,90000,200000,200000
064887,嘉晶中信9C購02  ,0,0,0,0,0,0,0,0,0,200000,0,0,0,300000,100000,200000,200000
064980,牧德元大01購01  ,0,0,0,0,0,0,0,0,0,200000,0,0,0,200000,0,200000,200000
6491,晶碩            ,265000,76000,189000,0,0,0,0,0,0,11000,0,0,0,12000,1000,11000,200000
08588P,緯穎元富03售01  ,0,0,0,0,0,0,0,0,0,199000,0,0,0,244000,45000,199000,199000
064106,國巨兆豐9C購04  ,0,0,0,0,0,0,0,0,0,199000,0,0,0,375000,176000,199000,199000
064557,鴻海群益9C購04  ,0,0,0,0,0,0,0,0,0,199000,0,0,0,209000,10000,199000,199000
066457,可成統一02購01  ,0,0,0,0,0,0,0,0,0,199000,0,0,0,199000,0,199000,199000
1783,和康生          ,280000,81000,199000,0,0,0,0,0,0,0,0,0,0,0,0,0,199000
08225P,臺股指凱基9B售20,0,0,0,0,0,0,0,0,0,198000,0,0,0,198000,0,198000,198000
07505P,台勝科元大9A售01,0,0,0,0,0,0,0,0,0,198000,0,0,0,200000,2000,198000,198000
067887,英業達群益01購02,0,0,0,0,0,0,0,0,0,198000,0,0,0,198000,0,198000,198000
066213,惠特統一03購01  ,0,0,0,0,0,0,0,0,0,198000,0,0,0,198000,0,198000,198000
2436,偉詮電          ,506000,304000,202000,0,0,0,0,0,0,-4000,0,4000,-4000,0,0,0,198000
08590P,智邦凱基9C售04  ,0,0,0,0,0,0,0,0,0,197000,0,0,0,260000,63000,197000,197000
00651R,FH香港反1       ,0,8000,-8000,0,0,0,0,0,0,205000,0,0,0,534000,329000,205000,197000
062336,茂林統一01購02  ,0,0,0,0,0,0,0,0,0,197000,0,0,0,197000,0,197000,197000
065220,義隆富邦01購02  ,0,0,0,0,0,0,0,0,0,197000,0,0,0,222000,25000,197000,197000
08207P,金像電群益9B售05,0,0,0,0,0,0,0,0,0,196000,0,0,0,370000,174000,196000,196000
07784P,華新科富邦9B售04,0,0,0,0,0,0,0,0,0,196000,0,0,0,196000,0,196000,196000
00641R,富邦日本反1     ,2000,2000,0,0,0,0,0,0,0,196000,0,0,0,362000,166000,196000,196000
065452,康友統一02購01  ,0,0,0,0,0,0,0,0,0,196000,0,0,0,196000,0,196000,196000
1519,華城            ,809000,834000,-25000,0,0,0,0,0,0,221000,179000,8000,171000,80000,30000,50000,196000
08036P,嘉澤群益9B售03  ,0,0,0,0,0,0,0,0,0,195000,0,0,0,195000,0,195000,195000
067419,鴻海凱基02購06  ,0,0,0,0,0,0,0,0,0,195000,0,0,0,204000,9000,195000,195000
064967,道瓊銀元大01購01,0,0,0,0,0,0,0,0,0,195000,0,0,0,226000,31000,195000,195000
8011,台通            ,260000,63000,197000,0,0,0,0,0,0,-2000,0,2000,-2000,0,0,0,195000
8261,富鼎            ,226000,32000,194000,0,0,0,0,0,0,0,0,0,0,0,0,0,194000
6235,華孚            ,301000,107000,194000,0,0,0,0,0,0,0,0,0,0,0,0,0,194000
057555,玉晶光凱基9A購02,0,0,0,0,0,0,0,0,0,193000,0,0,0,550000,357000,193000,193000
060195,旭富元富9A購02  ,0,0,0,0,0,0,0,0,0,193000,0,0,0,193000,0,193000,193000
066190,惠特凱基01購01  ,0,0,0,0,0,0,0,0,0,193000,0,0,0,203000,10000,193000,193000
063507,奇鋐群益9B購02  ,0,0,0,0,0,0,0,0,0,192000,0,0,0,192000,0,192000,192000
063690,健鼎永豐9B購01  ,0,0,0,0,0,0,0,0,0,192000,0,0,0,251000,59000,192000,192000
063031,鴻海凱基9C購01  ,0,0,0,0,0,0,0,0,0,192000,0,0,0,192000,0,192000,192000
061645,超眾元大9A購06  ,0,0,0,0,0,0,0,0,0,192000,0,0,0,230000,38000,192000,192000
5243,乙盛-KY         ,531000,414000,117000,0,0,0,0,0,0,75000,75000,0,75000,0,0,0,192000
065970,燿華元大02購01  ,0,0,0,0,0,0,0,0,0,191000,0,0,0,191000,0,191000,191000
1464,得力            ,272000,96000,176000,0,0,0,0,0,0,15000,0,0,0,15000,0,15000,191000
07929P,旺宏統一9B售07  ,0,0,0,0,0,0,0,0,0,190000,0,0,0,195000,5000,190000,190000
08447P,緯穎永豐9C售02  ,0,0,0,0,0,0,0,0,0,190000,0,0,0,270000,80000,190000,190000
061363,儒鴻國票9B購01  ,0,0,0,0,0,0,0,0,0,190000,0,0,0,255000,65000,190000,190000
07886P,國巨國票9B售06  ,0,0,0,0,0,0,0,0,0,189000,0,0,0,192000,3000,189000,189000
067846,大立光元富01購01,0,0,0,0,0,0,0,0,0,189000,0,0,0,219000,30000,189000,189000
067639,奇力新統一01購06,0,0,0,0,0,0,0,0,0,189000,0,0,0,274000,85000,189000,189000
068008,聯茂元大01購02  ,0,0,0,0,0,0,0,0,0,189000,0,0,0,200000,11000,189000,189000
058930,華新科統一9B購01,0,0,0,0,0,0,0,0,0,189000,0,0,0,189000,0,189000,189000
061673,仁寶元大9B購01  ,0,0,0,0,0,0,0,0,0,189000,0,0,0,218000,29000,189000,189000
064329,國巨元大01購03  ,0,0,0,0,0,0,0,0,0,189000,0,0,0,201000,12000,189000,189000
065536,健鼎統一02購04  ,0,0,0,0,0,0,0,0,0,189000,0,0,0,264000,75000,189000,189000
065646,健鼎元大9C購04  ,0,0,0,0,0,0,0,0,0,189000,0,0,0,289000,100000,189000,189000
067551,欣興中信02購01  ,0,0,0,0,0,0,0,0,0,188000,0,0,0,554000,366000,188000,188000
07836P,大成鋼元大9A售01,0,0,0,0,0,0,0,0,0,188000,0,0,0,188000,0,188000,188000
061041,南電永豐9A購03  ,0,0,0,0,0,0,0,0,0,188000,0,0,0,190000,2000,188000,188000
08800P,台積電元大01售20,0,0,0,0,0,0,0,0,0,188000,0,0,0,708000,520000,188000,188000
2545,皇翔            ,251000,63000,188000,0,0,0,0,0,0,0,0,0,0,0,0,0,188000
08380P,GIS元大9C售06   ,0,0,0,0,0,0,0,0,0,187000,0,0,0,192000,5000,187000,187000
07935P,臺股指國票9B售07,0,0,0,0,0,0,0,0,0,187000,0,0,0,187000,0,187000,187000
064867,華新科永豐9C購03,0,0,0,0,0,0,0,0,0,187000,0,0,0,227000,40000,187000,187000
9802,鈺齊-KY         ,476000,461000,15000,0,0,0,113000,0,113000,59000,7000,23000,-16000,79000,4000,75000,187000
08563P,金像電元富9C售03,0,0,0,0,0,0,0,0,0,186000,0,0,0,484000,298000,186000,186000
065546,景碩兆豐01購01  ,0,0,0,0,0,0,0,0,0,186000,0,0,0,261000,75000,186000,186000
065177,旭富元大9C購05  ,0,0,0,0,0,0,0,0,0,186000,0,0,0,244000,58000,186000,186000
9902,台火            ,206000,20000,186000,0,0,0,0,0,0,0,0,0,0,0,0,0,186000
062724,可成凱基9B購04  ,0,0,0,0,0,0,0,0,0,185000,0,0,0,185000,0,185000,185000
066481,華碩元富01購01  ,0,0,0,0,0,0,0,0,0,185000,0,0,0,204000,19000,185000,185000
3706,神達            ,791000,583000,208000,0,0,0,0,1000,-1000,-22000,14000,154000,-140000,148000,30000,118000,185000
08414P,超眾凱基9C售02  ,0,0,0,0,0,0,0,0,0,184000,0,0,0,226000,42000,184000,184000
061361,世紀鋼兆豐9A購01,0,0,0,0,0,0,0,0,0,184000,0,0,0,518000,334000,184000,184000
3694,海華            ,318000,133000,185000,0,0,0,0,0,0,-1000,0,1000,-1000,0,0,0,184000
067113,京鼎群益02購03  ,0,0,0,0,0,0,0,0,0,183000,0,0,0,195000,12000,183000,183000
067825,南港兆豐03購01  ,0,0,0,0,0,0,0,0,0,183000,0,0,0,460000,277000,183000,183000
067624,微星富邦04購01  ,0,0,0,0,0,0,0,0,0,182000,0,0,0,202000,20000,182000,182000
07889P,旭富國票9B售01  ,0,0,0,0,0,0,0,0,0,182000,0,0,0,182000,0,182000,182000
066441,聯強群益01購01  ,0,0,0,0,0,0,0,0,0,182000,0,0,0,201000,19000,182000,182000
065442,健鼎麥證9C購01  ,0,0,0,182000,0,182000,0,0,0,182000,0,0,0,182000,0,182000,182000
08158P,嘉澤元富9B售03  ,0,0,0,0,0,0,0,0,0,181000,0,0,0,231000,50000,181000,181000
067354,國揚群益01購03  ,0,0,0,0,0,0,0,0,0,181000,0,0,0,299000,118000,181000,181000
065272,聯茂元大9C購05  ,0,0,0,0,0,0,0,0,0,181000,0,0,0,181000,0,181000,181000
066006,大立光統一01購07,0,0,0,0,0,0,0,0,0,181000,0,0,0,296000,115000,181000,181000
3588,通嘉            ,267000,86000,181000,0,0,0,0,0,0,0,0,0,0,0,0,0,181000
08642P,華新科群益9C售06,0,0,0,0,0,0,0,0,0,180000,0,0,0,180000,0,180000,180000
058325,昇陽半永豐99購01,0,0,0,0,0,0,0,0,0,180000,0,0,0,190000,10000,180000,180000
061223,T50反1中信01購01,0,0,0,0,0,0,0,0,0,180000,0,0,0,280000,100000,180000,180000
066100,鎧勝中信05購01  ,0,0,0,0,0,0,0,0,0,180000,0,0,0,195000,15000,180000,180000
08836P,滬深2X國票02售04,0,0,0,0,0,0,0,0,0,180000,0,0,0,191000,11000,180000,180000
1612,宏泰            ,203000,23000,180000,0,0,0,0,0,0,0,0,0,0,0,0,0,180000
08608P,臺股指富邦9C售06,0,0,0,0,0,0,0,0,0,179000,0,0,0,280000,101000,179000,179000
067281,T50反1國票01購05,0,0,0,0,0,0,0,0,0,179000,0,0,0,1055000,876000,179000,179000
067853,京鼎國票02購01  ,0,0,0,0,0,0,0,0,0,179000,0,0,0,239000,60000,179000,179000
063449,全新統一9B購02  ,0,0,0,0,0,0,0,0,0,179000,0,0,0,224000,45000,179000,179000
063216,元黃金群益9B購02,0,0,0,0,0,0,0,0,0,179000,0,0,0,191000,12000,179000,179000
064206,鴻海凱基03購02  ,0,0,0,0,0,0,0,0,0,179000,0,0,0,191000,12000,179000,179000
068103,松翰永豐01購02  ,0,0,0,0,0,0,0,0,0,178000,0,0,0,368000,190000,178000,178000
07585P,台灣50中信03售06,0,0,0,0,0,0,0,0,0,178000,0,0,0,300000,122000,178000,178000
063783,儒鴻中信9C購01  ,0,0,0,0,0,0,0,0,0,178000,0,0,0,564000,386000,178000,178000
062080,奇力新元大9B購02,0,0,0,0,0,0,0,0,0,178000,0,0,0,178000,0,178000,178000
06675P,國巨國票99售02  ,0,0,0,0,0,0,0,0,0,178000,0,0,0,178000,0,178000,178000
08955P,台灣50凱基04售09,0,0,0,0,0,0,0,0,0,178000,0,0,0,578000,400000,178000,178000
062550,啟碁永豐9B購01  ,0,0,0,0,0,0,0,0,0,177000,0,0,0,177000,0,177000,177000
2359,所羅門          ,244000,65000,179000,0,0,0,0,0,0,-2000,1000,3000,-2000,0,0,0,177000
08231P,上銀元富9B售10  ,0,0,0,0,0,0,0,0,0,176000,0,0,0,293000,117000,176000,176000
067496,拓凱元大01購02  ,0,0,0,0,0,0,0,0,0,176000,0,0,0,398000,222000,176000,176000
063991,南六永豐9C購02  ,0,0,0,0,0,0,0,0,0,176000,0,0,0,176000,0,176000,176000
066143,惠特群益01購01  ,0,0,0,0,0,0,0,0,0,176000,0,0,0,226000,50000,176000,176000
067310,欣興元大01購05  ,0,0,0,0,0,0,0,0,0,175000,0,0,0,366000,191000,175000,175000
058677,矽格群益99購01  ,0,0,0,0,0,0,0,0,0,175000,0,0,0,195000,20000,175000,175000
064228,同欣電國票01購01,0,0,0,0,0,0,0,0,0,175000,0,0,0,216000,41000,175000,175000
064150,全新統一01購03  ,0,0,0,0,0,0,0,0,0,175000,0,0,0,193000,18000,175000,175000
064718,友達統一02購01  ,0,0,0,0,0,0,0,0,0,175000,0,0,0,325000,150000,175000,175000
063930,高鐵統一02購02  ,0,0,0,0,0,0,0,0,0,174000,0,0,0,174000,0,174000,174000
062008,南亞科國泰9C購01,0,0,0,0,0,0,0,0,0,174000,0,0,0,179000,5000,174000,174000
067221,台表科元大01購02,0,0,0,0,0,0,0,0,0,173000,0,0,0,189000,16000,173000,173000
059510,華新科永豐99購07,0,0,0,0,0,0,0,0,0,173000,0,0,0,263000,90000,173000,173000
006206,元大上證50      ,60000,3000,57000,0,0,0,0,0,0,116000,0,0,0,288000,172000,116000,173000
054826,復盛元大9A購01  ,0,0,0,0,0,0,0,0,0,173000,0,0,0,181000,8000,173000,173000
066518,惠特永豐01購02  ,0,0,0,0,0,0,0,0,0,173000,0,0,0,173000,0,173000,173000
08904P,為升國票03售01  ,0,0,0,0,0,0,0,0,0,172000,0,0,0,191000,19000,172000,172000
07754P,日月光元大9A售02,0,0,0,0,0,0,0,0,0,171000,0,0,0,171000,0,171000,171000
03448B,臺股指元大9C熊11,0,0,0,0,0,0,0,0,0,171000,0,0,0,187000,16000,171000,171000
03084P,鴻海元大01售23  ,0,0,0,0,0,0,0,0,0,171000,0,0,0,171000,0,171000,171000
063359,泰鼎國泰01購01  ,0,0,0,0,0,0,0,0,0,171000,0,0,0,221000,50000,171000,171000
065403,健鼎國泰02購01  ,0,0,0,0,0,0,0,0,0,171000,0,0,0,202000,31000,171000,171000
08311P,台積電國票9C售07,0,0,0,0,0,0,0,0,0,170000,0,0,0,320000,150000,170000,170000
056398,南茂永豐98購01  ,0,0,0,0,0,0,0,0,0,170000,0,0,0,170000,0,170000,170000
059076,FBVIX元大99購04 ,0,0,0,0,0,0,0,0,0,170000,0,0,0,170000,0,170000,170000
063292,致新元大9B購02  ,0,0,0,0,0,0,0,0,0,170000,0,0,0,170000,0,170000,170000
4526,東台            ,222000,52000,170000,0,0,0,0,0,0,0,0,0,0,0,0,0,170000
065089,大立光元大9C購23,0,0,0,0,0,0,0,0,0,169000,0,0,0,200000,31000,169000,169000
064552,巨大凱基01購01  ,0,0,0,0,0,0,0,0,0,169000,0,0,0,174000,5000,169000,169000
07878P,智邦群益9C售01  ,0,0,0,0,0,0,0,0,0,167000,0,0,0,167000,0,167000,167000
067827,富邦金兆豐03購01,0,0,0,0,0,0,0,0,0,167000,0,0,0,366000,199000,167000,167000
062984,致新元富9B購01  ,0,0,0,0,0,0,0,0,0,167000,0,0,0,233000,66000,167000,167000
062207,牧德國票9B購02  ,0,0,0,0,0,0,0,0,0,166000,0,0,0,216000,50000,166000,166000
065242,巨大凱基01購02  ,0,0,0,0,0,0,0,0,0,166000,0,0,0,166000,0,166000,166000
6533,晶心科          ,289000,117000,172000,0,0,0,0,0,0,-6000,0,6000,-6000,0,0,0,166000
2349,錸德            ,403000,237000,166000,0,0,0,0,0,0,0,0,0,0,0,0,0,166000
067776,巨大統一03購02  ,0,0,0,0,0,0,0,0,0,165000,0,0,0,175000,10000,165000,165000
08289P,智邦統一9C售01  ,0,0,0,0,0,0,0,0,0,165000,0,0,0,165000,0,165000,165000
053082,聯電元大98購03  ,0,0,0,0,0,0,0,0,0,165000,0,0,0,165000,0,165000,165000
061295,台積電國泰9B購02,0,0,0,0,0,0,0,0,0,165000,0,0,0,165000,0,165000,165000
061598,南電永豐9A購04  ,0,0,0,0,0,0,0,0,0,165000,0,0,0,180000,15000,165000,165000
061550,聯鈞群益9A購03  ,0,0,0,0,0,0,0,0,0,165000,0,0,0,230000,65000,165000,165000
08675P,旺宏群益01售03  ,0,0,0,0,0,0,0,0,0,164000,0,0,0,232000,68000,164000,164000
07894P,燿華元大9B售01  ,0,0,0,0,0,0,0,0,0,164000,0,0,0,224000,60000,164000,164000
07840P,康控元大9A售02  ,0,0,0,0,0,0,0,0,0,164000,0,0,0,221000,57000,164000,164000
068165,南電元大01購08  ,0,0,0,0,0,0,0,0,0,164000,0,0,0,165000,1000,164000,164000
057475,聯電元大9A購01  ,0,0,0,0,0,0,0,0,0,164000,0,0,0,164000,0,164000,164000
062185,禾伸堂元大9B購01,0,0,0,0,0,0,0,0,0,164000,0,0,0,168000,4000,164000,164000
064443,同欣電凱基03購01,0,0,0,0,0,0,0,0,0,164000,0,0,0,200000,36000,164000,164000
064812,旭富元大9C購04  ,0,0,0,0,0,0,0,0,0,164000,0,0,0,277000,113000,164000,164000
2108,南帝            ,637000,533000,104000,0,0,0,0,0,0,60000,0,61000,-61000,121000,0,121000,164000
067147,台積電統一04購01,0,0,0,0,0,0,0,0,0,163000,0,0,0,163000,0,163000,163000
053564,台積電富邦99購01,1000,0,1000,0,0,0,0,0,0,162000,0,0,0,239000,77000,162000,163000
059886,可成國票99購04  ,0,0,0,0,0,0,0,0,0,163000,0,0,0,184000,21000,163000,163000
062127,台勝科統一01購02,0,0,0,0,0,0,0,0,0,163000,0,0,0,163000,0,163000,163000
064554,儒鴻群益9C購01  ,0,0,0,0,0,0,0,0,0,163000,0,0,0,163000,0,163000,163000
066558,創意元大01購04  ,0,0,0,0,0,0,0,0,0,163000,0,0,0,199000,36000,163000,163000
07706P,長榮航元大9A售03,0,0,0,0,0,0,0,0,0,162000,0,0,0,172000,10000,162000,162000
058929,可成統一9C購01  ,0,0,0,0,0,0,0,0,0,162000,0,0,0,262000,100000,162000,162000
8926,台汽電          ,602000,238000,364000,0,0,0,0,0,0,-202000,0,202000,-202000,0,0,0,162000
053798,台積電中信98購02,2000,0,2000,0,0,0,0,0,0,159000,0,0,0,159000,0,159000,161000
00701,國泰股利精選30  ,36000,47000,-11000,0,0,0,0,0,0,172000,0,0,0,546000,374000,172000,161000
00650L,FH香港正2       ,69000,69000,0,0,0,0,0,0,0,161000,0,0,0,260000,99000,161000,161000
061879,超眾元大9C購01  ,0,0,0,0,0,0,0,0,0,161000,0,0,0,251000,90000,161000,161000
066540,景碩兆豐01購02  ,0,0,0,0,0,0,0,0,0,161000,0,0,0,358000,197000,161000,161000
064612,聯電元大01購01  ,0,0,0,0,0,0,0,0,0,161000,0,0,0,161000,0,161000,161000
064361,旺宏統一01購06  ,0,0,0,0,0,0,0,0,0,161000,0,0,0,163000,2000,161000,161000
6598,ABC-KY          ,220000,59000,161000,0,0,0,0,0,0,0,0,0,0,0,0,0,161000
6412,群電            ,269000,70688,198312,0,0,0,0,0,0,-38000,0,38000,-38000,0,0,0,160312
07895P,美律元大9B售01  ,0,0,0,0,0,0,0,0,0,160000,0,0,0,160000,0,160000,160000
07459P,緯穎元大9A售01  ,0,0,0,0,0,0,0,0,0,160000,0,0,0,160000,0,160000,160000
07209P,台積電凱基9A售10,0,0,0,0,0,0,0,0,0,160000,0,0,0,160000,0,160000,160000
07001P,國巨元大99售12  ,0,0,0,0,0,0,0,0,0,160000,0,0,0,160000,0,160000,160000
08093P,英業達元富9B售02,0,0,0,0,0,0,0,0,0,160000,0,0,0,201000,41000,160000,160000
067213,大立光元大01購11,0,0,0,0,0,0,0,0,0,160000,0,0,0,160000,0,160000,160000
058106,神達統一98購02  ,0,0,0,0,0,0,0,0,0,160000,0,0,0,160000,0,160000,160000
066688,台積電元富07購01,0,0,0,0,0,0,0,0,0,160000,0,0,0,1316000,1156000,160000,160000
060107,旭富元大99購03  ,0,0,0,0,0,0,0,0,0,159000,0,0,0,159000,0,159000,159000
2906,高林            ,261000,74000,187000,0,0,0,0,0,0,-28000,0,28000,-28000,0,0,0,159000
08132P,南六元大9B售05  ,0,0,0,0,0,0,0,0,0,158000,0,0,0,220000,62000,158000,158000
07070P,晶相光元富99售01,0,0,0,0,0,0,0,0,0,158000,0,0,0,158000,0,158000,158000
066134,強茂群益01購01  ,0,0,0,0,0,0,0,0,0,158000,0,0,0,280000,122000,158000,158000
065659,華新科永豐9C購04,0,0,0,0,0,0,0,0,0,158000,0,0,0,263000,105000,158000,158000
3019,亞光            ,419000,255000,164000,0,0,0,0,0,0,-6000,80000,104000,-24000,25000,7000,18000,158000
2609,陽明            ,465000,307000,158000,0,0,0,0,0,0,0,0,0,0,0,0,0,158000
6120,達運            ,254000,93000,161000,0,0,0,0,0,0,-3000,0,3000,-3000,0,0,0,158000
08085P,華通凱基9B售04  ,0,0,0,0,0,0,0,0,0,157000,0,0,0,165000,8000,157000,157000
08432P,台勝科凱基9C售02,0,0,0,0,0,0,0,0,0,157000,0,0,0,160000,3000,157000,157000
08332P,智邦台新9C售03  ,0,0,0,0,0,0,0,0,0,157000,0,0,0,157000,0,157000,157000
066743,和碩元大01購01  ,0,0,0,0,0,0,0,0,0,157000,0,0,0,157000,0,157000,157000
067735,聯電元大03購01  ,0,0,0,0,0,0,0,0,0,156000,0,0,0,156000,0,156000,156000
062016,美食永豐9B購01  ,0,0,0,0,0,0,0,0,0,156000,0,0,0,161000,5000,156000,156000
066247,中化元大01購02  ,0,0,0,0,0,0,0,0,0,156000,0,0,0,156000,0,156000,156000
2402,毅嘉            ,3177000,3022000,155000,0,0,0,0,0,0,1000,87000,86000,1000,0,0,0,156000
056700,華新科國泰99購03,0,0,0,0,0,0,0,0,0,155000,0,0,0,155000,0,155000,155000
066082,康友國泰03購01  ,0,0,0,0,0,0,0,0,0,155000,0,0,0,662000,507000,155000,155000
065478,緯創元大9C購03  ,0,0,0,0,0,0,0,0,0,155000,0,0,0,170000,15000,155000,155000
2314,台揚            ,403000,247000,156000,0,0,0,0,0,0,-1000,0,1000,-1000,0,0,0,155000
08744P,臺股指凱基02售05,0,0,0,0,0,0,0,0,0,155000,0,0,0,980000,825000,155000,155000
2467,志聖            ,254000,101000,153000,0,0,0,0,0,0,2000,5000,3000,2000,0,0,0,155000
08233P,國泰金元富9B售01,0,0,0,0,0,0,0,0,0,154000,0,0,0,202000,48000,154000,154000
057545,國巨凱基99購05  ,0,0,0,0,0,0,0,0,0,154000,0,0,0,176000,22000,154000,154000
058318,致茂永豐9A購01  ,0,0,0,0,0,0,0,0,0,154000,0,0,0,220000,66000,154000,154000
067542,旭富群益01購03  ,0,0,0,0,0,0,0,0,0,153000,0,0,0,206000,53000,153000,153000
059836,大立光國泰9B購02,0,0,0,0,0,0,0,0,0,153000,0,0,0,153000,0,153000,153000
06700P,臺股指統一99售05,0,0,0,0,0,0,0,0,0,152000,0,0,0,202000,50000,152000,152000
08180P,聯發科國泰01售05,0,0,0,0,0,0,0,0,0,152000,0,0,0,152000,0,152000,152000
058377,茂林凱基9A購03  ,0,0,0,0,0,0,0,0,0,152000,0,0,0,189000,37000,152000,152000
055713,國巨元大98購09  ,0,0,0,0,0,0,0,0,0,152000,0,0,0,203000,51000,152000,152000
03114P,台灣50富邦03售05,0,0,0,0,0,0,0,0,0,151000,0,0,0,151000,0,151000,151000
064716,國巨統一9C購14  ,0,0,0,0,0,0,0,0,0,151000,0,0,0,291000,140000,151000,151000
066084,國巨富邦05購01  ,0,0,0,0,0,0,0,0,0,151000,0,0,0,179000,28000,151000,151000
066216,南電統一03購01  ,0,0,0,0,0,0,0,0,0,151000,0,0,0,270000,119000,151000,151000
3024,憶聲            ,497000,346000,151000,0,0,0,0,0,0,0,0,0,0,0,0,0,151000
3060,銘異            ,178000,26000,152000,0,0,0,0,0,0,-1000,0,1000,-1000,0,0,0,151000
6504,南六            ,530000,347000,183000,0,0,0,0,60000,-60000,28000,15000,22000,-7000,76000,41000,35000,151000
08155P,聯發科元富9B售05,0,0,0,0,0,0,0,0,0,150000,0,0,0,200000,50000,150000,150000
08242P,聯發科凱基9C售06,0,0,0,0,0,0,0,0,0,150000,0,0,0,150000,0,150000,150000
07183P,臺股指凱基99售25,0,0,0,0,0,0,0,0,0,150000,0,0,0,150000,0,150000,150000
07475P,A50正2群益9C售02,0,0,0,0,0,0,0,0,0,150000,0,0,0,150000,0,150000,150000
067224,致新元大01購03  ,0,0,0,0,0,0,0,0,0,150000,0,0,0,150000,0,150000,150000
068007,玉晶光元大03購04,0,0,0,0,0,0,0,0,0,150000,0,0,0,155000,5000,150000,150000
058140,臻鼎元大99購02  ,0,0,0,0,0,0,0,0,0,150000,0,0,0,150000,0,150000,150000
058732,矽格永豐99購01  ,0,0,0,0,0,0,0,0,0,150000,0,0,0,166000,16000,150000,150000
062187,台勝科元大9B購02,0,0,0,0,0,0,0,0,0,150000,0,0,0,150000,0,150000,150000
062846,國泰金富邦9C購01,0,0,0,0,0,0,0,0,0,150000,0,0,0,459000,309000,150000,150000
063252,緯穎元大9B購07  ,0,0,0,0,0,0,0,0,0,150000,0,0,0,150000,0,150000,150000
060970,T50反1元大9A購08,0,0,0,0,0,0,0,0,0,150000,0,0,0,150000,0,150000,150000
3413,京鼎            ,575000,378000,197000,0,0,0,0,0,0,-47000,9000,19000,-10000,22000,59000,-37000,150000
064183,聯茂富邦01購01  ,0,0,0,0,0,0,0,0,0,149000,0,0,0,164000,15000,149000,149000
064057,緯穎統一02購01  ,0,0,0,0,0,0,0,0,0,149000,0,0,0,164000,15000,149000,149000
066292,惠特元大01購02  ,0,0,0,0,0,0,0,0,0,149000,0,0,0,149000,0,149000,149000
066472,美利達統一02購01,0,0,0,0,0,0,0,0,0,149000,0,0,0,235000,86000,149000,149000
3705,永信            ,298000,155000,143000,0,0,0,0,0,0,6000,6000,0,6000,0,0,0,149000
068058,聯電中信03購02  ,0,0,0,0,0,0,0,0,0,148000,0,0,0,380000,232000,148000,148000
064158,健鼎統一02購01  ,0,0,0,0,0,0,0,0,0,148000,0,0,0,148000,0,148000,148000
062528,全新統一9C購01  ,0,0,0,0,0,0,0,0,0,148000,0,0,0,148000,0,148000,148000
060928,明泰永豐9A購01  ,0,0,0,0,0,0,0,0,0,148000,0,0,0,150000,2000,148000,148000
062428,超眾統一9B購01  ,0,0,0,0,0,0,0,0,0,148000,0,0,0,158000,10000,148000,148000
066023,燿華群益01購02  ,0,0,0,0,0,0,0,0,0,148000,0,0,0,148000,0,148000,148000
065304,台勝科元富03購01,0,0,0,0,0,0,0,0,0,148000,0,0,0,154000,6000,148000,148000
2537,聯上發          ,198000,50000,148000,0,0,0,0,0,0,0,0,0,0,0,0,0,148000
067013,致新永豐01購01  ,0,0,0,0,0,0,0,0,0,146000,0,0,0,146000,0,146000,146000
03032P,華通國票03售01  ,0,0,0,0,0,0,0,0,0,146000,0,0,0,146000,0,146000,146000
1802,台玻            ,981000,430000,551000,0,0,0,0,0,0,-405000,0,405000,-405000,0,0,0,146000
07317P,T50正2凱基9B售02,0,0,0,0,0,0,0,0,0,145000,0,0,0,150000,5000,145000,145000
08565P,聯發科群益9C售12,0,0,0,0,0,0,0,0,0,145000,0,0,0,145000,0,145000,145000
00673R,元大S&P原油反1  ,0,0,0,0,0,0,0,0,0,145000,0,0,0,313000,168000,145000,145000
08792P,聯發科中信02售02,0,0,0,0,0,0,0,0,0,145000,0,0,0,277000,132000,145000,145000
2356,英業達          ,7297000,7018180,278820,0,0,0,455000,1000,454000,-588000,127000,449000,-322000,8000,274000,-266000,144820
07506P,中租元大9A售01  ,0,0,0,0,0,0,0,0,0,144000,0,0,0,154000,10000,144000,144000
061241,晶技兆豐9A購01  ,0,0,0,0,0,0,0,0,0,144000,0,0,0,154000,10000,144000,144000
2348,海悅            ,278000,134000,144000,0,0,0,0,0,0,0,6000,6000,0,0,0,0,144000
9105,泰金寶-DR       ,170000,26000,144000,0,0,0,0,0,0,0,0,0,0,0,0,0,144000
08779P,旺宏群益01售04  ,0,0,0,0,0,0,0,0,0,143000,0,0,0,157000,14000,143000,143000
08907P,奇鋐群益01售03  ,0,0,0,0,0,0,0,0,0,143000,0,0,0,146000,3000,143000,143000
03122P,台積電元大01售44,0,0,0,0,0,0,0,0,0,142000,0,0,0,163000,21000,142000,142000
057963,緯穎元大98購08  ,0,0,0,0,0,0,0,0,0,142000,0,0,0,142000,0,142000,142000
062575,景碩群益9B購01  ,0,0,0,0,0,0,0,0,0,142000,0,0,0,169000,27000,142000,142000
066154,聯強康和01購01  ,0,0,0,0,0,0,0,0,0,142000,0,0,0,156000,14000,142000,142000
08194P,同欣電國票9C售03,0,0,0,0,0,0,0,0,0,141000,0,0,0,191000,50000,141000,141000
006207,FH滬深          ,122000,31000,91000,0,0,0,0,0,0,50000,0,0,0,168000,118000,50000,141000
03017P,深中小群益01售02,0,0,0,0,0,0,0,0,0,141000,0,0,0,151000,10000,141000,141000
064145,宏碁統一02購01  ,0,0,0,0,0,0,0,0,0,141000,0,0,0,331000,190000,141000,141000
2538,基泰            ,176000,35000,141000,0,0,0,0,0,0,0,0,0,0,0,0,0,141000
068116,欣興元富07購01  ,0,0,0,0,0,0,0,0,0,140000,0,0,0,262000,122000,140000,140000
061837,華新科凱基05購02,0,0,0,0,0,0,0,0,0,140000,0,0,0,150000,10000,140000,140000
063282,奇力新元大9B購06,0,0,0,0,0,0,0,0,0,140000,0,0,0,140000,0,140000,140000
066426,台勝科元大01購02,0,0,0,0,0,0,0,0,0,140000,0,0,0,140000,0,140000,140000
06652P,長榮航元大98售01,0,0,0,0,0,0,0,0,0,140000,0,0,0,140000,0,140000,140000
065650,旭富元大9C購07  ,0,0,0,0,0,0,0,0,0,140000,0,0,0,258000,118000,140000,140000
2107,厚生            ,251000,14000,237000,0,0,0,0,0,0,-97000,0,97000,-97000,0,0,0,140000
5531,鄉林            ,290500,151000,139500,0,0,0,0,0,0,0,0,0,0,0,0,0,139500
067200,深中小元大03購01,0,0,0,0,0,0,0,0,0,139000,0,0,0,206000,67000,139000,139000
08644P,臺股指中信02售02,0,0,0,0,0,0,0,0,0,139000,0,0,0,565000,426000,139000,139000
05755P,臺股指中信99售04,0,0,0,0,0,0,0,0,0,139000,0,0,0,433000,294000,139000,139000
065643,聯發科元大01購06,0,0,0,0,0,0,0,0,0,139000,0,0,0,149000,10000,139000,139000
064914,友達統一02購03  ,0,0,0,0,0,0,0,0,0,139000,0,0,0,150000,11000,139000,139000
065747,華通元大9C購07  ,0,0,0,0,0,0,0,0,0,139000,0,0,0,353000,214000,139000,139000
068239,道瓊銀元大01購04,0,0,0,0,0,0,0,0,0,138000,0,0,0,359000,221000,138000,138000
067177,日月光麥證01購02,0,0,0,138000,0,138000,0,0,0,138000,0,0,0,138000,0,138000,138000
064300,英業達兆豐9C購01,0,0,0,0,0,0,0,0,0,138000,0,0,0,194000,56000,138000,138000
2385,群光            ,742000,624474,117526,0,0,0,125000,0,125000,-105000,4000,63000,-59000,5000,51000,-46000,137526
2360,致茂            ,522393,207000,315393,0,0,0,0,105000,-105000,-73000,13000,71000,-58000,0,15000,-15000,137393
067658,矽格元富04購01  ,0,0,0,0,0,0,0,0,0,137000,0,0,0,176000,39000,137000,137000
058278,FBVIX中信03購02 ,0,1000,-1000,0,0,0,0,0,0,138000,0,0,0,140000,2000,138000,137000
064384,聯電富邦01購01  ,0,0,0,0,0,0,0,0,0,137000,0,0,0,137000,0,137000,137000
1732,毛寶            ,224000,88000,136000,0,0,0,0,0,0,1000,1000,0,1000,0,0,0,137000
067712,惠特元富04購01  ,0,0,0,0,0,0,0,0,0,136000,0,0,0,278000,142000,136000,136000
07191P,台積電元大99售32,0,0,0,0,0,0,0,0,0,136000,0,0,0,136000,0,136000,136000
08074P,緯穎元富9B售02  ,0,0,0,0,0,0,0,0,0,136000,0,0,0,136000,0,136000,136000
062531,大立光統一9C購06,0,0,0,0,0,0,0,0,0,136000,0,0,0,136000,0,136000,136000
1712,興農            ,179000,43000,136000,0,0,0,0,0,0,0,0,0,0,0,0,0,136000
08783P,台積電元大01售18,0,0,0,0,0,0,0,0,0,136000,0,0,0,361000,225000,136000,136000
07903P,台積電群益9B售03,0,0,0,0,0,0,0,0,0,135000,0,0,0,160000,25000,135000,135000
068395,GIS統一03購03   ,0,0,0,0,0,0,0,0,0,135000,0,0,0,150000,15000,135000,135000
061267,玉山金凱基9B購01,0,0,0,0,0,0,0,0,0,135000,0,0,0,420000,285000,135000,135000
062215,華通統一9B購01  ,0,0,0,0,0,0,0,0,0,135000,0,0,0,235000,100000,135000,135000
064485,儒鴻元大01購01  ,0,0,0,0,0,0,0,0,0,135000,0,0,0,434000,299000,135000,135000
3030,德律            ,230000,93000,137000,0,0,0,0,0,0,-2000,21000,29000,-8000,7000,1000,6000,135000
08027P,嘉晶元大9B售03  ,0,0,0,0,0,0,0,0,0,134000,0,0,0,134000,0,134000,134000
064759,景碩凱基9C購01  ,0,0,0,0,0,0,0,0,0,134000,0,0,0,222000,88000,134000,134000
067708,華新科元富01購01,0,0,0,0,0,0,0,0,0,133000,0,0,0,143000,10000,133000,133000
061005,可成兆豐9A購01  ,0,0,0,0,0,0,0,0,0,133000,0,0,0,205000,72000,133000,133000
064465,台表科統一01購02,0,0,0,0,0,0,0,0,0,133000,0,0,0,153000,20000,133000,133000
065105,巨大元大01購01  ,0,0,0,0,0,0,0,0,0,133000,0,0,0,173000,40000,133000,133000
1773,勝一            ,214200,87000,127200,0,0,0,0,0,0,5000,6000,1000,5000,0,0,0,132200
067356,欣興群益01購01  ,0,0,0,0,0,0,0,0,0,132000,0,0,0,165000,33000,132000,132000
063649,南六元大9C購02  ,0,0,0,0,0,0,0,0,0,132000,0,0,0,219000,87000,132000,132000
063051,仁寶統一01購01  ,0,0,0,0,0,0,0,0,0,132000,0,0,0,142000,10000,132000,132000
064410,超眾凱基02購01  ,0,0,0,0,0,0,0,0,0,132000,0,0,0,278000,146000,132000,132000
1541,錩泰            ,150000,15000,135000,0,0,0,0,0,0,-3000,0,3000,-3000,0,0,0,132000
1449,佳和            ,193000,61000,132000,0,0,0,0,0,0,0,0,0,0,0,0,0,132000
08431P,景碩凱基9C售02  ,0,0,0,0,0,0,0,0,0,131000,0,0,0,141000,10000,131000,131000
08393P,鴻海群益9C售05  ,0,0,0,0,0,0,0,0,0,131000,0,0,0,131000,0,131000,131000
058735,南茂永豐99購01  ,0,0,0,0,0,0,0,0,0,131000,0,0,0,131000,0,131000,131000
060043,全新群益9B購02  ,0,0,0,0,0,0,0,0,0,131000,0,0,0,133000,2000,131000,131000
066532,力成元富07購01  ,0,0,0,0,0,0,0,0,0,131000,0,0,0,284000,153000,131000,131000
08213P,台光電統一9B售03,0,0,0,0,0,0,0,0,0,130000,0,0,0,130000,0,130000,130000
06867P,訊芯元大98售08  ,0,0,0,0,0,0,0,0,0,130000,0,0,0,151000,21000,130000,130000
067690,惠特元大01購04  ,0,0,0,0,0,0,0,0,0,130000,0,0,0,130000,0,130000,130000
067972,玉晶光群益02購22,0,0,0,0,0,0,0,0,0,130000,0,0,0,130000,0,130000,130000
059298,大立光元富9C購02,0,0,0,0,0,0,0,0,0,130000,0,0,0,349000,219000,130000,130000
057958,禾伸堂元大99購05,0,0,0,0,0,0,0,0,0,130000,0,0,0,130000,0,130000,130000
061503,臻鼎國票9B購01  ,0,0,0,0,0,0,0,0,0,130000,0,0,0,130000,0,130000,130000
064282,大立光元大9C購13,0,0,0,0,0,0,0,0,0,130000,0,0,0,130000,0,130000,130000
064236,奇力新統一01購04,0,0,0,0,0,0,0,0,0,130000,0,0,0,143000,13000,130000,130000
065846,華新科元大03購01,0,0,0,0,0,0,0,0,0,130000,0,0,0,180000,50000,130000,130000
065522,旭富群益9C購03  ,0,0,0,0,0,0,0,0,0,130000,0,0,0,130000,0,130000,130000
067471,台積電元大01購26,0,0,0,0,0,0,0,0,0,129000,0,0,0,235000,106000,129000,129000
07671P,超眾元大9A售04  ,0,0,0,0,0,0,0,0,0,129000,0,0,0,129000,0,129000,129000
08219P,上銀凱基9B售08  ,0,0,0,0,0,0,0,0,0,129000,0,0,0,150000,21000,129000,129000
064155,大立光統一01購05,0,0,0,0,0,0,0,0,0,129000,0,0,0,129000,0,129000,129000
06485P,玉晶光群益9A售02,0,0,0,0,0,0,0,0,0,129000,0,0,0,135000,6000,129000,129000
066664,嘉晶凱基02購01  ,0,0,0,0,0,0,0,0,0,129000,0,0,0,130000,1000,129000,129000
3003,健和興          ,230000,81000,149000,0,0,0,0,0,0,-20000,0,20000,-20000,0,0,0,129000
08535P,和大國票01售02  ,0,0,0,0,0,0,0,0,0,128000,0,0,0,423000,295000,128000,128000
067938,玉晶光凱基02購05,0,0,0,0,0,0,0,0,0,128000,0,0,0,241000,113000,128000,128000
067798,GIS中信03購01   ,0,0,0,0,0,0,0,0,0,128000,0,0,0,137000,9000,128000,128000
064045,南亞科統一9C購04,0,0,0,0,0,0,0,0,0,128000,0,0,0,128000,0,128000,128000
06458P,玉晶光統一9A售02,0,0,0,0,0,0,0,0,0,128000,0,0,0,128000,0,128000,128000
3040,遠見            ,218000,90000,128000,0,0,0,0,0,0,0,0,0,0,0,0,0,128000
6552,易華電          ,184000,52000,132000,0,0,0,0,0,0,-4000,0,4000,-4000,0,0,0,128000
067023,巨大中信01購01  ,0,0,0,0,0,0,0,0,0,127000,0,0,0,147000,20000,127000,127000
08664P,金像電凱基01售02,0,0,0,0,0,0,0,0,0,127000,0,0,0,137000,10000,127000,127000
061669,崇越中信9A購01  ,0,0,0,0,0,0,0,0,0,127000,0,0,0,137000,10000,127000,127000
065774,旭富國票01購01  ,0,0,0,0,0,0,0,0,0,127000,0,0,0,127000,0,127000,127000
3583,辛耘            ,390000,259000,131000,0,0,0,0,0,0,-4000,0,4000,-4000,0,0,0,127000
1457,宜進            ,146000,19000,127000,0,0,0,0,0,0,0,0,0,0,0,0,0,127000
1472,三洋紡          ,136000,9000,127000,0,0,0,0,0,0,0,0,0,0,0,0,0,127000
1417,嘉裕            ,188000,61000,127000,0,0,0,0,0,0,0,0,0,0,0,0,0,127000
1710,東聯            ,356000,229000,127000,0,0,0,0,0,0,0,0,0,0,0,0,0,127000
1231,聯華食          ,158000,31000,127000,0,0,0,0,0,0,0,0,0,0,0,0,0,127000
067032,致新元富01購01  ,0,0,0,0,0,0,0,0,0,126000,0,0,0,159000,33000,126000,126000
057567,嘉聯益富邦9A購01,0,0,0,0,0,0,0,0,0,126000,0,0,0,180000,54000,126000,126000
063895,新光金群益01購01,0,0,0,0,0,0,0,0,0,126000,0,0,0,493000,367000,126000,126000
066355,惠特永豐01購01  ,0,0,0,0,0,0,0,0,0,126000,0,0,0,126000,0,126000,126000
2017,官田鋼          ,148000,22000,126000,0,0,0,0,0,0,0,0,0,0,0,0,0,126000
4942,嘉彰            ,169000,25000,144000,0,0,0,0,0,0,-18000,8000,26000,-18000,0,0,0,126000
067141,台表科永豐01購01,0,0,0,0,0,0,0,0,0,125000,0,0,0,298000,173000,125000,125000
07950P,智邦元大9B售04  ,0,0,0,0,0,0,0,0,0,125000,0,0,0,125000,0,125000,125000
07714P,世紀鋼元大9A售03,0,0,0,0,0,0,0,0,0,125000,0,0,0,125000,0,125000,125000
07791P,奇鋐元大9A售02  ,0,0,0,0,0,0,0,0,0,125000,0,0,0,130000,5000,125000,125000
07300P,臺股指元大9A售33,0,0,0,0,0,0,0,0,0,125000,0,0,0,200000,75000,125000,125000
03091P,臺股指元大01售20,0,0,0,0,0,0,0,0,0,125000,0,0,0,451000,326000,125000,125000
056668,光磊國票99購01  ,0,0,0,0,0,0,0,0,0,125000,0,0,0,126000,1000,125000,125000
060124,奇力新永豐99購03,0,0,0,0,0,0,0,0,0,125000,0,0,0,125000,0,125000,125000
061986,晶豪科元大9B購01,0,0,0,0,0,0,0,0,0,125000,0,0,0,129000,4000,125000,125000
064713,和大統一02購01  ,0,0,0,0,0,0,0,0,0,125000,0,0,0,125000,0,125000,125000
08281P,國巨群益9C售08  ,0,0,0,0,0,0,0,0,0,124000,0,0,0,153000,29000,124000,124000
08524P,奇力新元大9C售01,0,0,0,0,0,0,0,0,0,124000,0,0,0,136000,12000,124000,124000
067029,台表科兆豐03購01,0,0,0,0,0,0,0,0,0,124000,0,0,0,159000,35000,124000,124000
067648,國巨元富07購09  ,0,0,0,0,0,0,0,0,0,124000,0,0,0,125000,1000,124000,124000
057041,國巨元大99購04  ,0,0,0,0,0,0,0,0,0,124000,0,0,0,160000,36000,124000,124000
00851,台新全球AI      ,0,0,0,0,0,0,0,0,0,124000,0,0,0,196000,72000,124000,124000
061969,大立光統一01購02,0,0,0,0,0,0,0,0,0,124000,0,0,0,130000,6000,124000,124000
064071,台郡永豐9C購01  ,0,0,0,0,0,0,0,0,0,124000,0,0,0,125000,1000,124000,124000
061745,南電凱基9B購02  ,0,0,0,0,0,0,0,0,0,124000,0,0,0,124000,0,124000,124000
2534,宏盛            ,203000,79000,124000,0,0,0,0,0,0,0,0,0,0,0,0,0,124000
08989P,玉晶光國票03售01,0,0,0,0,0,0,0,0,0,124000,0,0,0,124000,0,124000,124000
067323,美利達元大01購04,0,0,0,0,0,0,0,0,0,123000,0,0,0,152000,29000,123000,123000
08108P,聯發科元富9B售03,0,0,0,0,0,0,0,0,0,123000,0,0,0,123000,0,123000,123000
064910,臺股指麥證9C購04,0,0,0,123000,0,123000,0,0,0,123000,0,0,0,123000,0,123000,123000
065190,緯穎統一9C購02  ,0,0,0,0,0,0,0,0,0,123000,0,0,0,123000,0,123000,123000
066225,松翰國泰03購01  ,0,0,0,0,0,0,0,0,0,123000,0,0,0,124000,1000,123000,123000
3437,榮創            ,934000,811000,123000,0,0,0,0,0,0,0,0,0,0,0,0,0,123000
067041,國巨凱基04購02  ,0,20000,-20000,0,0,0,0,0,0,142000,0,0,0,206000,64000,142000,122000
067275,聯發科統一02購07,0,0,0,0,0,0,0,0,0,122000,0,0,0,815000,693000,122000,122000
056492,全新國泰9A購01  ,0,0,0,0,0,0,0,0,0,122000,0,0,0,122000,0,122000,122000
062568,緯穎中信9C購01  ,0,0,0,0,0,0,0,0,0,122000,0,0,0,132000,10000,122000,122000
064911,光寶科統一02購01,0,10000,-10000,0,0,0,0,0,0,132000,0,0,0,216000,84000,132000,122000
08734P,創意康和01售02  ,0,0,0,0,0,0,0,0,0,122000,0,0,0,202000,80000,122000,122000
067308,欣興元大01購03  ,0,0,0,0,0,0,0,0,0,121000,0,0,0,372000,251000,121000,121000
08118P,嘉澤元富9B售02  ,0,0,0,0,0,0,0,0,0,121000,0,0,0,151000,30000,121000,121000
063633,金像電元大9B購05,0,0,0,0,0,0,0,0,0,121000,0,0,0,157000,36000,121000,121000
062098,億光永豐9B購01  ,0,0,0,0,0,0,0,0,0,121000,0,0,0,121000,0,121000,121000
065485,巨大元大9C購02  ,0,0,0,0,0,0,0,0,0,121000,0,0,0,126000,5000,121000,121000
065840,國巨元大03購01  ,0,0,0,0,0,0,0,0,0,121000,0,0,0,142000,21000,121000,121000
066574,康友元大01購01  ,0,0,0,0,0,0,0,0,0,121000,0,0,0,187000,66000,121000,121000
4164,承業醫          ,259000,62000,197000,0,0,0,0,0,0,-76000,0,76000,-76000,0,0,0,121000
08214P,南六統一9B售03  ,0,0,0,0,0,0,0,0,0,120000,0,0,0,422000,302000,120000,120000
08383P,智邦群益9C售03  ,0,0,0,0,0,0,0,0,0,120000,0,0,0,120000,0,120000,120000
08499P,臺股指國票9C售01,0,0,0,0,0,0,0,0,0,120000,0,0,0,120000,0,120000,120000
08516P,技嘉群益01售02  ,0,0,0,0,0,0,0,0,0,120000,0,0,0,208000,88000,120000,120000
063516,香港反凱基03購01,0,0,0,0,0,0,0,0,0,120000,0,0,0,135000,15000,120000,120000
00763U,街口道瓊銅      ,0,0,0,0,0,0,0,0,0,120000,0,0,0,120000,0,120000,120000
062651,世紀鋼富邦9C購01,0,0,0,0,0,0,0,0,0,120000,0,0,0,467000,347000,120000,120000
061949,大立光群益9B購03,0,0,0,0,0,0,0,0,0,120000,0,0,0,120000,0,120000,120000
066685,T50反1元富07購02,0,0,0,0,0,0,0,0,0,120000,0,0,0,430000,310000,120000,120000
065869,微星群益02購01  ,0,0,0,0,0,0,0,0,0,120000,0,0,0,120000,0,120000,120000
065945,鴻海統一02購01  ,0,0,0,0,0,0,0,0,0,120000,0,0,0,376000,256000,120000,120000
065033,和碩兆豐9C購01  ,0,0,0,0,0,0,0,0,0,120000,0,0,0,120000,0,120000,120000
064872,南電永豐9C購02  ,0,0,0,0,0,0,0,0,0,120000,0,0,0,130000,10000,120000,120000
064369,彩晶統一01購01  ,0,0,0,0,0,0,0,0,0,120000,0,0,0,142000,22000,120000,120000
2634,漢翔            ,353000,158000,195000,0,0,0,0,0,0,-75000,0,137000,-137000,62000,0,62000,120000
08724P,臺股指元大01售05,0,0,0,0,0,0,0,0,0,120000,0,0,0,120000,0,120000,120000
067333,凌陽凱基02購01  ,0,0,0,0,0,0,0,0,0,119000,0,0,0,190000,71000,119000,119000
067377,欣興統一02購01  ,0,0,0,0,0,0,0,0,0,119000,0,0,0,159000,40000,119000,119000
060467,神基元大9A購01  ,0,0,0,0,0,0,0,0,0,119000,0,0,0,137000,18000,119000,119000
064603,和碩元富9C購01  ,0,0,0,0,0,0,0,0,0,119000,0,0,0,119000,0,119000,119000
065830,景碩凱基9C購04  ,0,0,0,0,0,0,0,0,0,119000,0,0,0,129000,10000,119000,119000
066683,和碩兆豐01購01  ,0,0,0,0,0,0,0,0,0,119000,0,0,0,119000,0,119000,119000
068188,T50反1凱基04購02,0,0,0,0,0,0,0,0,0,118000,0,0,0,130000,12000,118000,118000
063860,旺宏國泰02購01  ,0,0,0,0,0,0,0,0,0,118000,0,0,0,141000,23000,118000,118000
065800,技嘉群益9C購01  ,0,0,0,0,0,0,0,0,0,118000,0,0,0,143000,25000,118000,118000
065241,南電凱基01購02  ,0,0,0,0,0,0,0,0,0,118000,0,0,0,118000,0,118000,118000
1307,三芳            ,148000,30000,118000,0,0,0,0,0,0,0,0,0,0,0,0,0,118000
07839P,嘉澤元大9A售04  ,0,0,0,0,0,0,0,0,0,117000,0,0,0,279000,162000,117000,117000
063021,大立光元大9C購05,0,0,0,0,0,0,0,0,0,117000,0,0,0,132000,15000,117000,117000
064931,南六統一9C購05  ,0,0,0,0,0,0,0,0,0,117000,0,0,0,229000,112000,117000,117000
065866,鴻海群益9C購07  ,0,0,0,0,0,0,0,0,0,117000,0,0,0,121000,4000,117000,117000
3026,禾伸堂          ,408000,243000,165000,0,0,0,0,0,0,-48000,0,23000,-23000,4000,29000,-25000,117000
067324,巨大元大01購04  ,0,0,0,0,0,0,0,0,0,116000,0,0,0,116000,0,116000,116000
00672L,元大S&P原油正2  ,0,0,0,0,0,0,0,0,0,116000,0,0,0,240000,124000,116000,116000
055428,友達群益9C購01  ,0,0,0,0,0,0,0,0,0,116000,0,0,0,121000,5000,116000,116000
055976,台積電統一99購03,20000,0,20000,0,0,0,0,0,0,96000,0,0,0,152000,56000,96000,116000
062907,可成元大9C購03  ,0,0,0,0,0,0,0,0,0,116000,0,0,0,122000,6000,116000,116000
063202,南亞科統一9C購02,0,0,0,0,0,0,0,0,0,116000,0,0,0,116000,0,116000,116000
3006,晶豪科          ,482000,272000,210000,0,0,0,0,0,0,-94000,5000,39000,-34000,0,60000,-60000,116000
067970,玉晶光群益02購20,0,0,0,0,0,0,0,0,0,115000,0,0,0,133000,18000,115000,115000
068045,滬深2X統一03購01,0,0,0,0,0,0,0,0,0,115000,0,0,0,120000,5000,115000,115000
07224P,鴻海元大9A售02  ,0,0,0,0,0,0,0,0,0,115000,0,0,0,295000,180000,115000,115000
08495P,同欣電元大9C售08,0,0,0,0,0,0,0,0,0,115000,0,0,0,115000,0,115000,115000
056906,玉晶光元大9B購01,0,0,0,0,0,0,0,0,0,115000,0,0,0,421000,306000,115000,115000
062325,鴻海統一9B購05  ,0,0,0,0,0,0,0,0,0,115000,0,0,0,118000,3000,115000,115000
061077,國巨兆豐9B購01  ,0,0,0,0,0,0,0,0,0,115000,0,0,0,123000,8000,115000,115000
066069,英業達凱基02購01,0,0,0,0,0,0,0,0,0,115000,0,0,0,151000,36000,115000,115000
066555,聯詠元大01購01  ,0,0,0,0,0,0,0,0,0,115000,0,0,0,117000,2000,115000,115000
066753,聯鈞國泰03購01  ,0,0,0,0,0,0,0,0,0,115000,0,0,0,115000,0,115000,115000
065090,大立光元大9C購24,0,0,0,0,0,0,0,0,0,115000,0,0,0,116000,1000,115000,115000
1592,英瑞-KY         ,143000,28000,115000,0,0,0,0,0,0,0,0,0,0,0,0,0,115000
07951P,智邦元大9B售05  ,0,0,0,0,0,0,0,0,0,114000,0,0,0,114000,0,114000,114000
07874P,長榮航群益9B售01,0,0,0,0,0,0,0,0,0,114000,0,0,0,114000,0,114000,114000
07011P,宏達電凱基99售02,0,0,0,0,0,0,0,0,0,114000,0,0,0,200000,86000,114000,114000
06888P,日月光元大98售02,0,0,0,0,0,0,0,0,0,114000,0,0,0,184000,70000,114000,114000
067589,拓凱群益02購01  ,0,0,0,0,0,0,0,0,0,114000,0,0,0,329000,215000,114000,114000
00783,富邦中証500     ,119000,16000,103000,0,0,0,0,176000,-176000,187000,0,0,0,1096000,909000,187000,114000
03452B,臺股指凱基03熊05,0,0,0,0,0,0,0,0,0,114000,0,0,0,362000,248000,114000,114000
064174,致新元富9C購02  ,0,0,0,0,0,0,0,0,0,114000,0,0,0,114000,0,114000,114000
08880P,全新凱基01售02  ,0,0,0,0,0,0,0,0,0,114000,0,0,0,285000,171000,114000,114000
08741P,國巨凱基01售05  ,0,0,0,0,0,0,0,0,0,114000,0,0,0,209000,95000,114000,114000
6142,友勁            ,144000,30000,114000,0,0,0,0,0,0,0,0,0,0,0,0,0,114000
6715,嘉基            ,184000,104000,80000,0,0,0,0,0,0,34000,0,0,0,40000,6000,34000,114000
067204,國巨元大02購02  ,0,0,0,0,0,0,0,0,0,113000,0,0,0,252000,139000,113000,113000
066981,聯發科群益02購07,0,0,0,0,0,0,0,0,0,113000,0,0,0,113000,0,113000,113000
08545P,南電國泰01售02  ,0,0,0,0,0,0,0,0,0,113000,0,0,0,113000,0,113000,113000
062172,南六永豐9B購01  ,0,0,0,0,0,0,0,0,0,113000,0,0,0,133000,20000,113000,113000
063347,祥碩統一01購03  ,0,0,0,0,0,0,0,0,0,113000,0,0,0,114000,1000,113000,113000
066313,泰豐永豐01購01  ,0,0,0,0,0,0,0,0,0,113000,0,0,0,113000,0,113000,113000
3266,昇陽            ,121000,7000,114000,0,0,0,0,0,0,-1000,0,1000,-1000,0,0,0,113000
2302,麗正            ,120000,7000,113000,0,0,0,0,0,0,0,0,0,0,0,0,0,113000
08452P,智邦台新9C售05  ,0,0,0,0,0,0,0,0,0,112000,0,0,0,112000,0,112000,112000
051266,國巨富邦99購01  ,0,0,0,0,0,0,0,0,0,112000,0,0,0,223000,111000,112000,112000
052847,漢唐統一99購01  ,0,0,0,0,0,0,0,0,0,112000,0,0,0,283000,171000,112000,112000
060401,世紀鋼國票9B購01,0,0,0,0,0,0,0,0,0,112000,0,0,0,112000,0,112000,112000
059618,台積電日盛99購01,0,0,0,0,0,0,0,0,0,112000,0,0,0,112000,0,112000,112000
062622,南電元大9B購03  ,0,0,0,0,0,0,0,0,0,112000,0,0,0,123000,11000,112000,112000
065909,大立光永豐9C購02,0,0,0,0,0,0,0,0,0,112000,0,0,0,122000,10000,112000,112000
065095,玉晶光元大02購02,0,0,0,0,0,0,0,0,0,112000,0,0,0,152000,40000,112000,112000
067292,大立光兆豐01購01,0,0,0,0,0,0,0,0,0,111000,0,0,0,111000,0,111000,111000
064063,健策國泰01購02  ,0,0,0,0,0,0,0,0,0,111000,0,0,0,111000,0,111000,111000
065932,世紀鋼國票02購01,0,0,0,0,0,0,0,0,0,111000,0,0,0,220000,109000,111000,111000
066627,大毅凱基03購01  ,0,0,0,0,0,0,0,0,0,111000,0,0,0,111000,0,111000,111000
5269,祥碩            ,466000,321000,145000,0,0,0,3000,44000,-41000,7000,20000,15000,5000,4000,2000,2000,111000
06697P,台積電國票99售05,0,0,0,0,0,0,0,0,0,110000,0,0,0,110000,0,110000,110000
067772,超眾統一03購02  ,0,0,0,0,0,0,0,0,0,110000,0,0,0,203000,93000,110000,110000
08371P,京元電凱基9C售01,0,0,0,0,0,0,0,0,0,110000,0,0,0,160000,50000,110000,110000
08147P,聯發科群益9B售10,0,0,0,0,0,0,0,0,0,110000,0,0,0,110000,0,110000,110000
08205P,智邦凱基9B售03  ,0,0,0,0,0,0,0,0,0,110000,0,0,0,110000,0,110000,110000
07912P,玉晶光統一9B售02,0,0,0,0,0,0,0,0,0,110000,0,0,0,110000,0,110000,110000
07484P,台灣50凱基04售02,0,0,0,0,0,0,0,0,0,110000,0,0,0,110000,0,110000,110000
08697P,臺股指麥證01售03,0,0,0,151000,40000,111000,0,0,0,110000,0,0,0,151000,41000,110000,110000
056276,同欣電國泰98購01,0,0,0,0,0,0,0,0,0,110000,0,0,0,110000,0,110000,110000
055225,華邦電國票99購01,0,0,0,0,0,0,0,0,0,110000,0,0,0,135000,25000,110000,110000
058119,華新亞東99購01  ,0,0,0,0,0,0,0,0,0,110000,0,0,0,110000,0,110000,110000
054640,健策中信9B購01  ,0,0,0,0,0,0,0,0,0,110000,0,0,0,170000,60000,110000,110000
058145,聯茂元大99購03  ,0,0,0,0,0,0,0,0,0,110000,0,0,0,110000,0,110000,110000
064258,臻鼎國泰01購02  ,0,0,0,0,0,0,0,0,0,110000,0,0,0,110000,0,110000,110000
062908,晶豪科元大9B購03,0,0,0,0,0,0,0,0,0,110000,0,0,0,210000,100000,110000,110000
060698,旺宏國泰9C購01  ,0,0,0,0,0,0,0,0,0,110000,0,0,0,110000,0,110000,110000
066480,國巨元富07購02  ,0,0,0,0,0,0,0,0,0,110000,0,0,0,110000,0,110000,110000
066303,泰山永豐01購01  ,0,0,0,0,0,0,0,0,0,110000,0,0,0,123000,13000,110000,110000
066249,生達元大01購01  ,36000,0,36000,0,0,0,0,0,0,74000,0,0,0,250000,176000,74000,110000
064935,寶成統一02購02  ,0,0,0,0,0,0,0,0,0,110000,0,0,0,239000,129000,110000,110000
3518,柏騰            ,154000,44000,110000,0,0,0,0,0,0,0,0,0,0,0,0,0,110000
3504,揚明光          ,211000,97000,114000,0,0,0,0,0,0,-4000,0,15000,-15000,11000,0,11000,110000
08868P,欣興凱基02售03  ,0,0,0,0,0,0,0,0,0,110000,0,0,0,210000,100000,110000,110000
08869P,緯穎凱基01售02  ,0,0,0,0,0,0,0,0,0,110000,0,0,0,120000,10000,110000,110000
08974P,可成群益02售02  ,0,0,0,0,0,0,0,0,0,110000,0,0,0,162000,52000,110000,110000
07085P,超眾元富9C售01  ,0,0,0,0,0,0,0,0,0,109000,0,0,0,250000,141000,109000,109000
08584P,立積群益9C售02  ,0,0,0,0,0,0,0,0,0,109000,0,0,0,462000,353000,109000,109000
067739,微星元大01購07  ,0,0,0,0,0,0,0,0,0,109000,0,0,0,109000,0,109000,109000
063542,泰鼎元富9B購02  ,0,0,0,0,0,0,0,0,0,109000,0,0,0,124000,15000,109000,109000
062974,奇力新元富9B購01,0,0,0,0,0,0,0,0,0,109000,0,0,0,109000,0,109000,109000
062850,友訊永豐9B購01  ,0,0,0,0,0,0,0,0,0,109000,0,0,0,119000,10000,109000,109000
065202,南電元富06購01  ,0,0,0,0,0,0,0,0,0,109000,0,0,0,112000,3000,109000,109000
06602P,國巨統一99售02  ,0,0,0,0,0,0,0,0,0,109000,0,0,0,110000,1000,109000,109000
066475,新光金麥證01購01,0,0,0,254000,145000,109000,0,0,0,109000,0,0,0,254000,145000,109000,109000
066591,華新科群益01購05,0,0,0,0,0,0,0,0,0,109000,0,0,0,109000,0,109000,109000
066822,泰豐群益01購01  ,0,0,0,0,0,0,0,0,0,109000,0,0,0,110000,1000,109000,109000
08878P,台積電凱基01售11,0,0,0,0,0,0,0,0,0,109000,0,0,0,113000,4000,109000,109000
067971,玉晶光群益02購21,0,0,0,0,0,0,0,0,0,108000,0,0,0,146000,38000,108000,108000
067439,巨大凱基02購02  ,0,0,0,0,0,0,0,0,0,108000,0,0,0,108000,0,108000,108000
063921,大立光元富9C購03,0,0,0,0,0,0,0,0,0,108000,0,0,0,213000,105000,108000,108000
065375,神基元大03購01  ,0,0,0,0,0,0,0,0,0,108000,0,0,0,108000,0,108000,108000
067225,巨大元大01購03  ,0,0,0,0,0,0,0,0,0,107000,0,0,0,107000,0,107000,107000
068095,GIS群益01購01   ,0,0,0,0,0,0,0,0,0,107000,0,0,0,109000,2000,107000,107000
08673P,友訊元富01售03  ,0,0,0,0,0,0,0,0,0,107000,0,0,0,107000,0,107000,107000
060239,國揚元大9C購01  ,0,0,0,0,0,0,0,0,0,107000,0,0,0,157000,50000,107000,107000
053965,聯電元大98購04  ,0,0,0,0,0,0,0,0,0,107000,0,0,0,107000,0,107000,107000
048414,滬深2X統一98購01,0,0,0,0,0,0,0,0,0,107000,0,0,0,127000,20000,107000,107000
061970,大立光統一9C購03,0,0,0,0,0,0,0,0,0,107000,0,0,0,107000,0,107000,107000
063788,矽創統一02購01  ,0,0,0,0,0,0,0,0,0,107000,0,0,0,227000,120000,107000,107000
064821,聯電統一02購01  ,0,0,0,0,0,0,0,0,0,107000,0,0,0,197000,90000,107000,107000
08982P,泰碩凱基01售01  ,0,0,0,0,0,0,0,0,0,107000,0,0,0,107000,0,107000,107000
2062,橋椿            ,137000,30000,107000,0,0,0,0,0,0,0,0,0,0,0,0,0,107000
2351,順德            ,142000,68000,74000,0,0,0,0,0,0,33000,20000,0,20000,13000,0,13000,107000
08528P,台勝科元大9C售02,0,0,0,0,0,0,0,0,0,106000,0,0,0,150000,44000,106000,106000
08378P,世紀鋼元富9C售02,0,0,0,0,0,0,0,0,0,106000,0,0,0,106000,0,106000,106000
07708P,玉晶光元大9A售13,0,0,0,0,0,0,0,0,0,106000,0,0,0,136000,30000,106000,106000
059009,世紀鋼元大99購04,0,0,0,0,0,0,0,0,0,106000,0,0,0,126000,20000,106000,106000
063651,金像電台新9B購01,0,0,0,0,0,0,0,0,0,106000,0,0,0,203000,97000,106000,106000
063025,超眾元大9B購01  ,0,0,0,0,0,0,0,0,0,106000,0,0,0,106000,0,106000,106000
08928P,漢唐元富07售02  ,0,0,0,0,0,0,0,0,0,106000,0,0,0,316000,210000,106000,106000
08648P,健策凱基9C售05  ,0,0,0,0,0,0,0,0,0,105000,0,0,0,105000,0,105000,105000
067717,聯電凱基03購01  ,0,0,0,0,0,0,0,0,0,105000,0,0,0,115000,10000,105000,105000
067865,友達元大01購02  ,0,0,0,0,0,0,0,0,0,105000,0,0,0,205000,100000,105000,105000
059068,台虹國票9A購01  ,0,0,0,0,0,0,0,0,0,105000,0,0,0,150000,45000,105000,105000
054631,台郡凱基98購02  ,0,0,0,0,0,0,0,0,0,105000,0,0,0,120000,15000,105000,105000
063294,美律麥證9B購01  ,0,0,0,105000,0,105000,0,0,0,105000,0,0,0,105000,0,105000,105000
061344,禾伸堂元大9A購02,0,0,0,0,0,0,0,0,0,105000,0,0,0,105000,0,105000,105000
9944,新麗            ,165000,60000,105000,0,0,0,0,0,0,0,0,0,0,0,0,0,105000
068107,台灣50台新01購06,0,0,0,0,0,0,0,0,0,104000,0,0,0,112000,8000,104000,104000
08222P,南六凱基9B售05  ,0,0,0,0,0,0,0,0,0,104000,0,0,0,304000,200000,104000,104000
058188,華擎永豐99購01  ,0,0,0,0,0,0,0,0,0,104000,0,0,0,133000,29000,104000,104000
057011,日月光中信99購01,0,0,0,0,0,0,0,0,0,104000,0,0,0,121000,17000,104000,104000
058701,鴻海元大99購16  ,0,0,0,0,0,0,0,0,0,104000,0,0,0,104000,0,104000,104000
061553,南電群益9A購03  ,0,0,0,0,0,0,0,0,0,104000,0,0,0,106000,2000,104000,104000
062915,嘉澤元大9B購03  ,0,0,0,0,0,0,0,0,0,104000,0,0,0,195000,91000,104000,104000
06380P,臺股指統一98售02,0,0,0,0,0,0,0,0,0,104000,0,0,0,292000,188000,104000,104000
065219,緯穎國泰01購01  ,0,0,0,0,0,0,0,0,0,104000,0,0,0,187000,83000,104000,104000
066559,聯鈞元大01購03  ,0,0,0,0,0,0,0,0,0,104000,0,0,0,121000,17000,104000,104000
08522P,智邦元大9C售08  ,0,0,0,0,0,0,0,0,0,103000,0,0,0,113000,10000,103000,103000
07381P,鴻海群益99售05  ,0,0,0,0,0,0,0,0,0,103000,0,0,0,103000,0,103000,103000
07394P,國巨群益99售12  ,0,0,0,0,0,0,0,0,0,103000,0,0,0,182000,79000,103000,103000
067866,可成元大01購09  ,0,0,0,0,0,0,0,0,0,103000,0,0,0,103000,0,103000,103000
060573,力成永豐9A購01  ,0,0,0,0,0,0,0,0,0,103000,0,0,0,250000,147000,103000,103000
060826,牧德元大9B購02  ,0,0,0,0,0,0,0,0,0,103000,0,0,0,103000,0,103000,103000
061184,大立光國泰9C購01,0,0,0,0,0,0,0,0,0,103000,0,0,0,195000,92000,103000,103000
060652,滬深2X群益9C購04,0,0,0,0,0,0,0,0,0,103000,0,0,0,104000,1000,103000,103000
064238,玉晶光統一01購08,0,0,0,0,0,0,0,0,0,103000,0,0,0,153000,50000,103000,103000
064433,金像電凱基02購01,0,0,0,0,0,0,0,0,0,103000,0,0,0,103000,0,103000,103000
08866P,旭富元大01售01  ,0,0,0,0,0,0,0,0,0,103000,0,0,0,103000,0,103000,103000
3149,正達            ,116000,13000,103000,0,0,0,0,0,0,0,0,0,0,0,0,0,103000
2539,櫻花建          ,128000,25000,103000,0,0,0,0,0,0,0,0,0,0,0,0,0,103000
067235,正崴群益02購02  ,0,0,0,0,0,0,0,0,0,102000,0,0,0,130000,28000,102000,102000
067022,台虹中信01購01  ,0,0,0,0,0,0,0,0,0,102000,0,0,0,102000,0,102000,102000
08685P,南電凱基01售03  ,0,0,0,0,0,0,0,0,0,102000,0,0,0,153000,51000,102000,102000
056869,國巨日盛99購03  ,0,0,0,0,0,0,0,0,0,102000,0,0,0,136000,34000,102000,102000
060575,大立光中信9B購02,0,0,0,0,0,0,0,0,0,102000,0,0,0,102000,0,102000,102000
063020,奇力新元大9B購04,0,0,0,0,0,0,0,0,0,102000,0,0,0,102000,0,102000,102000
063313,南亞科群益9B購02,0,0,0,0,0,0,0,0,0,102000,0,0,0,138000,36000,102000,102000
060763,聯鈞元大9A購03  ,0,0,0,0,0,0,0,0,0,102000,0,0,0,103000,1000,102000,102000
066055,聯鈞元大01購01  ,0,0,0,0,0,0,0,0,0,102000,0,0,0,102000,0,102000,102000
065949,瑞昱統一01購06  ,0,0,0,0,0,0,0,0,0,102000,0,0,0,538000,436000,102000,102000
4943,康控-KY         ,311000,209000,102000,0,0,0,0,0,0,0,2000,27000,-25000,47000,22000,25000,102000
4540,全球傳動        ,142000,40000,102000,0,0,0,0,0,0,0,0,0,0,0,0,0,102000
08745P,臺股指凱基02售06,0,0,0,0,0,0,0,0,0,102000,0,0,0,102000,0,102000,102000
2101,南港            ,753000,938000,-185000,0,0,0,326000,0,326000,-39000,0,0,0,171000,210000,-39000,102000
08101P,超眾群益9B售02  ,0,0,0,0,0,0,0,0,0,101000,0,0,0,101000,0,101000,101000
067450,聯發科國票02購01,0,0,0,0,0,0,0,0,0,101000,0,0,0,637000,536000,101000,101000
067655,晶技元富07購01  ,0,0,0,0,0,0,0,0,0,101000,0,0,0,195000,94000,101000,101000
058276,道瓊指中信9C購01,0,0,0,0,0,0,0,0,0,101000,0,0,0,141000,40000,101000,101000
066085,台積電富邦05購01,0,0,0,0,0,0,0,0,0,101000,0,0,0,104000,3000,101000,101000
066844,聯發科元大01購12,0,0,0,0,0,0,0,0,0,101000,0,0,0,180000,79000,101000,101000
08859P,奇鋐國票03售01  ,0,0,0,0,0,0,0,0,0,101000,0,0,0,111000,10000,101000,101000
067366,巨大群益01購01  ,0,0,0,0,0,0,0,0,0,100000,0,0,0,108000,8000,100000,100000
067073,國揚元大01購02  ,0,0,0,0,0,0,0,0,0,100000,0,0,0,649000,549000,100000,100000
08127P,聯發科元大9B售21,0,0,0,0,0,0,0,0,0,100000,0,0,0,100000,0,100000,100000
08079P,宏達電國票9B售03,0,0,0,0,0,0,0,0,0,100000,0,0,0,105000,5000,100000,100000
07966P,瑞祺群益9B售02  ,0,0,0,0,0,0,0,0,0,100000,0,0,0,153000,53000,100000,100000
08236P,國巨富邦03售01  ,0,0,0,0,0,0,0,0,0,100000,0,0,0,100000,0,100000,100000
08336P,聯發科中信9C售05,0,0,0,0,0,0,0,0,0,100000,0,0,0,100000,0,100000,100000
08438P,鴻海國票01售02  ,0,0,0,0,0,0,0,0,0,100000,0,0,0,100000,0,100000,100000
08486P,富邦金群益9C售02,0,0,0,0,0,0,0,0,0,100000,0,0,0,100000,0,100000,100000
07382P,台積電群益9B售01,0,0,0,0,0,0,0,0,0,100000,0,0,0,200000,100000,100000,100000
07365P,超眾元大99售07  ,0,0,0,0,0,0,0,0,0,100000,0,0,0,100000,0,100000,100000
07631P,臺股指凱基9A售12,0,0,0,0,0,0,0,0,0,100000,0,0,0,100000,0,100000,100000
068278,惠特永豐01購03  ,0,0,0,0,0,0,0,0,0,100000,0,0,0,100000,0,100000,100000
058600,國巨元大99購15  ,0,0,0,0,0,0,0,0,0,100000,0,0,0,100000,0,100000,100000
059646,聯茂凱基99購06  ,0,0,0,0,0,0,0,0,0,100000,0,0,0,100000,0,100000,100000
059313,元石油元大99購06,0,0,0,0,0,0,0,0,0,100000,0,0,0,100000,0,100000,100000
059205,元石油元大99購01,0,0,0,0,0,0,0,0,0,100000,0,0,0,100000,0,100000,100000
062442,華新科元大9C購02,0,0,0,0,0,0,0,0,0,100000,0,0,0,150000,50000,100000,100000
058676,聯茂群益99購01  ,0,0,0,0,0,0,0,0,0,100000,0,0,0,100000,0,100000,100000
056655,旺宏元大99購02  ,0,0,0,0,0,0,0,0,0,100000,0,0,0,100000,0,100000,100000
05631P,國巨富邦9A售01  ,0,0,0,0,0,0,0,0,0,100000,0,0,0,100000,0,100000,100000
056365,欣興元大98購01  ,0,0,0,0,0,0,0,0,0,100000,0,0,0,100000,0,100000,100000
058247,聯茂元大99購04  ,0,0,0,0,0,0,0,0,0,100000,0,0,0,100000,0,100000,100000
054892,彩晶統一99購01  ,0,0,0,0,0,0,0,0,0,100000,0,0,0,100000,0,100000,100000
057227,台積電凱基98購15,0,0,0,0,0,0,0,0,0,100000,0,0,0,100000,0,100000,100000
057527,億光元大98購01  ,0,0,0,0,0,0,0,0,0,100000,0,0,0,100000,0,100000,100000
062666,和碩群益9B購01  ,0,0,0,0,0,0,0,0,0,100000,0,0,0,100000,0,100000,100000
062783,大立光元大9C購03,0,0,0,0,0,0,0,0,0,100000,0,0,0,100000,0,100000,100000
063858,鴻海國泰02購01  ,0,0,0,0,0,0,0,0,0,100000,0,0,0,113000,13000,100000,100000
063071,華新科富邦02購01,0,0,0,0,0,0,0,0,0,100000,0,0,0,100000,0,100000,100000
062251,旺宏元大9B購06  ,0,0,0,0,0,0,0,0,0,100000,0,0,0,100000,0,100000,100000
061728,華新科麥證9A購02,0,0,0,100000,0,100000,0,0,0,100000,0,0,0,100000,0,100000,100000
061775,臺指反國票9B購04,0,0,0,0,0,0,0,0,0,100000,0,0,0,100000,0,100000,100000
061521,亞光兆豐9A購02  ,0,0,0,0,0,0,0,0,0,100000,0,0,0,105000,5000,100000,100000
060454,葡萄王元大9A購01,0,0,0,0,0,0,0,0,0,100000,0,0,0,100000,0,100000,100000
062571,臺指反群益9B購04,0,0,0,0,0,0,0,0,0,100000,0,0,0,100000,0,100000,100000
066915,訊芯凱基02購01  ,0,0,0,0,0,0,0,0,0,100000,0,0,0,100000,0,100000,100000
066560,聯鈞元大01購04  ,0,0,0,0,0,0,0,0,0,100000,0,0,0,110000,10000,100000,100000
065966,國巨元大01購06  ,0,0,0,0,0,0,0,0,0,100000,0,0,0,100000,0,100000,100000
065755,日電貿元大9C購02,0,0,0,0,0,0,0,0,0,100000,0,0,0,172000,72000,100000,100000
064340,大立光元大9C購17,0,0,0,0,0,0,0,0,0,100000,0,0,0,100000,0,100000,100000
065338,旺宏統一01購07  ,10000,0,10000,0,0,0,0,0,0,90000,0,0,0,100000,10000,90000,100000
065175,大立光元大01購05,0,0,0,0,0,0,0,0,0,100000,0,0,0,100000,0,100000,100000
065487,臺股指元大9C購25,0,0,0,0,0,0,0,0,0,100000,0,0,0,100000,0,100000,100000
08757P,台灣50元大01售19,0,0,0,0,0,0,0,0,0,100000,0,0,0,100000,0,100000,100000
08881P,奇力新凱基01售02,0,0,0,0,0,0,0,0,0,100000,0,0,0,204000,104000,100000,100000
07871P,台積電群益9C售02,0,0,0,0,0,0,0,0,0,99000,0,0,0,159000,60000,99000,99000
08439P,智邦國票01售02  ,0,0,0,0,0,0,0,0,0,99000,0,0,0,99000,0,99000,99000
067299,燿華元大01購03  ,0,0,0,0,0,0,0,0,0,99000,0,0,0,182000,83000,99000,99000
067687,啟碁元大01購02  ,0,0,0,0,0,0,0,0,0,99000,0,0,0,188000,89000,99000,99000
03039P,玉晶光國票02售04,0,0,0,0,0,0,0,0,0,99000,0,0,0,99000,0,99000,99000
060259,潤泰全凱基9C購01,0,0,0,0,0,0,0,0,0,99000,0,0,0,280000,181000,99000,99000
059639,大立光凱基9A購06,0,0,0,0,0,0,0,0,0,99000,0,0,0,139000,40000,99000,99000
061348,聯鈞元大9A購05  ,0,0,0,0,0,0,0,0,0,99000,0,0,0,102000,3000,99000,99000
064061,GIS麥證01購01   ,0,0,0,99000,0,99000,0,0,0,99000,0,0,0,99000,0,99000,99000
061065,神基凱基9A購01  ,0,0,0,0,0,0,0,0,0,99000,0,0,0,99000,0,99000,99000
061813,鴻海群益9B購02  ,0,0,0,0,0,0,0,0,0,99000,0,0,0,219000,120000,99000,99000
063483,致新元大9B購03  ,0,0,0,0,0,0,0,0,0,99000,0,0,0,107000,8000,99000,99000
063819,致新群益9C購01  ,0,0,0,0,0,0,0,0,0,99000,0,0,0,100000,1000,99000,99000
062444,大立光元大9C購01,0,0,0,0,0,0,0,0,0,99000,0,0,0,100000,1000,99000,99000
063175,燿華兆豐9C購01  ,0,0,0,0,0,0,0,0,0,99000,0,0,0,100000,1000,99000,99000
065719,T50反1兆豐9C購01,0,0,0,0,0,0,0,0,0,99000,0,0,0,475000,376000,99000,99000
064953,嘉晶凱基9C購02  ,0,0,0,0,0,0,0,0,0,99000,0,0,0,105000,6000,99000,99000
064923,牧德統一02購01  ,0,0,0,0,0,0,0,0,0,99000,0,0,0,100000,1000,99000,99000
066584,滬深2X群益03購01,0,0,0,0,0,0,0,0,0,99000,0,0,0,104000,5000,99000,99000
2485,兆赫            ,381000,233000,148000,0,0,0,0,0,0,-49000,14000,63000,-49000,0,0,0,99000
08427P,義隆國票9C售01  ,0,0,0,0,0,0,0,0,0,98000,0,0,0,114000,16000,98000,98000
07997P,上銀凱基9B售04  ,0,0,0,0,0,0,0,0,0,98000,0,0,0,100000,2000,98000,98000
058494,可成群益9B購01  ,0,0,0,0,0,0,0,0,0,98000,0,0,0,98000,0,98000,98000
063688,建準永豐9B購03  ,0,0,0,0,0,0,0,0,0,98000,0,0,0,209000,111000,98000,98000
057564,台積電富邦9B購03,0,0,0,0,0,0,0,0,0,98000,0,0,0,98000,0,98000,98000
057699,可成群益9A購02  ,0,0,0,0,0,0,0,0,0,98000,0,0,0,98000,0,98000,98000
063244,華新科元大9B購11,0,0,0,0,0,0,0,0,0,98000,0,0,0,148000,50000,98000,98000
060712,建準永豐9A購01  ,0,0,0,0,0,0,0,0,0,98000,0,0,0,168000,70000,98000,98000
065834,億豐凱基03購01  ,0,0,0,0,0,0,0,0,0,98000,0,0,0,110000,12000,98000,98000
065991,牧德永豐01購01  ,0,0,0,0,0,0,0,0,0,98000,0,0,0,292000,194000,98000,98000
064785,康友群益9C購01  ,0,0,0,0,0,0,0,0,0,98000,0,0,0,98000,0,98000,98000
08613P,同欣電凱基9C售04,0,0,0,0,0,0,0,0,0,97000,0,0,0,102000,5000,97000,97000
060469,台勝科元大9A購02,0,20000,-20000,0,0,0,0,0,0,117000,0,0,0,127000,10000,117000,97000
061366,台勝科國票9A購01,0,0,0,0,0,0,0,0,0,97000,0,0,0,97000,0,97000,97000
064668,大立光元大9C購21,0,0,0,0,0,0,0,0,0,97000,0,0,0,107000,10000,97000,97000
065669,義隆凱基01購03  ,0,0,0,0,0,0,0,0,0,97000,0,0,0,107000,10000,97000,97000
066276,敦泰元大01購01  ,0,0,0,0,0,0,0,0,0,97000,0,0,0,172000,75000,97000,97000
06646P,國巨元大98售16  ,0,0,0,0,0,0,0,0,0,97000,0,0,0,100000,3000,97000,97000
2705,六福            ,126000,29000,97000,0,0,0,0,0,0,0,0,0,0,0,0,0,97000
3027,盛達            ,363000,266000,97000,0,0,0,0,0,0,0,0,0,0,0,0,0,97000
08998P,玉晶光群益02售15,0,0,0,0,0,0,0,0,0,97000,0,0,0,126000,29000,97000,97000
08509P,臺股指國票9C售10,0,0,0,0,0,0,0,0,0,96000,0,0,0,117000,21000,96000,96000
08114P,國巨凱基9B售11  ,0,0,0,0,0,0,0,0,0,96000,0,0,0,116000,20000,96000,96000
07675P,全新永豐9A售02  ,0,0,0,0,0,0,0,0,0,96000,0,0,0,96000,0,96000,96000
067048,聯詠凱基02購02  ,0,0,0,0,0,0,0,0,0,96000,0,0,0,108000,12000,96000,96000
00728,第一金工業30    ,0,0,0,0,0,0,0,0,0,96000,0,0,0,107000,11000,96000,96000
062552,南電永豐9B購01  ,0,0,0,0,0,0,0,0,0,96000,0,0,0,112000,16000,96000,96000
062851,建準永豐9B購02  ,0,0,0,0,0,0,0,0,0,96000,0,0,0,116000,20000,96000,96000
066474,微星麥證01購01  ,0,0,0,107000,11000,96000,0,0,0,96000,0,0,0,107000,11000,96000,96000
065829,嘉晶凱基9C購05  ,0,0,0,0,0,0,0,0,0,96000,0,0,0,116000,20000,96000,96000
067106,義隆群益01購01  ,0,0,0,0,0,0,0,0,0,95000,0,0,0,108000,13000,95000,95000
067954,大立光永豐01購02,0,0,0,0,0,0,0,0,0,95000,0,0,0,105000,10000,95000,95000
06962P,華新科永豐99售01,0,0,0,0,0,0,0,0,0,95000,0,0,0,95000,0,95000,95000
03003P,京鼎群益01售02  ,0,0,0,0,0,0,0,0,0,95000,0,0,0,95000,0,95000,95000
063605,健策凱基9C購02  ,0,0,0,0,0,0,0,0,0,95000,0,0,0,190000,95000,95000,95000
058435,旺宏統一9B購02  ,0,0,0,0,0,0,0,0,0,95000,0,0,0,95000,0,95000,95000
061977,國巨元大9B購02  ,0,0,0,0,0,0,0,0,0,95000,0,0,0,95000,0,95000,95000
065631,台積電國票9C購10,0,0,0,0,0,0,0,0,0,95000,0,0,0,111000,16000,95000,95000
07744P,奇力新凱基9A售05,0,0,0,0,0,0,0,0,0,94000,0,0,0,96000,2000,94000,94000
07579P,聯茂元大9A售01  ,0,0,0,0,0,0,0,0,0,94000,0,0,0,709000,615000,94000,94000
08422P,玉晶光群益02售03,0,0,0,0,0,0,0,0,0,94000,0,0,0,113000,19000,94000,94000
06728P,全新元大98售03  ,0,0,0,0,0,0,0,0,0,94000,0,0,0,100000,6000,94000,94000
062272,鴻海群益9B購05  ,0,0,0,0,0,0,0,0,0,94000,0,0,0,112000,18000,94000,94000
065870,正崴群益02購01  ,0,0,0,0,0,0,0,0,0,94000,0,0,0,100000,6000,94000,94000
068084,南電凱基02購03  ,0,0,0,0,0,0,0,0,0,93000,0,0,0,98000,5000,93000,93000
063279,國巨元大9C購05  ,0,0,0,0,0,0,0,0,0,93000,0,0,0,98000,5000,93000,93000
065984,緯創富邦03購01  ,0,0,0,0,0,0,0,0,0,93000,0,0,0,94000,1000,93000,93000
066214,惠特統一03購02  ,0,0,0,0,0,0,0,0,0,93000,0,0,0,94000,1000,93000,93000
066218,美利達統一03購02,0,0,0,0,0,0,0,0,0,93000,0,0,0,219000,126000,93000,93000
066528,南電統一02購01  ,0,0,0,0,0,0,0,0,0,93000,0,0,0,113000,20000,93000,93000
065647,健鼎元大9C購05  ,0,0,0,0,0,0,0,0,0,93000,0,0,0,333000,240000,93000,93000
065313,聯茂國票01購01  ,0,0,0,0,0,0,0,0,0,93000,0,0,0,193000,100000,93000,93000
08441P,同欣電元富9C售01,0,0,0,0,0,0,0,0,0,92000,0,0,0,180000,88000,92000,92000
063550,可成國票9C購01  ,0,0,0,0,0,0,0,0,0,92000,0,0,0,92000,0,92000,92000
060572,景碩永豐9A購01  ,0,0,0,0,0,0,0,0,0,92000,0,0,0,92000,0,92000,92000
066548,燿華元大02購02  ,0,0,0,0,0,0,0,0,0,92000,0,0,0,115000,23000,92000,92000
066181,泰鼎凱基01購01  ,0,0,0,0,0,0,0,0,0,92000,0,0,0,102000,10000,92000,92000
065762,台表科元大9C購13,0,0,0,0,0,0,0,0,0,92000,0,0,0,226000,134000,92000,92000
08945P,臺股指國票01售02,0,0,0,0,0,0,0,0,0,92000,0,0,0,92000,0,92000,92000
08853P,嘉晶群益02售02  ,0,0,0,0,0,0,0,0,0,92000,0,0,0,92000,0,92000,92000
2486,一詮            ,141000,49000,92000,0,0,0,0,0,0,0,0,0,0,0,0,0,92000
5519,隆大            ,208000,48000,160000,0,0,0,0,0,0,-68000,0,68000,-68000,0,0,0,92000
08395P,燿華永豐9C售02  ,0,0,0,0,0,0,0,0,0,91000,0,0,0,96000,5000,91000,91000
08344P,旺宏元大01售02  ,0,0,0,0,0,0,0,0,0,91000,0,0,0,91000,0,91000,91000
08618P,國巨群益9C售20  ,0,0,0,0,0,0,0,0,0,91000,0,0,0,91000,0,91000,91000
059297,大立光元富9C購01,0,0,0,0,0,0,0,0,0,91000,0,0,0,350000,259000,91000,91000
058182,日電貿國泰9A購01,0,0,0,0,0,0,0,0,0,91000,0,0,0,91000,0,91000,91000
062972,京元電元富9B購01,0,0,0,0,0,0,0,0,0,91000,0,0,0,144000,53000,91000,91000
065208,義隆國票01購01  ,0,0,0,0,0,0,0,0,0,91000,0,0,0,172000,81000,91000,91000
065018,台達電富邦03購01,0,0,0,0,0,0,0,0,0,91000,0,0,0,101000,10000,91000,91000
065673,嘉晶凱基01購02  ,0,0,0,0,0,0,0,0,0,91000,0,0,0,93000,2000,91000,91000
065385,億豐元大03購01  ,0,0,0,0,0,0,0,0,0,91000,0,0,0,91000,0,91000,91000
064937,英業達元富9C購01,0,0,0,0,0,0,0,0,0,91000,0,0,0,99000,8000,91000,91000
064596,台表科統一01購03,0,0,0,0,0,0,0,0,0,91000,0,0,0,136000,45000,91000,91000
064598,國巨元富9C購03  ,0,0,0,0,0,0,0,0,0,91000,0,0,0,95000,4000,91000,91000
6415,矽力-KY         ,232000,84471,147529,0,0,0,0,46000,-46000,-11000,0,11000,-11000,0,0,0,90529
08122P,晶技國票9C售01  ,0,0,0,0,0,0,0,0,0,90000,0,0,0,103000,13000,90000,90000
08026P,臺股指凱基9B售12,0,0,0,0,0,0,0,0,0,90000,0,0,0,90000,0,90000,90000
07389P,臺股指群益9C售08,0,0,0,0,0,0,0,0,0,90000,0,0,0,90000,0,90000,90000
07655P,台灣50凱基01售09,0,0,0,0,0,0,0,0,0,90000,0,0,0,90000,0,90000,90000
07010P,T50正2凱基9C售01,0,0,0,0,0,0,0,0,0,90000,0,0,0,100000,10000,90000,90000
06836P,玉晶光國票99售06,0,0,0,0,0,0,0,0,0,90000,0,0,0,150000,60000,90000,90000
067924,台積電兆豐03購03,0,0,0,0,0,0,0,0,0,90000,0,0,0,100000,10000,90000,90000
067640,欣興統一02購03  ,0,0,0,0,0,0,0,0,0,90000,0,0,0,110000,20000,90000,90000
067079,聯鈞元大02購01  ,0,0,0,0,0,0,0,0,0,90000,0,0,0,90000,0,90000,90000
057824,日月光元大98購01,0,0,0,0,0,0,0,0,0,90000,0,0,0,128000,38000,90000,90000
056468,鴻海元大98購07  ,0,0,0,0,0,0,0,0,0,90000,0,0,0,90000,0,90000,90000
03046P,緯穎國票03售01  ,0,0,0,0,0,0,0,0,0,90000,0,0,0,90000,0,90000,90000
059292,華新科元富9B購02,0,0,0,0,0,0,0,0,0,90000,0,0,0,90000,0,90000,90000
063647,超眾元大9B購02  ,0,0,0,0,0,0,0,0,0,90000,0,0,0,148000,58000,90000,90000
063182,國巨凱基9B購10  ,0,0,0,0,0,0,0,0,0,90000,0,0,0,90000,0,90000,90000
061994,瑞儀元大9B購01  ,0,0,0,0,0,0,0,0,0,90000,0,0,0,90000,0,90000,90000
064518,華新科群益02購01,0,0,0,0,0,0,0,0,0,90000,0,0,0,90000,0,90000,90000
066168,強茂凱基01購02  ,0,0,0,0,0,0,0,0,0,90000,0,0,0,104000,14000,90000,90000
066240,泰鼎富邦03購01  ,0,0,0,0,0,0,0,0,0,90000,0,0,0,100000,10000,90000,90000
066527,泰鼎統一03購01  ,0,0,0,0,0,0,0,0,0,90000,0,0,0,102000,12000,90000,90000
066524,創意統一02購03  ,0,0,0,0,0,0,0,0,0,90000,0,0,0,124000,34000,90000,90000
2425,承啟            ,282000,192000,90000,0,0,0,0,0,0,0,0,0,0,0,0,0,90000
067926,嘉晶兆豐01購02  ,0,0,0,0,0,0,0,0,0,89000,0,0,0,100000,11000,89000,89000
08611P,聯發科凱基01售08,0,0,0,0,0,0,0,0,0,89000,0,0,0,109000,20000,89000,89000
08668P,燿華群益01售01  ,0,0,0,0,0,0,0,0,0,89000,0,0,0,89000,0,89000,89000
059786,全新元大99購06  ,0,0,0,0,0,0,0,0,0,89000,0,0,0,91000,2000,89000,89000
03110P,聯發科元大01售26,0,0,0,0,0,0,0,0,0,89000,0,0,0,469000,380000,89000,89000
063922,大立光元富9C購04,0,0,0,0,0,0,0,0,0,89000,0,0,0,325000,236000,89000,89000
065766,南電元大9C購08  ,0,0,0,0,0,0,0,0,0,89000,0,0,0,92000,3000,89000,89000
065874,智原群益9C購01  ,0,0,0,0,0,0,0,0,0,89000,0,0,0,107000,18000,89000,89000
065515,大立光群益02購01,0,0,0,0,0,0,0,0,0,89000,0,0,0,89000,0,89000,89000
067923,台勝科中信01購01,0,0,0,0,0,0,0,0,0,88000,0,0,0,88000,0,88000,88000
057442,玉晶光統一98購03,0,0,0,0,0,0,0,0,0,88000,0,0,0,392000,304000,88000,88000
061571,奇力新元大9A購03,0,0,0,0,0,0,0,0,0,88000,0,0,0,148000,60000,88000,88000
060955,大立光群益9A購02,0,0,0,0,0,0,0,0,0,88000,0,0,0,98000,10000,88000,88000
062520,晶豪科元大9B購02,0,0,0,0,0,0,0,0,0,88000,0,0,0,88000,0,88000,88000
060685,康友元大9A購01  ,0,0,0,0,0,0,0,0,0,88000,0,0,0,88000,0,88000,88000
062280,大立光群益9C購01,0,0,0,0,0,0,0,0,0,88000,0,0,0,88000,0,88000,88000
064681,牧德兆豐01購01  ,0,0,0,0,0,0,0,0,0,88000,0,0,0,164000,76000,88000,88000
066196,南港統一03購01  ,0,0,0,0,0,0,0,0,0,88000,0,0,0,140000,52000,88000,88000
066479,國巨元富07購01  ,0,0,0,0,0,0,0,0,0,88000,0,0,0,101000,13000,88000,88000
066691,京元電台新01購01,0,0,0,0,0,0,0,0,0,88000,0,0,0,98000,10000,88000,88000
1210,大成            ,469000,244000,225000,0,0,0,0,0,0,-137000,0,140000,-140000,3000,0,3000,88000
067602,億光凱基01購01  ,0,0,0,0,0,0,0,0,0,87000,0,0,0,140000,53000,87000,87000
067669,金像電元大02購03,0,0,0,0,0,0,0,0,0,87000,0,0,0,178000,91000,87000,87000
066983,禾伸堂群益01購01,0,0,0,0,0,0,0,0,0,87000,0,0,0,87000,0,87000,87000
07734P,台積電富邦9C售10,0,0,0,0,0,0,0,0,0,87000,0,0,0,87000,0,87000,87000
064200,華通兆豐01購01  ,0,0,0,0,0,0,0,0,0,87000,0,0,0,89000,2000,87000,87000
065811,億豐群益9C購01  ,0,0,0,0,0,0,0,0,0,87000,0,0,0,87000,0,87000,87000
066036,神隆元大02購01  ,0,0,0,0,0,0,0,0,0,87000,0,0,0,100000,13000,87000,87000
065584,華通富邦01購01  ,0,0,0,0,0,0,0,0,0,87000,0,0,0,100000,13000,87000,87000
4952,凌通            ,98000,11000,87000,0,0,0,0,0,0,0,0,0,0,0,0,0,87000
08356P,聯發科元大9C售08,0,0,0,0,0,0,0,0,0,86000,0,0,0,156000,70000,86000,86000
059925,可成國泰9B購01  ,0,0,0,0,0,0,0,0,0,86000,0,0,0,105000,19000,86000,86000
058712,鴻海統一9B購03  ,0,0,0,0,0,0,0,0,0,86000,0,0,0,156000,70000,86000,86000
062454,華通群益9C購03  ,0,0,0,0,0,0,0,0,0,86000,0,0,0,142000,56000,86000,86000
064323,滬深2X元大9C購09,0,0,0,0,0,0,0,0,0,86000,0,0,0,105000,19000,86000,86000
066742,健策元大02購03  ,0,0,0,0,0,0,0,0,0,86000,0,0,0,483000,397000,86000,86000
06690P,玉晶光群益9A售05,0,0,0,0,0,0,0,0,0,86000,0,0,0,127000,41000,86000,86000
5534,長虹            ,328000,164000,164000,0,0,0,0,0,0,-78000,2000,80000,-78000,0,0,0,86000
08872P,臺股指群益01售05,0,0,0,0,0,0,0,0,0,86000,0,0,0,235000,149000,86000,86000
08740P,創意康和01售03  ,0,0,0,0,0,0,0,0,0,86000,0,0,0,509000,423000,86000,86000
06850P,聯茂元大98售06  ,0,0,0,0,0,0,0,0,0,85000,0,0,0,85000,0,85000,85000
066986,健策群益02購02  ,0,0,0,0,0,0,0,0,0,85000,0,0,0,85000,0,85000,85000
067085,臻鼎元大01購02  ,0,0,0,0,0,0,0,0,0,85000,0,0,0,411000,326000,85000,85000
067406,矽格永豐01購01  ,0,0,0,0,0,0,0,0,0,85000,0,0,0,85000,0,85000,85000
067774,同欣電統一02購01,0,0,0,0,0,0,0,0,0,85000,0,0,0,135000,50000,85000,85000
067900,玉晶光群益02購14,0,0,0,0,0,0,0,0,0,85000,0,0,0,165000,80000,85000,85000
068183,彩晶群益03購02  ,0,0,0,0,0,0,0,0,0,85000,0,0,0,85000,0,85000,85000
059189,國泰金富邦9B購01,0,0,0,0,0,0,0,0,0,85000,0,0,0,159000,74000,85000,85000
060719,瀚宇博永豐9A購01,0,0,0,0,0,0,0,0,0,85000,0,0,0,85000,0,85000,85000
062971,英業達元富9B購01,0,0,0,0,0,0,0,0,0,85000,0,0,0,92000,7000,85000,85000
062756,臺指反凱基9C購01,0,0,0,0,0,0,0,0,0,85000,0,0,0,85000,0,85000,85000
061197,矽創永豐9A購02  ,0,0,0,0,0,0,0,0,0,85000,0,0,0,136000,51000,85000,85000
066768,瀚宇博永豐01購01,0,0,0,0,0,0,0,0,0,85000,0,0,0,85000,0,85000,85000
066590,華新科群益01購04,0,0,0,0,0,0,0,0,0,85000,0,0,0,85000,0,85000,85000
064373,和大元富03購01  ,0,0,0,0,0,0,0,0,0,85000,0,0,0,85000,0,85000,85000
064402,宏碁凱基01購01  ,0,0,0,0,0,0,0,0,0,85000,0,0,0,398000,313000,85000,85000
064490,金像電元大9C購02,0,0,0,0,0,0,0,0,0,85000,0,0,0,154000,69000,85000,85000
064542,聯電凱基02購01  ,0,0,0,0,0,0,0,0,0,85000,0,0,0,85000,0,85000,85000
064597,鴻海元富9C購03  ,0,0,0,0,0,0,0,0,0,85000,0,0,0,85000,0,85000,85000
065672,嘉晶凱基01購01  ,0,0,0,0,0,0,0,0,0,85000,0,0,0,85000,0,85000,85000
065505,健鼎永豐9C購01  ,0,0,0,0,0,0,0,0,0,85000,0,0,0,85000,0,85000,85000
065053,南電凱基02購01  ,0,0,0,0,0,0,0,0,0,85000,0,0,0,95000,10000,85000,85000
065319,鴻海凱基9C購03  ,0,0,0,0,0,0,0,0,0,85000,0,0,0,85000,0,85000,85000
08833P,緯穎群益01售03  ,0,0,0,0,0,0,0,0,0,85000,0,0,0,139000,54000,85000,85000
068083,南電凱基01購04  ,0,0,0,0,0,0,0,0,0,84000,0,0,0,90000,6000,84000,84000
067119,泰鼎群益01購02  ,0,0,0,0,0,0,0,0,0,84000,0,0,0,84000,0,84000,84000
07731P,臺股指凱基9A售28,0,0,0,0,0,0,0,0,0,84000,0,0,0,190000,106000,84000,84000
057682,台積電日盛9A購03,0,0,0,0,0,0,0,0,0,84000,0,0,0,218000,134000,84000,84000
060676,京元電元大9A購03,0,0,0,0,0,0,0,0,0,84000,0,0,0,89000,5000,84000,84000
063204,高鐵統一9C購01  ,0,0,0,0,0,0,0,0,0,84000,0,0,0,134000,50000,84000,84000
060885,世紀鋼中信9A購01,0,0,0,0,0,0,0,0,0,84000,0,0,0,85000,1000,84000,84000
065499,京元電富邦01購01,0,0,0,0,0,0,0,0,0,84000,0,0,0,331000,247000,84000,84000
065407,世紀鋼富邦01購01,0,0,0,0,0,0,0,0,0,84000,0,0,0,404000,320000,84000,84000
064888,景碩中信9C購01  ,0,0,0,0,0,0,0,0,0,84000,0,0,0,100000,16000,84000,84000
2109,華豐            ,101000,17000,84000,0,0,0,0,0,0,0,0,0,0,0,0,0,84000
6112,聚碩            ,178000,96000,82000,0,0,0,0,0,0,2000,2000,0,2000,0,0,0,84000
2702,華園            ,98000,14000,84000,0,0,0,0,0,0,0,0,0,0,0,0,0,84000
3665,貿聯-KY         ,410000,210000,200000,0,0,0,0,75000,-75000,-41000,0,66000,-66000,28000,3000,25000,84000
08639P,聯發科永豐9C售03,0,0,0,0,0,0,0,0,0,83000,0,0,0,127000,44000,83000,83000
08086P,燿華凱基9B售03  ,0,0,0,0,0,0,0,0,0,83000,0,0,0,83000,0,83000,83000
067142,美利達永豐01購02,0,0,0,0,0,0,0,0,0,83000,0,0,0,95000,12000,83000,83000
067002,生達永豐01購02  ,0,0,0,0,0,0,0,0,0,83000,0,0,0,83000,0,83000,83000
03092P,臺股指元大01售21,0,0,0,0,0,0,0,0,0,83000,0,0,0,87000,4000,83000,83000
00680L,元大美債20正2   ,0,0,0,0,0,0,0,0,0,83000,0,0,0,89000,6000,83000,83000
057428,正崴兆豐98購01  ,0,0,0,0,0,0,0,0,0,83000,0,0,0,84000,1000,83000,83000
057870,大立光凱基99購02,0,0,0,0,0,0,0,0,0,83000,0,0,0,83000,0,83000,83000
058583,臻鼎群益99購01  ,0,0,0,0,0,0,0,0,0,83000,0,0,0,83000,0,83000,83000
060518,台灣50中信01購01,0,0,0,0,0,0,0,0,0,83000,0,0,0,83000,0,83000,83000
061660,禾伸堂永豐9A購01,0,0,0,0,0,0,0,0,0,83000,0,0,0,83000,0,83000,83000
062450,臻鼎元大9B購02  ,0,0,0,0,0,0,0,0,0,83000,0,0,0,127000,44000,83000,83000
063377,泰鼎永豐9B購03  ,0,0,0,0,0,0,0,0,0,83000,0,0,0,83000,0,83000,83000
066567,臻鼎元大01購01  ,0,0,0,0,0,0,0,0,0,83000,0,0,0,133000,50000,83000,83000
066617,鎧勝康和01購01  ,0,0,0,0,0,0,0,0,0,83000,0,0,0,240000,157000,83000,83000
3094,聯傑            ,154000,61000,93000,0,0,0,0,0,0,-10000,0,10000,-10000,0,0,0,83000
067668,金像電元大01購02,0,0,0,0,0,0,0,0,0,82000,0,0,0,92000,10000,82000,82000
07494P,葡萄王元大9A售03,0,0,0,0,0,0,0,0,0,82000,0,0,0,82000,0,82000,82000
057531,禾伸堂元大99購04,0,0,0,0,0,0,0,0,0,82000,0,0,0,160000,78000,82000,82000
03427B,臺股指元大9A熊02,0,0,0,0,0,0,0,0,0,82000,0,0,0,293000,211000,82000,82000
057021,台積電凱基9A購02,0,0,0,0,0,0,0,0,0,82000,0,0,0,113000,31000,82000,82000
063825,道瓊銀國票01購01,0,0,0,0,0,0,0,0,0,82000,0,0,0,107000,25000,82000,82000
062372,旭富元大9B購01  ,0,0,0,0,0,0,0,0,0,82000,0,0,0,134000,52000,82000,82000
062768,南電凱基9B購04  ,0,0,0,0,0,0,0,0,0,82000,0,0,0,87000,5000,82000,82000
062939,奇力新凱基9B購02,0,0,0,0,0,0,0,0,0,82000,0,0,0,82000,0,82000,82000
061427,旭富元大9A購02  ,0,0,0,0,0,0,0,0,0,82000,0,0,0,82000,0,82000,82000
064196,健策群益01購01  ,0,0,0,0,0,0,0,0,0,82000,0,0,0,83000,1000,82000,82000
3321,同泰            ,82000,0,82000,0,0,0,0,0,0,0,0,0,0,0,0,0,82000
2428,興勤            ,173000,81000,92000,0,0,0,0,0,0,-10000,13000,16000,-3000,0,7000,-7000,82000
8110,華東            ,161000,68000,93000,0,0,0,0,0,0,-11000,1000,12000,-11000,0,0,0,82000
2405,浩鑫            ,92000,10000,82000,0,0,0,0,0,0,0,0,0,0,0,0,0,82000
1305,華夏            ,182000,114000,68000,0,0,0,0,0,0,14000,23000,76000,-53000,67000,0,67000,82000
067949,緯穎國泰03購01  ,0,0,0,0,0,0,0,0,0,81000,0,0,0,152000,71000,81000,81000
067527,遠東新群益01購01,0,0,0,0,0,0,0,0,0,81000,0,0,0,81000,0,81000,81000
03013P,華新科永豐01售01,0,0,0,0,0,0,0,0,0,81000,0,0,0,243000,162000,81000,81000
054156,聯電亞東98購01  ,0,0,0,0,0,0,0,0,0,81000,0,0,0,81000,0,81000,81000
062919,聯茂元大9B購01  ,0,0,0,0,0,0,0,0,0,81000,0,0,0,90000,9000,81000,81000
066489,京鼎元富04購01  ,0,0,0,0,0,0,0,0,0,81000,0,0,0,81000,0,81000,81000
064974,燿華元大9C購03  ,0,0,0,0,0,0,0,0,0,81000,0,0,0,100000,19000,81000,81000
065339,旺宏統一01購08  ,0,0,0,0,0,0,0,0,0,81000,0,0,0,81000,0,81000,81000
08737P,聯詠凱基01售01  ,0,0,0,0,0,0,0,0,0,81000,0,0,0,91000,10000,81000,81000
067557,可成國票01購01  ,0,0,0,0,0,0,0,0,0,80000,0,0,0,91000,11000,80000,80000
07694P,超眾元大9A售05  ,0,0,0,0,0,0,0,0,0,80000,0,0,0,100000,20000,80000,80000
07955P,大成鋼群益9B售02,0,0,0,0,0,0,0,0,0,80000,0,0,0,100000,20000,80000,80000
08331P,義隆元富9C售02  ,0,0,0,0,0,0,0,0,0,80000,0,0,0,80000,0,80000,80000
08357P,聯發科元大9C售09,0,0,0,0,0,0,0,0,0,80000,0,0,0,91000,11000,80000,80000
058209,臺股指凱基01購01,0,0,0,0,0,0,0,0,0,80000,0,0,0,80000,0,80000,80000
053573,臺股指統一99購01,0,0,0,0,0,0,0,0,0,80000,0,0,0,80000,0,80000,80000
05995P,T50正2中信9C售01,0,0,0,0,0,0,0,0,0,80000,0,0,0,80000,0,80000,80000
062720,南亞科凱基9B購03,0,0,0,0,0,0,0,0,0,80000,0,0,0,155000,75000,80000,80000
061286,大立光統一9A購05,0,0,0,0,0,0,0,0,0,80000,0,0,0,80000,0,80000,80000
060432,達方永豐9A購01  ,0,0,0,0,0,0,0,0,0,80000,0,0,0,120000,40000,80000,80000
06504P,麗豐國票99售02  ,0,0,0,0,0,0,0,0,0,80000,0,0,0,80000,0,80000,80000
064875,國巨兆豐01購01  ,0,0,0,0,0,0,0,0,0,80000,0,0,0,105000,25000,80000,80000
064621,大立光元大9C購20,0,0,0,0,0,0,0,0,0,80000,0,0,0,102000,22000,80000,80000
066721,臺指反元大04購03,0,0,0,0,0,0,0,0,0,80000,0,0,0,80000,0,80000,80000
1503,士電            ,128000,34000,94000,0,0,0,0,0,0,-14000,2000,16000,-14000,0,0,0,80000
4137,麗豐-KY         ,125000,52000,73000,0,0,0,0,0,0,7000,0,18000,-18000,29000,4000,25000,80000
08505P,臺股指國票9C售07,0,0,0,0,0,0,0,0,0,79000,0,0,0,80000,1000,79000,79000
08177P,金像電元大9B售02,0,0,0,0,0,0,0,0,0,79000,0,0,0,105000,26000,79000,79000
07095P,台灣50元大9C售03,0,0,0,0,0,0,0,0,0,79000,0,0,0,81000,2000,79000,79000
060314,元翎永豐9A購01  ,0,0,0,0,0,0,0,0,0,79000,0,0,0,81000,2000,79000,79000
058443,T50正2富邦01購01,0,0,0,0,0,0,0,0,0,79000,0,0,0,81000,2000,79000,79000
055034,建準富邦99購01  ,0,0,0,0,0,0,0,0,0,79000,0,0,0,79000,0,79000,79000
061600,聯電凱基9B購01  ,0,0,0,0,0,0,0,0,0,79000,0,0,0,91000,12000,79000,79000
066703,聯詠群益01購02  ,0,0,0,0,0,0,0,0,0,79000,0,0,0,208000,129000,79000,79000
066383,臻鼎康和01購01  ,0,0,0,0,0,0,0,0,0,79000,0,0,0,96000,17000,79000,79000
065953,宏達電統一03購01,0,0,0,0,0,0,0,0,0,79000,0,0,0,79000,0,79000,79000
08010P,大成鋼元大9B售01,0,0,0,0,0,0,0,0,0,78000,0,0,0,78000,0,78000,78000
08037P,台表科群益9B售02,0,0,0,0,0,0,0,0,0,78000,0,0,0,83000,5000,78000,78000
068027,國巨元富07購11  ,0,0,0,0,0,0,0,0,0,78000,0,0,0,98000,20000,78000,78000
061543,南亞科群益9A購01,0,0,0,0,0,0,0,0,0,78000,0,0,0,78000,0,78000,78000
063284,大立光元大9B購07,0,0,0,0,0,0,0,0,0,78000,0,0,0,100000,22000,78000,78000
065962,鴻海元大01購04  ,0,0,0,0,0,0,0,0,0,78000,0,0,0,93000,15000,78000,78000
065903,聯發科富邦02購02,0,0,0,0,0,0,0,0,0,78000,0,0,0,83000,5000,78000,78000
066146,昇陽半群益01購02,0,0,0,0,0,0,0,0,0,78000,0,0,0,100000,22000,78000,78000
066251,川湖元大01購01  ,0,0,0,0,0,0,0,0,0,78000,0,0,0,135000,57000,78000,78000
066816,泰鼎兆豐03購01  ,0,0,0,0,0,0,0,0,0,78000,0,0,0,78000,0,78000,78000
8499,鼎炫-KY         ,122000,32000,90000,0,0,0,0,0,0,-12000,0,12000,-12000,0,0,0,78000
08733P,臺股指麥證01售05,0,0,0,96000,18000,78000,0,0,0,78000,0,0,0,96000,18000,78000,78000
067459,微星永豐01購01  ,0,0,0,0,0,0,0,0,0,77000,0,0,0,101000,24000,77000,77000
08210P,健策元富9B售02  ,0,0,0,0,0,0,0,0,0,77000,0,0,0,98000,21000,77000,77000
058763,和碩群益99購01  ,0,0,0,0,0,0,0,0,0,77000,0,0,0,77000,0,77000,77000
058554,瀚宇博永豐99購01,0,0,0,0,0,0,0,0,0,77000,0,0,0,77000,0,77000,77000
061282,台積電統一9C購06,0,0,0,0,0,0,0,0,0,77000,0,0,0,80000,3000,77000,77000
060583,南亞科元富9A購05,0,0,0,0,0,0,0,0,0,77000,0,0,0,78000,1000,77000,77000
066534,華通台新01購02  ,0,0,0,0,0,0,0,0,0,77000,0,0,0,101000,24000,77000,77000
066350,達麗永豐01購01  ,0,0,0,0,0,0,0,0,0,77000,0,0,0,86000,9000,77000,77000
5608,四維航          ,168000,91000,77000,0,0,0,0,0,0,0,0,0,0,0,0,0,77000
3018,同開            ,84000,7000,77000,0,0,0,0,0,0,0,0,0,0,0,0,0,77000
9943,好樂迪          ,77000,4000,73000,0,0,0,0,0,0,4000,4000,0,4000,0,0,0,77000
066970,T50反1群益01購05,0,0,0,0,0,0,0,0,0,76000,0,0,0,90000,14000,76000,76000
058925,旭富元富99購02  ,0,0,0,0,0,0,0,0,0,76000,0,0,0,76000,0,76000,76000
059380,鴻海亞東99購01  ,0,0,0,0,0,0,0,0,0,76000,0,0,0,76000,0,76000,76000
060355,元金2X元富9C購01,0,0,0,0,0,0,0,0,0,76000,0,0,0,80000,4000,76000,76000
057270,遠東新元大98購01,0,0,0,0,0,0,0,0,0,76000,0,0,0,76000,0,76000,76000
03089P,華擎元大01售07  ,0,0,0,0,0,0,0,0,0,76000,0,0,0,186000,110000,76000,76000
066237,京鼎富邦04購01  ,180000,0,180000,0,0,0,0,0,0,-104000,0,0,0,158000,262000,-104000,76000
066895,台勝科兆豐01購01,0,0,0,0,0,0,0,0,0,76000,0,0,0,76000,0,76000,76000
067463,T50反1元大01購04,0,0,0,0,0,0,0,0,0,75000,0,0,0,600000,525000,75000,75000
068076,欣興凱基01購05  ,0,0,0,0,0,0,0,0,0,75000,0,0,0,279000,204000,75000,75000
067885,台積電群益02購02,0,0,0,0,0,0,0,0,0,75000,0,0,0,155000,80000,75000,75000
08361P,玉晶光永豐9C售04,0,0,0,0,0,0,0,0,0,75000,0,0,0,75000,0,75000,75000
08695P,嘉晶群益01售01  ,0,0,0,0,0,0,0,0,0,75000,0,0,0,115000,40000,75000,75000
06929P,鴻海元大99售11  ,0,0,0,0,0,0,0,0,0,75000,0,0,0,75000,0,75000,75000
059453,奇力新永豐99購01,0,0,0,0,0,0,0,0,0,75000,0,0,0,75000,0,75000,75000
058312,大毅國泰9B購01  ,0,0,0,0,0,0,0,0,0,75000,0,0,0,105000,30000,75000,75000
059833,緯穎康和99購01  ,0,0,0,0,0,0,0,0,0,75000,0,0,0,75000,0,75000,75000
061681,南電元大9A購08  ,0,0,0,0,0,0,0,0,0,75000,0,0,0,75000,0,75000,75000
063458,正隆元大9B購01  ,0,0,0,0,0,0,0,0,0,75000,0,0,0,90000,15000,75000,75000
064335,可成元大9C購05  ,0,0,0,0,0,0,0,0,0,75000,0,0,0,75000,0,75000,75000
4144,康聯-KY         ,99000,24000,75000,0,0,0,0,0,0,0,0,0,0,0,0,0,75000
08900P,聯發科群益01售07,0,0,0,0,0,0,0,0,0,75000,0,0,0,85000,10000,75000,75000
08631P,臺股指麥證9C售06,0,0,0,91000,17000,74000,0,0,0,74000,0,0,0,91000,17000,74000,74000
08420P,國巨群益9C售12  ,0,0,0,0,0,0,0,0,0,74000,0,0,0,79000,5000,74000,74000
067745,泰鼎元大01購03  ,0,0,0,0,0,0,0,0,0,74000,0,0,0,114000,40000,74000,74000
067746,瀚宇博元大01購04,0,0,0,0,0,0,0,0,0,74000,0,0,0,133000,59000,74000,74000
067393,欣興國泰03購02  ,0,0,0,0,0,0,0,0,0,74000,0,0,0,393000,319000,74000,74000
067021,正崴中信01購01  ,0,0,0,0,0,0,0,0,0,74000,0,0,0,84000,10000,74000,74000
059862,全新群益99購04  ,0,0,0,0,0,0,0,0,0,74000,0,0,0,74000,0,74000,74000
062527,美律統一01購01  ,0,0,0,0,0,0,0,0,0,74000,0,0,0,196000,122000,74000,74000
065080,燿華元大01購01  ,0,0,0,0,0,0,0,0,0,74000,0,0,0,110000,36000,74000,74000
065265,景碩元大9C購02  ,0,0,0,0,0,0,0,0,0,74000,0,0,0,149000,75000,74000,74000
1467,南緯            ,164000,90000,74000,0,0,0,0,0,0,0,0,0,0,0,0,0,74000
2413,環科            ,83000,9000,74000,0,0,0,0,0,0,0,0,0,0,0,0,0,74000
3686,達能            ,98000,24000,74000,0,0,0,0,0,0,0,0,0,0,0,0,0,74000
08297P,寶成元大9C售01  ,0,10000,-10000,0,0,0,0,0,0,83000,0,0,0,113000,30000,83000,73000
059638,大立光凱基99購11,0,0,0,0,0,0,0,0,0,73000,0,0,0,73000,0,73000,73000
060360,南亞科元富9A購02,0,0,0,0,0,0,0,0,0,73000,0,0,0,93000,20000,73000,73000
00703,台新MSCI中國    ,0,0,0,0,0,0,0,0,0,73000,0,0,0,117000,44000,73000,73000
064536,富邦金國票01購01,0,0,0,0,0,0,0,0,0,73000,0,0,0,172000,99000,73000,73000
066145,昇陽半群益01購01,0,0,0,0,0,0,0,0,0,73000,0,0,0,84000,11000,73000,73000
8081,致新            ,201000,113000,88000,0,0,0,0,0,0,-15000,6000,11000,-5000,3000,13000,-10000,73000
1466,聚隆            ,182000,109000,73000,0,0,0,0,0,0,0,0,0,0,0,0,0,73000
08560P,茂林國票01售01  ,0,0,0,0,0,0,0,0,0,72000,0,0,0,134000,62000,72000,72000
067426,聯發科凱基01購14,0,0,0,0,0,0,0,0,0,72000,0,0,0,115000,43000,72000,72000
067721,義隆凱基01購06  ,0,0,0,0,0,0,0,0,0,72000,0,0,0,124000,52000,72000,72000
067939,玉晶光凱基02購06,0,0,0,0,0,0,0,0,0,72000,0,0,0,196000,124000,72000,72000
03132P,玉晶光台新01售01,0,0,0,0,0,0,0,0,0,72000,0,0,0,72000,0,72000,72000
063677,台光電國泰9C購02,0,0,0,0,0,0,0,0,0,72000,0,0,0,118000,46000,72000,72000
058353,國巨凱基99購09  ,0,0,0,0,0,0,0,0,0,72000,0,0,0,82000,10000,72000,72000
059097,世紀鋼元大99購05,0,0,0,0,0,0,0,0,0,72000,0,0,0,493000,421000,72000,72000
058711,鴻海統一9A購02  ,0,0,0,0,0,0,0,0,0,72000,0,0,0,72000,0,72000,72000
061606,景碩凱基9A購02  ,0,0,0,0,0,0,0,0,0,72000,0,0,0,82000,10000,72000,72000
061087,國巨統一01購04  ,0,0,0,0,0,0,0,0,0,72000,0,0,0,116000,44000,72000,72000
064507,臻鼎元大9C購02  ,0,0,0,0,0,0,0,0,0,72000,0,0,0,96000,24000,72000,72000
065615,南電元大01購03  ,0,0,0,0,0,0,0,0,0,72000,0,0,0,75000,3000,72000,72000
08817P,致新元富01售02  ,0,0,0,0,0,0,0,0,0,72000,0,0,0,137000,65000,72000,72000
4576,大銀微系統      ,89000,17000,72000,0,0,0,0,0,0,0,0,0,0,0,0,0,72000
068175,T50反1群益01購09,0,0,0,0,0,0,0,0,0,71000,0,0,0,85000,14000,71000,71000
068234,T50反1元大01購07,0,0,0,0,0,0,0,0,0,71000,0,0,0,961000,890000,71000,71000
052659,上証2X國票99購01,0,0,0,0,0,0,0,0,0,71000,0,0,0,111000,40000,71000,71000
066162,泰豐凱基01購01  ,0,0,0,0,0,0,0,0,0,71000,0,0,0,72000,1000,71000,71000
066852,矽格元大01購03  ,0,0,0,0,0,0,0,0,0,71000,0,0,0,163000,92000,71000,71000
07150P,和碩元大99售01  ,0,0,0,0,0,0,0,0,0,70000,0,0,0,70000,0,70000,70000
07789P,緯穎群益9A售03  ,0,0,0,0,0,0,0,0,0,70000,0,0,0,101000,31000,70000,70000
08591P,台光電凱基9C售02,0,0,0,0,0,0,0,0,0,70000,0,0,0,70000,0,70000,70000
08463P,台灣50國泰02售02,0,0,0,0,0,0,0,0,0,70000,0,0,0,70000,0,70000,70000
08339P,上銀統一9C售04  ,0,0,0,0,0,0,0,0,0,70000,0,0,0,70000,0,70000,70000
068106,南電永豐01購02  ,0,0,0,0,0,0,0,0,0,70000,0,0,0,70000,0,70000,70000
067696,欣興兆豐03購01  ,0,0,0,0,0,0,0,0,0,70000,0,0,0,225000,155000,70000,70000
06735P,奇力新凱基98售07,0,0,0,0,0,0,0,0,0,70000,0,0,0,80000,10000,70000,70000
067329,巨大康和01購02  ,0,0,0,0,0,0,0,0,0,70000,0,0,0,70000,0,70000,70000
03421B,臺股指元大99熊01,0,0,0,0,0,0,0,0,0,70000,0,0,0,251000,181000,70000,70000
057179,可成元大98購04  ,0,0,0,0,0,0,0,0,0,70000,0,0,0,170000,100000,70000,70000
058215,貿聯群益99購02  ,0,0,0,0,0,0,0,0,0,70000,0,0,0,70000,0,70000,70000
057997,旺宏第一9C購01  ,0,0,0,0,0,0,0,0,0,70000,0,0,0,70000,0,70000,70000
055244,國巨統一98購01  ,0,0,0,0,0,0,0,0,0,70000,0,0,0,70000,0,70000,70000
056738,國巨凱基9A購02  ,0,0,0,0,0,0,0,0,0,70000,0,0,0,71000,1000,70000,70000
056601,鈺齊元富98購01  ,0,0,0,0,0,0,0,0,0,70000,0,0,0,70000,0,70000,70000
060157,致茂永豐9A購02  ,0,0,0,0,0,0,0,0,0,70000,0,0,0,91000,21000,70000,70000
063632,金像電元大9B購04,0,0,0,0,0,0,0,0,0,70000,0,0,0,113000,43000,70000,70000
063997,泰鼎群益9C購01  ,0,0,0,0,0,0,0,0,0,70000,0,0,0,81000,11000,70000,70000
064095,鴻海群益01購02  ,0,0,0,0,0,0,0,0,0,70000,0,0,0,70000,0,70000,70000
062437,廣達元大9B購01  ,0,0,0,0,0,0,0,0,0,70000,0,0,0,70000,0,70000,70000
060736,旺宏統一01購01  ,0,0,0,0,0,0,0,0,0,70000,0,0,0,85000,15000,70000,70000
062449,臻鼎元大9B購01  ,0,0,0,0,0,0,0,0,0,70000,0,0,0,124000,54000,70000,70000
066728,台積電元大01購15,0,0,0,0,0,0,0,0,0,70000,0,0,0,70000,0,70000,70000
066653,矽格康和01購01  ,0,0,0,0,0,0,0,0,0,70000,0,0,0,82000,12000,70000,70000
066437,台泥群益02購01  ,0,0,0,0,0,0,0,0,0,70000,0,0,0,167000,97000,70000,70000
066091,南電永豐01購01  ,0,0,0,0,0,0,0,0,0,70000,0,0,0,92000,22000,70000,70000
065603,聯發科元大9C購16,0,0,0,0,0,0,0,0,0,70000,0,0,0,70000,0,70000,70000
064591,臻鼎永豐9C購01  ,0,0,0,0,0,0,0,0,0,70000,0,0,0,70000,0,70000,70000
064693,玉晶光群益01購06,0,0,0,0,0,0,0,0,0,70000,0,0,0,90000,20000,70000,70000
064699,臻鼎群益9C購01  ,0,0,0,0,0,0,0,0,0,70000,0,0,0,105000,35000,70000,70000
6224,聚鼎            ,166000,96000,70000,0,0,0,0,0,0,0,0,0,0,0,0,0,70000
08855P,台灣50國票01售05,0,0,0,0,0,0,0,0,0,70000,0,0,0,70000,0,70000,70000
08856P,台灣50國票01售06,0,0,0,0,0,0,0,0,0,70000,0,0,0,80000,10000,70000,70000
1215,卜蜂            ,254000,151000,103000,0,0,0,0,0,0,-33000,0,37000,-37000,4000,0,4000,70000
067678,大立光元大02購02,0,0,0,0,0,0,0,0,0,69000,0,0,0,130000,61000,69000,69000
068001,欣興元大01購08  ,0,0,0,0,0,0,0,0,0,69000,0,0,0,189000,120000,69000,69000
08062P,華擎國票9B售03  ,0,0,0,0,0,0,0,0,0,69000,0,0,0,109000,40000,69000,69000
06847P,奇力新元大98售05,0,0,0,0,0,0,0,0,0,69000,0,0,0,69000,0,69000,69000
064073,南電永豐9C購01  ,0,0,0,0,0,0,0,0,0,69000,0,0,0,88000,19000,69000,69000
064164,祥碩統一01購05  ,0,0,0,0,0,0,0,0,0,69000,0,0,0,69000,0,69000,69000
061378,南六永豐9A購03  ,0,0,0,0,0,0,0,0,0,69000,0,0,0,150000,81000,69000,69000
065174,華新科元大02購02,0,0,0,0,0,0,0,0,0,69000,0,0,0,137000,68000,69000,69000
065134,中石化凱基01購01,0,0,0,0,0,0,0,0,0,69000,0,0,0,308000,239000,69000,69000
066644,瑞昱麥證01購01  ,0,0,0,79000,20000,59000,0,0,0,69000,0,0,0,89000,20000,69000,69000
066719,滬深2X元大01購06,0,0,0,0,0,0,0,0,0,69000,0,0,0,944000,875000,69000,69000
066962,致新元大01購02  ,0,0,0,0,0,0,0,0,0,69000,0,0,0,69000,0,69000,69000
08818P,台灣50凱基01售18,0,0,0,0,0,0,0,0,0,69000,0,0,0,69000,0,69000,69000
08797P,健策凱基02售03  ,0,0,0,0,0,0,0,0,0,69000,0,0,0,110000,41000,69000,69000
08773P,瑞昱凱基01售01  ,0,0,0,0,0,0,0,0,0,69000,0,0,0,73000,4000,69000,69000
1532,勤美            ,88000,19000,69000,0,0,0,0,0,0,0,0,0,0,0,0,0,69000
6155,鈞寶            ,113000,44000,69000,0,0,0,0,0,0,0,0,0,0,0,0,0,69000
2376,技嘉            ,2584700,2721000,-136300,0,0,0,167000,27000,140000,65000,462000,424000,38000,78000,51000,27000,68700
08043P,電子類群益9B售01,0,0,0,0,0,0,0,0,0,68000,0,0,0,73000,5000,68000,68000
067969,玉晶光群益02購19,0,0,0,0,0,0,0,0,0,68000,0,0,0,116000,48000,68000,68000
067339,欣興凱基02購01  ,0,0,0,0,0,0,0,0,0,68000,0,0,0,232000,164000,68000,68000
058144,聯茂元大99購02  ,0,0,0,0,0,0,0,0,0,68000,0,0,0,68000,0,68000,68000
03022P,玉晶光群益02售26,0,0,0,0,0,0,0,0,0,68000,0,0,0,68000,0,68000,68000
063335,道瓊銀統一9C購01,0,0,0,0,0,0,0,0,0,68000,0,0,0,92000,24000,68000,68000
066075,景碩凱基02購01  ,0,0,0,0,0,0,0,0,0,68000,0,0,0,153000,85000,68000,68000
066201,大毅統一02購01  ,0,0,0,0,0,0,0,0,0,68000,0,0,0,68000,0,68000,68000
065997,元黃金國票03購01,0,0,0,0,0,0,0,0,0,68000,0,0,0,186000,118000,68000,68000
065780,國巨富邦03購02  ,0,0,0,0,0,0,0,0,0,68000,0,0,0,138000,70000,68000,68000
065604,聯發科元大9C購17,0,0,0,0,0,0,0,0,0,68000,0,0,0,69000,1000,68000,68000
065654,台表科元大9C購12,0,0,0,0,0,0,0,0,0,68000,0,0,0,73000,5000,68000,68000
08763P,健策永豐01售02  ,0,0,0,0,0,0,0,0,0,68000,0,0,0,71000,3000,68000,68000
4552,力達-KY         ,82000,14000,68000,0,0,0,0,0,0,0,0,0,0,0,0,0,68000
08424P,群創元富9C售03  ,0,0,0,0,0,0,0,0,0,67000,0,0,0,102000,35000,67000,67000
060017,全新康和99購01  ,0,0,0,0,0,0,0,0,0,67000,0,0,0,67000,0,67000,67000
059103,旭富元富99購03  ,0,0,0,0,0,0,0,0,0,67000,0,0,0,67000,0,67000,67000
061896,景碩永豐9B購01  ,0,0,0,0,0,0,0,0,0,67000,0,0,0,256000,189000,67000,67000
063928,可成統一01購02  ,0,0,0,0,0,0,0,0,0,67000,0,0,0,93000,26000,67000,67000
065778,南亞科國泰01購01,0,0,0,0,0,0,0,0,0,67000,0,0,0,69000,2000,67000,67000
065819,京鼎元富03購01  ,0,0,0,0,0,0,0,0,0,67000,0,0,0,102000,35000,67000,67000
08002P,大毅國票9B售03  ,0,0,0,0,0,0,0,0,0,66000,0,0,0,111000,45000,66000,66000
06906P,國巨國泰99售01  ,0,0,0,0,0,0,0,0,0,66000,0,0,0,108000,42000,66000,66000
057369,奇力新元大99購05,0,0,0,0,0,0,0,0,0,66000,0,0,0,66000,0,66000,66000
061125,億光永豐9A購01  ,0,0,0,0,0,0,0,0,0,66000,0,0,0,113000,47000,66000,66000
060605,大立光凱基9C購01,0,0,0,0,0,0,0,0,0,66000,0,0,0,80000,14000,66000,66000
062639,臻鼎國票9C購01  ,0,0,0,0,0,0,0,0,0,66000,0,0,0,82000,16000,66000,66000
062745,聯詠永豐9B購01  ,0,0,0,0,0,0,0,0,0,66000,0,0,0,93000,27000,66000,66000
062801,宏達電統一01購01,0,0,0,0,0,0,0,0,0,66000,0,0,0,92000,26000,66000,66000
065887,巨大元富9C購01  ,0,0,0,0,0,0,0,0,0,66000,0,0,0,91000,25000,66000,66000
065899,神基麥證9C購02  ,0,0,0,66000,0,66000,0,0,0,66000,0,0,0,66000,0,66000,66000
066269,宏達電元大01購03,0,0,0,0,0,0,0,0,0,66000,0,0,0,93000,27000,66000,66000
065649,牧德元大03購01  ,0,0,0,0,0,0,0,0,0,66000,0,0,0,100000,34000,66000,66000
064748,力成國票01購01  ,0,0,0,0,0,0,0,0,0,66000,0,0,0,66000,0,66000,66000
068276,訊連永豐01購02  ,0,0,0,0,0,0,0,0,0,65000,0,0,0,75000,10000,65000,65000
07758P,台積電國票9A售06,0,0,0,0,0,0,0,0,0,65000,0,0,0,75000,10000,65000,65000
08557P,臺股指中信01售09,0,0,0,0,0,0,0,0,0,65000,0,0,0,65000,0,65000,65000
067560,聯詠國票02購01  ,0,0,0,0,0,0,0,0,0,65000,0,0,0,86000,21000,65000,65000
066994,聯發科國泰03購02,0,0,0,0,0,0,0,0,0,65000,0,0,0,65000,0,65000,65000
067115,京鼎群益02購05  ,0,0,0,0,0,0,0,0,0,65000,0,0,0,110000,45000,65000,65000
068050,玉晶光統一02購02,0,0,0,0,0,0,0,0,0,65000,0,0,0,65000,0,65000,65000
067688,南六元大01購06  ,0,0,0,0,0,0,0,0,0,65000,0,0,0,160000,95000,65000,65000
067663,神隆元大01購03  ,0,0,0,0,0,0,0,0,0,65000,0,0,0,130000,65000,65000,65000
057166,國巨元大99購06  ,0,0,0,0,0,0,0,0,0,65000,0,0,0,120000,55000,65000,65000
059860,台積電群益9A購02,0,0,0,0,0,0,0,0,0,65000,0,0,0,65000,0,65000,65000
059933,台灣50永豐99購11,0,0,0,0,0,0,0,0,0,65000,0,0,0,65000,0,65000,65000
058523,聯茂元大99購08  ,0,0,0,0,0,0,0,0,0,65000,0,0,0,75000,10000,65000,65000
06327P,台積電中信01售01,0,0,0,0,0,0,0,0,0,65000,0,0,0,65000,0,65000,65000
063442,金像電統一01購01,0,0,0,0,0,0,0,0,0,65000,0,0,0,92000,27000,65000,65000
061701,友達國票9B購02  ,0,0,0,0,0,0,0,0,0,65000,0,0,0,73000,8000,65000,65000
060653,全新群益9A購02  ,0,0,0,0,0,0,0,0,0,65000,0,0,0,65000,0,65000,65000
064999,T50反1國票9C購03,0,0,0,0,0,0,0,0,0,65000,0,0,0,66000,1000,65000,65000
065100,聯茂元大9C購04  ,0,0,0,0,0,0,0,0,0,65000,0,0,0,158000,93000,65000,65000
066385,巨大康和01購01  ,0,0,0,0,0,0,0,0,0,65000,0,0,0,96000,31000,65000,65000
4106,雃博            ,504000,458000,46000,0,0,0,0,0,0,19000,42000,23000,19000,0,0,0,65000
4306,炎洲            ,126000,55000,71000,0,0,0,0,0,0,-6000,0,6000,-6000,0,0,0,65000
2453,凌群            ,99000,33000,66000,0,0,0,0,0,0,-1000,0,1000,-1000,0,0,0,65000
1313,聯成            ,605000,540000,65000,0,0,0,0,0,0,0,0,0,0,0,0,0,65000
068035,聯詠元富07購03  ,0,0,0,0,0,0,0,0,0,64000,0,0,0,372000,308000,64000,64000
058553,合勤控永豐99購01,0,0,0,0,0,0,0,0,0,64000,0,0,0,64000,0,64000,64000
060320,元金2X群益02購01,0,0,0,0,0,0,0,0,0,64000,0,0,0,120000,56000,64000,64000
056404,嘉聯益群益9A購01,0,0,0,0,0,0,0,0,0,64000,0,0,0,140000,76000,64000,64000
061951,南電群益9B購01  ,0,0,0,0,0,0,0,0,0,64000,0,0,0,69000,5000,64000,64000
065728,嘉晶凱基9C購04  ,0,0,0,0,0,0,0,0,0,64000,0,0,0,68000,4000,64000,64000
064623,創意元大9C購04  ,0,0,0,0,0,0,0,0,0,64000,0,0,0,65000,1000,64000,64000
08951P,臺股指國票01售08,0,0,0,0,0,0,0,0,0,64000,0,0,0,115000,51000,64000,64000
067205,台積電元大01購22,0,5000,-5000,0,0,0,0,0,0,68000,0,0,0,106000,38000,68000,63000
067534,億光群益01購01  ,0,0,0,0,0,0,0,0,0,63000,0,0,0,208000,145000,63000,63000
067418,中化凱基01購01  ,0,0,0,0,0,0,0,0,0,63000,0,0,0,100000,37000,63000,63000
062525,鴻海統一9C購10  ,0,0,0,0,0,0,0,0,0,63000,0,0,0,73000,10000,63000,63000
065642,台積電元大9C購13,0,0,0,0,0,0,0,0,0,63000,0,0,0,63000,0,63000,63000
065374,義隆元大9C購07  ,0,0,0,0,0,0,0,0,0,63000,0,0,0,123000,60000,63000,63000
066458,大毅統一02購02  ,0,0,0,0,0,0,0,0,0,63000,0,0,0,65000,2000,63000,63000
08826P,健策元大01售08  ,0,0,0,0,0,0,0,0,0,63000,0,0,0,86000,23000,63000,63000
1337,再生-KY         ,173000,110000,63000,0,0,0,0,0,0,0,0,0,0,0,0,0,63000
4155,訊映            ,85000,22000,63000,0,0,0,0,0,0,0,0,0,0,0,0,0,63000
067084,泰鼎元大01購02  ,0,0,0,0,0,0,0,0,0,62000,0,0,0,121000,59000,62000,62000
068075,欣興凱基01購04  ,0,0,0,0,0,0,0,0,0,62000,0,0,0,124000,62000,62000,62000
056910,超眾元大99購02  ,0,0,0,0,0,0,0,0,0,62000,0,0,0,65000,3000,62000,62000
058811,台積電統一9A購05,0,0,0,0,0,0,0,0,0,62000,0,0,0,62000,0,62000,62000
063804,華邦電兆豐01購01,0,0,0,0,0,0,0,0,0,62000,0,0,0,86000,24000,62000,62000
062703,可成元大9C購02  ,0,0,0,0,0,0,0,0,0,62000,0,0,0,80000,18000,62000,62000
066589,英業達群益01購01,0,0,0,0,0,0,0,0,0,62000,0,0,0,112000,50000,62000,62000
066760,大立光永豐01購01,0,0,0,0,0,0,0,0,0,62000,0,0,0,62000,0,62000,62000
067069,友訊元大01購03  ,0,0,0,0,0,0,0,0,0,61000,0,0,0,68000,7000,61000,61000
08403P,上銀元大9C售07  ,0,0,0,0,0,0,0,0,0,61000,0,0,0,80000,19000,61000,61000
08341P,國泰金台新9C售01,0,0,0,0,0,0,0,0,0,61000,0,0,0,220000,159000,61000,61000
058737,鴻海第一01購01  ,0,0,0,0,0,0,0,0,0,61000,0,0,0,65000,4000,61000,61000
058421,國泰金麥證01購01,0,0,0,133000,72000,61000,0,0,0,61000,0,0,0,133000,72000,61000,61000
03055P,台積電康和01售02,0,0,0,0,0,0,0,0,0,61000,0,0,0,129000,68000,61000,61000
00752,中信中國50      ,1000,0,1000,0,0,0,0,0,0,60000,0,0,0,625000,565000,60000,61000
061941,道瓊指群益9B購01,0,0,0,0,0,0,0,0,0,61000,0,0,0,61000,0,61000,61000
063936,道瓊反元大9C購02,0,0,0,0,0,0,0,0,0,61000,0,0,0,61000,0,61000,61000
063970,大立光國票01購01,0,0,0,0,0,0,0,0,0,61000,0,0,0,66000,5000,61000,61000
066736,京鼎元大01購02  ,0,0,0,0,0,0,0,0,0,61000,0,0,0,98000,37000,61000,61000
1614,三洋電          ,93000,28000,65000,0,0,0,0,0,0,-4000,0,4000,-4000,0,0,0,61000
08301P,台積電兆豐9C售02,0,0,0,0,0,0,0,0,0,60000,0,0,0,60000,0,60000,60000
08066P,南亞科凱基9B售04,0,0,0,0,0,0,0,0,0,60000,0,0,0,70000,10000,60000,60000
07107P,臺股指統一99售07,0,0,0,0,0,0,0,0,0,60000,0,0,0,60000,0,60000,60000
07164P,臺股指群益99售15,0,0,0,0,0,0,0,0,0,60000,0,0,0,60000,0,60000,60000
07391P,台灣50國泰02售01,0,0,0,0,0,0,0,0,0,60000,0,0,0,60000,0,60000,60000
07577P,華新科元大9A售09,0,0,0,0,0,0,0,0,0,60000,0,0,0,60000,0,60000,60000
06934P,聯鈞元大98售03  ,0,0,0,0,0,0,0,0,0,60000,0,0,0,60000,0,60000,60000
067188,日電貿凱基01購02,0,0,0,0,0,0,0,0,0,60000,0,0,0,60000,0,60000,60000
06744P,嘉聯益永豐98售03,0,0,0,0,0,0,0,0,0,60000,0,0,0,146000,86000,60000,60000
068069,台光電凱基01購03,0,0,0,0,0,0,0,0,0,60000,0,0,0,70000,10000,60000,60000
067646,元金2X元富01購01,0,0,0,0,0,0,0,0,0,60000,0,0,0,60000,0,60000,60000
058073,大立光凱基99購04,0,0,0,0,0,0,0,0,0,60000,0,0,0,105000,45000,60000,60000
058314,欣興富邦9B購01  ,0,0,0,0,0,0,0,0,0,60000,0,0,0,85000,25000,60000,60000
060383,葡萄王凱基9A購01,0,0,0,0,0,0,0,0,0,60000,0,0,0,60000,0,60000,60000
063030,華通凱基9B購03  ,0,0,0,0,0,0,0,0,0,60000,0,0,0,135000,75000,60000,60000
058861,國巨凱基9A購08  ,0,0,0,0,0,0,0,0,0,60000,0,0,0,63000,3000,60000,60000
058976,元油2X凱基9A購09,0,0,0,0,0,0,0,0,0,60000,0,0,0,60000,0,60000,60000
062529,可成統一9C購03  ,0,0,0,0,0,0,0,0,0,60000,0,0,0,60000,0,60000,60000
064192,巨大中信9C購01  ,0,0,0,0,0,0,0,0,0,60000,0,0,0,60000,0,60000,60000
062769,臺股指凱基9B購13,0,0,0,0,0,0,0,0,0,60000,0,0,0,60000,0,60000,60000
062787,超眾元大9C購02  ,0,0,0,0,0,0,0,0,0,60000,0,0,0,60000,0,60000,60000
066616,創意康和01購01  ,0,0,0,0,0,0,0,0,0,60000,0,0,0,128000,68000,60000,60000
065802,義隆群益9C購05  ,0,0,0,0,0,0,0,0,0,60000,0,0,0,73000,13000,60000,60000
065917,全新凱基02購01  ,0,0,0,0,0,0,0,0,0,60000,0,0,0,60000,0,60000,60000
066295,昇陽半元大01購01,0,0,0,0,0,0,0,0,0,60000,0,0,0,62000,2000,60000,60000
065510,鴻海群益01購04  ,0,0,0,0,0,0,0,0,0,60000,0,0,0,100000,40000,60000,60000
065610,牧德元大02購01  ,0,0,0,0,0,0,0,0,0,60000,0,0,0,60000,0,60000,60000
065159,臻鼎群益9C購02  ,0,0,0,0,0,0,0,0,0,60000,0,0,0,156000,96000,60000,60000
065369,瑞昱元大9C購01  ,0,0,0,0,0,0,0,0,0,60000,0,0,0,60000,0,60000,60000
064745,聯鈞國票01購01  ,0,0,0,0,0,0,0,0,0,60000,0,0,0,70000,10000,60000,60000
08762P,南六元大01售03  ,0,0,0,0,0,0,0,0,0,60000,0,0,0,210000,150000,60000,60000
8070,長華*           ,68000,18000,50000,0,0,0,0,0,0,10000,10000,0,10000,0,0,0,60000
067617,臺股指凱基01購12,0,0,0,0,0,0,0,0,0,59000,0,0,0,75000,16000,59000,59000
067707,奇力新元富04購01,0,0,0,0,0,0,0,0,0,59000,0,0,0,59000,0,59000,59000
068000,聯詠元大01購09  ,0,0,0,0,0,0,0,0,0,59000,0,0,0,84000,25000,59000,59000
06977P,臺股指元大9A售15,0,0,0,0,0,0,0,0,0,59000,0,0,0,60000,1000,59000,59000
08042P,臺股指群益9B售15,0,0,0,0,0,0,0,0,0,59000,0,0,0,60000,1000,59000,59000
058534,友達統一9B購01  ,0,0,0,0,0,0,0,0,0,59000,0,0,0,81000,22000,59000,59000
060153,A50正2永豐9A購01,0,0,0,0,0,0,0,0,0,59000,0,0,0,59000,0,59000,59000
060370,滬深2X元富04購01,0,0,0,0,0,0,0,0,0,59000,0,0,0,74000,15000,59000,59000
062761,嘉晶凱基9C購01  ,0,0,0,0,0,0,0,0,0,59000,0,0,0,60000,1000,59000,59000
062678,華通統一9C購04  ,0,0,0,0,0,0,0,0,0,59000,0,0,0,110000,51000,59000,59000
062425,可成統一01購01  ,0,0,0,0,0,0,0,0,0,59000,0,0,0,62000,3000,59000,59000
064216,矽格凱基01購01  ,0,0,0,0,0,0,0,0,0,59000,0,0,0,84000,25000,59000,59000
06499P,臺股指元大9A售04,0,0,0,0,0,0,0,0,0,59000,0,0,0,59000,0,59000,59000
065110,嘉澤國票01購01  ,0,0,0,0,0,0,0,0,0,59000,0,0,0,114000,55000,59000,59000
066078,南電凱基02購02  ,0,0,0,0,0,0,0,0,0,59000,0,0,0,92000,33000,59000,59000
3530,晶相光          ,199000,121000,78000,0,0,0,0,0,0,-19000,0,11000,-11000,0,8000,-8000,59000
1316,上曜            ,84000,25000,59000,0,0,0,0,0,0,0,0,0,0,0,0,0,59000
2423,固緯            ,55000,5000,50000,0,0,0,0,0,0,9000,9000,0,9000,0,0,0,59000
08171P,嘉澤國票9C售01  ,0,0,0,0,0,0,0,0,0,58000,0,0,0,117000,59000,58000,58000
07800P,華新科國泰9B售04,0,0,0,0,0,0,0,0,0,58000,0,0,0,228000,170000,58000,58000
067194,惠特凱基01購03  ,0,0,0,0,0,0,0,0,0,58000,0,0,0,78000,20000,58000,58000
060127,牧德永豐99購02  ,0,0,0,0,0,0,0,0,0,58000,0,0,0,58000,0,58000,58000
059942,全新永豐99購04  ,0,0,0,0,0,0,0,0,0,58000,0,0,0,58000,0,58000,58000
056944,鴻海統一98購11  ,0,0,0,0,0,0,0,0,0,58000,0,0,0,78000,20000,58000,58000
055923,矽力凱基98購01  ,0,0,0,0,0,0,0,0,0,58000,0,0,0,58000,0,58000,58000
060451,中石化元大9C購02,0,0,0,0,0,0,0,0,0,58000,0,0,0,200000,142000,58000,58000
062212,臻鼎台新9B購01  ,0,0,0,0,0,0,0,0,0,58000,0,0,0,320000,262000,58000,58000
063289,台表科元大9B購07,0,0,0,0,0,0,0,0,0,58000,0,0,0,74000,16000,58000,58000
066279,拓凱元大01購01  ,0,0,0,0,0,0,0,0,0,58000,0,0,0,108000,50000,58000,58000
065972,聯發科元大01購07,0,0,0,0,0,0,0,0,0,58000,0,0,0,60000,2000,58000,58000
065973,嘉晶元大01購03  ,0,0,0,0,0,0,0,0,0,58000,0,0,0,80000,22000,58000,58000
065753,正崴元大9C購02  ,0,0,0,0,0,0,0,0,0,58000,0,0,0,120000,62000,58000,58000
065882,景碩台新9C購03  ,0,0,0,0,0,0,0,0,0,58000,0,0,0,92000,34000,58000,58000
065664,矽格永豐9C購01  ,0,0,0,0,0,0,0,0,0,58000,0,0,0,58000,0,58000,58000
065722,緯創兆豐9C購02  ,0,0,0,0,0,0,0,0,0,58000,0,0,0,66000,8000,58000,58000
064972,台積電元大9C購11,9000,0,9000,0,0,0,0,0,0,49000,0,0,0,49000,0,49000,58000
2328,廣宇            ,375000,244000,131000,0,0,0,0,0,0,-73000,1000,74000,-73000,0,0,0,58000
4564,元翎            ,431000,367000,64000,0,0,0,0,0,0,-6000,0,0,0,0,6000,-6000,58000
067353,可成群益02購01  ,0,0,0,0,0,0,0,0,0,57000,0,0,0,91000,34000,57000,57000
058046,國巨元大9A購01  ,0,0,0,0,0,0,0,0,0,57000,0,0,0,131000,74000,57000,57000
051970,元黃金凱基98購01,0,0,0,0,0,0,0,0,0,57000,0,0,0,57000,0,57000,57000
063345,嘉晶統一9C購02  ,0,0,0,0,0,0,0,0,0,57000,0,0,0,57000,0,57000,57000
063762,緯穎統一9C購01  ,0,0,0,0,0,0,0,0,0,57000,0,0,0,57000,0,57000,57000
060471,台勝科元大9B購01,0,0,0,0,0,0,0,0,0,57000,0,0,0,62000,5000,57000,57000
065790,創意永豐9C購02  ,0,0,0,0,0,0,0,0,0,57000,0,0,0,59000,2000,57000,57000
066047,嘉晶元大01購04  ,0,0,0,0,0,0,0,0,0,57000,0,0,0,63000,6000,57000,57000
066577,巨大元大01購02  ,0,0,0,0,0,0,0,0,0,57000,0,0,0,176000,119000,57000,57000
066922,台表科麥證01購01,0,0,0,57000,0,57000,0,0,0,57000,0,0,0,57000,0,57000,57000
3454,晶睿            ,62000,5000,57000,0,0,0,0,0,0,0,0,0,0,0,0,0,57000
2939,凱羿-KY         ,135000,78000,57000,0,0,0,0,0,0,0,0,0,0,0,0,0,57000
2461,光群雷          ,67000,10000,57000,0,0,0,0,0,0,0,0,0,0,0,0,0,57000
1444,力麗            ,228000,171000,57000,0,0,0,0,0,0,0,0,0,0,0,0,0,57000
1527,鑽全            ,84000,28000,56000,0,0,0,0,0,0,1000,1000,0,1000,0,0,0,57000
08775P,台灣50群益01售05,0,0,0,0,0,0,0,0,0,57000,0,0,0,262000,205000,57000,57000
08958P,鴻海凱基01售08  ,0,0,0,0,0,0,0,0,0,57000,0,0,0,84000,27000,57000,57000
08199P,大毅元大9B售02  ,0,0,0,0,0,0,0,0,0,56000,0,0,0,101000,45000,56000,56000
08616P,聯發科元富9C售02,0,0,0,0,0,0,0,0,0,56000,0,0,0,57000,1000,56000,56000
056911,緯穎元大99購01  ,0,0,0,0,0,0,0,0,0,56000,0,0,0,56000,0,56000,56000
059054,國巨凱基99購11  ,0,0,0,0,0,0,0,0,0,56000,0,0,0,81000,25000,56000,56000
061593,智原永豐9A購01  ,0,0,0,0,0,0,0,0,0,56000,0,0,0,62000,6000,56000,56000
066849,神達元大01購01  ,0,0,0,0,0,0,0,0,0,56000,0,0,0,230000,174000,56000,56000
066497,大立光國泰03購02,0,0,0,0,0,0,0,0,0,56000,0,0,0,56000,0,56000,56000
065943,台表科元富01購01,0,0,0,0,0,0,0,0,0,56000,0,0,0,56000,0,56000,56000
066297,美利達元大01購01,0,0,0,0,0,0,0,0,0,56000,0,0,0,139000,83000,56000,56000
065006,景碩國票01購01  ,0,0,0,0,0,0,0,0,0,56000,0,0,0,84000,28000,56000,56000
064491,金像電元大9C購03,0,0,0,0,0,0,0,0,0,56000,0,0,0,60000,4000,56000,56000
2836,高雄銀          ,166000,101000,65000,0,0,0,0,0,0,-9000,0,9000,-9000,0,0,0,56000
3563,牧德            ,159000,123000,36000,0,0,0,0,0,0,20000,7000,0,7000,47000,34000,13000,56000
3296,勝德            ,50000,0,50000,0,0,0,0,0,0,6000,12000,6000,6000,0,0,0,56000
5515,建國            ,68000,15000,53000,0,0,0,0,0,0,3000,3000,0,3000,0,0,0,56000
08676P,泰碩群益04售01  ,0,0,0,0,0,0,0,0,0,55000,0,0,0,80000,25000,55000,55000
08407P,臺股指元大9C售13,0,0,0,0,0,0,0,0,0,55000,0,0,0,55000,0,55000,55000
07902P,玉晶光國票01售01,0,0,0,0,0,0,0,0,0,55000,0,0,0,410000,355000,55000,55000
059951,台塑康和99購01  ,0,0,0,0,0,0,0,0,0,55000,0,0,0,108000,53000,55000,55000
059069,臺指反元大9C購01,0,0,0,0,0,0,0,0,0,55000,0,0,0,55000,0,55000,55000
058558,鴻海日盛9A購02  ,0,0,0,0,0,0,0,0,0,55000,0,0,0,699000,644000,55000,55000
058448,滬深2X永豐9A購01,0,0,0,0,0,0,0,0,0,55000,0,0,0,61000,6000,55000,55000
051277,聯發科中信9A購01,0,0,0,0,0,0,0,0,0,55000,0,0,0,72000,17000,55000,55000
060466,玉山金元大9A購01,0,0,0,0,0,0,0,0,0,55000,0,0,0,62000,7000,55000,55000
06054P,臺股指中信9A售01,0,0,0,0,0,0,0,0,0,55000,0,0,0,254000,199000,55000,55000
061092,可成統一9C購02  ,0,0,0,0,0,0,0,0,0,55000,0,0,0,60000,5000,55000,55000
064141,國巨統一01購08  ,0,0,0,0,0,0,0,0,0,55000,0,0,0,89000,34000,55000,55000
063915,祥碩凱基01購01  ,0,0,0,0,0,0,0,0,0,55000,0,0,0,67000,12000,55000,55000
062600,可成台新9B購01  ,0,0,0,0,0,0,0,0,0,55000,0,0,0,55000,0,55000,55000
062029,牧德群益9B購03  ,0,0,0,0,0,0,0,0,0,55000,0,0,0,55000,0,55000,55000
065705,嘉晶群益9C購05  ,0,0,0,0,0,0,0,0,0,55000,0,0,0,56000,1000,55000,55000
065409,鴻海永豐9C購01  ,0,0,0,0,0,0,0,0,0,55000,0,0,0,55000,0,55000,55000
065088,可成元大9C購09  ,0,0,0,0,0,0,0,0,0,55000,0,0,0,58000,3000,55000,55000
066186,台郡凱基02購01  ,0,0,0,0,0,0,0,0,0,55000,0,0,0,157000,102000,55000,55000
065964,鴻海元大02購01  ,0,0,0,0,0,0,0,0,0,55000,0,0,0,206000,151000,55000,55000
066553,大立光元大01購09,0,0,0,0,0,0,0,0,0,55000,0,0,0,155000,100000,55000,55000
066733,大立光元大01購10,0,0,0,0,0,0,0,0,0,55000,0,0,0,55000,0,55000,55000
066886,T50反1中信05購01,0,0,0,0,0,0,0,0,0,55000,0,0,0,100000,45000,55000,55000
2528,皇普            ,59000,5000,54000,0,0,0,0,0,0,1000,1000,0,1000,0,0,0,55000
08991P,玉晶光元大01售06,0,0,0,0,0,0,0,0,0,55000,0,0,0,55000,0,55000,55000
1321,大洋            ,75000,19000,56000,0,0,0,0,0,0,-1000,0,1000,-1000,0,0,0,55000
9934,成霖            ,89000,32000,57000,0,0,0,0,0,0,-2000,0,2000,-2000,0,0,0,55000
067461,晶碩永豐01購02  ,0,0,0,0,0,0,0,0,0,54000,0,0,0,62000,8000,54000,54000
067046,聯發科凱基04購01,0,0,0,0,0,0,0,0,0,54000,0,0,0,145000,91000,54000,54000
057451,大立光元富9B購01,0,0,0,0,0,0,0,0,0,54000,0,0,0,54000,0,54000,54000
060161,牧德永豐9A購02  ,0,0,0,0,0,0,0,0,0,54000,0,0,0,266000,212000,54000,54000
063407,泰鼎國票9C購01  ,0,0,0,0,0,0,0,0,0,54000,0,0,0,55000,1000,54000,54000
062504,旭富群益9B購02  ,0,0,0,0,0,0,0,0,0,54000,0,0,0,54000,0,54000,54000
062823,台表科兆豐9B購01,0,0,0,0,0,0,0,0,0,54000,0,0,0,54000,0,54000,54000
063988,華通永豐9C購01  ,0,0,0,0,0,0,0,0,0,54000,0,0,0,54000,0,54000,54000
064154,大立光統一01購04,0,0,0,0,0,0,0,0,0,54000,0,0,0,54000,0,54000,54000
066598,致新群益02購01  ,0,0,0,0,0,0,0,0,0,54000,0,0,0,79000,25000,54000,54000
066420,宏達電元大02購01,0,0,0,0,0,0,0,0,0,54000,0,0,0,121000,67000,54000,54000
066035,南電群益01購01  ,0,0,0,0,0,0,0,0,0,54000,0,0,0,57000,3000,54000,54000
065502,康友富邦03購01  ,0,0,0,0,0,0,0,0,0,54000,0,0,0,74000,20000,54000,54000
08940P,聯發科第一01售01,0,0,0,0,0,0,0,0,0,54000,0,0,0,1074000,1020000,54000,54000
3015,全漢            ,228000,178000,50000,0,0,0,0,0,0,4000,4000,0,4000,0,0,0,54000
067384,南六統一01購03  ,0,0,0,0,0,0,0,0,0,53000,0,0,0,389000,336000,53000,53000
08209P,上銀元富9B售06  ,0,0,0,0,0,0,0,0,0,53000,0,0,0,136000,83000,53000,53000
064182,臻鼎富邦01購01  ,0,0,0,0,0,0,0,0,0,53000,0,0,0,55000,2000,53000,53000
064142,國巨統一9C購13  ,0,0,0,0,0,0,0,0,0,53000,0,0,0,86000,33000,53000,53000
063919,大立光元富03購01,0,0,0,0,0,0,0,0,0,53000,0,0,0,73000,20000,53000,53000
060963,禾伸堂凱基9A購01,0,0,0,0,0,0,0,0,0,53000,0,0,0,53000,0,53000,53000
062986,T50反1中信02購01,0,0,0,0,0,0,0,0,0,53000,0,0,0,1702000,1649000,53000,53000
062697,國巨元大9C購01  ,0,0,0,0,0,0,0,0,0,53000,0,0,0,56000,3000,53000,53000
063291,緯穎元大01購01  ,0,0,0,0,0,0,0,0,0,53000,0,0,0,157000,104000,53000,53000
061237,晶技元大9A購01  ,0,0,0,0,0,0,0,0,0,53000,0,0,0,95000,42000,53000,53000
08917P,臺股指凱基01售08,0,0,0,0,0,0,0,0,0,53000,0,0,0,63000,10000,53000,53000
08908P,義隆凱基01售05  ,0,0,0,0,0,0,0,0,0,53000,0,0,0,100000,47000,53000,53000
058033,景碩永豐98購02  ,0,0,0,0,0,0,0,0,0,52000,0,0,0,52000,0,52000,52000
057876,隆達元大98購01  ,0,0,0,0,0,0,0,0,0,52000,0,0,0,87000,35000,52000,52000
057902,嘉晶永豐98購02  ,0,0,0,0,0,0,0,0,0,52000,0,0,0,94000,42000,52000,52000
063361,台表科國泰01購02,0,0,0,0,0,0,0,0,0,52000,0,0,0,52000,0,52000,52000
064210,台光電凱基03購01,0,0,0,0,0,0,0,0,0,52000,0,0,0,52000,0,52000,52000
065786,神基永豐9C購01  ,0,0,0,0,0,0,0,0,0,52000,0,0,0,54000,2000,52000,52000
065860,南電元大02購01  ,0,0,0,0,0,0,0,0,0,52000,0,0,0,72000,20000,52000,52000
066494,旺宏國泰03購01  ,0,0,0,0,0,0,0,0,0,52000,0,0,0,211000,159000,52000,52000
066776,創意富邦03購02  ,0,0,0,0,0,0,0,0,0,52000,0,0,0,152000,100000,52000,52000
08845P,友訊元大01售05  ,0,0,0,0,0,0,0,0,0,52000,0,0,0,57000,5000,52000,52000
6215,和椿            ,53000,6000,47000,0,0,0,0,0,0,5000,5000,0,5000,0,0,0,52000
08292P,華新科台新9C售01,0,0,0,0,0,0,0,0,0,51000,0,0,0,91000,40000,51000,51000
08056P,華通群益9B售06  ,0,0,0,0,0,0,0,0,0,51000,0,0,0,67000,16000,51000,51000
08609P,世紀鋼永豐9C售03,0,0,0,0,0,0,0,0,0,51000,0,0,0,135000,84000,51000,51000
057479,致茂元大98購03  ,0,0,0,0,0,0,0,0,0,51000,0,0,0,51000,0,51000,51000
03050X,元展47          ,0,0,0,0,0,0,0,0,0,51000,0,0,0,51000,0,51000,51000
058536,群創統一9B購01  ,0,0,0,0,0,0,0,0,0,51000,0,0,0,90000,39000,51000,51000
058722,台郡元富99購01  ,0,0,0,0,0,0,0,0,0,51000,0,0,0,51000,0,51000,51000
058328,世紀鋼統一9B購01,0,0,0,0,0,0,0,0,0,51000,0,0,0,294000,243000,51000,51000
066623,國巨凱基04購01  ,0,0,0,0,0,0,0,0,0,51000,0,0,0,100000,49000,51000,51000
065864,光寶科群益9C購01,0,0,0,0,0,0,0,0,0,51000,0,0,0,51000,0,51000,51000
066142,超眾群益01購03  ,0,0,0,0,0,0,0,0,0,51000,0,0,0,84000,33000,51000,51000
065091,亞光元大9C購01  ,0,0,0,0,0,0,0,0,0,51000,0,0,0,55000,4000,51000,51000
4551,智伸科          ,89000,41000,48000,0,0,0,0,0,0,3000,0,3000,-3000,10000,4000,6000,51000
08813P,聯發科群益01售02,0,0,0,0,0,0,0,0,0,51000,0,0,0,51000,0,51000,51000
1104,環泥            ,84000,33000,51000,0,0,0,0,0,0,0,0,0,0,0,0,0,51000
08574P,聯發科凱基02售04,0,0,0,0,0,0,0,0,0,50000,0,0,0,100000,50000,50000,50000
08428P,GIS國票01售01   ,0,0,0,0,0,0,0,0,0,50000,0,0,0,60000,10000,50000,50000
08501P,臺股指國票9C售03,0,0,0,0,0,0,0,0,0,50000,0,0,0,50000,0,50000,50000
07977P,華新科群益01售01,0,0,0,0,0,0,0,0,0,50000,0,0,0,50000,0,50000,50000
07614P,華新科群益9A售04,0,0,0,0,0,0,0,0,0,50000,0,0,0,50000,0,50000,50000
07392P,台積電國泰02售01,0,0,0,0,0,0,0,0,0,50000,0,0,0,50000,0,50000,50000
07424P,大立光元大9B售01,0,0,0,0,0,0,0,0,0,50000,0,0,0,50000,0,50000,50000
067448,華碩國票01購01  ,0,0,0,0,0,0,0,0,0,50000,0,0,0,50000,0,50000,50000
067100,華邦電群益01購01,0,0,0,0,0,0,0,0,0,50000,0,0,0,60000,10000,50000,50000
066982,嘉晶群益02購01  ,0,0,0,0,0,0,0,0,0,50000,0,0,0,50000,0,50000,50000
067117,健策群益01購09  ,0,0,0,0,0,0,0,0,0,50000,0,0,0,50000,0,50000,50000
067232,友訊群益01購05  ,0,0,0,0,0,0,0,0,0,50000,0,0,0,70000,20000,50000,50000
068005,玉晶光元大03購02,0,0,0,0,0,0,0,0,0,50000,0,0,0,50000,0,50000,50000
068006,玉晶光元大03購03,0,0,0,0,0,0,0,0,0,50000,0,0,0,150000,100000,50000,50000
067677,大立光元大01購13,0,0,0,0,0,0,0,0,0,50000,0,0,0,50000,0,50000,50000
058356,華邦電凱基99購01,0,0,0,0,0,0,0,0,0,50000,0,0,0,50000,0,50000,50000
058286,道瓊指國票9B購01,0,0,0,0,0,0,0,0,0,50000,0,0,0,50000,0,50000,50000
058479,亞光凱基9A購01  ,0,0,0,0,0,0,0,0,0,50000,0,0,0,50000,0,50000,50000
063548,同欣電兆豐9B購01,0,0,0,0,0,0,0,0,0,50000,0,0,0,641000,591000,50000,50000
059094,臻鼎元大99購03  ,0,0,0,0,0,0,0,0,0,50000,0,0,0,60000,10000,50000,50000
059127,國巨中信99購04  ,0,0,0,0,0,0,0,0,0,50000,0,0,0,90000,40000,50000,50000
04023P,臺股指元富99售02,0,0,0,0,0,0,0,0,0,50000,45000,0,45000,5000,0,5000,50000
057823,神達元大98購01  ,0,0,0,0,0,0,0,0,0,50000,0,0,0,50000,0,50000,50000
054572,國巨元大98購03  ,0,0,0,0,0,0,0,0,0,50000,0,0,0,50000,0,50000,50000
054819,裕民元大9A購01  ,0,0,0,0,0,0,0,0,0,50000,0,0,0,50000,0,50000,50000
058236,大立光元大99購09,0,0,0,0,0,0,0,0,0,50000,0,0,0,50000,0,50000,50000
055536,嘉聯益群益99購02,0,0,0,0,0,0,0,0,0,50000,0,0,0,50000,0,50000,50000
064281,大立光元大9C購12,0,0,0,0,0,0,0,0,0,50000,0,0,0,50000,0,50000,50000
061967,旺宏統一01購04  ,0,0,0,0,0,0,0,0,0,50000,0,0,0,50000,0,50000,50000
060673,旺宏元大9A購04  ,0,0,0,0,0,0,0,0,0,50000,0,0,0,50000,0,50000,50000
060933,南電永豐9A購02  ,0,0,0,0,0,0,0,0,0,50000,0,0,0,51000,1000,50000,50000
060427,聯茂永豐9A購01  ,0,0,0,0,0,0,0,0,0,50000,0,0,0,50000,0,50000,50000
061604,台光電凱基9B購01,0,0,0,0,0,0,0,0,0,50000,0,0,0,50000,0,50000,50000
061679,健策元大9B購04  ,0,0,0,0,0,0,0,0,0,50000,0,0,0,81000,31000,50000,50000
061538,SP黃豆群益9A購03,0,0,0,0,0,0,0,0,0,50000,0,0,0,50000,0,50000,50000
061572,奇力新元大9A購04,0,0,0,0,0,0,0,0,0,50000,0,0,0,50000,0,50000,50000
061833,華新科凱基02購01,0,0,0,0,0,0,0,0,0,50000,0,0,0,50000,0,50000,50000
060791,聯茂富邦9A購02  ,0,0,0,0,0,0,0,0,0,50000,0,0,0,50000,0,50000,50000
063171,光寶科中信9B購01,0,0,0,0,0,0,0,0,0,50000,0,0,0,50000,0,50000,50000
062702,可成元大9C購01  ,0,0,0,0,0,0,0,0,0,50000,0,0,0,54000,4000,50000,50000
061905,上証反中信03購01,0,0,0,0,0,0,0,0,0,50000,0,0,0,50000,0,50000,50000
061925,禾伸堂凱基9C購01,0,0,0,0,0,0,0,0,0,50000,0,0,0,50000,0,50000,50000
06296P,燿華元大98售01  ,0,0,0,0,0,0,0,0,0,50000,0,0,0,50000,0,50000,50000
062821,華擎兆豐9C購01  ,0,0,0,0,0,0,0,0,0,50000,0,0,0,50000,0,50000,50000
062844,T50反1國泰9C購01,0,0,0,0,0,0,0,0,0,50000,0,0,0,50000,0,50000,50000
061230,臺指反元大01購04,0,0,0,0,0,0,0,0,0,50000,0,0,0,50000,0,50000,50000
062248,國巨元大9B購08  ,0,0,0,0,0,0,0,0,0,50000,0,0,0,74000,24000,50000,50000
062279,晶豪科群益9B購01,0,0,0,0,0,0,0,0,0,50000,0,0,0,50000,0,50000,50000
063769,玉晶光國泰02購01,0,0,0,0,0,0,0,0,0,50000,0,0,0,53000,3000,50000,50000
065081,金像電元大9C購05,0,0,0,0,0,0,0,0,0,50000,0,0,0,132000,82000,50000,50000
06500P,臺股指元大9A售05,0,0,0,0,0,0,0,0,0,50000,0,0,0,50000,0,50000,50000
065257,友訊元大01購01  ,0,0,0,0,0,0,0,0,0,50000,0,0,0,50000,0,50000,50000
065235,旭富凱基02購01  ,0,0,0,0,0,0,0,0,0,50000,0,0,0,100000,50000,50000,50000
065667,台光電凱基01購01,0,0,0,0,0,0,0,0,0,50000,0,0,0,60000,10000,50000,50000
064618,南亞科元大9C購04,0,18000,-18000,0,0,0,0,0,0,68000,0,0,0,68000,0,68000,50000
064339,大立光元大01購01,0,0,0,0,0,0,0,0,0,50000,0,0,0,50000,0,50000,50000
064896,華新科群益01購02,0,0,0,0,0,0,0,0,0,50000,0,0,0,50000,0,50000,50000
064753,英業達凱基9C購01,0,0,0,0,0,0,0,0,0,50000,0,0,0,50000,0,50000,50000
066226,惠特國泰03購01  ,0,0,0,0,0,0,0,0,0,50000,0,0,0,50000,0,50000,50000
066061,超眾元大01購04  ,0,0,0,0,0,0,0,0,0,50000,0,0,0,160000,110000,50000,50000
065919,禾伸堂凱基02購01,0,0,0,0,0,0,0,0,0,50000,0,0,0,50000,0,50000,50000
066643,旺宏麥證01購01  ,0,0,0,50000,0,50000,0,0,0,50000,0,0,0,50000,0,50000,50000
066802,亞光凱基02購01  ,0,0,0,0,0,0,0,0,0,50000,0,0,0,50000,0,50000,50000
066811,致新凱基01購03  ,0,0,0,0,0,0,0,0,0,50000,0,0,0,50000,0,50000,50000
08973P,聯發科群益01售08,0,0,0,0,0,0,0,0,0,50000,0,0,0,50000,0,50000,50000
08835P,聯發科統一01售12,0,0,0,0,0,0,0,0,0,50000,0,0,0,61000,11000,50000,50000
08721P,臺股指元大01售02,0,0,0,0,0,0,0,0,0,50000,0,0,0,50000,0,50000,50000
1460,宏遠            ,131000,81000,50000,0,0,0,0,0,0,0,0,0,0,0,0,0,50000
3645,達邁            ,108000,41000,67000,0,0,0,0,0,0,-17000,0,17000,-17000,0,0,0,50000
07767P,華新科群益9A售07,0,0,0,0,0,0,0,0,0,49000,0,0,0,49000,0,49000,49000
08204P,台灣50中信01售04,0,0,0,0,0,0,0,0,0,49000,0,0,0,50000,1000,49000,49000
057745,泰鼎永豐99購01  ,0,0,0,0,0,0,0,0,0,49000,0,0,0,77000,28000,49000,49000
057082,玉晶光統一9A購04,0,0,0,0,0,0,0,0,0,49000,0,0,0,255000,206000,49000,49000
057591,鴻海兆豐99購01  ,0,0,0,0,0,0,0,0,0,49000,0,0,0,55000,6000,49000,49000
060106,旭富元大99購02  ,0,0,0,0,0,0,0,0,0,49000,0,0,0,49000,0,49000,49000
058611,欣興元大99購06  ,0,0,0,0,0,0,0,0,0,49000,0,0,0,59000,10000,49000,49000
062910,亞光元大9B購01  ,0,0,0,0,0,0,0,0,0,49000,0,0,0,50000,1000,49000,49000
061661,京鼎永豐9A購02  ,0,0,0,0,0,0,0,0,0,49000,0,0,0,78000,29000,49000,49000
060865,創意永豐9A購01  ,0,0,0,0,0,0,0,0,0,49000,0,0,0,90000,41000,49000,49000
066806,京鼎凱基02購01  ,0,0,0,0,0,0,0,0,0,49000,0,0,0,57000,8000,49000,49000
066557,京鼎元大01購01  ,0,0,0,0,0,0,0,0,0,49000,0,0,0,72000,23000,49000,49000
065883,康友台新9C購01  ,0,0,0,0,0,0,0,0,0,49000,0,0,0,49000,0,49000,49000
064781,嘉晶群益9C購04  ,0,0,0,0,0,0,0,0,0,49000,0,0,0,50000,1000,49000,49000
1437,勤益控          ,65000,12000,53000,0,0,0,0,0,0,-4000,0,4000,-4000,0,0,0,49000
9941,裕融            ,158000,65000,93000,0,0,0,0,0,0,-44000,0,44000,-44000,0,0,0,49000
08238P,嘉晶永豐9B售03  ,0,0,0,0,0,0,0,0,0,48000,0,0,0,48000,0,48000,48000
067953,京元電永豐01購02,0,0,0,0,0,0,0,0,0,48000,0,0,0,58000,10000,48000,48000
067260,台郡國票02購02  ,0,0,0,0,0,0,0,0,0,48000,0,0,0,61000,13000,48000,48000
067541,華擎群益01購06  ,0,0,0,0,0,0,0,0,0,48000,0,0,0,48000,0,48000,48000
059787,奇力新元大9A購02,0,0,0,0,0,0,0,0,0,48000,0,0,0,53000,5000,48000,48000
059452,全新永豐99購03  ,0,0,0,0,0,0,0,0,0,48000,0,0,0,48000,0,48000,48000
055032,億光富邦99購01  ,0,0,0,0,0,0,0,0,0,48000,0,0,0,50000,2000,48000,48000
056772,欣興元大99購01  ,0,0,0,0,0,0,0,0,0,48000,0,0,0,48000,0,48000,48000
060468,聯鈞元大9A購02  ,0,0,0,0,0,0,0,0,0,48000,0,0,0,69000,21000,48000,48000
062545,嘉晶永豐9B購01  ,0,0,0,0,0,0,0,0,0,48000,0,0,0,50000,2000,48000,48000
062640,訊連國票9C購01  ,0,0,0,0,0,0,0,0,0,48000,0,0,0,48000,0,48000,48000
062776,鴻海元大9B購03  ,0,0,0,0,0,0,0,0,0,48000,0,0,0,53000,5000,48000,48000
063757,鴻海統一9C購16  ,0,0,0,0,0,0,0,0,0,48000,0,0,0,48000,0,48000,48000
063471,泰鼎元大9C購01  ,0,0,0,0,0,0,0,0,0,48000,0,0,0,97000,49000,48000,48000
062259,可成元大9B購03  ,0,0,0,0,0,0,0,0,0,48000,0,0,0,62000,14000,48000,48000
062414,臻鼎中信01購01  ,0,0,0,0,0,0,0,0,0,48000,0,0,0,48000,0,48000,48000
064747,彩晶國票01購01  ,0,0,0,0,0,0,0,0,0,48000,0,0,0,106000,58000,48000,48000
064722,大立光統一02購03,0,0,0,0,0,0,0,0,0,48000,0,0,0,88000,40000,48000,48000
064334,可成元大01購01  ,0,0,0,0,0,0,0,0,0,48000,0,0,0,94000,46000,48000,48000
065893,華新科統一02購02,0,0,0,0,0,0,0,0,0,48000,0,0,0,48000,0,48000,48000
066172,日電貿凱基01購01,0,0,0,0,0,0,0,0,0,48000,0,0,0,50000,2000,48000,48000
066443,智原群益01購01  ,0,0,0,0,0,0,0,0,0,48000,0,0,0,48000,0,48000,48000
066744,和碩元大01購02  ,0,0,0,0,0,0,0,0,0,48000,0,0,0,63000,15000,48000,48000
1560,中砂            ,110000,70000,40000,0,0,0,0,0,0,8000,8000,0,8000,0,0,0,48000
08941P,臺股指中信04售04,0,0,0,0,0,0,0,0,0,48000,0,0,0,58000,10000,48000,48000
054370,台積電中信9A購01,0,0,0,0,0,0,0,0,0,47000,0,0,0,47000,0,47000,47000
057318,台光電凱基9A購01,0,0,0,0,0,0,0,0,0,47000,0,0,0,127000,80000,47000,47000
059170,康控凱基9B購01  ,0,0,0,0,0,0,0,0,0,47000,0,0,0,53000,6000,47000,47000
063880,可成元富9C購01  ,0,0,0,0,0,0,0,0,0,47000,0,0,0,127000,80000,47000,47000
064209,燿華凱基01購01  ,0,0,0,0,0,0,0,0,0,47000,0,0,0,47000,0,47000,47000
061072,南電凱基9B購01  ,0,0,0,0,0,0,0,0,0,47000,0,0,0,63000,16000,47000,47000
064651,GIS凱基9C購02   ,0,0,0,0,0,0,0,0,0,47000,0,0,0,183000,136000,47000,47000
1709,和益            ,88000,41000,47000,0,0,0,0,0,0,0,0,0,0,0,0,0,47000
2239,英利-KY         ,90000,47000,43000,0,0,0,0,0,0,4000,0,0,0,4000,0,4000,47000
2731,雄獅            ,107000,60000,47000,0,0,0,0,0,0,0,0,0,0,0,0,0,47000
2642,宅配通          ,65000,18000,47000,0,0,0,0,0,0,0,0,0,0,0,0,0,47000
5907,大洋-KY         ,83000,36000,47000,0,0,0,0,0,0,0,0,0,0,0,0,0,47000
067109,晶豪科群益01購01,0,0,0,0,0,0,0,0,0,46000,0,0,0,50000,4000,46000,46000
067842,微星元富07購01  ,0,0,0,0,0,0,0,0,0,46000,0,0,0,233000,187000,46000,46000
08409P,臺股指元大9C售15,0,0,0,0,0,0,0,0,0,46000,0,0,0,46000,0,46000,46000
07702P,台積電中信9A售06,0,0,0,0,0,0,0,0,0,46000,0,0,0,46000,0,46000,46000
07850P,健策群益9A售06  ,0,0,0,0,0,0,0,0,0,46000,0,0,0,76000,30000,46000,46000
059147,矽創國票99購01  ,0,0,0,0,0,0,0,0,0,46000,0,0,0,80000,34000,46000,46000
060072,國巨元富99購04  ,0,0,0,0,0,0,0,0,0,46000,0,0,0,46000,0,46000,46000
060296,和碩元大9A購01  ,0,0,0,0,0,0,0,0,0,46000,0,0,0,46000,0,46000,46000
058855,台積電兆豐99購02,0,0,0,0,0,0,0,0,0,46000,0,0,0,46000,0,46000,46000
059278,群創元大9A購04  ,0,0,0,0,0,0,0,0,0,46000,0,0,0,50000,4000,46000,46000
063554,GIS國票9C購03   ,0,0,0,0,0,0,0,0,0,46000,0,0,0,88000,42000,46000,46000
060343,台積電統一9C購02,0,0,0,0,0,0,0,0,0,46000,0,0,0,75000,29000,46000,46000
063703,晶豪科群益9B購02,0,0,0,0,0,0,0,0,0,46000,0,0,0,50000,4000,46000,46000
063712,高鐵凱基9C購01  ,0,0,0,0,0,0,0,0,0,46000,0,0,0,46000,0,46000,46000
03054P,宏碁中信03售02  ,0,0,0,0,0,0,0,0,0,46000,0,0,0,46000,0,46000,46000
060916,金像電國泰9C購01,0,0,0,0,0,0,0,0,0,46000,0,0,0,46000,0,46000,46000
061413,台勝科群益9A購01,0,0,0,0,0,0,0,0,0,46000,0,0,0,56000,10000,46000,46000
061081,宏碁兆豐9A購01  ,0,0,0,0,0,0,0,0,0,46000,0,0,0,46000,0,46000,46000
063135,國巨統一9B購16  ,0,0,0,0,0,0,0,0,0,46000,0,0,0,54000,8000,46000,46000
061800,泰鼎永豐9B購01  ,0,0,0,0,0,0,0,0,0,46000,0,0,0,46000,0,46000,46000
061875,華新科元大9B購03,0,0,0,0,0,0,0,0,0,46000,0,0,0,98000,52000,46000,46000
064813,祥碩元大9C購05  ,0,0,0,0,0,0,0,0,0,46000,0,0,0,76000,30000,46000,46000
064804,英業達元大9C購01,0,0,0,0,0,0,0,0,0,46000,0,0,0,106000,60000,46000,46000
065059,神隆群益9C購01  ,0,0,0,0,0,0,0,0,0,46000,0,0,0,123000,77000,46000,46000
066892,台積電兆豐03購01,0,0,0,0,0,0,0,0,0,46000,0,0,0,56000,10000,46000,46000
065940,立積群益02購01  ,0,0,0,0,0,0,0,0,0,46000,0,0,0,46000,0,46000,46000
066013,友訊元富01購02  ,0,0,0,0,0,0,0,0,0,46000,0,0,0,98000,52000,46000,46000
065879,瑞祺群益9C購02  ,0,0,0,0,0,0,0,0,0,46000,0,0,0,51000,5000,46000,46000
3031,佰鴻            ,65000,19000,46000,0,0,0,0,0,0,0,0,0,0,0,0,0,46000
1473,台南            ,66000,20000,46000,0,0,0,0,0,0,0,0,0,0,0,0,0,46000
08889P,台灣50元大01售28,0,0,0,0,0,0,0,0,0,46000,0,0,0,100000,54000,46000,46000
08349P,南六元大9C售03  ,0,0,0,0,0,0,0,0,0,45000,0,0,0,45000,0,45000,45000
08258P,旺宏元大9C售04  ,0,0,0,0,0,0,0,0,0,45000,0,0,0,65000,20000,45000,45000
08259P,華新科元大9C售04,0,0,0,0,0,0,0,0,0,45000,0,0,0,58000,13000,45000,45000
08295P,長榮航元大9C售01,0,0,0,0,0,0,0,0,0,45000,0,0,0,81000,36000,45000,45000
08055P,臺股指國票9B售20,0,0,0,0,0,0,0,0,0,45000,0,0,0,135000,90000,45000,45000
067755,大立光國泰03購03,0,0,0,0,0,0,0,0,0,45000,0,0,0,102000,57000,45000,45000
067004,義隆永豐01購01  ,0,0,0,0,0,0,0,0,0,45000,0,0,0,48000,3000,45000,45000
03028P,玉晶光元大01售11,0,0,0,0,0,0,0,0,0,45000,0,0,0,71000,26000,45000,45000
059242,南亞科凱基99購06,0,0,0,0,0,0,0,0,0,45000,0,0,0,45000,0,45000,45000
058315,TPK富邦9C購01   ,0,0,0,0,0,0,0,0,0,45000,0,0,0,45000,0,45000,45000
060774,南亞科凱基9A購01,0,0,0,0,0,0,0,0,0,45000,0,0,0,55000,10000,45000,45000
063035,燿華凱基9B購02  ,0,0,0,0,0,0,0,0,0,45000,0,0,0,45000,0,45000,45000
063130,聯茂元大9B購02  ,0,0,0,0,0,0,0,0,0,45000,0,0,0,50000,5000,45000,45000
060455,葡萄王元大9A購02,0,0,0,0,0,0,0,0,0,45000,0,0,0,45000,0,45000,45000
065832,貿聯凱基02購03  ,0,0,0,0,0,0,0,0,0,45000,0,0,0,55000,10000,45000,45000
065927,智原國票02購01  ,0,0,0,0,0,0,0,0,0,45000,0,0,0,45000,0,45000,45000
066108,惠特國票02購02  ,0,0,0,0,0,0,0,0,0,45000,0,0,0,46000,1000,45000,45000
066242,惠特富邦03購01  ,0,0,0,0,0,0,0,0,0,45000,0,0,0,45000,0,45000,45000
066817,瀚宇博兆豐03購01,0,0,0,0,0,0,0,0,0,45000,0,0,0,45000,0,45000,45000
06659P,T50正2富邦9A售01,0,0,0,0,0,0,0,0,0,45000,0,0,0,45000,0,45000,45000
066607,台郡永豐01購01  ,0,0,0,0,0,0,0,0,0,45000,0,0,0,71000,26000,45000,45000
065602,聯發科元大9C購15,0,0,0,0,0,0,0,0,0,45000,0,0,0,50000,5000,45000,45000
064355,南六元大01購01  ,0,0,0,0,0,0,0,0,0,45000,0,0,0,139000,94000,45000,45000
08728P,緯穎群益01售01  ,0,0,0,0,0,0,0,0,0,45000,0,0,0,69000,24000,45000,45000
08824P,微星元大01售03  ,0,0,0,0,0,0,0,0,0,45000,0,0,0,160000,115000,45000,45000
067549,聯電中信03購01  ,0,0,0,0,0,0,0,0,0,44000,0,0,0,45000,1000,44000,44000
08148P,長榮航群益9B售03,0,0,0,0,0,0,0,0,0,44000,0,0,0,49000,5000,44000,44000
08142P,國巨凱基9B售13  ,0,0,0,0,0,0,0,0,0,44000,0,0,0,54000,10000,44000,44000
08230P,台表科國票9C售03,0,0,0,0,0,0,0,0,0,44000,0,0,0,100000,56000,44000,44000
08623P,健策群益01售04  ,0,0,0,0,0,0,0,0,0,44000,0,0,0,107000,63000,44000,44000
056689,玉晶光統一9A購03,0,0,0,0,0,0,0,0,0,44000,0,0,0,63000,19000,44000,44000
056349,道瓊銀元大9B購01,0,0,0,0,0,0,0,0,0,44000,0,0,0,50000,6000,44000,44000
057959,欣興元大98購14  ,0,0,0,0,0,0,0,0,0,44000,0,0,0,64000,20000,44000,44000
060913,宏達電元大9A購03,0,0,0,0,0,0,0,0,0,44000,0,0,0,97000,53000,44000,44000
064100,義隆群益9C購01  ,0,0,0,0,0,0,0,0,0,44000,0,0,0,55000,11000,44000,44000
061389,華新科群益9B購01,0,0,0,0,0,0,0,0,0,44000,0,0,0,213000,169000,44000,44000
063248,創意元大9C購01  ,0,0,0,0,0,0,0,0,0,44000,0,0,0,44000,0,44000,44000
064876,旺宏兆豐9C購01  ,0,0,0,0,0,0,0,0,0,44000,0,0,0,163000,119000,44000,44000
065483,聯茂元大9C購06  ,0,0,0,0,0,0,0,0,0,44000,0,0,0,55000,11000,44000,44000
065512,友訊群益01購01  ,0,0,0,0,0,0,0,0,0,44000,0,0,0,44000,0,44000,44000
066259,聯強元大01購01  ,0,0,0,0,0,0,0,0,0,44000,0,0,0,134000,90000,44000,44000
065826,國巨凱基9C購12  ,0,0,0,0,0,0,0,0,0,44000,0,0,0,69000,25000,44000,44000
065729,聯詠凱基9C購04  ,0,0,0,0,0,0,0,0,0,44000,0,0,0,74000,30000,44000,44000
08790P,聯發科元富01售01,0,0,0,0,0,0,0,0,0,44000,0,0,0,70000,26000,44000,44000
08838P,台灣50麥證01售02,0,0,0,44000,0,44000,0,0,0,44000,0,0,0,44000,0,44000,44000
3022,威強電          ,99000,35000,64000,0,0,0,0,0,0,-20000,0,20000,-20000,0,0,0,44000
2471,資通            ,47000,3000,44000,0,0,0,0,0,0,0,0,0,0,0,0,0,44000
08077P,亞德客國票9B售02,0,0,0,0,0,0,0,0,0,43000,0,0,0,347000,304000,43000,43000
07127P,精元元大99售01  ,0,0,0,0,0,0,0,0,0,43000,0,0,0,100000,57000,43000,43000
067136,京鼎永豐01購01  ,0,0,0,0,0,0,0,0,0,43000,0,0,0,43000,0,43000,43000
057894,華通元富02購02  ,0,0,0,0,0,0,0,0,0,43000,0,0,0,137000,94000,43000,43000
055022,精元國泰99購01  ,0,0,0,0,0,0,0,0,0,43000,0,0,0,289000,246000,43000,43000
05644P,大立光中信9A售03,0,0,0,0,0,0,0,0,0,43000,0,0,0,153000,110000,43000,43000
056451,可成凱基99購01  ,0,0,0,0,0,0,0,0,0,43000,0,0,0,43000,0,43000,43000
055902,同欣電中信99購01,0,0,0,0,0,0,0,0,0,43000,0,0,0,1441000,1398000,43000,43000
062289,緯穎群益9B購01  ,0,0,0,0,0,0,0,0,0,43000,0,0,0,44000,1000,43000,43000
062081,華新科元大9B購06,0,0,0,0,0,0,0,0,0,43000,0,0,0,50000,7000,43000,43000
064195,晶豪科群益9C購01,0,0,0,0,0,0,0,0,0,43000,0,0,0,50000,7000,43000,43000
061017,國泰金麥證9A購01,0,0,0,43000,0,43000,0,0,0,43000,0,0,0,43000,0,43000,43000
065959,T50反1元大01購02,0,0,0,0,0,0,0,0,0,43000,0,0,0,300000,257000,43000,43000
066482,華碩元富01購02  ,0,0,0,0,0,0,0,0,0,43000,0,0,0,196000,153000,43000,43000
066830,國揚群益01購01  ,0,0,0,0,0,0,0,0,0,43000,0,0,0,210000,167000,43000,43000
064849,大立光元富9C購06,0,0,0,0,0,0,0,0,0,43000,0,0,0,53000,10000,43000,43000
064815,台表科元大01購01,0,0,0,0,0,0,0,0,0,43000,0,0,0,56000,13000,43000,43000
2597,潤弘            ,48000,5000,43000,0,0,0,0,0,0,0,0,0,0,0,0,0,43000
6177,達麗            ,390000,344000,46000,0,0,0,0,0,0,-3000,0,0,0,5000,8000,-3000,43000
08911P,力成凱基01售01  ,0,0,0,0,0,0,0,0,0,43000,0,0,0,43000,0,43000,43000
08228P,華擎國票9C售01  ,0,0,0,0,0,0,0,0,0,42000,0,0,0,122000,80000,42000,42000
08193P,同欣電國票9C售02,0,0,0,0,0,0,0,0,0,42000,0,0,0,82000,40000,42000,42000
060361,南亞科元富9A購03,0,0,0,0,0,0,0,0,0,42000,0,0,0,42000,0,42000,42000
058706,聯鈞元大9C購01  ,0,0,0,0,0,0,0,0,0,42000,0,0,0,155000,113000,42000,42000
063134,裕隆統一01購01  ,0,0,0,0,0,0,0,0,0,42000,0,0,0,349000,307000,42000,42000
061944,聯電群益9B購01  ,0,0,0,0,0,0,0,0,0,42000,0,0,0,62000,20000,42000,42000
064780,義隆群益9C購04  ,0,0,0,0,0,0,0,0,0,42000,0,0,0,84000,42000,42000,42000
064330,燿華元大9C購02  ,0,0,0,0,0,0,0,0,0,42000,0,0,0,61000,19000,42000,42000
066933,可成國票02購01  ,0,0,0,0,0,0,0,0,0,42000,0,0,0,47000,5000,42000,42000
066369,瀚宇博中信01購01,0,0,0,0,0,0,0,0,0,42000,0,0,0,85000,43000,42000,42000
066662,建準凱基02購01  ,0,0,0,0,0,0,0,0,0,42000,0,0,0,50000,8000,42000,42000
066277,敦泰元大01購02  ,0,0,0,0,0,0,0,0,0,42000,0,0,0,102000,60000,42000,42000
066107,惠特國票02購01  ,0,0,0,0,0,0,0,0,0,42000,0,0,0,42000,0,42000,42000
066158,惠特康和01購01  ,0,0,0,0,0,0,0,0,0,42000,0,0,0,52000,10000,42000,42000
1810,和成            ,61000,19000,42000,0,0,0,0,0,0,0,0,0,0,0,0,0,42000
2355,敬鵬            ,246000,161000,85000,0,0,0,0,0,0,-43000,10000,69000,-59000,30000,14000,16000,42000
6283,淳安            ,95000,51000,44000,0,0,0,0,0,0,-2000,0,2000,-2000,0,0,0,42000
07553P,嘉晶元大9A售02  ,0,0,0,0,0,0,0,0,0,41000,0,0,0,41000,0,41000,41000
067170,台積電麥證01購08,0,0,0,40000,0,40000,0,0,0,41000,0,0,0,43000,2000,41000,41000
068047,台積電統一03購06,0,0,0,0,0,0,0,0,0,41000,0,0,0,3095000,3054000,41000,41000
068105,GIS永豐01購01   ,0,0,0,0,0,0,0,0,0,41000,0,0,0,100000,59000,41000,41000
058270,上緯控永豐99購01,0,0,0,0,0,0,0,0,0,41000,0,0,0,71000,30000,41000,41000
03008P,玉晶光中信01售01,0,0,0,0,0,0,0,0,0,41000,0,0,0,159000,118000,41000,41000
053882,聯發科中信98購02,0,0,0,0,0,0,0,0,0,41000,0,0,0,41000,0,41000,41000
060906,旺宏元大9A購07  ,0,0,0,0,0,0,0,0,0,41000,0,0,0,64000,23000,41000,41000
062351,瑞祺群益9C購01  ,0,0,0,0,0,0,0,0,0,41000,0,0,0,41000,0,41000,41000
063210,百和統一9C購01  ,0,0,0,0,0,0,0,0,0,41000,0,0,0,41000,0,41000,41000
065749,友訊元大9C購03  ,0,0,0,0,0,0,0,0,0,41000,0,0,0,126000,85000,41000,41000
066665,聯詠凱基02購01  ,0,0,0,0,0,0,0,0,0,41000,0,0,0,92000,51000,41000,41000
065475,聯發科元大01購04,0,0,0,0,0,0,0,0,0,41000,0,0,0,41000,0,41000,41000
4739,康普            ,69000,28000,41000,0,0,0,0,0,0,0,0,0,0,0,0,0,41000
08922P,京元電永豐01售01,0,0,0,0,0,0,0,0,0,41000,0,0,0,51000,10000,41000,41000
067852,大毅國票02購01  ,0,0,0,0,0,0,0,0,0,40000,0,0,0,78000,38000,40000,40000
067189,牧德凱基02購02  ,0,0,0,0,0,0,0,0,0,40000,0,0,0,50000,10000,40000,40000
067112,泰碩群益01購02  ,0,0,0,0,0,0,0,0,0,40000,0,0,0,40000,0,40000,40000
067104,聯發科群益01購05,0,0,0,0,0,0,0,0,0,40000,0,0,0,40000,0,40000,40000
07508P,華新科國票9A售03,0,0,0,0,0,0,0,0,0,40000,0,0,0,40000,0,40000,40000
07883P,可成凱基9B售03  ,0,0,0,0,0,0,0,0,0,40000,0,0,0,40000,0,40000,40000
07863P,華新科凱基9B售07,0,0,0,0,0,0,0,0,0,40000,0,0,0,40000,0,40000,40000
07788P,華新科群益9A售08,0,0,0,0,0,0,0,0,0,40000,0,0,0,40000,0,40000,40000
06868P,電子類元大99售01,0,0,0,0,0,0,0,0,0,40000,0,0,0,40000,0,40000,40000
08350P,臺股指中信9C售06,0,0,0,0,0,0,0,0,0,40000,0,0,0,60000,20000,40000,40000
08513P,聯發科凱基9C售08,0,0,0,0,0,0,0,0,0,40000,0,0,0,40000,0,40000,40000
08469P,富邦金凱基9C售01,0,0,0,0,0,0,0,0,0,40000,0,0,0,50000,10000,40000,40000
03690C,臺股指凱基01牛13,0,0,0,0,0,0,0,0,0,40000,0,0,0,111000,71000,40000,40000
055919,景碩凱基98購02  ,0,0,0,0,0,0,0,0,0,40000,0,0,0,40000,0,40000,40000
056542,緯創凱基98購01  ,0,0,0,0,0,0,0,0,0,40000,0,0,0,40000,0,40000,40000
057817,景碩元大98購01  ,0,0,0,0,0,0,0,0,0,40000,0,0,0,40000,0,40000,40000
059065,南電凱基9A購01  ,0,0,0,0,0,0,0,0,0,40000,0,0,0,50000,10000,40000,40000
059168,奇力新凱基99購05,0,0,0,0,0,0,0,0,0,40000,0,0,0,50000,10000,40000,40000
059995,南亞科元富99購01,0,0,0,0,0,0,0,0,0,40000,0,0,0,40000,0,40000,40000
058863,可成凱基99購02  ,0,0,0,0,0,0,0,0,0,40000,0,0,0,50000,10000,40000,40000
058916,SGBR2X元富99購02,0,0,0,0,0,0,0,0,0,40000,0,0,0,40000,0,40000,40000
063521,國巨凱基03購01  ,0,0,0,0,0,0,0,0,0,40000,0,0,0,44000,4000,40000,40000
063506,嘉晶群益9B購01  ,0,0,0,0,0,0,0,0,0,40000,0,0,0,155000,115000,40000,40000
063340,英業達統一9B購01,0,0,0,0,0,0,0,0,0,40000,0,0,0,40000,0,40000,40000
062606,聯電凱基9C購02  ,0,0,0,0,0,0,0,0,0,40000,0,0,0,40000,0,40000,40000
062909,大立光元大9C購04,0,0,0,0,0,0,0,0,0,40000,0,0,0,62000,22000,40000,40000
062968,仁寶元富9B購01  ,0,0,0,0,0,0,0,0,0,40000,0,0,0,50000,10000,40000,40000
062858,微星國票9B購01  ,0,0,0,0,0,0,0,0,0,40000,0,0,0,40000,0,40000,40000
062906,全新元大9B購03  ,0,0,0,0,0,0,0,0,0,40000,0,0,0,50000,10000,40000,40000
062429,A50正2元大9B購01,0,0,0,0,0,0,0,0,0,40000,0,0,0,50000,10000,40000,40000
062135,國巨群益9B購05  ,0,0,0,0,0,0,0,0,0,40000,0,0,0,40000,0,40000,40000
062302,聯詠中信05購02  ,0,0,0,0,0,0,0,0,0,40000,0,0,0,60000,20000,40000,40000
063462,金像電元大9C購01,0,0,0,0,0,0,0,0,0,40000,0,0,0,40000,0,40000,40000
063467,大立光元大9C購06,0,0,0,0,0,0,0,0,0,40000,0,0,0,65000,25000,40000,40000
060840,可成國票9B購01  ,0,0,0,0,0,0,0,0,0,40000,0,0,0,60000,20000,40000,40000
061963,台積電統一01購04,0,0,0,0,0,0,0,0,0,40000,0,0,0,47000,7000,40000,40000
064277,可成元大9C購04  ,0,0,0,0,0,0,0,0,0,40000,0,0,0,80000,40000,40000,40000
064027,義隆元大9C購01  ,0,0,0,0,0,0,0,0,0,40000,0,0,0,41000,1000,40000,40000
065612,聯茂元大9C購07  ,0,0,0,0,0,0,0,0,0,40000,0,0,0,50000,10000,40000,40000
065694,國巨群益9C購19  ,0,0,0,0,0,0,0,0,0,40000,0,0,0,46000,6000,40000,40000
065069,臺股指群益9C購17,0,0,0,0,0,0,0,0,0,40000,0,0,0,40000,0,40000,40000
065079,致茂元大9C購01  ,0,0,0,0,0,0,0,0,0,40000,0,0,0,50000,10000,40000,40000
065211,世芯國票01購03  ,0,0,0,0,0,0,0,0,0,40000,0,0,0,50000,10000,40000,40000
064367,貿聯統一01購02  ,0,0,0,0,0,0,0,0,0,40000,0,0,0,40000,0,40000,40000
064634,臺股指元大9C購20,0,0,0,0,0,0,0,0,0,40000,0,0,0,40000,0,40000,40000
064508,力成元大9C購03  ,0,0,0,0,0,0,0,0,0,40000,0,0,0,40000,0,40000,40000
064531,旭富兆豐9C購01  ,0,0,0,0,0,0,0,0,0,40000,0,0,0,40000,0,40000,40000
066632,智原凱基02購01  ,0,0,0,0,0,0,0,0,0,40000,0,0,0,40000,0,40000,40000
066734,聯詠元大01購03  ,0,0,0,0,0,0,0,0,0,40000,0,0,0,54000,14000,40000,40000
1108,幸福            ,107000,67000,40000,0,0,0,0,0,0,0,0,0,0,0,0,0,40000
2426,鼎元            ,199000,118000,81000,0,0,0,0,0,0,-41000,0,41000,-41000,0,0,0,40000
4426,利勤            ,93000,53000,40000,0,0,0,0,0,0,0,0,0,0,0,0,0,40000
2546,根基            ,63000,26000,37000,0,0,0,0,0,0,3000,3000,0,3000,0,0,0,40000
2607,榮運            ,160000,120000,40000,0,0,0,0,0,0,0,0,0,0,0,0,0,40000
3679,新至陞          ,57000,17000,40000,0,0,0,0,0,0,0,0,0,0,0,0,0,40000
067099,友訊群益01購04  ,0,0,0,0,0,0,0,0,0,39000,0,0,0,52000,13000,39000,39000
067183,友訊凱基02購01  ,0,0,0,0,0,0,0,0,0,39000,0,0,0,50000,11000,39000,39000
067531,台積電群益01購13,0,0,0,0,0,0,0,0,0,39000,0,0,0,100000,61000,39000,39000
067847,大立光元富01購02,0,0,0,0,0,0,0,0,0,39000,0,0,0,39000,0,39000,39000
067802,台積電凱基07購01,0,0,0,0,0,0,0,0,0,39000,0,0,0,88000,49000,39000,39000
067686,矽格元大01購04  ,0,0,0,0,0,0,0,0,0,39000,0,0,0,50000,11000,39000,39000
058851,大立光群益99購07,0,0,0,0,0,0,0,0,0,39000,0,0,0,39000,0,39000,39000
058967,可成麥證99購01  ,0,0,0,39000,0,39000,0,0,0,39000,0,0,0,39000,0,39000,39000
058794,旺宏元大99購09  ,0,0,0,0,0,0,0,0,0,39000,0,0,0,44000,5000,39000,39000
060241,國泰金元大9A購01,0,0,0,0,0,0,0,0,0,39000,0,0,0,44000,5000,39000,39000
03021P,玉晶光群益02售25,0,0,0,0,0,0,0,0,0,39000,0,0,0,40000,1000,39000,39000
062588,國巨統一9B購14  ,0,0,0,0,0,0,0,0,0,39000,0,0,0,39000,0,39000,39000
063989,大立光永豐9C購01,0,0,0,0,0,0,0,0,0,39000,0,0,0,79000,40000,39000,39000
061616,鴻海群益9A購07  ,0,0,0,0,0,0,0,0,0,39000,0,0,0,159000,120000,39000,39000
060790,日月光富邦9A購01,0,0,0,0,0,0,0,0,0,39000,0,0,0,324000,285000,39000,39000
063028,巨大元大9B購02  ,0,0,0,0,0,0,0,0,0,39000,0,0,0,40000,1000,39000,39000
066705,聯鈞群益01購01  ,0,0,0,0,0,0,0,0,0,39000,0,0,0,39000,0,39000,39000
065898,神基麥證9C購01  ,0,0,0,44000,5000,39000,0,0,0,39000,0,0,0,44000,5000,39000,39000
064644,台光電凱基9C購01,0,0,0,0,0,0,0,0,0,39000,0,0,0,42000,3000,39000,39000
064805,金像電元大9C購04,0,0,0,0,0,0,0,0,0,39000,0,0,0,60000,21000,39000,39000
064922,玉晶光統一01購10,0,0,0,0,0,0,0,0,0,39000,0,0,0,79000,40000,39000,39000
065382,緯穎元大9C購04  ,0,0,0,0,0,0,0,0,0,39000,0,0,0,39000,0,39000,39000
2524,京城            ,63000,24000,39000,0,0,0,0,0,0,0,0,0,0,0,0,0,39000
08802P,聯發科元大01售14,0,0,0,0,0,0,0,0,0,39000,0,0,0,84000,45000,39000,39000
08780P,聯發科群益02售06,0,0,0,0,0,0,0,0,0,39000,0,0,0,79000,40000,39000,39000
068061,台灣50兆豐01購03,0,0,0,0,0,0,0,0,0,38000,0,0,0,38000,0,38000,38000
067581,聯電群益03購01  ,0,0,0,0,0,0,0,0,0,38000,0,0,0,38000,0,38000,38000
08215P,旺宏群益9B售04  ,0,0,0,0,0,0,0,0,0,38000,0,0,0,60000,22000,38000,38000
08316P,祥碩元大9C售04  ,0,0,0,0,0,0,0,0,0,38000,0,0,0,633000,595000,38000,38000
08011P,玉晶光元大9B售05,0,0,0,0,0,0,0,0,0,38000,0,0,0,110000,72000,38000,38000
06939P,國巨永豐98售09  ,0,0,0,0,0,0,0,0,0,38000,0,0,0,39000,1000,38000,38000
00671R,富邦NASDAQ反1   ,62000,50000,12000,0,0,0,0,0,0,26000,0,0,0,694000,668000,26000,38000
058184,鴻海永豐99購01  ,0,0,0,0,0,0,0,0,0,38000,0,0,0,43000,5000,38000,38000
060253,昇陽半元大9C購01,0,0,0,0,0,0,0,0,0,38000,0,0,0,38000,0,38000,38000
060029,嘉晶永豐99購03  ,0,0,0,0,0,0,0,0,0,38000,0,0,0,39000,1000,38000,38000
063496,儒鴻永豐9B購01  ,0,0,0,0,0,0,0,0,0,38000,0,0,0,202000,164000,38000,38000
063742,道瓊指國票9C購01,0,0,0,0,0,0,0,0,0,38000,0,0,0,46000,8000,38000,38000
063901,緯穎群益9C購01  ,0,0,0,0,0,0,0,0,0,38000,0,0,0,353000,315000,38000,38000
064789,和大國票01購01  ,0,0,0,0,0,0,0,0,0,38000,0,0,0,38000,0,38000,38000
065775,神隆國泰03購01  ,0,0,0,0,0,0,0,0,0,38000,0,0,0,360000,322000,38000,38000
06627P,華新科元富99售01,0,0,0,0,0,0,0,0,0,38000,0,0,0,38000,0,38000,38000
066550,國泰金元大01購01,0,0,0,0,0,0,0,0,0,38000,0,0,0,153000,115000,38000,38000
08959P,國巨凱基01售07  ,0,0,0,0,0,0,0,0,0,38000,0,0,0,38000,0,38000,38000
1786,科妍            ,52000,13000,39000,0,0,0,0,0,0,-1000,1000,2000,-1000,0,0,0,38000
1733,五鼎            ,87000,45000,42000,0,0,0,0,0,0,-4000,2000,6000,-4000,0,0,0,38000
2530,華建            ,60000,22000,38000,0,0,0,0,0,0,0,0,0,0,0,0,0,38000
3617,碩天            ,60000,12000,48000,0,0,0,0,0,0,-10000,0,10000,-10000,0,0,0,38000
2383,台光電          ,803200,935000,-131800,0,0,0,177000,4000,173000,-4000,41000,91000,-50000,91000,45000,46000,37200
07944P,華新科元大9B售08,0,0,0,0,0,0,0,0,0,37000,0,0,0,52000,15000,37000,37000
067357,欣興群益01購02  ,0,0,0,0,0,0,0,0,0,37000,0,0,0,58000,21000,37000,37000
067896,玉晶光群益02購10,0,0,0,0,0,0,0,0,0,37000,0,0,0,57000,20000,37000,37000
067737,英業達元大01購01,0,0,0,0,0,0,0,0,0,37000,0,0,0,136000,99000,37000,37000
060413,東元永豐9A購01  ,0,0,0,0,0,0,0,0,0,37000,0,0,0,50000,13000,37000,37000
060156,光磊永豐9A購01  ,0,0,0,0,0,0,0,0,0,37000,0,0,0,40000,3000,37000,37000
058926,勤誠元富99購01  ,0,0,0,0,0,0,0,0,0,37000,0,0,0,37000,0,37000,37000
057936,健策群益99購01  ,0,0,0,0,0,0,0,0,0,37000,0,0,0,37000,0,37000,37000
00690,兆豐藍籌30      ,1000,1000,0,0,0,0,0,0,0,37000,0,0,0,499000,462000,37000,37000
03680C,臺股指凱基9A牛26,0,0,0,0,0,0,0,0,0,37000,0,0,0,43000,6000,37000,37000
061639,晶豪科元大9A購02,30000,0,30000,0,0,0,0,0,0,7000,0,0,0,37000,30000,7000,37000
060909,金像電元大9B購01,0,0,0,0,0,0,0,0,0,37000,0,0,0,40000,3000,37000,37000
062363,燿華元大9B購03  ,0,0,0,0,0,0,0,0,0,37000,0,0,0,50000,13000,37000,37000
066791,牧德康和01購01  ,0,0,0,0,0,0,0,0,0,37000,0,0,0,37000,0,37000,37000
064680,創意兆豐01購01  ,0,0,0,0,0,0,0,0,0,37000,0,0,0,37000,0,37000,37000
065537,健鼎統一02購05  ,0,0,0,0,0,0,0,0,0,37000,0,0,0,37000,0,37000,37000
065589,景碩永豐9C購02  ,0,0,0,0,0,0,0,0,0,37000,0,0,0,72000,35000,37000,37000
065305,泰鼎元富9C購01  ,0,0,0,0,0,0,0,0,0,37000,0,0,0,40000,3000,37000,37000
2233,宇隆            ,72000,35000,37000,0,0,0,0,0,0,0,0,0,0,0,0,0,37000
3416,融程電          ,34000,0,34000,0,0,0,0,0,0,3000,5000,2000,3000,0,0,0,37000
1582,信錦            ,75000,33500,41500,0,0,0,0,0,0,-5000,11000,16000,-5000,0,0,0,36500
067236,聯發科群益01購06,0,0,0,0,0,0,0,0,0,36000,0,0,0,36000,0,36000,36000
07948P,大成鋼凱基9B售01,0,0,0,0,0,0,0,0,0,36000,0,0,0,36000,0,36000,36000
08454P,台灣50凱基9C售12,0,0,0,0,0,0,0,0,0,36000,0,0,0,38000,2000,36000,36000
08367P,臺股指凱基9C售11,0,0,0,0,0,0,0,0,0,36000,0,0,0,156000,120000,36000,36000
08569P,玉晶光永豐9C售09,0,0,0,0,0,0,0,0,0,36000,0,0,0,62000,26000,36000,36000
056095,臻鼎元富9A購01  ,0,0,0,0,0,0,0,0,0,36000,0,0,0,36000,0,36000,36000
058718,台灣50元富03購01,0,0,0,0,0,0,0,0,0,36000,0,0,0,76000,40000,36000,36000
060162,碩天永豐9A購01  ,0,0,0,0,0,0,0,0,0,36000,0,0,0,36000,0,36000,36000
063203,華新科統一9C購04,0,0,0,0,0,0,0,0,0,36000,0,0,0,63000,27000,36000,36000
061611,南六統一01購01  ,0,0,0,0,0,0,0,0,0,36000,0,0,0,41000,5000,36000,36000
063147,東元元富9B購01  ,0,0,0,0,0,0,0,0,0,36000,0,0,0,46000,10000,36000,36000
064029,宏達電元大9C購01,0,0,0,0,0,0,0,0,0,36000,0,0,0,48000,12000,36000,36000
064279,新光金元大01購01,0,0,0,0,0,0,0,0,0,36000,0,0,0,150000,114000,36000,36000
065607,聯詠元大9C購02  ,0,0,0,0,0,0,0,0,0,36000,0,0,0,114000,78000,36000,36000
064779,義隆群益9C購03  ,0,0,0,0,0,0,0,0,0,36000,0,0,0,56000,20000,36000,36000
064489,宏碁元大9C購01  ,0,0,0,0,0,0,0,0,0,36000,0,0,0,88000,52000,36000,36000
066393,華碩凱基01購01  ,0,0,0,0,0,0,0,0,0,36000,0,0,0,36000,0,36000,36000
066499,台郡國泰02購01  ,0,0,0,0,0,0,0,0,0,36000,0,0,0,83000,47000,36000,36000
06616P,國巨元大98售15  ,0,0,0,0,0,0,0,0,0,36000,0,0,0,136000,100000,36000,36000
066183,眾達凱基01購01  ,0,0,0,0,0,0,0,0,0,36000,0,0,0,62000,26000,36000,36000
08382P,國巨群益01售02  ,0,0,0,0,0,0,0,0,0,35000,0,0,0,35000,0,35000,35000
08462P,臻鼎國票9C售02  ,0,0,0,0,0,0,0,0,0,35000,0,0,0,128000,93000,35000,35000
059823,奇力新凱基99購07,0,0,0,0,0,0,0,0,0,35000,0,0,0,35000,0,35000,35000
058748,景碩凱基9A購01  ,0,0,0,0,0,0,0,0,0,35000,0,0,0,45000,10000,35000,35000
063641,泰鼎元大9B購04  ,0,0,0,0,0,0,0,0,0,35000,0,0,0,41000,6000,35000,35000
059364,昇陽半永豐99購02,0,0,0,0,0,0,0,0,0,35000,0,0,0,51000,16000,35000,35000
058437,可成統一9B購01  ,0,0,0,0,0,0,0,0,0,35000,0,0,0,50000,15000,35000,35000
057886,聯詠群益98購01  ,0,0,0,0,0,0,0,0,0,35000,0,0,0,40000,5000,35000,35000
058259,訊連國泰9B購01  ,0,0,0,0,0,0,0,0,0,35000,0,0,0,55000,20000,35000,35000
054740,強茂凱基99購01  ,0,0,0,0,0,0,0,0,0,35000,0,0,0,35000,0,35000,35000
03052P,台灣50第一01售01,0,0,0,0,0,0,0,0,0,35000,0,0,0,45000,10000,35000,35000
03096P,台積電凱基03售05,0,0,0,0,0,0,0,0,0,35000,0,0,0,68000,33000,35000,35000
061549,泰碩群益9A購01  ,0,0,0,0,0,0,0,0,0,35000,0,0,0,40000,5000,35000,35000
066173,泰碩凱基02購01  ,0,0,0,0,0,0,0,0,0,35000,0,0,0,60000,25000,35000,35000
066298,美利達元大01購02,0,0,0,0,0,0,0,0,0,35000,0,0,0,67000,32000,35000,35000
065841,國巨元大9C購20  ,0,0,0,0,0,0,0,0,0,35000,0,0,0,40000,5000,35000,35000
066446,健策群益01購06  ,0,0,0,0,0,0,0,0,0,35000,0,0,0,35000,0,35000,35000
066414,鴻海元大01購07  ,0,0,0,0,0,0,0,0,0,35000,0,0,0,35000,0,35000,35000
064315,創意群益9C購01  ,0,0,0,0,0,0,0,0,0,35000,0,0,0,36000,1000,35000,35000
08812P,聯發科群益01售01,0,0,0,0,0,0,0,0,0,35000,0,0,0,35000,0,35000,35000
2527,宏璟            ,67000,32000,35000,0,0,0,0,0,0,0,0,0,0,0,0,0,35000
6582,申豐            ,374000,375000,-1000,0,0,0,0,0,0,36000,15000,10000,5000,34000,3000,31000,35000
8462,柏文            ,58000,21000,37000,0,0,0,0,25000,-25000,23000,0,0,0,23000,0,23000,35000
08154P,上銀元富9B售04  ,0,0,0,0,0,0,0,0,0,34000,0,0,0,74000,40000,34000,34000
06698P,玉晶光國票99售05,0,0,0,0,0,0,0,0,0,34000,0,0,0,140000,106000,34000,34000
067457,FBVIX國泰03購01 ,0,0,0,0,0,0,0,0,0,34000,0,0,0,40000,6000,34000,34000
03060P,微星凱基01售01  ,0,0,0,0,0,0,0,0,0,34000,0,0,0,40000,6000,34000,34000
057548,微星凱基99購01  ,0,0,0,0,0,0,0,0,0,34000,0,0,0,34000,0,34000,34000
03002P,玉晶光群益02售18,0,0,0,0,0,0,0,0,0,34000,0,0,0,42000,8000,34000,34000
054204,元金2X國票9B購02,0,0,0,0,0,0,0,0,0,34000,0,0,0,34000,0,34000,34000
063526,台光電凱基9B購04,0,0,0,0,0,0,0,0,0,34000,0,0,0,35000,1000,34000,34000
060895,華新科凱基9B購05,0,0,0,0,0,0,0,0,0,34000,0,0,0,34000,0,34000,34000
062581,鴻海統一01購02  ,0,0,0,0,0,0,0,0,0,34000,0,0,0,34000,0,34000,34000
062455,鴻海群益9C購01  ,0,0,0,0,0,0,0,0,0,34000,0,0,0,34000,0,34000,34000
061279,鴻海統一9C購04  ,0,0,0,0,0,0,0,0,0,34000,0,0,0,44000,10000,34000,34000
061843,億豐凱基9C購01  ,0,0,0,0,0,0,0,0,0,34000,0,0,0,44000,10000,34000,34000
064619,南亞科元大9C購05,0,0,0,0,0,0,0,0,0,34000,0,0,0,34000,0,34000,34000
065376,京鼎元大9C購02  ,0,0,0,0,0,0,0,0,0,34000,0,0,0,135000,101000,34000,34000
066376,聯詠兆豐01購01  ,0,0,0,0,0,0,0,0,0,34000,0,0,0,183000,149000,34000,34000
066669,華擎凱基02購02  ,0,0,0,0,0,0,0,0,0,34000,0,0,0,48000,14000,34000,34000
066248,長興元大01購01  ,0,0,0,0,0,0,0,0,0,34000,0,0,0,270000,236000,34000,34000
6183,關貿            ,67000,14000,53000,0,0,0,0,0,0,-19000,5000,23000,-18000,0,1000,-1000,34000
3013,晟銘電          ,34000,6000,28000,0,0,0,0,0,0,6000,7000,1000,6000,0,0,0,34000
067031,華擎元富01購01  ,0,0,0,0,0,0,0,0,0,33000,0,0,0,83000,50000,33000,33000
067134,國揚永豐01購02  ,0,0,0,0,0,0,0,0,0,33000,0,0,0,178000,145000,33000,33000
08121P,聯發科國票9B售05,0,0,0,0,0,0,0,0,0,33000,0,0,0,395000,362000,33000,33000
08129P,聯發科元大9B售23,0,0,0,0,0,0,0,0,0,33000,0,0,0,33000,0,33000,33000
08472P,和碩凱基9C售02  ,0,0,0,0,0,0,0,0,0,33000,0,0,0,70000,37000,33000,33000
07772P,華新科國票9A售05,0,0,0,0,0,0,0,0,0,33000,0,0,0,231000,198000,33000,33000
07637P,國巨國票9A售08  ,0,0,0,0,0,0,0,0,0,33000,0,0,0,33000,0,33000,33000
07571P,台灣50元大9A售14,0,0,0,0,0,0,0,0,0,33000,0,0,0,33000,0,33000,33000
07416P,台積電元大99售53,0,0,0,0,0,0,0,0,0,33000,0,0,0,63000,30000,33000,33000
060364,奇力新元富9A購01,0,0,0,0,0,0,0,0,0,33000,0,0,0,109000,76000,33000,33000
058565,鴻海凱基9A購07  ,0,0,0,0,0,0,0,0,0,33000,0,0,0,33000,0,33000,33000
059143,國巨國票9A購04  ,0,0,0,0,0,0,0,0,0,33000,0,0,0,73000,40000,33000,33000
056375,玉晶光統一01購01,0,0,0,0,0,0,0,0,0,33000,0,0,0,83000,50000,33000,33000
056702,欣興國泰9A購01  ,0,0,0,0,0,0,0,0,0,33000,0,0,0,33000,0,33000,33000
03023P,玉晶光群益02售27,0,0,0,0,0,0,0,0,0,33000,0,0,0,33000,0,33000,33000
062327,燿華統一9B購02  ,0,0,0,0,0,0,0,0,0,33000,0,0,0,33000,0,33000,33000
062320,南電凱基9B購03  ,0,0,0,0,0,0,0,0,0,33000,0,0,0,54000,21000,33000,33000
062045,崇越凱基9B購01  ,0,0,0,0,0,0,0,0,0,33000,0,0,0,38000,5000,33000,33000
062628,廣達國票9B購01  ,0,0,0,0,0,0,0,0,0,33000,0,0,0,51000,18000,33000,33000
064284,京鼎元大9C購01  ,0,0,0,0,0,0,0,0,0,33000,0,0,0,55000,22000,33000,33000
064205,台灣50凱基01購14,0,0,0,0,0,0,0,0,0,33000,0,0,0,78000,45000,33000,33000
066103,神基國票02購01  ,0,0,0,0,0,0,0,0,0,33000,0,0,0,41000,8000,33000,33000
065377,群創元大02購02  ,0,0,0,0,0,0,0,0,0,33000,0,0,0,37000,4000,33000,33000
065417,嘉晶國票01購02  ,0,0,0,0,0,0,0,0,0,33000,0,0,0,34000,1000,33000,33000
064521,群創群益02購01  ,0,0,0,0,0,0,0,0,0,33000,0,0,0,35000,2000,33000,33000
064366,群創統一01購01  ,0,0,0,0,0,0,0,0,0,33000,0,0,0,78000,45000,33000,33000
3543,州巧            ,37000,4000,33000,0,0,0,0,0,0,0,0,0,0,0,0,0,33000
6141,柏承            ,105000,72000,33000,0,0,0,0,0,0,0,0,0,0,0,0,0,33000
4141,龍燈-KY         ,75000,42000,33000,0,0,0,0,0,0,0,0,0,0,0,0,0,33000
6541,泰福-KY         ,105000,72000,33000,0,0,0,0,0,0,0,0,0,0,0,0,0,33000
9924,福興            ,37000,6000,31000,0,0,0,0,0,0,2000,3000,1000,2000,0,0,0,33000
067483,禾伸堂元大01購02,0,0,0,0,0,0,0,0,0,32000,0,0,0,172000,140000,32000,32000
067724,大立光凱基01購08,0,0,0,0,0,0,0,0,0,32000,0,0,0,32000,0,32000,32000
067946,聯發科國泰03購04,0,0,0,0,0,0,0,0,0,32000,0,0,0,32000,0,32000,32000
068216,國巨台新01購01  ,0,0,0,0,0,0,0,0,0,32000,0,0,0,79000,47000,32000,32000
057438,禾伸堂國票99購01,0,0,0,0,0,0,0,0,0,32000,0,0,0,32000,0,32000,32000
056136,京鼎元大98購01  ,0,0,0,0,0,0,0,0,0,32000,0,0,0,112000,80000,32000,32000
060039,大立光國票99購04,0,0,0,0,0,0,0,0,0,32000,0,0,0,32000,0,32000,32000
060033,臻鼎永豐99購01  ,0,0,0,0,0,0,0,0,0,32000,0,0,0,32000,0,32000,32000
059360,全新永豐99購02  ,0,0,0,0,0,0,0,0,0,32000,0,0,0,32000,0,32000,32000
063631,燿華元大9B購06  ,0,0,0,0,0,0,0,0,0,32000,0,0,0,42000,10000,32000,32000
060557,南電凱基9A購02  ,0,0,0,0,0,0,0,0,0,32000,0,0,0,46000,14000,32000,32000
063082,瑞昱凱基9B購04  ,0,0,0,0,0,0,0,0,0,32000,0,0,0,52000,20000,32000,32000
064835,嘉晶統一02購01  ,0,0,0,0,0,0,0,0,0,32000,0,0,0,62000,30000,32000,32000
065598,微星元大01購02  ,0,0,0,0,0,0,0,0,0,32000,0,0,0,32000,0,32000,32000
066268,宏達電元大01購02,0,0,0,0,0,0,0,0,0,32000,0,0,0,100000,68000,32000,32000
066606,聯詠永豐01購01  ,0,0,0,0,0,0,0,0,0,32000,0,0,0,125000,93000,32000,32000
066384,訊芯康和01購01  ,0,0,0,0,0,0,0,0,0,32000,0,0,0,64000,32000,32000,32000
08761P,聯詠元大01售02  ,0,0,0,0,0,0,0,0,0,32000,0,0,0,45000,13000,32000,32000
08981P,台積電凱基01售16,0,0,0,0,0,0,0,0,0,32000,0,0,0,32000,0,32000,32000
1558,伸興            ,33000,2000,31000,0,0,0,0,0,0,1000,1000,0,1000,0,0,0,32000
1529,樂士            ,45000,13000,32000,0,0,0,0,0,0,0,0,0,0,0,0,0,32000
067908,玉晶光國泰03購01,0,0,0,0,0,0,0,0,0,31000,0,0,0,71000,40000,31000,31000
067771,新光金統一03購01,0,0,0,0,0,0,0,0,0,31000,0,0,0,121000,90000,31000,31000
067799,玉晶光康和01購01,0,0,0,0,0,0,0,0,0,31000,0,0,0,101000,70000,31000,31000
067091,台虹元大01購02  ,0,0,0,0,0,0,0,0,0,31000,0,0,0,45000,14000,31000,31000
07181P,臺股指凱基99售23,0,0,0,0,0,0,0,0,0,31000,0,0,0,33000,2000,31000,31000
07946P,華通統一9B售02  ,0,0,0,0,0,0,0,0,0,31000,0,0,0,31000,0,31000,31000
08285P,國巨凱基9C售07  ,0,0,0,0,0,0,0,0,0,31000,0,0,0,31000,0,31000,31000
059488,大立光兆豐99購03,0,0,0,0,0,0,0,0,0,31000,0,0,0,41000,10000,31000,31000
058687,聯茂凱基9A購01  ,0,0,0,0,0,0,0,0,0,31000,0,0,0,61000,30000,31000,31000
060302,台積電富邦02購01,0,0,0,0,0,0,0,0,0,31000,0,0,0,31000,0,31000,31000
058552,欣興永豐99購01  ,0,0,0,0,0,0,0,0,0,31000,0,0,0,157000,126000,31000,31000
057874,可成元大99購02  ,0,0,0,0,0,0,0,0,0,31000,0,0,0,31000,0,31000,31000
057553,景碩凱基98購03  ,0,0,0,0,0,0,0,0,0,31000,0,0,0,63000,32000,31000,31000
061985,富邦金元大9B購01,0,0,0,0,0,0,0,0,0,31000,0,0,0,38000,7000,31000,31000
062524,鴻海統一9C購09  ,0,0,0,0,0,0,0,0,0,31000,0,0,0,31000,0,31000,31000
061991,牧德元大9C購01  ,0,0,0,0,0,0,0,0,0,31000,0,0,0,115000,84000,31000,31000
066026,泰碩群益03購01  ,0,0,0,0,0,0,0,0,0,31000,0,0,0,81000,50000,31000,31000
065645,嘉晶元大01購02  ,0,0,0,0,0,0,0,0,0,31000,0,0,0,159000,128000,31000,31000
065340,旺宏統一9C購04  ,0,0,0,0,0,0,0,0,0,31000,0,0,0,36000,5000,31000,31000
064829,義隆統一01購02  ,0,0,0,0,0,0,0,0,0,31000,0,0,0,209000,178000,31000,31000
064831,宏達電統一02購01,0,0,0,0,0,0,0,0,0,31000,0,0,0,108000,77000,31000,31000
064411,台表科凱基02購01,0,0,0,0,0,0,0,0,0,31000,0,0,0,38000,7000,31000,31000
064406,健策凱基03購01  ,0,0,0,0,0,0,0,0,0,31000,0,0,0,69000,38000,31000,31000
064559,旺宏群益01購02  ,0,0,0,0,0,0,0,0,0,31000,0,0,0,54000,23000,31000,31000
2420,新巨            ,48000,10000,38000,0,0,0,0,0,0,-7000,9000,16000,-7000,0,0,0,31000
08979P,電子類群益01售01,0,0,0,0,0,0,0,0,0,31000,0,0,0,31000,0,31000,31000
07992P,玉晶光群益01售04,0,0,0,0,0,0,0,0,0,30000,0,0,0,44000,14000,30000,30000
08471P,日月光凱基9C售02,0,0,0,0,0,0,0,0,0,30000,0,0,0,40000,10000,30000,30000
08430P,友達凱基01售01  ,0,0,0,0,0,0,0,0,0,30000,0,0,0,30000,0,30000,30000
08415P,台灣50元大9C售42,0,0,0,0,0,0,0,0,0,30000,0,0,0,30000,0,30000,30000
07489P,國巨國票9A售07  ,0,0,0,0,0,0,0,0,0,30000,0,0,0,30000,0,30000,30000
07575P,瑞昱元大9A售02  ,0,0,0,0,0,0,0,0,0,30000,0,0,0,30000,0,30000,30000
07805P,義隆永豐9A售02  ,0,0,0,0,0,0,0,0,0,30000,0,0,0,30000,0,30000,30000
06839P,玉晶光統一9A售05,0,0,0,0,0,0,0,0,0,30000,0,0,0,30000,0,30000,30000
067035,台表科康和01購01,0,0,0,0,0,0,0,0,0,30000,0,0,0,84000,54000,30000,30000
067123,京鼎富邦05購01  ,0,0,0,0,0,0,0,0,0,30000,0,0,0,30000,0,30000,30000
067659,滬深2X元大03購05,0,0,0,0,0,0,0,0,0,30000,0,0,0,30000,0,30000,30000
067597,國巨凱基02購06  ,0,0,0,0,0,0,0,0,0,30000,0,0,0,37000,7000,30000,30000
067612,超眾凱基02購03  ,0,0,0,0,0,0,0,0,0,30000,0,0,0,50000,20000,30000,30000
057010,景碩中信98購01  ,0,0,0,0,0,0,0,0,0,30000,0,0,0,30000,0,30000,30000
03053P,台灣50中信04售03,0,0,0,0,0,0,0,0,0,30000,0,0,0,40000,10000,30000,30000
053328,滬深2X永豐99購01,0,0,0,0,0,0,0,0,0,30000,0,0,0,30000,0,30000,30000
03687C,臺股指凱基9C牛22,0,0,0,0,0,0,0,0,0,30000,0,0,0,121000,91000,30000,30000
056970,TPK永豐98購01   ,0,0,0,0,0,0,0,0,0,30000,0,0,0,30000,0,30000,30000
057763,康控凱基99購02  ,0,0,0,0,0,0,0,0,0,30000,0,0,0,40000,10000,30000,30000
057696,聯電群益9A購01  ,0,0,0,0,0,0,0,0,0,30000,0,0,0,30000,0,30000,30000
056156,禾伸堂凱基98購04,0,0,0,0,0,0,0,0,0,30000,0,0,0,30000,0,30000,30000
055817,京鼎國票99購01  ,0,0,0,0,0,0,0,0,0,30000,0,0,0,30000,0,30000,30000
055318,華通國票98購01  ,0,0,0,0,0,0,0,0,0,30000,0,0,0,30000,0,30000,30000
056318,鴻海群益98購02  ,0,0,0,0,0,0,0,0,0,30000,0,0,0,30000,0,30000,30000
060048,元金2X凱基99購03,0,0,0,0,0,0,0,0,0,30000,0,0,0,30000,0,30000,30000
060009,南亞科群益99購03,0,0,0,0,0,0,0,0,0,30000,0,0,0,30000,0,30000,30000
059791,超眾元大99購06  ,0,0,0,0,0,0,0,0,0,30000,0,0,0,50000,20000,30000,30000
059816,聯電凱基99購03  ,0,0,0,0,0,0,0,0,0,30000,0,0,0,30000,0,30000,30000
059807,大立光元富99購09,0,0,0,0,0,0,0,0,0,30000,0,0,0,30000,0,30000,30000
059509,奇力新永豐99購02,0,0,0,0,0,0,0,0,0,30000,0,0,0,55000,25000,30000,30000
058308,全新元大9B購01  ,0,0,0,0,0,0,0,0,0,30000,0,0,0,30000,0,30000,30000
058360,台光電凱基9A購02,0,0,0,0,0,0,0,0,0,30000,0,0,0,30000,0,30000,30000
061292,玉晶光統一01購06,0,0,0,0,0,0,0,0,0,30000,0,0,0,30000,0,30000,30000
06138P,台積電中信99售01,0,0,0,0,0,0,0,0,0,30000,0,0,0,30000,0,30000,30000
061113,南電元大9A購03  ,0,0,0,0,0,0,0,0,0,30000,0,0,0,30000,0,30000,30000
061650,南電元大9A購07  ,0,0,0,0,0,0,0,0,0,30000,0,0,0,30000,0,30000,30000
063077,巨大永豐9B購03  ,0,0,0,0,0,0,0,0,0,30000,0,0,0,60000,30000,30000,30000
063461,金像電元大9B購03,0,0,0,0,0,0,0,0,0,30000,0,0,0,40000,10000,30000,30000
063850,玉晶光元大9C購07,0,0,0,0,0,0,0,0,0,30000,0,0,0,30000,0,30000,30000
063089,巨大凱基9C購01  ,0,0,0,0,0,0,0,0,0,30000,0,0,0,30000,0,30000,30000
062238,臻鼎凱基9C購01  ,0,0,0,0,0,0,0,0,0,30000,0,0,0,40000,10000,30000,30000
061280,國巨統一9C購06  ,0,0,0,0,0,0,0,0,0,30000,0,0,0,35000,5000,30000,30000
062483,致新國票9B購01  ,0,0,0,0,0,0,0,0,0,30000,0,0,0,30000,0,30000,30000
062508,臺股指群益9B購03,0,0,0,0,0,0,0,0,0,30000,0,0,0,30000,0,30000,30000
06453P,群創元大9B售02  ,0,0,0,0,0,0,0,0,0,30000,0,0,0,30000,0,30000,30000
064501,大立光元大01購02,0,0,0,0,0,0,0,0,0,30000,0,0,0,30000,0,30000,30000
064456,禾伸堂統一01購01,0,0,0,0,0,0,0,0,0,30000,0,0,0,346000,316000,30000,30000
06437P,玉晶光國票99售01,0,0,0,0,0,0,0,0,0,30000,0,0,0,67000,37000,30000,30000
064894,漢唐群益9C購02  ,0,0,0,0,0,0,0,0,0,30000,0,0,0,30000,0,30000,30000
065236,旭富凱基9C購01  ,0,0,0,0,0,0,0,0,0,30000,0,0,0,58000,28000,30000,30000
065716,道瓊反中信03購01,0,0,0,0,0,0,0,0,0,30000,0,0,0,35000,5000,30000,30000
065934,智邦群益01購02  ,0,0,0,0,0,0,0,0,0,30000,0,0,0,33000,3000,30000,30000
2415,錩新            ,30000,0,30000,0,0,0,0,0,0,0,0,0,0,0,0,0,30000
1439,中和            ,369000,339000,30000,0,0,0,0,0,0,0,0,0,0,0,0,0,30000
1410,南染            ,30000,0,30000,0,0,0,0,0,0,0,0,0,0,0,0,0,30000
067340,欣興凱基02購02  ,0,0,0,0,0,0,0,0,0,29000,0,0,0,163000,134000,29000,29000
07768P,緯穎群益9A售02  ,0,0,0,0,0,0,0,0,0,29000,0,0,0,59000,30000,29000,29000
08638P,泰碩國票9C售01  ,0,0,0,0,0,0,0,0,0,29000,0,0,0,88000,59000,29000,29000
059856,昇陽半永豐99購03,0,0,0,0,0,0,0,0,0,29000,0,0,0,33000,4000,29000,29000
060028,國揚永豐99購01  ,0,0,0,0,0,0,0,0,0,29000,0,0,0,191000,162000,29000,29000
060183,南亞科元富9A購01,0,0,0,0,0,0,0,0,0,29000,0,0,0,29000,0,29000,29000
058798,大立光元大99購11,0,0,0,0,0,0,0,0,0,29000,0,0,0,54000,25000,29000,29000
054534,台積電富邦98購03,0,0,0,0,0,0,0,0,0,29000,0,0,0,30000,1000,29000,29000
057776,京元電群益98購02,0,0,0,0,0,0,0,0,0,29000,0,0,0,34000,5000,29000,29000
057987,大立光元富98購02,0,0,0,0,0,0,0,0,0,29000,0,0,0,129000,100000,29000,29000
061268,玉晶光凱基9B購04,0,0,0,0,0,0,0,0,0,29000,0,0,0,90000,61000,29000,29000
062379,致新元大9B購01  ,0,0,0,0,0,0,0,0,0,29000,0,0,0,35000,6000,29000,29000
066122,卜蜂群益03購01  ,0,0,0,0,0,0,0,0,0,29000,0,0,0,61000,32000,29000,29000
066525,創意統一03購01  ,0,0,0,0,0,0,0,0,0,29000,0,0,0,31000,2000,29000,29000
066856,致新元大01購01  ,0,0,0,0,0,0,0,0,0,29000,0,0,0,129000,100000,29000,29000
064983,力成元大9C購04  ,0,0,0,0,0,0,0,0,0,29000,0,0,0,29000,0,29000,29000
064955,健策凱基9C購03  ,0,0,0,0,0,0,0,0,0,29000,0,0,0,131000,102000,29000,29000
064550,南茂凱基01購01  ,0,0,0,0,0,0,0,0,0,29000,0,0,0,78000,49000,29000,29000
6189,豐藝            ,62000,42000,20000,0,0,0,0,0,0,9000,9000,0,9000,0,0,0,29000
4968,立積            ,1939000,2085000,-146000,0,0,0,10000,37000,-27000,202000,117000,49000,68000,193000,59000,134000,29000
6452,康友-KY         ,204000,178307,25693,0,0,0,0,0,0,3000,0,0,0,17000,14000,3000,28693
067632,台積電永豐01購03,0,0,0,0,0,0,0,0,0,28000,0,0,0,54000,26000,28000,28000
067892,玉晶光群益02購06,0,0,0,0,0,0,0,0,0,28000,0,0,0,63000,35000,28000,28000
068030,台積電元富07購10,0,0,0,0,0,0,0,0,0,28000,0,0,0,4106000,4078000,28000,28000
057954,宏碁元大99購01  ,0,0,0,0,0,0,0,0,0,28000,0,0,0,28000,0,28000,28000
054808,東元元大9A購01  ,0,0,0,0,0,0,0,0,0,28000,0,0,0,30000,2000,28000,28000
056829,台積電富邦9A購01,0,0,0,0,0,0,0,0,0,28000,0,0,0,105000,77000,28000,28000
058323,泰鼎永豐9A購01  ,0,0,0,0,0,0,0,0,0,28000,0,0,0,31000,3000,28000,28000
058570,臻鼎凱基9A購01  ,0,0,0,0,0,0,0,0,0,28000,0,0,0,28000,0,28000,28000
062140,元金2X國票9B購03,0,0,0,0,0,0,0,0,0,28000,0,0,0,50000,22000,28000,28000
060801,滬深2X中信01購01,0,0,0,0,0,0,0,0,0,28000,0,0,0,30000,2000,28000,28000
060785,國巨富邦9B購04  ,0,0,0,0,0,0,0,0,0,28000,0,0,0,28000,0,28000,28000
063344,臺企銀統一9C購01,0,0,0,0,0,0,0,0,0,28000,0,0,0,68000,40000,28000,28000
062780,旺宏元大01購01  ,0,0,0,0,0,0,0,0,0,28000,0,0,0,50000,22000,28000,28000
061696,南茂群益9A購01  ,0,0,0,0,0,0,0,0,0,28000,0,0,0,28000,0,28000,28000
063932,世芯統一01購01  ,0,0,0,0,0,0,0,0,0,28000,0,0,0,28000,0,28000,28000
064584,英業達永豐9C購01,0,0,0,0,0,0,0,0,0,28000,0,0,0,50000,22000,28000,28000
064948,致茂凱基01購01  ,0,0,0,0,0,0,0,0,0,28000,0,0,0,29000,1000,28000,28000
064734,大立光元富9C購05,0,0,0,0,0,0,0,0,0,28000,0,0,0,28000,0,28000,28000
065498,台積電富邦04購02,0,0,0,0,0,0,0,0,0,28000,0,0,0,30000,2000,28000,28000
066526,創意統一05購01  ,0,0,0,0,0,0,0,0,0,28000,0,0,0,43000,15000,28000,28000
065847,嘉晶元大9C購03  ,0,0,0,0,0,0,0,0,0,28000,0,0,0,34000,6000,28000,28000
5546,永固-KY         ,23000,1000,22000,0,0,0,0,0,0,6000,6000,0,6000,0,0,0,28000
1524,耿鼎            ,35000,7000,28000,0,0,0,0,0,0,0,0,0,0,0,0,0,28000
08902P,台灣50中信05售01,0,0,0,0,0,0,0,0,0,28000,0,0,0,92000,64000,28000,28000
08700P,瑞昱康和01售01  ,0,0,0,0,0,0,0,0,0,28000,0,0,0,28000,0,28000,28000
067894,玉晶光群益02購08,0,0,0,0,0,0,0,0,0,27000,0,0,0,137000,110000,27000,27000
067470,國巨元大01購10  ,0,0,0,0,0,0,0,0,0,27000,0,0,0,78000,51000,27000,27000
067265,巨大國票02購01  ,0,0,0,0,0,0,0,0,0,27000,0,0,0,51000,24000,27000,27000
08104P,晶技元大9B售06  ,0,0,0,0,0,0,0,0,0,27000,0,0,0,52000,25000,27000,27000
08312P,旺宏國票01售01  ,0,0,0,0,0,0,0,0,0,27000,0,0,0,30000,3000,27000,27000
08221P,台表科凱基9B售05,0,0,0,0,0,0,0,0,0,27000,0,0,0,37000,10000,27000,27000
07472P,和碩元大9A售03  ,0,0,0,0,0,0,0,0,0,27000,0,0,0,50000,23000,27000,27000
055661,亞德客中信98購01,0,0,0,0,0,0,0,0,0,27000,0,0,0,57000,30000,27000,27000
057770,亞德客群益98購01,20000,0,20000,0,0,0,0,0,0,7000,0,0,0,32000,25000,7000,27000
057903,聯鈞永豐99購01  ,0,0,0,0,0,0,0,0,0,27000,0,0,0,30000,3000,27000,27000
050754,元金2X元富9B購01,0,0,0,0,0,0,0,0,0,27000,0,0,0,27000,0,27000,27000
00713,元大台灣高息低波,160000,419000,-259000,0,0,0,0,0,0,286000,0,0,0,311000,25000,286000,27000
060926,宏達電永豐9A購01,0,0,0,0,0,0,0,0,0,27000,0,0,0,63000,36000,27000,27000
061876,明泰元大9B購01  ,0,0,0,0,0,0,0,0,0,27000,0,0,0,103000,76000,27000,27000
066204,京鼎統一02購01  ,0,0,0,0,0,0,0,0,0,27000,0,0,0,100000,73000,27000,27000
066512,致茂永豐01購01  ,0,0,0,0,0,0,0,0,0,27000,0,0,0,27000,0,27000,27000
066448,眾達群益01購01  ,0,0,0,0,0,0,0,0,0,27000,0,0,0,104000,77000,27000,27000
066381,景碩康和01購01  ,0,0,0,0,0,0,0,0,0,27000,0,0,0,85000,58000,27000,27000
066866,滬深2X元富01購03,0,0,0,0,0,0,0,0,0,27000,0,0,0,50000,23000,27000,27000
066894,聯發科兆豐03購01,0,0,0,0,0,0,0,0,0,27000,0,0,0,27000,0,27000,27000
066701,京元電群益01購02,40000,0,40000,0,0,0,0,0,0,-13000,0,0,0,33000,46000,-13000,27000
065662,台勝科永豐9C購01,0,0,0,0,0,0,0,0,0,27000,0,0,0,28000,1000,27000,27000
065167,華通元大02購01  ,0,0,0,0,0,0,0,0,0,27000,0,0,0,227000,200000,27000,27000
064669,健策元大01購03  ,0,0,0,0,0,0,0,0,0,27000,0,0,0,54000,27000,27000,27000
064313,嘉晶群益9C購02  ,0,0,0,0,0,0,0,0,0,27000,0,0,0,30000,3000,27000,27000
1730,花仙子          ,37000,10000,27000,0,0,0,0,0,0,0,0,0,0,0,0,0,27000
1906,寶隆            ,39000,19000,20000,0,0,0,0,0,0,7000,7000,0,7000,0,0,0,27000
6581,鋼聯            ,31000,4000,27000,0,0,0,0,0,0,0,0,0,0,0,0,0,27000
6672,騰輝電子-KY     ,40000,19000,21000,0,0,0,0,0,0,6000,6000,0,6000,0,0,0,27000
2488,漢平            ,30000,3000,27000,0,0,0,0,0,0,0,0,0,0,0,0,0,27000
2442,新美齊          ,71000,23000,48000,0,0,0,0,0,0,-21000,0,21000,-21000,0,0,0,27000
06993P,鴻海凱基99售05  ,0,0,0,0,0,0,0,0,0,26000,0,0,0,26000,0,26000,26000
067279,美利達統一02購02,0,0,0,0,0,0,0,0,0,26000,0,0,0,293000,267000,26000,26000
067427,奇力新凱基01購01,0,0,0,0,0,0,0,0,0,26000,0,0,0,87000,61000,26000,26000
067667,台積電元大02購05,0,0,0,0,0,0,0,0,0,26000,0,0,0,26000,0,26000,26000
03059P,台積電凱基01售19,0,0,0,0,0,0,0,0,0,26000,0,0,0,26000,0,26000,26000
054072,台積電富邦98購02,0,0,0,0,0,0,0,0,0,26000,0,0,0,29000,3000,26000,26000
059675,大立光元富99購08,0,0,0,0,0,0,0,0,0,26000,0,0,0,50000,24000,26000,26000
063687,金像電永豐9B購04,0,0,0,0,0,0,0,0,0,26000,0,0,0,126000,100000,26000,26000
058950,國巨群益99購06  ,0,0,0,0,0,0,0,0,0,26000,0,0,0,27000,1000,26000,26000
062654,技嘉永豐9B購01  ,0,0,0,0,0,0,0,0,0,26000,0,0,0,42000,16000,26000,26000
060695,同欣電麥證9A購01,0,0,0,34000,8000,26000,0,0,0,26000,0,0,0,34000,8000,26000,26000
063084,可成凱基9C購01  ,0,0,0,0,0,0,0,0,0,26000,0,0,0,28000,2000,26000,26000
063397,廣達群益9B購02  ,0,0,0,0,0,0,0,0,0,26000,0,0,0,26000,0,26000,26000
061702,奇鋐國票9A購02  ,0,0,0,0,0,0,0,0,0,26000,0,0,0,37000,11000,26000,26000
064219,滬深2X國票03購01,0,0,0,0,0,0,0,0,0,26000,0,0,0,26000,0,26000,26000
064907,緯穎群益9C購02  ,0,0,0,0,0,0,0,0,0,26000,0,0,0,52000,26000,26000,26000
065711,矽格群益9C購02  ,0,10000,-10000,0,0,0,0,0,0,36000,0,0,0,99000,63000,36000,26000
066720,滬深2X元大01購07,0,0,0,0,0,0,0,0,0,26000,0,0,0,44000,18000,26000,26000
2704,國賓            ,58000,32000,26000,0,0,0,0,0,0,0,0,0,0,0,0,0,26000
1903,士紙            ,179000,153000,26000,0,0,0,0,0,0,0,0,0,0,0,0,0,26000
2010,春源            ,32000,24000,8000,0,0,0,0,0,0,18000,18000,0,18000,0,0,0,26000
08821P,旺宏凱基01售01  ,0,0,0,0,0,0,0,0,0,26000,0,0,0,77000,51000,26000,26000
067654,嘉晶元富07購03  ,0,0,0,0,0,0,0,0,0,25000,0,0,0,35000,10000,25000,25000
068147,台積電元大02購06,0,0,0,0,0,0,0,0,0,25000,0,0,0,39000,14000,25000,25000
068092,聯發科群益01購10,0,0,0,0,0,0,0,0,0,25000,0,0,0,25000,0,25000,25000
067516,美利達統一03購04,0,0,0,0,0,0,0,0,0,25000,0,0,0,25000,0,25000,25000
07525P,臺股指中信9B售07,0,0,0,0,0,0,0,0,0,25000,0,0,0,25000,0,25000,25000
07177P,臺股指凱基99售19,0,0,0,0,0,0,0,0,0,25000,0,0,0,25000,0,25000,25000
07243P,台灣50凱基9A售04,0,0,0,0,0,0,0,0,0,25000,0,0,0,25000,0,25000,25000
08293P,國巨元大9C售13  ,0,0,0,0,0,0,0,0,0,25000,0,0,0,25000,0,25000,25000
07968P,國巨元大9B售09  ,0,0,0,0,0,0,0,0,0,25000,0,0,0,25000,0,25000,25000
08389P,技嘉國票9C售01  ,0,0,0,0,0,0,0,0,0,25000,0,0,0,180000,155000,25000,25000
058981,國巨凱基99購10  ,0,0,0,0,0,0,0,0,0,25000,0,0,0,36000,11000,25000,25000
059036,可成群益9B購03  ,0,0,0,0,0,0,0,0,0,25000,0,0,0,44000,19000,25000,25000
060014,中鋼康和99購01  ,0,0,0,0,0,0,0,0,0,25000,0,0,0,25000,0,25000,25000
059867,華邦電凱基99購02,0,0,0,0,0,0,0,0,0,25000,0,0,0,25000,0,25000,25000
059124,台積電第一03購01,0,0,0,0,0,0,0,0,0,25000,0,0,0,30000,5000,25000,25000
054308,嘉晶凱基98購01  ,0,0,0,0,0,0,0,0,0,25000,0,0,0,55000,30000,25000,25000
055933,欣興群益98購02  ,0,0,0,0,0,0,0,0,0,25000,0,0,0,35000,10000,25000,25000
056767,大毅元大99購01  ,0,0,0,0,0,0,0,0,0,25000,0,0,0,35000,10000,25000,25000
057864,奇力新凱基99購03,0,0,0,0,0,0,0,0,0,25000,0,0,0,25000,0,25000,25000
057985,華通元富02購03  ,0,0,0,0,0,0,0,0,0,25000,0,0,0,60000,35000,25000,25000
03097P,聯發科凱基01售20,0,0,0,0,0,0,0,0,0,25000,0,0,0,28000,3000,25000,25000
064115,高股息元大9C購01,0,0,0,0,0,0,0,0,0,25000,0,0,0,25000,0,25000,25000
063957,臻鼎元大9C購01  ,0,0,0,0,0,0,0,0,0,25000,0,0,0,25000,0,25000,25000
061297,台積電富邦9C購09,0,0,0,0,0,0,0,0,0,25000,0,0,0,35000,10000,25000,25000
063132,台表科元大9C購02,0,0,0,0,0,0,0,0,0,25000,0,0,0,31000,6000,25000,25000
063163,京元電永豐9B購01,0,0,0,0,0,0,0,0,0,25000,0,0,0,35000,10000,25000,25000
063047,大立光兆豐9B購03,0,0,0,0,0,0,0,0,0,25000,0,0,0,25000,0,25000,25000
063278,國巨元大9C購04  ,0,0,0,0,0,0,0,0,0,25000,0,0,0,32000,7000,25000,25000
062503,玉晶光群益01購03,0,0,0,0,0,0,0,0,0,25000,0,0,0,58000,33000,25000,25000
062992,聯發科群益9B購09,0,0,0,0,0,0,0,0,0,25000,0,0,0,25000,0,25000,25000
066778,緯穎富邦03購01  ,0,0,0,0,0,0,0,0,0,25000,0,0,0,25000,0,25000,25000
066638,聚碩凱基01購01  ,0,0,0,0,0,0,0,0,0,25000,0,0,0,25000,0,25000,25000
066659,燿華凱基03購01  ,0,0,0,0,0,0,0,0,0,25000,0,0,0,25000,0,25000,25000
066086,東元永豐01購01  ,0,0,0,0,0,0,0,0,0,25000,0,0,0,27000,2000,25000,25000
066357,昇陽半永豐01購01,0,0,0,0,0,0,0,0,0,25000,0,0,0,25000,0,25000,25000
065951,聯發科統一01購08,0,0,0,0,0,0,0,0,0,25000,0,0,0,130000,105000,25000,25000
065578,台郡群益9C購02  ,0,0,0,0,0,0,0,0,0,25000,0,0,0,30000,5000,25000,25000
065086,可成元大01購04  ,0,0,0,0,0,0,0,0,0,25000,0,0,0,26000,1000,25000,25000
08874P,台積電中信07售01,0,0,0,0,0,0,0,0,0,25000,0,0,0,25000,0,25000,25000
08972P,義隆永豐01售02  ,0,0,0,0,0,0,0,0,0,25000,0,0,0,92000,67000,25000,25000
3055,蔚華科          ,37000,18000,19000,0,0,0,0,0,0,6000,6000,0,6000,0,0,0,25000
4755,三福化          ,163000,138000,25000,0,0,0,0,0,0,0,0,0,0,0,0,0,25000
4566,時碩工業        ,29000,4000,25000,0,0,0,0,0,0,0,0,0,0,0,0,0,25000
08196P,上銀元大9B售07  ,0,0,0,0,0,0,0,0,0,24000,0,0,0,24000,0,24000,24000
067397,欣興永豐01購03  ,0,0,0,0,0,0,0,0,0,24000,0,0,0,112000,88000,24000,24000
067286,新日興國票02購02,0,0,0,0,0,0,0,0,0,24000,0,0,0,24000,0,24000,24000
067052,帆宣凱基02購01  ,0,0,0,0,0,0,0,0,0,24000,0,0,0,44000,20000,24000,24000
056366,玉晶光元大99購04,0,0,0,0,0,0,0,0,0,24000,0,0,0,27000,3000,24000,24000
056386,TPK國泰99購01   ,0,0,0,0,0,0,0,0,0,24000,0,0,0,84000,60000,24000,24000
057376,新日興元大98購04,0,0,0,0,0,0,0,0,0,24000,0,0,0,24000,0,24000,24000
059117,禾伸堂永豐99購01,0,0,0,0,0,0,0,0,0,24000,0,0,0,34000,10000,24000,24000
058980,鴻海凱基99購06  ,0,0,0,0,0,0,0,0,0,24000,0,0,0,24000,0,24000,24000
058836,FBVIX中信03購05 ,0,0,0,0,0,0,0,0,0,24000,0,0,0,24000,0,24000,24000
063577,台表科元大9C購04,0,0,0,0,0,0,0,0,0,24000,0,0,0,24000,0,24000,24000
063833,致新國票01購01  ,0,0,0,0,0,0,0,0,0,24000,0,0,0,24000,0,24000,24000
062116,元金2X第一9B購01,0,0,0,0,0,0,0,0,0,24000,0,0,0,24000,0,24000,24000
062288,南六群益9B購01  ,0,0,0,0,0,0,0,0,0,24000,0,0,0,34000,10000,24000,24000
061644,健策元大9C購02  ,0,0,0,0,0,0,0,0,0,24000,0,0,0,34000,10000,24000,24000
060817,華邦電台新9A購01,0,0,0,0,0,0,0,0,0,24000,0,0,0,24000,0,24000,24000
061964,台積電統一01購05,0,0,0,0,0,0,0,0,0,24000,0,0,0,39000,15000,24000,24000
063881,嘉晶元富9C購01  ,0,0,0,0,0,0,0,0,0,24000,0,0,0,24000,0,24000,24000
064068,義隆永豐9C購01  ,0,0,0,0,0,0,0,0,0,24000,0,0,0,82000,58000,24000,24000
064225,健策國票01購02  ,0,0,0,0,0,0,0,0,0,24000,0,0,0,32000,8000,24000,24000
065655,緯穎元大9C購05  ,0,0,0,0,0,0,0,0,0,24000,0,0,0,29000,5000,24000,24000
065676,臻鼎凱基9C購04  ,0,0,0,0,0,0,0,0,0,24000,0,0,0,30000,6000,24000,24000
064645,義隆凱基03購01  ,0,0,0,0,0,0,0,0,0,24000,0,0,0,59000,35000,24000,24000
066321,華碩永豐01購01  ,0,0,0,0,0,0,0,0,0,24000,0,0,0,115000,91000,24000,24000
066537,全新兆豐01購01  ,0,0,0,0,0,0,0,0,0,24000,0,0,0,24000,0,24000,24000
08992P,牧德元大01售02  ,0,0,0,0,0,0,0,0,0,24000,0,0,0,34000,10000,24000,24000
08993P,彩晶元大01售02  ,0,0,0,0,0,0,0,0,0,24000,0,0,0,24000,0,24000,24000
08997P,台積電群益01售17,0,0,0,0,0,0,0,0,0,24000,0,0,0,49000,25000,24000,24000
08925P,國巨元富07售10  ,0,0,0,0,0,0,0,0,0,24000,0,0,0,25000,1000,24000,24000
067102,聯發科群益01購03,0,0,0,0,0,0,0,0,0,23000,0,0,0,23000,0,23000,23000
067267,台積電富邦05購03,0,0,0,0,0,0,0,0,0,23000,0,0,0,24000,1000,23000,23000
067309,欣興元大01購04  ,0,0,0,0,0,0,0,0,0,23000,0,0,0,215000,192000,23000,23000
067568,台積電麥證01購09,0,0,0,36000,110000,-74000,0,0,0,23000,0,0,0,136000,113000,23000,23000
07965P,玉晶光群益01售02,0,0,0,0,0,0,0,0,0,23000,0,0,0,157000,134000,23000,23000
08004P,大毅永豐9B售02  ,0,0,0,0,0,0,0,0,0,23000,0,0,0,23000,0,23000,23000
08552P,華新科群益9C售04,0,0,0,0,0,0,0,0,0,23000,0,0,0,23000,0,23000,23000
07246P,旺宏凱基99售08  ,0,0,0,0,0,0,0,0,0,23000,0,0,0,40000,17000,23000,23000
063664,漢唐統一9C購01  ,0,0,0,0,0,0,0,0,0,23000,0,0,0,39000,16000,23000,23000
058342,鴻海群益9A購01  ,0,0,0,0,0,0,0,0,0,23000,0,0,0,35000,12000,23000,23000
058610,欣興元大99購05  ,0,0,0,0,0,0,0,0,0,23000,0,0,0,42000,19000,23000,23000
057422,欣興凱基98購04  ,0,0,0,0,0,0,0,0,0,23000,0,0,0,30000,7000,23000,23000
058095,昇陽半元大98購03,0,0,0,0,0,0,0,0,0,23000,0,0,0,23000,0,23000,23000
059062,群創凱基99購05  ,0,0,0,0,0,0,0,0,0,23000,0,0,0,27000,4000,23000,23000
060654,大毅群益9B購01  ,0,0,0,0,0,0,0,0,0,23000,0,0,0,23000,0,23000,23000
062311,奇力新凱基9B購01,0,0,0,0,0,0,0,0,0,23000,0,0,0,23000,0,23000,23000
063404,金像電國票9B購01,0,0,0,0,0,0,0,0,0,23000,0,0,0,80000,57000,23000,23000
062699,台積電元大01購02,0,0,0,0,0,0,0,0,0,23000,0,0,0,23000,0,23000,23000
063174,臺股指中信01購04,0,0,0,0,0,0,0,0,0,23000,0,0,0,35000,12000,23000,23000
066771,滬深2X富邦02購01,0,0,0,0,0,0,0,0,0,23000,0,0,0,154000,131000,23000,23000
066871,台表科元富07購01,0,0,0,0,0,0,0,0,0,23000,0,0,0,114000,91000,23000,23000
066343,佳醫永豐01購01  ,0,0,0,0,0,0,0,0,0,23000,0,0,0,23000,0,23000,23000
066199,金像電統一02購01,0,0,0,0,0,0,0,0,0,23000,0,0,0,23000,0,23000,23000
064648,臻鼎凱基9C購02  ,0,0,0,0,0,0,0,0,0,23000,0,0,0,40000,17000,23000,23000
065182,南電元大9C購05  ,0,0,0,0,0,0,0,0,0,23000,0,0,0,23000,0,23000,23000
065226,華通凱基01購01  ,0,0,0,0,0,0,0,0,0,23000,0,0,0,23000,0,23000,23000
08877P,臺股指中信04售03,0,0,0,0,0,0,0,0,0,23000,0,0,0,34000,11000,23000,23000
08884P,義隆國票02售01  ,0,0,0,0,0,0,0,0,0,23000,0,0,0,122000,99000,23000,23000
8404,百和興業-KY     ,51000,28000,23000,0,0,0,0,0,0,0,0,0,0,0,0,0,23000
9942,茂順            ,23000,0,23000,0,0,0,0,0,0,0,0,0,0,0,0,0,23000
07235P,T50正2元大9C售02,0,0,0,0,0,0,0,0,0,22000,0,0,0,84000,62000,22000,22000
068226,聯發科元富04購02,0,0,0,0,0,0,0,0,0,22000,0,0,0,85000,63000,22000,22000
08610P,鴻海凱基9C售05  ,0,0,0,0,0,0,0,0,0,22000,0,0,0,56000,34000,22000,22000
08390P,旺宏凱基9C售02  ,0,0,0,0,0,0,0,0,0,22000,0,0,0,86000,64000,22000,22000
08058P,華新科元大9B售10,0,0,0,0,0,0,0,0,0,22000,0,0,0,22000,0,22000,22000
067562,牧德國票02購01  ,0,0,0,0,0,0,0,0,0,22000,0,0,0,60000,38000,22000,22000
067139,訊連永豐01購01  ,0,0,0,0,0,0,0,0,0,22000,0,0,0,45000,23000,22000,22000
056395,玉晶光永豐9B購01,0,0,0,0,0,0,0,0,0,22000,0,0,0,32000,10000,22000,22000
058622,國巨國票99購07  ,0,0,0,0,0,0,0,0,0,22000,0,0,0,42000,20000,22000,22000
058544,FBVIX富邦9B購01 ,0,0,0,0,0,0,0,0,0,22000,0,0,0,33000,11000,22000,22000
059197,可成永豐99購02  ,0,0,0,0,0,0,0,0,0,22000,0,0,0,25000,3000,22000,22000
063209,巨大統一01購01  ,0,0,0,0,0,0,0,0,0,22000,0,0,0,84000,62000,22000,22000
061920,台積電凱基9C購02,0,0,0,0,0,0,0,0,0,22000,0,0,0,27000,5000,22000,22000
062996,致茂國票9C購01  ,0,0,0,0,0,0,0,0,0,22000,0,0,0,33000,11000,22000,22000
062853,大毅永豐9B購03  ,0,0,0,0,0,0,0,0,0,22000,0,0,0,22000,0,22000,22000
062275,燿華群益9B購01  ,0,0,0,0,0,0,0,0,0,22000,0,0,0,32000,10000,22000,22000
062366,義隆元大9B購04  ,0,0,0,0,0,0,0,0,0,22000,0,0,0,22000,0,22000,22000
064231,鴻海統一01購03  ,0,0,0,0,0,0,0,0,0,22000,0,0,0,22000,0,22000,22000
061435,元金2X凱基9C購03,0,0,0,0,0,0,0,0,0,22000,0,0,0,22000,0,22000,22000
061501,嘉澤國票9A購01  ,0,0,0,0,0,0,0,0,0,22000,0,0,0,31000,9000,22000,22000
065581,寶成群益9C購01  ,0,0,0,0,0,0,0,0,0,22000,0,0,0,22000,0,22000,22000
065556,旭富凱基9C購02  ,0,0,0,0,0,0,0,0,0,22000,0,0,0,35000,13000,22000,22000
065484,康友元大9C購01  ,0,0,0,0,0,0,0,0,0,22000,0,0,0,100000,78000,22000,22000
065372,漢唐元大9C購02  ,0,0,0,0,0,0,0,0,0,22000,0,0,0,73000,51000,22000,22000
06448P,華通元大99售01  ,0,0,0,0,0,0,0,0,0,22000,0,0,0,24000,2000,22000,22000
064790,金像電國票01購01,0,0,0,0,0,0,0,0,0,22000,0,0,0,22000,0,22000,22000
066133,京元電群益01購01,0,0,0,0,0,0,0,0,0,22000,0,0,0,42000,20000,22000,22000
066885,牧德永豐01購02  ,0,0,0,0,0,0,0,0,0,22000,0,0,0,79000,57000,22000,22000
066679,微星兆豐01購01  ,0,0,0,0,0,0,0,0,0,22000,0,0,0,37000,15000,22000,22000
066424,晶技元大01購03  ,0,0,0,0,0,0,0,0,0,22000,0,0,0,25000,3000,22000,22000
4720,德淵            ,65000,6000,59000,0,0,0,0,0,0,-37000,2000,39000,-37000,0,0,0,22000
4999,鑫禾            ,26000,6000,20000,0,0,0,0,0,0,2000,2000,0,2000,0,0,0,22000
08736P,滬深2X凱基03售01,0,0,0,0,0,0,0,0,0,22000,0,0,0,22000,0,22000,22000
2338,光罩            ,561000,613000,-52000,0,0,0,0,0,0,74000,0,1000,-1000,81000,6000,75000,22000
067033,新日興康和01購01,0,0,0,0,0,0,0,0,0,21000,0,0,0,23000,2000,21000,21000
067321,南六元大01購05  ,0,0,0,0,0,0,0,0,0,21000,0,0,0,100000,79000,21000,21000
067796,臺股指群益01購08,0,0,0,0,0,0,0,0,0,21000,0,0,0,62000,41000,21000,21000
07953P,健策元大9B售07  ,0,0,0,0,0,0,0,0,0,21000,0,0,0,21000,0,21000,21000
08206P,鴻海群益9C售03  ,0,0,0,0,0,0,0,0,0,21000,0,0,0,21000,0,21000,21000
08284P,鴻海凱基01售03  ,0,0,0,0,0,0,0,0,0,21000,0,0,0,24000,3000,21000,21000
059663,旭富元大9C購02  ,0,0,0,0,0,0,0,0,0,21000,0,0,0,97000,76000,21000,21000
058693,旭富國票9A購01  ,0,0,0,0,0,0,0,0,0,21000,0,0,0,110000,89000,21000,21000
059731,康控元大99購04  ,0,0,0,0,0,0,0,0,0,21000,0,0,0,21000,0,21000,21000
060022,勤誠康和99購01  ,0,0,0,0,0,0,0,0,0,21000,0,0,0,68000,47000,21000,21000
059908,元金2X元大99購01,0,0,0,0,0,0,0,0,0,21000,0,0,0,42000,21000,21000,21000
056797,台積電麥證98購01,0,0,0,21000,0,21000,0,0,0,21000,0,0,0,21000,0,21000,21000
056113,新日興兆豐98購01,0,0,0,0,0,0,0,0,0,21000,0,0,0,21000,0,21000,21000
057694,臺股指凱基98購12,0,0,0,0,0,0,0,0,0,21000,0,0,0,21000,0,21000,21000
03042P,玉晶光國票04售01,0,0,0,0,0,0,0,0,0,21000,0,0,0,21000,0,21000,21000
00714,群益道瓊美國地產,5000,2000,3000,0,0,0,0,0,0,18000,0,0,0,18000,0,18000,21000
052475,滬深2X群益99購06,0,0,0,0,0,0,0,0,0,21000,0,0,0,23000,2000,21000,21000
061555,聯電國票9B購01  ,0,0,0,0,0,0,0,0,0,21000,0,0,0,51000,30000,21000,21000
061781,台積電群益9C購01,0,0,0,0,0,0,0,0,0,21000,0,0,0,25000,4000,21000,21000
061744,超眾凱基9B購02  ,0,0,0,0,0,0,0,0,0,21000,0,0,0,31000,10000,21000,21000
064232,鴻海統一01購04  ,0,0,0,0,0,0,0,0,0,21000,0,0,0,21000,0,21000,21000
062625,華通國票9B購02  ,0,0,0,0,0,0,0,0,0,21000,0,0,0,21000,0,21000,21000
065867,鴻海群益9C購08  ,0,0,0,0,0,0,0,0,0,21000,0,0,0,21000,0,21000,21000
064768,仁寶中信03購01  ,0,0,0,0,0,0,0,0,0,21000,0,0,0,31000,10000,21000,21000
064556,華通群益02購02  ,0,0,0,0,0,0,0,0,0,21000,0,0,0,69000,48000,21000,21000
065365,國巨元大9C購19  ,0,0,0,0,0,0,0,0,0,21000,0,0,0,33000,12000,21000,21000
1506,正道            ,32000,11000,21000,0,0,0,0,0,0,0,0,0,0,0,0,0,21000
08795P,聯發科凱基01售11,0,0,0,0,0,0,0,0,0,21000,0,0,0,114000,93000,21000,21000
6277,宏正            ,50000,22000,28000,0,0,0,0,0,0,-7000,7000,14000,-7000,0,0,0,21000
08328P,國巨國票9C售07  ,0,0,0,0,0,0,0,0,0,20000,0,0,0,25000,5000,20000,20000
08203P,同欣電永豐9B售04,0,0,0,0,0,0,0,0,0,20000,0,0,0,20000,0,20000,20000
08224P,臺股指凱基9B售19,0,0,0,0,0,0,0,0,0,20000,0,0,0,20000,0,20000,20000
08049P,臺股指國票9B售14,0,0,0,0,0,0,0,0,0,20000,0,0,0,20000,0,20000,20000
08088P,義隆凱基9B售03  ,0,0,0,0,0,0,0,0,0,20000,0,0,0,20000,0,20000,20000
08368P,台積電兆豐9C售04,0,0,0,0,0,0,0,0,0,20000,0,0,0,20000,0,20000,20000
08394P,大立光群益9C售05,0,0,0,0,0,0,0,0,0,20000,0,0,0,20000,0,20000,20000
08481P,臺股指凱基9C售19,0,0,0,0,0,0,0,0,0,20000,0,0,0,20000,0,20000,20000
08624P,力成群益9C售01  ,0,0,0,0,0,0,0,0,0,20000,0,0,0,20000,0,20000,20000
08628P,微星中信9C售01  ,0,0,0,0,0,0,0,0,0,20000,0,0,0,71000,51000,20000,20000
08665P,鴻海國票02售01  ,0,0,0,0,0,0,0,0,0,20000,0,0,0,30000,10000,20000,20000
07103P,南電元大99售04  ,0,0,0,0,0,0,0,0,0,20000,0,0,0,20000,0,20000,20000
06963P,鴻海凱基99售04  ,0,0,0,0,0,0,0,0,0,20000,0,0,0,20000,0,20000,20000
07363P,大立光元大99售26,0,0,0,0,0,0,0,0,0,20000,0,0,0,20000,0,20000,20000
07358P,鴻海元大99售39  ,0,0,0,0,0,0,0,0,0,20000,0,0,0,40000,20000,20000,20000
07134P,臺股指元大9A售28,0,0,0,0,0,0,0,0,0,20000,0,0,0,20000,0,20000,20000
07125P,台積電元大99售22,0,0,0,0,0,0,0,0,0,20000,0,0,0,20000,0,20000,20000
07507P,國巨國票9B售02  ,0,0,0,0,0,0,0,0,0,20000,0,0,0,20000,0,20000,20000
07746P,華新科凱基9A售11,0,0,0,0,0,0,0,0,0,20000,0,0,0,20000,0,20000,20000
07719P,臺股指群益9A售08,0,0,0,0,0,0,0,0,0,20000,0,0,0,20000,0,20000,20000
07683P,宏達電凱基9A售03,0,0,0,0,0,0,0,0,0,20000,0,0,0,20000,0,20000,20000
07842P,力成元大9A售01  ,0,0,0,0,0,0,0,0,0,20000,0,0,0,20000,0,20000,20000
07904P,聯發科群益9B售05,0,0,0,0,0,0,0,0,0,20000,0,0,0,20000,0,20000,20000
06813P,友訊元富98售03  ,0,0,0,0,0,0,0,0,0,20000,0,0,0,20000,0,20000,20000
06801P,技嘉群益99售02  ,0,0,0,0,0,0,0,0,0,20000,0,0,0,20000,0,20000,20000
067186,晶豪科凱基01購02,0,0,0,0,0,0,0,0,0,20000,0,0,0,34000,14000,20000,20000
067187,聯陽凱基01購02  ,0,0,0,0,0,0,0,0,0,20000,0,0,0,324000,304000,20000,20000
052328,台表科中信99購01,0,0,0,0,0,0,0,0,0,20000,0,0,0,40000,20000,20000,20000
052893,聯電群益98購01  ,0,0,0,0,0,0,0,0,0,20000,0,0,0,20000,0,20000,20000
052695,台表科中信98購01,0,0,0,0,0,0,0,0,0,20000,0,0,0,20000,0,20000,20000
053088,奇鋐元大98購01  ,0,0,0,0,0,0,0,0,0,20000,0,0,0,37000,17000,20000,20000
03068P,美律群益01售03  ,0,0,0,0,0,0,0,0,0,20000,0,0,0,20000,0,20000,20000
03078P,上銀統一01售05  ,0,0,0,0,0,0,0,0,0,20000,0,0,0,20000,0,20000,20000
057681,T50反1日盛9C購01,0,0,0,0,0,0,0,0,0,20000,0,0,0,20000,0,20000,20000
057236,聯詠凱基98購03  ,0,0,0,0,0,0,0,0,0,20000,0,0,0,20000,0,20000,20000
057034,道瓊反元大9B購01,0,0,0,0,0,0,0,0,0,20000,0,0,0,20000,0,20000,20000
058135,景碩元大99購01  ,0,0,0,0,0,0,0,0,0,20000,0,0,0,20000,0,20000,20000
058136,景碩元大99購02  ,0,0,0,0,0,0,0,0,0,20000,0,0,0,20000,0,20000,20000
058023,南電凱基98購02  ,0,0,0,0,0,0,0,0,0,20000,0,0,0,21000,1000,20000,20000
057758,鴻海凱基99購03  ,0,0,0,0,0,0,0,0,0,20000,0,0,0,20000,0,20000,20000
057895,全新元富9B購01  ,0,0,0,0,0,0,0,0,0,20000,0,0,0,20000,0,20000,20000
056161,康控凱基98購02  ,0,0,0,0,0,0,0,0,0,20000,0,0,0,20000,0,20000,20000
055259,玉晶光統一9A購01,0,0,0,0,0,0,0,0,0,20000,0,0,0,30000,10000,20000,20000
055415,禾伸堂富邦9B購01,0,0,0,0,0,0,0,0,0,20000,0,0,0,20000,0,20000,20000
056747,致新凱基99購01  ,0,0,0,0,0,0,0,0,0,20000,0,0,0,30000,10000,20000,20000
056547,臻鼎凱基99購01  ,0,0,0,0,0,0,0,0,0,20000,0,0,0,20000,0,20000,20000
056555,矽創凱基98購01  ,0,0,0,0,0,0,0,0,0,20000,0,0,0,20000,0,20000,20000
056479,玉晶光元大99購05,0,0,0,0,0,0,0,0,0,20000,0,0,0,26000,6000,20000,20000
060036,上証2X國票99購03,0,0,0,0,0,0,0,0,0,20000,0,0,0,60000,40000,20000,20000
059811,高股息凱基99購02,0,0,0,0,0,0,0,0,0,20000,0,0,0,20000,0,20000,20000
059871,義隆凱基99購03  ,0,0,0,0,0,0,0,0,0,20000,0,0,0,30000,10000,20000,20000
058744,FBVIX凱基9C購03 ,0,0,0,0,0,0,0,0,0,20000,0,0,0,60000,40000,20000,20000
058612,健策元大99購02  ,0,0,0,0,0,0,0,0,0,20000,0,0,0,44000,24000,20000,20000
059634,可成凱基99購07  ,0,0,0,0,0,0,0,0,0,20000,0,0,0,20000,0,20000,20000
059254,台表科凱基9A購02,0,0,0,0,0,0,0,0,0,20000,0,0,0,20000,0,20000,20000
058481,玉晶光凱基9A購04,0,0,0,0,0,0,0,0,0,20000,0,0,0,32000,12000,20000,20000
058363,全新凱基9A購02  ,0,0,0,0,0,0,0,0,0,20000,0,0,0,20000,0,20000,20000
058378,南電凱基99購01  ,0,0,0,0,0,0,0,0,0,20000,0,0,0,20000,0,20000,20000
058564,元金2X凱基9C購01,0,0,0,0,0,0,0,0,0,20000,0,0,0,20000,0,20000,20000
058295,欣興凱基99購02  ,0,0,0,0,0,0,0,0,0,20000,0,0,0,20000,0,20000,20000
059474,元石油群益99購01,0,0,0,0,0,0,0,0,0,20000,0,0,0,20000,0,20000,20000
063604,群創凱基01購02  ,0,0,0,0,0,0,0,0,0,20000,0,0,0,20000,0,20000,20000
06037P,超眾國票98售02  ,0,0,0,0,0,0,0,0,0,20000,0,0,0,20000,0,20000,20000
063493,金像電富邦01購01,0,0,0,0,0,0,0,0,0,20000,0,0,0,20000,0,20000,20000
061923,友達凱基9B購04  ,0,0,0,0,0,0,0,0,0,20000,0,0,0,20000,0,20000,20000
062681,全新統一01購01  ,0,0,0,0,0,0,0,0,0,20000,0,0,0,45000,25000,20000,20000
062733,巨大凱基9B購01  ,0,0,0,0,0,0,0,0,0,20000,0,0,0,20000,0,20000,20000
062794,鴻海統一9C購15  ,10000,0,10000,0,0,0,0,0,0,10000,0,0,0,80000,70000,10000,20000
063184,台光電凱基9B購03,0,0,0,0,0,0,0,0,0,20000,0,0,0,45000,25000,20000,20000
063177,友達兆豐9B購01  ,0,0,0,0,0,0,0,0,0,20000,0,0,0,20000,0,20000,20000
063327,燿華國票9C購02  ,0,0,0,0,0,0,0,0,0,20000,0,0,0,20000,0,20000,20000
063321,泰鼎群益9B購03  ,0,0,0,0,0,0,0,0,0,20000,0,0,0,30000,10000,20000,20000
060684,同欣電元大9A購01,0,0,0,0,0,0,0,0,0,20000,0,0,0,20000,0,20000,20000
060678,聯詠元大9A購03  ,0,0,0,0,0,0,0,0,0,20000,0,0,0,40000,20000,20000,20000
062362,致茂元大9B購01  ,0,0,0,0,0,0,0,0,0,20000,0,0,0,20000,0,20000,20000
062422,億光統一01購01  ,0,0,0,0,0,0,0,0,0,20000,0,0,0,20000,0,20000,20000
062094,台積電富邦9C購12,0,0,0,0,0,0,0,0,0,20000,0,0,0,20000,0,20000,20000
063808,台表科兆豐9C購01,0,0,0,0,0,0,0,0,0,20000,0,0,0,33000,13000,20000,20000
064213,大立光凱基03購01,0,0,0,0,0,0,0,0,0,20000,0,0,0,20000,0,20000,20000
064098,正崴群益9C購01  ,0,0,0,0,0,0,0,0,0,20000,0,0,0,20000,0,20000,20000
064167,緯穎統一01購03  ,0,0,0,0,0,0,0,0,0,20000,0,0,0,48000,28000,20000,20000
060660,國巨凱基9B購04  ,0,0,0,0,0,0,0,0,0,20000,0,0,0,24000,4000,20000,20000
061959,鴻海統一9B購04  ,0,0,0,0,0,0,0,0,0,20000,0,0,0,270000,250000,20000,20000
061961,台積電統一01購02,0,0,0,0,0,0,0,0,0,20000,0,0,0,84000,64000,20000,20000
061972,華新元大9B購01  ,0,0,0,0,0,0,0,0,0,20000,0,0,0,46000,26000,20000,20000
064004,全新凱基01購01  ,0,0,0,0,0,0,0,0,0,20000,0,0,0,20000,0,20000,20000
061783,友達群益9B購01  ,0,0,0,0,0,0,0,0,0,20000,0,0,0,20000,0,20000,20000
06154P,超眾元大98售01  ,0,0,0,0,0,0,0,0,0,20000,0,0,0,20000,0,20000,20000
061063,國巨凱基9A購14  ,0,0,0,0,0,0,0,0,0,20000,0,0,0,24000,4000,20000,20000
060855,華新科富邦01購01,0,0,0,0,0,0,0,0,0,20000,0,0,0,20000,0,20000,20000
065366,英業達元大9C購02,0,0,0,0,0,0,0,0,0,20000,0,0,0,21000,1000,20000,20000
065275,台灣50群益02購02,0,0,0,0,0,0,0,0,0,20000,0,0,0,55000,35000,20000,20000
065176,玉晶光元大01購04,0,0,0,0,0,0,0,0,0,20000,0,0,0,179000,159000,20000,20000
065017,和大富邦03購01  ,0,0,0,0,0,0,0,0,0,20000,0,0,0,20000,0,20000,20000
065542,緯穎統一01購05  ,0,0,0,0,0,0,0,0,0,20000,0,0,0,20000,0,20000,20000
065632,正崴國票01購01  ,0,0,0,0,0,0,0,0,0,20000,0,0,0,20000,0,20000,20000
064532,聯茂兆豐01購01  ,0,0,0,0,0,0,0,0,0,20000,0,0,0,32000,12000,20000,20000
064593,鈺齊永豐9C購01  ,0,0,0,0,0,0,0,0,0,20000,0,0,0,286000,266000,20000,20000
06438P,玉晶光國票99售02,0,0,0,0,0,0,0,0,0,20000,0,0,0,20000,0,20000,20000
064457,禾伸堂統一01購02,0,0,0,0,0,0,0,0,0,20000,0,0,0,20000,0,20000,20000
06477P,緯穎國票99售02  ,0,0,0,0,0,0,0,0,0,20000,0,0,0,20000,0,20000,20000
064810,嘉晶元大01購01  ,0,0,0,0,0,0,0,0,0,20000,0,0,0,20000,0,20000,20000
065804,大立光群益01購04,0,0,0,0,0,0,0,0,0,20000,0,0,0,21000,1000,20000,20000
065805,京鼎群益01購01  ,0,0,0,0,0,0,0,0,0,20000,0,0,0,20000,0,20000,20000
065760,和碩元大9C購02  ,0,0,0,0,0,0,0,0,0,20000,0,0,0,107000,87000,20000,20000
065938,文曄群益01購01  ,0,0,0,0,0,0,0,0,0,20000,0,0,0,20000,0,20000,20000
065922,鴻海麥證01購01  ,0,0,0,20000,0,20000,0,0,0,20000,0,0,0,20000,0,20000,20000
06615P,鴻海元大9C售02  ,0,0,0,0,0,0,0,0,0,20000,0,0,0,20000,0,20000,20000
066167,強茂凱基01購01  ,0,0,0,0,0,0,0,0,0,20000,0,0,0,90000,70000,20000,20000
066205,京鼎統一03購01  ,0,0,0,0,0,0,0,0,0,20000,0,0,0,25000,5000,20000,20000
066244,臺指反元大04購01,0,0,0,0,0,0,0,0,0,20000,0,0,0,20000,0,20000,20000
066224,眾達國泰03購01  ,0,0,0,0,0,0,0,0,0,20000,0,0,0,25000,5000,20000,20000
066392,聯強凱基01購01  ,0,0,0,0,0,0,0,0,0,20000,0,0,0,73000,53000,20000,20000
066455,聯發科統一01購10,0,0,0,0,0,0,0,0,0,20000,0,0,0,20000,0,20000,20000
066634,泰碩凱基02購02  ,0,0,0,0,0,0,0,0,0,20000,0,0,0,20000,0,20000,20000
066964,T50反1元富07購04,0,0,0,0,0,0,0,0,0,20000,0,0,0,20000,0,20000,20000
8482,商億-KY         ,26000,6000,20000,0,0,0,0,0,0,0,0,0,0,0,0,0,20000
4725,信昌化          ,30000,10000,20000,0,0,0,0,0,0,0,0,0,0,0,0,0,20000
3607,谷崧            ,43000,23000,20000,0,0,0,0,0,0,0,0,0,0,0,0,0,20000
08707P,台灣50台新01售05,0,0,0,0,0,0,0,0,0,20000,0,0,0,220000,200000,20000,20000
08760P,瑞昱元大01售02  ,0,0,0,0,0,0,0,0,0,20000,0,0,0,187000,167000,20000,20000
08930P,嘉晶元富07售04  ,0,0,0,0,0,0,0,0,0,20000,0,0,0,20000,0,20000,20000
08980P,華通凱基01售03  ,0,0,0,0,0,0,0,0,0,20000,0,0,0,20000,0,20000,20000
006208,富邦台50        ,49100,49000,100,0,0,0,0,0,0,19000,0,0,0,451000,432000,19000,19100
067068,台積電元大01購21,0,0,0,0,0,0,0,0,0,19000,0,0,0,100000,81000,19000,19000
067365,美利達群益01購03,0,0,0,0,0,0,0,0,0,19000,0,0,0,70000,51000,19000,19000
067500,台表科元大01購03,0,0,0,0,0,0,0,0,0,19000,0,0,0,26000,7000,19000,19000
068021,泰鼎國票02購01  ,0,0,0,0,0,0,0,0,0,19000,0,0,0,19000,0,19000,19000
068055,鎧勝統一02購02  ,0,0,0,0,0,0,0,0,0,19000,0,0,0,20000,1000,19000,19000
067742,大立光元大01購16,0,0,0,0,0,0,0,0,0,19000,0,0,0,41000,22000,19000,19000
07898P,國巨國泰9C售02  ,0,0,0,0,0,0,0,0,0,19000,0,0,0,39000,20000,19000,19000
07867P,晶技元大9B售01  ,0,0,0,0,0,0,0,0,0,19000,0,0,0,19000,0,19000,19000
07474P,滬深2X群益9C售03,0,0,0,0,0,0,0,0,0,19000,0,0,0,19000,0,19000,19000
07088P,訊芯永豐99售02  ,0,0,0,0,0,0,0,0,0,19000,0,0,0,30000,11000,19000,19000
08436P,TPK群益9C售04   ,0,0,0,0,0,0,0,0,0,19000,0,0,0,19000,0,19000,19000
08429P,台達電凱基9C售01,0,0,0,0,0,0,0,0,0,19000,0,0,0,23000,4000,19000,19000
057664,台積電元大9A購03,0,0,0,0,0,0,0,0,0,19000,0,0,0,39000,20000,19000,19000
059113,群光永豐99購01  ,0,0,0,0,0,0,0,0,0,19000,0,0,0,60000,41000,19000,19000
061509,SP黃豆富邦9C購01,0,0,0,0,0,0,0,0,0,19000,0,0,0,42000,23000,19000,19000
061475,漢唐元大9A購01  ,0,0,0,0,0,0,0,0,0,19000,0,0,0,20000,1000,19000,19000
062005,旺宏國泰01購01  ,0,0,0,0,0,0,0,0,0,19000,0,0,0,19000,0,19000,19000
062223,大立光統一9C購04,0,0,0,0,0,0,0,0,0,19000,0,0,0,19000,0,19000,19000
063245,富邦金元大9B購03,0,0,0,0,0,0,0,0,0,19000,0,0,0,104000,85000,19000,19000
062744,超眾國泰9C購01  ,0,0,0,0,0,0,0,0,0,19000,0,0,0,108000,89000,19000,19000
06653P,美食元大98售02  ,0,0,0,0,0,0,0,0,0,19000,0,0,0,23000,4000,19000,19000
066543,大成鋼元大01購02,0,0,0,0,0,0,0,0,0,19000,0,0,0,100000,81000,19000,19000
066603,台達電富邦05購01,0,0,0,0,0,0,0,0,0,19000,0,0,0,23000,4000,19000,19000
065788,緯創永豐9C購02  ,0,0,0,0,0,0,0,0,0,19000,0,0,0,19000,0,19000,19000
064381,道瓊銀國泰02購01,0,0,0,0,0,0,0,0,0,19000,0,0,0,20000,1000,19000,19000
064354,同欣電元大9C購05,0,0,0,0,0,0,0,0,0,19000,0,0,0,30000,11000,19000,19000
064333,義隆元大9C購02  ,0,0,0,0,0,0,0,0,0,19000,0,0,0,20000,1000,19000,19000
065020,友達富邦01購02  ,0,0,0,0,0,0,0,0,0,19000,0,0,0,20000,1000,19000,19000
065296,國巨統一01購10  ,0,0,0,0,0,0,0,0,0,19000,0,0,0,51000,32000,19000,19000
08934P,鴻海元大01售18  ,0,0,0,0,0,0,0,0,0,19000,0,0,0,19000,0,19000,19000
3010,華立            ,48000,39000,9000,0,0,0,0,0,0,10000,10000,0,10000,0,0,0,19000
2444,兆勁            ,19000,0,19000,0,0,0,0,0,0,0,0,0,0,0,0,0,19000
4916,事欣科          ,48000,28000,20000,0,0,0,0,0,0,-1000,0,1000,-1000,0,0,0,19000
4148,全宇生技-KY     ,31000,12000,19000,0,0,0,0,0,0,0,0,0,0,0,0,0,19000
6525,捷敏-KY         ,20000,9000,11000,0,0,0,0,0,0,8000,8000,0,8000,0,0,0,19000
08566P,禾伸堂群益9C售01,0,0,0,0,0,0,0,0,0,18000,0,0,0,40000,22000,18000,18000
08597P,聯發科元大9C售18,0,10000,-10000,0,0,0,0,0,0,28000,0,0,0,346000,318000,28000,18000
08603P,電子類元大9C售02,0,0,0,0,0,0,0,0,0,18000,0,0,0,20000,2000,18000,18000
08090P,嘉澤統一9B售01  ,0,0,0,0,0,0,0,0,0,18000,0,0,0,33000,15000,18000,18000
08282P,南六群益9C售01  ,0,0,0,0,0,0,0,0,0,18000,0,0,0,21000,3000,18000,18000
06960P,國巨凱基99售08  ,0,0,0,0,0,0,0,0,0,18000,0,0,0,18000,0,18000,18000
068272,華新科永豐01購02,0,0,0,0,0,0,0,0,0,18000,0,0,0,18000,0,18000,18000
068316,台灣50元大01購34,0,0,0,0,0,0,0,0,0,18000,0,0,0,115000,97000,18000,18000
067838,玉晶光統一01購12,0,0,0,0,0,0,0,0,0,18000,0,0,0,18000,0,18000,18000
068032,大毅元富07購01  ,0,0,0,0,0,0,0,0,0,18000,0,0,0,18000,0,18000,18000
059742,富邦金元富99購01,0,0,0,0,0,0,0,0,0,18000,0,0,0,91000,73000,18000,18000
060050,鴻海凱基9B購01  ,0,0,0,0,0,0,0,0,0,18000,0,0,0,25000,7000,18000,18000
059990,健策元大9A購01  ,0,0,0,0,0,0,0,0,0,18000,0,0,0,48000,30000,18000,18000
058375,群創凱基9B購04  ,0,0,0,0,0,0,0,0,0,18000,0,0,0,52000,34000,18000,18000
03065P,台積電群益01售18,0,0,0,0,0,0,0,0,0,18000,0,0,0,78000,60000,18000,18000
056219,T50反1日盛02購01,0,0,0,0,0,0,0,0,0,18000,0,0,0,18000,0,18000,18000
055623,貿聯國泰99購01  ,0,0,0,0,0,0,0,0,0,18000,0,0,0,72000,54000,18000,18000
058028,國巨富邦99購04  ,0,0,0,0,0,0,0,0,0,18000,0,0,0,18000,0,18000,18000
058174,台積電凱基9A購05,0,0,0,0,0,0,0,0,0,18000,0,0,0,24000,6000,18000,18000
063332,矽格國票9B購01  ,0,0,0,0,0,0,0,0,0,18000,0,0,0,26000,8000,18000,18000
062383,大立光國泰01購01,0,0,0,0,0,0,0,0,0,18000,0,0,0,88000,70000,18000,18000
062046,矽格凱基9B購01  ,0,0,0,0,0,0,0,0,0,18000,0,0,0,30000,12000,18000,18000
061532,和大統一9C購02  ,0,0,0,0,0,0,0,0,0,18000,0,0,0,37000,19000,18000,18000
064343,健鼎元大9C購01  ,0,0,0,0,0,0,0,0,0,18000,0,0,0,34000,16000,18000,18000
064630,巨大元大9C購01  ,0,0,0,0,0,0,0,0,0,18000,0,0,0,18000,0,18000,18000
065746,光寶科元大9C購01,0,0,0,0,0,0,0,0,0,18000,0,0,0,39000,21000,18000,18000
066536,漢唐兆豐03購01  ,0,0,0,0,0,0,0,0,0,18000,0,0,0,54000,36000,18000,18000
066473,大成鋼麥證01購01,0,0,0,18000,0,18000,0,0,0,18000,0,0,0,18000,0,18000,18000
8478,東哥遊艇        ,18000,0,18000,0,0,0,0,0,0,0,0,0,0,0,0,0,18000
4912,聯德控股-KY     ,33000,15000,18000,0,0,0,0,0,0,0,0,0,0,0,0,0,18000
2722,夏都            ,33000,14000,19000,0,0,0,0,0,0,-1000,0,1000,-1000,0,0,0,18000
3312,弘憶股          ,33000,19000,14000,0,0,0,0,0,0,4000,5000,1000,4000,0,0,0,18000
06806P,臺股指群益98售12,0,0,0,0,0,0,0,0,0,17000,0,0,0,17000,0,17000,17000
067374,大立光統一01購08,0,0,0,0,0,0,0,0,0,17000,0,0,0,17000,0,17000,17000
067171,聯發科麥證01購08,0,0,0,157000,600000,-443000,0,0,0,17000,0,0,0,757000,740000,17000,17000
068269,南亞科永豐01購01,0,0,0,0,0,0,0,0,0,17000,0,0,0,17000,0,17000,17000
07421P,國泰金元大99售01,0,0,0,0,0,0,0,0,0,17000,0,0,0,17000,0,17000,17000
07222P,台灣50元大01售04,0,0,0,0,0,0,0,0,0,17000,0,0,0,82000,65000,17000,17000
08322P,國巨凱基9C售08  ,0,0,0,0,0,0,0,0,0,17000,0,0,0,17000,0,17000,17000
00706L,元大S&P日圓正2  ,0,0,0,0,0,0,0,0,0,17000,0,0,0,17000,0,17000,17000
059623,聯電凱基99購02  ,0,0,0,0,0,0,0,0,0,17000,0,0,0,27000,10000,17000,17000
059756,奇力新富邦9C購01,0,0,0,0,0,0,0,0,0,17000,0,0,0,17000,0,17000,17000
061683,台灣50群益9B購09,0,0,0,0,0,0,0,0,0,17000,0,0,0,21000,4000,17000,17000
064207,國巨凱基03購02  ,0,0,0,0,0,0,0,0,0,17000,0,0,0,61000,44000,17000,17000
062027,國泰金群益9B購01,0,0,0,0,0,0,0,0,0,17000,0,0,0,39000,22000,17000,17000
063173,矽格中信9B購01  ,0,0,0,0,0,0,0,0,0,17000,0,0,0,17000,0,17000,17000
062812,國巨兆豐9B購03  ,0,0,0,0,0,0,0,0,0,17000,0,0,0,20000,3000,17000,17000
066001,景碩國票02購01  ,0,0,0,0,0,0,0,0,0,17000,0,0,0,67000,50000,17000,17000
064626,聯茂元大9C購01  ,0,0,0,0,0,0,0,0,0,17000,0,0,0,219000,202000,17000,17000
064493,南亞科元大9C購01,0,0,0,0,0,0,0,0,0,17000,0,0,0,42000,25000,17000,17000
064409,彩晶凱基04購01  ,0,0,0,0,0,0,0,0,0,17000,0,0,0,31000,14000,17000,17000
064952,國泰金凱基9C購01,0,0,0,0,0,0,0,0,0,17000,0,0,0,78000,61000,17000,17000
065078,台積電元大02購01,0,0,0,0,0,0,0,0,0,17000,0,0,0,26000,9000,17000,17000
065113,南電國票01購02  ,0,0,0,0,0,0,0,0,0,17000,0,0,0,32000,15000,17000,17000
065456,義隆元富9C購03  ,0,0,0,0,0,0,0,0,0,17000,0,0,0,97000,80000,17000,17000
6668,中揚光          ,141000,113000,28000,0,0,0,0,0,0,-11000,2000,13000,-11000,0,0,0,17000
08935P,鴻海元大01售19  ,0,0,0,0,0,0,0,0,0,17000,0,0,0,17000,0,17000,17000
08943P,嘉晶國票03售01  ,0,0,0,0,0,0,0,0,0,17000,0,0,0,17000,0,17000,17000
1626,艾美特-KY       ,28000,11000,17000,0,0,0,0,0,0,0,0,0,0,0,0,0,17000
1721,三晃            ,43000,26000,17000,0,0,0,0,0,0,0,0,0,0,0,0,0,17000
2020,美亞            ,45000,35000,10000,0,0,0,0,0,0,7000,7000,0,7000,0,0,0,17000
1904,正隆            ,793000,288000,505000,0,0,0,0,0,0,-488000,31000,507000,-476000,0,12000,-12000,17000
1615,大山            ,23484,7000,16484,0,0,0,0,0,0,0,0,0,0,0,0,0,16484
08670P,健策統一01售01  ,0,0,0,0,0,0,0,0,0,16000,0,0,0,36000,20000,16000,16000
07284P,大立光凱基99售10,0,0,0,0,0,0,0,0,0,16000,0,0,0,16000,0,16000,16000
068321,國巨元大01購18  ,0,0,0,0,0,0,0,0,0,16000,0,0,0,50000,34000,16000,16000
06886P,旺宏元大99售07  ,0,0,0,0,0,0,0,0,0,16000,0,0,0,19000,3000,16000,16000
067259,聯茂國票02購01  ,0,0,0,0,0,0,0,0,0,16000,0,0,0,118000,102000,16000,16000
066969,可成元富07購01  ,0,0,0,0,0,0,0,0,0,16000,0,0,0,16000,0,16000,16000
06733P,鴻海凱基99售02  ,0,0,0,0,0,0,0,0,0,16000,0,0,0,16000,0,16000,16000
067672,聯發科元大01購21,0,0,0,0,0,0,0,0,0,16000,0,0,0,16000,0,16000,16000
060240,富邦金元大9A購01,0,0,0,0,0,0,0,0,0,16000,0,0,0,61000,45000,16000,16000
058714,美律統一9B購01  ,0,0,0,0,0,0,0,0,0,16000,0,0,0,42000,26000,16000,16000
063498,金像電永豐9B購02,0,0,0,0,0,0,0,0,0,16000,0,0,0,26000,10000,16000,16000
048383,元金2X國票99購01,0,0,0,0,0,0,0,0,0,16000,0,0,0,16000,0,16000,16000
03082P,鴻海元大01售21  ,0,0,0,0,0,0,0,0,0,16000,0,0,0,16000,0,16000,16000
03080P,台灣50元大01售32,0,0,0,0,0,0,0,0,0,16000,0,0,0,18000,2000,16000,16000
055382,台郡元大99購01  ,0,0,0,0,0,0,0,0,0,16000,0,0,0,16000,0,16000,16000
062405,泰鼎永豐9B購02  ,0,0,0,0,0,0,0,0,0,16000,0,0,0,35000,19000,16000,16000
06211P,鴻海元大98售04  ,0,0,0,0,0,0,0,0,0,16000,0,0,0,21000,5000,16000,16000
061617,微星群益9A購02  ,0,0,0,0,0,0,0,0,0,16000,0,0,0,25000,9000,16000,16000
060940,國巨國票9B購03  ,0,0,0,0,0,0,0,0,0,16000,0,0,0,47000,31000,16000,16000
060999,國巨兆豐9A購01  ,0,0,0,0,0,0,0,0,0,16000,0,0,0,34000,18000,16000,16000
061421,台積電元大9A購29,0,0,0,0,0,0,0,0,0,16000,0,0,0,79000,63000,16000,16000
065405,華新科富邦03購01,0,0,0,0,0,0,0,0,0,16000,0,0,0,16000,0,16000,16000
065112,台表科國票02購01,0,0,0,0,0,0,0,0,0,16000,0,0,0,19000,3000,16000,16000
065103,南六元大9C購06  ,0,0,0,0,0,0,0,0,0,16000,0,0,0,143000,127000,16000,16000
064989,鈺齊元大01購01  ,0,0,0,0,0,0,0,0,0,16000,0,0,0,30000,14000,16000,16000
064541,元黃金凱基01購02,0,0,0,0,0,0,0,0,0,16000,0,0,0,16000,0,16000,16000
066442,華碩群益01購01  ,0,0,0,0,0,0,0,0,0,16000,0,0,0,54000,38000,16000,16000
2305,全友            ,31000,15000,16000,0,0,0,0,0,0,0,0,0,0,0,0,0,16000
2358,廷鑫            ,18000,2000,16000,0,0,0,0,0,0,0,0,0,0,0,0,0,16000
8463,潤泰材          ,52000,36000,16000,0,0,0,0,0,0,0,0,0,0,0,0,0,16000
4572,駐龍            ,19000,3000,16000,0,0,0,0,0,0,0,0,0,0,0,0,0,16000
2911,麗嬰房          ,24000,8000,16000,0,0,0,0,0,0,0,0,0,0,0,0,0,16000
2468,華經            ,18000,5000,13000,0,0,0,0,0,0,3000,3000,0,3000,0,0,0,16000
2540,愛山林          ,19000,3000,16000,0,0,0,0,0,0,0,0,0,0,0,0,0,16000
067676,大立光元大01購12,0,0,0,0,0,0,0,0,0,15000,0,0,0,25000,10000,15000,15000
067601,金像電凱基01購04,0,0,0,0,0,0,0,0,0,15000,0,0,0,41000,26000,15000,15000
068082,南六凱基03購01  ,0,0,0,0,0,0,0,0,0,15000,0,0,0,59000,44000,15000,15000
067282,金像電國票02購02,0,0,0,0,0,0,0,0,0,15000,0,0,0,42000,27000,15000,15000
067402,茂林永豐01購01  ,0,0,0,0,0,0,0,0,0,15000,0,0,0,25000,10000,15000,15000
067411,矽格兆豐03購01  ,0,0,0,0,0,0,0,0,0,15000,0,0,0,35000,20000,15000,15000
067545,矽格群益01購02  ,0,0,0,0,0,0,0,0,0,15000,0,0,0,15000,0,15000,15000
067047,大立光凱基01購07,0,0,0,0,0,0,0,0,0,15000,0,0,0,15000,0,15000,15000
067251,長興國票01購01  ,0,0,0,0,0,0,0,0,0,15000,0,0,0,35000,20000,15000,15000
067128,華城永豐01購02  ,0,0,0,0,0,0,0,0,0,15000,0,0,0,113000,98000,15000,15000
07823P,國巨元大9A售23  ,0,0,0,0,0,0,0,0,0,15000,0,0,0,15000,0,15000,15000
07669P,華新科元大9A售14,0,0,0,0,0,0,0,0,0,15000,0,0,0,25000,10000,15000,15000
08458P,南電元大9C售04  ,0,0,0,0,0,0,0,0,0,15000,0,0,0,35000,20000,15000,15000
08191P,鴻海台新9B售03  ,0,0,0,0,0,0,0,0,0,15000,0,0,0,60000,45000,15000,15000
08128P,聯發科元大9B售22,0,0,0,0,0,0,0,0,0,15000,0,0,0,15000,0,15000,15000
055874,中環元富9A購01  ,0,0,0,0,0,0,0,0,0,15000,0,0,0,60000,45000,15000,15000
056214,義隆國票99購01  ,0,0,0,0,0,0,0,0,0,15000,0,0,0,30000,15000,15000,15000
055916,奇鋐凱基99購01  ,0,0,0,0,0,0,0,0,0,15000,0,0,0,50000,35000,15000,15000
056222,台積電凱基9A購01,0,0,0,0,0,0,0,0,0,15000,0,0,0,15000,0,15000,15000
058237,嘉晶元大99購04  ,0,0,0,0,0,0,0,0,0,15000,0,0,0,15000,0,15000,15000
054641,祥碩中信98購01  ,0,0,0,0,0,0,0,0,0,15000,0,0,0,15000,0,15000,15000
057272,台積電元大98購14,0,0,0,0,0,0,0,0,0,15000,0,0,0,15000,0,15000,15000
052766,玉晶光群益9A購01,0,0,0,0,0,0,0,0,0,15000,0,0,0,15000,0,15000,15000
0053,元大電子        ,0,0,0,0,0,0,0,0,0,15000,0,24000,-24000,46000,7000,39000,15000
063495,台光電富邦9C購01,0,0,0,0,0,0,0,0,0,15000,0,0,0,20000,5000,15000,15000
059563,鴻海凱基9A購14  ,0,0,0,0,0,0,0,0,0,15000,0,0,0,15000,0,15000,15000
059500,鴻海元富99購11  ,0,0,0,0,0,0,0,0,0,15000,0,0,0,15000,0,15000,15000
059533,富邦金凱基99購01,0,0,0,0,0,0,0,0,0,15000,0,0,0,85000,70000,15000,15000
058681,大立光康和9B購01,0,0,0,0,0,0,0,0,0,15000,0,0,0,15000,0,15000,15000
059819,台積電凱基99購17,0,0,0,0,0,0,0,0,0,15000,0,0,0,15000,0,15000,15000
060924,大毅永豐9A購03  ,0,0,0,0,0,0,0,0,0,15000,0,0,0,25000,10000,15000,15000
060807,新光金群益9A購01,0,0,0,0,0,0,0,0,0,15000,0,0,0,15000,0,15000,15000
061565,滬深2X元大9A購08,0,0,0,0,0,0,0,0,0,15000,0,0,0,22000,7000,15000,15000
064308,國巨群益9C購09  ,0,0,0,0,0,0,0,0,0,15000,0,0,0,18000,3000,15000,15000
064077,台積電中信06購03,0,0,0,0,0,0,0,0,0,15000,0,0,0,15000,0,15000,15000
063954,世芯元大01購02  ,0,0,0,0,0,0,0,0,0,15000,0,0,0,15000,0,15000,15000
062158,禾伸堂凱基9B購01,0,0,0,0,0,0,0,0,0,15000,0,0,0,15000,0,15000,15000
062371,健策元大9B購08  ,0,0,0,0,0,0,0,0,0,15000,0,0,0,38000,23000,15000,15000
061850,國巨國票9C購02  ,0,0,0,0,0,0,0,0,0,15000,0,0,0,23000,8000,15000,15000
06344P,臺股指統一99售03,0,0,0,0,0,0,0,0,0,15000,0,0,0,15000,0,15000,15000
062798,台光電統一9B購01,0,0,0,0,0,0,0,0,0,15000,0,0,0,20000,5000,15000,15000
062732,南六凱基9B購03  ,0,0,0,0,0,0,0,0,0,15000,0,0,0,30000,15000,15000,15000
063187,全新凱基9B購02  ,0,0,0,0,0,0,0,0,0,15000,0,0,0,16000,1000,15000,15000
063323,同欣電群益9B購03,0,0,0,0,0,0,0,0,0,15000,0,0,0,15000,0,15000,15000
060713,聯詠永豐9A購01  ,0,0,0,0,0,0,0,0,0,15000,0,0,0,15000,0,15000,15000
066477,鴻海元富07購01  ,0,0,0,0,0,0,0,0,0,15000,0,0,0,15000,0,15000,15000
066867,A50正2元富01購02,0,0,0,0,0,0,0,0,0,15000,0,0,0,20000,5000,15000,15000
06685P,鴻海國泰9A售01  ,0,0,0,0,0,0,0,0,0,15000,0,0,0,120000,105000,15000,15000
065928,創意國票02購01  ,0,0,0,0,0,0,0,0,0,15000,0,0,0,20000,5000,15000,15000
065892,聯發科統一02購04,0,0,0,0,0,0,0,0,0,15000,0,0,0,35000,20000,15000,15000
065948,燿華統一01購02  ,0,0,0,0,0,0,0,0,0,15000,0,0,0,15000,0,15000,15000
066191,惠特凱基01購02  ,0,0,0,0,0,0,0,0,0,15000,0,0,0,20000,5000,15000,15000
064594,奇力新統一01購05,0,0,0,0,0,0,0,0,0,15000,0,0,0,15000,0,15000,15000
064969,達新元大9C購01  ,0,0,0,0,0,0,0,0,0,15000,0,0,0,15000,0,15000,15000
065380,緯穎元大9C購02  ,0,0,0,0,0,0,0,0,0,15000,0,0,0,15000,0,15000,15000
065491,華新科國泰02購01,0,0,0,0,0,0,0,0,0,15000,0,0,0,15000,0,15000,15000
2497,怡利電          ,15000,0,15000,0,0,0,0,0,0,0,0,0,0,0,0,0,15000
2459,敦吉            ,25000,3000,22000,0,0,0,0,0,0,-7000,8000,15000,-7000,0,0,0,15000
8374,羅昇            ,26000,11000,15000,0,0,0,0,0,0,0,0,0,0,0,0,0,15000
08747P,國巨元富07售06  ,0,0,0,0,0,0,0,0,0,15000,0,0,0,20000,5000,15000,15000
07941P,國巨凱基9B售07  ,0,0,0,0,0,0,0,0,0,14000,0,0,0,14000,0,14000,14000
067089,瑞祺元大01購04  ,0,0,0,0,0,0,0,0,0,14000,0,0,0,68000,54000,14000,14000
067555,旺宏國票02購01  ,0,0,0,0,0,0,0,0,0,14000,0,0,0,14000,0,14000,14000
067373,聯發科統一03購04,0,0,0,0,0,0,0,0,0,14000,0,0,0,148000,134000,14000,14000
067342,新日興凱基01購02,0,0,0,0,0,0,0,0,0,14000,0,0,0,34000,20000,14000,14000
058752,鈺齊凱基9A購01  ,0,0,0,0,0,0,0,0,0,14000,0,0,0,37000,23000,14000,14000
059689,南亞科永豐99購02,0,0,0,0,0,0,0,0,0,14000,0,0,0,14000,0,14000,14000
0054,元大台商50      ,0,0,0,0,0,0,0,0,0,14000,0,0,0,14000,0,14000,14000
020000,富邦特選蘋果N   ,0,0,0,0,0,0,0,0,0,14000,0,0,0,15000,1000,14000,14000
039212,台達電台新9A購01,0,0,0,0,0,0,0,0,0,14000,0,0,0,15000,1000,14000,14000
057009,信邦中信99購01  ,0,0,0,0,0,0,0,0,0,14000,0,0,0,40000,26000,14000,14000
057446,旺宏元富02購01  ,0,0,0,0,0,0,0,0,0,14000,0,0,0,14000,0,14000,14000
054935,華通元大98購03  ,0,0,0,0,0,0,0,0,0,14000,0,0,0,28000,14000,14000,14000
058229,為升元大99購02  ,0,0,0,0,0,0,0,0,0,14000,0,0,0,14000,0,14000,14000
062928,富邦金台新9B購02,0,0,0,0,0,0,0,0,0,14000,0,0,0,107000,93000,14000,14000
061263,微星凱基9A購01  ,0,0,0,0,0,0,0,0,0,14000,0,0,0,16000,2000,14000,14000
061253,臺股指群益9A購04,0,0,0,0,0,0,0,0,0,14000,0,0,0,15000,1000,14000,14000
062377,力成元大9B購01  ,0,0,0,0,0,0,0,0,0,14000,0,0,0,59000,45000,14000,14000
062234,廣達凱基9B購01  ,0,0,0,0,0,0,0,0,0,14000,0,0,0,35000,21000,14000,14000
063913,貿聯凱基02購01  ,0,0,0,0,0,0,0,0,0,14000,0,0,0,14000,0,14000,14000
064021,國巨元大9C購15  ,0,0,0,0,0,0,0,0,0,14000,0,0,0,15000,1000,14000,14000
061507,南電國票9A購05  ,0,0,0,0,0,0,0,0,0,14000,0,0,0,27000,13000,14000,14000
060888,金像電統一9C購01,0,0,0,0,0,0,0,0,0,14000,0,0,0,30000,16000,14000,14000
065373,聯發科元大01購03,0,0,0,0,0,0,0,0,0,14000,0,0,0,19000,5000,14000,14000
064869,景碩永豐9C購01  ,0,0,0,0,0,0,0,0,0,14000,0,0,0,14000,0,14000,14000
064743,聯詠國票01購01  ,0,0,0,0,0,0,0,0,0,14000,0,0,0,30000,16000,14000,14000
06679P,旺宏元大98售09  ,0,0,0,0,0,0,0,0,0,14000,0,0,0,48000,34000,14000,14000
066399,聯鈞凱基01購02  ,0,0,0,0,0,0,0,0,0,14000,0,0,0,14000,0,14000,14000
08811P,鴻海群益01售08  ,0,0,0,0,0,0,0,0,0,14000,0,0,0,28000,14000,14000,14000
08931P,晶技元富07售02  ,0,0,0,0,0,0,0,0,0,14000,0,0,0,14000,0,14000,14000
1109,信大            ,23000,9000,14000,0,0,0,0,0,0,0,0,0,0,0,0,0,14000
1203,味王            ,14000,0,14000,0,0,0,0,0,0,0,0,0,0,0,0,0,14000
2038,海光            ,31000,17000,14000,0,0,0,0,0,0,0,0,0,0,0,0,0,14000
1737,臺鹽            ,15000,1000,14000,0,0,0,0,0,0,0,0,0,0,0,0,0,14000
1463,強盛            ,17000,3000,14000,0,0,0,0,0,0,0,0,0,0,0,0,0,14000
5285,界霖            ,40000,13000,27000,0,0,0,0,0,0,-13000,0,13000,-13000,0,0,0,14000
067287,瀚宇博國票02購01,0,0,0,0,0,0,0,0,0,13000,0,0,0,13000,0,13000,13000
067382,康控統一03購02  ,0,0,0,0,0,0,0,0,0,13000,0,0,0,25000,12000,13000,13000
068108,台積電台新01購05,0,0,0,0,0,0,0,0,0,13000,0,0,0,13000,0,13000,13000
067606,京鼎凱基01購04  ,0,0,0,0,0,0,0,0,0,13000,0,0,0,30000,17000,13000,13000
067807,京元電凱基01購02,0,0,0,0,0,0,0,0,0,13000,0,0,0,23000,10000,13000,13000
08076P,國巨群益9C售05  ,0,0,0,0,0,0,0,0,0,13000,0,0,0,13000,0,13000,13000
08170P,緯穎群益9B售03  ,0,0,0,0,0,0,0,0,0,13000,0,0,0,22000,9000,13000,13000
08442P,臺股指麥證01售01,0,0,0,14000,1000,13000,0,0,0,13000,0,0,0,14000,1000,13000,13000
057404,貿聯群益99購01  ,0,0,0,0,0,0,0,0,0,13000,0,0,0,13000,0,13000,13000
053739,A50正2國票9A購01,0,0,0,0,0,0,0,0,0,13000,0,0,0,13000,0,13000,13000
006203,元大MSCI台灣    ,0,0,0,0,0,0,0,0,0,13000,0,0,0,23000,10000,13000,13000
00688L,國泰20年美債正2 ,2000,0,2000,0,0,0,0,0,0,11000,0,0,0,113000,102000,11000,13000
061839,華新科凱基05購04,0,0,0,0,0,0,0,0,0,13000,0,0,0,13000,0,13000,13000
060252,緯穎元大9A購02  ,0,0,0,0,0,0,0,0,0,13000,0,0,0,44000,31000,13000,13000
060297,和碩元大9A購02  ,0,0,0,0,0,0,0,0,0,13000,0,0,0,13000,0,13000,13000
061395,健策統一9C購02  ,0,0,0,0,0,0,0,0,0,13000,0,0,0,13000,0,13000,13000
061546,大立光群益9A購05,0,0,0,0,0,0,0,0,0,13000,0,0,0,13000,0,13000,13000
06178P,大立光第一99售01,0,0,0,0,0,0,0,0,0,13000,0,0,0,13000,0,13000,13000
064042,國巨統一9C購12  ,0,0,0,0,0,0,0,0,0,13000,0,0,0,57000,44000,13000,13000
064249,聯發科元富06購01,0,0,0,0,0,0,0,0,0,13000,0,0,0,35000,22000,13000,13000
062012,燿華富邦9C購01  ,0,0,0,0,0,0,0,0,0,13000,0,0,0,89000,76000,13000,13000
062836,同欣電群益9B購02,0,0,0,0,0,0,0,0,0,13000,0,0,0,25000,12000,13000,13000
066599,鴻海國泰03購02  ,0,0,0,0,0,0,0,0,0,13000,0,0,0,15000,2000,13000,13000
066763,創意永豐01購02  ,0,0,0,0,0,0,0,0,0,13000,0,0,0,14000,1000,13000,13000
066712,台灣50元大01購20,0,0,0,0,0,0,0,0,0,13000,0,0,0,32000,19000,13000,13000
066861,致新國票02購01  ,0,0,0,0,0,0,0,0,0,13000,0,0,0,13000,0,13000,13000
065732,健策凱基9C購04  ,0,0,0,0,0,0,0,0,0,13000,0,0,0,166000,153000,13000,13000
064677,金像電兆豐9C購01,0,0,0,0,0,0,0,0,0,13000,0,0,0,98000,85000,13000,13000
064404,奇力新凱基02購01,0,0,0,0,0,0,0,0,0,13000,0,0,0,63000,50000,13000,13000
065101,力成元大9C購05  ,0,0,0,0,0,0,0,0,0,13000,0,0,0,66000,53000,13000,13000
5305,敦南            ,12000,11000,1000,0,0,0,0,0,0,12000,13000,1000,12000,0,0,0,13000
2429,銘旺科          ,14000,1000,13000,0,0,0,0,0,0,0,0,0,0,0,0,0,13000
2482,連宇            ,18000,5000,13000,0,0,0,0,0,0,0,0,0,0,0,0,0,13000
2904,匯僑            ,11000,0,11000,0,0,0,0,0,0,2000,2000,0,2000,0,0,0,13000
3356,奇偶            ,47000,34000,13000,0,0,0,0,0,0,0,0,0,0,0,0,0,13000
1312,國喬            ,1019000,731000,288000,0,0,0,0,0,0,-275000,0,32000,-32000,14000,257000,-243000,13000
2009,第一銅          ,36000,23000,13000,0,0,0,0,0,0,0,0,0,0,0,0,0,13000
08766P,臺股指中信03售03,0,0,0,0,0,0,0,0,0,13000,0,0,0,18000,5000,13000,13000
08491P,全新元大9C售01  ,0,0,0,0,0,0,0,0,0,12000,0,0,0,29000,17000,12000,12000
08674P,嘉晶元富07售02  ,0,0,0,0,0,0,0,0,0,12000,0,0,0,12000,0,12000,12000
08687P,南六永豐01售02  ,0,0,0,0,0,0,0,0,0,12000,0,0,0,12000,0,12000,12000
07957P,晶技群益9B售02  ,0,0,0,0,0,0,0,0,0,12000,0,0,0,38000,26000,12000,12000
07128P,大毅元大99售04  ,0,0,0,0,0,0,0,0,0,12000,0,0,0,12000,0,12000,12000
07609P,台灣50國票9C售04,0,0,0,0,0,0,0,0,0,12000,0,0,0,12000,0,12000,12000
067680,聯詠元大01購08  ,0,0,0,0,0,0,0,0,0,12000,0,0,0,46000,34000,12000,12000
068102,晶豪科永豐01購01,0,0,0,0,0,0,0,0,0,12000,0,0,0,12000,0,12000,12000
068150,英業達元大01購02,0,0,0,0,0,0,0,0,0,12000,0,0,0,12000,0,12000,12000
067103,聯發科群益01購04,0,0,0,0,0,0,0,0,0,12000,0,0,0,12000,0,12000,12000
067180,為升凱基02購01  ,0,0,0,0,0,0,0,0,0,12000,0,0,0,133000,121000,12000,12000
058897,國巨元大99購17  ,0,0,0,0,0,0,0,0,0,12000,0,0,0,12000,0,12000,12000
058875,台表科國票9A購02,0,0,0,0,0,0,0,0,0,12000,0,0,0,14000,2000,12000,12000
059868,台光電凱基99購03,0,0,0,0,0,0,0,0,0,12000,0,0,0,20000,8000,12000,12000
059251,大立光凱基9A購04,0,0,0,0,0,0,0,0,0,12000,0,0,0,12000,0,12000,12000
059501,可成元富99購01  ,0,0,0,0,0,0,0,0,0,12000,0,0,0,12000,0,12000,12000
058389,聯茂國票9A購01  ,0,0,0,0,0,0,0,0,0,12000,0,0,0,41000,29000,12000,12000
053559,台積電國泰98購01,0,0,0,0,0,0,0,0,0,12000,0,0,0,200000,188000,12000,12000
052755,滬深2X群益9A購01,0,0,0,0,0,0,0,0,0,12000,0,0,0,12000,0,12000,12000
055975,鴻海統一98購05  ,0,0,0,0,0,0,0,0,0,12000,0,0,0,110000,98000,12000,12000
056955,台灣50永豐98購01,0,0,0,0,0,0,0,0,0,12000,0,0,0,12000,0,12000,12000
058012,鈺齊國票99購01  ,0,0,0,0,0,0,0,0,0,12000,0,0,0,17000,5000,12000,12000
057977,台光電永豐98購02,0,0,0,0,0,0,0,0,0,12000,0,0,0,12000,0,12000,12000
062998,泰碩國票01購01  ,0,0,0,0,0,0,0,0,0,12000,0,0,0,12000,0,12000,12000
063246,嘉晶元大9C購01  ,0,0,0,0,0,0,0,0,0,12000,0,0,0,12000,0,12000,12000
063176,南亞科兆豐9B購01,0,0,0,0,0,0,0,0,0,12000,0,0,0,12000,0,12000,12000
062486,瑞昱富邦9B購01  ,0,0,0,0,0,0,0,0,0,12000,0,0,0,12000,0,12000,12000
063045,國巨兆豐9C購02  ,0,0,0,0,0,0,0,0,0,12000,0,0,0,15000,3000,12000,12000
063363,鴻海富邦9B購02  ,0,0,0,0,0,0,0,0,0,12000,0,0,0,12000,0,12000,12000
060672,鴻海元大9A購14  ,0,0,0,0,0,0,0,0,0,12000,0,0,0,20000,8000,12000,12000
06136P,華新科國泰99售02,0,0,0,0,0,0,0,0,0,12000,0,0,0,12000,0,12000,12000
061482,健策元大9C購01  ,0,0,0,0,0,0,0,0,0,12000,0,0,0,30000,18000,12000,12000
060510,大立光元大9A購03,0,0,0,0,0,0,0,0,0,12000,0,0,0,12000,0,12000,12000
061001,智邦兆豐9B購01  ,0,0,0,0,0,0,0,0,0,12000,0,0,0,12000,0,12000,12000
06527P,T50正2富邦9C售01,0,0,0,0,0,0,0,0,0,12000,0,0,0,14000,2000,12000,12000
065419,立積國票01購03  ,0,0,0,0,0,0,0,0,0,12000,0,0,0,30000,18000,12000,12000
064601,嘉晶元富9C購03  ,0,0,0,0,0,0,0,0,0,12000,0,0,0,12000,0,12000,12000
064500,國泰金元大9C購01,0,0,0,0,0,0,0,0,0,12000,0,0,0,153000,141000,12000,12000
065963,鴻海元大01購05  ,0,0,0,0,0,0,0,0,0,12000,0,0,0,14000,2000,12000,12000
066318,友訊永豐01購01  ,0,0,0,0,0,0,0,0,0,12000,0,0,0,22000,10000,12000,12000
066823,國巨群益02購02  ,0,0,0,0,0,0,0,0,0,12000,0,0,0,82000,70000,12000,12000
066625,瑞昱凱基02購01  ,0,0,0,0,0,0,0,0,0,12000,0,0,0,93000,81000,12000,12000
066463,鎧勝統一02購01  ,0,0,0,0,0,0,0,0,0,12000,0,0,0,251000,239000,12000,12000
08767P,台灣50凱基01售17,0,0,0,0,0,0,0,0,0,12000,0,0,0,12000,0,12000,12000
5007,三星            ,17000,5000,12000,0,0,0,0,0,0,0,0,0,0,0,0,0,12000
6573,虹揚-KY         ,16000,3000,13000,0,0,0,0,0,0,-1000,0,1000,-1000,0,0,0,12000
6443,元晶            ,0,13000,-13000,0,0,0,0,0,0,25000,25000,0,25000,0,0,0,12000
9930,中聯資源        ,17000,5000,12000,0,0,0,0,0,0,0,0,0,0,0,0,0,12000
067003,聯發科永豐01購02,0,0,0,0,0,0,0,0,0,11000,0,0,0,11000,0,11000,11000
067024,旺宏兆豐03購01  ,0,0,0,0,0,0,0,0,0,11000,0,0,0,12000,1000,11000,11000
067025,禾伸堂兆豐03購01,0,0,0,0,0,0,0,0,0,11000,0,0,0,11000,0,11000,11000
067472,台積電元大03購01,0,0,0,0,0,0,0,0,0,11000,0,0,0,78000,67000,11000,11000
067458,台積電永豐01購02,0,0,0,0,0,0,0,0,0,11000,0,0,0,951000,940000,11000,11000
068117,欣興元富07購02  ,0,0,0,0,0,0,0,0,0,11000,0,0,0,251000,240000,11000,11000
067886,台積電群益02購03,0,0,0,0,0,0,0,0,0,11000,0,0,0,107000,96000,11000,11000
06956P,國巨日盛99售04  ,0,0,0,0,0,0,0,0,0,11000,0,0,0,166000,155000,11000,11000
08105P,景碩元大9B售01  ,0,0,0,0,0,0,0,0,0,11000,0,0,0,11000,0,11000,11000
08582P,臺股指元大9C售30,0,0,0,0,0,0,0,0,0,11000,0,0,0,21000,10000,11000,11000
08578P,TPK元大9C售04   ,0,0,0,0,0,0,0,0,0,11000,0,0,0,22000,11000,11000,11000
08457P,大毅元大9C售03  ,0,0,0,0,0,0,0,0,0,11000,0,0,0,91000,80000,11000,11000
056943,華通統一99購01  ,0,0,0,0,0,0,0,0,0,11000,0,0,0,140000,129000,11000,11000
056557,世紀鋼凱基98購02,0,0,0,0,0,0,0,0,0,11000,0,0,0,11000,0,11000,11000
056720,世紀鋼永豐98購01,0,0,0,0,0,0,0,0,0,11000,0,0,0,18000,7000,11000,11000
056605,台積電富邦9B購02,0,0,0,0,0,0,0,0,0,11000,0,0,0,11000,0,11000,11000
046937,聯電元大99購01  ,0,0,0,0,0,0,0,0,0,11000,0,0,0,11000,0,11000,11000
00733,富邦臺灣中小    ,0,0,0,0,0,0,0,0,0,11000,0,0,0,214000,203000,11000,11000
03087P,聯發科元大01售24,0,0,0,0,0,0,0,0,0,11000,0,0,0,148000,137000,11000,11000
059975,元金2X元大99購02,0,0,0,0,0,0,0,0,0,11000,0,0,0,11000,0,11000,11000
058540,嘉聯益國泰9A購02,0,0,0,0,0,0,0,0,0,11000,0,0,0,11000,0,11000,11000
060265,宏達電國票9A購02,0,0,0,0,0,0,0,0,0,11000,0,0,0,11000,0,11000,11000
058771,神達兆豐99購01  ,0,0,0,0,0,0,0,0,0,11000,0,0,0,20000,9000,11000,11000
058773,和碩兆豐99購01  ,0,0,0,0,0,0,0,0,0,11000,0,0,0,11000,0,11000,11000
062538,台積電國泰9C購02,0,0,0,0,0,0,0,0,0,11000,0,0,0,11000,0,11000,11000
064013,創意國票01購01  ,0,0,0,0,0,0,0,0,0,11000,0,0,0,23000,12000,11000,11000
064113,新日興國票01購01,0,0,0,0,0,0,0,0,0,11000,0,0,0,15000,4000,11000,11000
064105,南茂群益9C購01  ,0,0,0,0,0,0,0,0,0,11000,0,0,0,15000,4000,11000,11000
064147,瑞昱統一01購04  ,0,0,0,0,0,0,0,0,0,11000,0,0,0,11000,0,11000,11000
063480,南六元大9C購01  ,0,0,0,0,0,0,0,0,0,11000,0,0,0,135000,124000,11000,11000
060714,晶技永豐9A購02  ,0,0,0,0,0,0,0,0,0,11000,0,0,0,11000,0,11000,11000
062923,緯穎元大9B購06  ,0,0,0,0,0,0,0,0,0,11000,0,0,0,40000,29000,11000,11000
066614,貿聯麥證01購01  ,0,0,0,21000,10000,11000,0,0,0,11000,0,0,0,21000,10000,11000,11000
065781,創意富邦01購01  ,0,0,0,0,0,0,0,0,0,11000,0,0,0,32000,21000,11000,11000
064587,泰碩永豐9C購01  ,0,0,0,0,0,0,0,0,0,11000,0,0,0,11000,0,11000,11000
064816,訊芯元大9C購01  ,0,0,0,0,0,0,0,0,0,11000,0,0,0,133000,122000,11000,11000
065661,智原永豐9C購01  ,0,0,0,0,0,0,0,0,0,11000,0,0,0,100000,89000,11000,11000
08994P,台灣50群益01售11,0,0,0,0,0,0,0,0,0,11000,0,0,0,141000,130000,11000,11000
08936P,鴻海元大01售20  ,0,0,0,0,0,0,0,0,0,11000,0,0,0,11000,0,11000,11000
2029,盛餘            ,17000,1000,16000,0,0,0,0,0,0,-5000,0,5000,-5000,0,0,0,11000
08455P,台積電凱基9C售05,0,0,0,0,0,0,0,0,0,10000,0,0,0,10000,0,10000,10000
08359P,緯創元大9C售02  ,0,0,0,0,0,0,0,0,0,10000,0,0,0,10000,0,10000,10000
08581P,臺股指元大9C售29,0,0,0,0,0,0,0,0,0,10000,0,0,0,30000,20000,10000,10000
08587P,聯發科中信01售05,0,0,0,0,0,0,0,0,0,10000,0,0,0,10000,0,10000,10000
08684P,禾伸堂凱基01售01,0,0,0,0,0,0,0,0,0,10000,0,0,0,10000,0,10000,10000
08627P,臺股指群益9C售22,0,0,0,0,0,0,0,0,0,10000,0,0,0,10000,0,10000,10000
08636P,華通國票01售03  ,0,0,0,0,0,0,0,0,0,10000,0,0,0,11000,1000,10000,10000
08612P,嘉晶凱基9C售03  ,0,0,0,0,0,0,0,0,0,10000,0,0,0,10000,0,10000,10000
08065P,瑞昱凱基9B售03  ,0,0,0,0,0,0,0,0,0,10000,0,0,0,10000,0,10000,10000
08009P,華擎統一9B售02  ,0,0,0,0,0,0,0,0,0,10000,0,0,0,10000,0,10000,10000
07975P,國巨元大9B售15  ,0,0,0,0,0,0,0,0,0,10000,0,0,0,50000,40000,10000,10000
08168P,金像電群益9B售03,0,0,0,0,0,0,0,0,0,10000,0,0,0,10000,0,10000,10000
08253P,鴻海元大9C售06  ,0,0,0,0,0,0,0,0,0,10000,0,0,0,10000,0,10000,10000
06970P,旺宏元大99售08  ,0,0,0,0,0,0,0,0,0,10000,0,0,0,30000,20000,10000,10000
06945P,國巨群益99售04  ,0,0,0,0,0,0,0,0,0,10000,0,0,0,10000,0,10000,10000
07076P,鴻海凱基9A售08  ,0,0,0,0,0,0,0,0,0,10000,0,0,0,26000,16000,10000,10000
07427P,台積電國票9B售02,0,0,0,0,0,0,0,0,0,10000,0,0,0,10000,0,10000,10000
07163P,臺股指群益99售14,0,0,0,0,0,0,0,0,0,10000,0,0,0,10000,0,10000,10000
07206P,鴻海凱基9A售11  ,0,0,0,0,0,0,0,0,0,10000,0,0,0,10000,0,10000,10000
07245P,台積電凱基99售16,0,0,0,0,0,0,0,0,0,10000,0,0,0,10000,0,10000,10000
07255P,國巨凱基99售15  ,0,0,0,0,0,0,0,0,0,10000,0,0,0,10000,0,10000,10000
07318P,鴻海凱基01售02  ,0,0,0,0,0,0,0,0,0,10000,0,0,0,10000,0,10000,10000
07340P,鴻海凱基99售15  ,0,0,0,0,0,0,0,0,0,10000,0,0,0,10000,0,10000,10000
07743P,智邦凱基9A售03  ,0,0,0,0,0,0,0,0,0,10000,0,0,0,20000,10000,10000,10000
07775P,國巨群益9A售10  ,0,0,0,0,0,0,0,0,0,10000,0,0,0,10000,0,10000,10000
07785P,鴻海中信04售03  ,0,0,0,0,0,0,0,0,0,10000,0,0,0,10000,0,10000,10000
07824P,國巨元大9A售24  ,0,0,0,0,0,0,0,0,0,10000,0,0,0,10000,0,10000,10000
07882P,台灣50凱基01售12,0,0,0,0,0,0,0,0,0,10000,0,0,0,10000,0,10000,10000
07891P,臺股指國票9B售01,0,0,0,0,0,0,0,0,0,10000,0,0,0,10000,0,10000,10000
06783P,亞光元大98售03  ,0,0,0,0,0,0,0,0,0,10000,0,0,0,10000,0,10000,10000
067731,SP黃豆元大01購01,0,0,0,0,0,0,0,0,0,10000,0,0,0,10000,0,10000,10000
068067,台積電凱基01購17,0,0,0,0,0,0,0,0,0,10000,0,0,0,40000,30000,10000,10000
068148,台積電元大02購07,0,0,0,0,0,0,0,0,0,10000,0,0,0,10000,0,10000,10000
068138,道瓊銀元大01購03,0,0,0,0,0,0,0,0,0,10000,0,0,0,11000,1000,10000,10000
068176,滬深2X群益01購10,0,0,0,0,0,0,0,0,0,10000,0,0,0,10000,0,10000,10000
068015,臺指反國票01購02,0,0,0,0,0,0,0,0,0,10000,0,0,0,10000,0,10000,10000
067937,玉晶光凱基02購04,0,0,0,0,0,0,0,0,0,10000,0,0,0,225000,215000,10000,10000
067466,元金2X元大03購01,0,0,0,0,0,0,0,0,0,10000,0,0,0,25000,15000,10000,10000
06746P,聯發科群益99售02,0,0,0,0,0,0,0,0,0,10000,0,0,0,10000,0,10000,10000
067504,鴻海統一01購07  ,0,0,0,0,0,0,0,0,0,10000,0,0,0,20000,10000,10000,10000
067517,台積電台新01購04,0,0,0,0,0,0,0,0,0,10000,0,0,0,10000,0,10000,10000
067518,大立光台新01購03,0,0,0,0,0,0,0,0,0,10000,0,0,0,10000,0,10000,10000
06752P,訊芯凱基98售05  ,0,0,0,0,0,0,0,0,0,10000,0,0,0,10000,0,10000,10000
06732P,台灣50日盛9A售01,0,0,0,0,0,0,0,0,0,10000,0,0,0,150000,140000,10000,10000
067020,臺指反中信03購02,0,0,0,0,0,0,0,0,0,10000,0,0,0,10000,0,10000,10000
067093,台灣50群益01購08,0,0,0,0,0,0,0,0,0,10000,0,0,0,46000,36000,10000,10000
067059,A50正2元大01購01,0,0,0,0,0,0,0,0,0,10000,0,0,0,10000,0,10000,10000
067190,智伸科凱基02購01,0,0,0,0,0,0,0,0,0,10000,0,0,0,30000,20000,10000,10000
067198,滬深2X元大04購01,0,0,0,0,0,0,0,0,0,10000,0,0,0,10000,0,10000,10000
067137,健策永豐01購03  ,0,0,0,0,0,0,0,0,0,10000,0,0,0,10000,0,10000,10000
06724P,台灣50國票98售01,0,0,0,0,0,0,0,0,0,10000,0,0,0,10000,0,10000,10000
058769,友達兆豐99購01  ,0,0,0,0,0,0,0,0,0,10000,0,0,0,35000,25000,10000,10000
058778,聯發科國票9A購01,0,0,0,0,0,0,0,0,0,10000,0,0,0,10000,0,10000,10000
058707,泰鼎元大99購02  ,0,0,0,0,0,0,0,0,0,10000,0,0,0,10000,0,10000,10000
060267,上緯控國票9C購01,0,0,0,0,0,0,0,0,0,10000,0,0,0,10000,0,10000,10000
060260,京鼎凱基9C購01  ,0,0,0,0,0,0,0,0,0,10000,0,0,0,10000,0,10000,10000
058623,國巨國票99購08  ,0,0,0,0,0,0,0,0,0,10000,0,0,0,10000,0,10000,10000
058530,為升元富99購01  ,0,0,0,0,0,0,0,0,0,10000,0,0,0,10000,0,10000,10000
059053,鴻海凱基99購07  ,0,0,0,0,0,0,0,0,0,10000,0,0,0,10000,0,10000,10000
058517,景碩元大99購06  ,0,0,0,0,0,0,0,0,0,10000,0,0,0,24000,14000,10000,10000
058518,玉晶光元大99購13,0,0,0,0,0,0,0,0,0,10000,0,0,0,10000,0,10000,10000
059004,嘉晶元大99購05  ,0,0,0,0,0,0,0,0,0,10000,0,0,0,10000,0,10000,10000
059005,嘉晶元大99購06  ,0,0,0,0,0,0,0,0,0,10000,0,0,0,10000,0,10000,10000
058905,京鼎元大99購01  ,0,0,0,0,0,0,0,0,0,10000,0,0,0,10000,0,10000,10000
058937,仁寶中信99購01  ,0,0,0,0,0,0,0,0,0,10000,0,0,0,20000,10000,10000,10000
058882,晶相光永豐99購01,0,0,0,0,0,0,0,0,0,10000,0,0,0,10000,0,10000,10000
060165,上緯控永豐9A購01,0,0,0,0,0,0,0,0,0,10000,0,0,0,10000,0,10000,10000
060128,健策永豐99購06  ,0,0,0,0,0,0,0,0,0,10000,0,0,0,11000,1000,10000,10000
059843,華新科富邦9B購03,0,0,0,0,0,0,0,0,0,10000,0,0,0,10000,0,10000,10000
059849,興勤永豐99購01  ,0,0,0,0,0,0,0,0,0,10000,0,0,0,10000,0,10000,10000
059850,日電貿永豐99購01,0,0,0,0,0,0,0,0,0,10000,0,0,0,10000,0,10000,10000
060316,福懋科永豐9A購01,0,0,0,0,0,0,0,0,0,10000,0,0,0,10000,0,10000,10000
059345,禾伸堂凱基99購03,0,0,0,0,0,0,0,0,0,10000,0,0,0,10000,0,10000,10000
058373,晶技凱基99購02  ,0,0,0,0,0,0,0,0,0,10000,0,0,0,10000,0,10000,10000
058374,玉晶光凱基9A購03,0,0,0,0,0,0,0,0,0,10000,0,0,0,12000,2000,10000,10000
059223,大立光元大99購14,0,0,0,0,0,0,0,0,0,10000,0,0,0,10000,0,10000,10000
059274,國巨元大99購22  ,0,0,0,0,0,0,0,0,0,10000,0,0,0,10000,0,10000,10000
060335,明泰康和9A購01  ,0,0,0,0,0,0,0,0,0,10000,0,0,0,10000,0,10000,10000
059678,鴻海國泰9A購03  ,0,0,0,0,0,0,0,0,0,10000,0,0,0,10000,0,10000,10000
059648,台表科凱基99購03,0,0,0,0,0,0,0,0,0,10000,0,0,0,10000,0,10000,10000
059640,聯詠凱基99購04  ,0,0,0,0,0,0,0,0,0,10000,0,0,0,10000,0,10000,10000
059641,群創凱基99購06  ,0,0,0,0,0,0,0,0,0,10000,0,0,0,10000,0,10000,10000
059566,台積電凱基9A購11,0,0,0,0,0,0,0,0,0,10000,0,0,0,10000,0,10000,10000
059543,可成亞東99購02  ,0,0,0,0,0,0,0,0,0,10000,0,0,0,10000,0,10000,10000
059570,全新凱基99購04  ,0,0,0,0,0,0,0,0,0,10000,0,0,0,10000,0,10000,10000
059594,奇力新元大9B購01,0,0,0,0,0,0,0,0,0,10000,0,0,0,10000,0,10000,10000
059327,南茂元大99購01  ,0,0,0,0,0,0,0,0,0,10000,0,0,0,10000,0,10000,10000
059340,鴻海凱基9A購12  ,0,0,0,0,0,0,0,0,0,10000,0,0,0,10000,0,10000,10000
059534,國泰金凱基99購01,0,0,0,0,0,0,0,0,0,10000,0,0,0,20000,10000,10000,10000
059535,玉山金凱基99購01,0,0,0,0,0,0,0,0,0,10000,0,0,0,41000,31000,10000,10000
063492,台積電富邦02購02,0,0,0,0,0,0,0,0,0,10000,0,0,0,10000,0,10000,10000
060386,台勝科凱基9B購01,0,0,0,0,0,0,0,0,0,10000,0,0,0,10000,0,10000,10000
063721,道瓊銀元大9B購03,0,0,0,0,0,0,0,0,0,10000,0,0,0,20000,10000,10000,10000
03425B,臺股指元大9A熊01,0,0,0,0,0,0,0,0,0,10000,0,0,0,20000,10000,10000,10000
057603,樺漢群益98購02  ,0,0,0,0,0,0,0,0,0,10000,0,0,0,10000,0,10000,10000
057558,致新凱基98購01  ,0,0,0,0,0,0,0,0,0,10000,0,0,0,10000,0,10000,10000
057535,泰鼎元大99購01  ,0,0,0,0,0,0,0,0,0,10000,0,0,0,10000,0,10000,10000
057222,鴻海國票99購04  ,0,0,0,0,0,0,0,0,0,10000,0,0,0,10000,0,10000,10000
057080,華新科統一99購02,0,0,0,0,0,0,0,0,0,10000,0,0,0,10000,0,10000,10000
057093,臻鼎元富98購02  ,0,0,0,0,0,0,0,0,0,10000,0,0,0,10000,0,10000,10000
049591,開發金元大98購01,0,0,0,0,0,0,0,0,0,10000,0,0,0,10000,0,10000,10000
052299,T50反1台新05購03,0,0,0,0,0,0,0,0,0,10000,0,0,0,10000,0,10000,10000
03014P,玉晶光永豐01售05,0,0,0,0,0,0,0,0,0,10000,0,0,0,10000,0,10000,10000
03012P,臺股指富邦01售02,0,0,0,0,0,0,0,0,0,10000,0,0,0,10000,0,10000,10000
056850,彩晶元富99購01  ,0,0,0,0,0,0,0,0,0,10000,0,0,0,10000,0,10000,10000
056573,華新科元大99購06,0,0,0,0,0,0,0,0,0,10000,0,0,0,10000,0,10000,10000
056450,可成凱基98購05  ,0,0,0,0,0,0,0,0,0,10000,0,0,0,10000,0,10000,10000
056279,新日興富邦99購01,0,0,0,0,0,0,0,0,0,10000,0,0,0,10000,0,10000,10000
055892,國巨統一99購01  ,0,0,0,0,0,0,0,0,0,10000,0,0,0,20000,10000,10000,10000
055689,台郡凱基99購01  ,0,0,0,0,0,0,0,0,0,10000,0,0,0,25000,15000,10000,10000
055507,樺漢元大98購02  ,0,0,0,0,0,0,0,0,0,10000,0,0,0,10000,0,10000,10000
057394,台積電中信9C購02,0,0,0,0,0,0,0,0,0,10000,0,0,0,10000,0,10000,10000
054161,友訊凱基98購01  ,0,0,0,0,0,0,0,0,0,10000,0,0,0,20000,10000,10000,10000
055327,致新國票98購01  ,0,0,0,0,0,0,0,0,0,10000,0,0,0,10000,0,10000,10000
054309,禾伸堂凱基98購01,0,0,0,0,0,0,0,0,0,10000,0,0,0,10000,0,10000,10000
054269,台光電亞東98購01,0,0,0,0,0,0,0,0,0,10000,0,0,0,10000,0,10000,10000
056995,華新科日盛99購01,0,0,0,0,0,0,0,0,0,10000,0,0,0,10000,0,10000,10000
054533,泰碩國泰98購01  ,0,0,0,0,0,0,0,0,0,10000,0,0,0,10000,0,10000,10000
054546,玉晶光中信9B購01,10000,0,10000,0,0,0,0,0,0,0,0,0,0,0,0,0,10000
054806,台化元大9A購01  ,0,0,0,0,0,0,0,0,0,10000,0,0,0,10000,0,10000,10000
058240,景碩元大99購04  ,0,0,0,0,0,0,0,0,0,10000,0,0,0,10000,0,10000,10000
057982,帆宣永豐98購01  ,0,0,0,0,0,0,0,0,0,10000,0,0,0,10000,0,10000,10000
058008,禾伸堂國票99購02,0,0,0,0,0,0,0,0,0,10000,0,0,0,10000,0,10000,10000
058035,旭富永豐98購02  ,0,0,0,0,0,0,0,0,0,10000,0,0,0,10000,0,10000,10000
058074,欣興凱基99購01  ,0,0,0,0,0,0,0,0,0,10000,0,0,0,10000,0,10000,10000
058040,FBVIX元大98購01 ,0,0,0,0,0,0,0,0,0,10000,0,0,0,10000,0,10000,10000
057888,貿聯群益98購02  ,0,0,0,0,0,0,0,0,0,10000,0,0,0,10000,0,10000,10000
057931,正崴群益98購02  ,0,0,0,0,0,0,0,0,0,10000,0,0,0,10000,0,10000,10000
062800,奇力新統一01購02,0,0,0,0,0,0,0,0,0,10000,0,0,0,15000,5000,10000,10000
062894,道瓊銀元大9B購02,0,0,0,0,0,0,0,0,0,10000,0,0,0,10000,0,10000,10000
062739,嘉晶國票9B購02  ,0,0,0,0,0,0,0,0,0,10000,0,0,0,10000,0,10000,10000
062758,國巨凱基9B購09  ,0,0,0,0,0,0,0,0,0,10000,0,0,0,10000,0,10000,10000
062696,國巨元大9B購16  ,0,0,0,0,0,0,0,0,0,10000,0,0,0,11000,1000,10000,10000
062645,國巨國泰9B購08  ,0,0,0,0,0,0,0,0,0,10000,0,0,0,125000,115000,10000,10000
061904,台灣50中信9B購01,0,0,0,0,0,0,0,0,0,10000,0,0,0,10000,0,10000,10000
061888,元金2X富邦9C購01,0,0,0,0,0,0,0,0,0,10000,0,0,0,10000,0,10000,10000
06078P,臺股指凱基9A售01,0,0,0,0,0,0,0,0,0,10000,0,0,0,10000,0,10000,10000
063337,國巨統一02購02  ,0,0,0,0,0,0,0,0,0,10000,0,0,0,23000,13000,10000,10000
063357,聯發科國泰01購04,0,0,0,0,0,0,0,0,0,10000,0,0,0,10000,0,10000,10000
063256,鴻海國泰01購02  ,0,0,0,0,0,0,0,0,0,10000,0,0,0,10000,0,10000,10000
063189,臻鼎凱基9B購01  ,0,0,0,0,0,0,0,0,0,10000,0,0,0,20000,10000,10000,10000
063034,致茂凱基9B購01  ,0,0,0,0,0,0,0,0,0,10000,0,0,0,10000,0,10000,10000
063081,技嘉凱基9B購02  ,0,0,0,0,0,0,0,0,0,10000,0,0,0,19000,9000,10000,10000
063413,台積電麥證01購01,0,0,0,12000,0,12000,0,0,0,10000,0,0,0,12000,2000,10000,10000
063425,台勝科凱基9B購02,0,0,0,0,0,0,0,0,0,10000,0,0,0,10000,0,10000,10000
063800,玉晶光凱基9C購02,0,0,0,0,0,0,0,0,0,10000,0,0,0,21000,11000,10000,10000
06376P,上銀統一99售01  ,0,0,0,0,0,0,0,0,0,10000,0,0,0,60000,50000,10000,10000
063100,聚陽群益9C購02  ,0,0,0,0,0,0,0,0,0,10000,0,0,0,30000,20000,10000,10000
062235,億光凱基9B購01  ,0,0,0,0,0,0,0,0,0,10000,0,0,0,104000,94000,10000,10000
062214,金寶統一01購01  ,0,0,0,0,0,0,0,0,0,10000,0,0,0,10000,0,10000,10000
062314,玉晶光凱基9B購06,0,0,0,0,0,0,0,0,0,10000,0,0,0,32000,22000,10000,10000
062111,台勝科國票9B購01,0,0,0,0,0,0,0,0,0,10000,0,0,0,10000,0,10000,10000
062090,南電元大9B購02  ,0,0,0,0,0,0,0,0,0,10000,0,0,0,10000,0,10000,10000
062083,健策元大9C購03  ,0,0,0,0,0,0,0,0,0,10000,0,0,0,23000,13000,10000,10000
062378,台表科元大9C購01,0,0,0,0,0,0,0,0,0,10000,0,0,0,28000,18000,10000,10000
062373,泰鼎元大9B購01  ,0,0,0,0,0,0,0,0,0,10000,0,0,0,11000,1000,10000,10000
062364,瑞昱元大9B購04  ,0,0,0,0,0,0,0,0,0,10000,0,0,0,17000,7000,10000,10000
062335,茂林統一01購01  ,0,0,0,0,0,0,0,0,0,10000,0,0,0,10000,0,10000,10000
062413,台光電中信9B購02,0,0,0,0,0,0,0,0,0,10000,0,0,0,82000,72000,10000,10000
062403,健策永豐9B購06  ,0,0,0,0,0,0,0,0,0,10000,0,0,0,10000,0,10000,10000
062418,台積電統一01購06,0,0,0,0,0,0,0,0,0,10000,0,0,0,10000,0,10000,10000
061215,健策元大9A購06  ,0,0,0,0,0,0,0,0,0,10000,0,0,0,30000,20000,10000,10000
064186,燿華永豐9C購01  ,0,0,0,0,0,0,0,0,0,10000,0,0,0,22000,12000,10000,10000
064011,嘉晶國票9C購01  ,0,0,0,0,0,0,0,0,0,10000,0,0,0,10000,0,10000,10000
064053,祥碩統一02購01  ,0,0,0,0,0,0,0,0,0,10000,0,0,0,10000,0,10000,10000
064305,健鼎兆豐9C購02  ,0,0,0,0,0,0,0,0,0,10000,0,0,0,20000,10000,10000,10000
062559,嘉晶凱基9B購02  ,0,0,0,0,0,0,0,0,0,10000,0,0,0,10000,0,10000,10000
062601,富邦金台新9B購01,0,0,0,0,0,0,0,0,0,10000,0,0,0,10000,0,10000,10000
063868,嘉晶永豐9C購01  ,0,0,0,0,0,0,0,0,0,10000,0,0,0,10000,0,10000,10000
063891,國巨群益9C購07  ,0,0,0,0,0,0,0,0,0,10000,0,0,0,28000,18000,10000,10000
063900,GIS群益9C購03   ,0,0,0,0,0,0,0,0,0,10000,0,0,0,10000,0,10000,10000
063908,國巨凱基9C購06  ,0,0,0,0,0,0,0,0,0,10000,0,0,0,14000,4000,10000,10000
063924,致新元富9C購01  ,0,0,0,0,0,0,0,0,0,10000,0,0,0,112000,102000,10000,10000
064005,義隆凱基01購01  ,0,0,0,0,0,0,0,0,0,10000,0,0,0,31000,21000,10000,10000
063979,健鼎兆豐9C購01  ,0,0,0,0,0,0,0,0,0,10000,0,0,0,20000,10000,10000,10000
061298,華新科富邦01購02,0,0,0,0,0,0,0,0,0,10000,0,0,0,10000,0,10000,10000
061307,和潤永豐9A購02  ,0,0,0,0,0,0,0,0,0,10000,0,0,0,10000,0,10000,10000
061316,台積電凱基9A購24,0,0,0,0,0,0,0,0,0,10000,0,0,0,14000,4000,10000,10000
060661,台積電凱基9A購18,0,0,0,0,0,0,0,0,0,10000,0,0,0,10000,0,10000,10000
060664,聯詠凱基9A購01  ,0,0,0,0,0,0,0,0,0,10000,0,0,0,10000,0,10000,10000
061976,國巨元大9B購01  ,0,0,0,0,0,0,0,0,0,10000,0,0,0,89000,79000,10000,10000
062534,力成統一01購01  ,0,0,0,0,0,0,0,0,0,10000,0,0,0,10000,0,10000,10000
061955,FANG+統一9B購01 ,0,0,0,0,0,0,0,0,0,10000,0,0,0,10000,0,10000,10000
060995,泰鼎元大9A購03  ,0,0,0,0,0,0,0,0,0,10000,0,0,0,10000,0,10000,10000
060964,日月光凱基9A購01,0,0,0,0,0,0,0,0,0,10000,0,0,0,57000,47000,10000,10000
060966,台表科凱基9B購01,0,0,0,0,0,0,0,0,0,10000,0,0,0,10000,0,10000,10000
060961,台光電凱基9A購03,0,0,0,0,0,0,0,0,0,10000,0,0,0,20000,10000,10000,10000
061026,南電富邦9B購01  ,0,0,0,0,0,0,0,0,0,10000,0,0,0,10000,0,10000,10000
061042,致新永豐9A購02  ,0,0,0,0,0,0,0,0,0,10000,0,0,0,10000,0,10000,10000
061066,嘉晶凱基9B購01  ,0,0,0,0,0,0,0,0,0,10000,0,0,0,11000,1000,10000,10000
061405,亞德客國票9B購01,0,0,0,0,0,0,0,0,0,10000,0,0,0,10000,0,10000,10000
061474,瑞昱元大9A購04  ,0,0,0,0,0,0,0,0,0,10000,0,0,0,16000,6000,10000,10000
061547,禾伸堂群益9A購01,0,0,0,0,0,0,0,0,0,10000,0,0,0,10000,0,10000,10000
061592,義隆永豐9A購03  ,0,0,0,0,0,0,0,0,0,10000,0,0,0,10000,0,10000,10000
060616,宏碁元大9A購02  ,0,0,0,0,0,0,0,0,0,10000,0,0,0,10000,0,10000,10000
060608,玉晶光凱基9A購08,0,0,0,0,0,0,0,0,0,10000,0,0,0,10000,0,10000,10000
060598,鴻海凱基9A購20  ,0,0,0,0,0,0,0,0,0,10000,0,0,0,10000,0,10000,10000
060600,台積電凱基9C購01,0,0,0,0,0,0,0,0,0,10000,0,0,0,14000,4000,10000,10000
065658,聯發科富邦03購03,0,0,0,0,0,0,0,0,0,10000,0,0,0,158000,148000,10000,10000
065618,電子類元大9C購01,0,0,0,0,0,0,0,0,0,10000,0,0,0,10000,0,10000,10000
065434,台勝科凱基01購01,0,0,0,0,0,0,0,0,0,10000,0,0,0,10000,0,10000,10000
065435,臻鼎凱基02購01  ,0,0,0,0,0,0,0,0,0,10000,0,0,0,50000,40000,10000,10000
065384,南電元大9C購07  ,0,0,0,0,0,0,0,0,0,10000,0,0,0,10000,0,10000,10000
065533,台光電統一02購03,0,0,0,0,0,0,0,0,0,10000,0,0,0,60000,50000,10000,10000
065526,台表科群益9C購03,0,0,0,0,0,0,0,0,0,10000,0,0,0,10000,0,10000,10000
065282,國巨群益9C購14  ,0,0,0,0,0,0,0,0,0,10000,0,0,0,10000,0,10000,10000
065266,創意元大9C購05  ,0,0,0,0,0,0,0,0,0,10000,0,0,0,10000,0,10000,10000
065259,燿華元大9C購05  ,0,0,0,0,0,0,0,0,0,10000,0,0,0,128000,118000,10000,10000
065286,瑞昱群益9C購03  ,0,0,0,0,0,0,0,0,0,10000,0,0,0,10000,0,10000,10000
065329,億豐凱基9C購02  ,0,0,0,0,0,0,0,0,0,10000,0,0,0,59000,49000,10000,10000
064773,FBVIX群益9C購05 ,0,0,0,0,0,0,0,0,0,10000,0,0,0,10000,0,10000,10000
064764,聯茂凱基01購01  ,0,0,0,0,0,0,0,0,0,10000,0,0,0,26000,16000,10000,10000
064687,國巨群益9C購10  ,0,0,0,0,0,0,0,0,0,10000,0,0,0,30000,20000,10000,10000
064906,台表科群益9C購02,0,0,0,0,0,0,0,0,0,10000,0,0,0,61000,51000,10000,10000
064883,GIS兆豐01購01   ,0,0,0,0,0,0,0,0,0,10000,0,0,0,10000,0,10000,10000
064991,友達兆豐9C購01  ,0,0,0,0,0,0,0,0,0,10000,0,0,0,10000,0,10000,10000
065004,瑞昱國票01購02  ,0,0,0,0,0,0,0,0,0,10000,0,0,0,10000,0,10000,10000
064475,台積電國泰02購03,0,0,0,0,0,0,0,0,0,10000,0,0,0,10000,0,10000,10000
064374,旺宏元富9C購01  ,0,0,0,0,0,0,0,0,0,10000,0,0,0,10000,0,10000,10000
064371,矽格統一9C購02  ,0,0,0,0,0,0,0,0,0,10000,0,0,0,10000,0,10000,10000
065795,康友永豐9C購02  ,0,0,0,0,0,0,0,0,0,10000,0,0,0,10000,0,10000,10000
065933,鴻海群益01購06  ,0,0,0,0,0,0,0,0,0,10000,0,0,0,142000,132000,10000,10000
066175,聯鈞凱基01購01  ,0,0,0,0,0,0,0,0,0,10000,0,0,0,10000,0,10000,10000
066101,微星國票02購01  ,0,0,0,0,0,0,0,0,0,10000,0,0,0,10000,0,10000,10000
066447,智伸科群益01購02,0,0,0,0,0,0,0,0,0,10000,0,0,0,26000,16000,10000,10000
066422,嘉晶元大02購01  ,0,0,0,0,0,0,0,0,0,10000,0,0,0,32000,22000,10000,10000
066408,致新凱基01購02  ,0,0,0,0,0,0,0,0,0,10000,0,0,0,10000,0,10000,10000
066800,晶豪科凱基02購01,0,0,0,0,0,0,0,0,0,10000,0,0,0,20000,10000,10000,10000
066808,牧德凱基01購01  ,0,0,0,0,0,0,0,0,0,10000,0,0,0,10000,0,10000,10000
066777,群創富邦01購01  ,0,0,0,0,0,0,0,0,0,10000,0,0,0,10000,0,10000,10000
066693,T50反1群益02購03,0,0,0,0,0,0,0,0,0,10000,0,0,0,10000,0,10000,10000
066882,A50正2永豐01購01,0,0,0,0,0,0,0,0,0,10000,0,0,0,10000,0,10000,10000
066918,台積電麥證01購05,0,0,0,10000,10000,0,0,0,0,10000,0,0,0,20000,10000,10000,10000
1338,廣華-KY         ,103000,93000,10000,0,0,0,0,0,0,0,0,0,0,0,0,0,10000
1423,利華            ,19000,9000,10000,0,0,0,0,0,0,0,0,0,0,0,0,0,10000
1452,宏益            ,16000,5000,11000,0,0,0,0,0,0,-1000,0,1000,-1000,0,0,0,10000
1708,東鹼            ,69000,11000,58000,0,0,0,0,0,0,-48000,0,48000,-48000,0,0,0,10000
1603,華電            ,19000,9000,10000,0,0,0,0,0,0,0,0,0,0,0,0,0,10000
08919P,臺股指凱基01售10,0,0,0,0,0,0,0,0,0,10000,0,0,0,50000,40000,10000,10000
1219,福壽            ,35000,25000,10000,0,0,0,0,0,0,0,0,0,0,0,0,0,10000
08784P,上証2X元富01售01,0,0,0,0,0,0,0,0,0,10000,0,0,0,20000,10000,10000,10000
08841P,A50正2中信03售02,0,0,0,0,0,0,0,0,0,10000,0,0,0,10000,0,10000,10000
3229,晟鈦            ,10000,0,10000,0,0,0,0,0,0,0,0,0,0,0,0,0,10000
3501,維熹            ,49000,46000,3000,0,0,0,0,0,0,7000,7000,0,7000,0,0,0,10000
2433,互盛電          ,22000,5000,17000,0,0,0,0,0,0,-7000,10000,17000,-7000,0,0,0,10000
2727,王品            ,71000,61000,10000,0,0,0,0,0,0,0,0,0,0,0,0,0,10000
2748,雲品            ,34000,24000,10000,0,0,0,0,0,0,0,0,0,0,0,0,0,10000
067114,京鼎群益02購04  ,0,0,0,0,0,0,0,0,0,9000,0,0,0,110000,101000,9000,9000
067331,友訊凱基01購02  ,0,0,0,0,0,0,0,0,0,9000,0,0,0,50000,41000,9000,9000
08053P,臺股指國票9B售18,0,0,0,0,0,0,0,0,0,9000,0,0,0,9000,0,9000,9000
08410P,臺股指元大9C售16,0,0,0,0,0,0,0,0,0,9000,0,0,0,29000,20000,9000,9000
058116,正崴中信99購02  ,0,0,0,0,0,0,0,0,0,9000,0,0,0,20000,11000,9000,9000
054103,T50反1凱基99購04,0,0,0,0,0,0,0,0,0,9000,0,0,0,9000,0,9000,9000
055812,台積電國票99購02,0,0,0,0,0,0,0,0,0,9000,0,0,0,10000,1000,9000,9000
056742,玉晶光凱基9A購01,0,0,0,0,0,0,0,0,0,9000,0,0,0,10000,1000,9000,9000
053827,漢唐麥證9A購01  ,0,0,0,40000,31000,9000,0,0,0,9000,0,0,0,40000,31000,9000,9000
057580,玉山金中信9A購01,0,0,0,0,0,0,0,0,0,9000,0,0,0,57000,48000,9000,9000
063730,台積電元大9B購09,0,0,0,0,0,0,0,0,0,9000,0,0,0,12000,3000,9000,9000
059571,奇力新凱基99購06,0,0,0,0,0,0,0,0,0,9000,0,0,0,10000,1000,9000,9000
059435,大立光元大99購17,0,0,0,0,0,0,0,0,0,9000,0,0,0,9000,0,9000,9000
058402,欣興元大99購04  ,0,0,0,0,0,0,0,0,0,9000,0,0,0,10000,1000,9000,9000
061458,臻鼎凱基9A購02  ,0,0,0,0,0,0,0,0,0,9000,0,0,0,20000,11000,9000,9000
060953,富邦金群益9A購01,0,0,0,0,0,0,0,0,0,9000,0,0,0,64000,55000,9000,9000
061303,玉晶光永豐9B購03,0,0,0,0,0,0,0,0,0,9000,0,0,0,27000,18000,9000,9000
061296,台積電國泰9C購01,0,0,0,0,0,0,0,0,0,9000,0,0,0,9000,0,9000,9000
063994,台光電群益9C購01,0,0,0,0,0,0,0,0,0,9000,0,0,0,12000,3000,9000,9000
063091,聯電中信9B購01  ,0,0,0,0,0,0,0,0,0,9000,0,0,0,15000,6000,9000,9000
062038,鴻海凱基9B購05  ,0,0,0,0,0,0,0,0,0,9000,0,0,0,14000,5000,9000,9000
061998,緯穎元大9B購03  ,0,0,0,0,0,0,0,0,0,9000,0,0,0,9000,0,9000,9000
063385,可成中信9C購01  ,0,0,0,0,0,0,0,0,0,9000,0,0,0,9000,0,9000,9000
063260,信邦富邦9B購01  ,0,0,0,0,0,0,0,0,0,9000,0,0,0,9000,0,9000,9000
063300,華通凱基9B購05  ,0,0,0,0,0,0,0,0,0,9000,0,0,0,10000,1000,9000,9000
062936,鴻海凱基9B購07  ,0,0,0,0,0,0,0,0,0,9000,0,0,0,12000,3000,9000,9000
063001,巨大國票9B購01  ,0,0,0,0,0,0,0,0,0,9000,0,0,0,9000,0,9000,9000
066692,T50反1群益01購04,0,0,0,0,0,0,0,0,0,9000,0,0,0,10000,1000,9000,9000
066612,台積電麥證01購04,0,0,0,31000,404000,-373000,0,0,0,9000,0,0,0,434000,425000,9000,9000
066594,聯詠群益01購01  ,0,0,0,0,0,0,0,0,0,9000,0,0,0,101000,92000,9000,9000
065988,晶技永豐01購01  ,0,0,0,0,0,0,0,0,0,9000,0,0,0,14000,5000,9000,9000
065737,南茂凱基9C購02  ,0,0,0,0,0,0,0,0,0,9000,0,0,0,48000,39000,9000,9000
064834,大立光統一02購05,0,0,0,0,0,0,0,0,0,9000,0,0,0,9000,0,9000,9000
065334,立積國票01購02  ,0,0,0,0,0,0,0,0,0,9000,0,0,0,10000,1000,9000,9000
065161,矽格群益9C購01  ,0,0,0,0,0,0,0,0,0,9000,0,0,0,21000,12000,9000,9000
065056,臺股指凱基9C購20,0,0,0,0,0,0,0,0,0,9000,0,0,0,242000,233000,9000,9000
2466,冠西電          ,9000,0,9000,0,0,0,0,0,0,0,0,0,0,0,0,0,9000
6172,互億            ,9000,0,9000,0,0,0,0,0,0,0,0,0,0,0,0,0,9000
6205,詮欣            ,42000,38000,4000,0,0,0,0,0,0,5000,5000,0,5000,0,0,0,9000
4737,華廣            ,15000,6000,9000,0,0,0,0,0,0,0,0,0,0,0,0,0,9000
08839P,臺股指麥證01售06,0,0,0,10000,1000,9000,0,0,0,9000,0,0,0,10000,1000,9000,9000
08719P,華通元大01售04  ,0,0,0,0,0,0,0,0,0,9000,0,0,0,9000,0,9000,9000
1533,車王電          ,10000,1000,9000,0,0,0,0,0,0,0,0,0,0,0,0,0,9000
1608,華榮            ,61000,52000,9000,0,0,0,0,0,0,0,0,0,0,0,0,0,9000
1232,大統益          ,16000,7470,8530,0,0,0,0,0,0,0,0,0,0,0,0,0,8530
08517P,奇力新群益9C售03,0,0,0,0,0,0,0,0,0,8000,0,0,0,85000,77000,8000,8000
08092P,仁寶元富9B售02  ,0,0,0,0,0,0,0,0,0,8000,0,0,0,120000,112000,8000,8000
08269P,臺股指元大9C售07,0,0,0,0,0,0,0,0,0,8000,0,0,0,8000,0,8000,8000
08271P,華通元富9C售01  ,0,0,0,0,0,0,0,0,0,8000,0,0,0,51000,43000,8000,8000
07078P,鴻海群益99售02  ,0,0,0,0,0,0,0,0,0,8000,0,0,0,8000,0,8000,8000
07086P,力成元富9C售01  ,0,0,0,0,0,0,0,0,0,8000,0,0,0,98000,90000,8000,8000
068241,力山元大01購02  ,0,0,0,0,0,0,0,0,0,8000,0,0,0,65000,57000,8000,8000
068362,南電凱基01購06  ,0,0,0,0,0,0,0,0,0,8000,0,0,0,8000,0,8000,8000
067371,聯發科統一02購08,0,0,0,0,0,0,0,0,0,8000,0,0,0,24000,16000,8000,8000
067258,盛群國票01購01  ,0,0,0,0,0,0,0,0,0,8000,0,0,0,20000,12000,8000,8000
068068,瑞昱凱基01購03  ,0,0,0,0,0,0,0,0,0,8000,0,0,0,10000,2000,8000,8000
068122,彩晶元富03購01  ,0,0,0,0,0,0,0,0,0,8000,0,0,0,26000,18000,8000,8000
057671,群創元大9B購06  ,0,0,0,0,0,0,0,0,0,8000,0,0,0,24000,16000,8000,8000
057320,玉晶光凱基98購01,0,0,0,0,0,0,0,0,0,8000,0,0,0,12000,4000,8000,8000
057455,景碩國泰99購01  ,0,0,0,0,0,0,0,0,0,8000,0,0,0,11000,3000,8000,8000
03072P,台積電國泰03售04,0,0,0,0,0,0,0,0,0,8000,0,0,0,1572000,1564000,8000,8000
03027P,玉晶光元大01售09,0,0,0,0,0,0,0,0,0,8000,0,0,0,70000,62000,8000,8000
053282,彩晶元大9C購01  ,0,0,0,0,0,0,0,0,0,8000,0,0,0,131000,123000,8000,8000
056657,華邦電元大99購01,0,0,0,0,0,0,0,0,0,8000,0,0,0,75000,67000,8000,8000
056669,貿聯國票99購01  ,0,0,0,0,0,0,0,0,0,8000,0,0,0,8000,0,8000,8000
056165,矽力凱基98購02  ,0,0,0,0,0,0,0,0,0,8000,0,0,0,15000,7000,8000,8000
055271,鴻海元大98購03  ,0,0,0,0,0,0,0,0,0,8000,0,0,0,8000,0,8000,8000
062916,智易元大9B購01  ,0,0,0,0,0,0,0,0,0,8000,0,0,0,18000,10000,8000,8000
062448,健策元大9C購04  ,0,0,0,0,0,0,0,0,0,8000,0,0,0,44000,36000,8000,8000
063814,嘉晶群益9C購01  ,0,0,0,0,0,0,0,0,0,8000,0,0,0,48000,40000,8000,8000
061927,玉晶光凱基9C購01,0,0,0,0,0,0,0,0,0,8000,0,0,0,18000,10000,8000,8000
065025,健策永豐9C購02  ,0,0,0,0,0,0,0,0,0,8000,0,0,0,15000,7000,8000,8000
065307,矽格元富9C購01  ,0,0,0,0,0,0,0,0,0,8000,0,0,0,72000,64000,8000,8000
065568,台積電群益01購04,0,0,0,0,0,0,0,0,0,8000,0,0,0,145000,137000,8000,8000
065717,創意中信9C購02  ,0,0,0,0,0,0,0,0,0,8000,0,0,0,210000,202000,8000,8000
064945,中橡凱基9C購01  ,0,0,0,0,0,0,0,0,0,8000,0,0,0,8000,0,8000,8000
064534,京元電國票01購01,0,0,0,0,0,0,0,0,0,8000,0,0,0,20000,12000,8000,8000
065881,京元電台新9C購01,0,0,0,0,0,0,0,0,0,8000,0,0,0,13000,5000,8000,8000
065827,正崴凱基9C購01  ,0,0,0,0,0,0,0,0,0,8000,0,0,0,8000,0,8000,8000
066102,國揚國票02購01  ,0,0,0,0,0,0,0,0,0,8000,0,0,0,88000,80000,8000,8000
066128,台積電群益02購01,0,0,0,0,0,0,0,0,0,8000,0,0,0,18000,10000,8000,8000
066193,致新凱基01購01  ,0,0,0,0,0,0,0,0,0,8000,0,0,0,8000,0,8000,8000
066263,華碩元大02購01  ,0,0,0,0,0,0,0,0,0,8000,0,0,0,112000,104000,8000,8000
066682,聯詠兆豐03購01  ,0,0,0,0,0,0,0,0,0,8000,0,0,0,8000,0,8000,8000
066687,國巨元富07購05  ,0,0,0,0,0,0,0,0,0,8000,0,0,0,70000,62000,8000,8000
066723,聯電元大02購01  ,0,0,0,0,0,0,0,0,0,8000,0,0,0,15000,7000,8000,8000
066814,健鼎兆豐01購01  ,0,0,0,0,0,0,0,0,0,8000,0,0,0,62000,54000,8000,8000
1446,宏和            ,14000,6000,8000,0,0,0,0,0,0,0,0,0,0,0,0,0,8000
2316,楠梓電          ,232000,237000,-5000,0,0,0,0,0,0,13000,24000,26000,-2000,30000,15000,15000,8000
4190,佐登-KY         ,17000,9000,8000,0,0,0,0,0,0,0,0,0,0,0,0,0,8000
6464,台數科          ,9000,3000,6000,0,0,0,0,0,0,2000,2000,0,2000,0,0,0,8000
2707,晶華            ,116000,60000,56000,0,0,0,0,50000,-50000,2000,2000,0,2000,0,0,0,8000
3050,鈺德            ,49000,40000,9000,0,0,0,0,0,0,-1000,0,1000,-1000,0,0,0,8000
067732,遠東新元大01購01,0,0,0,0,0,0,0,0,0,7000,0,0,0,21000,14000,7000,7000
067729,台灣50元大01購29,0,0,0,0,0,0,0,0,0,7000,0,0,0,16000,9000,7000,7000
067666,國巨元大02購03  ,0,0,0,0,0,0,0,0,0,7000,0,0,0,50000,43000,7000,7000
066990,啟碁群益01購01  ,0,0,0,0,0,0,0,0,0,7000,0,0,0,46000,39000,7000,7000
066972,滬深2X群益03購04,0,0,0,0,0,0,0,0,0,7000,0,0,0,7000,0,7000,7000
067420,國巨凱基02購03  ,0,0,0,0,0,0,0,0,0,7000,0,0,0,31000,24000,7000,7000
07634P,金像電元大9A售01,0,0,0,0,0,0,0,0,0,7000,0,0,0,136000,129000,7000,7000
07252P,台灣50凱基99售01,0,0,0,0,0,0,0,0,0,7000,0,0,0,7000,0,7000,7000
07415P,台積電元大99售52,0,0,0,0,0,0,0,0,0,7000,0,0,0,7000,0,7000,7000
08308P,聯發科凱基01售03,0,0,0,0,0,0,0,0,0,7000,0,0,0,10000,3000,7000,7000
07991P,鴻海群益9C售02  ,0,0,0,0,0,0,0,0,0,7000,0,0,0,18000,11000,7000,7000
08425P,世紀鋼元富9C售03,0,0,0,0,0,0,0,0,0,7000,0,0,0,76000,69000,7000,7000
056200,大毅永豐98購01  ,0,0,0,0,0,0,0,0,0,7000,0,0,0,7000,0,7000,7000
056763,國巨元大99購02  ,0,0,0,0,0,0,0,0,0,7000,0,0,0,10000,3000,7000,7000
056431,鴻海凱基98購07  ,0,0,0,0,0,0,0,0,0,7000,0,0,0,7000,0,7000,7000
058006,台郡群益98購04  ,0,0,0,0,0,0,0,0,0,7000,0,0,0,7000,0,7000,7000
057892,上証2X元富02購01,0,0,0,0,0,0,0,0,0,7000,0,0,0,9000,2000,7000,7000
057818,泰碩元大9A購01  ,0,0,0,0,0,0,0,0,0,7000,0,0,0,300000,293000,7000,7000
00736,國泰新興市場    ,22000,1000,21000,0,0,0,0,0,0,-14000,0,0,0,122000,136000,-14000,7000
020008,元大特股高息N   ,0,0,0,0,0,0,0,0,0,7000,0,0,0,211000,204000,7000,7000
03454B,臺股指元大04熊06,0,0,0,0,0,0,0,0,0,7000,0,0,0,105000,98000,7000,7000
057165,國巨元大99購05  ,0,0,0,0,0,0,0,0,0,7000,0,0,0,9000,2000,7000,7000
059219,旺宏元大99購12  ,0,0,0,0,0,0,0,0,0,7000,0,0,0,12000,5000,7000,7000
059075,FBVIX元大99購01 ,0,0,0,0,0,0,0,0,0,7000,0,0,0,7000,0,7000,7000
059706,嘉晶凱基99購01  ,0,0,0,0,0,0,0,0,0,7000,0,0,0,7000,0,7000,7000
058684,健策凱基99購02  ,0,0,0,0,0,0,0,0,0,7000,0,0,0,40000,33000,7000,7000
061988,大立光元大9B購04,0,0,0,0,0,0,0,0,0,7000,0,0,0,7000,0,7000,7000
062579,華通統一01購02  ,0,0,0,0,0,0,0,0,0,7000,0,0,0,7000,0,7000,7000
064024,漢唐元大9C購01  ,0,0,0,0,0,0,0,0,0,7000,0,0,0,7000,0,7000,7000
060986,聯發科元大9A購07,0,0,0,0,0,0,0,0,0,7000,0,0,0,7000,0,7000,7000
063137,瑞昱統一01購02  ,0,0,0,0,0,0,0,0,0,7000,0,0,0,27000,20000,7000,7000
061499,嘉晶國票9A購03  ,0,0,0,0,0,0,0,0,0,7000,0,0,0,9000,2000,7000,7000
063106,台表科群益9B購03,0,0,0,0,0,0,0,0,0,7000,0,0,0,10000,3000,7000,7000
061853,晶技國票9B購02  ,0,0,0,0,0,0,0,0,0,7000,0,0,0,25000,18000,7000,7000
062072,國巨元大9B購05  ,0,0,0,0,0,0,0,0,0,7000,0,0,0,11000,4000,7000,7000
062105,國巨國票9C購03  ,0,0,0,0,0,0,0,0,0,7000,0,0,0,10000,3000,7000,7000
063253,巨大元大9B購03  ,0,0,0,0,0,0,0,0,0,7000,0,0,0,10000,3000,7000,7000
063343,美律統一9C購01  ,0,0,0,0,0,0,0,0,0,7000,0,0,0,7000,0,7000,7000
060789,禾伸堂富邦9B購02,0,0,0,0,0,0,0,0,0,7000,0,0,0,7000,0,7000,7000
060707,台郡富邦9A購01  ,0,0,0,0,0,0,0,0,0,7000,0,0,0,7000,0,7000,7000
063003,滬深2X元大9B購06,0,0,0,0,0,0,0,0,0,7000,0,0,0,13000,6000,7000,7000
062979,茂林元富9B購01  ,0,0,0,0,0,0,0,0,0,7000,0,0,0,60000,53000,7000,7000
062803,嘉晶統一9B購02  ,0,0,0,0,0,0,0,0,0,7000,0,0,0,7000,0,7000,7000
066639,彩晶凱基05購01  ,0,0,0,0,0,0,0,0,0,7000,0,0,0,16000,9000,7000,7000
066022,鴻海群益01購07  ,0,0,0,0,0,0,0,0,0,7000,0,0,0,7000,0,7000,7000
064802,台積電元大01購04,0,0,0,0,0,0,0,0,0,7000,0,0,0,8000,1000,7000,7000
064770,開發金中信01購01,0,0,0,0,0,0,0,0,0,7000,0,0,0,66000,59000,7000,7000
065695,友訊群益01購02  ,0,0,0,0,0,0,0,0,0,7000,0,0,0,51000,44000,7000,7000
065429,微星凱基02購02  ,0,0,0,0,0,0,0,0,0,7000,0,0,0,17000,10000,7000,7000
065125,奇力新永豐9C購01,0,0,0,0,0,0,0,0,0,7000,0,0,0,7000,0,7000,7000
2936,客思達-KY       ,8000,1000,7000,0,0,0,0,0,0,0,0,0,0,0,0,0,7000
2612,中航            ,19000,10000,9000,0,0,0,0,0,0,-2000,0,2000,-2000,0,0,0,7000
2516,新建            ,24000,17000,7000,0,0,0,0,0,0,0,0,0,0,0,0,0,7000
2511,太子            ,942000,1046000,-104000,0,0,0,0,0,0,111000,111000,0,111000,0,0,0,7000
6136,富爾特          ,13000,0,13000,0,0,0,0,0,0,-6000,0,6000,-6000,0,0,0,7000
9905,大華            ,10000,3000,7000,0,0,0,0,0,0,0,0,0,0,0,0,0,7000
5258,虹堡            ,22000,16000,6000,0,0,0,0,0,0,1000,1000,0,1000,0,0,0,7000
1507,永大            ,71000,32000,39000,0,0,0,0,0,0,-32000,0,32000,-32000,0,0,0,7000
1339,昭輝            ,14000,7000,7000,0,0,0,0,0,0,0,0,0,0,0,0,0,7000
1539,巨庭            ,15000,8000,7000,0,0,0,0,0,0,0,0,0,0,0,0,0,7000
08953P,大立光元富07售02,0,0,0,0,0,0,0,0,0,7000,0,0,0,7000,0,7000,7000
08374P,緯穎凱基9C售01  ,0,0,0,0,0,0,0,0,0,6000,0,0,0,32000,26000,6000,6000
07690P,華新科元大9A售15,0,0,0,0,0,0,0,0,0,6000,0,0,0,21000,15000,6000,6000
07803P,南亞科永豐9A售02,0,0,0,0,0,0,0,0,0,6000,0,0,0,6000,0,6000,6000
067394,國巨永豐01購01  ,0,0,0,0,0,0,0,0,0,6000,0,0,0,6000,0,6000,6000
067780,臺指反群益02購03,0,0,0,0,0,0,0,0,0,6000,0,0,0,6000,0,6000,6000
068063,大立光兆豐01購02,0,0,0,0,0,0,0,0,0,6000,0,0,0,10000,4000,6000,6000
068072,聯發科凱基01購18,0,0,0,0,0,0,0,0,0,6000,0,0,0,26000,20000,6000,6000
068151,瑞昱元大01購05  ,0,0,0,0,0,0,0,0,0,6000,0,0,0,123000,117000,6000,6000
068154,聯發科元大01購23,0,0,0,0,0,0,0,0,0,6000,0,0,0,82000,76000,6000,6000
067944,緯穎凱基01購04  ,0,0,0,0,0,0,0,0,0,6000,0,0,0,45000,39000,6000,6000
060164,合勤控永豐9A購01,0,0,0,0,0,0,0,0,0,6000,0,0,0,59000,53000,6000,6000
057190,立積元大9A購02  ,0,0,0,0,0,0,0,0,0,6000,0,0,0,11000,5000,6000,6000
057287,彩晶元大9C購03  ,0,0,0,0,0,0,0,0,0,6000,0,0,0,8000,2000,6000,6000
053377,台積電元大98購01,0,0,0,0,0,0,0,0,0,6000,0,0,0,6000,0,6000,6000
053378,台積電元大98購02,0,0,0,0,0,0,0,0,0,6000,0,0,0,7000,1000,6000,6000
058036,南電永豐98購01  ,0,0,0,0,0,0,0,0,0,6000,0,0,0,6000,0,6000,6000
056211,南港國票98購01  ,0,0,0,0,0,0,0,0,0,6000,0,0,0,6000,0,6000,6000
056011,矽力中信99購01  ,0,0,0,0,0,0,0,0,0,6000,0,0,0,6000,0,6000,6000
062652,上証2X永豐9B購01,0,0,0,0,0,0,0,0,0,6000,0,0,0,53000,47000,6000,6000
060722,矽格永豐9A購01  ,0,0,0,0,0,0,0,0,0,6000,0,0,0,10000,4000,6000,6000
063225,茂林群益9B購04  ,0,0,0,0,0,0,0,0,0,6000,0,0,0,47000,41000,6000,6000
062067,滬深2X元大9B購01,0,0,0,0,0,0,0,0,0,6000,0,0,0,6000,0,6000,6000
061858,南電國票9B購02  ,0,0,0,0,0,0,0,0,0,6000,0,0,0,10000,4000,6000,6000
061222,台灣50中信9A購02,0,0,0,0,0,0,0,0,0,6000,0,0,0,11000,5000,6000,6000
061195,健策永豐9B購02  ,0,0,0,0,0,0,0,0,0,6000,0,0,0,25000,19000,6000,6000
063747,國巨國票9C購06  ,0,0,0,0,0,0,0,0,0,6000,0,0,0,9000,3000,6000,6000
063740,矽格元大9B購03  ,0,0,0,0,0,0,0,0,0,6000,0,0,0,6000,0,6000,6000
063038,富邦金凱基9B購02,0,0,0,0,0,0,0,0,0,6000,0,0,0,191000,185000,6000,6000
060881,玉山金中信02購01,0,0,0,0,0,0,0,0,0,6000,0,0,0,145000,139000,6000,6000
061176,聯發科凱基9A購14,0,0,0,0,0,0,0,0,0,6000,0,0,0,7000,1000,6000,6000
064156,大立光統一01購06,0,0,0,0,0,0,0,0,0,6000,0,0,0,6000,0,6000,6000
063904,大立光麥證01購01,0,0,0,7000,1000,6000,0,0,0,6000,0,0,0,7000,1000,6000,6000
063966,大毅國票01購01  ,0,0,0,0,0,0,0,0,0,6000,0,0,0,11000,5000,6000,6000
065309,亞光國票01購01  ,0,0,0,0,0,0,0,0,0,6000,0,0,0,6000,0,6000,6000
065213,南六國票01購03  ,0,0,0,0,0,0,0,0,0,6000,0,0,0,26000,20000,6000,6000
064765,緯穎凱基9C購02  ,0,0,0,0,0,0,0,0,0,6000,0,0,0,6000,0,6000,6000
064830,可成統一9C購04  ,0,0,0,0,0,0,0,0,0,6000,0,0,0,6000,0,6000,6000
064497,可成元大01購02  ,0,0,0,0,0,0,0,0,0,6000,0,0,0,9000,3000,6000,6000
065770,元黃金國票01購01,0,0,0,0,0,0,0,0,0,6000,0,0,0,6000,0,6000,6000
066663,達欣工凱基01購01,0,0,0,0,0,0,0,0,0,6000,0,0,0,65000,59000,6000,6000
066433,南六元大02購01  ,0,0,0,0,0,0,0,0,0,6000,0,0,0,128000,122000,6000,6000
08891P,國巨元大01售11  ,0,0,0,0,0,0,0,0,0,6000,0,0,0,56000,50000,6000,6000
1528,恩德            ,40000,34000,6000,0,0,0,0,0,0,0,0,0,0,0,0,0,6000
6133,金橋            ,3000,3000,0,0,0,0,0,0,0,6000,6000,0,6000,0,0,0,6000
910861,神州-DR         ,6000,0,6000,0,0,0,0,0,0,0,0,0,0,0,0,0,6000
8033,雷虎            ,59000,53000,6000,0,0,0,0,0,0,0,0,0,0,0,0,0,6000
6605,帝寶            ,23000,17000,6000,0,0,0,0,0,0,0,0,0,0,0,0,0,6000
6655,科定            ,11000,5000,6000,0,0,0,0,0,0,0,0,0,0,0,0,0,6000
2491,吉祥全          ,8000,2000,6000,0,0,0,0,0,0,0,0,0,0,0,0,0,6000
2480,敦陽科          ,112000,41000,71000,0,0,0,0,0,0,-65000,6000,71000,-65000,0,0,0,6000
2712,遠雄來          ,8000,2000,6000,0,0,0,0,0,0,0,0,0,0,0,0,0,6000
068017,玉晶光國票01購09,0,0,0,0,0,0,0,0,0,5000,0,0,0,152000,147000,5000,5000
068029,台積電元富07購09,0,0,0,0,0,0,0,0,0,5000,0,0,0,630000,625000,5000,5000
06804P,臺股指群益98售10,0,0,0,0,0,0,0,0,0,5000,0,0,0,5000,0,5000,5000
067781,SP黃豆群益01購02,0,0,0,0,0,0,0,0,0,5000,0,0,0,5000,0,5000,5000
067778,A50群益01購01   ,0,0,0,0,0,0,0,0,0,5000,0,0,0,5000,0,5000,5000
067888,奇力新群益01購02,0,0,0,0,0,0,0,0,0,5000,0,0,0,5000,0,5000,5000
067413,臺股指中信04購02,0,0,0,0,0,0,0,0,0,5000,0,0,0,5000,0,5000,5000
067306,奇鋐元大01購02  ,0,0,0,0,0,0,0,0,0,5000,0,0,0,167000,162000,5000,5000
067525,滬深2X群益02購03,0,0,0,0,0,0,0,0,0,5000,0,0,0,5000,0,5000,5000
067570,台積電麥證01購11,0,0,0,22000,105000,-83000,0,0,0,5000,0,0,0,112000,107000,5000,5000
067487,京鼎元大01購06  ,0,0,0,0,0,0,0,0,0,5000,0,0,0,120000,115000,5000,5000
067057,滬深2X元大01購09,0,0,0,0,0,0,0,0,0,5000,0,0,0,5000,0,5000,5000
07900P,臺股指凱基9B售03,0,0,0,0,0,0,0,0,0,5000,0,0,0,5000,0,5000,5000
07906P,中租群益9B售02  ,0,0,0,0,0,0,0,0,0,5000,0,0,0,63000,58000,5000,5000
07599P,台灣50凱基04售05,0,0,0,0,0,0,0,0,0,5000,0,0,0,5000,0,5000,5000
07202P,台灣50凱基9C售04,0,0,0,0,0,0,0,0,0,5000,0,0,0,5000,0,5000,5000
068243,聯電元大02購02  ,0,0,0,0,0,0,0,0,0,5000,0,0,0,61000,56000,5000,5000
068257,聯發科國泰03購05,0,0,0,0,0,0,0,0,0,5000,0,0,0,5000,0,5000,5000
07081P,南電群益9A售01  ,0,0,0,0,0,0,0,0,0,5000,0,0,0,20000,15000,5000,5000
07079P,台積電群益99售06,0,0,0,0,0,0,0,0,0,5000,0,0,0,5000,0,5000,5000
07057P,大立光康和9B售02,0,0,0,0,0,0,0,0,0,5000,0,0,0,10000,5000,5000,5000
07033P,大立光統一9B售03,0,0,0,0,0,0,0,0,0,5000,0,0,0,5000,0,5000,5000
08370P,台積電凱基01售06,0,0,0,0,0,0,0,0,0,5000,0,0,0,5000,0,5000,5000
08583P,鴻海群益01售05  ,0,0,0,0,0,0,0,0,0,5000,0,0,0,5000,0,5000,5000
07980P,臺股指凱基02售01,0,0,0,0,0,0,0,0,0,5000,0,0,0,5000,0,5000,5000
07981P,上銀群益9B售04  ,0,0,0,0,0,0,0,0,0,5000,0,0,0,5000,0,5000,5000
07919P,創意永豐9B售01  ,0,0,0,0,0,0,0,0,0,5000,0,0,0,5000,0,5000,5000
08123P,台表科國票9C售01,0,0,0,0,0,0,0,0,0,5000,0,0,0,22000,17000,5000,5000
08310P,南電凱基9C售01  ,0,0,0,0,0,0,0,0,0,5000,0,0,0,110000,105000,5000,5000
08329P,台達電統一9C售02,0,0,0,0,0,0,0,0,0,5000,0,0,0,53000,48000,5000,5000
08324P,大立光凱基9C售05,0,0,0,0,0,0,0,0,0,5000,0,0,0,5000,0,5000,5000
08335P,香港2X中信03售01,0,0,0,0,0,0,0,0,0,5000,0,0,0,10000,5000,5000,5000
056196,聯茂富邦98購02  ,0,0,0,0,0,0,0,0,0,5000,0,0,0,5000,0,5000,5000
056124,華通國票98購02  ,0,0,0,0,0,0,0,0,0,5000,0,0,0,5000,0,5000,5000
055377,揚明光元大98購01,0,0,0,0,0,0,0,0,0,5000,0,0,0,5000,0,5000,5000
056412,上証2X中信9A購02,0,0,0,0,0,0,0,0,0,5000,0,0,0,5000,0,5000,5000
056464,臺股指凱基99購06,0,0,0,0,0,0,0,0,0,5000,0,0,0,5000,0,5000,5000
056525,T50反1凱基99購06,0,0,0,0,0,0,0,0,0,5000,0,0,0,25000,20000,5000,5000
056762,亞德客元大98購01,0,0,0,0,0,0,0,0,0,5000,0,0,0,5000,0,5000,5000
056768,宏達電元大99購03,0,0,0,0,0,0,0,0,0,5000,0,0,0,15000,10000,5000,5000
056619,強茂永豐98購01  ,0,0,0,0,0,0,0,0,0,5000,0,0,0,5000,0,5000,5000
056715,瀚宇博永豐98購01,0,0,0,0,0,0,0,0,0,5000,0,0,0,10000,5000,5000,5000
057941,聯電國票99購01  ,0,0,0,0,0,0,0,0,0,5000,0,0,0,5000,0,5000,5000
058249,緯穎元大99購04  ,0,0,0,0,0,0,0,0,0,5000,0,0,0,52000,47000,5000,5000
054890,聯鈞統一99購01  ,0,0,0,0,0,0,0,0,0,5000,0,0,0,6000,1000,5000,5000
054565,玉晶光群益99購02,0,0,0,0,0,0,0,0,0,5000,0,0,0,10000,5000,5000,5000
053294,聯發科中信9C購01,0,0,0,0,0,0,0,0,0,5000,0,0,0,5000,0,5000,5000
053770,元金2X元大98購01,0,0,0,0,0,0,0,0,0,5000,0,0,0,5000,0,5000,5000
048847,A50群益98購01   ,0,0,0,0,0,0,0,0,0,5000,0,0,0,5000,0,5000,5000
00711B,FH彭博新興債    ,0,0,0,0,0,0,0,0,0,5000,0,0,0,105000,100000,5000,5000
057183,玉晶光元大99購07,0,0,0,0,0,0,0,0,0,5000,0,0,0,5000,0,5000,5000
057024,義隆凱基99購01  ,0,0,0,0,0,0,0,0,0,5000,0,0,0,5000,0,5000,5000
057604,鴻海統一9C購01  ,0,0,0,0,0,0,0,0,0,5000,0,0,0,5000,0,5000,5000
057540,緯穎日盛99購01  ,0,0,0,0,0,0,0,0,0,5000,0,0,0,15000,10000,5000,5000
060146,健策國票9A購03  ,0,0,0,0,0,0,0,0,0,5000,0,0,0,5000,0,5000,5000
058762,貿聯群益99購03  ,0,0,0,0,0,0,0,0,0,5000,0,0,0,5000,0,5000,5000
058955,台積電國票9A購04,0,0,0,0,0,0,0,0,0,5000,0,0,0,53000,48000,5000,5000
058469,臺股指中信9A購05,0,0,0,0,0,0,0,0,0,5000,0,0,0,5000,0,5000,5000
058471,台積電日盛9C購01,0,0,0,0,0,0,0,0,0,5000,0,0,0,60000,55000,5000,5000
059450,和大永豐99購01  ,0,0,0,0,0,0,0,0,0,5000,0,0,0,5000,0,5000,5000
061194,聯鈞永豐9A購02  ,0,0,0,0,0,0,0,0,0,5000,0,0,0,5000,0,5000,5000
063598,國巨凱基9B購14  ,0,0,0,0,0,0,0,0,0,5000,0,0,0,10000,5000,5000,5000
063530,同欣電凱基9C購02,0,0,0,0,0,0,0,0,0,5000,0,0,0,5000,0,5000,5000
063986,聯發科富邦02購01,0,0,0,0,0,0,0,0,0,5000,0,0,0,5000,0,5000,5000
063914,和碩凱基9C購01  ,0,0,0,0,0,0,0,0,0,5000,0,0,0,6000,1000,5000,5000
061983,華新科元大9B購04,0,0,0,0,0,0,0,0,0,5000,0,0,0,69000,64000,5000,5000
061376,瑞昱永豐9A購02  ,0,0,0,0,0,0,0,0,0,5000,0,0,0,10000,5000,5000,5000
060667,力成凱基9A購01  ,0,0,0,0,0,0,0,0,0,5000,0,0,0,75000,70000,5000,5000
061387,鴻海群益9A購05  ,0,0,0,0,0,0,0,0,0,5000,0,0,0,5000,0,5000,5000
061074,儒鴻兆豐9B購01  ,0,0,0,0,0,0,0,0,0,5000,0,0,0,5000,0,5000,5000
061514,泰碩永豐9A購02  ,0,0,0,0,0,0,0,0,0,5000,0,0,0,5000,0,5000,5000
061527,牧德凱基9A購02  ,0,0,0,0,0,0,0,0,0,5000,0,0,0,5000,0,5000,5000
061625,聯茂群益9A購02  ,0,0,0,0,0,0,0,0,0,5000,0,0,0,5000,0,5000,5000
063418,京元電凱基9B購03,0,0,0,0,0,0,0,0,0,5000,0,0,0,76000,71000,5000,5000
062369,創意元大9B購01  ,0,0,0,0,0,0,0,0,0,5000,0,0,0,6000,1000,5000,5000
063211,道瓊銀國票9B購01,0,0,0,0,0,0,0,0,0,5000,0,0,0,10000,5000,5000,5000
063317,大立光群益9B購06,0,0,0,0,0,0,0,0,0,5000,0,0,0,5000,0,5000,5000
063272,GIS兆豐9C購01   ,0,0,0,0,0,0,0,0,0,5000,0,0,0,5000,0,5000,5000
063009,國巨元大9B購18  ,0,0,0,0,0,0,0,0,0,5000,0,0,0,5000,0,5000,5000
062922,南六元大9B購03  ,0,0,0,0,0,0,0,0,0,5000,0,0,0,63000,58000,5000,5000
066601,上証2X富邦02購01,0,0,0,0,0,0,0,0,0,5000,0,0,0,8000,3000,5000,5000
066793,T50反1凱基03購04,0,0,0,0,0,0,0,0,0,5000,0,0,0,5000,0,5000,5000
066803,智原凱基01購02  ,0,0,0,0,0,0,0,0,0,5000,0,0,0,6000,1000,5000,5000
065777,正崴國泰03購01  ,0,0,0,0,0,0,0,0,0,5000,0,0,0,12000,7000,5000,5000
065848,聯詠元大9C購03  ,0,0,0,0,0,0,0,0,0,5000,0,0,0,5000,0,5000,5000
06586P,鴻海元大9C售01  ,0,0,0,0,0,0,0,0,0,5000,0,0,0,5000,0,5000,5000
066040,友訊元大01購02  ,0,0,0,0,0,0,0,0,0,5000,0,0,0,80000,75000,5000,5000
065902,燿華富邦02購01  ,0,0,0,0,0,0,0,0,0,5000,0,0,0,15000,10000,5000,5000
065961,東元元大04購01  ,0,0,0,0,0,0,0,0,0,5000,0,0,0,8000,3000,5000,5000
066332,慧洋永豐01購01  ,0,0,0,0,0,0,0,0,0,5000,0,0,0,21000,16000,5000,5000
066208,聯鈞統一02購01  ,0,0,0,0,0,0,0,0,0,5000,0,0,0,19000,14000,5000,5000
066109,南電國票02購01  ,0,0,0,0,0,0,0,0,0,5000,0,0,0,100000,95000,5000,5000
066098,華碩中信02購01  ,0,0,0,0,0,0,0,0,0,5000,0,0,0,30000,25000,5000,5000
064613,聯電元大9C購05  ,0,0,0,0,0,0,0,0,0,5000,0,0,0,5000,0,5000,5000
064472,國巨麥證9C購03  ,0,0,0,39000,31000,8000,0,0,0,5000,0,0,0,39000,34000,5000,5000
064450,致茂統一01購01  ,0,0,0,0,0,0,0,0,0,5000,0,0,0,5000,0,5000,5000
064862,創意富邦03購01  ,0,0,0,0,0,0,0,0,0,5000,0,0,0,5000,0,5000,5000
065347,聯發科統一9C購15,0,0,0,0,0,0,0,0,0,5000,0,0,0,5000,0,5000,5000
065363,國巨元大01購04  ,0,0,0,0,0,0,0,0,0,5000,0,0,0,31000,26000,5000,5000
065185,和大統一02購05  ,0,0,0,0,0,0,0,0,0,5000,0,0,0,5000,0,5000,5000
065723,新日興兆豐01購01,0,0,0,0,0,0,0,0,0,5000,0,0,0,7000,2000,5000,5000
6216,居易            ,5000,0,5000,0,0,0,0,0,0,0,0,0,0,0,0,0,5000
6115,鎰勝            ,10000,5000,5000,0,0,0,0,0,0,0,0,0,0,0,0,0,5000
4763,材料-KY         ,20000,15000,5000,0,0,0,0,0,0,0,0,0,0,0,0,0,5000
1530,亞崴            ,5000,2000,3000,0,0,0,0,0,0,2000,2000,0,2000,0,0,0,5000
1414,東和            ,15000,10000,5000,0,0,0,0,0,0,0,0,0,0,0,0,0,5000
08879P,台積電凱基01售12,0,0,0,0,0,0,0,0,0,5000,0,0,0,5000,0,5000,5000
08954P,台灣50凱基04售08,0,0,0,0,0,0,0,0,0,5000,0,0,0,5000,0,5000,5000
08950P,臺股指國票01售07,0,0,0,0,0,0,0,0,0,5000,0,0,0,5000,0,5000,5000
08777P,滬深2X群益03售02,0,0,0,0,0,0,0,0,0,5000,0,0,0,5000,0,5000,5000
08846P,上証2X群益03售03,0,0,0,0,0,0,0,0,0,5000,0,0,0,5000,0,5000,5000
08828P,上証2X群益01售05,0,0,0,0,0,0,0,0,0,5000,0,0,0,5000,0,5000,5000
08553P,嘉澤群益9C售01  ,0,0,0,0,0,0,0,0,0,4000,0,0,0,4000,0,4000,4000
08646P,臺股指中信03售02,0,0,0,0,0,0,0,0,0,4000,0,0,0,4000,0,4000,4000
08348P,貿聯元大9C售01  ,0,0,0,0,0,0,0,0,0,4000,0,0,0,59000,55000,4000,4000
068266,國巨永豐01購02  ,0,0,0,0,0,0,0,0,0,4000,0,0,0,11000,7000,4000,4000
068391,玉晶光統一07購01,0,0,0,0,0,0,0,0,0,4000,0,0,0,250000,246000,4000,4000
07870P,鴻海群益9B售01  ,0,0,0,0,0,0,0,0,0,4000,0,0,0,4000,0,4000,4000
067096,滬深2X群益01購06,0,0,0,0,0,0,0,0,0,4000,0,0,0,5000,1000,4000,4000
067506,台光電統一02購04,0,0,0,0,0,0,0,0,0,4000,0,0,0,4000,0,4000,4000
067446,台積電國票02購03,0,0,0,0,0,0,0,0,0,4000,0,0,0,115000,111000,4000,4000
067565,聯發科日盛01購01,0,0,0,0,0,0,0,0,0,4000,0,0,0,11000,7000,4000,4000
063524,瑞昱凱基9B購05  ,0,0,0,0,0,0,0,0,0,4000,0,0,0,4000,0,4000,4000
059580,大立光元富99購07,0,0,0,0,0,0,0,0,0,4000,0,0,0,4000,0,4000,4000
059307,T50反1元大99購06,0,0,0,0,0,0,0,0,0,4000,0,0,0,5000,1000,4000,4000
059044,聯電日盛99購02  ,0,0,0,0,0,0,0,0,0,4000,0,0,0,4000,0,4000,4000
058650,台虹永豐9A購01  ,0,0,0,0,0,0,0,0,0,4000,0,0,0,5000,1000,4000,4000
059948,正文永豐99購01  ,0,0,0,0,0,0,0,0,0,4000,0,0,0,84000,80000,4000,4000
057541,台灣50康和9A購04,0,0,0,0,0,0,0,0,0,4000,0,0,0,4000,0,4000,4000
057629,泰碩永豐98購02  ,0,0,0,0,0,0,0,0,0,4000,0,0,0,10000,6000,4000,4000
03024P,南六群益01售02  ,0,0,0,0,0,0,0,0,0,4000,0,0,0,4000,0,4000,4000
020015,統一MSCI美低波N ,0,0,0,0,0,0,0,0,0,4000,0,0,0,4000,0,4000,4000
0057,富邦摩台        ,2000,0,2000,0,0,0,0,0,0,2000,0,0,0,151000,149000,2000,4000
03006P,華通永豐01售01  ,0,0,0,0,0,0,0,0,0,4000,0,0,0,42000,38000,4000,4000
053411,深中小國票9B購01,0,0,0,0,0,0,0,0,0,4000,0,0,0,4000,0,4000,4000
053413,台積電國票99購01,0,0,0,0,0,0,0,0,0,4000,0,0,0,5000,1000,4000,4000
057693,臺股指凱基98購11,0,0,0,0,0,0,0,0,0,4000,0,0,0,4000,0,4000,4000
057764,台表科凱基9A購01,0,0,0,0,0,0,0,0,0,4000,0,0,0,4000,0,4000,4000
058202,鴻海凱基9A購04  ,0,0,0,0,0,0,0,0,0,4000,0,0,0,34000,30000,4000,4000
058091,欣興元大99購03  ,0,0,0,0,0,0,0,0,0,4000,0,0,0,20000,16000,4000,4000
062993,華新科群益9B購05,0,0,0,0,0,0,0,0,0,4000,0,0,0,5000,1000,4000,4000
062810,華通兆豐9B購02  ,0,0,0,0,0,0,0,0,0,4000,0,0,0,4000,0,4000,4000
062817,富邦金兆豐9B購01,0,0,0,0,0,0,0,0,0,4000,0,0,0,376000,372000,4000,4000
061881,緯穎元大9B購02  ,0,0,0,0,0,0,0,0,0,4000,0,0,0,4000,0,4000,4000
062688,華擎統一01購03  ,0,0,0,0,0,0,0,0,0,4000,0,0,0,4000,0,4000,4000
062731,力成凱基9B購02  ,0,0,0,0,0,0,0,0,0,4000,0,0,0,102000,98000,4000,4000
063198,仁寶統一01購02  ,0,0,0,0,0,0,0,0,0,4000,0,0,0,14000,10000,4000,4000
063257,牧德國泰01購01  ,0,0,0,0,0,0,0,0,0,4000,0,0,0,277000,273000,4000,4000
061224,道瓊反中信01購01,0,0,0,0,0,0,0,0,0,4000,0,0,0,4000,0,4000,4000
061212,聯鈞元大9A購04  ,0,0,0,0,0,0,0,0,0,4000,0,0,0,38000,34000,4000,4000
062107,台光電國票9B購01,0,0,0,0,0,0,0,0,0,4000,0,0,0,4000,0,4000,4000
062159,聯詠凱基9B購01  ,0,0,0,0,0,0,0,0,0,4000,0,0,0,4000,0,4000,4000
062145,億光國票9B購01  ,0,0,0,0,0,0,0,0,0,4000,0,0,0,24000,20000,4000,4000
062221,奇力新統一01購01,0,0,0,0,0,0,0,0,0,4000,0,0,0,24000,20000,4000,4000
062230,緯穎統一01購01  ,0,0,0,0,0,0,0,0,0,4000,0,0,0,95000,91000,4000,4000
063478,GIS元大9B購03   ,0,0,0,0,0,0,0,0,0,4000,0,0,0,4000,0,4000,4000
063450,華新科統一02購01,0,0,0,0,0,0,0,0,0,4000,0,0,0,20000,16000,4000,4000
063468,聯詠元大9B購04  ,0,0,0,0,0,0,0,0,0,4000,0,0,0,4000,0,4000,4000
062002,鴻海國泰01購01  ,0,0,0,0,0,0,0,0,0,4000,0,0,0,9000,5000,4000,4000
061634,遠東新元大9A購01,0,0,0,0,0,0,0,0,0,4000,0,0,0,9000,5000,4000,4000
063129,祥碩元大9C購03  ,0,0,0,0,0,0,0,0,0,4000,0,0,0,4000,0,4000,4000
061177,大立光凱基9A購10,0,0,0,0,0,0,0,0,0,4000,0,0,0,127000,123000,4000,4000
060621,玉晶光元大9A購05,0,0,0,0,0,0,0,0,0,4000,0,0,0,14000,10000,4000,4000
062557,台光電凱基9B購02,0,0,0,0,0,0,0,0,0,4000,0,0,0,67000,63000,4000,4000
064140,台達電統一01購01,0,0,0,0,0,0,0,0,0,4000,0,0,0,4000,0,4000,4000
065519,台勝科群益9C購02,0,0,0,0,0,0,0,0,0,4000,0,0,0,4000,0,4000,4000
065523,茂林群益9C購03  ,0,0,0,0,0,0,0,0,0,4000,0,0,0,100000,96000,4000,4000
065148,滬深2X群益02購02,0,0,0,0,0,0,0,0,0,4000,0,0,0,4000,0,4000,4000
065344,瑞昱統一01購05  ,0,0,0,0,0,0,0,0,0,4000,0,0,0,4000,0,4000,4000
065322,聯發科凱基01購05,0,0,0,0,0,0,0,0,0,4000,0,0,0,4000,0,4000,4000
065230,義隆凱基02購01  ,0,0,0,0,0,0,0,0,0,4000,0,0,0,27000,23000,4000,4000
065249,聯發科麥證9C購04,0,0,0,4000,0,4000,0,0,0,4000,0,0,0,4000,0,4000,4000
066067,台積電凱基02購05,0,0,0,0,0,0,0,0,0,4000,0,0,0,5000,1000,4000,4000
065944,大成鋼統一02購01,0,0,0,0,0,0,0,0,0,4000,0,0,0,90000,86000,4000,4000
065842,技嘉元大9C購05  ,0,0,0,0,0,0,0,0,0,4000,0,0,0,4000,0,4000,4000
08749P,鴻海台新01售02  ,0,0,0,0,0,0,0,0,0,4000,0,0,0,4000,0,4000,4000
08752P,長榮航群益01售01,0,0,0,0,0,0,0,0,0,4000,0,0,0,8000,4000,4000,4000
08705P,臺股指群益01售02,0,0,0,0,0,0,0,0,0,4000,0,0,0,4000,0,4000,4000
1436,華友聯          ,4000,0,4000,0,0,0,0,0,0,0,0,0,0,0,0,0,4000
1323,永裕            ,4000,2000,2000,0,0,0,0,0,0,2000,2000,0,2000,0,0,0,4000
1465,偉全            ,4000,0,4000,0,0,0,0,0,0,0,0,0,0,0,0,0,4000
2022,聚亨            ,46000,42000,4000,0,0,0,0,0,0,0,0,0,0,0,0,0,4000
2002A,中鋼特          ,0,0,0,0,0,0,0,0,0,4000,4000,0,4000,0,0,0,4000
4581,光隆精密-KY     ,4000,0,4000,0,0,0,0,0,0,0,0,0,0,0,0,0,4000
4438,廣越            ,6000,2000,4000,0,0,0,0,0,0,0,0,0,0,0,0,0,4000
2616,山隆            ,7000,6000,1000,0,0,0,0,0,0,3000,3000,0,3000,0,0,0,4000
3494,誠研            ,14000,10000,4000,0,0,0,0,0,0,0,0,0,0,0,0,0,4000
3550,聯穎            ,0,0,0,0,0,0,0,0,0,4000,4000,0,4000,0,0,0,4000
6409,旭隼            ,50700,37000,13700,0,0,0,0,0,0,-10000,0,10000,-10000,0,0,0,3700
9910,豐泰            ,550000,499504,50496,0,0,0,35000,0,35000,-82000,0,82000,-82000,0,0,0,3496
4104,佳醫            ,270000,306608,-36608,0,0,0,0,0,0,40000,40000,0,40000,0,0,0,3392
067569,台積電麥證01購10,0,0,0,24000,117000,-93000,0,0,0,3000,0,0,0,124000,121000,3000,3000
067424,美律凱基02購02  ,0,0,0,0,0,0,0,0,0,3000,0,0,0,3000,0,3000,3000
067468,鴻海元大01購17  ,0,0,0,0,0,0,0,0,0,3000,0,0,0,3000,0,3000,3000
067054,台積電台新01購03,0,0,0,0,0,0,0,0,0,3000,0,0,0,3000,0,3000,3000
067159,上証2X國票02購01,0,0,0,0,0,0,0,0,0,3000,0,0,0,3000,0,3000,3000
067988,台積電元大01購30,0,0,0,0,0,0,0,0,0,3000,0,0,0,3000,0,3000,3000
07668P,旺宏元大9A售10  ,0,0,0,0,0,0,0,0,0,3000,0,0,0,3000,0,3000,3000
07165P,臺股指群益99售16,0,0,0,0,0,0,0,0,0,3000,0,0,0,3000,0,3000,3000
068412,欣興台新01購01  ,0,0,0,0,0,0,0,0,0,3000,0,0,0,5000,2000,3000,3000
08671P,友訊國票01售01  ,0,0,0,0,0,0,0,0,0,3000,0,0,0,3000,0,3000,3000
08529P,臻鼎元大9C售03  ,0,0,0,0,0,0,0,0,0,3000,0,0,0,3000,0,3000,3000
07989P,玉晶光凱基9B售07,0,0,0,0,0,0,0,0,0,3000,0,0,0,3000,0,3000,3000
057948,嘉聯益國票99購02,0,0,0,0,0,0,0,0,0,3000,0,0,0,3000,0,3000,3000
057923,晶豪科凱基98購02,0,0,0,0,0,0,0,0,0,3000,0,0,0,3000,0,3000,3000
057909,台光電兆豐98購01,0,0,0,0,0,0,0,0,0,3000,0,0,0,3000,0,3000,3000
057889,致新群益99購01  ,0,0,0,0,0,0,0,0,0,3000,0,0,0,3000,0,3000,3000
057799,世紀鋼兆豐98購01,0,0,0,0,0,0,0,0,0,3000,0,0,0,3000,0,3000,3000
058196,台塑中信99購01  ,0,0,0,0,0,0,0,0,0,3000,0,0,0,3000,0,3000,3000
056685,光罩統一98購03  ,0,0,0,0,0,0,0,0,0,3000,0,0,0,3000,0,3000,3000
056638,臺股指日盛98購01,0,0,0,0,0,0,0,0,0,3000,0,0,0,3000,0,3000,3000
056810,群創統一9A購01  ,0,0,0,0,0,0,0,0,0,3000,0,0,0,3000,0,3000,3000
056345,嘉聯益凱基99購01,0,0,0,0,0,0,0,0,0,3000,0,0,0,3000,0,3000,3000
055151,台積電元大98購05,0,0,0,0,0,0,0,0,0,3000,0,0,0,3000,0,3000,3000
054159,T50正2凱基99購01,0,0,0,0,0,0,0,0,0,3000,0,0,0,6000,3000,3000,3000
056150,台光電凱基98購02,0,0,0,0,0,0,0,0,0,3000,0,0,0,10000,7000,3000,3000
053297,鎧勝中信98購01  ,0,0,0,0,0,0,0,0,0,3000,0,0,0,3000,0,3000,3000
03686P,大立光統一98售02,0,0,0,0,0,0,0,0,0,3000,0,0,0,13000,10000,3000,3000
00866,新光Shiller CAPE,0,0,0,0,0,0,0,0,0,3000,0,0,0,29000,26000,3000,3000
00735,國泰臺韓科技    ,30000,15000,15000,0,0,0,0,0,0,-12000,0,0,0,118000,130000,-12000,3000
00702,國泰標普低波高息,0,0,0,0,0,0,0,0,0,3000,0,0,0,3000,0,3000,3000
00710B,FH彭博高收益債  ,0,0,0,0,0,0,0,0,0,3000,0,0,0,103000,100000,3000,3000
060149,元金2X富邦04購01,0,0,0,0,0,0,0,0,0,3000,0,0,0,3000,0,3000,3000
060152,上証2X永豐9A購02,0,0,0,0,0,0,0,0,0,3000,0,0,0,5000,2000,3000,3000
060065,大立光兆豐9B購01,0,0,0,0,0,0,0,0,0,3000,0,0,0,3000,0,3000,3000
059730,晶相光元大9C購02,0,0,0,0,0,0,0,0,0,3000,0,0,0,3000,0,3000,3000
060287,燿華元大9A購01  ,0,0,0,0,0,0,0,0,0,3000,0,0,0,5000,2000,3000,3000
058795,可成元大99購03  ,0,0,0,0,0,0,0,0,0,3000,0,0,0,3000,0,3000,3000
058939,台積電中信9B購01,0,0,0,0,0,0,0,0,0,3000,0,0,0,3000,0,3000,3000
059290,全新元富99購01  ,0,0,0,0,0,0,0,0,0,3000,0,0,0,3000,0,3000,3000
059461,鈺齊永豐99購03  ,0,0,0,0,0,0,0,0,0,3000,0,0,0,3000,0,3000,3000
059480,美律群益9A購01  ,0,0,0,0,0,0,0,0,0,3000,0,0,0,63000,60000,3000,3000
058386,A50正2國票9B購01,0,0,0,0,0,0,0,0,0,3000,0,0,0,4000,1000,3000,3000
058603,台積電元大99購12,0,0,0,0,0,0,0,0,0,3000,0,0,0,3000,0,3000,3000
063621,華新科兆豐9B購02,0,0,0,0,0,0,0,0,0,3000,0,0,0,3000,0,3000,3000
064035,GIS元大9C購03   ,0,0,0,0,0,0,0,0,0,3000,0,0,0,3000,0,3000,3000
064090,祥碩凱基9C購03  ,0,0,0,0,0,0,0,0,0,3000,0,0,0,3000,0,3000,3000
062572,元金反群益9C購01,0,0,0,0,0,0,0,0,0,3000,0,0,0,5000,2000,3000,3000
063926,南亞科統一03購01,0,0,0,0,0,0,0,0,0,3000,0,0,0,10000,7000,3000,3000
063995,健鼎群益9C購01  ,0,0,0,0,0,0,0,0,0,3000,0,0,0,53000,50000,3000,3000
060632,可成富邦9B購01  ,0,0,0,0,0,0,0,0,0,3000,0,0,0,13000,10000,3000,3000
060463,台積電元大9A購10,0,0,0,0,0,0,0,0,0,3000,0,0,0,10000,7000,3000,3000
060981,旺宏元大9A購08  ,0,0,0,0,0,0,0,0,0,3000,0,0,0,102000,99000,3000,3000
060609,玉晶光凱基9B購01,0,0,0,0,0,0,0,0,0,3000,0,0,0,9000,6000,3000,3000
063738,奇鋐元大9B購03  ,0,0,0,0,0,0,0,0,0,3000,0,0,0,3000,0,3000,3000
063801,GIS凱基01購01   ,0,0,0,0,0,0,0,0,0,3000,0,0,0,73000,70000,3000,3000
063790,南亞科台新9C購01,0,0,0,0,0,0,0,0,0,3000,0,0,0,3000,0,3000,3000
063452,創意統一01購01  ,0,0,0,0,0,0,0,0,0,3000,0,0,0,28000,25000,3000,3000
063443,金像電統一01購02,0,0,0,0,0,0,0,0,0,3000,0,0,0,8000,5000,3000,3000
062315,健策凱基9C購01  ,0,0,0,0,0,0,0,0,0,3000,0,0,0,29000,26000,3000,3000
061204,國巨元大9A購16  ,0,0,0,0,0,0,0,0,0,3000,0,0,0,4000,1000,3000,3000
063237,微星元大9B購02  ,0,0,0,0,0,0,0,0,0,3000,0,0,0,3000,0,3000,3000
063229,台表科群益9B購04,0,0,0,0,0,0,0,0,0,3000,0,0,0,29000,26000,3000,3000
063192,技嘉台新9B購01  ,0,0,0,0,0,0,0,0,0,3000,0,0,0,3000,0,3000,3000
062452,A50正2群益01購04,0,0,0,0,0,0,0,0,0,3000,0,0,0,3000,0,3000,3000
063251,同欣電元大9B購04,0,0,0,0,0,0,0,0,0,3000,0,0,0,22000,19000,3000,3000
063295,京元電麥證9B購01,0,0,0,18000,7000,11000,0,0,0,3000,0,0,0,18000,15000,3000,3000
060760,南亞科元大9A購04,0,0,0,0,0,0,0,0,0,3000,0,0,0,45000,42000,3000,3000
060761,南亞科元大9A購05,0,0,0,0,0,0,0,0,0,3000,0,0,0,3000,0,3000,3000
062663,聯發科群益9B購07,0,0,0,0,0,0,0,0,0,3000,0,0,0,3000,0,3000,3000
062619,台表科元大9B購03,0,0,0,0,0,0,0,0,0,3000,0,0,0,7000,4000,3000,3000
062843,臺股指群益9B購10,0,0,0,0,0,0,0,0,0,3000,0,0,0,6000,3000,3000,3000
062828,聯詠群益9B購02  ,0,0,0,0,0,0,0,0,0,3000,0,0,0,10000,7000,3000,3000
062995,聚陽國票9C購01  ,0,0,0,0,0,0,0,0,0,3000,0,0,0,3000,0,3000,3000
065908,聯發科永豐9C購04,0,0,0,0,0,0,0,0,0,3000,0,0,0,3000,0,3000,3000
066049,奇鋐元大02購01  ,0,0,0,0,0,0,0,0,0,3000,0,0,0,40000,37000,3000,3000
066257,台積電元大01購09,0,0,0,0,0,0,0,0,0,3000,0,0,0,3000,0,3000,3000
066936,新日興國票02購01,0,0,0,0,0,0,0,0,0,3000,0,0,0,28000,25000,3000,3000
06665P,欣興兆豐99售01  ,0,0,0,0,0,0,0,0,0,3000,0,0,0,3000,0,3000,3000
065215,義隆國泰02購02  ,0,0,0,0,0,0,0,0,0,3000,0,0,0,28000,25000,3000,3000
065293,玉晶光群益01購07,0,0,0,0,0,0,0,0,0,3000,0,0,0,81000,78000,3000,3000
065370,瑞昱元大9C購02  ,0,0,0,0,0,0,0,0,0,3000,0,0,0,25000,22000,3000,3000
065337,華通統一01購03  ,0,0,0,0,0,0,0,0,0,3000,0,0,0,3000,0,3000,3000
065158,和碩群益9C購01  ,0,0,0,0,0,0,0,0,0,3000,0,0,0,3000,0,3000,3000
065077,鴻海元大01購03  ,0,0,0,0,0,0,0,0,0,3000,0,0,0,3000,0,3000,3000
065494,滬深2X富邦01購01,0,0,0,0,0,0,0,0,0,3000,0,0,0,3000,0,3000,3000
065432,景碩凱基9C購03  ,0,0,0,0,0,0,0,0,0,3000,0,0,0,48000,45000,3000,3000
065379,立積元大01購01  ,0,0,0,0,0,0,0,0,0,3000,0,0,0,3000,0,3000,3000
065564,臺指反群益02購01,0,0,0,0,0,0,0,0,0,3000,0,0,0,3000,0,3000,3000
064382,台積電國泰01購01,0,0,0,0,0,0,0,0,0,3000,0,0,0,5000,2000,3000,3000
4439,冠星-KY         ,3000,0,3000,0,0,0,0,0,0,0,0,0,0,0,0,0,3000
5906,台南-KY         ,3000,0,3000,0,0,0,0,0,0,0,0,0,0,0,0,0,3000
6405,悅城            ,29000,26000,3000,0,0,0,0,0,0,0,0,0,0,0,0,0,3000
6192,巨路            ,30000,17000,13000,0,0,0,0,0,0,-10000,4000,14000,-10000,0,0,0,3000
8427,基勝-KY         ,3000,0,3000,0,0,0,0,0,0,0,0,0,0,0,0,0,3000
3419,譁裕            ,19000,16000,3000,0,0,0,0,0,0,0,0,0,0,0,0,0,3000
2929,淘帝-KY         ,414000,409000,5000,0,0,0,0,0,0,-2000,0,0,0,0,2000,-2000,3000
2380,虹光            ,133000,130000,3000,0,0,0,0,0,0,0,0,0,0,0,0,0,3000
1441,大東            ,5000,2000,3000,0,0,0,0,0,0,0,0,0,0,0,0,0,3000
1568,倉佑            ,5000,2000,3000,0,0,0,0,0,0,0,0,0,0,0,0,0,3000
08712P,國巨元富07售03  ,0,0,0,0,0,0,0,0,0,3000,0,0,0,12000,9000,3000,3000
08776P,上証2X群益03售02,0,0,0,0,0,0,0,0,0,3000,0,0,0,6000,3000,3000,3000
08808P,台灣50群益01售06,0,0,0,0,0,0,0,0,0,3000,0,0,0,12000,9000,3000,3000
1235,興泰            ,3000,0,3000,0,0,0,0,0,0,0,0,0,0,0,0,0,3000
9937,全國            ,4000,4000,0,0,0,0,0,0,0,3000,3000,0,3000,0,0,0,3000
3311,閎暉            ,3001,1000,2001,0,0,0,0,0,0,0,0,0,0,0,0,0,2001
08337P,台灣50凱基01售15,0,0,0,0,0,0,0,0,0,2000,0,0,0,260000,258000,2000,2000
08682P,鴻海凱基01售06  ,0,0,0,0,0,0,0,0,0,2000,0,0,0,13000,11000,2000,2000
07543P,台積電凱基9A售17,0,0,0,0,0,0,0,0,0,2000,0,0,0,2000,0,2000,2000
07535P,上銀元富9A售03  ,0,0,0,0,0,0,0,0,0,2000,0,0,0,2000,0,2000,2000
067998,聯發科元大01購22,0,0,0,0,0,0,0,0,0,2000,0,0,0,4000,2000,2000,2000
067168,國巨麥證01購05  ,0,0,0,12000,2000,10000,0,0,0,2000,0,0,0,14000,12000,2000,2000
067169,台積電麥證01購07,0,0,0,2000,180000,-178000,0,0,0,2000,0,0,0,182000,180000,2000,2000
06751P,旺宏凱基98售10  ,0,0,0,0,0,0,0,0,0,2000,0,0,0,2000,0,2000,2000
067412,玉山金中信07購01,0,0,0,0,0,0,0,0,0,2000,0,0,0,22000,20000,2000,2000
067395,金像電永豐01購04,0,0,0,0,0,0,0,0,0,2000,0,0,0,2000,0,2000,2000
060392,華擎群益9C購02  ,0,0,0,0,0,0,0,0,0,2000,0,0,0,2000,0,2000,2000
059524,FBVIX凱基9A購02 ,0,0,0,0,0,0,0,0,0,2000,0,0,0,2000,0,2000,2000
059370,玉晶光元富99購02,0,0,0,0,0,0,0,0,0,2000,0,0,0,2000,0,2000,2000
059276,可成元大99購06  ,0,0,0,0,0,0,0,0,0,2000,0,0,0,2000,0,2000,2000
058449,台積電永豐99購01,0,0,0,0,0,0,0,0,0,2000,0,0,0,2000,0,2000,2000
058474,鴻海凱基9A購06  ,0,0,0,0,0,0,0,0,0,2000,0,0,0,7000,5000,2000,2000
058492,華通群益9B購01  ,0,0,0,0,0,0,0,0,0,2000,0,0,0,2000,0,2000,2000
058934,台灣50中信03購03,0,0,0,0,0,0,0,0,0,2000,0,0,0,12000,10000,2000,2000
058847,國巨群益99購05  ,0,0,0,0,0,0,0,0,0,2000,0,0,0,25000,23000,2000,2000
058975,台灣50凱基01購02,0,0,0,0,0,0,0,0,0,2000,0,0,0,2000,0,2000,2000
05901P,臺股指凱基9C售01,0,0,0,0,0,0,0,0,0,2000,0,0,0,2000,0,2000,2000
059879,GIS凱基99購03   ,0,0,0,0,0,0,0,0,0,2000,0,0,0,2000,0,2000,2000
059707,健策凱基9A購03  ,0,0,0,0,0,0,0,0,0,2000,0,0,0,18000,16000,2000,2000
00743,國泰中國A150    ,0,0,0,0,0,0,0,0,0,2000,0,0,0,13000,11000,2000,2000
03457B,臺股指元大03熊04,0,0,0,0,0,0,0,0,0,2000,0,0,0,2000,0,2000,2000
050801,元金2X群益98購01,0,0,0,0,0,0,0,0,0,2000,0,0,0,829000,827000,2000,2000
052313,聯電元大98購01  ,0,0,0,0,0,0,0,0,0,2000,0,0,0,2000,0,2000,2000
053049,T50反1國票98購01,0,0,0,0,0,0,0,0,0,2000,0,0,0,2000,0,2000,2000
053565,台光電富邦98購01,0,0,0,0,0,0,0,0,0,2000,0,0,0,2000,0,2000,2000
053764,A50正2富邦99購01,0,0,0,0,0,0,0,0,0,2000,0,0,0,2000,0,2000,2000
053891,欣興群益98購01  ,0,0,0,0,0,0,0,0,0,2000,0,0,0,57000,55000,2000,2000
03112P,GIS元大01售03   ,0,0,0,0,0,0,0,0,0,2000,0,0,0,27000,25000,2000,2000
057618,台光電凱基99購01,0,0,0,0,0,0,0,0,0,2000,0,0,0,42000,40000,2000,2000
057020,台積電凱基99購02,0,0,0,0,0,0,0,0,0,2000,0,0,0,71000,69000,2000,2000
057105,致茂群益9A購01  ,0,0,0,0,0,0,0,0,0,2000,0,0,0,12000,10000,2000,2000
057149,京鼎國票99購02  ,0,0,0,0,0,0,0,0,0,2000,0,0,0,2000,0,2000,2000
055438,鴻海國票98購01  ,0,0,0,0,0,0,0,0,0,2000,0,0,0,2000,0,2000,2000
054231,國巨群益98購03  ,0,0,0,0,0,0,0,0,0,2000,0,0,0,2000,0,2000,2000
055150,台積電元大98購04,0,0,0,0,0,0,0,0,0,2000,0,0,0,2000,0,2000,2000
056498,A50正2富邦9B購01,0,0,0,0,0,0,0,0,0,2000,0,0,0,43000,41000,2000,2000
058221,上銀統一99購04  ,0,0,0,0,0,0,0,0,0,2000,0,0,0,2000,0,2000,2000
057772,台積電群益99購01,0,0,0,0,0,0,0,0,0,2000,0,0,0,2000,0,2000,2000
057708,臺股指群益98購08,0,0,0,0,0,0,0,0,0,2000,0,0,0,5000,3000,2000,2000
058267,奇鋐永豐99購01  ,0,0,0,0,0,0,0,0,0,2000,0,0,0,143000,141000,2000,2000
054387,台積電統一98購02,0,0,0,0,0,0,0,0,0,2000,0,0,0,2000,0,2000,2000
056954,聯詠富邦9A購01  ,0,0,0,0,0,0,0,0,0,2000,0,0,0,2000,0,2000,2000
054965,健策元大98購04  ,0,0,0,0,0,0,0,0,0,2000,0,0,0,2000,0,2000,2000
057783,台積電國票9A購01,0,0,0,0,0,0,0,0,0,2000,0,0,0,4000,2000,2000,2000
057981,臻鼎永豐98購01  ,0,0,0,0,0,0,0,0,0,2000,0,0,0,2000,0,2000,2000
062931,上証2X凱基01購01,0,0,0,0,0,0,0,0,0,2000,0,0,0,5000,3000,2000,2000
062789,臺股指元大9B購32,0,0,0,0,0,0,0,0,0,2000,0,0,0,2000,0,2000,2000
062629,聯發科國票9C購01,0,0,0,0,0,0,0,0,0,2000,0,0,0,2000,0,2000,2000
063302,國巨凱基9C購05  ,0,0,0,0,0,0,0,0,0,2000,0,0,0,19000,17000,2000,2000
063236,旺宏元大9B購07  ,0,0,0,0,0,0,0,0,0,2000,0,0,0,2000,0,2000,2000
061841,晶技凱基9C購01  ,0,0,0,0,0,0,0,0,0,2000,0,0,0,23000,21000,2000,2000
061270,彩晶凱基9A購02  ,0,0,0,0,0,0,0,0,0,2000,0,0,0,9000,7000,2000,2000
062331,大立光統一9B購10,0,0,0,0,0,0,0,0,0,2000,0,0,0,345000,343000,2000,2000
062419,台積電統一9B購15,0,0,0,0,0,0,0,0,0,2000,0,0,0,2000,0,2000,2000
062308,旺宏凱基9B購04  ,0,0,0,0,0,0,0,0,0,2000,0,0,0,33000,31000,2000,2000
063042,同欣電凱基9C購01,0,0,0,0,0,0,0,0,0,2000,0,0,0,2000,0,2000,2000
063078,元金2X凱基02購03,0,0,0,0,0,0,0,0,0,2000,0,0,0,3000,1000,2000,2000
062018,台勝科永豐9B購01,0,0,0,0,0,0,0,0,0,2000,0,0,0,2000,0,2000,2000
061824,聯電麥證9B購01  ,0,0,0,2000,0,2000,0,0,0,2000,0,0,0,2000,0,2000,2000
061648,緯穎元大9A購04  ,0,0,0,0,0,0,0,0,0,2000,0,0,0,2000,0,2000,2000
061655,微星國票9A購01  ,0,0,0,0,0,0,0,0,0,2000,0,0,0,2000,0,2000,2000
061052,和大群益9A購01  ,0,0,0,0,0,0,0,0,0,2000,0,0,0,2000,0,2000,2000
061165,美律兆豐9A購01  ,0,0,0,0,0,0,0,0,0,2000,0,0,0,2000,0,2000,2000
061365,國巨國票9B購05  ,0,0,0,0,0,0,0,0,0,2000,0,0,0,29000,27000,2000,2000
061987,大立光元大9B購03,0,0,0,0,0,0,0,0,0,2000,0,0,0,22000,20000,2000,2000
062537,聯電國泰9C購01  ,0,0,0,0,0,0,0,0,0,2000,0,0,0,2000,0,2000,2000
064152,義隆統一02購02  ,0,0,0,0,0,0,0,0,0,2000,0,0,0,2000,0,2000,2000
064356,矽創元大01購01  ,0,0,0,0,0,0,0,0,0,2000,0,0,0,26000,24000,2000,2000
064459,創意統一02購01  ,0,0,0,0,0,0,0,0,0,2000,0,0,0,12000,10000,2000,2000
064417,創意中信9C購01  ,0,0,0,0,0,0,0,0,0,2000,0,0,0,22000,20000,2000,2000
064431,台積電凱基01購05,0,0,0,0,0,0,0,0,0,2000,0,0,0,43000,41000,2000,2000
064777,南亞科群益9C購01,0,0,0,0,0,0,0,0,0,2000,0,0,0,2000,0,2000,2000
065715,勤誠群益9C購01  ,0,0,0,0,0,0,0,0,0,2000,0,0,0,2000,0,2000,2000
065436,力成凱基02購01  ,0,0,0,0,0,0,0,0,0,2000,0,0,0,50000,48000,2000,2000
065451,台表科統一02購04,0,0,0,0,0,0,0,0,0,2000,0,0,0,640000,638000,2000,2000
065057,臺股指凱基9C購21,0,0,0,0,0,0,0,0,0,2000,0,0,0,2000,0,2000,2000
065140,國巨凱基01購02  ,0,0,0,0,0,0,0,0,0,2000,0,0,0,15000,13000,2000,2000
065335,玉晶光台新9C購03,0,0,0,0,0,0,0,0,0,2000,0,0,0,19000,17000,2000,2000
065181,南電元大01購01  ,0,0,0,0,0,0,0,0,0,2000,0,0,0,2000,0,2000,2000
065210,健策國票01購03  ,0,0,0,0,0,0,0,0,0,2000,0,0,0,2000,0,2000,2000
065262,義隆元大9C購06  ,0,0,0,0,0,0,0,0,0,2000,0,0,0,36000,34000,2000,2000
066535,台積電兆豐01購01,0,0,0,0,0,0,0,0,0,2000,0,0,0,12000,10000,2000,2000
066476,禾伸堂麥證01購01,0,0,0,2000,0,2000,0,0,0,2000,0,0,0,2000,0,2000,2000
06691P,臺股指群益9C售05,0,0,0,0,0,0,0,0,0,2000,0,0,0,2000,0,2000,2000
066801,奇鋐凱基01購02  ,0,0,0,0,0,0,0,0,0,2000,0,0,0,38000,36000,2000,2000
066828,聯發科群益02購05,0,0,0,0,0,0,0,0,0,2000,0,0,0,2000,0,2000,2000
066839,台灣50元大01購24,0,0,0,0,0,0,0,0,0,2000,0,0,0,22000,20000,2000,2000
066706,揚明光群益01購01,0,0,0,0,0,0,0,0,0,2000,0,0,0,2000,0,2000,2000
066113,金像電兆豐01購01,0,0,0,0,0,0,0,0,0,2000,0,0,0,12000,10000,2000,2000
066144,惠特群益01購02  ,0,0,0,0,0,0,0,0,0,2000,0,0,0,20000,18000,2000,2000
3167,大量            ,7000,4000,3000,0,0,0,0,0,0,-1000,0,1000,-1000,0,0,0,2000
3058,立德            ,23000,21000,2000,0,0,0,0,0,0,0,0,0,0,0,0,0,2000
2891B,中信金乙特      ,0,0,0,0,0,0,0,0,0,2000,2000,0,2000,0,0,0,2000
3028,增你強          ,11000,2000,9000,0,0,0,0,0,0,-7000,0,7000,-7000,0,0,0,2000
2706,第一店          ,8000,6000,2000,0,0,0,0,0,0,0,0,0,0,0,0,0,2000
2701,萬企            ,2000,0,2000,0,0,0,0,0,0,0,0,0,0,0,0,0,2000
2483,百容            ,0,0,0,0,0,0,0,0,0,2000,2000,0,2000,0,0,0,2000
2477,美隆電          ,3000,1000,2000,0,0,0,0,0,0,0,0,0,0,0,0,0,2000
8105,凌巨            ,182000,121000,61000,0,0,0,0,0,0,-59000,1000,60000,-59000,0,0,0,2000
6108,競國            ,48000,46000,2000,0,0,0,0,0,0,0,0,0,0,0,0,0,2000
6164,華興            ,10000,8000,2000,0,0,0,0,0,0,0,0,0,0,0,0,0,2000
5284,jpp-KY          ,4000,2000,2000,0,0,0,0,0,0,0,0,0,0,0,0,0,2000
1101B,台泥乙特        ,0,0,0,0,0,0,0,0,0,2000,2000,0,2000,0,0,0,2000
08978P,臺股指群益01售12,0,0,0,0,0,0,0,0,0,2000,0,0,0,2000,0,2000,2000
08789P,A50正2元富01售04,0,0,0,0,0,0,0,0,0,2000,0,0,0,32000,30000,2000,2000
08814P,世紀鋼群益01售04,0,0,0,0,0,0,0,0,0,2000,0,0,0,2000,0,2000,2000
08870P,鴻海群益01售09  ,0,0,0,0,0,0,0,0,0,2000,0,0,0,2000,0,2000,2000
1540,喬福            ,4000,2000,2000,0,0,0,0,0,0,0,0,0,0,0,0,0,2000
1583,程泰            ,2000,0,2000,0,0,0,0,0,0,0,0,0,0,0,0,0,2000
1525,江申            ,6000,4000,2000,0,0,0,0,0,0,0,0,0,0,0,0,0,2000
2008,高興昌          ,2000,0,2000,0,0,0,0,0,0,0,0,0,0,0,0,0,2000
1817,凱撒衛          ,4000,2000,2000,0,0,0,0,0,0,0,0,0,0,0,0,0,2000
2024,志聯            ,2000,0,2000,0,0,0,0,0,0,0,0,0,0,0,0,0,2000
9912,偉聯            ,2000,0,2000,0,0,0,0,0,0,0,0,0,0,0,0,0,2000
06711P,臺股指台新99售08,0,0,0,0,0,0,0,0,0,1000,0,0,0,1000,0,1000,1000
068190,台積電凱基01購20,0,0,0,0,0,0,0,0,0,1000,0,0,0,31000,30000,1000,1000
068205,京鼎凱基01購05  ,0,0,0,0,0,0,0,0,0,1000,0,0,0,9000,8000,1000,1000
07307P,上証2X凱基9A售02,0,0,0,0,0,0,0,0,0,1000,0,0,0,1000,0,1000,1000
06843P,鴻海元大98售11  ,0,0,0,0,0,0,0,0,0,1000,0,0,0,23000,22000,1000,1000
07015P,國巨元大99售13  ,0,0,0,0,0,0,0,0,0,1000,0,0,0,1000,0,1000,1000
06940P,旺宏永豐98售05  ,0,0,0,0,0,0,0,0,0,1000,0,0,0,1000,0,1000,1000
06900P,FBVIX國票12售01 ,0,0,0,0,0,0,0,0,0,1000,0,0,0,1000,0,1000,1000
06969P,上銀元大99售02  ,0,0,0,0,0,0,0,0,0,1000,0,0,0,1000,0,1000,1000
068398,上証2X元富07購04,0,0,0,0,0,0,0,0,0,1000,0,0,0,1000,0,1000,1000
068345,聯發科麥證01購09,0,0,0,1000,0,1000,0,0,0,1000,0,0,0,1000,0,1000,1000
08280P,臺股指中信02售01,0,0,0,0,0,0,0,0,0,1000,0,0,0,1000,0,1000,1000
08162P,台灣50台新9C售06,0,0,0,0,0,0,0,0,0,1000,0,0,0,1000,0,1000,1000
057802,卜蜂元大98購01  ,0,0,0,0,0,0,0,0,0,1000,0,0,0,1000,0,1000,1000
057832,聯發科元富02購05,0,0,0,0,0,0,0,0,0,1000,0,0,0,1000,0,1000,1000
054930,群電凱基98購01  ,0,0,0,0,0,0,0,0,0,1000,0,0,0,1000,0,1000,1000
054768,泰碩國票99購02  ,0,0,0,0,0,0,0,0,0,1000,0,0,0,1000,0,1000,1000
058245,訊連元大99購01  ,0,0,0,0,0,0,0,0,0,1000,0,0,0,7000,6000,1000,1000
056578,智易元大99購02  ,0,0,0,0,0,0,0,0,0,1000,0,0,0,1000,0,1000,1000
056320,京鼎群益99購01  ,0,0,0,0,0,0,0,0,0,1000,0,0,0,1000,0,1000,1000
055417,健策富邦98購02  ,0,0,0,0,0,0,0,0,0,1000,0,0,0,1000,0,1000,1000
053979,健策元大98購01  ,0,0,0,0,0,0,0,0,0,1000,0,0,0,1000,0,1000,1000
055522,道瓊反群益01購01,0,0,0,0,0,0,0,0,0,1000,0,0,0,1000,0,1000,1000
055487,國巨元大98購07  ,0,0,0,0,0,0,0,0,0,1000,0,0,0,1000,0,1000,1000
055572,鴻海統一98購04  ,0,0,0,0,0,0,0,0,0,1000,0,0,0,1000,0,1000,1000
055695,大毅國票98購03  ,0,0,0,0,0,0,0,0,0,1000,0,0,0,1000,0,1000,1000
055681,奇鋐凱基98購03  ,0,0,0,0,0,0,0,0,0,1000,0,0,0,1000,0,1000,1000
056194,聯發科富邦9B購01,0,0,0,0,0,0,0,0,0,1000,0,0,0,1000,0,1000,1000
057138,亞德客兆豐98購01,0,0,0,0,0,0,0,0,0,1000,0,0,0,2000,1000,1000,1000
057167,台積電元大99購03,0,0,0,0,0,0,0,0,0,1000,0,0,0,1000,0,1000,1000
057023,美律凱基99購02  ,0,0,0,0,0,0,0,0,0,1000,0,0,0,1000,0,1000,1000
057069,台積電永豐98購02,0,0,0,0,0,0,0,0,0,1000,0,0,0,1000,0,1000,1000
057078,國巨統一9A購02  ,0,0,0,0,0,0,0,0,0,1000,0,0,0,1000,0,1000,1000
057292,國巨國泰9B購01  ,0,0,0,0,0,0,0,0,0,1000,0,0,0,2000,1000,1000,1000
05721P,全新群益98售02  ,0,0,0,0,0,0,0,0,0,1000,0,0,0,1000,0,1000,1000
057534,旭富元大98購01  ,0,0,0,0,0,0,0,0,0,1000,0,0,0,1000,0,1000,1000
057595,健鼎兆豐98購01  ,0,0,0,0,0,0,0,0,0,1000,0,0,0,11000,10000,1000,1000
03093X,永豐金元大61展01,0,0,0,0,0,0,0,0,0,1000,0,0,0,1000,0,1000,1000
057449,華新科元富99購02,0,0,0,0,0,0,0,0,0,1000,0,0,0,1000,0,1000,1000
03088P,大立光元大01售17,0,0,0,0,0,0,0,0,0,1000,0,0,0,1000,0,1000,1000
053860,台積電元大98購03,0,0,0,0,0,0,0,0,0,1000,0,0,0,1000,0,1000,1000
053401,臺股指中信99購01,0,0,0,0,0,0,0,0,0,1000,0,0,0,7000,6000,1000,1000
053336,元油反國票9B購02,0,0,0,0,0,0,0,0,0,1000,0,0,0,1000,0,1000,1000
03682C,臺股指凱基9C牛07,0,0,0,0,0,0,0,0,0,1000,0,0,0,16000,15000,1000,1000
042793,台積電台新9C購01,0,0,0,0,0,0,0,0,0,1000,0,0,0,2000,1000,1000,1000
049759,元黃金富邦9A購01,0,0,0,0,0,0,0,0,0,1000,0,0,0,1000,0,1000,1000
049842,道瓊反中信98購01,0,0,0,0,0,0,0,0,0,1000,0,0,0,1000,0,1000,1000
047004,台積電統一99購01,0,0,0,0,0,0,0,0,0,1000,0,0,0,3000,2000,1000,1000
02001L,富邦蘋果正二N   ,0,0,0,0,0,0,0,0,0,1000,0,0,0,1000,0,1000,1000
00865B,國泰US短期公債  ,0,0,0,0,0,0,0,0,0,1000,0,0,0,101000,100000,1000,1000
020011,統一微波高息20N ,0,0,0,0,0,0,0,0,0,1000,0,0,0,36000,35000,1000,1000
00730,富邦臺灣優質高息,10000,0,10000,0,0,0,0,0,0,-9000,0,0,0,200000,209000,-9000,1000
059116,晶豪科永豐99購01,0,0,0,0,0,0,0,0,0,1000,0,0,0,58000,57000,1000,1000
059721,旺宏元大99購16  ,0,0,0,0,0,0,0,0,0,1000,0,0,0,2000,1000,1000,1000
05981P,可成永昌98售02  ,0,0,0,0,0,0,0,0,0,1000,0,0,0,1000,0,1000,1000
059771,台積電群益99購11,0,0,0,0,0,0,0,0,0,1000,0,0,0,1000,0,1000,1000
059966,台積電凱基99購19,0,0,0,0,0,0,0,0,0,1000,0,0,0,1000,0,1000,1000
059021,台積電統一9B購07,0,0,0,0,0,0,0,0,0,1000,0,0,0,3000,2000,1000,1000
058813,旺宏統一9B購04  ,0,0,0,0,0,0,0,0,0,1000,0,0,0,1000,0,1000,1000
058946,SGBR2X群益9B購01,0,0,0,0,0,0,0,0,0,1000,0,0,0,1000,0,1000,1000
058960,臺股指國票99購05,0,0,0,0,0,0,0,0,0,1000,0,0,0,1000,0,1000,1000
058900,旺宏元大99購11  ,0,0,0,0,0,0,0,0,0,1000,0,0,0,2000,1000,1000,1000
058745,元金2X凱基9C購02,0,0,0,0,0,0,0,0,0,1000,0,0,0,1000,0,1000,1000
058651,FBVIX中信9C購01 ,0,0,0,0,0,0,0,0,0,1000,0,0,0,1000,0,1000,1000
058631,鈺齊國票9A購01  ,0,0,0,0,0,0,0,0,0,1000,0,0,0,2000,1000,1000,1000
058504,台積電元大99購07,0,0,0,0,0,0,0,0,0,1000,0,0,0,1000,0,1000,1000
059295,大立光元富99購05,0,0,0,0,0,0,0,0,0,1000,0,0,0,69000,68000,1000,1000
059232,台灣50凱基03購01,0,0,0,0,0,0,0,0,0,1000,0,0,0,1000,0,1000,1000
059334,A50正2國票9A購02,0,0,0,0,0,0,0,0,0,1000,0,0,0,1000,0,1000,1000
059317,台積電元大99購34,0,0,0,0,0,0,0,0,0,1000,0,0,0,1000,0,1000,1000
059611,台積電永豐99購05,0,0,0,0,0,0,0,0,0,1000,0,0,0,1000,0,1000,1000
059348,日月光凱基99購01,0,0,0,0,0,0,0,0,0,1000,0,0,0,21000,20000,1000,1000
059465,台灣50元大9C購09,0,0,0,0,0,0,0,0,0,1000,0,0,0,1000,0,1000,1000
060369,滬深2X元富01購01,0,0,0,0,0,0,0,0,0,1000,0,0,0,3000,2000,1000,1000
063670,美食統一9C購01  ,0,0,0,0,0,0,0,0,0,1000,0,0,0,1000,0,1000,1000
064151,義隆統一01購01  ,0,0,0,0,0,0,0,0,0,1000,0,0,0,1000,0,1000,1000
064126,聯發科元大9C購05,0,0,0,0,0,0,0,0,0,1000,0,0,0,3000,2000,1000,1000
064015,立積國票01購01  ,0,0,0,0,0,0,0,0,0,1000,0,0,0,52000,51000,1000,1000
064310,華新科群益9C購02,0,0,0,0,0,0,0,0,0,1000,0,0,0,1000,0,1000,1000
064202,景碩兆豐9C購01  ,0,0,0,0,0,0,0,0,0,1000,0,0,0,90000,89000,1000,1000
061953,台積電台新9B購04,0,0,0,0,0,0,0,0,0,1000,0,0,0,1000,0,1000,1000
061965,台積電統一02購02,0,0,0,0,0,0,0,0,0,1000,0,0,0,1000,0,1000,1000
061328,T50反1元大9A購12,0,0,0,0,0,0,0,0,0,1000,0,0,0,1000,0,1000,1000
060637,玉晶光永豐9A購03,0,0,0,0,0,0,0,0,0,1000,0,0,0,22000,21000,1000,1000
062582,鴻海統一9C購11  ,0,0,0,0,0,0,0,0,0,1000,0,0,0,1000,0,1000,1000
061144,玉晶光中信9B購02,0,0,0,0,0,0,0,0,0,1000,0,0,0,3000,2000,1000,1000
061134,大成鋼統一9C購01,0,0,0,0,0,0,0,0,0,1000,0,0,0,3000,2000,1000,1000
060477,和潤元大9A購01  ,0,0,0,0,0,0,0,0,0,1000,0,0,0,1000,0,1000,1000
060532,欣興中信9A購01  ,0,0,0,0,0,0,0,0,0,1000,0,0,0,1000,0,1000,1000
060543,鴻海凱基9B購02  ,0,0,0,0,0,0,0,0,0,1000,0,0,0,1000,0,1000,1000
061461,元金2X群益9A購01,0,0,0,0,0,0,0,0,0,1000,0,0,0,10000,9000,1000,1000
061464,瑞昱群益9A購01  ,0,0,0,0,0,0,0,0,0,1000,0,0,0,1000,0,1000,1000
061456,玉晶光凱基9B購05,0,0,0,0,0,0,0,0,0,1000,0,0,0,11000,10000,1000,1000
060814,健策凱基9B購01  ,0,0,0,0,0,0,0,0,0,1000,0,0,0,41000,40000,1000,1000
060799,茂林永豐9A購01  ,0,0,0,0,0,0,0,0,0,1000,0,0,0,1000,0,1000,1000
060843,大立光國票9A購06,0,0,0,0,0,0,0,0,0,1000,0,0,0,1000,0,1000,1000
061827,台灣50凱基02購01,0,0,0,0,0,0,0,0,0,1000,0,0,0,1000,0,1000,1000
063140,聯發科統一9B購08,0,0,0,0,0,0,0,0,0,1000,0,0,0,500000,499000,1000,1000
063797,台積電凱基02購02,0,0,0,0,0,0,0,0,0,1000,0,0,0,1000,0,1000,1000
063394,金像電群益9B購01,0,0,0,0,0,0,0,0,0,1000,0,0,0,1000,0,1000,1000
063395,金像電群益9B購02,0,0,0,0,0,0,0,0,0,1000,0,0,0,1000,0,1000,1000
063378,茂林永豐9B購02  ,0,0,0,0,0,0,0,0,0,1000,0,0,0,1000,0,1000,1000
062179,旺宏元大9B購05  ,0,0,0,0,0,0,0,0,0,1000,0,0,0,1000,0,1000,1000
061871,瑞昱元大9B購01  ,0,0,0,0,0,0,0,0,0,1000,0,0,0,8000,7000,1000,1000
062436,國巨元大9B購14  ,0,0,0,0,0,0,0,0,0,1000,0,0,0,1000,0,1000,1000
063234,國巨元大9C購03  ,0,0,0,0,0,0,0,0,0,1000,0,0,0,2000,1000,1000,1000
063250,同欣電元大9B購03,0,0,0,0,0,0,0,0,0,1000,0,0,0,25000,24000,1000,1000
062509,SP黃豆國票9B購03,0,0,0,0,0,0,0,0,0,1000,0,0,0,6000,5000,1000,1000
063350,台表科統一02購02,0,0,0,0,0,0,0,0,0,1000,0,0,0,1000,0,1000,1000
060752,上銀元大9A購04  ,0,0,0,0,0,0,0,0,0,1000,0,0,0,1000,0,1000,1000
060779,臺股指凱基9A購07,0,0,0,0,0,0,0,0,0,1000,0,0,0,1000,0,1000,1000
062635,創意國票9B購01  ,0,0,0,0,0,0,0,0,0,1000,0,0,0,1000,0,1000,1000
062863,聯茂國票9B購01  ,0,0,0,0,0,0,0,0,0,1000,0,0,0,40000,39000,1000,1000
063019,聯發科元大9C購01,0,0,0,0,0,0,0,0,0,1000,0,0,0,3000,2000,1000,1000
062994,祥碩群益9B購05  ,0,0,0,0,0,0,0,0,0,1000,0,0,0,13000,12000,1000,1000
062987,祥碩中信01購01  ,0,0,0,0,0,0,0,0,0,1000,0,0,0,1000,0,1000,1000
066169,晶豪科凱基01購01,0,0,0,0,0,0,0,0,0,1000,0,0,0,11000,10000,1000,1000
066206,聯鈞統一01購01  ,0,0,0,0,0,0,0,0,0,1000,0,0,0,1000,0,1000,1000
066071,台光電凱基02購01,0,0,0,0,0,0,0,0,0,1000,0,0,0,37000,36000,1000,1000
066046,聯發科元大01購09,0,0,0,0,0,0,0,0,0,1000,0,0,0,37000,36000,1000,1000
065906,瑞昱永豐9C購01  ,0,0,0,0,0,0,0,0,0,1000,0,0,0,2000,1000,1000,1000
065897,凌華統一03購01  ,0,0,0,0,0,0,0,0,0,1000,0,0,0,1000,0,1000,1000
065939,創意群益01購01  ,0,0,0,0,0,0,0,0,0,1000,0,0,0,46000,45000,1000,1000
065936,聯發科群益02購01,0,0,0,0,0,0,0,0,0,1000,0,0,0,1000,0,1000,1000
065875,創意群益9C購05  ,0,0,0,0,0,0,0,0,0,1000,0,0,0,1000,0,1000,1000
066890,聯詠中信07購01  ,0,0,0,0,0,0,0,0,0,1000,0,0,0,3000,2000,1000,1000
066880,上証2X永豐01購01,0,0,0,0,0,0,0,0,0,1000,0,0,0,1000,0,1000,1000
066863,上証2X元富07購01,0,0,0,0,0,0,0,0,0,1000,0,0,0,1000,0,1000,1000
066864,上証2X元富07購02,0,0,0,0,0,0,0,0,0,1000,0,0,0,2000,1000,1000,1000
066492,台郡元富01購01  ,0,0,0,0,0,0,0,0,0,1000,0,0,0,1000,0,1000,1000
066579,臺股指元大01購08,0,0,0,0,0,0,0,0,0,1000,0,0,0,2000,1000,1000,1000
066655,上証2X凱基03購03,0,0,0,0,0,0,0,0,0,1000,0,0,0,1000,0,1000,1000
066635,敦泰凱基01購01  ,0,0,0,0,0,0,0,0,0,1000,0,0,0,12000,11000,1000,1000
065209,國泰金國票01購01,0,0,0,0,0,0,0,0,0,1000,0,0,0,4000,3000,1000,1000
065160,聯茂群益9C購02  ,0,0,0,0,0,0,0,0,0,1000,0,0,0,5000,4000,1000,1000
065049,世芯凱基02購01  ,0,0,0,0,0,0,0,0,0,1000,0,0,0,572000,571000,1000,1000
065476,聯發科元大9C購14,0,0,0,0,0,0,0,0,0,1000,0,0,0,1000,0,1000,1000
065553,聯詠凱基9C購03  ,0,0,0,0,0,0,0,0,0,1000,0,0,0,134000,133000,1000,1000
065656,聯發科國泰03購01,0,0,0,0,0,0,0,0,0,1000,0,0,0,1000,0,1000,1000
065601,聯發科元大01購05,0,0,0,0,0,0,0,0,0,1000,0,0,0,42000,41000,1000,1000
065609,嘉澤元大01購02  ,0,0,0,0,0,0,0,0,0,1000,0,0,0,136000,135000,1000,1000
064797,道瓊反元大01購01,0,0,0,0,0,0,0,0,0,1000,0,0,0,1000,0,1000,1000
064723,大立光統一02購04,0,0,0,0,0,0,0,0,0,1000,0,0,0,151000,150000,1000,1000
064724,健鼎統一02購02  ,0,0,0,0,0,0,0,0,0,1000,0,0,0,1000,0,1000,1000
064865,美律永豐9C購02  ,0,0,0,0,0,0,0,0,0,1000,0,0,0,10000,9000,1000,1000
064986,GIS元大9C購07   ,0,0,0,0,0,0,0,0,0,1000,0,0,0,1000,0,1000,1000
064397,旭富永豐9C購01  ,0,0,0,0,0,0,0,0,0,1000,0,0,0,1000,0,1000,1000
064523,聯茂群益9C購01  ,0,0,0,0,0,0,0,0,0,1000,0,0,0,7000,6000,1000,1000
064526,臺股指群益9C購11,0,0,0,0,0,0,0,0,0,1000,0,0,0,41000,40000,1000,1000
9931,欣高            ,1000,0,1000,0,0,0,0,0,0,0,0,0,0,0,0,0,1000
9940,信義            ,138000,30000,108000,0,0,0,0,0,0,-107000,0,107000,-107000,0,0,0,1000
2236,百達-KY         ,1000,0,1000,0,0,0,0,0,0,0,0,0,0,0,0,0,1000
1455,集盛            ,79000,78000,1000,0,0,0,0,0,0,0,0,0,0,0,0,0,1000
1432,大魯閣          ,4000,3000,1000,0,0,0,0,0,0,0,0,0,0,0,0,0,1000
08860P,鴻海統一01售06  ,0,0,0,0,0,0,0,0,0,1000,0,0,0,1000,0,1000,1000
1220,台榮            ,10000,9000,1000,0,0,0,0,0,0,0,0,0,0,0,0,0,1000
5706,鳳凰            ,13000,12000,1000,0,0,0,0,0,0,0,0,0,0,0,0,0,1000
4555,氣立            ,5000,4000,1000,0,0,0,0,0,0,0,0,0,0,0,0,0,1000
4557,永新-KY         ,0,0,0,0,0,0,0,0,0,1000,1000,0,1000,0,0,0,1000
8201,無敵            ,7000,6000,1000,0,0,0,0,0,0,0,0,0,0,0,0,0,1000
910322,康師傅-DR       ,2000,1000,1000,0,0,0,0,0,0,0,0,0,0,0,0,0,1000
6671,三能-KY         ,0,1000,-1000,0,0,0,0,0,0,2000,2000,0,2000,0,0,0,1000
2881A,富邦特          ,0,0,0,0,0,0,0,0,0,1000,21000,20000,1000,0,0,0,1000
3164,景岳            ,15000,14000,1000,0,0,0,0,0,0,0,0,0,0,0,0,0,1000
008201,BP上證50        ,0,0,0,0,0,0,0,0,0,600,0,0,0,600,0,600,600
08323P,華新科凱基9C售04,0,0,0,0,0,0,0,0,0,0,0,0,0,60000,60000,0,0
08017P,華新科國票9B售01,0,0,0,0,0,0,0,0,0,0,0,0,0,199000,199000,0,0
08099P,聯發科中信9B售04,0,0,0,0,0,0,0,0,0,0,0,0,0,10000,10000,0,0
08650P,臺股指元大9C售36,0,0,0,0,0,0,0,0,0,0,0,0,0,141000,141000,0,0
08547P,大立光中信9C售04,0,0,0,0,0,0,0,0,0,0,0,0,0,10000,10000,0,0
08507P,臺股指國票9C售08,0,0,0,0,0,0,0,0,0,0,0,0,0,90000,90000,0,0
068340,緯穎元大03購01  ,0,0,0,0,0,0,0,0,0,0,0,0,0,25000,25000,0,0
068360,緯穎凱基01購05  ,0,0,0,0,0,0,0,0,0,0,0,0,0,18000,18000,0,0
068314,南電國票03購02  ,0,0,0,0,0,0,0,0,0,0,0,0,0,1000,1000,0,0
068320,國巨元大01購17  ,0,0,0,0,0,0,0,0,0,0,0,0,0,1000,1000,0,0
068336,瀚宇博元大01購05,0,0,0,0,0,0,0,0,0,0,0,0,0,5000,5000,0,0
068337,同欣電元大01購05,0,0,0,0,0,0,0,0,0,0,0,0,0,47000,47000,0,0
068387,國巨統一03購02  ,0,0,0,0,0,0,0,0,0,0,0,0,0,9000,9000,0,0
068322,國巨元大03購02  ,0,0,0,0,0,0,0,0,0,0,0,0,0,1000,1000,0,0
068444,中磊凱基01購01  ,0,0,0,0,0,0,0,0,0,0,0,0,0,30000,30000,0,0
068437,宏達電凱基01購03,0,0,0,0,0,0,0,0,0,0,0,0,0,8000,8000,0,0
068454,致茂國票03購01  ,0,0,0,0,0,0,0,0,0,0,0,0,0,1000,1000,0,0
068492,聯發科元大01購29,0,0,0,0,0,0,0,0,0,0,0,0,0,51000,51000,0,0
068493,聯發科元大01購30,0,0,0,0,0,0,0,0,0,0,0,0,0,1000,1000,0,0
068505,GIS元大01購06   ,0,0,0,0,0,0,0,0,0,0,0,0,0,8000,8000,0,0
07198P,臺股指元大99售14,0,0,0,0,0,0,0,0,0,0,0,0,0,110000,110000,0,0
07200P,臺股指元大99售16,8000,0,8000,0,0,0,0,0,0,-8000,0,0,0,0,8000,-8000,0
07121P,華新科凱基99售03,0,0,0,0,0,0,0,0,0,0,0,0,0,20000,20000,0,0
07129P,華新科元大99售14,0,0,0,0,0,0,0,0,0,0,0,0,0,30000,30000,0,0
07462P,臺股指元大9B售05,0,0,0,0,0,0,0,0,0,0,0,0,0,5000,5000,0,0
07653P,華新科群益9A售05,0,0,0,0,0,0,0,0,0,0,0,0,0,10000,10000,0,0
07672P,南電元大9A售05  ,0,0,0,0,0,0,0,0,0,0,0,0,0,40000,40000,0,0
07757P,國巨國票9B售04  ,0,0,0,0,0,0,0,0,0,0,0,0,0,20000,20000,0,0
07913P,友達元大01售01  ,0,20000,-20000,0,0,0,0,0,0,20000,0,0,0,20000,0,20000,0
068178,華邦電群益01購04,0,0,0,0,0,0,0,0,0,0,0,0,0,10000,10000,0,0
068071,興勤凱基02購01  ,0,0,0,0,0,0,0,0,0,0,0,0,0,10000,10000,0,0
068104,彩晶永豐01購01  ,0,0,0,0,0,0,0,0,0,0,0,0,0,85000,85000,0,0
068093,達欣工群益01購01,0,0,0,0,0,0,0,0,0,0,0,0,0,7000,7000,0,0
067943,矽格凱基01購04  ,0,0,0,0,0,0,0,0,0,0,0,0,0,10000,10000,0,0
067956,玉晶光永豐01購08,0,0,0,0,0,0,0,0,0,0,0,0,0,10000,10000,0,0
067973,玉晶光群益02購23,0,0,0,0,0,0,0,0,0,0,0,0,0,90000,90000,0,0
067933,微星凱基02購04  ,0,0,0,0,0,0,0,0,0,0,0,0,0,39000,39000,0,0
067912,上証2X永豐01購03,0,0,0,0,0,0,0,0,0,0,0,0,0,10000,10000,0,0
067836,聯發科統一03購05,0,0,0,0,0,0,0,0,0,0,0,0,0,1107000,1107000,0,0
06777P,鴻海元大99售06  ,0,0,0,0,0,0,0,0,0,0,0,0,0,21000,21000,0,0
067815,玉晶光凱基01購04,0,0,0,0,0,0,0,0,0,0,0,0,0,123000,123000,0,0
06776P,鴻海元大99售05  ,0,0,0,0,0,0,0,0,0,0,0,0,0,50000,50000,0,0
067616,臺股指凱基01購11,0,0,0,0,0,0,0,0,0,0,0,0,0,10000,10000,0,0
067175,國巨麥證01購06  ,0,0,0,3000,0,3000,0,0,0,0,0,0,0,3000,3000,0,0
067160,燿華國票03購01  ,0,0,0,0,0,0,0,0,0,0,0,0,0,20000,20000,0,0
067226,台灣50群益01購09,0,0,0,0,0,0,0,0,0,0,0,0,0,35000,35000,0,0
067201,A50正2元大03購01,0,0,0,0,0,0,0,0,0,0,0,0,0,130000,130000,0,0
067098,台積電群益01購10,0,0,0,0,0,0,0,0,0,0,0,0,0,10000,10000,0,0
067066,鴻海元大01購15  ,0,0,0,0,0,0,0,0,0,0,0,0,0,116000,116000,0,0
067080,群創元大01購04  ,0,0,0,0,0,0,0,0,0,0,0,0,0,2000,2000,0,0
067428,大毅凱基01購02  ,0,0,0,0,0,0,0,0,0,0,0,0,0,30000,30000,0,0
067540,新日興群益02購01,0,0,0,0,0,0,0,0,0,0,0,0,0,2000,2000,0,0
067532,台積電群益01購14,0,0,0,0,0,0,0,0,0,0,0,0,0,50000,50000,0,0
06755P,大立光永豐98售03,0,0,0,0,0,0,0,0,0,0,0,0,0,1000,1000,0,0
06758P,鴻海元大98售10  ,0,0,0,0,0,0,0,0,0,0,0,0,0,81000,81000,0,0
067488,群創元大03購01  ,0,0,0,0,0,0,0,0,0,0,0,0,0,2000,2000,0,0
067479,京元電元大01購05,0,0,0,0,0,0,0,0,0,0,0,0,0,13000,13000,0,0
067443,國巨國票02購04  ,0,0,0,0,0,0,0,0,0,0,0,0,0,4000,4000,0,0
067451,嘉晶國票02購01  ,0,0,0,0,0,0,0,0,0,0,0,0,0,12000,12000,0,0
00731,FH富時高息低波  ,2000,2000,0,0,0,0,0,0,0,0,0,0,0,1000000,1000000,0,0
00732,國泰RMB短期報酬 ,0,0,0,0,0,0,0,0,0,0,0,0,0,100000,100000,0,0
00707R,元大S&P日圓反1  ,0,0,0,0,0,0,0,0,0,0,0,0,0,1000,1000,0,0
00774B,新光中國政金綠債,0,0,0,0,0,0,0,0,0,0,0,0,0,2000,2000,0,0
00775B,新光投等債15+   ,0,0,0,0,0,0,0,0,0,0,0,0,0,2000,2000,0,0
00636K,國泰中國A50+U   ,0,0,0,0,0,0,0,0,0,0,0,0,0,300,300,0,0
00689R,國泰20年美債反1 ,0,0,0,0,0,0,0,0,0,0,0,0,0,100000,100000,0,0
00691R,兆豐藍籌30反1   ,0,0,0,0,0,0,0,0,0,0,0,0,0,1000,1000,0,0
00668K,國泰美國道瓊+U  ,0,0,0,0,0,0,0,0,0,0,0,0,0,100,100,0,0
00657K,國泰日經225+U   ,0,0,0,0,0,0,0,0,0,0,0,0,0,100,100,0,0
03686C,臺股指元大04牛05,0,0,0,0,0,0,0,0,0,0,0,0,0,1000,1000,0,0
03692C,T50反1元大05牛01,0,0,0,0,0,0,0,0,0,0,0,0,0,10000,10000,0,0
052775,滬深2X國票99購02,0,0,0,0,0,0,0,0,0,0,0,0,0,10000,10000,0,0
052936,華通兆豐98購01  ,0,0,0,0,0,0,0,0,0,0,0,0,0,10000,10000,0,0
052572,群創凱基99購01  ,0,0,0,0,0,0,0,0,0,0,0,0,0,4000,4000,0,0
053095,台光電統一98購01,0,0,0,0,0,0,0,0,0,0,0,0,0,10000,10000,0,0
053901,T50反1凱基99購03,0,0,0,0,0,0,0,0,0,0,0,0,0,25000,25000,0,0
03048P,南電國票03售01  ,0,0,0,0,0,0,0,0,0,0,0,0,0,2000,2000,0,0
057480,技嘉元大98購03  ,0,0,0,0,0,0,0,0,0,0,0,0,0,16000,16000,0,0
057529,嘉晶元大99購02  ,0,0,0,0,0,0,0,0,0,0,0,0,0,2000,2000,0,0
057600,大立光群益99購03,0,0,0,0,0,0,0,0,0,0,0,0,0,5000,5000,0,0
057547,技嘉凱基99購01  ,0,0,0,0,0,0,0,0,0,0,0,0,0,2000,2000,0,0
057678,臺股指元大98購08,0,0,0,0,0,0,0,0,0,0,0,0,0,1000,1000,0,0
057051,群創元大9B購03  ,0,0,0,0,0,0,0,0,0,0,0,0,0,2000,2000,0,0
057175,美律元大98購03  ,0,0,0,0,0,0,0,0,0,0,0,0,0,10000,10000,0,0
057150,貿聯國票99購02  ,0,0,0,0,0,0,0,0,0,0,0,0,0,38000,38000,0,0
057126,台積電凱基99購03,0,0,0,0,0,0,0,0,0,0,0,0,0,2000,2000,0,0
057136,立積凱基98購02  ,0,0,0,0,0,0,0,0,0,0,0,0,0,20000,20000,0,0
056138,群創元大9B購01  ,0,0,0,0,0,0,0,0,0,0,0,0,0,2000,2000,0,0
055683,晶技凱基99購01  ,0,0,0,0,0,0,0,0,0,0,0,0,0,10000,10000,0,0
055596,新光金元大9B購02,0,0,0,0,0,0,0,0,0,0,0,0,0,20000,20000,0,0
054104,T50反1凱基9A購02,0,10000,-10000,0,0,0,0,0,0,10000,0,0,0,10000,0,10000,0
054079,鴻海中信98購02  ,0,0,0,0,0,0,0,0,0,0,0,0,0,20000,20000,0,0
057364,國巨元大98購18  ,0,0,0,0,0,0,0,0,0,0,0,0,0,1000,1000,0,0
055063,玉晶光永豐99購01,0,0,0,0,0,0,0,0,0,0,0,0,0,34000,34000,0,0
054371,台積電中信9C購01,0,0,0,0,0,0,0,0,0,0,0,0,0,10000,10000,0,0
056322,臺股指群益98購01,0,0,0,0,0,0,0,0,0,0,0,0,0,4000,4000,0,0
056333,台積電日盛9B購01,0,0,0,0,0,0,0,0,0,0,0,0,0,70000,70000,0,0
056552,台表科凱基99購01,0,0,0,0,0,0,0,0,0,0,0,0,0,20000,20000,0,0
056471,台光電元大99購01,0,0,0,0,0,0,0,0,0,0,0,0,0,9000,9000,0,0
056771,嘉晶元大99購01  ,0,0,0,0,0,0,0,0,0,0,0,0,0,3000,3000,0,0
056917,國巨兆豐98購03  ,0,0,0,0,0,0,0,0,0,0,0,0,0,100000,100000,0,0
056907,群創元大9C購04  ,0,0,0,0,0,0,0,0,0,0,0,0,0,2000,2000,0,0
056881,台灣50康和9A購01,0,0,0,0,0,0,0,0,0,0,0,0,0,650000,650000,0,0
056598,京元電元富98購01,0,0,0,0,0,0,0,0,0,0,0,0,0,4000,4000,0,0
056646,奇鋐凱基99購02  ,0,0,0,0,0,0,0,0,0,0,0,0,0,11000,11000,0,0
056671,台灣50元富9A購01,0,0,0,0,0,0,0,0,0,0,0,0,0,20000,20000,0,0
056636,台積電日盛9A購01,0,0,0,0,0,0,0,0,0,0,0,0,0,90000,90000,0,0
056637,台光電日盛9A購01,0,0,0,0,0,0,0,0,0,0,0,0,0,16000,16000,0,0
056661,臺股指元大9A購08,0,0,0,0,0,0,0,0,0,0,0,0,0,1000,1000,0,0
057700,新日興群益9A購01,0,0,0,0,0,0,0,0,0,0,0,0,0,4000,4000,0,0
058158,台積電台新99購01,0,0,0,0,0,0,0,0,0,0,0,0,0,207000,207000,0,0
054803,味全元大9A購01  ,0,0,0,0,0,0,0,0,0,0,0,0,0,50000,50000,0,0
056927,T50反1台新02購01,0,0,0,0,0,0,0,0,0,0,0,0,0,200000,200000,0,0
054569,GIS群益98購01   ,0,0,0,0,0,0,0,0,0,0,0,0,0,1000,1000,0,0
057856,聯鈞國票99購03  ,0,0,0,0,0,0,0,0,0,0,0,0,0,1000,1000,0,0
057875,京鼎元大98購03  ,0,0,0,0,0,0,0,0,0,0,0,0,0,50000,50000,0,0
057971,華新科富邦9B購02,0,0,0,0,0,0,0,0,0,0,0,0,0,20000,20000,0,0
057972,群創富邦9C購01  ,0,0,0,0,0,0,0,0,0,0,0,0,0,10000,10000,0,0
058048,群創元大9B購07  ,0,0,0,0,0,0,0,0,0,0,0,0,0,4000,4000,0,0
058078,景碩國票99購01  ,0,0,0,0,0,0,0,0,0,0,0,0,0,1000,1000,0,0
059058,可成凱基9B購01  ,0,0,0,0,0,0,0,0,0,0,0,0,0,2000,2000,0,0
063662,上銀統一01購03  ,0,0,0,0,0,0,0,0,0,0,0,0,0,2000,2000,0,0
063686,國巨永豐9B購04  ,0,0,0,0,0,0,0,0,0,0,0,0,0,4000,4000,0,0
063679,群創國泰01購01  ,0,0,0,0,0,0,0,0,0,0,0,0,0,2000,2000,0,0
063638,華新科元大9B購14,0,0,0,0,0,0,0,0,0,0,0,0,0,1000,1000,0,0
063731,台積電元大9B購10,0,0,0,0,0,0,0,0,0,0,0,0,0,4000,4000,0,0
063728,國巨元大9B購21  ,0,0,0,0,0,0,0,0,0,0,0,0,0,1000,1000,0,0
063519,聚陽凱基9B購02  ,0,0,0,0,0,0,0,0,0,0,0,0,0,2000,2000,0,0
06351P,臺股指台新99售03,0,0,0,0,0,0,0,0,0,0,0,0,0,10000,10000,0,0
063619,聯發科兆豐01購01,0,0,0,0,0,0,0,0,0,0,0,0,0,2000,2000,0,0
059466,國巨元大99購26  ,0,0,0,0,0,0,0,0,0,0,0,0,0,6000,6000,0,0
059427,國巨元大99購24  ,0,0,0,0,0,0,0,0,0,0,0,0,0,1000,1000,0,0
059355,國巨富邦9B購03  ,0,0,0,0,0,0,0,0,0,0,0,0,0,3000,3000,0,0
059388,國巨凱基99購13  ,0,0,0,0,0,0,0,0,0,0,0,0,0,2000,2000,0,0
059529,華新科凱基9A購04,0,0,0,0,0,0,0,0,0,0,0,0,0,10000,10000,0,0
058390,樺漢國票9A購01  ,0,0,0,0,0,0,0,0,0,0,0,0,0,1000,1000,0,0
059532,華新科凱基9B購03,0,0,0,0,0,0,0,0,0,0,0,0,0,1000,1000,0,0
058414,大立光兆豐99購02,0,0,0,0,0,0,0,0,0,0,0,0,0,1000,1000,0,0
058420,聯發科麥證99購03,0,0,0,49000,0,49000,0,0,0,0,0,0,0,49000,49000,0,0
058424,滬深2X元富99購04,0,0,0,0,0,0,0,0,0,0,0,0,0,30000,30000,0,0
058601,台積電元大99購10,0,0,0,0,0,0,0,0,0,0,0,0,0,21000,21000,0,0
058602,台積電元大99購11,0,0,0,0,0,0,0,0,0,0,0,0,0,20000,20000,0,0
058579,聯發科群益99購04,0,0,0,0,0,0,0,0,0,0,0,0,0,2000,2000,0,0
058574,台積電群益99購03,0,0,0,0,0,0,0,0,0,0,0,0,0,1000,1000,0,0
058387,國巨國票9A購03  ,0,0,0,0,0,0,0,0,0,0,0,0,0,4000,4000,0,0
058358,技嘉凱基9A購01  ,0,0,0,0,0,0,0,0,0,0,0,0,0,28000,28000,0,0
059625,國巨凱基99購17  ,0,0,0,0,0,0,0,0,0,0,0,0,0,3000,3000,0,0
059631,京元電凱基99購02,0,0,0,0,0,0,0,0,0,0,0,0,0,10000,10000,0,0
060339,國巨統一01購01  ,0,0,0,0,0,0,0,0,0,0,0,0,0,10000,10000,0,0
060340,國巨統一01購02  ,0,0,0,0,0,0,0,0,0,0,0,0,0,5000,5000,0,0
059325,超眾元大99購05  ,0,0,0,0,0,0,0,0,0,0,0,0,0,10000,10000,0,0
059301,華新科群益99購04,0,0,0,0,0,0,0,0,0,0,0,0,0,1000,1000,0,0
059341,台積電凱基99購15,0,0,0,0,0,0,0,0,0,0,0,0,0,5000,5000,0,0
059573,健策凱基9A購02  ,0,0,0,0,0,0,0,0,0,0,0,0,0,25000,25000,0,0
059568,台積電凱基9A購13,0,0,0,0,0,0,0,0,0,0,0,0,0,3000,3000,0,0
059240,台積電凱基9A購09,0,0,0,0,0,0,0,0,0,0,0,0,0,2000,2000,0,0
059247,可成凱基99購05  ,0,0,0,0,0,0,0,0,0,0,0,0,0,7000,7000,0,0
059248,華新科凱基99購04,0,0,0,0,0,0,0,0,0,0,0,0,0,1000,1000,0,0
059195,國巨永豐99購04  ,0,0,0,0,0,0,0,0,0,0,0,0,0,50000,50000,0,0
059277,群創元大99購05  ,0,0,0,0,0,0,0,0,0,0,0,0,0,1000,1000,0,0
058487,晶技國票9A購01  ,0,0,0,0,0,0,0,0,0,0,0,0,0,5000,5000,0,0
058472,亞德客凱基9A購01,0,0,0,0,0,0,0,0,0,0,0,0,0,135000,135000,0,0
058470,台灣50日盛9B購02,0,0,0,0,0,0,0,0,0,0,0,0,0,70000,70000,0,0
05875P,旺宏群益98售01  ,0,0,0,0,0,0,0,0,0,0,0,0,0,10000,10000,0,0
058730,玉晶光永豐9A購01,0,0,0,0,0,0,0,0,0,0,0,0,0,9000,9000,0,0
058775,台積電國票9A購02,0,0,0,0,0,0,0,0,0,0,0,0,0,5000,5000,0,0
058675,康控群益9B購01  ,0,0,0,0,0,0,0,0,0,0,0,0,0,10000,10000,0,0
058703,台積電元大99購16,0,0,0,0,0,0,0,0,0,0,0,0,0,2000,2000,0,0
058704,台積電元大99購17,0,0,0,0,0,0,0,0,0,0,0,0,0,1000,1000,0,0
058698,華通元大99購05  ,0,0,0,0,0,0,0,0,0,0,0,0,0,8000,8000,0,0
058724,大立光國泰9B購01,0,0,0,0,0,0,0,0,0,0,0,0,0,6000,6000,0,0
058924,晶相光元富99購02,0,0,0,0,0,0,0,0,0,0,0,0,0,20000,20000,0,0
058865,群創凱基01購01  ,0,0,0,0,0,0,0,0,0,0,0,0,0,2000,2000,0,0
058874,聯鈞國票9A購01  ,0,0,0,0,0,0,0,0,0,0,0,0,0,1000,1000,0,0
058995,台達電元大99購01,0,0,0,0,0,0,0,0,0,0,0,0,0,10000,10000,0,0
059911,國巨元大99購27  ,0,0,0,0,0,0,0,0,0,0,0,0,0,28000,28000,0,0
059973,A50正2元大99購02,0,0,0,0,0,0,0,0,0,0,0,0,0,1000,1000,0,0
059985,華新科元大99購22,0,0,0,0,0,0,0,0,0,0,0,0,0,1000,1000,0,0
060016,廣達康和99購01  ,0,0,0,0,0,0,0,0,0,0,0,0,0,4000,4000,0,0
060088,國巨元大99購30  ,0,0,0,0,0,0,0,0,0,0,0,0,0,4000,4000,0,0
060125,強茂永豐99購01  ,0,0,0,0,0,0,0,0,0,0,0,0,0,5000,5000,0,0
059728,聯鈞元大99購01  ,0,0,0,0,0,0,0,0,0,0,0,0,0,3000,3000,0,0
059827,晶技凱基99購03  ,0,0,0,0,0,0,0,0,0,0,0,0,0,10000,10000,0,0
059828,健策凱基99購05  ,0,0,0,0,0,0,0,0,0,0,0,0,0,17000,17000,0,0
059118,晶技永豐9A購01  ,0,0,0,0,0,0,0,0,0,0,0,0,0,2000,2000,0,0
059145,創意國票99購02  ,0,0,0,0,0,0,0,0,0,0,0,0,0,1000,1000,0,0
059162,國巨凱基99購12  ,0,0,0,0,0,0,0,0,0,0,0,0,0,19000,19000,0,0
059123,訊芯永豐99購03  ,0,0,0,0,0,0,0,0,0,0,0,0,0,200000,200000,0,0
059067,上銀國票9A購02  ,0,0,0,0,0,0,0,0,0,0,0,0,0,25000,25000,0,0
059082,華通元大99購06  ,0,0,0,0,0,0,0,0,0,0,0,0,0,9000,9000,0,0
059083,華通元大99購07  ,0,0,0,0,0,0,0,0,0,0,0,0,0,2000,2000,0,0
062990,台積電群益9B購06,0,0,0,0,0,0,0,0,0,0,0,0,0,9000,9000,0,0
063012,技嘉元大9B購01  ,0,0,0,0,0,0,0,0,0,0,0,0,0,3000,3000,0,0
063014,技嘉元大9B購03  ,0,0,0,0,0,0,0,0,0,0,0,0,0,2000,2000,0,0
062940,華新科凱基9C購02,0,0,0,0,0,0,0,0,0,0,0,0,0,1000,1000,0,0
062873,國巨兆豐9C購01  ,0,0,0,0,0,0,0,0,0,0,0,0,0,3000,3000,0,0
062896,中興電元大9B購01,0,0,0,0,0,0,0,0,0,0,0,0,0,189000,189000,0,0
062888,漢唐群益9B購01  ,0,0,0,0,0,0,0,0,0,0,0,0,0,10000,10000,0,0
062796,技嘉統一9C購01  ,0,0,0,0,0,0,0,0,0,0,0,0,0,28000,28000,0,0
062623,元金2X國票01購01,0,0,0,0,0,0,0,0,0,0,0,0,0,1000,1000,0,0
062679,技嘉統一01購01  ,0,0,0,0,0,0,0,0,0,0,0,0,0,10000,10000,0,0
060756,鴻海元大9A購16  ,0,0,0,0,0,0,0,0,0,0,0,0,0,34000,34000,0,0
060769,國巨麥證9A購02  ,0,0,0,2000,2000,0,0,0,0,0,0,0,0,4000,4000,0,0
060723,致新永豐9A購01  ,0,0,0,0,0,0,0,0,0,0,0,0,0,60000,60000,0,0
060730,台積電群益9A購03,0,0,0,0,0,0,0,0,0,0,0,0,0,67000,67000,0,0
060732,玉晶光群益9C購02,0,0,0,0,0,0,0,0,0,0,0,0,0,79000,79000,0,0
060680,玉晶光元大9C購03,0,0,0,0,0,0,0,0,0,0,0,0,0,11000,11000,0,0
063315,京元電群益9B購03,0,0,0,0,0,0,0,0,0,0,0,0,0,67000,67000,0,0
062488,台光電永豐9B購02,0,0,0,0,0,0,0,0,0,0,0,0,0,27000,27000,0,0
062446,聯詠元大9B購02  ,0,0,0,0,0,0,0,0,0,0,0,0,0,29000,29000,0,0
062467,國巨凱基9B購08  ,0,0,0,0,0,0,0,0,0,0,0,0,0,3000,3000,0,0
062468,台積電凱基9B購06,0,0,0,0,0,0,0,0,0,0,0,0,0,2000,2000,0,0
063233,國巨元大9B購19  ,0,0,0,0,0,0,0,0,0,0,0,0,0,2000,2000,0,0
063222,群創群益9B購03  ,0,0,0,0,0,0,0,0,0,0,0,0,0,4000,4000,0,0
062435,國巨元大9B購13  ,0,0,0,0,0,0,0,0,0,0,0,0,0,1000,1000,0,0
061213,群創元大9A購05  ,0,0,0,0,0,0,0,0,0,0,0,0,0,2000,2000,0,0
061246,玉晶光群益9A購08,0,0,0,0,0,0,0,0,0,0,0,0,0,1000,1000,0,0
061848,國巨國票9B購07  ,0,0,0,0,0,0,0,0,0,0,0,0,0,4000,4000,0,0
061274,臺股指凱基9A購24,0,0,0,0,0,0,0,0,0,0,0,0,0,1000,1000,0,0
062385,玉晶光國泰01購01,0,0,0,0,0,0,0,0,0,0,0,0,0,1000,1000,0,0
062343,中石化群益9B購01,0,0,0,0,0,0,0,0,0,0,0,0,0,52000,52000,0,0
062349,新日興群益9B購02,0,0,0,0,0,0,0,0,0,0,0,0,0,4000,4000,0,0
062356,國巨元大9B購10  ,0,0,0,0,0,0,0,0,0,0,0,0,0,1000,1000,0,0
062192,南六元大9B購01  ,0,0,0,0,0,0,0,0,0,0,0,0,0,50000,50000,0,0
062134,國巨群益9B購04  ,0,0,0,0,0,0,0,0,0,0,0,0,0,4000,4000,0,0
062088,緯穎元大9B購04  ,0,0,0,0,0,0,0,0,0,0,0,0,0,10000,10000,0,0
062261,嘉晶元大9B購02  ,0,0,0,0,0,0,0,0,0,0,0,0,0,2000,2000,0,0
062285,台勝科群益9B購01,0,0,0,0,0,0,0,0,0,0,0,0,0,10000,10000,0,0
062254,台光電元大9B購02,0,0,0,0,0,0,0,0,0,0,0,0,0,3000,3000,0,0
062202,國巨國票9C購04  ,0,0,0,0,0,0,0,0,0,0,0,0,0,3000,3000,0,0
062203,燿華國票9C購01  ,0,0,0,0,0,0,0,0,0,0,0,0,0,1000,1000,0,0
063370,國巨永豐9B購03  ,0,0,0,0,0,0,0,0,0,0,0,0,0,4000,4000,0,0
063389,大立光兆豐9C購02,0,0,0,0,0,0,0,0,0,0,0,0,0,10000,10000,0,0
063475,同欣電元大9C購01,0,0,0,0,0,0,0,0,0,0,0,0,0,15000,15000,0,0
063032,國巨凱基9C購04  ,0,0,0,0,0,0,0,0,0,0,0,0,0,5000,5000,0,0
063798,台積電凱基02購03,0,0,0,0,0,0,0,0,0,0,0,0,0,3000,3000,0,0
063784,華通中信06購01  ,0,0,0,0,0,0,0,0,0,0,0,0,0,20000,20000,0,0
063750,和鑫國票9B購01  ,0,0,0,0,0,0,0,0,0,0,0,0,0,65000,65000,0,0
063115,台積電麥證9B購02,0,0,0,2000,0,2000,0,0,0,0,0,0,0,2000,2000,0,0
063087,南六凱基9C購02  ,0,0,0,0,0,0,0,0,0,0,0,0,0,20000,20000,0,0
062037,華新凱基9B購01  ,0,0,0,0,0,0,0,0,0,0,0,0,0,30000,30000,0,0
063853,同欣電元大9C購02,0,0,0,0,0,0,0,0,0,0,0,0,0,6000,6000,0,0
063846,智邦元大9C購01  ,0,0,0,0,0,0,0,0,0,0,0,0,0,39000,39000,0,0
063849,奇鋐元大9C購01  ,0,0,0,0,0,0,0,0,0,0,0,0,0,13000,13000,0,0
063840,鴻海元大01購01  ,0,0,0,0,0,0,0,0,0,0,0,0,0,16000,16000,0,0
063138,聯發科統一01購05,0,0,0,0,0,0,0,0,0,0,0,0,0,10000,10000,0,0
061835,華新科凱基02購03,0,0,0,0,0,0,0,0,0,0,0,0,0,1000,1000,0,0
061808,聯發科統一01購02,0,0,0,0,0,0,0,0,0,0,0,0,0,4000,4000,0,0
061772,健策元大9B購06  ,0,0,0,0,0,0,0,0,0,0,0,0,0,14000,14000,0,0
061725,國巨麥證9A購05  ,0,0,0,0,1000,-1000,0,0,0,0,0,0,0,1000,1000,0,0
061676,新光金元大9A購03,0,0,0,0,0,0,0,0,0,0,0,0,0,200000,200000,0,0
061690,旺宏群益9A購05  ,0,0,0,0,0,0,0,0,0,0,0,0,0,1000,1000,0,0
061635,台積電元大9A購34,0,0,0,0,0,0,0,0,0,0,0,0,0,5000,5000,0,0
061643,嘉澤元大9A購05  ,0,0,0,0,0,0,0,0,0,0,0,0,0,7000,7000,0,0
061539,國巨群益9B購03  ,0,0,0,0,0,0,0,0,0,0,0,0,0,1000,1000,0,0
061566,華通元大9A購10  ,0,0,0,0,0,0,0,0,0,0,0,0,0,2000,2000,0,0
061576,華新科元大9A購21,0,0,0,0,0,0,0,0,0,0,0,0,0,1000,1000,0,0
060816,世紀鋼凱基9C購02,0,0,0,0,0,0,0,0,0,0,0,0,0,56000,56000,0,0
061067,貿聯凱基9A購03  ,0,0,0,0,0,0,0,0,0,0,0,0,0,40000,40000,0,0
061018,台積電國票9B購05,0,0,0,0,0,0,0,0,0,0,0,0,0,78000,78000,0,0
061012,國巨麥證9A購03  ,0,0,0,4000,0,4000,0,0,0,0,0,0,0,4000,4000,0,0
061014,台積電麥證9A購04,0,0,0,4000,7000,-3000,0,0,0,0,0,0,0,11000,11000,0,0
061454,國巨凱基9A購16  ,0,0,0,0,0,0,0,0,0,0,0,0,0,10000,10000,0,0
061446,鴻海中信04購01  ,0,0,0,0,0,0,0,0,0,0,0,0,0,1000,1000,0,0
060515,臺股指元大9B購12,0,0,0,0,0,0,0,0,0,0,0,0,0,20000,20000,0,0
060556,緯穎凱基9A購04  ,0,0,0,0,0,0,0,0,0,0,0,0,0,50000,50000,0,0
060544,國巨凱基9B購03  ,0,0,0,0,0,0,0,0,0,0,0,0,0,1000,1000,0,0
060545,台積電凱基9B購02,0,0,0,0,0,0,0,0,0,0,0,0,0,4000,4000,0,0
060511,群創元大9B購08  ,0,0,0,0,0,0,0,0,0,0,0,0,0,2000,2000,0,0
060550,可成凱基9A購02  ,0,0,0,0,0,0,0,0,0,0,0,0,0,1000,1000,0,0
061145,臻鼎中信9A購02  ,0,0,0,0,0,0,0,0,0,0,0,0,0,33000,33000,0,0
061101,道瓊銀元大9A購02,0,0,0,0,0,0,0,0,0,0,0,0,0,10000,10000,0,0
061084,京元電兆豐9A購02,0,0,0,0,0,0,0,0,0,0,0,0,0,30000,30000,0,0
061106,群創元大9B購09  ,0,0,0,0,0,0,0,0,0,0,0,0,0,2000,2000,0,0
060456,正隆元大9A購01  ,0,0,0,0,0,0,0,0,0,0,0,0,0,29000,29000,0,0
060437,宏全永豐9A購01  ,0,0,0,0,0,0,0,0,0,0,0,0,0,10000,10000,0,0
063890,正隆群益9C購01  ,0,0,0,0,0,0,0,0,0,0,0,0,0,4000,4000,0,0
063965,漢唐國票01購01  ,0,0,0,0,0,0,0,0,0,0,0,0,0,1000,1000,0,0
063962,台達電國票01購01,0,0,0,0,0,0,0,0,0,0,0,0,0,10000,10000,0,0
060624,玉晶光元大9C購02,0,0,0,0,0,0,0,0,0,0,0,0,0,10000,10000,0,0
060630,國巨富邦9C購03  ,0,0,0,0,0,0,0,0,0,0,0,0,0,3000,3000,0,0
060607,玉晶光凱基9A購06,0,0,0,0,0,0,0,0,0,0,0,0,0,1000,1000,0,0
061349,嘉澤元大9A購02  ,0,0,0,0,0,0,0,0,0,0,0,0,0,24000,24000,0,0
061341,華新科元大9A購16,0,0,0,0,0,0,0,0,0,0,0,0,0,1000,1000,0,0
061368,南六國票9A購01  ,0,0,0,0,0,0,0,0,0,0,0,0,0,156000,156000,0,0
061928,群創凱基9B購06  ,0,0,0,0,0,0,0,0,0,0,0,0,0,2000,2000,0,0
064214,群創凱基03購01  ,0,0,0,0,0,0,0,0,0,0,0,0,0,4000,4000,0,0
064307,聚陽群益9C購03  ,0,0,0,0,0,0,0,0,0,0,0,0,0,10000,10000,0,0
064022,台積電元大9C購07,0,0,0,0,0,0,0,0,0,0,0,0,0,14000,14000,0,0
064032,群創元大9C購06  ,0,0,0,0,0,0,0,0,0,0,0,0,0,2000,2000,0,0
064041,國巨統一01購07  ,0,0,0,0,0,0,0,0,0,0,0,0,0,7000,7000,0,0
064099,億光群益9C購01  ,0,0,0,0,0,0,0,0,0,0,0,0,0,154000,154000,0,0
064074,南茂永豐9C購01  ,0,0,0,0,0,0,0,0,0,0,0,0,0,10000,10000,0,0
064131,群創元大01購02  ,0,0,0,0,0,0,0,0,0,0,0,0,0,3000,3000,0,0
064136,致新元大9C購01  ,0,0,0,0,0,0,0,0,0,0,0,0,0,5000,5000,0,0
064102,宏達電群益9C購01,0,0,0,0,0,0,0,0,0,0,0,0,0,2000,2000,0,0
064120,鴻海元大9C購07  ,0,0,0,0,0,0,0,0,0,0,0,0,0,14000,14000,0,0
064122,國巨元大9C購17  ,0,0,0,0,0,0,0,0,0,0,0,0,0,11000,11000,0,0
064123,台積電元大9C購09,0,0,0,0,0,0,0,0,0,0,0,0,0,2000,2000,0,0
064124,台積電元大9C購10,0,0,0,0,0,0,0,0,0,0,0,0,0,5000,5000,0,0
064544,國巨凱基9C購09  ,0,0,0,0,0,0,0,0,0,0,0,0,0,15000,15000,0,0
064560,技嘉群益01購01  ,0,0,0,0,0,0,0,0,0,0,0,0,0,9000,9000,0,0
064519,聯詠群益9C購01  ,0,0,0,0,0,0,0,0,0,0,0,0,0,12000,12000,0,0
064503,日電貿元大9C購01,0,0,0,0,0,0,0,0,0,0,0,0,0,40000,40000,0,0
064471,國巨麥證9C購02  ,0,0,0,1000,0,1000,0,0,0,0,0,0,0,1000,1000,0,0
064608,滬深2X元大9C購11,0,0,0,0,0,0,0,0,0,0,0,0,0,5000,5000,0,0
064624,群創元大02購01  ,0,0,0,0,0,0,0,0,0,0,0,0,0,4000,4000,0,0
064646,群創凱基02購01  ,0,0,0,0,0,0,0,0,0,0,0,0,0,4000,4000,0,0
064570,TPK群益9C購03   ,0,0,0,0,0,0,0,0,0,0,0,0,0,1000,1000,0,0
064341,聯詠元大9C購01  ,0,0,0,0,0,0,0,0,0,0,0,0,0,87000,87000,0,0
064928,同欣電統一01購02,0,0,0,0,0,0,0,0,0,0,0,0,0,58000,58000,0,0
064717,台積電統一01購08,0,0,0,0,0,0,0,0,0,0,0,0,0,10000,10000,0,0
064741,南亞科國票01購01,0,0,0,0,0,0,0,0,0,0,0,0,0,13000,13000,0,0
064679,晶技兆豐9C購01  ,0,0,0,0,0,0,0,0,0,0,0,0,0,1000,1000,0,0
064755,南亞科凱基01購02,0,0,0,0,0,0,0,0,0,0,0,0,0,70000,70000,0,0
065644,義隆元大9C購08  ,0,0,0,0,0,0,0,0,0,0,0,0,0,25000,25000,0,0
065595,鴻海元大9C購15  ,0,0,0,0,0,0,0,0,0,0,0,0,0,23000,23000,0,0
065668,南亞科凱基9C購02,0,0,0,0,0,0,0,0,0,0,0,0,0,3000,3000,0,0
065521,貿聯群益9C購04  ,0,0,0,0,0,0,0,0,0,0,0,0,0,10000,10000,0,0
065527,巨大群益9C購03  ,0,0,0,0,0,0,0,0,0,0,0,0,0,154000,154000,0,0
065430,可成凱基02購03  ,0,0,0,0,0,0,0,0,0,0,0,0,0,4000,4000,0,0
065425,國巨凱基01購03  ,0,0,0,0,0,0,0,0,0,0,0,0,0,3000,3000,0,0
065399,新日興群益01購01,0,0,0,0,0,0,0,0,0,0,0,0,0,2000,2000,0,0
065410,國巨永豐9C購01  ,0,0,0,0,0,0,0,0,0,0,0,0,0,4000,4000,0,0
065047,群創凱基9C購01  ,0,0,0,0,0,0,0,0,0,0,0,0,0,4000,4000,0,0
065045,信邦凱基9C購01  ,0,0,0,0,0,0,0,0,0,0,0,0,0,10000,10000,0,0
065151,國巨群益9C購13  ,0,0,0,0,0,0,0,0,0,0,0,0,0,3000,3000,0,0
065142,華邦電凱基01購01,0,0,0,0,0,0,0,0,0,0,0,0,0,17000,17000,0,0
065223,旺宏中信01購01  ,0,0,0,0,0,0,0,0,0,0,0,0,0,25000,25000,0,0
065268,嘉澤元大9C購02  ,0,0,0,0,0,0,0,0,0,0,0,0,0,16000,16000,0,0
065276,台灣50群益02購03,0,0,0,0,0,0,0,0,0,0,0,0,0,40000,40000,0,0
065240,矽創凱基01購01  ,0,0,0,0,0,0,0,0,0,0,0,0,0,10000,10000,0,0
065368,技嘉元大9C購04  ,0,0,0,0,0,0,0,0,0,0,0,0,0,4000,4000,0,0
065364,國巨元大9C購18  ,0,0,0,0,0,0,0,0,0,0,0,0,0,1000,1000,0,0
065291,日電貿群益01購01,0,0,0,0,0,0,0,0,0,0,0,0,0,70000,70000,0,0
065330,億豐凱基9C購03  ,0,0,0,0,0,0,0,0,0,0,0,0,0,34000,34000,0,0
065314,矽創國票01購02  ,0,0,0,0,0,0,0,0,0,0,0,0,0,10000,10000,0,0
066610,台積電麥證01購02,0,0,0,2000,0,2000,0,0,0,0,0,0,0,2000,2000,0,0
066648,可成麥證01購01  ,0,0,0,50000,50000,0,0,0,0,0,0,0,0,50000,50000,0,0
066588,台積電群益01購06,0,0,0,0,0,0,0,0,0,0,0,0,0,62000,62000,0,0
066546,鴻海元大01購10  ,0,0,0,0,0,0,0,0,0,0,0,0,0,46000,46000,0,0
066429,矽格元大01購01  ,0,0,0,0,0,0,0,0,0,0,0,0,0,10000,10000,0,0
066398,京鼎凱基01購02  ,0,0,0,0,0,0,0,0,0,0,0,0,0,9000,9000,0,0
066874,A50正2富邦02購01,0,0,0,0,0,0,0,0,0,0,0,0,0,8000,8000,0,0
06694P,臺股指凱基99售13,0,0,0,0,0,0,0,0,0,0,0,0,0,1000,1000,0,0
066732,可成元大01購06  ,0,0,0,0,0,0,0,0,0,0,0,0,0,6000,6000,0,0
066770,上証2X富邦02購02,0,0,0,0,0,0,0,0,0,0,0,0,0,2000,2000,0,0
066751,矽創元大01購03  ,0,0,0,0,0,0,0,0,0,0,0,0,0,29000,29000,0,0
066847,群創元大01購03  ,0,0,0,0,0,0,0,0,0,0,0,0,0,2000,2000,0,0
065868,燿華群益02購01  ,0,0,0,0,0,0,0,0,0,0,0,0,0,62000,62000,0,0
065825,鴻海凱基02購02  ,0,0,0,0,0,0,0,0,0,0,0,0,0,4000,4000,0,0
065731,群創凱基03購02  ,0,0,0,0,0,0,0,0,0,0,0,0,0,2000,2000,0,0
065757,新日興元大9C購06,0,0,0,0,0,0,0,0,0,0,0,0,0,2000,2000,0,0
065918,可成凱基01購01  ,0,0,0,0,0,0,0,0,0,0,0,0,0,7000,7000,0,0
065969,台積電元大01購06,0,0,0,0,0,0,0,0,0,0,0,0,0,1000,1000,0,0
066002,健策國票02購01  ,0,0,0,0,0,0,0,0,0,0,0,0,0,22000,22000,0,0
066066,鴻海凱基01購05  ,0,0,0,0,0,0,0,0,0,0,0,0,0,4000,4000,0,0
066068,台積電凱基02購06,0,0,0,0,0,0,0,0,0,0,0,0,0,1000,1000,0,0
3130,一零四          ,0,0,0,0,0,0,0,0,0,0,2000,2000,0,0,0,0,0
3021,鴻名            ,1000,1000,0,0,0,0,0,0,0,0,0,0,0,0,0,0,0
2910,統領            ,1000,1000,0,0,0,0,0,0,0,0,0,0,0,0,0,0,0
3002,歐格            ,6000,6000,0,0,0,0,0,0,0,0,0,0,0,0,0,0,0
2431,聯昌            ,18000,18000,0,0,0,0,0,0,0,0,0,0,0,0,0,0,0
6666,羅麗芬-KY       ,3000,3000,0,0,0,0,0,0,0,0,0,0,0,0,0,0,0
9188,精熙-DR         ,3000,3000,0,0,0,0,0,0,0,0,0,0,0,0,0,0,0
8443,阿瘦            ,4000,4000,0,0,0,0,0,0,0,0,0,0,0,0,0,0,0
4562,穎漢            ,2000,2000,0,0,0,0,0,0,0,0,0,0,0,0,0,0,0
4807,日成-KY         ,2000,3000,-1000,0,0,0,0,0,0,1000,1000,0,1000,0,0,0,0
5533,皇鼎            ,14000,14000,0,0,0,0,0,0,0,0,0,0,0,0,0,0,0
1225,福懋油          ,9000,9000,0,0,0,0,0,0,0,0,0,0,0,0,0,0,0
1233,天仁            ,1000,1000,0,0,0,0,0,0,0,0,0,0,0,0,0,0,0
08949P,臺股指國票01售06,0,0,0,0,0,0,0,0,0,0,0,0,0,41000,41000,0,0
08921P,台灣50國泰03售01,0,0,0,0,0,0,0,0,0,0,0,0,0,40000,40000,0,0
08753P,群創群益01售01  ,0,0,0,0,0,0,0,0,0,0,0,0,0,46000,46000,0,0
08756P,台灣50元大01售18,0,0,0,0,0,0,0,0,0,0,0,0,0,50000,50000,0,0
08699P,南電元大01售05  ,0,0,0,0,0,0,0,0,0,0,0,0,0,5000,5000,0,0
1435,中福            ,1000,1000,0,0,0,0,0,0,0,0,0,0,0,0,0,0,0
1312A,國喬特          ,0,0,0,0,0,0,0,0,0,0,1000,1000,0,0,0,0,0
1459,聯發            ,16000,16000,0,0,0,0,0,0,0,0,0,0,0,0,0,0,0
1521,大億            ,2000,2000,0,0,0,0,0,0,0,0,0,0,0,0,0,0,0
1611,中電            ,33000,33000,0,0,0,0,0,0,0,0,0,0,0,0,0,0,0
1617,榮星            ,2000,2000,0,0,0,0,0,0,0,0,0,0,0,0,0,0,0
1535,中宇            ,1000,1000,0,0,0,0,0,0,0,0,0,0,0,0,0,0,0
1713,國化            ,5000,3000,2000,0,0,0,0,0,0,-2000,0,2000,-2000,0,0,0,0
1724,台硝            ,3000,3000,0,0,0,0,0,0,0,0,0,0,0,0,0,0,0
1726,永記            ,1000,1000,0,0,0,0,0,0,0,0,0,0,0,0,0,0,0
2028,威致            ,10000,10000,0,0,0,0,0,0,0,0,0,0,0,0,0,0,0
2397,友通            ,2000,2000,0,0,0,0,0,0,0,0,0,0,0,0,0,0,0
4746,台耀            ,608000,605995,2005,0,0,0,0,0,0,-3000,4000,7000,-3000,0,0,0,-995
067539,緯創群益01購01  ,0,0,0,0,0,0,0,0,0,-1000,0,0,0,0,1000,-1000,-1000
067552,亞光兆豐01購01  ,0,0,0,0,0,0,0,0,0,-1000,0,0,0,0,1000,-1000,-1000
067341,欣興凱基03購01  ,0,0,0,0,0,0,0,0,0,-1000,0,0,0,116000,117000,-1000,-1000
067072,建準元大01購01  ,0,0,0,0,0,0,0,0,0,-1000,0,0,0,673000,674000,-1000,-1000
067026,群創兆豐03購01  ,0,0,0,0,0,0,0,0,0,-1000,0,0,0,14000,15000,-1000,-1000
067273,台積電統一02購05,0,0,0,0,0,0,0,0,0,-1000,0,0,0,0,1000,-1000,-1000
067192,矽格凱基01購03  ,0,0,0,0,0,0,0,0,0,-1000,0,0,0,10000,11000,-1000,-1000
067140,鎧勝永豐01購02  ,0,0,0,0,0,0,0,0,0,-1000,0,0,0,0,1000,-1000,-1000
067849,瀚宇博元富04購01,0,0,0,0,0,0,0,0,0,-1000,0,0,0,20000,21000,-1000,-1000
067979,寶成群益03購01  ,0,0,0,0,0,0,0,0,0,-1000,0,0,0,0,1000,-1000,-1000
07819P,旺宏國票9B售01  ,0,0,0,0,0,0,0,0,0,-1000,0,0,0,24000,25000,-1000,-1000
07386P,臺股指群益99售24,0,0,0,0,0,0,0,0,0,-1000,0,0,0,29000,30000,-1000,-1000
07288P,台灣50凱基99售06,0,0,0,0,0,0,0,0,0,-1000,0,0,0,0,1000,-1000,-1000
06887P,華新科元大98售04,0,0,0,0,0,0,0,0,0,-1000,0,0,0,0,1000,-1000,-1000
068470,台積電群益01購20,0,0,0,0,0,0,0,0,0,-1000,0,0,0,100000,101000,-1000,-1000
06926P,可成群益9A售04  ,0,0,0,0,0,0,0,0,0,-1000,0,0,0,0,1000,-1000,-1000
068317,台灣50元大01購35,0,0,0,0,0,0,0,0,0,-1000,0,0,0,35000,36000,-1000,-1000
068233,同欣電元富05購01,0,0,0,0,0,0,0,0,0,-1000,0,0,0,20000,21000,-1000,-1000
08546P,可成中信9C售02  ,0,0,0,0,0,0,0,0,0,-1000,0,0,0,0,1000,-1000,-1000
08530P,鴻海統一9C售19  ,0,0,0,0,0,0,0,0,0,-1000,0,0,0,0,1000,-1000,-1000
08672P,聯發科統一01售09,0,0,0,0,0,0,0,0,0,-1000,0,0,0,10000,11000,-1000,-1000
08607P,聯發科富邦03售04,0,0,0,0,0,0,0,0,0,-1000,0,0,0,0,1000,-1000,-1000
07920P,大立光中信01售01,0,0,0,0,0,0,0,0,0,-1000,0,0,0,1000,2000,-1000,-1000
07958P,華擎群益9B售01  ,0,0,0,0,0,0,0,0,0,-1000,0,0,0,0,1000,-1000,-1000
07949P,滬深2X元大9B售04,0,0,0,0,0,0,0,0,0,-1000,0,0,0,0,1000,-1000,-1000
059109,台積電富邦9C購03,0,0,0,0,0,0,0,0,0,-1000,0,0,0,0,1000,-1000,-1000
059901,滬深2X元大9C購07,0,0,0,0,0,0,0,0,0,-1000,0,0,0,0,1000,-1000,-1000
059727,大立光元大9A購01,0,0,0,0,0,0,0,0,0,-1000,0,0,0,7000,8000,-1000,-1000
060169,群電永豐9A購01  ,0,0,0,0,0,0,0,0,0,-1000,0,0,0,0,1000,-1000,-1000
059980,台積電元大99購50,0,0,0,0,0,0,0,0,0,-1000,0,0,0,3000,4000,-1000,-1000
059988,大立光元大9A購02,0,0,0,0,0,0,0,0,0,-1000,0,0,0,0,1000,-1000,-1000
059922,大立光元大99購25,0,0,0,0,0,0,0,0,0,-1000,0,0,0,20000,21000,-1000,-1000
059006,樺漢元大99購01  ,0,0,0,0,0,0,0,0,0,-1000,0,0,0,45000,46000,-1000,-1000
058555,矽創永豐9A購01  ,0,0,0,0,0,0,0,0,0,-1000,0,0,0,0,1000,-1000,-1000
058831,茂林永豐99購01  ,0,0,0,0,0,0,0,0,0,-1000,0,0,0,1000,2000,-1000,-1000
058613,茂林元大99購03  ,0,0,0,0,0,0,0,0,0,-1000,0,0,0,0,1000,-1000,-1000
060281,卜蜂元大9C購01  ,0,0,0,0,0,0,0,0,0,-1000,0,0,0,0,1000,-1000,-1000
058446,新光金富邦9C購01,0,0,0,0,0,0,0,0,0,-1000,0,0,0,0,1000,-1000,-1000
058490,元黃金群益9B購01,0,0,0,0,0,0,0,0,0,-1000,0,0,0,1000,2000,-1000,-1000
058475,台積電凱基99購06,0,0,0,0,0,0,0,0,0,-1000,0,0,0,27000,28000,-1000,-1000
058499,滬深2X元大9C購01,0,0,0,0,0,0,0,0,0,-1000,0,0,0,6000,7000,-1000,-1000
059198,華新科永豐99購06,0,0,0,0,0,0,0,0,0,-1000,0,0,0,0,1000,-1000,-1000
059304,華新科兆豐99購06,0,0,0,0,0,0,0,0,0,-1000,0,0,0,0,1000,-1000,-1000
059643,日月光凱基99購02,0,0,0,0,0,0,0,0,0,-1000,0,0,0,10000,11000,-1000,-1000
058347,玉晶光群益9B購01,0,0,0,0,0,0,0,0,0,-1000,0,0,0,50000,51000,-1000,-1000
059489,上証2X國票9A購01,0,0,0,0,0,0,0,0,0,-1000,0,0,0,3000,4000,-1000,-1000
063603,友達凱基9B購05  ,0,0,0,0,0,0,0,0,0,-1000,0,0,0,0,1000,-1000,-1000
060344,聯發科統一01購01,0,0,0,0,0,0,0,0,0,-1000,0,0,0,0,1000,-1000,-1000
063726,鴻海元大9B購04  ,0,0,0,0,0,0,0,0,0,-1000,0,0,0,19000,20000,-1000,-1000
063657,茂林元富9B購04  ,0,0,0,0,0,0,0,0,0,-1000,0,0,0,0,1000,-1000,-1000
058114,台積電第一01購01,0,0,0,0,0,0,0,0,0,-1000,0,0,0,0,1000,-1000,-1000
057815,信邦元大98購01  ,0,0,0,0,0,0,0,0,0,-1000,0,0,0,0,1000,-1000,-1000
058193,緯穎永豐99購01  ,0,0,0,0,0,0,0,0,0,-1000,0,0,0,0,1000,-1000,-1000
058217,新唐群益99購01  ,0,0,0,0,0,0,0,0,0,-1000,0,0,0,0,1000,-1000,-1000
057738,旺宏富邦9A購01  ,0,0,0,0,0,0,0,0,0,-1000,0,0,0,0,1000,-1000,-1000
056854,友達中信9A購01  ,0,0,0,0,0,0,0,0,0,-1000,0,0,0,0,1000,-1000,-1000
056856,華通群益9A購01  ,0,0,0,0,0,0,0,0,0,-1000,0,0,0,0,1000,-1000,-1000
056554,GIS凱基99購01   ,0,0,0,0,0,0,0,0,0,-1000,0,0,0,0,1000,-1000,-1000
055241,T50反1統一99購01,0,0,0,0,0,0,0,0,0,-1000,0,0,0,0,1000,-1000,-1000
057383,玉晶光富邦9A購01,0,0,0,0,0,0,0,0,0,-1000,0,0,0,0,1000,-1000,-1000
055439,台表科國票98購02,0,70000,-70000,0,0,0,0,0,0,69000,0,0,0,70000,1000,69000,-1000
057117,開發金日盛9B購01,0,0,0,0,0,0,0,0,0,-1000,0,0,0,0,1000,-1000,-1000
057667,可成元大99購01  ,0,0,0,0,0,0,0,0,0,-1000,0,0,0,0,1000,-1000,-1000
057537,聯茂元大98購04  ,0,0,0,0,0,0,0,0,0,-1000,0,0,0,0,1000,-1000,-1000
057524,旺宏元大99購04  ,0,0,0,0,0,0,0,0,0,-1000,0,0,0,0,1000,-1000,-1000
03113P,南電元大01售09  ,0,0,0,0,0,0,0,0,0,-1000,0,0,0,0,1000,-1000,-1000
03137P,台灣50凱基03售03,0,0,0,0,0,0,0,0,0,-1000,0,0,0,0,1000,-1000,-1000
03094X,大立光元大68展08,0,0,0,0,0,0,0,0,0,-1000,0,0,0,0,1000,-1000,-1000
03120P,臺指反元大04售10,0,0,0,0,0,0,0,0,0,-1000,0,0,0,0,1000,-1000,-1000
03060X,元展55          ,0,0,0,0,0,0,0,0,0,-1000,0,0,0,0,1000,-1000,-1000
051843,聯發科富邦99購01,0,0,0,0,0,0,0,0,0,-1000,0,0,0,0,1000,-1000,-1000
03679C,臺股指元大04牛04,0,0,0,0,0,0,0,0,0,-1000,0,0,0,0,1000,-1000,-1000
048505,滬深2X群益99購03,0,0,0,0,0,0,0,0,0,-1000,0,0,0,0,1000,-1000,-1000
00657,國泰日經225     ,0,1000,-1000,0,0,0,0,0,0,0,0,0,0,100000,100000,0,-1000
00661,元大日經225     ,0,0,0,0,0,0,0,0,0,-1000,0,0,0,0,1000,-1000,-1000
064127,聯發科元大9C購06,0,0,0,0,0,0,0,0,0,-1000,0,0,0,2000,3000,-1000,-1000
064162,貿聯統一02購01  ,0,0,0,0,0,0,0,0,0,-1000,0,0,0,0,1000,-1000,-1000
064012,泰碩國票01購02  ,0,0,0,0,0,0,0,0,0,-1000,0,0,0,0,1000,-1000,-1000
064262,玉晶光永豐9C購03,0,0,0,0,0,0,0,0,0,-1000,0,0,0,0,1000,-1000,-1000
062535,台積電麥證02購01,0,0,0,0,1000,-1000,0,0,0,-1000,0,0,0,0,1000,-1000,-1000
060640,京鼎永豐9A購01  ,0,0,0,0,0,0,0,0,0,-1000,0,0,0,0,1000,-1000,-1000
063865,旺宏永豐9C購01  ,0,0,0,0,0,0,0,0,0,-1000,0,0,0,3000,4000,-1000,-1000
062577,泰鼎群益9B購01  ,0,0,0,0,0,0,0,0,0,-1000,0,0,0,0,1000,-1000,-1000
062553,台積電凱基9B購07,0,0,0,0,0,0,0,0,0,-1000,0,0,0,102000,103000,-1000,-1000
062554,台積電凱基9B購08,0,0,0,0,0,0,0,0,0,-1000,0,0,0,2000,3000,-1000,-1000
061123,燿華永豐9A購01  ,0,0,0,0,0,0,0,0,0,-1000,0,0,0,0,1000,-1000,-1000
061031,神隆永豐9A購02  ,0,0,0,0,0,0,0,0,0,-1000,0,0,0,0,1000,-1000,-1000
060861,漢唐永豐9A購01  ,0,0,0,0,0,0,0,0,0,-1000,0,0,0,0,1000,-1000,-1000
060941,台積電國票9B購04,0,0,0,0,0,0,0,0,0,-1000,0,0,0,0,1000,-1000,-1000
061573,義隆元大9A購02  ,0,0,0,0,0,0,0,0,0,-1000,0,0,0,4000,5000,-1000,-1000
061563,群創國票9B購02  ,0,0,0,0,0,0,0,0,0,-1000,0,0,0,10000,11000,-1000,-1000
061518,達方永豐9A購02  ,0,0,0,0,0,0,0,0,0,-1000,0,0,0,1000,2000,-1000,-1000
061492,超眾兆豐9B購01  ,0,0,0,0,0,0,0,0,0,-1000,0,0,0,0,1000,-1000,-1000
061481,嘉澤元大9A購03  ,0,0,0,0,0,0,0,0,0,-1000,0,0,0,0,1000,-1000,-1000
061705,健策國票9A購06  ,0,0,0,0,0,0,0,0,0,-1000,0,0,0,10000,11000,-1000,-1000
061737,南亞科凱基9B購01,0,0,0,0,0,0,0,0,0,-1000,0,0,0,0,1000,-1000,-1000
061738,聯發科凱基9B購04,0,0,0,0,0,0,0,0,0,-1000,0,0,0,0,1000,-1000,-1000
061811,A50正2群益01購03,0,0,0,0,0,0,0,0,0,-1000,0,0,0,2000,3000,-1000,-1000
063164,聯發科永豐9B購03,0,0,0,0,0,0,0,0,0,-1000,0,0,0,1000,2000,-1000,-1000
063841,國巨元大01購01  ,0,0,0,0,0,0,0,0,0,-1000,0,0,0,2000,3000,-1000,-1000
063782,致新永豐9B購02  ,0,0,0,0,0,0,0,0,0,-1000,0,0,0,0,1000,-1000,-1000
063033,台積電凱基9B購09,0,0,0,0,0,0,0,0,0,-1000,0,0,0,60000,61000,-1000,-1000
063420,奇力新凱基9B購03,0,0,0,0,0,0,0,0,0,-1000,0,0,0,58000,59000,-1000,-1000
062278,聯發科群益9C購01,0,0,0,0,0,0,0,0,0,-1000,0,0,0,0,1000,-1000,-1000
062269,葡萄王群益9B購01,0,0,0,0,0,0,0,0,0,-1000,0,0,0,0,1000,-1000,-1000
062299,台積電第一9B購01,0,0,0,0,0,0,0,0,0,-1000,0,0,0,10000,11000,-1000,-1000
062100,矽格永豐9B購01  ,0,0,0,0,0,0,0,0,0,-1000,0,0,0,0,1000,-1000,-1000
062359,旺宏元大9C購02  ,0,0,0,0,0,0,0,0,0,-1000,0,0,0,40000,41000,-1000,-1000
062354,台達電元大9B購01,0,0,0,0,0,0,0,0,0,-1000,0,0,0,0,1000,-1000,-1000
062389,台表科國泰01購01,0,0,0,0,0,0,0,0,0,-1000,0,0,0,0,1000,-1000,-1000
063199,台積電統一01購07,0,0,0,0,0,0,0,0,0,-1000,0,0,0,1000,2000,-1000,-1000
063227,祥碩群益9B購06  ,0,0,0,0,0,0,0,0,0,-1000,0,0,0,0,1000,-1000,-1000
062490,聯茂永豐9B購01  ,0,0,0,0,0,0,0,0,0,-1000,0,0,0,0,1000,-1000,-1000
062522,同欣電元大9B購02,0,0,0,0,0,0,0,0,0,-1000,0,0,0,9000,10000,-1000,-1000
063336,大成鋼統一9C購02,0,0,0,0,0,0,0,0,0,-1000,0,0,0,0,1000,-1000,-1000
060772,FBVIX凱基9A購03 ,0,0,0,0,0,0,0,0,0,-1000,0,0,0,0,1000,-1000,-1000
060745,京元電國票9A購01,0,0,0,0,0,0,0,0,0,-1000,0,0,0,0,1000,-1000,-1000
062827,神基群益9B購01  ,0,0,0,0,0,0,0,0,0,-1000,0,0,0,0,1000,-1000,-1000
06613P,華新科富邦9A售03,0,0,0,0,0,0,0,0,0,-1000,0,0,0,29000,30000,-1000,-1000
066207,聯鈞統一01購02  ,0,0,0,0,0,0,0,0,0,-1000,0,0,0,14000,15000,-1000,-1000
066326,敦陽科永豐01購01,0,0,0,0,0,0,0,0,0,-1000,0,0,0,11000,12000,-1000,-1000
065751,台光電元大9C購06,0,0,0,0,0,0,0,0,0,-1000,0,0,0,3000,4000,-1000,-1000
065735,矽格凱基01購02  ,0,0,0,0,0,0,0,0,0,-1000,0,0,0,5000,6000,-1000,-1000
066919,台積電麥證01購06,0,0,0,2000,501000,-499000,0,0,0,-1000,0,0,0,502000,503000,-1000,-1000
06689P,鴻海中信9C售02  ,0,0,0,0,0,0,0,0,0,-1000,0,0,0,0,1000,-1000,-1000
066395,可成凱基01購03  ,0,0,0,0,0,0,0,0,0,-1000,0,0,0,0,1000,-1000,-1000
066386,宏全康和01購01  ,0,0,0,0,0,0,0,0,0,-1000,0,0,0,0,1000,-1000,-1000
066417,台積電元大01購13,0,0,0,0,0,0,0,0,0,-1000,0,0,0,0,1000,-1000,-1000
066516,智原永豐01購01  ,0,0,0,0,0,0,0,0,0,-1000,0,0,0,4000,5000,-1000,-1000
066449,瀚宇博群益01購01,0,0,0,0,0,0,0,0,0,-1000,0,0,0,0,1000,-1000,-1000
065264,亞光元大9C購02  ,0,0,0,0,0,0,0,0,0,-1000,0,0,0,10000,11000,-1000,-1000
065172,義隆元大9C購05  ,0,0,0,0,0,0,0,0,0,-1000,0,0,0,49000,50000,-1000,-1000
065503,燿華永豐9C購04  ,0,0,0,0,0,0,0,0,0,-1000,0,0,0,0,1000,-1000,-1000
065697,旺宏群益9C購07  ,0,0,0,0,0,0,0,0,0,-1000,0,0,0,52000,53000,-1000,-1000
065628,台積電國票01購03,0,0,0,0,0,0,0,0,0,-1000,0,0,0,0,1000,-1000,-1000
065621,聯發科第一9C購01,0,0,0,0,0,0,0,0,0,-1000,0,0,0,0,1000,-1000,-1000
064735,群創元富9C購02  ,0,0,0,0,0,0,0,0,0,-1000,0,0,0,13000,14000,-1000,-1000
064708,帆宣永豐9C購01  ,0,0,0,0,0,0,0,0,0,-1000,0,0,0,8000,9000,-1000,-1000
064946,台積電凱基01購07,0,0,0,0,0,0,0,0,0,-1000,0,0,0,4000,5000,-1000,-1000
064841,彩晶統一02購02  ,0,0,0,0,0,0,0,0,0,-1000,0,0,0,0,1000,-1000,-1000
064415,群創麥證9C購01  ,0,0,0,10000,11000,-1000,0,0,0,-1000,0,0,0,10000,11000,-1000,-1000
064439,大立光凱基03購02,0,0,0,0,0,0,0,0,0,-1000,0,0,0,0,1000,-1000,-1000
064520,京鼎群益02購01  ,0,0,0,0,0,0,0,0,0,-1000,0,0,0,0,1000,-1000,-1000
3701,大眾控          ,0,1000,-1000,0,0,0,0,0,0,0,0,0,0,0,0,0,-1000
4989,榮科            ,8000,8000,0,0,0,0,0,0,0,-1000,0,1000,-1000,0,0,0,-1000
6131,鈞泰            ,0,0,0,0,0,0,0,0,0,-1000,0,1000,-1000,0,0,0,-1000
8442,威宏-KY         ,0,0,0,0,0,0,0,0,0,-1000,0,1000,-1000,0,0,0,-1000
8488,吉源-KY         ,0,0,0,0,0,0,0,0,0,-1000,0,1000,-1000,0,0,0,-1000
8940,新天地          ,9000,10000,-1000,0,0,0,0,0,0,0,0,0,0,0,0,0,-1000
6674,鋐寶科技        ,1000,0,1000,0,0,0,0,0,0,-2000,0,2000,-2000,0,0,0,-1000
6201,亞弘電          ,0,0,0,0,0,0,0,0,0,-1000,0,1000,-1000,0,0,0,-1000
2613,中櫃            ,4000,3000,1000,0,0,0,0,0,0,-2000,0,2000,-2000,0,0,0,-1000
3011,今皓            ,0,1000,-1000,0,0,0,0,0,0,0,0,0,0,0,0,0,-1000
3528,安馳            ,0,0,0,0,0,0,0,0,0,-1000,0,1000,-1000,0,0,0,-1000
3591,艾笛森          ,13000,14000,-1000,0,0,0,0,0,0,0,0,0,0,0,0,0,-1000
2365,昆盈            ,43000,44000,-1000,0,0,0,0,0,0,0,0,0,0,0,0,0,-1000
2069,運錩            ,1000,2000,-1000,0,0,0,0,0,0,0,0,0,0,0,0,0,-1000
2114,鑫永銓          ,4000,6000,-2000,0,0,0,0,0,0,1000,1000,0,1000,0,0,0,-1000
2243,宏旭-KY         ,2000,3000,-1000,0,0,0,0,0,0,0,0,0,0,0,0,0,-1000
2033,佳大            ,0,1000,-1000,0,0,0,0,0,0,0,0,0,0,0,0,0,-1000
1727,中華化          ,0,1000,-1000,0,0,0,0,0,0,0,0,0,0,0,0,0,-1000
1587,吉茂            ,3000,5000,-2000,0,0,0,0,0,0,1000,1000,0,1000,0,0,0,-1000
1456,怡華            ,3000,4000,-1000,0,0,0,0,0,0,0,0,0,0,0,0,0,-1000
1445,大宇            ,11000,12000,-1000,0,0,0,0,0,0,0,0,0,0,0,0,0,-1000
08829P,滬深2X群益01售07,0,0,0,0,0,0,0,0,0,-1000,0,0,0,0,1000,-1000,-1000
1110,東泥            ,1000,2000,-1000,0,0,0,0,0,0,0,0,0,0,0,0,0,-1000
00645,富邦日本        ,0,0,0,0,0,0,0,0,0,-1271,0,0,0,100729,102000,-1271,-1271
08008P,華新科統一9B售05,0,0,0,0,0,0,0,0,0,-2000,0,0,0,0,2000,-2000,-2000
08139P,華新科元大9B售12,0,0,0,0,0,0,0,0,0,-2000,0,0,0,22000,24000,-2000,-2000
08314P,國巨元大9C售14  ,0,0,0,0,0,0,0,0,0,-2000,0,0,0,10000,12000,-2000,-2000
08298P,大立光國票9C售01,0,0,0,0,0,0,0,0,0,-2000,0,0,0,12000,14000,-2000,-2000
08688P,台灣50中信04售02,0,0,0,0,0,0,0,0,0,-2000,0,0,0,0,2000,-2000,-2000
08515P,鴻海群益9C售06  ,0,0,0,0,0,0,0,0,0,-2000,0,0,0,0,2000,-2000,-2000
08580P,臺股指元大9C售28,0,0,0,0,0,0,0,0,0,-2000,0,0,0,0,2000,-2000,-2000
08483P,金像電群益9C售02,0,0,0,0,0,0,0,0,0,-2000,0,0,0,4000,6000,-2000,-2000
08411P,技嘉凱基9C售01  ,0,0,0,0,0,0,0,0,0,-2000,0,0,0,87000,89000,-2000,-2000
068309,聯詠國票03購01  ,0,0,0,0,0,0,0,0,0,-2000,0,0,0,0,2000,-2000,-2000
068268,旺宏永豐01購01  ,0,0,0,0,0,0,0,0,0,-2000,0,0,0,0,2000,-2000,-2000
068352,台積電凱基01購22,0,0,0,0,0,0,0,0,0,-2000,0,0,0,7000,9000,-2000,-2000
068349,聯電凱基03購03  ,0,0,0,0,0,0,0,0,0,-2000,0,0,0,0,2000,-2000,-2000
06881P,國巨群益98售10  ,0,0,0,0,0,0,0,0,0,-2000,0,0,0,0,2000,-2000,-2000
07228P,台灣50群益9B售06,0,0,0,0,0,0,0,0,0,-2000,0,0,0,0,2000,-2000,-2000
07786P,南電中信9C售01  ,0,0,0,0,0,0,0,0,0,-2000,0,0,0,30000,32000,-2000,-2000
068009,矽格元大01購05  ,0,0,0,0,0,0,0,0,0,-2000,0,0,0,8000,10000,-2000,-2000
068155,國揚元大01購03  ,0,0,0,0,0,0,0,0,0,-2000,0,0,0,767000,769000,-2000,-2000
067835,微星統一02購02  ,0,0,0,0,0,0,0,0,0,-2000,0,0,0,236000,238000,-2000,-2000
067893,玉晶光群益02購07,0,0,0,0,0,0,0,0,0,-2000,0,0,0,81000,83000,-2000,-2000
067804,旺宏凱基01購04  ,0,0,0,0,0,0,0,0,0,-2000,0,0,0,0,2000,-2000,-2000
067641,群創統一01購02  ,0,0,0,0,0,0,0,0,0,-2000,0,0,0,0,2000,-2000,-2000
067122,眾達國泰03購02  ,0,0,0,0,0,0,0,0,0,-2000,0,0,0,0,2000,-2000,-2000
067016,康控富邦04購01  ,0,0,0,0,0,0,0,0,0,-2000,0,0,0,0,2000,-2000,-2000
046942,友達元大99購01  ,0,0,0,0,0,0,0,0,0,-2000,0,0,0,0,2000,-2000,-2000
046383,群創凱基98購01  ,0,0,0,0,0,0,0,0,0,-2000,0,0,0,0,2000,-2000,-2000
03076P,台積電富邦03售06,0,0,0,0,0,0,0,0,0,-2000,0,0,0,5000,7000,-2000,-2000
03127P,台表科凱基01售03,0,0,0,0,0,0,0,0,0,-2000,0,0,0,0,2000,-2000,-2000
057503,世紀鋼群益98購02,0,0,0,0,0,0,0,0,0,-2000,0,0,0,0,2000,-2000,-2000
057463,華邦電永豐98購01,0,0,0,0,0,0,0,0,0,-2000,0,0,0,0,2000,-2000,-2000
03160P,大立光元大01售22,0,0,0,0,0,0,0,0,0,-2000,0,0,0,0,2000,-2000,-2000
057543,華通凱基99購02  ,0,0,0,0,0,0,0,0,0,-2000,0,0,0,0,2000,-2000,-2000
057121,立積康和98購01  ,0,0,0,0,0,0,0,0,0,-2000,0,0,0,0,2000,-2000,-2000
057043,台積電元大99購02,0,0,0,0,0,0,0,0,0,-2000,0,0,0,0,2000,-2000,-2000
057306,玉晶光兆豐99購01,0,0,0,0,0,0,0,0,0,-2000,0,0,0,2000,4000,-2000,-2000
055136,聯發科富邦99購06,0,0,0,0,0,0,0,0,0,-2000,0,0,0,0,2000,-2000,-2000
056905,欣興元大98購03  ,0,0,0,0,0,0,0,0,0,-2000,0,0,0,0,2000,-2000,-2000
058164,FBVIX凱基03購02 ,0,0,0,0,0,0,0,0,0,-2000,0,0,0,0,2000,-2000,-2000
054543,元金2X中信01購01,0,0,0,0,0,0,0,0,0,-2000,0,0,0,0,2000,-2000,-2000
054860,台積電群益98購01,0,0,0,0,0,0,0,0,0,-2000,0,0,0,0,2000,-2000,-2000
057838,台郡國泰99購01  ,0,0,0,0,0,0,0,0,0,-2000,0,0,0,0,2000,-2000,-2000
057917,台積電凱基98購17,0,0,0,0,0,0,0,0,0,-2000,0,0,0,2000,4000,-2000,-2000
058128,FBVIX元大9C購02 ,0,0,0,0,0,0,0,0,0,-2000,0,0,0,0,2000,-2000,-2000
063681,深中小永豐9B購01,0,0,0,0,0,0,0,0,0,-2000,0,0,0,0,2000,-2000,-2000
063717,宏達電兆豐9B購02,0,0,0,0,0,0,0,0,0,-2000,0,0,0,0,2000,-2000,-2000
060350,元黃金元富9B購01,0,0,0,0,0,0,0,0,0,-2000,0,0,0,0,2000,-2000,-2000
060410,台苯永豐9A購01  ,0,0,0,0,0,0,0,0,0,-2000,0,0,0,0,2000,-2000,-2000
063570,嘉晶元大9C購02  ,0,0,0,0,0,0,0,0,0,-2000,0,0,0,15000,17000,-2000,-2000
059415,台灣50元大9A購03,0,0,0,0,0,0,0,0,0,-2000,0,0,0,0,2000,-2000,-2000
058311,緯穎元大99購05  ,0,0,0,0,0,0,0,0,0,-2000,0,0,0,0,2000,-2000,-2000
059660,華新科元大9A購04,0,0,0,0,0,0,0,0,0,-2000,0,0,0,17000,19000,-2000,-2000
059577,旺宏元富99購04  ,0,0,0,0,0,0,0,0,0,-2000,0,0,0,0,2000,-2000,-2000
059246,奇力新凱基9A購02,0,0,0,0,0,0,0,0,0,-2000,0,0,0,10000,12000,-2000,-2000
059279,台灣50富邦9C購03,0,0,0,0,0,0,0,0,0,-2000,0,0,0,0,2000,-2000,-2000
058890,元油2X元大9C購06,0,0,0,0,0,0,0,0,0,-2000,0,0,0,6000,8000,-2000,-2000
059923,緯穎元大99購09  ,0,0,0,0,0,0,0,0,0,-2000,0,0,0,0,2000,-2000,-2000
060200,同欣電元富9A購01,0,0,0,0,0,0,0,0,0,-2000,0,0,0,0,2000,-2000,-2000
060054,華新科凱基9B購04,0,0,0,0,0,0,0,0,0,-2000,0,0,0,1000,3000,-2000,-2000
059717,國巨元大99購21  ,0,0,0,0,0,0,0,0,0,-2000,0,0,0,0,2000,-2000,-2000
059788,華新科元大9A購05,0,0,0,0,0,0,0,0,0,-2000,0,0,0,5000,7000,-2000,-2000
059905,A50正2元大9C購06,0,0,0,0,0,0,0,0,0,-2000,0,0,0,0,2000,-2000,-2000
059838,茂林國泰9B購01  ,0,0,0,0,0,0,0,0,0,-2000,0,0,0,0,2000,-2000,-2000
059126,臺指反中信9B購01,0,0,0,0,0,0,0,0,0,-2000,0,0,0,0,2000,-2000,-2000
062633,亞光國票9B購01  ,0,0,0,0,0,0,0,0,0,-2000,0,0,0,0,2000,-2000,-2000
063301,鴻海凱基9B購08  ,0,0,0,0,0,0,0,0,0,-2000,0,0,0,5000,7000,-2000,-2000
063276,和大元大9B購01  ,0,0,0,0,0,0,0,0,0,-2000,0,0,0,0,2000,-2000,-2000
063172,廣達中信9C購01  ,0,0,0,0,0,0,0,0,0,-2000,0,0,0,89000,91000,-2000,-2000
062497,遠東新群益9B購01,0,0,0,0,0,0,0,0,0,-2000,0,0,0,0,2000,-2000,-2000
062473,同欣電凱基9B購01,0,0,0,0,0,0,0,0,0,-2000,0,0,0,0,2000,-2000,-2000
063221,京元電群益9B購02,0,0,0,0,0,0,0,0,0,-2000,0,0,0,0,2000,-2000,-2000
062407,同欣電永豐9B購01,0,0,0,0,0,0,0,0,0,-2000,0,0,0,0,2000,-2000,-2000
062410,台積電第一9B購02,0,0,0,0,0,0,0,0,0,-2000,0,0,0,10000,12000,-2000,-2000
061235,台積電元大9A購23,0,0,0,0,0,0,0,0,0,-2000,0,0,0,2000,4000,-2000,-2000
062312,大立光凱基9B購03,0,0,0,0,0,0,0,0,0,-2000,0,0,0,0,2000,-2000,-2000
062313,聯詠凱基9C購01  ,0,0,0,0,0,0,0,0,0,-2000,0,0,0,18000,20000,-2000,-2000
063371,南亞科永豐9B購01,0,0,0,0,0,0,0,0,0,-2000,0,0,0,15000,17000,-2000,-2000
063364,聯發科富邦01購02,0,0,0,0,0,0,0,0,0,-2000,0,0,0,0,2000,-2000,-2000
063736,大立光元大9B購08,0,0,0,0,0,0,0,0,0,-2000,0,0,0,48000,50000,-2000,-2000
063073,瑞昱永豐9B購01  ,0,0,0,0,0,0,0,0,0,-2000,0,0,0,10000,12000,-2000,-2000
061794,國巨永豐9B購01  ,0,0,0,0,0,0,0,0,0,-2000,0,0,0,15000,17000,-2000,-2000
061760,臺指反元大01購06,0,0,0,0,0,0,0,0,0,-2000,0,0,0,0,2000,-2000,-2000
061015,旺宏麥證9A購03  ,0,0,0,2000,4000,-2000,0,0,0,-2000,0,0,0,2000,4000,-2000,-2000
061968,聯發科統一01購03,0,0,0,0,0,0,0,0,0,-2000,0,0,0,0,2000,-2000,-2000
064640,和大凱基03購01  ,0,0,0,0,0,0,0,0,0,-2000,0,0,0,0,2000,-2000,-2000
064476,金像電國泰02購01,0,0,0,0,0,0,0,0,0,-2000,0,0,0,120000,122000,-2000,-2000
064467,南亞科元富9C購02,0,0,0,0,0,0,0,0,0,-2000,0,0,0,0,2000,-2000,-2000
064942,道瓊反凱基02購01,0,0,0,0,0,0,0,0,0,-2000,0,0,0,0,2000,-2000,-2000
064706,嘉晶富邦01購01  ,0,0,0,0,0,0,0,0,0,-2000,0,0,0,0,2000,-2000,-2000
064746,貿聯國票01購02  ,0,0,0,0,0,0,0,0,0,-2000,0,0,0,35000,37000,-2000,-2000
064686,鴻海群益01購03  ,0,0,0,0,0,0,0,0,0,-2000,0,0,0,8000,10000,-2000,-2000
065127,世芯永豐9C購03  ,0,0,0,0,0,0,0,0,0,-2000,0,0,0,3000,5000,-2000,-2000
065357,立積元富03購01  ,0,0,0,0,0,0,0,0,0,-2000,0,0,0,0,2000,-2000,-2000
065196,技嘉元富06購01  ,0,0,0,0,0,0,0,0,0,-2000,0,0,0,3000,5000,-2000,-2000
066496,大立光國泰03購01,0,0,0,0,0,0,0,0,0,-2000,0,0,0,0,2000,-2000,-2000
066658,卜蜂凱基01購01  ,0,0,0,0,0,0,0,0,0,-2000,0,0,0,0,2000,-2000,-2000
066818,力成兆豐01購01  ,0,0,0,0,0,0,0,0,0,-2000,0,0,0,0,2000,-2000,-2000
066773,美律富邦03購01  ,0,0,0,0,0,0,0,0,0,-2000,0,0,0,39000,41000,-2000,-2000
066699,台積電群益01購08,0,0,0,0,0,0,0,0,0,-2000,0,0,0,74000,76000,-2000,-2000
065871,南亞科群益9C購03,0,0,0,0,0,0,0,0,0,-2000,0,0,0,5000,7000,-2000,-2000
06587P,國巨元大98售13  ,0,0,0,0,0,0,0,0,0,-2000,0,0,0,0,2000,-2000,-2000
066042,正崴元大02購01  ,0,0,0,0,0,0,0,0,0,-2000,0,0,0,17000,19000,-2000,-2000
066024,金像電群益01購04,0,0,0,0,0,0,0,0,0,-2000,0,0,0,0,2000,-2000,-2000
065907,南亞科永豐9C購01,0,0,0,0,0,0,0,0,0,-2000,0,0,0,2000,4000,-2000,-2000
066322,群光永豐01購01  ,0,0,0,0,0,0,0,0,0,-2000,0,0,0,51000,53000,-2000,-2000
066258,台積電元大01購10,0,0,0,0,0,0,0,0,0,-2000,0,0,0,0,2000,-2000,-2000
066123,華夏群益01購01  ,0,0,0,0,0,0,0,0,0,-2000,0,0,0,0,2000,-2000,-2000
066065,東元凱基04購01  ,0,0,0,0,0,0,0,0,0,-2000,0,0,0,0,2000,-2000,-2000
08960P,聯發科凱基01售15,0,0,0,0,0,0,0,0,0,-2000,0,0,0,0,2000,-2000,-2000
08942P,上証2X國票02售04,0,0,0,0,0,0,0,0,0,-2000,0,0,0,0,2000,-2000,-2000
08717P,台灣50元大01售16,0,0,0,0,0,0,0,0,0,-2000,0,0,0,0,2000,-2000,-2000
08743P,群創凱基01售04  ,0,0,0,0,0,0,0,0,0,-2000,0,0,0,37000,39000,-2000,-2000
08764P,台灣50富邦03售03,0,0,0,0,0,0,0,0,0,-2000,0,0,0,3000,5000,-2000,-2000
08765P,鴻海富邦01售02  ,0,0,0,0,0,0,0,0,0,-2000,0,0,0,8000,10000,-2000,-2000
1453,大將            ,0,2000,-2000,0,0,0,0,0,0,0,0,0,0,0,0,0,-2000
1468,昶和            ,0,2000,-2000,0,0,0,0,0,0,0,0,0,0,0,0,0,-2000
1470,大統新創        ,0,2000,-2000,0,0,0,0,0,0,0,0,0,0,0,0,0,-2000
1616,億泰            ,0,2000,-2000,0,0,0,0,0,0,0,0,0,0,0,0,0,-2000
1776,展宇            ,0,2000,-2000,0,0,0,0,0,0,0,0,0,0,0,0,0,-2000
2012,春雨            ,0,2000,-2000,0,0,0,0,0,0,0,0,0,0,0,0,0,-2000
3054,立萬利          ,0,2000,-2000,0,0,0,0,0,0,0,0,0,0,0,0,0,-2000
3305,昇貿            ,5000,6000,-1000,0,0,0,0,0,0,-1000,0,1000,-1000,0,0,0,-2000
2611,志信            ,4000,6000,-2000,0,0,0,0,0,0,0,0,0,0,0,0,0,-2000
2443,億麗            ,10000,12000,-2000,0,0,0,0,0,0,0,0,0,0,0,0,0,-2000
2506,太設            ,25000,34000,-9000,0,0,0,0,0,0,7000,7000,0,7000,0,0,0,-2000
8467,波力-KY         ,0,2000,-2000,0,0,0,0,0,0,0,0,0,0,0,0,0,-2000
8367,建新國際        ,0,0,0,0,0,0,0,0,0,-2000,0,2000,-2000,0,0,0,-2000
8114,振樺電          ,3000,4000,-1000,0,0,0,0,0,0,-1000,0,1000,-1000,0,0,0,-2000
6117,迎廣            ,0,2000,-2000,0,0,0,0,0,0,0,0,0,0,0,0,0,-2000
9926,新海            ,2000,0,2000,0,0,0,0,0,0,-4000,0,4000,-4000,0,0,0,-2000
06699P,台積電統一98售11,0,0,0,0,0,0,0,0,0,-3000,0,0,0,0,3000,-3000,-3000
067671,正崴元大01購01  ,0,0,0,0,0,0,0,0,0,-3000,0,0,0,75000,78000,-3000,-3000
07728P,臺股指凱基9A售20,0,0,0,0,0,0,0,0,0,-3000,0,0,0,0,3000,-3000,-3000
07216P,大立光凱基99售08,0,0,0,0,0,0,0,0,0,-3000,0,0,0,5000,8000,-3000,-3000
06891P,緯穎富邦99售03  ,0,0,0,0,0,0,0,0,0,-3000,0,0,0,0,3000,-3000,-3000
068330,大立光元大01購19,0,0,0,0,0,0,0,0,0,-3000,0,0,0,0,3000,-3000,-3000
08119P,南亞科統一9C售03,0,0,0,0,0,0,0,0,0,-3000,0,0,0,0,3000,-3000,-3000
059173,矽力凱基99購01  ,0,0,0,0,0,0,0,0,0,-3000,0,0,0,0,3000,-3000,-3000
059105,臺股指元富99購06,0,0,0,0,0,0,0,0,0,-3000,0,0,0,0,3000,-3000,-3000
059726,華新科元大99購18,0,0,0,0,0,0,0,0,0,-3000,0,0,0,1000,4000,-3000,-3000
060229,楠梓電元大9C購01,0,0,0,0,0,0,0,0,0,-3000,0,0,0,1000,4000,-3000,-3000
059979,台積電元大99購49,0,0,0,0,0,0,0,0,0,-3000,0,0,0,8000,11000,-3000,-3000
059944,欣興永豐99購03  ,0,0,0,0,0,0,0,0,0,-3000,0,0,0,0,3000,-3000,-3000
05889P,群創元大98售02  ,0,0,0,0,0,0,0,0,0,-3000,0,0,0,0,3000,-3000,-3000
058956,健策國票9A購02  ,0,0,0,0,0,0,0,0,0,-3000,0,0,0,1000,4000,-3000,-3000
059037,宏達電群益99購02,0,0,0,0,0,0,0,0,0,-3000,0,0,0,3000,6000,-3000,-3000
058700,鴻海元大99購15  ,0,0,0,0,0,0,0,0,0,-3000,0,0,0,0,3000,-3000,-3000
058746,華通凱基9A購02  ,0,0,0,0,0,0,0,0,0,-3000,0,0,0,1000,4000,-3000,-3000
059662,旭富元大9C購01  ,0,0,0,0,0,0,0,0,0,-3000,0,0,0,20000,23000,-3000,-3000
059492,國巨國票9A購06  ,0,0,0,0,0,0,0,0,0,-3000,0,0,0,0,3000,-3000,-3000
059494,國巨國票9C購01  ,0,0,0,0,0,0,0,0,0,-3000,0,0,0,0,3000,-3000,-3000
063597,健策中信9B購02  ,0,0,0,0,0,0,0,0,0,-3000,0,0,0,12000,15000,-3000,-3000
063711,高鐵凱基9B購01  ,0,0,0,0,0,0,0,0,0,-3000,0,0,0,0,3000,-3000,-3000
063635,漢唐元大9B購04  ,0,0,0,0,0,0,0,0,0,-3000,0,0,0,0,3000,-3000,-3000
058051,同欣電元大98購03,0,0,0,0,0,0,0,0,0,-3000,0,0,0,0,3000,-3000,-3000
058025,聯茂國泰99購01  ,0,0,0,0,0,0,0,0,0,-3000,0,0,0,0,3000,-3000,-3000
057980,聯詠永豐98購01  ,0,0,0,0,0,0,0,0,0,-3000,0,0,0,10000,13000,-3000,-3000
057893,亞德客元富98購03,0,0,0,0,0,0,0,0,0,-3000,0,0,0,0,3000,-3000,-3000
057816,欣興元大98購13  ,0,0,0,0,0,0,0,0,0,-3000,0,0,0,0,3000,-3000,-3000
056262,台積電統一98購04,0,0,0,0,0,0,0,0,0,-3000,0,0,0,0,3000,-3000,-3000
057568,友訊永豐99購01  ,0,0,0,0,0,0,0,0,0,-3000,0,0,0,12000,15000,-3000,-3000
03105P,大立光元富04售02,0,0,0,0,0,0,0,0,0,-3000,0,0,0,0,3000,-3000,-3000
03035P,玉晶光國票01售07,0,0,0,0,0,0,0,0,0,-3000,0,0,0,0,3000,-3000,-3000
00660,元大歐洲50      ,0,0,0,0,0,0,0,0,0,-3000,0,0,0,3000,6000,-3000,-3000
00684R,元大美元指數反1 ,0,0,0,0,0,0,0,0,0,-3000,0,0,0,0,3000,-3000,-3000
00675L,富邦臺灣加權正2 ,164000,96000,68000,0,0,0,0,0,0,-71000,0,0,0,19000,90000,-71000,-3000
060655,國巨統一9B購06  ,0,0,0,0,0,0,0,0,0,-3000,0,0,0,5000,8000,-3000,-3000
061364,國巨國票9A購09  ,0,0,0,0,0,0,0,0,0,-3000,0,0,0,39000,42000,-3000,-3000
061339,京元電元大9A購05,0,0,0,0,0,0,0,0,0,-3000,0,0,0,11000,14000,-3000,-3000
062604,東元凱基9B購01  ,0,0,0,0,0,0,0,0,0,-3000,0,0,0,0,3000,-3000,-3000
063867,全新永豐9C購01  ,0,0,0,0,0,0,0,0,0,-3000,0,0,0,0,3000,-3000,-3000
063905,健策麥證02購01  ,0,0,0,7000,10000,-3000,0,0,0,-3000,0,0,0,7000,10000,-3000,-3000
064272,鴻海元大9C購09  ,0,0,0,0,0,0,0,0,0,-3000,0,0,0,0,3000,-3000,-3000
064273,華邦電元大9C購02,0,0,0,0,0,0,0,0,0,-3000,0,0,0,0,3000,-3000,-3000
064276,聯發科元大9C購07,0,0,0,0,0,0,0,0,0,-3000,0,0,0,0,3000,-3000,-3000
064052,創意統一01購02  ,0,0,0,0,0,0,0,0,0,-3000,0,0,0,5000,8000,-3000,-3000
06105P,國巨國票98售02  ,0,0,0,0,0,0,0,0,0,-3000,0,0,0,0,3000,-3000,-3000
061718,GIS凱基9B購01   ,0,0,0,0,0,0,0,0,0,-3000,0,0,0,0,3000,-3000,-3000
063124,奇力新元大9B購05,0,0,0,0,0,0,0,0,0,-3000,0,0,0,50000,53000,-3000,-3000
063479,南六元大9B購06  ,0,0,0,0,0,0,0,0,0,-3000,0,0,0,78000,81000,-3000,-3000
063416,台積電凱基9B購10,0,0,0,0,0,0,0,0,0,-3000,0,0,0,65000,68000,-3000,-3000
063802,南茂凱基9C購01  ,0,0,0,0,0,0,0,0,0,-3000,0,0,0,42000,45000,-3000,-3000
062004,國巨國泰9C購03  ,0,0,0,0,0,0,0,0,0,-3000,0,0,0,11000,14000,-3000,-3000
062129,世紀鋼統一02購01,0,0,0,0,0,0,0,0,0,-3000,0,0,0,19000,22000,-3000,-3000
062357,國巨元大9B購11  ,0,0,0,0,0,0,0,0,0,-3000,0,0,0,0,3000,-3000,-3000
062487,中興電永豐9B購01,0,0,0,0,0,0,0,0,0,-3000,0,0,0,30000,33000,-3000,-3000
062753,台積電麥證9B購01,0,0,0,0,3000,-3000,0,0,0,-3000,0,0,0,0,3000,-3000,-3000
062861,世芯國票9C購01  ,0,0,0,0,0,0,0,0,0,-3000,0,0,0,0,3000,-3000,-3000
066037,華通元大01購03  ,0,0,0,0,0,0,0,0,0,-3000,0,0,0,98000,101000,-3000,-3000
065995,台虹永豐01購01  ,0,0,0,0,0,0,0,0,0,-3000,0,0,0,12000,15000,-3000,-3000
065843,瑞昱元大9C購03  ,0,0,0,0,0,0,0,0,0,-3000,0,0,0,65000,68000,-3000,-3000
066708,嘉澤群益02購01  ,0,0,0,0,0,0,0,0,0,-3000,0,0,0,11000,14000,-3000,-3000
066580,臺股指元大01購09,0,0,0,0,0,0,0,0,0,-3000,0,0,0,0,3000,-3000,-3000
065199,華擎元富03購01  ,0,0,0,0,0,0,0,0,0,-3000,0,0,0,85000,88000,-3000,-3000
065238,聯茂凱基02購01  ,0,0,0,0,0,0,0,0,0,-3000,0,0,0,10000,13000,-3000,-3000
065085,聯發科元大01購02,0,0,0,0,0,0,0,0,0,-3000,0,0,0,0,3000,-3000,-3000
065597,旺宏元大01購03  ,0,0,0,0,0,0,0,0,0,-3000,0,0,0,102000,105000,-3000,-3000
065408,華通永豐9C購02  ,0,0,0,0,0,0,0,0,0,-3000,0,0,0,19000,22000,-3000,-3000
064954,奇鋐凱基9C購01  ,0,0,0,0,0,0,0,0,0,-3000,0,0,0,58000,61000,-3000,-3000
064951,聯發科凱基01購04,0,0,0,0,0,0,0,0,0,-3000,0,0,0,0,3000,-3000,-3000
065002,致茂國票01購01  ,0,0,0,0,0,0,0,0,0,-3000,0,0,0,0,3000,-3000,-3000
064860,聯發科富邦03購01,0,0,0,0,0,0,0,0,0,-3000,0,0,0,0,3000,-3000,-3000
064364,高鐵統一9C購02  ,0,0,0,0,0,0,0,0,0,-3000,0,0,0,0,3000,-3000,-3000
9941A,裕融甲特        ,0,0,0,0,0,0,0,0,0,-3000,1000,4000,-3000,0,0,0,-3000
6184,大豐電          ,6000,9000,-3000,0,0,0,0,0,0,0,0,0,0,0,0,0,-3000
8480,泰昇-KY         ,3000,7000,-4000,0,0,0,0,0,0,1000,1000,0,1000,0,0,0,-3000
2630,亞航            ,2000,5000,-3000,0,0,0,0,0,0,0,0,0,0,0,0,0,-3000
2032,新鋼            ,1000,4000,-3000,0,0,0,0,0,0,0,0,0,0,0,0,0,-3000
2030,彰源            ,15000,18000,-3000,0,0,0,0,0,0,0,0,0,0,0,0,0,-3000
2427,三商電          ,1000,4000,-3000,0,0,0,0,0,0,0,0,0,0,0,0,0,-3000
1443,立益            ,0,3000,-3000,0,0,0,0,0,0,0,0,0,0,0,0,0,-3000
1413,宏洲            ,0,3000,-3000,0,0,0,0,0,0,0,0,0,0,0,0,0,-3000
08840P,臺股指麥證01售07,0,0,0,155000,158000,-3000,0,0,0,-3000,0,0,0,155000,158000,-3000,-3000
08834P,聯發科統一01售11,0,0,0,0,0,0,0,0,0,-3000,0,0,0,0,3000,-3000,-3000
08938P,大立光元大01售15,0,0,0,0,0,0,0,0,0,-3000,0,0,0,0,3000,-3000,-3000
08888P,台積電永豐01售01,0,0,0,0,0,0,0,0,0,-3000,0,0,0,0,3000,-3000,-3000
07937P,國巨中信9B售03  ,0,0,0,0,0,0,0,0,0,-4000,0,0,0,0,4000,-4000,-4000
068326,技嘉元大01購04  ,0,0,0,0,0,0,0,0,0,-4000,0,0,0,4000,8000,-4000,-4000
068295,旭富兆豐01購02  ,0,0,0,0,0,0,0,0,0,-4000,0,0,0,0,4000,-4000,-4000
068259,台灣50富邦03購04,0,0,0,0,0,0,0,0,0,-4000,0,0,0,0,4000,-4000,-4000
07034P,大立光元富99售03,0,0,0,0,0,0,0,0,0,-4000,0,0,0,0,4000,-4000,-4000
068427,儒鴻凱基01購01  ,0,0,0,0,0,0,0,0,0,-4000,0,0,0,0,4000,-4000,-4000
068429,裕隆凱基01購01  ,0,0,0,0,0,0,0,0,0,-4000,0,0,0,0,4000,-4000,-4000
07190P,臺股指富邦9C售02,0,0,0,0,0,0,0,0,0,-4000,0,0,0,0,4000,-4000,-4000
07811P,華新科統一9A售02,0,0,0,0,0,0,0,0,0,-4000,0,0,0,0,4000,-4000,-4000
07884P,華新科凱基9B售08,0,0,0,0,0,0,0,0,0,-4000,0,0,0,8000,12000,-4000,-4000
067691,台虹元大01購03  ,0,0,0,0,0,0,0,0,0,-4000,0,0,0,1000,5000,-4000,-4000
067704,台表科麥證01購02,0,0,0,1000,5000,-4000,0,0,0,-4000,0,0,0,1000,5000,-4000,-4000
067978,緯穎群益01購06  ,0,0,0,0,0,0,0,0,0,-4000,0,0,0,0,4000,-4000,-4000
066989,聯茂群益01購01  ,0,0,0,0,0,0,0,0,0,-4000,0,0,0,4000,8000,-4000,-4000
067152,義隆統一02購03  ,0,0,0,0,0,0,0,0,0,-4000,0,0,0,26000,30000,-4000,-4000
067582,華通群益02購04  ,0,0,0,0,0,0,0,0,0,-4000,0,0,0,52000,56000,-4000,-4000
00666R,富邦恒生國企反1 ,0,0,0,0,0,0,0,0,0,-4000,0,0,0,83000,87000,-4000,-4000
00625K,富邦上証+R      ,0,0,0,0,0,0,0,0,0,-4000,0,0,0,50000,54000,-4000,-4000
0055,元大MSCI金融    ,0,573000,-573000,0,0,0,0,0,0,569000,0,0,0,569000,0,569000,-4000
01002T,土銀國泰R1      ,0,4000,-4000,0,0,0,0,0,0,0,0,0,0,0,0,0,-4000
053394,鴻海中信9A購01  ,0,0,0,0,0,0,0,0,0,-4000,0,0,0,0,4000,-4000,-4000
057450,國泰金元富98購01,0,0,0,0,0,0,0,0,0,-4000,0,0,0,0,4000,-4000,-4000
057669,嘉晶元大99購03  ,0,0,0,0,0,0,0,0,0,-4000,0,0,0,9000,13000,-4000,-4000
057645,華新科元大99購11,0,0,0,0,0,0,0,0,0,-4000,0,0,0,0,4000,-4000,-4000
057327,玉晶光群益9A購04,0,0,0,0,0,0,0,0,0,-4000,0,0,0,1000,5000,-4000,-4000
057355,彩晶統一98購03  ,0,0,0,0,0,0,0,0,0,-4000,0,0,0,0,4000,-4000,-4000
056192,智邦富邦98購01  ,0,0,0,0,0,0,0,0,0,-4000,0,0,0,2000,6000,-4000,-4000
055781,聯詠凱基98購01  ,0,0,0,0,0,0,0,0,0,-4000,0,0,0,11000,15000,-4000,-4000
057962,超眾元大99購03  ,0,0,0,0,0,0,0,0,0,-4000,0,0,0,6000,10000,-4000,-4000
057685,台灣50凱基9C購01,0,0,0,0,0,0,0,0,0,-4000,0,0,0,2000,6000,-4000,-4000
063620,奇力新兆豐9B購01,0,0,0,0,0,0,0,0,0,-4000,0,0,0,0,4000,-4000,-4000
063544,華新科台新9B購02,0,0,0,0,0,0,0,0,0,-4000,0,0,0,30000,34000,-4000,-4000
063547,大立光兆豐9B購04,0,0,0,0,0,0,0,0,0,-4000,0,0,0,29000,33000,-4000,-4000
058352,鴻海凱基9A購05  ,0,0,0,0,0,0,0,0,0,-4000,0,0,0,1000,5000,-4000,-4000
059695,聯鈞永豐99購02  ,0,0,0,0,0,0,0,0,0,-4000,0,0,0,0,4000,-4000,-4000
058777,台光電國票9A購01,0,0,0,0,0,0,0,0,0,-4000,0,0,0,0,4000,-4000,-4000
058636,亞光兆豐9A購01  ,0,0,0,0,0,0,0,0,0,-4000,0,0,0,0,4000,-4000,-4000
058531,華通元富99購01  ,0,0,0,0,0,0,0,0,0,-4000,0,0,0,3000,7000,-4000,-4000
059716,鴻海元大99購35  ,0,0,0,0,0,0,0,0,0,-4000,0,0,0,0,4000,-4000,-4000
059095,訊芯元大99購01  ,0,0,0,0,0,0,0,0,0,-4000,0,0,0,16000,20000,-4000,-4000
059077,FBVIX元大99購05 ,0,0,0,0,0,0,0,0,0,-4000,0,0,0,0,4000,-4000,-4000
062871,大成鋼兆豐9B購01,0,0,0,0,0,0,0,0,0,-4000,0,0,0,0,4000,-4000,-4000
062762,聯詠凱基9B購02  ,0,0,0,0,0,0,0,0,0,-4000,0,0,0,22000,26000,-4000,-4000
063217,元金2X群益9B購03,10000,15000,-5000,0,0,0,0,0,0,1000,0,0,0,15000,14000,1000,-4000
063185,聯發科凱基9C購03,0,0,0,0,0,0,0,0,0,-4000,0,0,0,16000,20000,-4000,-4000
063303,聯發科凱基9B購14,0,0,0,0,0,0,0,0,0,-4000,0,0,0,0,4000,-4000,-4000
063338,國巨統一9C購11  ,0,0,0,0,0,0,0,0,0,-4000,0,0,0,2000,6000,-4000,-4000
061202,和大元大9A購02  ,0,0,0,0,0,0,0,0,0,-4000,0,0,0,2000,6000,-4000,-4000
062253,燿華元大9B購02  ,0,0,0,0,0,0,0,0,0,-4000,0,0,0,10000,14000,-4000,-4000
063847,聯發科元大9C購03,0,0,0,0,0,0,0,0,0,-4000,0,0,0,6000,10000,-4000,-4000
063151,奇鋐元富9B購01  ,0,0,0,0,0,0,0,0,0,-4000,0,0,0,0,4000,-4000,-4000
061719,緯穎凱基9A購06  ,0,0,0,0,0,0,0,0,0,-4000,0,0,0,20000,24000,-4000,-4000
061698,智邦國票9A購04  ,0,0,0,0,0,0,0,0,0,-4000,0,0,0,0,4000,-4000,-4000
061528,超眾凱基9A購04  ,0,0,0,0,0,0,0,0,0,-4000,0,0,0,50000,54000,-4000,-4000
061069,嘉聯益凱基9A購01,0,0,0,0,0,0,0,0,0,-4000,0,0,0,10000,14000,-4000,-4000
060850,康友國票9A購03  ,0,0,0,0,0,0,0,0,0,-4000,0,0,0,98000,102000,-4000,-4000
061192,奇鋐永豐9A購01  ,0,0,0,0,0,0,0,0,0,-4000,0,0,0,22000,26000,-4000,-4000
064510,GIS元大01購01   ,0,0,0,0,0,0,0,0,0,-4000,0,0,0,0,4000,-4000,-4000
064488,台達電元大9C購01,0,0,0,0,0,0,0,0,0,-4000,0,0,0,6000,10000,-4000,-4000
064492,技嘉元大9C購01  ,0,0,0,0,0,0,0,0,0,-4000,0,0,0,1000,5000,-4000,-4000
064539,玉晶光麥證01購01,0,0,0,1000,4000,-3000,0,0,0,-4000,0,0,0,1000,5000,-4000,-4000
064859,南亞科富邦01購01,0,0,0,0,0,0,0,0,0,-4000,0,0,0,0,4000,-4000,-4000
064744,創意國票01購02  ,0,0,0,0,0,0,0,0,0,-4000,0,0,0,6000,10000,-4000,-4000
065681,聯發科統一9C購17,0,0,0,0,0,0,0,0,0,-4000,0,0,0,706000,710000,-4000,-4000
065180,台表科元大9C購10,0,0,0,0,0,0,0,0,0,-4000,0,0,0,0,4000,-4000,-4000
066593,奇鋐群益01購01  ,0,0,0,0,0,0,0,0,0,-4000,0,0,0,72000,76000,-4000,-4000
066640,達麗凱基01購01  ,0,0,0,0,0,0,0,0,0,-4000,0,0,0,25000,29000,-4000,-4000
066510,堤維西永豐01購01,0,0,0,0,0,0,0,0,0,-4000,0,0,0,0,4000,-4000,-4000
066397,智原凱基01購01  ,0,0,0,0,0,0,0,0,0,-4000,0,0,0,6000,10000,-4000,-4000
066799,台光電凱基01購02,0,0,0,0,0,0,0,0,0,-4000,0,0,0,20000,24000,-4000,-4000
066788,聯發科麥證01購07,0,0,0,0,4000,-4000,0,0,0,-4000,0,0,0,0,4000,-4000,-4000
065776,鴻海國泰03購01  ,0,0,0,0,0,0,0,0,0,-4000,0,0,0,34000,38000,-4000,-4000
065947,國巨統一02購03  ,0,0,0,0,0,0,0,0,0,-4000,0,0,0,16000,20000,-4000,-4000
066089,文曄永豐01購01  ,0,0,0,0,0,0,0,0,0,-4000,0,0,0,0,4000,-4000,-4000
066324,仲琦永豐01購01  ,0,0,0,0,0,0,0,0,0,-4000,0,0,0,100000,104000,-4000,-4000
06633P,國巨國票99售01  ,0,0,0,0,0,0,0,0,0,-4000,0,0,0,56000,60000,-4000,-4000
1315,達新            ,27000,31000,-4000,0,0,0,0,0,0,0,0,0,0,0,0,0,-4000
2007,燁興            ,0,4000,-4000,0,0,0,0,0,0,0,0,0,0,0,0,0,-4000
2460,建通            ,0,4000,-4000,0,0,0,0,0,0,0,0,0,0,0,0,0,-4000
3004,豐達科          ,38000,23000,15000,0,0,0,0,0,0,-19000,0,19000,-19000,0,0,0,-4000
8473,山林水          ,8000,12000,-4000,0,0,0,0,0,0,0,0,0,0,0,0,0,-4000
6128,上福            ,0,0,0,0,0,0,0,0,0,-4000,0,4000,-4000,0,0,0,-4000
5525,順天            ,1000,5000,-4000,0,0,0,0,0,0,0,0,0,0,0,0,0,-4000
067579,道瓊銀群益01購03,0,0,0,0,0,0,0,0,0,-5000,0,0,0,0,5000,-5000,-5000
067435,眾達凱基02購01  ,0,0,0,0,0,0,0,0,0,-5000,0,0,0,0,5000,-5000,-5000
067348,元金2X群益01購01,0,0,0,0,0,0,0,0,0,-5000,0,0,0,0,5000,-5000,-5000
067296,A50正2元大01購03,0,0,0,0,0,0,0,0,0,-5000,0,0,0,0,5000,-5000,-5000
066978,國巨群益01購03  ,0,0,0,0,0,0,0,0,0,-5000,0,0,0,1000,6000,-5000,-5000
067018,FB上証中信02購01,0,0,0,0,0,0,0,0,0,-5000,0,0,0,0,5000,-5000,-5000
067987,台積電元大01購29,0,0,0,0,0,0,0,0,0,-5000,0,0,0,0,5000,-5000,-5000
068048,美律統一03購01  ,0,0,0,0,0,0,0,0,0,-5000,0,0,0,0,5000,-5000,-5000
067941,鎧勝凱基01購02  ,0,0,0,0,0,0,0,0,0,-5000,0,0,0,0,5000,-5000,-5000
068180,華新科群益02購03,0,0,0,0,0,0,0,0,0,-5000,0,0,0,0,5000,-5000,-5000
068204,玉晶光凱基03購05,0,0,0,0,0,0,0,0,0,-5000,0,0,0,5000,10000,-5000,-5000
067604,晶技凱基01購02  ,0,0,0,0,0,0,0,0,0,-5000,0,0,0,8000,13000,-5000,-5000
067878,上証2X群益01購06,0,0,0,0,0,0,0,0,0,-5000,0,0,0,0,5000,-5000,-5000
067858,上証2X元大01購06,0,0,0,0,0,0,0,0,0,-5000,0,0,0,0,5000,-5000,-5000
067844,全新元富07購01  ,0,0,0,0,0,0,0,0,0,-5000,0,0,0,0,5000,-5000,-5000
067840,滬深2X元富04購02,0,0,0,0,0,0,0,0,0,-5000,0,0,0,0,5000,-5000,-5000
07844P,可成國票9A售01  ,0,0,0,0,0,0,0,0,0,-5000,0,0,0,0,5000,-5000,-5000
07752P,台灣50元大9C售33,0,0,0,0,0,0,0,0,0,-5000,0,0,0,0,5000,-5000,-5000
07687P,上銀元大9A售06  ,0,0,0,0,0,0,0,0,0,-5000,0,0,0,0,5000,-5000,-5000
07568P,鴻海凱基9A售22  ,0,0,0,0,0,0,0,0,0,-5000,0,0,0,0,5000,-5000,-5000
07623P,大立光統一9B售05,0,0,0,0,0,0,0,0,0,-5000,0,0,0,0,5000,-5000,-5000
068475,晶技群益01購04  ,0,0,0,0,0,0,0,0,0,-5000,0,0,0,0,5000,-5000,-5000
068532,台郡元富07購02  ,0,0,0,0,0,0,0,0,0,-5000,0,0,0,0,5000,-5000,-5000
07065P,臺股指元大9A售26,0,0,0,0,0,0,0,0,0,-5000,0,0,0,55000,60000,-5000,-5000
06997P,台灣50中信03售01,0,0,0,0,0,0,0,0,0,-5000,0,0,0,0,5000,-5000,-5000
06822P,上銀富邦99售03  ,0,0,0,0,0,0,0,0,0,-5000,0,0,0,25000,30000,-5000,-5000
068279,台灣50中信04購04,0,0,0,0,0,0,0,0,0,-5000,0,0,0,0,5000,-5000,-5000
068334,玉晶光元大01購14,0,0,0,0,0,0,0,0,0,-5000,0,0,0,5000,10000,-5000,-5000
068338,GIS元大01購04   ,0,0,0,0,0,0,0,0,0,-5000,0,0,0,0,5000,-5000,-5000
08000P,奇鋐凱基9B售03  ,0,0,0,0,0,0,0,0,0,-5000,0,0,0,0,5000,-5000,-5000
08325P,臺股指凱基9C售08,0,0,0,0,0,0,0,0,0,-5000,0,0,0,0,5000,-5000,-5000
08167P,台積電兆豐9B售04,0,0,0,0,0,0,0,0,0,-5000,0,0,0,0,5000,-5000,-5000
08345P,大立光元大9C售14,0,0,0,0,0,0,0,0,0,-5000,0,0,0,0,5000,-5000,-5000
08477P,臺股指凱基9C售15,0,0,0,0,0,0,0,0,0,-5000,0,0,0,0,5000,-5000,-5000
059100,元油2X統一9C購02,0,0,0,0,0,0,0,0,0,-5000,0,0,0,50000,55000,-5000,-5000
059797,大立光國票99購01,0,0,0,0,0,0,0,0,0,-5000,0,0,0,33000,38000,-5000,-5000
059872,華新科凱基01購01,0,0,0,0,0,0,0,0,0,-5000,0,0,0,0,5000,-5000,-5000
059917,華新科元大99購19,0,0,0,0,0,0,0,0,0,-5000,0,0,0,50000,55000,-5000,-5000
060051,台積電凱基9B購01,0,0,0,0,0,0,0,0,0,-5000,0,0,0,0,5000,-5000,-5000
060037,鴻海國票99購10  ,0,0,0,0,0,0,0,0,0,-5000,0,0,0,0,5000,-5000,-5000
060227,和大元大9A購01  ,0,0,0,0,0,0,0,0,0,-5000,0,0,0,0,5000,-5000,-5000
060163,健策永豐9B購01  ,0,0,0,0,0,0,0,0,0,-5000,0,0,0,0,5000,-5000,-5000
060154,堤維西永豐9A購01,0,0,0,0,0,0,0,0,0,-5000,0,0,0,0,5000,-5000,-5000
058529,S&P正2元富9B購01,0,0,0,0,0,0,0,0,0,-5000,0,0,0,0,5000,-5000,-5000
058628,宏達電國票9A購01,0,0,0,0,0,0,0,0,0,-5000,0,0,0,0,5000,-5000,-5000
060295,貿聯元大9A購03  ,0,0,0,0,0,0,0,0,0,-5000,0,0,0,0,5000,-5000,-5000
060329,鎧勝群益9B購01  ,0,0,0,0,0,0,0,0,0,-5000,0,0,0,0,5000,-5000,-5000
059681,華新科國泰9B購02,0,0,0,0,0,0,0,0,0,-5000,0,0,0,15000,20000,-5000,-5000
058505,台積電元大99購08,0,0,0,0,0,0,0,0,0,-5000,0,0,0,32000,37000,-5000,-5000
058385,創意中信99購01  ,0,0,0,0,0,0,0,0,0,-5000,0,0,0,0,5000,-5000,-5000
058588,致茂中信9B購01  ,0,0,0,0,0,0,0,0,0,-5000,0,0,0,8000,13000,-5000,-5000
063665,南亞科統一01購02,0,0,0,0,0,0,0,0,0,-5000,0,0,0,0,5000,-5000,-5000
063667,全新統一01購02  ,0,0,0,0,0,0,0,0,0,-5000,0,0,0,0,5000,-5000,-5000
058246,帆宣元大99購01  ,0,0,0,0,0,0,0,0,0,-5000,0,0,0,0,5000,-5000,-5000
054742,京鼎凱基99購01  ,0,0,0,0,0,0,0,0,0,-5000,0,0,0,5000,10000,-5000,-5000
057975,台積電永豐98購05,0,0,0,0,0,0,0,0,0,-5000,0,0,0,0,5000,-5000,-5000
057785,智邦國票99購02  ,0,0,0,0,0,0,0,0,0,-5000,0,0,0,0,5000,-5000,-5000
057927,勤誠凱基98購01  ,0,0,0,0,0,0,0,0,0,-5000,0,0,0,0,5000,-5000,-5000
055996,矽力國泰99購01  ,0,0,0,0,0,0,0,0,0,-5000,0,0,0,0,5000,-5000,-5000
057423,台郡凱基98購06  ,0,0,0,0,0,0,0,0,0,-5000,0,0,0,0,5000,-5000,-5000
057440,台積電統一98購10,0,0,0,0,0,0,0,0,0,-5000,0,0,0,0,5000,-5000,-5000
054152,漢唐國泰98購02  ,0,0,0,0,0,0,0,0,0,-5000,0,0,0,0,5000,-5000,-5000
054088,華新群益98購02  ,0,0,0,0,0,0,0,0,0,-5000,0,0,0,0,5000,-5000,-5000
056406,建準國票99購01  ,0,0,0,0,0,0,0,0,0,-5000,0,0,0,0,5000,-5000,-5000
056407,嘉晶國票99購01  ,0,0,0,0,0,0,0,0,0,-5000,0,0,0,0,5000,-5000,-5000
056808,台積電統一98購06,0,0,0,0,0,0,0,0,0,-5000,0,0,0,2000,7000,-5000,-5000
056833,和大元富9B購01  ,0,0,0,0,0,0,0,0,0,-5000,0,0,0,0,5000,-5000,-5000
056734,國巨凱基99購01  ,0,0,0,0,0,0,0,0,0,-5000,0,0,0,0,5000,-5000,-5000
057299,立積永豐98購02  ,0,0,0,0,0,0,0,0,0,-5000,0,0,0,0,5000,-5000,-5000
03099P,玉晶光凱基03售01,0,0,0,0,0,0,0,0,0,-5000,0,0,0,0,5000,-5000,-5000
03037P,玉晶光國票02售02,0,0,0,0,0,0,0,0,0,-5000,0,0,0,0,5000,-5000,-5000
03077P,臺股指富邦01售03,0,0,0,0,0,0,0,0,0,-5000,0,0,0,16000,21000,-5000,-5000
045053,聯發科元富98購01,0,0,0,0,0,0,0,0,0,-5000,0,0,0,100000,105000,-5000,-5000
051603,深中小群益99購03,0,0,0,0,0,0,0,0,0,-5000,0,0,0,0,5000,-5000,-5000
03459B,臺股指元大9C熊38,0,0,0,0,0,0,0,0,0,-5000,0,0,0,3000,8000,-5000,-5000
00742,新光內需收益    ,0,0,0,0,0,0,0,0,0,-5000,250000,250000,0,350000,355000,-5000,-5000
00700,富邦恒生國企    ,0,0,0,0,0,0,0,0,0,-5000,0,0,0,100000,105000,-5000,-5000
061152,微星群益9A購01  ,0,0,0,0,0,0,0,0,0,-5000,0,0,0,0,5000,-5000,-5000
061143,道瓊指中信9C購04,0,0,0,0,0,0,0,0,0,-5000,0,0,0,0,5000,-5000,-5000
061407,鴻海國票9A購07  ,0,0,0,0,0,0,0,0,0,-5000,0,0,0,0,5000,-5000,-5000
061055,康控群益9A購01  ,0,0,0,0,0,0,0,0,0,-5000,0,0,0,0,5000,-5000,-5000
061036,晶技永豐9A購03  ,0,0,0,0,0,0,0,0,0,-5000,0,0,0,40000,45000,-5000,-5000
061557,台積電國票9C購02,0,0,0,0,0,0,0,0,0,-5000,0,0,0,44000,49000,-5000,-5000
061453,台達電凱基9B購01,0,0,0,0,0,0,0,0,0,-5000,0,0,0,0,5000,-5000,-5000
061497,大立光國票9A購09,0,0,0,0,0,0,0,0,0,-5000,0,0,0,0,5000,-5000,-5000
061699,燿華國票9A購01  ,0,0,0,0,0,0,0,0,0,-5000,0,0,0,0,5000,-5000,-5000
061746,國巨統一9C購07  ,0,0,0,0,0,0,0,0,0,-5000,0,0,0,0,5000,-5000,-5000
061288,大立光統一9C購01,0,0,0,0,0,0,0,0,0,-5000,0,0,0,0,5000,-5000,-5000
064051,新日興統一01購01,0,0,0,0,0,0,0,0,0,-5000,0,0,0,0,5000,-5000,-5000
064047,義隆統一02購01  ,0,0,0,0,0,0,0,0,0,-5000,0,0,0,5000,10000,-5000,-5000
064026,建準元大9C購02  ,0,0,0,0,0,0,0,0,0,-5000,0,0,0,506000,511000,-5000,-5000
064087,華新科凱基9C購03,0,0,0,0,0,0,0,0,0,-5000,0,0,0,1000,6000,-5000,-5000
063878,國巨元富9C購01  ,0,0,0,0,0,0,0,0,0,-5000,0,0,0,0,5000,-5000,-5000
062589,友達統一9C購03  ,0,0,0,0,0,0,0,0,0,-5000,0,0,0,0,5000,-5000,-5000
063934,寶成統一02購01  ,0,0,0,0,0,0,0,0,0,-5000,0,0,0,0,5000,-5000,-5000
061335,國巨元大9A購19  ,0,0,0,0,0,0,0,0,0,-5000,0,0,0,0,5000,-5000,-5000
061326,新日興凱基9B購01,0,0,0,0,0,0,0,0,0,-5000,0,0,0,0,5000,-5000,-5000
063793,和大凱基9C購01  ,0,0,0,0,0,0,0,0,0,-5000,0,0,0,0,5000,-5000,-5000
063104,大立光群益9C購02,0,0,0,0,0,0,0,0,0,-5000,0,0,0,5000,10000,-5000,-5000
063760,聯詠統一9C購02  ,0,0,0,0,0,0,0,0,0,-5000,0,0,0,48000,53000,-5000,-5000
063421,可成凱基9C購02  ,0,0,0,0,0,0,0,0,0,-5000,0,0,0,10000,15000,-5000,-5000
063429,南電凱基01購01  ,0,0,0,0,0,0,0,0,0,-5000,0,0,0,9000,14000,-5000,-5000
063733,聯發科元大9B購27,0,0,0,0,0,0,0,0,0,-5000,0,0,0,0,5000,-5000,-5000
063382,南茂永豐9B購01  ,0,0,0,0,0,0,0,0,0,-5000,0,0,0,35000,40000,-5000,-5000
062095,旺宏富邦9C購03  ,0,0,0,0,0,0,0,0,0,-5000,0,0,0,0,5000,-5000,-5000
062064,台灣50元大9B購13,0,0,0,0,0,0,0,0,0,-5000,0,0,0,0,5000,-5000,-5000
062146,大毅國票9B購01  ,0,0,0,0,0,0,0,0,0,-5000,0,0,0,0,5000,-5000,-5000
062188,貿聯元大9B購02  ,0,0,0,0,0,0,0,0,0,-5000,0,0,0,0,5000,-5000,-5000
06334P,臺股指群益9C售03,0,0,0,0,0,0,0,0,0,-5000,0,0,0,80000,85000,-5000,-5000
063305,亞光凱基9B購01  ,0,0,0,0,0,0,0,0,0,-5000,0,0,0,15000,20000,-5000,-5000
060747,聯鈞國票9A購02  ,0,0,0,0,0,0,0,0,0,-5000,0,0,0,27000,32000,-5000,-5000
060757,台積電元大9A購18,0,0,0,0,0,0,0,0,0,-5000,0,0,0,2000,7000,-5000,-5000
060784,鴻海富邦9C購01  ,0,0,0,0,0,0,0,0,0,-5000,0,0,0,0,5000,-5000,-5000
063224,泰鼎群益9B購02  ,0,0,0,0,0,0,0,0,0,-5000,0,0,0,5000,10000,-5000,-5000
062478,牧德國票9B購03  ,0,0,0,0,0,0,0,0,0,-5000,0,0,0,31000,36000,-5000,-5000
062519,元金2X元大9B購03,0,0,0,0,0,0,0,0,0,-5000,0,0,0,0,5000,-5000,-5000
062786,立積元大9C購03  ,0,0,0,0,0,0,0,0,0,-5000,0,0,0,0,5000,-5000,-5000
062725,大立光凱基9B購06,0,0,0,0,0,0,0,0,0,-5000,0,0,0,0,5000,-5000,-5000
062647,南電國泰9C購02  ,0,0,0,0,0,0,0,0,0,-5000,0,0,0,0,5000,-5000,-5000
061893,鴻海永豐9B購01  ,0,0,0,0,0,0,0,0,0,-5000,0,0,0,0,5000,-5000,-5000
06624P,訊芯元大98售06  ,0,0,0,0,0,0,0,0,0,-5000,0,0,0,0,5000,-5000,-5000
065743,宏達電麥證9C購02,0,0,0,0,5000,-5000,0,0,0,-5000,0,0,0,0,5000,-5000,-5000
065808,力成群益9C購02  ,0,0,0,0,0,0,0,0,0,-5000,0,0,0,0,5000,-5000,-5000
066704,創意群益01購02  ,0,0,0,0,0,0,0,0,0,-5000,0,0,0,25000,30000,-5000,-5000
066646,聯發科麥證01購03,0,0,0,0,5000,-5000,0,0,0,-5000,0,0,0,0,5000,-5000,-5000
065260,金像電元大9C購07,0,0,0,0,0,0,0,0,0,-5000,0,0,0,50000,55000,-5000,-5000
065245,國泰金兆豐9C購01,0,0,0,0,0,0,0,0,0,-5000,0,0,0,17000,22000,-5000,-5000
065359,台灣50元大9C購49,0,0,0,0,0,0,0,0,0,-5000,0,0,0,0,5000,-5000,-5000
065332,漢唐國票01購02  ,0,0,0,0,0,0,0,0,0,-5000,0,0,0,15000,20000,-5000,-5000
065428,旺宏凱基03購01  ,0,0,0,0,0,0,0,0,0,-5000,0,0,0,10000,15000,-5000,-5000
065450,同欣電統一01購03,0,0,0,0,0,0,0,0,0,-5000,0,0,0,40000,45000,-5000,-5000
064772,FBVIX群益9C購04 ,0,0,0,0,0,0,0,0,0,-5000,0,0,0,0,5000,-5000,-5000
064806,微星元大01購01  ,0,0,0,0,0,0,0,0,0,-5000,0,0,0,0,5000,-5000,-5000
064984,同欣電元大9C購06,0,0,0,0,0,0,0,0,0,-5000,0,0,0,8000,13000,-5000,-5000
064950,美律凱基02購01  ,0,0,0,0,0,0,0,0,0,-5000,0,0,0,0,5000,-5000,-5000
064498,可成元大01購03  ,0,0,0,0,0,0,0,0,0,-5000,0,0,0,186000,191000,-5000,-5000
064318,彩晶群益9C購01  ,0,0,0,0,0,0,0,0,0,-5000,0,0,0,0,5000,-5000,-5000
064418,鴻海兆豐01購02  ,0,0,0,0,0,0,0,0,0,-5000,0,0,0,0,5000,-5000,-5000
6024,群益期          ,28000,33000,-5000,0,0,0,0,0,0,0,0,0,0,0,0,0,-5000
8072,陞泰            ,17000,20000,-3000,0,0,0,0,0,0,-2000,0,2000,-2000,0,0,0,-5000
2851,中再保          ,56000,24000,32000,0,0,0,0,0,0,-37000,18000,55000,-37000,0,0,0,-5000
1725,元禎            ,0,4000,-4000,0,0,0,0,0,0,-1000,0,1000,-1000,0,0,0,-5000
08844P,滬深2X元大03售03,0,0,0,0,0,0,0,0,0,-5000,0,0,0,0,5000,-5000,-5000
08969P,臺股指元大01售12,0,0,0,0,0,0,0,0,0,-5000,0,0,0,57000,62000,-5000,-5000
08832P,台表科群益01售01,0,0,0,0,0,0,0,0,0,-5000,0,0,0,0,5000,-5000,-5000
08819P,上証2X凱基02售01,0,0,0,0,0,0,0,0,0,-5000,0,0,0,0,5000,-5000,-5000
08820P,台積電凱基01售10,0,0,0,0,0,0,0,0,0,-5000,0,0,0,0,5000,-5000,-5000
08358P,大立光元大9C售18,0,0,0,0,0,0,0,0,0,-6000,0,0,0,0,6000,-6000,-6000
08319P,台積電統一9C售11,0,0,0,0,0,0,0,0,0,-6000,0,0,0,69000,75000,-6000,-6000
068498,玉晶光元大01購16,0,0,0,0,0,0,0,0,0,-6000,0,0,0,0,6000,-6000,-6000
068483,聯電元大01購06  ,0,0,0,0,0,0,0,0,0,-6000,0,0,0,0,6000,-6000,-6000
068418,微星兆豐03購01  ,0,0,0,0,0,0,0,0,0,-6000,0,0,0,0,6000,-6000,-6000
07132P,臺股指元大99售11,0,0,0,0,0,0,0,0,0,-6000,0,0,0,0,6000,-6000,-6000
07667P,亞德客元大9A售05,0,0,0,0,0,0,0,0,0,-6000,0,0,0,20000,26000,-6000,-6000
067697,致茂國票02購01  ,0,0,0,0,0,0,0,0,0,-6000,0,0,0,0,6000,-6000,-6000
068137,FBVIX元大01購04 ,0,0,0,0,0,0,0,0,0,-6000,0,0,0,0,6000,-6000,-6000
068128,台積電統一03購07,0,0,0,0,0,0,0,0,0,-6000,0,0,0,114000,120000,-6000,-6000
067143,台灣50統一04購01,0,0,0,0,0,0,0,0,0,-6000,0,0,0,11000,17000,-6000,-6000
067445,台積電國票01購06,0,0,0,0,0,0,0,0,0,-6000,0,0,0,1129000,1135000,-6000,-6000
053799,矽創中信9A購01  ,0,0,0,0,0,0,0,0,0,-6000,0,0,0,0,6000,-6000,-6000
057241,超眾凱基99購02  ,0,0,0,0,0,0,0,0,0,-6000,0,0,0,0,6000,-6000,-6000
056455,群創凱基9A購01  ,0,0,0,0,0,0,0,0,0,-6000,0,0,0,4000,10000,-6000,-6000
057437,可成國票99購01  ,0,0,0,0,0,0,0,0,0,-6000,0,0,0,0,6000,-6000,-6000
057389,玉晶光永豐98購06,0,0,0,0,0,0,0,0,0,-6000,0,0,0,28000,34000,-6000,-6000
056041,禾伸堂凱基98購03,0,0,0,0,0,0,0,0,0,-6000,0,0,0,4000,10000,-6000,-6000
057919,技嘉凱基98購03  ,0,0,0,0,0,0,0,0,0,-6000,0,0,0,15000,21000,-6000,-6000
057690,美律凱基99購03  ,0,0,0,0,0,0,0,0,0,-6000,0,0,0,0,6000,-6000,-6000
063645,瑞儀元大9B購02  ,0,0,0,0,0,0,0,0,0,-6000,0,0,0,70000,76000,-6000,-6000
063715,鈺齊凱基9C購01  ,0,0,0,0,0,0,0,0,0,-6000,0,0,0,25000,31000,-6000,-6000
063541,華擎元富9B購02  ,0,0,0,0,0,0,0,0,0,-6000,0,0,0,0,6000,-6000,-6000
058309,大毅元大99購02  ,0,0,0,0,0,0,0,0,0,-6000,0,0,0,96000,102000,-6000,-6000
060334,群光康和9A購01  ,0,0,0,0,0,0,0,0,0,-6000,0,0,0,19000,25000,-6000,-6000
059610,上銀永豐99購02  ,0,0,0,0,0,0,0,0,0,-6000,0,0,0,0,6000,-6000,-6000
058625,旺宏國票9A購01  ,0,0,0,0,0,0,0,0,0,-6000,0,0,0,0,6000,-6000,-6000
059732,超眾元大9A購01  ,0,0,0,0,0,0,0,0,0,-6000,0,0,0,20000,26000,-6000,-6000
062620,台表科元大9B購04,0,0,0,0,0,0,0,0,0,-6000,0,0,0,4000,10000,-6000,-6000
062961,S&P反1元富9B購01,0,0,0,0,0,0,0,0,0,-6000,0,0,0,0,6000,-6000,-6000
060793,微星永豐9A購01  ,0,0,0,0,0,0,0,0,0,-6000,0,0,0,0,6000,-6000,-6000
063360,茂林國泰9C購02  ,0,0,0,0,0,0,0,0,0,-6000,0,0,0,0,6000,-6000,-6000
063328,京元電國票9C購02,0,0,0,0,0,0,0,0,0,-6000,0,0,0,10000,16000,-6000,-6000
063324,道瓊反國票9B購03,0,0,0,0,0,0,0,0,0,-6000,0,0,0,0,6000,-6000,-6000
062350,台表科群益9B購01,0,0,0,0,0,0,0,0,0,-6000,0,0,0,10000,16000,-6000,-6000
063362,台表科國泰01購03,0,0,0,0,0,0,0,0,0,-6000,0,0,0,0,6000,-6000,-6000
063103,技嘉群益9B購01  ,0,0,0,0,0,0,0,0,0,-6000,0,0,0,0,6000,-6000,-6000
064002,仁寶凱基9C購01  ,0,0,0,0,0,0,0,0,0,-6000,0,0,0,0,6000,-6000,-6000
064254,景碩台新9C購02  ,0,0,0,0,0,0,0,0,0,-6000,0,0,0,0,6000,-6000,-6000
061776,晶技國票9B購01  ,0,0,0,0,0,0,0,0,0,-6000,0,0,0,4000,10000,-6000,-6000
061477,晶豪科元大9A購01,0,0,0,0,0,0,0,0,0,-6000,0,0,0,6000,12000,-6000,-6000
061601,台積電凱基9A購26,0,0,0,0,0,0,0,0,0,-6000,0,0,0,27000,33000,-6000,-6000
061594,玉晶光永豐9A購08,0,0,0,0,0,0,0,0,0,-6000,0,0,0,74000,80000,-6000,-6000
061415,健策群益9A購04  ,0,0,0,0,0,0,0,0,0,-6000,0,0,0,12000,18000,-6000,-6000
060475,瑞祺元大9A購01  ,0,0,0,0,0,0,0,0,0,-6000,0,0,0,0,6000,-6000,-6000
060423,智易永豐9A購01  ,0,0,0,0,0,0,0,0,0,-6000,0,0,0,0,6000,-6000,-6000
060425,凌華永豐9A購01  ,0,0,0,0,0,0,0,0,0,-6000,0,0,0,0,6000,-6000,-6000
064437,可成凱基02購01  ,0,0,0,0,0,0,0,0,0,-6000,0,0,0,32000,38000,-6000,-6000
064811,華擎元大01購01  ,0,0,0,0,0,0,0,0,0,-6000,0,0,0,18000,24000,-6000,-6000
064662,鴻海元大9C購10  ,0,0,0,0,0,0,0,0,0,-6000,0,0,0,0,6000,-6000,-6000
065558,嘉聯益凱基9C購02,0,0,0,0,0,0,0,0,0,-6000,0,0,0,0,6000,-6000,-6000
065356,聯發科元富03購06,0,0,0,0,0,0,0,0,0,-6000,0,0,0,3000,9000,-6000,-6000
065071,電子類群益9C購01,0,0,0,0,0,0,0,0,0,-6000,0,0,0,0,6000,-6000,-6000
066592,大立光群益01購06,0,0,0,0,0,0,0,0,0,-6000,0,0,0,0,6000,-6000,-6000
066741,華擎元大01購03  ,0,0,0,0,0,0,0,0,0,-6000,0,0,0,0,6000,-6000,-6000
066798,燿華凱基02購02  ,0,0,0,0,0,0,0,0,0,-6000,0,0,0,0,6000,-6000,-6000
065797,臺指反群益9C購02,0,0,0,0,0,0,0,0,0,-6000,0,0,0,14000,20000,-6000,-6000
066340,敦泰永豐01購01  ,0,0,0,0,0,0,0,0,0,-6000,0,0,0,30000,36000,-6000,-6000
08781P,台灣50元大01售25,0,0,0,0,0,0,0,0,0,-6000,0,0,0,7000,13000,-6000,-6000
2509,全坤建          ,0,6000,-6000,0,0,0,0,0,0,0,0,0,0,0,0,0,-6000
8222,寶一            ,12000,18000,-6000,0,0,0,0,0,0,0,0,0,0,0,0,0,-6000
9103,美德醫療-DR     ,130000,136000,-6000,0,0,0,0,0,0,0,0,0,0,0,0,0,-6000
5225,東科-KY         ,17000,15000,2000,0,0,0,0,0,0,-8000,0,8000,-8000,0,0,0,-6000
9927,泰銘            ,16000,22000,-6000,0,0,0,0,0,0,0,0,0,0,0,0,0,-6000
067559,高鐵國票02購01  ,0,0,0,0,0,0,0,0,0,-7000,0,0,0,0,7000,-7000,-7000
06750P,聯發科元富02售03,0,0,0,0,0,0,0,0,0,-7000,0,0,0,3000,10000,-7000,-7000
067227,T50反1群益01購06,0,0,0,0,0,0,0,0,0,-7000,0,0,0,3000,10000,-7000,-7000
08573P,台積電凱基9C售06,0,0,0,0,0,0,0,0,0,-7000,0,0,0,43000,50000,-7000,-7000
059073,元油2X元大9C購14,0,0,0,0,0,0,0,0,0,-7000,0,0,0,0,7000,-7000,-7000
060058,牧德凱基9B購01  ,0,0,0,0,0,0,0,0,0,-7000,0,0,0,47000,54000,-7000,-7000
060254,世紀鋼元大9A購01,0,0,0,0,0,0,0,0,0,-7000,0,0,0,0,7000,-7000,-7000
058733,同欣電永豐99購02,0,0,0,0,0,0,0,0,0,-7000,0,0,0,35000,42000,-7000,-7000
058685,TPK凱基99購01   ,0,0,0,0,0,0,0,0,0,-7000,0,0,0,18000,25000,-7000,-7000
059014,SGBR2X元富03購01,0,0,0,0,0,0,0,0,0,-7000,0,0,0,0,7000,-7000,-7000
058957,貿聯國票9A購01  ,0,0,0,0,0,0,0,0,0,-7000,0,0,0,0,7000,-7000,-7000
058368,奇鋐凱基9A購01  ,0,0,0,0,0,0,0,0,0,-7000,0,0,0,4000,11000,-7000,-7000
058147,鈺齊元大99購01  ,0,0,0,0,0,0,0,0,0,-7000,0,0,0,104000,111000,-7000,-7000
058085,景碩群益9A購01  ,0,0,0,0,0,0,0,0,0,-7000,0,0,0,0,7000,-7000,-7000
055780,禾伸堂凱基99購01,0,0,0,0,0,0,0,0,0,-7000,0,0,0,3000,10000,-7000,-7000
052692,滬深2X中信99購02,0,0,0,0,0,0,0,0,0,-7000,0,0,0,3000,10000,-7000,-7000
020016,統一MSCI美科技N ,0,0,0,0,0,0,0,0,0,-7000,0,0,0,1000,8000,-7000,-7000
00685L,群益臺灣加權正2 ,0,0,0,0,0,0,0,0,0,-7000,0,0,0,1000,8000,-7000,-7000
060851,國巨國泰9C購01  ,0,0,0,0,0,0,0,0,0,-7000,0,0,0,25000,32000,-7000,-7000
061657,智原國票9A購01  ,0,0,0,0,0,0,0,0,0,-7000,0,0,0,43000,50000,-7000,-7000
061506,瑞祺國票9A購02  ,0,0,0,0,0,0,0,0,0,-7000,0,0,0,0,7000,-7000,-7000
061511,緯穎富邦9B購02  ,0,0,0,0,0,0,0,0,0,-7000,0,0,0,0,7000,-7000,-7000
061541,旺宏群益9A購03  ,0,0,0,0,0,0,0,0,0,-7000,0,0,0,0,7000,-7000,-7000
061769,晶技元大9B購03  ,0,0,0,0,0,0,0,0,0,-7000,0,0,0,3000,10000,-7000,-7000
062580,華通統一9C購03  ,0,0,0,0,0,0,0,0,0,-7000,0,0,0,3000,10000,-7000,-7000
063396,金像電群益9C購01,0,0,0,0,0,0,0,0,0,-7000,0,0,0,3000,10000,-7000,-7000
061265,富邦金凱基9B購01,0,0,0,0,0,0,0,0,0,-7000,0,0,0,189000,196000,-7000,-7000
061867,旺宏元大9B購02  ,0,0,0,0,0,0,0,0,0,-7000,0,0,0,30000,37000,-7000,-7000
060705,台光電富邦9B購01,0,0,0,0,0,0,0,0,0,-7000,0,0,0,5000,12000,-7000,-7000
062474,台表科凱基9C購01,0,0,0,0,0,0,0,0,0,-7000,0,0,0,3000,10000,-7000,-7000
063207,聯茂統一01購01  ,0,0,0,0,0,0,0,0,0,-7000,0,0,0,5000,12000,-7000,-7000
062914,嘉澤元大9B購02  ,0,0,0,0,0,0,0,0,0,-7000,0,0,0,17000,24000,-7000,-7000
062877,可成兆豐9C購01  ,0,0,0,0,0,0,0,0,0,-7000,0,0,0,3000,10000,-7000,-7000
062834,立積群益9B購02  ,0,0,0,0,0,0,0,0,0,-7000,0,0,0,5000,12000,-7000,-7000
062713,台灣50凱基02購03,0,0,0,0,0,0,0,0,0,-7000,0,0,0,6000,13000,-7000,-7000
066073,奇鋐凱基01購01  ,0,0,0,0,0,0,0,0,0,-7000,0,0,0,10000,17000,-7000,-7000
066165,大毅凱基01購01  ,0,0,0,0,0,0,0,0,0,-7000,0,0,0,113000,120000,-7000,-7000
065726,京元電凱基9C購02,0,0,0,0,0,0,0,0,0,-7000,0,0,0,14000,21000,-7000,-7000
065818,奇鋐元富9C購01  ,0,0,0,0,0,0,0,0,0,-7000,0,0,0,0,7000,-7000,-7000
066908,聯發科凱基03購05,0,0,0,0,0,0,0,0,0,-7000,0,0,0,0,7000,-7000,-7000
066571,矽格元大01購02  ,0,0,0,0,0,0,0,0,0,-7000,0,0,0,12000,19000,-7000,-7000
066425,創意元大01購03  ,0,0,0,0,0,0,0,0,0,-7000,0,0,0,13000,20000,-7000,-7000
066439,信錦群益02購01  ,0,0,0,0,0,0,0,0,0,-7000,0,0,0,0,7000,-7000,-7000
065037,緯穎統一02購02  ,0,0,0,0,0,0,0,0,0,-7000,0,0,0,0,7000,-7000,-7000
065005,台光電國票01購02,0,0,0,0,0,0,0,0,0,-7000,0,0,0,13000,20000,-7000,-7000
064845,華通元富9C購02  ,0,0,0,0,0,0,0,0,0,-7000,0,0,0,0,7000,-7000,-7000
064857,T50反1富邦01購02,0,0,0,0,0,0,0,0,0,-7000,0,0,0,0,7000,-7000,-7000
06433P,大立光群益99售01,0,0,0,0,0,0,0,0,0,-7000,0,0,0,0,7000,-7000,-7000
4994,傳奇            ,21000,11000,10000,0,0,0,0,0,0,-17000,0,17000,-17000,3000,3000,0,-7000
5283,禾聯碩          ,2000,10000,-8000,0,0,0,0,0,0,1000,1000,0,1000,0,0,0,-7000
4560,強信-KY         ,97000,104000,-7000,0,0,0,0,0,0,0,0,0,0,0,0,0,-7000
6431,光麗-KY         ,0,7000,-7000,0,0,0,0,0,0,0,0,0,0,0,0,0,-7000
2816,旺旺保          ,48000,61000,-13000,0,0,0,0,0,0,6000,6000,0,6000,0,0,0,-7000
08758P,上証2X元大01售02,0,0,0,0,0,0,0,0,0,-7000,0,0,0,10000,17000,-7000,-7000
08890P,為升元大01售04  ,0,0,0,0,0,0,0,0,0,-7000,0,0,0,37000,44000,-7000,-7000
08927P,技嘉元富07售04  ,0,0,0,0,0,0,0,0,0,-7000,0,0,0,4000,11000,-7000,-7000
2419,仲琦            ,41000,7000,34000,0,0,0,0,0,0,-41000,0,40000,-40000,0,1000,-1000,-7000
08387P,臺股指群益9C售15,0,0,0,0,0,0,0,0,0,-8000,0,0,0,2000,10000,-8000,-8000
07916P,臺股指元大9B售22,0,0,0,0,0,0,0,0,0,-8000,0,0,0,0,8000,-8000,-8000
07341P,台積電凱基99售18,0,0,0,0,0,0,0,0,0,-8000,0,0,0,12000,20000,-8000,-8000
06723P,台灣50麥證99售01,0,0,0,0,50000,-50000,0,0,0,-8000,0,0,0,42000,50000,-8000,-8000
067415,大成凱基01購01  ,0,0,0,0,0,0,0,0,0,-8000,0,0,0,48000,56000,-8000,-8000
068077,晶技凱基02購01  ,0,0,0,0,0,0,0,0,0,-8000,0,0,0,81000,89000,-8000,-8000
06782P,大立光元大99售07,0,0,0,0,0,0,0,0,0,-8000,0,0,0,0,8000,-8000,-8000
03458B,臺股指元大04熊07,0,0,0,0,0,0,0,0,0,-8000,0,0,0,7000,15000,-8000,-8000
03009P,玉晶光凱基01售08,0,0,0,0,0,0,0,0,0,-8000,0,0,0,46000,54000,-8000,-8000
03116P,玉晶光康和01售02,0,0,0,0,0,0,0,0,0,-8000,0,0,0,425000,433000,-8000,-8000
056783,國巨群益99購01  ,0,0,0,0,0,0,0,0,0,-8000,0,0,0,192000,200000,-8000,-8000
060382,儒鴻凱基9A購01  ,0,0,0,0,0,0,0,0,0,-8000,0,0,0,0,8000,-8000,-8000
060098,華新科元大99購24,0,0,0,0,0,0,0,0,0,-8000,0,0,0,1000,9000,-8000,-8000
060174,T50反1元富04購01,0,0,0,0,0,0,0,0,0,-8000,0,0,0,0,8000,-8000,-8000
060049,華通凱基99購06  ,0,0,0,0,0,0,0,0,0,-8000,0,0,0,2000,10000,-8000,-8000
059080,亞泥元大99購01  ,0,0,0,0,0,0,0,0,0,-8000,0,0,0,9000,17000,-8000,-8000
059165,南亞科凱基99購04,0,0,0,0,0,0,0,0,0,-8000,0,0,0,2000,10000,-8000,-8000
062805,台勝科統一9C購01,0,0,0,0,0,0,0,0,0,-8000,0,0,0,100000,108000,-8000,-8000
061851,智邦國票9B購01  ,0,0,0,0,0,0,0,0,0,-8000,0,0,0,0,8000,-8000,-8000
061266,國泰金凱基9B購01,0,0,0,0,0,0,0,0,0,-8000,0,0,0,10000,18000,-8000,-8000
062376,中租元大9B購02  ,0,0,0,0,0,0,0,0,0,-8000,0,0,0,0,8000,-8000,-8000
062066,元黃金元大9B購01,0,0,0,0,0,0,0,0,0,-8000,0,0,0,0,8000,-8000,-8000
063419,聯發科凱基03購01,0,0,0,0,0,0,0,0,0,-8000,0,0,0,50000,58000,-8000,-8000
063417,金像電凱基9B購03,0,0,0,0,0,0,0,0,0,-8000,0,0,0,2000,10000,-8000,-8000
063441,台達電統一9C購01,0,0,0,0,0,0,0,0,0,-8000,0,0,0,2000,10000,-8000,-8000
062049,亞德客統一01購01,0,0,0,0,0,0,0,0,0,-8000,0,0,0,541000,549000,-8000,-8000
063971,健鼎國票01購01  ,0,0,0,0,0,0,0,0,0,-8000,0,0,0,71000,79000,-8000,-8000
061708,同欣電國票9A購02,0,0,0,0,0,0,0,0,0,-8000,0,0,0,0,8000,-8000,-8000
061619,大立光群益9B購01,0,0,0,0,0,0,0,0,0,-8000,0,0,0,34000,42000,-8000,-8000
060435,鈺齊永豐9A購01  ,0,0,0,0,0,0,0,0,0,-8000,0,0,0,101000,109000,-8000,-8000
064947,台積電凱基01購08,0,0,0,0,0,0,0,0,0,-8000,0,0,0,14000,22000,-8000,-8000
065135,和大凱基01購01  ,0,0,0,0,0,0,0,0,0,-8000,0,0,0,0,8000,-8000,-8000
065232,健策凱基02購01  ,0,0,0,0,0,0,0,0,0,-8000,0,0,0,97000,105000,-8000,-8000
065550,聯發科凱基01購07,0,0,0,0,0,0,0,0,0,-8000,0,0,0,0,8000,-8000,-8000
066696,臺指反群益01購02,0,0,0,0,0,0,0,0,0,-8000,0,0,0,0,8000,-8000,-8000
065758,嘉澤元大9C購03  ,0,0,0,0,0,0,0,0,0,-8000,0,0,0,26000,34000,-8000,-8000
066148,美利達群益01購02,0,0,0,0,0,0,0,0,0,-8000,0,0,0,13000,21000,-8000,-8000
08924P,鴻海元富07售10  ,0,0,0,0,0,0,0,0,0,-8000,0,0,0,2000,10000,-8000,-8000
1304,台聚            ,390000,398000,-8000,0,0,0,0,0,0,0,0,0,0,0,0,0,-8000
2882B,國泰金乙特      ,0,0,0,0,0,0,0,0,0,-8000,2000,10000,-8000,0,0,0,-8000
2891C,中信金丙特      ,0,0,0,0,0,0,0,0,0,-8000,2000,10000,-8000,0,0,0,-8000
3025,星通            ,1000,9000,-8000,0,0,0,0,0,0,0,0,0,0,0,0,0,-8000
3622,洋華            ,114000,101000,13000,0,0,0,0,0,0,-21000,0,21000,-21000,0,0,0,-8000
067808,聯發科凱基01購16,0,0,0,0,0,0,0,0,0,-9000,0,0,0,10000,19000,-9000,-9000
068198,奇力新凱基02購02,0,0,0,0,0,0,0,0,0,-9000,0,0,0,6000,15000,-9000,-9000
067974,玉晶光群益02購24,0,0,0,0,0,0,0,0,0,-9000,0,0,0,102000,111000,-9000,-9000
068011,台表科元大01購05,0,0,0,0,0,0,0,0,0,-9000,0,0,0,7000,16000,-9000,-9000
068012,台虹元大01購04  ,0,0,0,0,0,0,0,0,0,-9000,0,0,0,0,9000,-9000,-9000
067573,滬深反群益02購01,0,0,0,0,0,0,0,0,0,-9000,0,0,0,1000,10000,-9000,-9000
07856P,力成凱基9A售02  ,0,0,0,0,0,0,0,0,0,-9000,0,0,0,111000,120000,-9000,-9000
06981P,台灣50麥證99售02,0,0,0,0,9000,-9000,0,0,0,-9000,0,0,0,0,9000,-9000,-9000
068397,世紀鋼統一03購01,0,0,0,0,0,0,0,0,0,-9000,0,0,0,0,9000,-9000,-9000
068377,京元電永豐01購03,0,0,0,0,0,0,0,0,0,-9000,0,0,0,0,9000,-9000,-9000
08456P,聯發科元大9C售13,0,0,0,0,0,0,0,0,0,-9000,0,0,0,0,9000,-9000,-9000
07963P,智邦統一9B售01  ,0,0,0,0,0,0,0,0,0,-9000,0,0,0,0,9000,-9000,-9000
059155,台表科日盛99購01,0,0,0,0,0,0,0,0,0,-9000,0,0,0,1000,10000,-9000,-9000
059169,可成凱基99購04  ,0,0,0,0,0,0,0,0,0,-9000,0,0,0,2000,11000,-9000,-9000
060289,京元電元大9A購01,0,0,0,0,0,0,0,0,0,-9000,0,0,0,0,9000,-9000,-9000
058662,禾伸堂兆豐99購01,0,0,0,0,0,0,0,0,0,-9000,0,0,0,0,9000,-9000,-9000
063600,燿華凱基9B購04  ,0,0,0,0,0,0,0,0,0,-9000,0,0,0,10000,19000,-9000,-9000
063629,台積電元大9B購08,0,0,0,0,0,0,0,0,0,-9000,0,0,0,0,9000,-9000,-9000
063622,健策兆豐9B購01  ,0,0,0,0,0,0,0,0,0,-9000,0,0,0,28000,37000,-9000,-9000
059699,華通凱基99購04  ,0,0,0,0,0,0,0,0,0,-9000,0,0,0,11000,20000,-9000,-9000
055820,矽力國票98購02  ,0,0,0,0,0,0,0,0,0,-9000,0,0,0,0,9000,-9000,-9000
057944,新日興國票99購02,0,0,0,0,0,0,0,0,0,-9000,0,0,0,0,9000,-9000,-9000
03073P,大立光國泰03售04,0,0,0,0,0,0,0,0,0,-9000,0,0,0,3000,12000,-9000,-9000
03041P,玉晶光國票03售03,0,0,0,0,0,0,0,0,0,-9000,0,0,0,10000,19000,-9000,-9000
057079,台積電統一9A購02,0,0,0,0,0,0,0,0,0,-9000,0,0,0,10000,19000,-9000,-9000
052130,國巨凱基9B購01  ,0,0,0,0,0,0,0,0,0,-9000,0,0,0,0,9000,-9000,-9000
061425,華新科元大9A購19,0,0,0,0,0,0,0,0,0,-9000,0,0,0,1000,10000,-9000,-9000
060848,聯茂國票9A購02  ,0,0,0,0,0,0,0,0,0,-9000,0,0,0,0,9000,-9000,-9000
060897,健策凱基9A購04  ,0,0,0,0,0,0,0,0,0,-9000,0,0,0,34000,43000,-9000,-9000
061595,智易永豐9A購02  ,0,0,0,0,0,0,0,0,0,-9000,0,0,0,0,9000,-9000,-9000
061935,台積電國票9B購07,0,0,0,0,0,0,0,0,0,-9000,0,0,0,1000,10000,-9000,-9000
062047,緯穎凱基9B購01  ,0,0,0,0,0,0,0,0,0,-9000,0,0,0,40000,49000,-9000,-9000
063851,健策元大01購01  ,0,0,0,0,0,0,0,0,0,-9000,0,0,0,84000,93000,-9000,-9000
063410,南六國票9C購01  ,0,0,0,0,0,0,0,0,0,-9000,0,0,0,13000,22000,-9000,-9000
062616,玉晶光元大9C購06,0,0,0,0,0,0,0,0,0,-9000,0,0,0,1000,10000,-9000,-9000
062457,京元電群益9B購01,0,0,0,0,0,0,0,0,0,-9000,0,0,0,7000,16000,-9000,-9000
062513,玉晶光國票9C購01,0,0,0,0,0,0,0,0,0,-9000,0,0,0,16000,25000,-9000,-9000
065773,鴻海國票03購01  ,0,0,0,0,0,0,0,0,0,-9000,0,0,0,454000,463000,-9000,-9000
065985,金像電永豐01購02,0,21000,-21000,0,0,0,0,0,0,12000,0,0,0,55000,43000,12000,-9000
066059,帆宣元大01購01  ,0,0,0,0,0,0,0,0,0,-9000,0,0,0,26000,35000,-9000,-9000
066965,鴻海元富07購07  ,0,0,0,0,0,0,0,0,0,-9000,0,0,0,0,9000,-9000,-9000
065579,南茂群益9C購02  ,0,0,0,0,0,0,0,0,0,-9000,0,0,0,1000,10000,-9000,-9000
064970,東元元大9C購01  ,0,0,0,0,0,0,0,0,0,-9000,0,0,0,21000,30000,-9000,-9000
064933,矽創統一01購01  ,0,0,0,0,0,0,0,0,0,-9000,0,0,0,11000,20000,-9000,-9000
064807,義隆元大9C購03  ,0,0,0,0,0,0,0,0,0,-9000,0,0,0,32000,41000,-9000,-9000
064566,大立光群益9C購04,0,0,0,0,0,0,0,0,0,-9000,0,0,0,1000,10000,-9000,-9000
064574,達方群益01購01  ,0,0,0,0,0,0,0,0,0,-9000,0,0,0,0,9000,-9000,-9000
9906,欣巴巴          ,6000,15000,-9000,0,0,0,0,0,0,0,0,0,0,0,0,0,-9000
4545,銘鈺            ,36000,43000,-7000,0,0,0,0,0,0,-2000,0,2000,-2000,0,0,0,-9000
08803P,鴻海元富07售08  ,0,0,0,0,0,0,0,0,0,-9000,0,0,0,2000,11000,-9000,-9000
07943P,瑞昱元大9B售02  ,0,0,0,0,0,0,0,0,0,-10000,0,0,0,0,10000,-10000,-10000
07928P,國巨統一9B售09  ,0,0,0,0,0,0,0,0,0,-10000,0,0,0,0,10000,-10000,-10000
08169P,台光電群益9B售04,0,0,0,0,0,0,0,0,0,-10000,0,0,0,30000,40000,-10000,-10000
08479P,臺股指凱基9C售17,0,0,0,0,0,0,0,0,0,-10000,0,0,0,0,10000,-10000,-10000
08487P,同欣電群益01售01,0,0,0,0,0,0,0,0,0,-10000,0,0,0,10000,20000,-10000,-10000
08372P,大立光凱基01售04,0,0,0,0,0,0,0,0,0,-10000,0,0,0,0,10000,-10000,-10000
06835P,台灣50國票9A售01,0,0,0,0,0,0,0,0,0,-10000,0,0,0,0,10000,-10000,-10000
068365,大立光國泰03購06,0,0,0,0,0,0,0,0,0,-10000,0,0,0,0,10000,-10000,-10000
06838P,台積電統一99售05,0,0,0,0,0,0,0,0,0,-10000,0,0,0,20000,30000,-10000,-10000
068358,啟碁凱基01購01  ,0,0,0,0,0,0,0,0,0,-10000,0,0,0,0,10000,-10000,-10000
068277,緯穎永豐01購03  ,0,0,0,0,0,0,0,0,0,-10000,0,0,0,0,10000,-10000,-10000
068237,滬深2X元大03購08,0,0,0,0,0,0,0,0,0,-10000,0,0,0,0,10000,-10000,-10000
068253,玉晶光元大01購13,0,0,0,0,0,0,0,0,0,-10000,0,0,0,0,10000,-10000,-10000
06907P,華新科國泰99售05,0,0,0,0,0,0,0,0,0,-10000,0,0,0,0,10000,-10000,-10000
06914P,南茂元大98售03  ,0,0,0,0,0,0,0,0,0,-10000,0,0,0,0,10000,-10000,-10000
07080P,健策群益9A售01  ,0,0,0,0,0,0,0,0,0,-10000,0,0,0,10000,20000,-10000,-10000
07084P,S&P正2元富9B售02,0,0,0,0,0,0,0,0,0,-10000,0,0,0,0,10000,-10000,-10000
07092P,上銀凱基99售03  ,0,0,0,0,0,0,0,0,0,-10000,0,0,0,0,10000,-10000,-10000
068430,聯電凱基01購01  ,0,0,0,0,0,0,0,0,0,-10000,0,0,0,30000,40000,-10000,-10000
068423,GIS康和01購01   ,0,0,0,0,0,0,0,0,0,-10000,0,0,0,0,10000,-10000,-10000
068432,技嘉凱基01購02  ,0,0,0,0,0,0,0,0,0,-10000,0,0,0,23000,33000,-10000,-10000
068451,台積電國票01購11,0,0,0,0,0,0,0,0,0,-10000,0,0,0,50000,60000,-10000,-10000
068453,台積電國票03購03,0,0,0,0,0,0,0,0,0,-10000,0,0,0,40000,50000,-10000,-10000
068533,台郡元富07購03  ,0,0,0,0,0,0,0,0,0,-10000,0,0,0,0,10000,-10000,-10000
068510,鴻海統一03購06  ,0,0,0,0,0,0,0,0,0,-10000,0,0,0,0,10000,-10000,-10000
068511,國巨統一07購01  ,0,0,0,0,0,0,0,0,0,-10000,0,0,0,0,10000,-10000,-10000
07859P,台灣50麥證9A售04,0,0,0,0,10000,-10000,0,0,0,-10000,0,0,0,0,10000,-10000,-10000
07822P,滬深2X元大9A售09,0,0,0,0,0,0,0,0,0,-10000,0,0,0,0,10000,-10000,-10000
07794P,智邦國票9A售03  ,0,0,0,0,0,0,0,0,0,-10000,0,0,0,0,10000,-10000,-10000
07651P,道瓊指中信01售01,0,0,0,0,0,0,0,0,0,-10000,0,0,0,0,10000,-10000,-10000
07753P,台灣50元大9C售34,0,0,0,0,0,0,0,0,0,-10000,0,0,0,2000,12000,-10000,-10000
07751P,世紀鋼凱基9A售02,0,0,0,0,0,0,0,0,0,-10000,0,0,0,40000,50000,-10000,-10000
07274P,上証2X群益01售01,0,0,0,0,0,0,0,0,0,-10000,0,0,0,0,10000,-10000,-10000
07618P,大立光中信9A售06,0,0,0,0,0,0,0,0,0,-10000,0,0,0,0,10000,-10000,-10000
07408P,台積電兆豐99售06,0,0,0,0,0,0,0,0,0,-10000,0,0,0,0,10000,-10000,-10000
067574,臺指反群益01購04,0,0,0,0,0,0,0,0,0,-10000,0,0,0,0,10000,-10000,-10000
067585,大毅群益01購02  ,0,0,0,0,0,0,0,0,0,-10000,0,0,0,24000,34000,-10000,-10000
067528,聚陽群益01購01  ,0,0,0,0,0,0,0,0,0,-10000,0,0,0,0,10000,-10000,-10000
067529,力山群益01購02  ,0,0,0,0,0,0,0,0,0,-10000,0,0,0,20000,30000,-10000,-10000
067523,上証反群益06購01,0,0,0,0,0,0,0,0,0,-10000,0,0,0,0,10000,-10000,-10000
067425,京元電凱基01購01,0,0,0,0,0,0,0,0,0,-10000,0,0,0,0,10000,-10000,-10000
067408,達方永豐01購02  ,0,0,0,0,0,0,0,0,0,-10000,0,0,0,0,10000,-10000,-10000
067207,微星元大01購04  ,0,0,0,0,0,0,0,0,0,-10000,0,0,0,119000,129000,-10000,-10000
067230,國巨群益01購05  ,0,0,0,0,0,0,0,0,0,-10000,0,0,0,0,10000,-10000,-10000
067244,康控群益01購02  ,0,0,0,0,0,0,0,0,0,-10000,0,0,0,0,10000,-10000,-10000
067148,燿華統一01購03  ,0,0,0,0,0,0,0,0,0,-10000,0,0,0,74000,84000,-10000,-10000
067126,康控富邦03購02  ,0,0,0,0,0,0,0,0,0,-10000,0,0,0,0,10000,-10000,-10000
067055,上証2X元大01購03,0,0,0,0,0,0,0,0,0,-10000,0,0,0,0,10000,-10000,-10000
067087,帆宣元大01購03  ,0,0,0,0,0,0,0,0,0,-10000,0,0,0,83000,93000,-10000,-10000
067111,聯詠群益01購03  ,0,0,0,0,0,0,0,0,0,-10000,0,0,0,83000,93000,-10000,-10000
06799P,臺股指凱基98售09,0,0,0,0,0,0,0,0,0,-10000,0,0,0,20000,30000,-10000,-10000
068002,玉晶光元大01購10,0,0,0,0,0,0,0,0,0,-10000,0,0,0,0,10000,-10000,-10000
06797P,臺股指凱基98售07,0,0,0,0,0,0,0,0,0,-10000,0,0,0,10000,20000,-10000,-10000
067983,SP黃豆元大01購03,0,0,0,0,0,0,0,0,0,-10000,0,0,0,0,10000,-10000,-10000
068025,聯電元富02購01  ,0,0,0,0,0,0,0,0,0,-10000,0,0,0,0,10000,-10000,-10000
067800,SP黃豆凱基04購01,0,0,0,0,0,0,0,0,0,-10000,0,0,0,0,10000,-10000,-10000
067769,國巨統一02購04  ,0,0,0,0,0,0,0,0,0,-10000,0,0,0,36000,46000,-10000,-10000
067761,致伸永豐01購01  ,0,0,0,0,0,0,0,0,0,-10000,0,0,0,0,10000,-10000,-10000
067839,臺股指統一01購01,0,0,0,0,0,0,0,0,0,-10000,0,0,0,0,10000,-10000,-10000
067870,玉晶光元大01購07,0,0,0,0,0,0,0,0,0,-10000,0,0,0,121000,131000,-10000,-10000
067727,聯茂凱基01購02  ,0,0,0,0,0,0,0,0,0,-10000,0,0,0,30000,40000,-10000,-10000
067703,臺股指國票01購11,0,0,0,0,0,0,0,0,0,-10000,0,0,0,0,10000,-10000,-10000
067592,信錦凱基01購01  ,0,0,0,0,0,0,0,0,0,-10000,0,0,0,0,10000,-10000,-10000
051432,群創元富99購03  ,0,0,0,0,0,0,0,0,0,-10000,0,0,0,0,10000,-10000,-10000
045837,群創群益98購02  ,0,0,0,0,0,0,0,0,0,-10000,0,0,0,0,10000,-10000,-10000
049973,T50反1日盛9A購01,0,0,0,0,0,0,0,0,0,-10000,0,0,0,0,10000,-10000,-10000
053449,超眾凱基98購01  ,0,0,0,0,0,0,0,0,0,-10000,0,0,0,30000,40000,-10000,-10000
053361,友達元富99購01  ,0,0,0,0,0,0,0,0,0,-10000,0,0,0,0,10000,-10000,-10000
053186,健策中信9C購01  ,0,0,0,0,0,0,0,0,0,-10000,0,0,0,6000,16000,-10000,-10000
057056,立積元大99購02  ,0,0,0,0,0,0,0,0,0,-10000,0,0,0,10000,20000,-10000,-10000
057330,台積電國票99購03,0,0,0,0,0,0,0,0,0,-10000,0,0,0,0,10000,-10000,-10000
057333,智邦國票99購01  ,0,0,0,0,0,0,0,0,0,-10000,0,0,0,0,10000,-10000,-10000
057621,崇越凱基98購01  ,0,0,0,0,0,0,0,0,0,-10000,0,0,0,0,10000,-10000,-10000
057022,智邦凱基98購04  ,0,0,0,0,0,0,0,0,0,-10000,0,0,0,0,10000,-10000,-10000
057596,聯茂兆豐99購01  ,0,0,0,0,0,0,0,0,0,-10000,0,0,0,0,10000,-10000,-10000
057549,台光電凱基98購05,0,0,0,0,0,0,0,0,0,-10000,0,0,0,0,10000,-10000,-10000
057561,大立光兆豐98購02,0,0,0,0,0,0,0,0,0,-10000,0,0,0,0,10000,-10000,-10000
03026P,國巨元大01售13  ,0,0,0,0,0,0,0,0,0,-10000,0,0,0,30000,40000,-10000,-10000
03029P,玉晶光元大02售05,0,0,0,0,0,0,0,0,0,-10000,0,0,0,0,10000,-10000,-10000
03081P,華通元大01售06  ,0,0,0,0,0,0,0,0,0,-10000,0,0,0,5000,15000,-10000,-10000
057466,泰鼎永豐98購01  ,0,0,0,0,0,0,0,0,0,-10000,0,0,0,0,10000,-10000,-10000
057482,微星元大98購03  ,0,0,0,0,0,0,0,0,0,-10000,0,0,0,0,10000,-10000,-10000
057498,台郡元大98購04  ,0,0,0,0,0,0,0,0,0,-10000,0,0,0,0,10000,-10000,-10000
057943,可成國票99購03  ,0,0,0,0,0,0,0,0,0,-10000,0,0,0,0,10000,-10000,-10000
057924,健策凱基98購02  ,0,0,0,0,0,0,0,0,0,-10000,0,0,0,10000,20000,-10000,-10000
057913,健策日盛98購01  ,0,0,0,0,0,0,0,0,0,-10000,0,0,0,0,10000,-10000,-10000
057787,TPK國票99購01   ,0,0,0,0,0,0,0,0,0,-10000,0,0,0,0,10000,-10000,-10000
057794,T50反1兆豐99購02,0,0,0,0,0,0,0,0,0,-10000,0,0,0,0,10000,-10000,-10000
059063,康控凱基99購04  ,0,0,0,0,0,0,0,0,0,-10000,0,0,0,0,10000,-10000,-10000
058142,瑞儀元大99購01  ,0,0,0,0,0,0,0,0,0,-10000,0,0,0,0,10000,-10000,-10000
058050,台郡元大99購05  ,0,0,0,0,0,0,0,0,0,-10000,0,0,0,0,10000,-10000,-10000
054773,台郡國票98購01  ,0,0,0,0,0,0,0,0,0,-10000,0,0,0,0,10000,-10000,-10000
054785,建準群益98購01  ,0,0,0,0,0,0,0,0,0,-10000,0,0,0,0,10000,-10000,-10000
054756,世紀鋼凱基99購01,0,0,0,0,0,0,0,0,0,-10000,0,0,0,0,10000,-10000,-10000
057774,台光電群益99購02,0,0,0,0,0,0,0,0,0,-10000,0,0,0,0,10000,-10000,-10000
058210,臺股指凱基9C購04,0,0,0,0,0,0,0,0,0,-10000,0,0,0,6000,16000,-10000,-10000
055891,鴻海統一9A購01  ,0,0,0,0,0,0,0,0,0,-10000,0,0,0,0,10000,-10000,-10000
055506,台郡元大99購02  ,0,0,0,0,0,0,0,0,0,-10000,0,0,0,0,10000,-10000,-10000
057407,超眾群益99購01  ,0,0,0,0,0,0,0,0,0,-10000,0,0,0,0,10000,-10000,-10000
056811,健策統一9B購01  ,0,0,0,0,0,0,0,0,0,-10000,0,0,0,0,10000,-10000,-10000
056891,國巨元大99購03  ,0,0,0,0,0,0,0,0,0,-10000,0,0,0,33000,43000,-10000,-10000
056634,為升兆豐99購01  ,0,0,0,0,0,0,0,0,0,-10000,0,0,0,0,10000,-10000,-10000
056639,國產康和98購01  ,0,0,0,0,0,0,0,0,0,-10000,0,0,0,0,10000,-10000,-10000
056515,燿華兆豐99購01  ,0,0,0,0,0,0,0,0,0,-10000,0,0,0,0,10000,-10000,-10000
060337,FBVIX統一9A購01 ,0,0,0,0,0,0,0,0,0,-10000,0,0,0,0,10000,-10000,-10000
059605,臺股指元大9A購42,0,0,0,0,0,0,0,0,0,-10000,0,0,0,3000,13000,-10000,-10000
059628,智邦凱基99購04  ,0,0,0,0,0,0,0,0,0,-10000,0,0,0,0,10000,-10000,-10000
059343,宏達電凱基99購04,0,0,0,0,0,0,0,0,0,-10000,0,0,0,2000,12000,-10000,-10000
059268,鎧勝中信01購01  ,0,0,0,0,0,0,0,0,0,-10000,0,0,0,0,10000,-10000,-10000
059249,大立光凱基99購05,0,0,0,0,0,0,0,0,0,-10000,0,0,0,0,10000,-10000,-10000
059224,大立光元大99購15,0,0,0,0,0,0,0,0,0,-10000,0,0,0,0,10000,-10000,-10000
058357,智邦凱基99購02  ,0,0,0,0,0,0,0,0,0,-10000,0,0,0,0,10000,-10000,-10000
058275,S&P500中信9B購01,0,0,0,0,0,0,0,0,0,-10000,0,0,0,0,10000,-10000,-10000
059443,嘉聯益元大9B購01,0,0,0,0,0,0,0,0,0,-10000,0,0,0,22000,32000,-10000,-10000
059387,華通凱基9A購03  ,0,0,0,0,0,0,0,0,0,-10000,0,0,0,0,10000,-10000,-10000
058428,大立光元富99購02,0,0,0,0,0,0,0,0,0,-10000,0,0,0,50000,60000,-10000,-10000
058403,玉晶光元大99購12,0,0,0,0,0,0,0,0,0,-10000,0,0,0,20000,30000,-10000,-10000
059530,華新科凱基9A購05,0,0,0,0,0,0,0,0,0,-10000,0,0,0,0,10000,-10000,-10000
059527,聯發科凱基99購16,0,0,0,0,0,0,0,0,0,-10000,0,0,0,0,10000,-10000,-10000
063682,達新永豐9B購01  ,0,0,0,0,0,0,0,0,0,-10000,0,0,0,0,10000,-10000,-10000
063710,光寶科凱基9C購01,0,0,0,0,0,0,0,0,0,-10000,0,0,0,0,10000,-10000,-10000
063609,南電凱基9B購05  ,0,0,0,0,0,0,0,0,0,-10000,0,0,0,1000,11000,-10000,-10000
060411,達新永豐9A購01  ,0,0,0,0,0,0,0,0,0,-10000,0,0,0,0,10000,-10000,-10000
063497,東元永豐9B購01  ,0,0,0,0,0,0,0,0,0,-10000,0,0,0,0,10000,-10000,-10000
058645,康控富邦01購01  ,0,0,0,0,0,0,0,0,0,-10000,0,0,0,120000,130000,-10000,-10000
058614,台郡元大9A購01  ,0,0,0,0,0,0,0,0,0,-10000,0,0,0,0,10000,-10000,-10000
058694,鈺齊國票9A購02  ,0,0,0,0,0,0,0,0,0,-10000,0,0,0,0,10000,-10000,-10000
058713,國巨統一9B購02  ,0,0,0,0,0,0,0,0,0,-10000,0,0,0,10000,20000,-10000,-10000
058750,緯穎凱基9A購03  ,0,0,0,0,0,0,0,0,0,-10000,0,0,0,5000,15000,-10000,-10000
058761,欣興群益99購02  ,0,0,0,0,0,0,0,0,0,-10000,0,0,0,0,10000,-10000,-10000
058964,群創兆豐99購01  ,0,0,0,0,0,0,0,0,0,-10000,0,0,0,0,10000,-10000,-10000
058942,南茂中信99購01  ,0,0,0,0,0,0,0,0,0,-10000,0,0,0,0,10000,-10000,-10000
058944,元石油群益9C購02,0,0,0,0,0,0,0,0,0,-10000,0,0,0,1000,11000,-10000,-10000
058856,新光金兆豐99購01,0,0,0,0,0,0,0,0,0,-10000,0,0,0,100000,110000,-10000,-10000
059026,FBVIX台新99購03 ,0,0,0,0,0,0,0,0,0,-10000,0,0,0,0,10000,-10000,-10000
059029,旺宏兆豐99購01  ,0,0,0,0,0,0,0,0,0,-10000,0,0,0,0,10000,-10000,-10000
058970,鴻海永豐99購02  ,0,0,0,0,0,0,0,0,0,-10000,0,0,0,10000,20000,-10000,-10000
059043,聯電日盛99購01  ,0,0,0,0,0,0,0,0,0,-10000,0,0,0,0,10000,-10000,-10000
058511,華新科元大9B購01,0,0,0,0,0,0,0,0,0,-10000,0,0,0,0,10000,-10000,-10000
059172,台郡凱基99購03  ,0,0,0,0,0,0,0,0,0,-10000,0,0,0,0,10000,-10000,-10000
059128,友達中信99購02  ,0,0,0,0,0,0,0,0,0,-10000,0,0,0,0,10000,-10000,-10000
059107,南茂國泰9A購01  ,0,0,0,0,0,0,0,0,0,-10000,0,0,0,0,10000,-10000,-10000
058127,FBVIX元大9C購01 ,0,0,0,0,0,0,0,0,0,-10000,0,0,0,0,10000,-10000,-10000
059761,國巨永豐99購06  ,0,0,0,0,0,0,0,0,0,-10000,0,0,0,0,10000,-10000,-10000
059762,禾伸堂永豐99購02,0,0,0,0,0,0,0,0,0,-10000,0,0,0,10000,20000,-10000,-10000
059817,華通凱基99購05  ,0,0,0,0,0,0,0,0,0,-10000,0,0,0,0,10000,-10000,-10000
059830,台郡凱基99購05  ,0,0,0,0,0,0,0,0,0,-10000,0,0,0,0,10000,-10000,-10000
059848,智邦永豐99購01  ,0,0,0,0,0,0,0,0,0,-10000,0,0,0,0,10000,-10000,-10000
060035,臺股指永豐99購04,0,0,0,0,0,0,0,0,0,-10000,0,0,0,0,10000,-10000,-10000
060203,緯穎元富9A購01  ,0,0,0,0,0,0,0,0,0,-10000,0,0,0,0,10000,-10000,-10000
060217,國巨凱基9A購10  ,0,0,0,0,0,0,0,0,0,-10000,0,0,0,0,10000,-10000,-10000
060057,欣興凱基9B購01  ,0,0,0,0,0,0,0,0,0,-10000,0,0,0,0,10000,-10000,-10000
062501,台積電群益9C購03,0,0,0,0,0,0,0,0,0,-10000,0,0,0,101000,111000,-10000,-10000
062453,聚陽群益9C購01  ,0,0,0,0,0,0,0,0,0,-10000,0,0,0,0,10000,-10000,-10000
063261,康控富邦03購01  ,0,0,0,0,0,0,0,0,0,-10000,0,0,0,0,10000,-10000,-10000
060679,聯詠元大9A購04  ,0,0,0,0,0,0,0,0,0,-10000,0,0,0,22000,32000,-10000,-10000
060717,康控永豐9A購01  ,0,0,0,0,0,0,0,0,0,-10000,0,0,0,0,10000,-10000,-10000
060709,緯穎富邦9B購01  ,0,0,0,0,0,0,0,0,0,-10000,0,0,0,0,10000,-10000,-10000
063299,金寶凱基9B購01  ,0,0,0,0,0,0,0,0,0,-10000,0,0,0,0,10000,-10000,-10000
063326,正隆國票9B購01  ,0,0,0,0,0,0,0,0,0,-10000,0,0,0,0,10000,-10000,-10000
061891,力山永豐9B購01  ,0,0,0,0,0,0,0,0,0,-10000,0,0,0,0,10000,-10000,-10000
062658,聯茂第一9B購01  ,0,0,0,0,0,0,0,0,0,-10000,0,0,0,0,10000,-10000,-10000
062723,聯發科凱基9B購09,0,0,0,0,0,0,0,0,0,-10000,0,0,0,0,10000,-10000,-10000
062767,GIS凱基9B購02   ,0,0,0,0,0,0,0,0,0,-10000,0,0,0,0,10000,-10000,-10000
062921,GIS元大9B購01   ,0,0,0,0,0,0,0,0,0,-10000,0,0,0,0,10000,-10000,-10000
063013,技嘉元大9B購02  ,0,0,0,0,0,0,0,0,0,-10000,0,0,0,0,10000,-10000,-10000
063010,國巨元大9C購02  ,0,0,0,0,0,0,0,0,0,-10000,0,0,0,1000,11000,-10000,-10000
063409,GIS國票9C購02   ,0,0,0,0,0,0,0,0,0,-10000,0,0,0,0,10000,-10000,-10000
063386,國巨兆豐9B購04  ,0,0,0,0,0,0,0,0,0,-10000,0,0,0,40000,50000,-10000,-10000
063390,嘉晶兆豐9B購01  ,0,0,0,0,0,0,0,0,0,-10000,0,0,0,0,10000,-10000,-10000
063367,GIS富邦9B購01   ,0,0,0,0,0,0,0,0,0,-10000,0,0,0,0,10000,-10000,-10000
063062,群創元富9B購01  ,0,0,0,0,0,0,0,0,0,-10000,0,0,0,0,10000,-10000,-10000
063063,泰鼎元富9B購01  ,0,0,0,0,0,0,0,0,0,-10000,0,0,0,10000,20000,-10000,-10000
063848,大立光元大9C購09,0,0,0,0,0,0,0,0,0,-10000,0,0,0,0,10000,-10000,-10000
062036,致新群益9B購01  ,0,0,0,0,0,0,0,0,0,-10000,0,0,0,0,10000,-10000,-10000
063786,瑞昱中信06購01  ,0,0,0,0,0,0,0,0,0,-10000,0,0,0,10000,20000,-10000,-10000
062178,上銀元大9B購03  ,0,0,0,0,0,0,0,0,0,-10000,0,0,0,0,10000,-10000,-10000
062260,華新科元大9B購09,0,0,0,0,0,0,0,0,0,-10000,0,0,0,0,10000,-10000,-10000
062411,玉晶光第一9B購01,0,0,0,0,0,0,0,0,0,-10000,0,0,0,0,10000,-10000,-10000
061272,超眾凱基9A購03  ,0,0,0,0,0,0,0,0,0,-10000,0,0,0,0,10000,-10000,-10000
061277,智邦台新9A購01  ,0,0,0,0,0,0,0,0,0,-10000,0,0,0,0,10000,-10000,-10000
061283,智邦統一9A購01  ,0,0,0,0,0,0,0,0,0,-10000,0,0,0,0,10000,-10000,-10000
061231,聚陽元大9A購02  ,0,0,0,0,0,0,0,0,0,-10000,0,0,0,0,10000,-10000,-10000
061929,嘉澤凱基9B購01  ,0,0,0,0,0,0,0,0,0,-10000,0,0,0,0,10000,-10000,-10000
061989,晶技元大9B購04  ,0,0,0,0,0,0,0,0,0,-10000,0,0,0,0,10000,-10000,-10000
061319,聯發科凱基9A購16,0,0,0,0,0,0,0,0,0,-10000,0,0,0,0,10000,-10000,-10000
061352,茂林元大9A購04  ,0,0,0,0,0,0,0,0,0,-10000,0,0,0,0,10000,-10000,-10000
061355,康友元大9A購03  ,0,0,0,0,0,0,0,0,0,-10000,0,0,0,0,10000,-10000,-10000
063963,鴻海國票01購01  ,0,0,0,0,0,0,0,0,0,-10000,0,0,0,0,10000,-10000,-10000
062598,華通台新9B購02  ,0,0,0,0,0,0,0,0,0,-10000,0,0,0,10000,20000,-10000,-10000
063903,國巨麥證01購01  ,0,0,0,0,10000,-10000,0,0,0,-10000,0,0,0,0,10000,-10000,-10000
064211,友達凱基02購01  ,0,0,0,0,0,0,0,0,0,-10000,0,0,0,10000,20000,-10000,-10000
064010,GIS凱基02購01   ,0,0,0,0,0,0,0,0,0,-10000,0,0,0,39000,49000,-10000,-10000
064036,矽創元大9C購01  ,0,0,0,0,0,0,0,0,0,-10000,0,0,0,100000,110000,-10000,-10000
064103,大立光群益9C購03,0,0,0,0,0,0,0,0,0,-10000,0,0,0,0,10000,-10000,-10000
064160,新日興統一01購03,0,0,0,0,0,0,0,0,0,-10000,0,0,0,0,10000,-10000,-10000
064171,燿華元富9C購01  ,0,0,0,0,0,0,0,0,0,-10000,0,0,0,10000,20000,-10000,-10000
064172,義隆元富9C購01  ,0,0,0,0,0,0,0,0,0,-10000,0,0,0,0,10000,-10000,-10000
061602,旺宏凱基9A購06  ,0,0,0,0,0,0,0,0,0,-10000,0,0,0,0,10000,-10000,-10000
061757,T50反1元大9B購01,0,0,0,0,0,0,0,0,0,-10000,0,0,0,20000,30000,-10000,-10000
061768,晶技元大9B購02  ,0,0,0,0,0,0,0,0,0,-10000,0,0,0,0,10000,-10000,-10000
061780,國巨群益9C購01  ,0,0,0,0,0,0,0,0,0,-10000,0,0,0,31000,41000,-10000,-10000
061807,元金2X統一9B購01,0,0,0,0,0,0,0,0,0,-10000,0,0,0,0,10000,-10000,-10000
061832,聯發科凱基9B購06,0,0,0,0,0,0,0,0,0,-10000,0,0,0,0,10000,-10000,-10000
063142,奇力新統一9C購04,0,0,0,0,0,0,0,0,0,-10000,0,0,0,0,10000,-10000,-10000
060610,玉晶光凱基9B購02,0,0,0,0,0,0,0,0,0,-10000,0,0,0,10000,20000,-10000,-10000
060606,玉晶光凱基9A購05,0,0,0,0,0,0,0,0,0,-10000,0,0,0,1000,11000,-10000,-10000
060603,聯發科凱基9A購12,0,0,0,0,0,0,0,0,0,-10000,0,0,0,0,10000,-10000,-10000
060597,華通凱基9A購04  ,0,0,0,0,0,0,0,0,0,-10000,0,0,0,0,10000,-10000,-10000
060896,晶技凱基9A購02  ,0,0,0,0,0,0,0,0,0,-10000,0,0,0,11000,21000,-10000,-10000
060857,旭富富邦9B購01  ,0,0,0,0,0,0,0,0,0,-10000,0,0,0,0,10000,-10000,-10000
061028,聚陽永豐9A購01  ,0,0,0,0,0,0,0,0,0,-10000,0,0,0,0,10000,-10000,-10000
060988,華新科元大9A購12,0,0,0,0,0,0,0,0,0,-10000,0,0,0,5000,15000,-10000,-10000
061438,牧德凱基9B購02  ,0,0,0,0,0,0,0,0,0,-10000,0,0,0,0,10000,-10000,-10000
061436,上銀凱基9A購07  ,0,0,0,0,0,0,0,0,0,-10000,0,0,0,0,10000,-10000,-10000
061422,台積電元大9A購30,0,0,0,0,0,0,0,0,0,-10000,0,0,0,6000,16000,-10000,-10000
060506,京元電元大9A購02,0,0,0,0,0,0,0,0,0,-10000,0,0,0,0,10000,-10000,-10000
060548,友達凱基9B購03  ,0,0,0,0,0,0,0,0,0,-10000,0,0,0,0,10000,-10000,-10000
060433,億豐永豐9A購01  ,0,0,0,0,0,0,0,0,0,-10000,0,0,0,0,10000,-10000,-10000
060434,台汽電永豐9A購01,0,0,0,0,0,0,0,0,0,-10000,0,0,0,49000,59000,-10000,-10000
060443,滬深2X元大9A購03,0,0,0,0,0,0,0,0,0,-10000,0,0,0,0,10000,-10000,-10000
060452,儒鴻元大9A購01  ,0,0,0,0,0,0,0,0,0,-10000,0,0,0,0,10000,-10000,-10000
061153,奇力新群益9A購02,0,0,0,0,0,0,0,0,0,-10000,0,0,0,0,10000,-10000,-10000
061182,南六凱基9A購01  ,0,0,0,0,0,0,0,0,0,-10000,0,0,0,0,10000,-10000,-10000
061129,文曄永豐9A購01  ,0,0,0,0,0,0,0,0,0,-10000,0,0,0,0,10000,-10000,-10000
061124,微星永豐9A購02  ,0,0,0,0,0,0,0,0,0,-10000,0,0,0,72000,82000,-10000,-10000
061112,台表科元大9A購03,0,0,0,0,0,0,0,0,0,-10000,0,0,0,0,10000,-10000,-10000
064637,元金2X凱基01購02,0,0,0,0,0,0,0,0,0,-10000,0,0,0,0,10000,-10000,-10000
064528,國巨中信02購01  ,0,0,0,0,0,0,0,0,0,-10000,0,0,0,5000,15000,-10000,-10000
064332,聯發科元大01購01,0,0,0,0,0,0,0,0,0,-10000,0,0,0,0,10000,-10000,-10000
064338,美食元大9C購01  ,0,0,0,0,0,0,0,0,0,-10000,0,0,0,0,10000,-10000,-10000
064372,滬深2X元富9C購10,0,0,0,0,0,0,0,0,0,-10000,0,0,0,5000,15000,-10000,-10000
064393,友訊永豐9C購01  ,0,0,0,0,0,0,0,0,0,-10000,0,0,0,10000,20000,-10000,-10000
064432,台積電凱基9C購04,0,0,0,0,0,0,0,0,0,-10000,0,0,0,100000,110000,-10000,-10000
064794,牧德國票01購01  ,0,0,0,0,0,0,0,0,0,-10000,0,0,0,0,10000,-10000,-10000
064774,聚陽群益9C購04  ,0,0,0,0,0,0,0,0,0,-10000,0,0,0,0,10000,-10000,-10000
064667,大立光元大02購01,0,0,0,0,0,0,0,0,0,-10000,0,0,0,5000,15000,-10000,-10000
064676,聚陽兆豐9C購01  ,0,0,0,0,0,0,0,0,0,-10000,0,0,0,0,10000,-10000,-10000
064689,台積電群益9C購09,0,0,0,0,0,0,0,0,0,-10000,0,0,0,1000,11000,-10000,-10000
064729,聯茂統一02購02  ,0,0,0,0,0,0,0,0,0,-10000,0,0,0,0,10000,-10000,-10000
064919,嘉晶統一02購02  ,0,0,0,0,0,0,0,0,0,-10000,0,0,0,0,10000,-10000,-10000
064930,南六統一02購02  ,0,0,0,0,0,0,0,0,0,-10000,0,0,0,0,10000,-10000,-10000
064915,美律統一02購02  ,0,0,0,0,0,0,0,0,0,-10000,0,0,0,10000,20000,-10000,-10000
065596,鴻海元大9C購16  ,0,0,0,0,0,0,0,0,0,-10000,0,0,0,0,10000,-10000,-10000
065565,神隆群益01購01  ,0,0,0,0,0,0,0,0,0,-10000,0,0,0,0,10000,-10000,-10000
065572,泰碩群益01購01  ,0,0,0,0,0,0,0,0,0,-10000,0,0,0,70000,80000,-10000,-10000
065600,友達元大9C購11  ,0,0,0,0,0,0,0,0,0,-10000,0,0,0,100000,110000,-10000,-10000
065710,嘉聯益群益9C購02,0,0,0,0,0,0,0,0,0,-10000,0,0,0,20000,30000,-10000,-10000
065468,FBVIX元大9C購04 ,0,0,0,0,0,0,0,0,0,-10000,0,0,0,0,10000,-10000,-10000
065416,華通國票01購02  ,0,0,0,0,0,0,0,0,0,-10000,0,0,0,1000,11000,-10000,-10000
065207,奇力新國票9C購02,0,0,0,0,0,0,0,0,0,-10000,0,0,0,0,10000,-10000,-10000
065261,技嘉元大9C購03  ,0,0,0,0,0,0,0,0,0,-10000,0,0,0,0,10000,-10000,-10000
065299,燿華元富9C購02  ,0,0,0,0,0,0,0,0,0,-10000,0,0,0,0,10000,-10000,-10000
065144,大立光凱基01購06,0,0,0,0,0,0,0,0,0,-10000,0,0,0,0,10000,-10000,-10000
065145,貿聯凱基9C購02  ,0,0,0,0,0,0,0,0,0,-10000,0,0,0,0,10000,-10000,-10000
065072,和大元大9C購03  ,0,0,0,0,0,0,0,0,0,-10000,0,0,0,0,10000,-10000,-10000
065052,南六凱基02購02  ,0,0,0,0,0,0,0,0,0,-10000,0,0,0,0,10000,-10000,-10000
066940,T50反1元大01購03,0,0,0,0,0,0,0,0,0,-10000,0,0,0,0,10000,-10000,-10000
066941,滬深2X元大03購01,0,0,0,0,0,0,0,0,0,-10000,0,0,0,180000,190000,-10000,-10000
066901,台虹康和01購01  ,0,0,0,0,0,0,0,0,0,-10000,0,0,0,76000,86000,-10000,-10000
066717,上証2X元大01購01,0,0,0,0,0,0,0,0,0,-10000,0,0,0,0,10000,-10000,-10000
066831,亞光群益01購01  ,0,0,0,0,0,0,0,0,0,-10000,0,0,0,0,10000,-10000,-10000
06642P,可成兆豐98售01  ,0,0,0,0,0,0,0,0,0,-10000,0,0,0,0,10000,-10000,-10000
066412,神隆元大01購01  ,0,0,0,0,0,0,0,0,0,-10000,0,0,0,100000,110000,-10000,-10000
066530,美律元富04購01  ,0,0,0,0,0,0,0,0,0,-10000,0,0,0,40000,50000,-10000,-10000
06666P,台積電日盛9A售02,0,0,0,0,0,0,0,0,0,-10000,0,0,0,0,10000,-10000,-10000
066668,揚明光凱基01購01,0,0,0,0,0,0,0,0,0,-10000,0,0,0,0,10000,-10000,-10000
066621,川湖凱基01購01  ,0,0,0,0,0,0,0,0,0,-10000,0,0,0,10000,20000,-10000,-10000
066056,聯鈞元大01購02  ,0,0,0,0,0,0,0,0,0,-10000,0,0,0,100000,110000,-10000,-10000
066014,嘉晶元富07購01  ,0,0,0,0,0,0,0,0,0,-10000,0,0,0,0,10000,-10000,-10000
066016,台表科元富01購02,0,0,0,0,0,0,0,0,0,-10000,0,0,0,0,10000,-10000,-10000
065957,華擎統一03購02  ,0,0,0,0,0,0,0,0,0,-10000,0,0,0,0,10000,-10000,-10000
065925,鴻海國票04購01  ,0,0,0,0,0,0,0,0,0,-10000,0,0,0,0,10000,-10000,-10000
065752,正崴元大9C購01  ,0,0,0,0,0,0,0,0,0,-10000,0,0,0,0,10000,-10000,-10000
065744,華新元大9C購01  ,0,0,0,0,0,0,0,0,0,-10000,0,0,0,95000,105000,-10000,-10000
065891,聯發科統一02購03,0,0,0,0,0,0,0,0,0,-10000,0,0,0,26000,36000,-10000,-10000
065861,台汽電元大9C購01,0,0,0,0,0,0,0,0,0,-10000,0,0,0,0,10000,-10000,-10000
066150,國巨麥證01購02  ,0,0,0,0,10000,-10000,0,0,0,-10000,0,0,0,0,10000,-10000,-10000
066353,台塑化永豐01購01,0,0,0,0,0,0,0,0,0,-10000,0,0,0,0,10000,-10000,-10000
066363,美律中信05購01  ,0,0,0,0,0,0,0,0,0,-10000,0,0,0,10000,20000,-10000,-10000
06626P,大立光統一9A售01,0,0,0,0,0,0,0,0,0,-10000,0,0,0,0,10000,-10000,-10000
08850P,台光電群益01售03,0,0,0,0,0,0,0,0,0,-10000,0,0,0,30000,40000,-10000,-10000
08708P,華通台新01售01  ,0,0,0,0,0,0,0,0,0,-10000,0,0,0,10000,20000,-10000,-10000
08730P,緯穎永豐01售02  ,0,0,0,0,0,0,0,0,0,-10000,0,0,0,44000,54000,-10000,-10000
1256,鮮活果汁-KY     ,10000,8000,2000,0,0,0,0,12000,-12000,0,0,0,0,0,0,0,-10000
08963P,牧德凱基01售02  ,0,0,0,0,0,0,0,0,0,-10000,0,0,0,0,10000,-10000,-10000
08987P,臻鼎元富07售02  ,0,0,0,0,0,0,0,0,0,-10000,0,0,0,1000,11000,-10000,-10000
08933P,上銀元大01售02  ,0,0,0,0,0,0,0,0,0,-10000,0,0,0,10000,20000,-10000,-10000
1618,合機            ,13000,23000,-10000,0,0,0,0,0,0,0,0,0,0,0,0,0,-10000
1451,年興            ,49000,59000,-10000,0,0,0,0,0,0,0,0,0,0,0,0,0,-10000
3346,麗清            ,4000,14000,-10000,0,0,0,0,0,0,0,0,0,0,0,0,0,-10000
2543,皇昌            ,0,10000,-10000,0,0,0,0,0,0,0,0,0,0,0,0,0,-10000
9946,三發地產        ,0,10000,-10000,0,0,0,0,0,0,0,0,0,0,0,0,0,-10000
067837,大立光統一03購04,0,0,0,0,0,0,0,0,0,-11000,0,0,0,14000,25000,-11000,-11000
068019,玉晶光國票02購06,0,0,0,0,0,0,0,0,0,-11000,0,0,0,12000,23000,-11000,-11000
067948,群創國泰03購01  ,0,0,0,0,0,0,0,0,0,-11000,0,0,0,17000,28000,-11000,-11000
067469,國巨元大01購09  ,0,0,0,0,0,0,0,0,0,-11000,0,0,0,10000,21000,-11000,-11000
07660P,聯茂凱基9A售03  ,0,0,0,0,0,0,0,0,0,-11000,0,0,0,135000,146000,-11000,-11000
07689P,旺宏元大9A售13  ,0,0,0,0,0,0,0,0,0,-11000,0,0,0,0,11000,-11000,-11000
068502,帆宣元大01購05  ,0,0,0,0,0,0,0,0,0,-11000,0,0,0,0,11000,-11000,-11000
08568P,臺股指富邦9C售05,0,0,0,0,0,0,0,0,0,-11000,0,0,0,50000,61000,-11000,-11000
060063,可成兆豐9B購01  ,0,0,0,0,0,0,0,0,0,-11000,0,0,0,0,11000,-11000,-11000
059887,華新科國票99購02,0,0,0,0,0,0,0,0,0,-11000,0,0,0,0,11000,-11000,-11000
059825,嘉晶凱基99購02  ,0,0,0,0,0,0,0,0,0,-11000,0,0,0,0,11000,-11000,-11000
058751,南茂凱基9A購01  ,0,0,0,0,0,0,0,0,0,-11000,0,0,0,35000,46000,-11000,-11000
058649,健策永豐99購01  ,0,0,0,0,0,0,0,0,0,-11000,0,0,0,6000,17000,-11000,-11000
060385,台勝科凱基9A購01,0,0,0,0,0,0,0,0,0,-11000,0,0,0,39000,50000,-11000,-11000
063575,矽格元大9B購02  ,0,0,0,0,0,0,0,0,0,-11000,0,0,0,9000,20000,-11000,-11000
058467,日月光中信9A購01,0,0,0,0,0,0,0,0,0,-11000,0,0,0,0,11000,-11000,-11000
056635,亞德客日盛99購01,0,0,0,0,0,0,0,0,0,-11000,0,0,0,71000,82000,-11000,-11000
057411,臺股指群益99購05,0,0,0,0,0,0,0,0,0,-11000,0,0,0,2000,13000,-11000,-11000
057999,智邦亞東99購02  ,0,0,0,0,0,0,0,0,0,-11000,0,0,0,0,11000,-11000,-11000
057792,群創統一99購01  ,0,0,0,0,0,0,0,0,0,-11000,0,0,0,15000,26000,-11000,-11000
057926,帆宣凱基98購02  ,0,0,0,0,0,0,0,0,0,-11000,0,0,0,9000,20000,-11000,-11000
057570,技嘉永豐98購02  ,0,0,0,0,0,0,0,0,0,-11000,0,0,0,2000,13000,-11000,-11000
051047,深中小群益99購01,0,0,0,0,0,0,0,0,0,-11000,0,0,0,0,11000,-11000,-11000
00737,國泰AI+Robo     ,0,0,0,0,0,0,0,0,0,-11000,0,0,0,209000,220000,-11000,-11000
061613,南六統一9C購01  ,0,0,0,0,0,0,0,0,0,-11000,0,0,0,129000,140000,-11000,-11000
061526,宏達電凱基9A購04,0,0,0,0,0,0,0,0,0,-11000,0,0,0,2000,13000,-11000,-11000
061552,南六群益9A購02  ,0,0,0,0,0,0,0,0,0,-11000,0,0,0,10000,21000,-11000,-11000
064101,可成群益01購01  ,0,0,0,0,0,0,0,0,0,-11000,0,0,0,5000,16000,-11000,-11000
064000,台郡兆豐9C購01  ,0,0,0,0,0,0,0,0,0,-11000,0,0,0,1000,12000,-11000,-11000
061846,元金2X國票9C購01,0,0,0,0,0,0,0,0,0,-11000,0,0,0,0,11000,-11000,-11000
062925,建準國票9B購01  ,0,0,0,0,0,0,0,0,0,-11000,0,0,0,0,11000,-11000,-11000
062952,台積電永豐9B購02,0,0,0,0,0,0,0,0,0,-11000,0,0,0,2000,13000,-11000,-11000
062807,和碩統一9B購01  ,0,0,0,0,0,0,0,0,0,-11000,0,0,0,0,11000,-11000,-11000
062662,友達群益9B購02  ,0,0,0,0,0,0,0,0,0,-11000,0,0,0,0,11000,-11000,-11000
062671,國泰金中信03購01,0,0,0,0,0,0,0,0,0,-11000,0,0,0,0,11000,-11000,-11000
062617,京鼎元大9B購01  ,0,0,0,0,0,0,0,0,0,-11000,0,0,0,0,11000,-11000,-11000
063280,燿華元大9B購05  ,0,0,0,0,0,0,0,0,0,-11000,0,0,0,4000,15000,-11000,-11000
062451,瀚宇博元大9B購02,0,0,0,0,0,0,0,0,0,-11000,0,0,0,11000,22000,-11000,-11000
066367,緯創中信05購01  ,0,0,0,0,0,0,0,0,0,-11000,0,0,0,0,11000,-11000,-11000
066361,微星中信05購01  ,0,0,0,0,0,0,0,0,0,-11000,0,0,0,0,11000,-11000,-11000
066352,晶碩永豐01購01  ,0,0,0,0,0,0,0,0,0,-11000,0,0,0,58000,69000,-11000,-11000
066174,京鼎凱基01購01  ,0,0,0,0,0,0,0,0,0,-11000,0,0,0,43000,54000,-11000,-11000
065905,聯茂富邦02購01  ,0,0,0,0,0,0,0,0,0,-11000,0,0,0,20000,31000,-11000,-11000
065968,國巨元大02購01  ,0,0,0,0,0,0,0,0,0,-11000,0,0,0,40000,51000,-11000,-11000
065996,T50反1第一01購01,0,0,0,0,0,0,0,0,0,-11000,0,0,0,0,11000,-11000,-11000
066434,台虹元大01購01  ,0,0,0,0,0,0,0,0,0,-11000,0,0,0,0,11000,-11000,-11000
066829,奇力新群益01購01,0,0,0,0,0,0,0,0,0,-11000,0,0,0,0,11000,-11000,-11000
065555,旭富凱基01購02  ,0,0,0,0,0,0,0,0,0,-11000,0,0,0,0,11000,-11000,-11000
065699,南亞科群益9C購02,0,0,0,0,0,0,0,0,0,-11000,0,0,0,20000,31000,-11000,-11000
065624,聯詠中信9C購01  ,0,0,0,0,0,0,0,0,0,-11000,0,0,0,0,11000,-11000,-11000
06498P,臺股指元大9A售03,0,0,0,0,0,0,0,0,0,-11000,0,0,0,14000,25000,-11000,-11000
064505,康控元大9C購01  ,0,0,0,0,0,0,0,0,0,-11000,0,0,0,0,11000,-11000,-11000
064592,同欣電永豐9C購01,0,0,0,0,0,0,0,0,0,-11000,0,0,0,10000,21000,-11000,-11000
2514,龍邦            ,3000,14000,-11000,0,0,0,0,0,0,0,0,0,0,0,0,0,-11000
1454,台富            ,23000,33000,-10000,0,0,0,0,0,0,-1000,0,1000,-1000,0,0,0,-11000
1419,新紡            ,17000,28000,-11000,0,0,0,0,0,0,0,0,0,0,0,0,0,-11000
08852P,台灣50台新01售01,0,0,0,0,0,0,0,0,0,-11000,0,0,0,0,11000,-11000,-11000
08366P,祥碩凱基9C售04  ,0,0,0,0,0,0,0,0,0,-12000,0,0,0,108000,120000,-12000,-12000
08355P,智邦元大9C售03  ,0,0,0,0,0,0,0,0,0,-12000,0,0,0,299000,311000,-12000,-12000
067421,華邦電凱基01購02,0,0,0,0,0,0,0,0,0,-12000,0,0,0,0,12000,-12000,-12000
066980,台光電群益01購02,0,0,0,0,0,0,0,0,0,-12000,0,0,0,58000,70000,-12000,-12000
067150,聯發科統一02購05,0,0,0,0,0,0,0,0,0,-12000,0,0,0,12000,24000,-12000,-12000
067989,台積電元大01購31,0,0,0,0,0,0,0,0,0,-12000,0,0,0,0,12000,-12000,-12000
067577,FBVIX群益01購02 ,0,0,0,0,0,0,0,0,0,-12000,0,0,0,0,12000,-12000,-12000
067634,高鐵永豐01購01  ,0,0,0,0,0,0,0,0,0,-12000,0,0,0,0,12000,-12000,-12000
01003T,兆豐新光R1      ,15000,27000,-12000,0,0,0,0,0,0,0,0,0,0,0,0,0,-12000
057563,旭富國泰9A購01  ,0,0,0,0,0,0,0,0,0,-12000,0,0,0,16000,28000,-12000,-12000
057354,聯鈞統一99購03  ,0,0,0,0,0,0,0,0,0,-12000,0,0,0,100000,112000,-12000,-12000
057243,樺漢凱基99購01  ,0,0,0,0,0,0,0,0,0,-12000,0,0,0,0,12000,-12000,-12000
03049X,元展46          ,0,0,0,0,0,0,0,0,0,-12000,0,0,0,0,12000,-12000,-12000
059055,旺宏凱基9B購02  ,0,0,0,0,0,0,0,0,0,-12000,0,0,0,0,12000,-12000,-12000
054297,台郡元大98購01  ,0,0,0,0,0,0,0,0,0,-12000,0,0,0,17000,29000,-12000,-12000
054353,世紀鋼國泰98購01,0,0,0,0,0,0,0,0,0,-12000,0,0,0,75000,87000,-12000,-12000
059318,旺宏元大99購13  ,0,0,0,0,0,0,0,0,0,-12000,0,0,0,0,12000,-12000,-12000
063569,美食元大9B購03  ,0,0,0,0,0,0,0,0,0,-12000,0,0,0,0,12000,-12000,-12000
063508,緯創群益9B購01  ,0,0,0,0,0,0,0,0,0,-12000,0,0,0,0,12000,-12000,-12000
058683,可成凱基9A購01  ,0,0,0,0,0,0,0,0,0,-12000,0,0,0,0,12000,-12000,-12000
059705,華新科凱基9A購07,0,0,0,0,0,0,0,0,0,-12000,0,0,0,15000,27000,-12000,-12000
060734,華通統一9C購01  ,0,0,0,0,0,0,0,0,0,-12000,0,0,0,0,12000,-12000,-12000
062609,帆宣凱基9B購01  ,0,0,0,0,0,0,0,0,0,-12000,0,0,0,20000,32000,-12000,-12000
061922,瑞昱凱基9B購01  ,0,0,0,0,0,0,0,0,0,-12000,0,0,0,7000,19000,-12000,-12000
062701,漢唐元大9B購01  ,0,0,0,0,0,0,0,0,0,-12000,0,0,0,9000,21000,-12000,-12000
062900,台積電元大9B購04,0,0,0,0,0,0,0,0,0,-12000,0,0,0,14000,26000,-12000,-12000
062951,鴻海永豐9B購02  ,0,0,0,0,0,0,0,0,0,-12000,0,0,0,0,12000,-12000,-12000
062332,大立光統一9B購11,0,0,0,0,0,0,0,0,0,-12000,0,0,0,129000,141000,-12000,-12000
062218,燿華統一01購01  ,0,0,0,0,0,0,0,0,0,-12000,0,0,0,15000,27000,-12000,-12000
062182,華新科元大9B購07,0,0,0,0,0,0,0,0,0,-12000,0,0,0,1000,13000,-12000,-12000
063973,緯穎國票9C購01  ,0,0,0,0,0,0,0,0,0,-12000,0,0,0,0,12000,-12000,-12000
060675,南亞科元大9A購02,0,0,0,0,0,0,0,0,0,-12000,0,0,0,0,12000,-12000,-12000
064075,台積電中信06購01,0,0,0,0,0,0,0,0,0,-12000,0,0,0,1000,13000,-12000,-12000
064067,美律永豐9C購01  ,0,0,0,0,0,0,0,0,0,-12000,0,0,0,0,12000,-12000,-12000
064110,國巨國票01購01  ,0,0,0,0,0,0,0,0,0,-12000,0,0,0,70000,82000,-12000,-12000
063125,華擎元大9C購02  ,0,0,0,0,0,0,0,0,0,-12000,0,0,0,10000,22000,-12000,-12000
061720,智邦國泰9C購01  ,0,0,0,0,0,0,0,0,0,-12000,0,0,0,0,12000,-12000,-12000
060487,盛群富邦9B購01  ,0,0,0,0,0,0,0,0,0,-12000,0,0,0,28000,40000,-12000,-12000
061070,超眾凱基9C購01  ,0,0,0,0,0,0,0,0,0,-12000,0,0,0,48000,60000,-12000,-12000
060871,台灣50中信01購03,0,0,0,0,0,0,0,0,0,-12000,0,0,0,10000,22000,-12000,-12000
064586,緯創永豐9C購01  ,0,0,0,0,0,0,0,0,0,-12000,0,0,0,6000,18000,-12000,-12000
064649,同欣電凱基01購01,0,0,0,0,0,0,0,0,0,-12000,0,0,0,0,12000,-12000,-12000
064344,緯創元大9C購01  ,0,0,0,0,0,0,0,0,0,-12000,0,0,0,3000,15000,-12000,-12000
066834,泰鼎群益01購01  ,0,0,0,0,0,0,0,0,0,-12000,0,0,0,0,12000,-12000,-12000
066702,開發金群益03購01,0,0,0,0,0,0,0,0,0,-12000,0,0,0,76000,88000,-12000,-12000
066938,敦泰國票02購01  ,0,0,0,0,0,0,0,0,0,-12000,0,0,0,0,12000,-12000,-12000
065784,正崴永豐9C購01  ,0,0,0,0,0,0,0,0,0,-12000,0,0,0,12000,24000,-12000,-12000
065801,瑞昱群益9C購04  ,0,0,0,0,0,0,0,0,0,-12000,0,0,0,1000,13000,-12000,-12000
066070,金像電凱基01購03,0,0,0,0,0,0,0,0,0,-12000,0,0,0,0,12000,-12000,-12000
066360,致茂中信05購01  ,0,0,0,0,0,0,0,0,0,-12000,0,0,0,11000,23000,-12000,-12000
1234,黑松            ,12000,30000,-18000,0,0,0,0,0,0,6000,6000,0,6000,0,0,0,-12000
3057,喬鼎            ,23000,35000,-12000,0,0,0,0,0,0,0,0,0,0,0,0,0,-12000
6579,研揚            ,4000,0,4000,0,0,0,0,0,0,-16000,0,16000,-16000,0,0,0,-12000
6243,迅杰            ,10000,22000,-12000,0,0,0,0,0,0,0,0,0,0,0,0,0,-12000
067790,台表科群益01購03,0,0,0,0,0,0,0,0,0,-13000,0,0,0,21000,34000,-13000,-13000
068020,玉晶光國票02購07,0,0,0,0,0,0,0,0,0,-13000,0,0,0,11000,24000,-13000,-13000
067132,瑞昱永豐01購01  ,0,0,0,0,0,0,0,0,0,-13000,0,0,0,0,13000,-13000,-13000
067422,微星凱基02購03  ,0,0,0,0,0,0,0,0,0,-13000,0,0,0,10000,23000,-13000,-13000
067438,緯穎凱基01購03  ,0,0,0,0,0,0,0,0,0,-13000,0,0,0,35000,48000,-13000,-13000
068282,信邦中信03購01  ,0,0,0,0,0,0,0,0,0,-13000,0,0,0,0,13000,-13000,-13000
068359,GIS凱基01購05   ,0,0,0,0,0,0,0,0,0,-13000,0,0,0,37000,50000,-13000,-13000
059090,台新金元大99購01,0,0,0,0,0,0,0,0,0,-13000,0,0,0,0,13000,-13000,-13000
059129,麗豐中信99購01  ,0,0,0,0,0,0,0,0,0,-13000,0,0,0,7000,20000,-13000,-13000
059164,旺宏凱基99購06  ,0,0,0,0,0,0,0,0,0,-13000,0,0,0,1000,14000,-13000,-13000
059984,華新科元大99購21,0,0,0,0,0,0,0,0,0,-13000,0,0,0,50000,63000,-13000,-13000
059928,道瓊銀富邦03購01,0,0,0,0,0,0,0,0,0,-13000,0,0,0,3000,16000,-13000,-13000
058989,茂林凱基99購02  ,0,0,0,0,0,0,0,0,0,-13000,0,0,0,0,13000,-13000,-13000
058909,神達元大99購03  ,0,0,0,0,0,0,0,0,0,-13000,0,0,0,5000,18000,-13000,-13000
063529,聯茂凱基9B購02  ,0,0,0,0,0,0,0,0,0,-13000,0,0,0,10000,23000,-13000,-13000
063655,華通元富9B購01  ,0,0,0,0,0,0,0,0,0,-13000,0,0,0,0,13000,-13000,-13000
056496,康控國泰99購01  ,0,0,0,0,0,0,0,0,0,-13000,0,0,0,0,13000,-13000,-13000
056347,GIS凱基9A購01   ,0,0,0,0,0,0,0,0,0,-13000,0,0,0,10000,23000,-13000,-13000
058077,超眾凱基98購02  ,0,0,0,0,0,0,0,0,0,-13000,0,0,0,10000,23000,-13000,-13000
057991,健策統一9C購01  ,0,0,0,0,0,0,0,0,0,-13000,0,0,0,0,13000,-13000,-13000
057843,晶技永豐98購02  ,0,0,0,0,0,0,0,0,0,-13000,0,0,0,5000,18000,-13000,-13000
057713,美律統一99購01  ,0,0,0,0,0,0,0,0,0,-13000,0,0,0,0,13000,-13000,-13000
056926,日月光兆豐98購01,0,0,0,0,0,0,0,0,0,-13000,0,0,0,10000,23000,-13000,-13000
03025P,國巨元大01售12  ,0,0,0,0,0,0,0,0,0,-13000,0,0,0,27000,40000,-13000,-13000
00709,富邦歐洲        ,0,0,0,0,0,0,0,0,0,-13000,0,0,0,97000,110000,-13000,-13000
053396,漢唐中信9A購01  ,0,0,0,0,0,0,0,0,0,-13000,0,0,0,0,13000,-13000,-13000
060962,義隆凱基9B購01  ,0,0,0,0,0,0,0,0,0,-13000,0,0,0,27000,40000,-13000,-13000
061428,南六元大9A購01  ,0,0,0,0,0,0,0,0,0,-13000,0,0,0,3000,16000,-13000,-13000
061162,南電群益9A購02  ,0,0,0,0,0,0,0,0,0,-13000,0,0,0,2000,15000,-13000,-13000
061190,力山永豐9A購02  ,0,0,0,0,0,0,0,0,0,-13000,0,0,0,1000,14000,-13000,-13000
060591,富邦金台新9A購01,0,0,0,0,0,0,0,0,0,-13000,0,0,0,0,13000,-13000,-13000
064292,南茂元大01購01  ,0,0,0,0,0,0,0,0,0,-13000,0,0,0,67000,80000,-13000,-13000
061320,奇力新凱基9A購04,0,0,0,0,0,0,0,0,0,-13000,0,0,0,0,13000,-13000,-13000
062547,玉晶光永豐9B購05,0,0,0,0,0,0,0,0,0,-13000,0,0,0,16000,29000,-13000,-13000
062164,禾伸堂國泰01購01,0,0,0,0,0,0,0,0,0,-13000,0,0,0,0,13000,-13000,-13000
063753,矽創國票9C購01  ,0,0,0,0,0,0,0,0,0,-13000,0,0,0,0,13000,-13000,-13000
062044,健策凱基9B購02  ,0,0,0,0,0,0,0,0,0,-13000,0,0,0,80000,93000,-13000,-13000
062874,微星兆豐9B購01  ,0,0,0,0,0,0,0,0,0,-13000,0,0,0,16000,29000,-13000,-13000
061907,裕隆中信9B購01  ,0,0,0,0,0,0,0,0,0,-13000,0,0,0,0,13000,-13000,-13000
063281,京元電元大9B購01,0,0,0,0,0,0,0,0,0,-13000,0,0,0,8000,21000,-13000,-13000
063288,泰鼎元大9B購02  ,0,0,0,0,0,0,0,0,0,-13000,0,0,0,4000,17000,-13000,-13000
063169,台汽電永豐9B購01,0,0,0,0,0,0,0,0,0,-13000,0,0,0,0,13000,-13000,-13000
065789,泰碩永豐9C購02  ,0,0,0,0,0,0,0,0,0,-13000,0,0,0,0,13000,-13000,-13000
066934,宏達電國票02購01,0,0,0,0,0,0,0,0,0,-13000,0,0,0,21000,34000,-13000,-13000
066920,華擎麥證01購01  ,0,0,0,0,13000,-13000,0,0,0,-13000,0,0,0,0,13000,-13000,-13000
066657,滬深2X凱基04購01,0,0,0,0,0,0,0,0,0,-13000,0,0,0,0,13000,-13000,-13000
064909,華擎麥證9C購01  ,0,0,0,0,13000,-13000,0,0,0,-13000,0,0,0,0,13000,-13000,-13000
065696,旺宏群益9C購06  ,0,0,0,0,0,0,0,0,0,-13000,0,0,0,20000,33000,-13000,-13000
065386,華通兆豐9C購02  ,0,0,0,0,0,0,0,0,0,-13000,0,0,0,0,13000,-13000,-13000
065438,緯穎凱基9C購04  ,0,0,0,0,0,0,0,0,0,-13000,0,0,0,0,13000,-13000,-13000
065156,可成群益01購02  ,0,0,0,0,0,0,0,0,0,-13000,0,0,0,187000,200000,-13000,-13000
065267,聯鈞元大9C購02  ,0,0,0,0,0,0,0,0,0,-13000,0,0,0,21000,34000,-13000,-13000
068361,惠特凱基03購01  ,0,0,0,0,0,0,0,0,0,-14000,0,0,0,6000,20000,-14000,-14000
08437P,台郡群益9C售01  ,0,0,0,0,0,0,0,0,0,-14000,0,0,0,40000,54000,-14000,-14000
08604P,金融類元大9C售01,0,0,0,0,0,0,0,0,0,-14000,0,0,0,6000,20000,-14000,-14000
08220P,華邦電凱基9B售02,0,0,0,0,0,0,0,0,0,-14000,0,0,0,32000,46000,-14000,-14000
067051,泰鼎凱基02購01  ,0,0,0,0,0,0,0,0,0,-14000,0,0,0,1000,15000,-14000,-14000
068144,台積電元大01購33,0,0,0,0,0,0,0,0,0,-14000,0,0,0,2000,16000,-14000,-14000
06807P,臺股指群益98售13,0,0,0,0,0,0,0,0,0,-14000,0,0,0,27000,41000,-14000,-14000
067841,A50正2元富04購01,0,0,0,0,0,0,0,0,0,-14000,0,0,0,0,14000,-14000,-14000
067851,華邦電國票02購01,0,0,0,0,0,0,0,0,0,-14000,0,0,0,24000,38000,-14000,-14000
03662C,FBVIX凱基03牛01 ,0,0,0,0,0,0,0,0,0,-14000,0,0,0,91000,105000,-14000,-14000
056459,茂林凱基99購01  ,0,0,0,0,0,0,0,0,0,-14000,0,0,0,32000,46000,-14000,-14000
056146,台虹元大98購01  ,0,0,0,0,0,0,0,0,0,-14000,0,0,0,0,14000,-14000,-14000
059349,台郡凱基99購04  ,0,0,0,0,0,0,0,0,0,-14000,0,0,0,0,14000,-14000,-14000
059919,宏達電元大99購06,0,0,0,0,0,0,0,0,0,-14000,0,0,0,20000,34000,-14000,-14000
059852,康控永豐99購02  ,0,0,0,0,0,0,0,0,0,-14000,0,0,0,0,14000,-14000,-14000
063267,台表科中信01購02,0,0,0,0,0,0,0,0,0,-14000,0,0,0,0,14000,-14000,-14000
063214,康控國票9C購01  ,0,0,0,0,0,0,0,0,0,-14000,0,0,0,0,14000,-14000,-14000
062893,元金2X元大9C購01,0,0,0,0,0,0,0,0,0,-14000,0,0,0,6000,20000,-14000,-14000
063022,嘉晶元大9B購04  ,0,0,0,0,0,0,0,0,0,-14000,0,0,0,32000,46000,-14000,-14000
063815,玉晶光群益02購01,0,0,0,0,0,0,0,0,0,-14000,0,0,0,9000,23000,-14000,-14000
062392,國巨富邦02購01  ,0,0,0,0,0,0,0,0,0,-14000,0,0,0,75000,89000,-14000,-14000
061259,台積電凱基9A購21,0,0,0,0,0,0,0,0,0,-14000,0,0,0,75000,89000,-14000,-14000
064293,勤誠元大9C購01  ,0,0,0,0,0,0,0,0,0,-14000,0,0,0,0,14000,-14000,-14000
065084,南亞科元大9C購08,0,0,0,0,0,0,0,0,0,-14000,0,0,0,11000,25000,-14000,-14000
065571,神基群益01購01  ,0,0,0,0,0,0,0,0,0,-14000,0,0,0,0,14000,-14000,-14000
064611,亞德客元大9C購02,0,0,0,0,0,0,0,0,0,-14000,0,0,0,4000,18000,-14000,-14000
066626,盟立凱基01購01  ,0,0,0,0,0,0,0,0,0,-14000,0,0,0,60000,74000,-14000,-14000
066418,京元電元大01購02,0,0,0,0,0,0,0,0,0,-14000,0,0,0,27000,41000,-14000,-14000
066907,聯發科凱基03購04,0,0,0,0,0,0,0,0,0,-14000,0,0,0,68000,82000,-14000,-14000
066032,矽格群益01購01  ,0,0,0,0,0,0,0,0,0,-14000,0,0,0,1000,15000,-14000,-14000
6166,凌華            ,63000,46000,17000,0,0,0,0,0,0,-31000,0,31000,-31000,2000,2000,0,-14000
2464,盟立            ,279000,287000,-8000,0,0,0,0,0,0,-6000,0,26000,-26000,24000,4000,20000,-14000
08867P,欣興凱基01售03  ,0,0,0,0,0,0,0,0,0,-14000,0,0,0,170000,184000,-14000,-14000
2374,佳能            ,50000,64000,-14000,0,0,0,0,0,0,0,0,0,0,0,0,0,-14000
067843,聯發科元富07購05,0,0,0,0,0,0,0,0,0,-15000,0,0,0,35000,50000,-15000,-15000
068174,華新科中信01購01,0,0,0,0,0,0,0,0,0,-15000,0,0,0,85000,100000,-15000,-15000
068039,鎧勝元富07購01  ,0,0,0,0,0,0,0,0,0,-15000,0,0,0,0,15000,-15000,-15000
067381,康控統一03購01  ,0,0,0,0,0,0,0,0,0,-15000,0,0,0,0,15000,-15000,-15000
08241P,微星中信06售01  ,0,0,0,0,0,0,0,0,0,-15000,0,0,0,0,15000,-15000,-15000
08110P,臺股指中信01售05,0,0,0,0,0,0,0,0,0,-15000,0,0,0,165000,180000,-15000,-15000
08083P,健策元大9C售05  ,0,0,0,0,0,0,0,0,0,-15000,0,0,0,0,15000,-15000,-15000
06879P,長榮航凱基98售02,0,0,0,0,0,0,0,0,0,-15000,0,0,0,1000,16000,-15000,-15000
06919P,臺股指日盛98售02,0,0,0,0,0,0,0,0,0,-15000,0,0,0,35000,50000,-15000,-15000
07829P,旺宏凱基9A售07  ,0,0,0,0,0,0,0,0,0,-15000,0,0,0,0,15000,-15000,-15000
07877P,晶技永豐9B售01  ,0,0,0,0,0,0,0,0,0,-15000,0,0,0,0,15000,-15000,-15000
07189P,聯發科富邦9B售03,0,0,0,0,0,0,0,0,0,-15000,0,0,0,0,15000,-15000,-15000
059884,鴻海國票99購09  ,0,0,0,0,0,0,0,0,0,-15000,0,0,0,0,15000,-15000,-15000
059935,國巨永豐99購07  ,0,0,0,0,0,0,0,0,0,-15000,0,0,0,3000,18000,-15000,-15000
058892,元油2X元大9C購08,0,0,0,0,0,0,0,0,0,-15000,0,0,0,0,15000,-15000,-15000
058432,台積電統一9B購03,0,0,0,0,0,0,0,0,0,-15000,0,0,0,0,15000,-15000,-15000
055330,上銀兆豐98購02  ,0,0,0,0,0,0,0,0,0,-15000,0,0,0,0,15000,-15000,-15000
056383,上銀國泰99購01  ,0,0,0,0,0,0,0,0,0,-15000,0,0,0,0,15000,-15000,-15000
064289,台郡元大9C購01  ,0,0,0,0,0,0,0,0,0,-15000,0,0,0,6000,21000,-15000,-15000
064064,義隆富邦03購01  ,0,0,0,0,0,0,0,0,0,-15000,0,0,0,0,15000,-15000,-15000
060645,台表科永豐9A購02,0,0,0,0,0,0,0,0,0,-15000,0,0,0,0,15000,-15000,-15000
063942,台積電元大01購03,0,0,0,0,0,0,0,0,0,-15000,0,0,0,3000,18000,-15000,-15000
062560,奇鋐凱基9B購02  ,0,0,0,0,0,0,0,0,0,-15000,0,0,0,37000,52000,-15000,-15000
062573,大毅群益9B購03  ,0,0,0,0,0,0,0,0,0,-15000,0,0,0,5000,20000,-15000,-15000
061711,台積電凱基9A購27,0,0,0,0,0,0,0,0,0,-15000,0,0,0,21000,36000,-15000,-15000
062386,京鼎國泰9C購01  ,0,0,0,0,0,0,0,0,0,-15000,0,0,0,10000,25000,-15000,-15000
062173,世紀鋼永豐9B購01,0,0,0,0,0,0,0,0,0,-15000,0,0,0,0,15000,-15000,-15000
063824,S&P反1國票9C購01,0,0,0,0,0,0,0,0,0,-15000,0,0,0,0,15000,-15000,-15000
063064,台表科元富9B購01,0,0,0,0,0,0,0,0,0,-15000,0,0,0,0,15000,-15000,-15000
062636,聯鈞國票9B購01  ,0,0,0,0,0,0,0,0,0,-15000,0,0,0,1000,16000,-15000,-15000
062746,致伸永豐9B購01  ,0,0,0,0,0,0,0,0,0,-15000,0,0,0,0,15000,-15000,-15000
062521,玉晶光元大9C購05,0,0,0,0,0,0,0,0,0,-15000,0,0,0,1000,16000,-15000,-15000
062471,國泰金凱基9B購02,0,0,0,0,0,0,0,0,0,-15000,0,0,0,0,15000,-15000,-15000
060798,旭富永豐9A購01  ,0,0,0,0,0,0,0,0,0,-15000,0,0,0,0,15000,-15000,-15000
066375,南亞科兆豐01購01,0,0,0,0,0,0,0,0,0,-15000,0,0,0,0,15000,-15000,-15000
064853,亞德客麥證9C購01,0,0,0,156000,171000,-15000,0,0,0,-15000,0,0,0,156000,171000,-15000,-15000
064840,彩晶統一02購01  ,0,0,0,0,0,0,0,0,0,-15000,0,0,0,236000,251000,-15000,-15000
064766,矽創凱基9C購01  ,0,0,0,0,0,0,0,0,0,-15000,0,0,0,0,15000,-15000,-15000
065426,台積電凱基01購09,0,0,0,0,0,0,0,0,0,-15000,0,0,0,64000,79000,-15000,-15000
065413,玉晶光永豐9C購10,0,0,0,0,0,0,0,0,0,-15000,0,0,0,29000,44000,-15000,-15000
08886P,台積電富邦04售04,0,0,0,0,0,0,0,0,0,-15000,0,0,0,24000,39000,-15000,-15000
08893P,京元電元大01售06,0,0,0,0,0,0,0,0,0,-15000,0,0,0,5000,20000,-15000,-15000
08988P,華碩國票01售02  ,0,0,0,0,0,0,0,0,0,-15000,0,0,0,0,15000,-15000,-15000
08727P,健策群益01售07  ,0,0,0,0,0,0,0,0,0,-15000,0,0,0,50000,65000,-15000,-15000
08725P,臺股指元大01售06,0,0,0,0,0,0,0,0,0,-15000,0,0,0,48000,63000,-15000,-15000
2838A,聯邦銀甲特      ,30000,0,30000,0,0,0,0,45000,-45000,0,0,0,0,0,0,0,-15000
8422,可寧衛          ,11000,13000,-2000,0,0,0,0,0,0,-13000,3000,16000,-13000,0,0,0,-15000
07137P,大立光中信9B售01,0,0,0,0,0,0,0,0,0,-16000,0,0,0,0,16000,-16000,-16000
07678P,大立光群益9A售03,0,0,0,0,0,0,0,0,0,-16000,0,0,0,0,16000,-16000,-16000
067312,欣興元大02購01  ,0,0,0,0,0,0,0,0,0,-16000,0,0,0,131000,147000,-16000,-16000
067480,可成元大01購07  ,0,0,0,0,0,0,0,0,0,-16000,0,0,0,0,16000,-16000,-16000
067586,奇鋐群益01購02  ,0,0,0,0,0,0,0,0,0,-16000,0,0,0,0,16000,-16000,-16000
067090,南六元大01購04  ,0,0,0,0,0,0,0,0,0,-16000,0,0,0,110000,126000,-16000,-16000
067792,GIS群益02購02   ,0,0,0,0,0,0,0,0,0,-16000,0,0,0,113000,129000,-16000,-16000
067770,台積電統一03購03,0,0,0,0,0,0,0,0,0,-16000,0,0,0,22000,38000,-16000,-16000
058157,華通台新99購01  ,0,0,0,0,0,0,0,0,0,-16000,0,0,0,5000,21000,-16000,-16000
057796,鴻海兆豐99購03  ,0,0,0,0,0,0,0,0,0,-16000,0,0,0,10000,26000,-16000,-16000
057961,茂林元大9A購01  ,0,0,0,0,0,0,0,0,0,-16000,0,0,0,129000,145000,-16000,-16000
03033P,微星國票03售01  ,0,0,0,0,0,0,0,0,0,-16000,0,0,0,45000,61000,-16000,-16000
057575,世紀鋼永豐98購02,0,0,0,0,0,0,0,0,0,-16000,0,0,0,5000,21000,-16000,-16000
058344,旺宏群益99購05  ,0,0,0,0,0,0,0,0,0,-16000,0,0,0,0,16000,-16000,-16000
059538,健策凱基99購03  ,0,0,0,0,0,0,0,0,0,-16000,0,0,0,13000,29000,-16000,-16000
063533,緯穎凱基9B購06  ,0,0,0,0,0,0,0,0,0,-16000,0,0,0,0,16000,-16000,-16000
060390,聯鈞群益9A購01  ,0,0,0,0,0,0,0,0,0,-16000,0,0,0,1000,17000,-16000,-16000
059112,上銀永豐99購01  ,0,0,0,0,0,0,0,0,0,-16000,0,0,0,0,16000,-16000,-16000
063190,聯茂凱基9B購01  ,0,0,0,0,0,0,0,0,0,-16000,0,0,0,10000,26000,-16000,-16000
063402,GIS群益9B購02   ,0,0,0,0,0,0,0,0,0,-16000,0,0,0,0,16000,-16000,-16000
060980,台積電元大9A購21,0,0,0,0,0,0,0,0,0,-16000,0,0,0,4000,20000,-16000,-16000
063917,南六凱基02購01  ,0,0,0,0,0,0,0,0,0,-16000,0,0,0,46000,62000,-16000,-16000
060633,玉晶光富邦02購01,0,0,0,0,0,0,0,0,0,-16000,0,0,0,0,16000,-16000,-16000
064086,旺宏凱基9C購01  ,0,0,0,0,0,0,0,0,0,-16000,0,0,0,0,16000,-16000,-16000
065130,奇鋐兆豐9C購01  ,0,0,0,0,0,0,0,0,0,-16000,0,0,0,0,16000,-16000,-16000
064581,葡萄王永豐9C購01,0,0,0,0,0,0,0,0,0,-16000,0,0,0,0,16000,-16000,-16000
066739,揚明光元大01購01,0,0,0,0,0,0,0,0,0,-16000,0,0,0,0,16000,-16000,-16000
066238,聯鈞富邦03購01  ,0,0,0,0,0,0,0,0,0,-16000,0,0,0,89000,105000,-16000,-16000
066179,智伸科凱基01購01,0,0,0,0,0,0,0,0,0,-16000,0,0,0,20000,36000,-16000,-16000
8429,金麗-KY         ,55000,71000,-16000,0,0,0,0,0,0,0,0,0,0,0,0,0,-16000
8411,福貞-KY         ,2000,18000,-16000,0,0,0,0,0,0,0,0,0,0,0,0,0,-16000
8341,日友            ,31000,39000,-8000,0,0,0,0,0,0,-8000,0,8000,-8000,0,0,0,-16000
6281,全國電          ,3000,13000,-10000,0,0,0,0,0,0,-6000,4000,10000,-6000,0,0,0,-16000
9918,欣天然          ,2000,3000,-1000,0,0,0,0,0,0,-15000,0,15000,-15000,0,0,0,-16000
3044,健鼎            ,1267100,1235532,31568,0,0,0,81000,0,81000,-129000,10000,71000,-61000,45000,113000,-68000,-16432
067674,可成元大01購08  ,0,0,0,0,0,0,0,0,0,-17000,0,0,0,0,17000,-17000,-17000
067968,大立光群益01購10,0,0,0,0,0,0,0,0,0,-17000,0,0,0,0,17000,-17000,-17000
068177,台積電群益02購04,0,0,0,0,0,0,0,0,0,-17000,0,0,0,4000,21000,-17000,-17000
067184,聯發科凱基01購13,0,0,0,0,0,0,0,0,0,-17000,0,0,0,0,17000,-17000,-17000
07342P,大立光凱基99售14,0,0,0,0,0,0,0,0,0,-17000,0,0,0,0,17000,-17000,-17000
07531P,大立光國泰9B售03,0,0,0,0,0,0,0,0,0,-17000,0,0,0,0,17000,-17000,-17000
068343,台積電麥證01購12,0,0,0,0,17000,-17000,0,0,0,-17000,0,0,0,0,17000,-17000,-17000
08278P,玉晶光元富9C售02,0,0,0,0,0,0,0,0,0,-17000,0,0,0,33000,50000,-17000,-17000
08629P,緯創凱基9C售02  ,0,0,0,0,0,0,0,0,0,-17000,0,0,0,10000,27000,-17000,-17000
060315,易華電永豐9A購01,0,0,0,0,0,0,0,0,0,-17000,0,0,0,0,17000,-17000,-17000
059956,玉山金康和99購01,0,0,0,0,0,0,0,0,0,-17000,0,0,0,156000,173000,-17000,-17000
058608,華新科元大99購13,0,0,0,0,0,0,0,0,0,-17000,0,0,0,0,17000,-17000,-17000
060264,華新科國票9A購02,0,0,0,0,0,0,0,0,0,-17000,0,0,0,0,17000,-17000,-17000
059456,智易永豐99購01  ,0,0,0,0,0,0,0,0,0,-17000,0,0,0,0,17000,-17000,-17000
05756P,臺股指中信99售05,0,0,0,0,0,0,0,0,0,-17000,0,0,0,0,17000,-17000,-17000
03011P,臺股指富邦01售01,0,0,0,0,0,0,0,0,0,-17000,0,0,0,10000,27000,-17000,-17000
058242,玉晶光元大9A購01,0,0,0,0,0,0,0,0,0,-17000,0,0,0,5000,22000,-17000,-17000
056357,台積電元大9A購01,0,0,0,0,0,0,0,0,0,-17000,0,0,0,2000,19000,-17000,-17000
064187,亞光永豐9C購01  ,0,0,0,0,0,0,0,0,0,-17000,0,0,0,12000,29000,-17000,-17000
064296,奇鋐國票01購01  ,0,0,0,0,0,0,0,0,0,-17000,0,0,0,0,17000,-17000,-17000
064285,貿聯元大9C購02  ,0,0,0,0,0,0,0,0,0,-17000,0,0,0,0,17000,-17000,-17000
063929,高鐵統一02購01  ,0,0,0,0,0,0,0,0,0,-17000,0,0,0,0,17000,-17000,-17000
063950,信邦元大9C購01  ,0,0,0,0,0,0,0,0,0,-17000,0,0,0,48000,65000,-17000,-17000
061047,大立光第一9A購01,0,0,0,0,0,0,0,0,0,-17000,0,0,0,1000,18000,-17000,-17000
060815,茂林凱基9B購01  ,0,0,0,0,0,0,0,0,0,-17000,0,0,0,0,17000,-17000,-17000
061150,國巨群益9A購09  ,0,0,0,0,0,0,0,0,0,-17000,0,0,0,83000,100000,-17000,-17000
061397,上銀台新9A購01  ,0,0,0,0,0,0,0,0,0,-17000,0,0,0,0,17000,-17000,-17000
061735,上銀凱基9B購01  ,0,0,0,0,0,0,0,0,0,-17000,0,0,0,0,17000,-17000,-17000
061525,華新科凱基9A購13,0,0,0,0,0,0,0,0,0,-17000,0,0,0,33000,50000,-17000,-17000
062344,力山群益9B購02  ,0,0,0,0,0,0,0,0,0,-17000,0,0,0,0,17000,-17000,-17000
063293,億豐元大9B購01  ,0,0,0,0,0,0,0,0,0,-17000,0,0,0,0,17000,-17000,-17000
063286,嘉澤元大9B購04  ,0,0,0,0,0,0,0,0,0,-17000,0,0,0,61000,78000,-17000,-17000
061892,亞德客永豐9B購01,0,0,0,0,0,0,0,0,0,-17000,0,0,0,114000,131000,-17000,-17000
066184,鎧勝凱基01購01  ,0,0,0,0,0,0,0,0,0,-17000,0,0,0,9000,26000,-17000,-17000
065822,緯創台新9C購01  ,0,0,0,0,0,0,0,0,0,-17000,0,0,0,8000,25000,-17000,-17000
066380,瑞昱康和01購02  ,0,0,0,0,0,0,0,0,0,-17000,0,0,0,5000,22000,-17000,-17000
066419,聯發科元大01購11,0,0,0,0,0,0,0,0,0,-17000,0,0,0,2000,19000,-17000,-17000
066460,智原統一03購01  ,0,0,0,0,0,0,0,0,0,-17000,0,0,0,3000,20000,-17000,-17000
064434,微星凱基02購01  ,0,0,0,0,0,0,0,0,0,-17000,0,0,0,60000,77000,-17000,-17000
064742,奇鋐國票01購02  ,0,0,0,0,0,0,0,0,0,-17000,0,0,0,0,17000,-17000,-17000
065063,玉晶光群益02購04,0,0,0,0,0,0,0,0,0,-17000,0,0,0,10000,27000,-17000,-17000
065418,緯創國票01購01  ,0,0,0,0,0,0,0,0,0,-17000,0,0,0,0,17000,-17000,-17000
065718,健策中信9C購02  ,0,0,0,0,0,0,0,0,0,-17000,0,0,0,20000,37000,-17000,-17000
911608,明輝-DR         ,0,17000,-17000,0,0,0,0,0,0,0,0,0,0,0,0,0,-17000
4766,南寶            ,8000,19000,-11000,0,0,0,0,0,0,-6000,0,6000,-6000,0,0,0,-17000
08807P,可成元富07售02  ,0,0,0,0,0,0,0,0,0,-17000,0,0,0,0,17000,-17000,-17000
08976P,臺股指群益01售10,0,0,0,0,0,0,0,0,0,-17000,0,0,0,72000,89000,-17000,-17000
2340,光磊            ,253000,195000,58000,0,0,0,0,0,0,-75000,24000,96000,-72000,0,3000,-3000,-17000
1522,堤維西          ,48000,65000,-17000,0,0,0,0,0,0,0,0,0,0,0,0,0,-17000
08635P,大成鋼國票01售01,0,0,0,0,0,0,0,0,0,-18000,0,0,0,22000,40000,-18000,-18000
08244P,同欣電凱基9C售03,0,0,0,0,0,0,0,0,0,-18000,0,0,0,0,18000,-18000,-18000
08309P,GIS凱基9C售01   ,0,0,0,0,0,0,0,0,0,-18000,0,0,0,70000,88000,-18000,-18000
08197P,聯發科元大9B售24,0,0,0,0,0,0,0,0,0,-18000,0,0,0,2000,20000,-18000,-18000
06878P,台灣50日盛9B售01,0,0,0,0,0,0,0,0,0,-18000,0,0,0,0,18000,-18000,-18000
067124,華擎富邦03購01  ,0,0,0,0,0,0,0,0,0,-18000,0,0,0,0,18000,-18000,-18000
067062,神隆元大01購02  ,0,0,0,0,0,0,0,0,0,-18000,0,0,0,100000,118000,-18000,-18000
067583,金像電群益01購05,0,0,0,0,0,0,0,0,0,-18000,0,0,0,23000,41000,-18000,-18000
06789P,鴻海凱基98售12  ,0,0,0,0,0,0,0,0,0,-18000,0,0,0,22000,40000,-18000,-18000
057605,旺宏統一99購03  ,0,0,0,0,0,0,0,0,0,-18000,0,0,0,0,18000,-18000,-18000
057609,友訊元富98購01  ,0,0,0,0,0,0,0,0,0,-18000,0,0,0,2000,20000,-18000,-18000
03045P,台表科國票03售01,0,0,0,0,0,0,0,0,0,-18000,0,0,0,38000,56000,-18000,-18000
03133P,聯電中信01售02  ,0,0,0,0,0,0,0,0,0,-18000,0,0,0,0,18000,-18000,-18000
060342,台積電統一02購01,0,0,0,0,0,0,0,0,0,-18000,0,0,0,10000,28000,-18000,-18000
063552,晶技國票9B購03  ,0,0,0,0,0,0,0,0,0,-18000,0,0,0,0,18000,-18000,-18000
060248,日月光元大9A購01,0,0,0,0,0,0,0,0,0,-18000,0,0,0,0,18000,-18000,-18000
060303,宏達電富邦9B購01,0,0,0,0,0,0,0,0,0,-18000,0,0,0,0,18000,-18000,-18000
058727,嘉晶富邦9A購01  ,0,0,0,0,0,0,0,0,0,-18000,0,0,0,60000,78000,-18000,-18000
059968,世紀鋼凱基99購03,0,0,0,0,0,0,0,0,0,-18000,0,0,0,10000,28000,-18000,-18000
060020,康控康和99購01  ,0,0,0,0,0,0,0,0,0,-18000,0,0,0,0,18000,-18000,-18000
062660,神隆群益9B購02  ,0,0,0,0,0,0,0,0,0,-18000,0,0,0,0,18000,-18000,-18000
060792,信錦永豐9A購01  ,0,0,0,0,0,0,0,0,0,-18000,0,0,0,0,18000,-18000,-18000
063186,聯發科凱基9C購04,0,0,0,0,0,0,0,0,0,-18000,0,0,0,0,18000,-18000,-18000
063249,祥碩元大9B購06  ,0,0,0,0,0,0,0,0,0,-18000,0,0,0,2000,20000,-18000,-18000
063069,道瓊銀富邦05購01,0,0,0,0,0,0,0,0,0,-18000,0,0,0,10000,28000,-18000,-18000
061607,台表科凱基9B購02,0,0,0,0,0,0,0,0,0,-18000,0,0,0,12000,30000,-18000,-18000
063958,瑞祺元大9C購01  ,0,0,0,0,0,0,0,0,0,-18000,0,0,0,16000,34000,-18000,-18000
063916,瀚宇博凱基01購01,0,0,0,0,0,0,0,0,0,-18000,0,0,0,10000,28000,-18000,-18000
063968,新光金國票01購01,0,0,0,0,0,0,0,0,0,-18000,0,0,0,29000,47000,-18000,-18000
064203,康控兆豐9C購02  ,0,0,0,0,0,0,0,0,0,-18000,0,0,0,0,18000,-18000,-18000
064220,力山國票01購01  ,0,0,0,0,0,0,0,0,0,-18000,0,0,0,1000,19000,-18000,-18000
065623,瑞昱中信04購01  ,0,0,0,0,0,0,0,0,0,-18000,0,0,0,22000,40000,-18000,-18000
065188,玉晶光統一02購01,0,0,0,0,0,0,0,0,0,-18000,0,0,0,20000,38000,-18000,-18000
065303,國泰金元富9C購01,0,0,0,0,0,0,0,0,0,-18000,0,0,0,28000,46000,-18000,-18000
064899,大立光群益9C購06,0,0,0,0,0,0,0,0,0,-18000,0,0,0,0,18000,-18000,-18000
066672,瑞祺凱基03購01  ,0,0,0,0,0,0,0,0,0,-18000,0,0,0,14000,32000,-18000,-18000
066312,川湖永豐01購01  ,0,0,0,0,0,0,0,0,0,-18000,0,0,0,0,18000,-18000,-18000
067936,泰碩凱基01購02  ,0,0,0,0,0,0,0,0,0,-19000,0,0,0,20000,39000,-19000,-19000
067396,欣興永豐01購02  ,0,0,0,0,0,0,0,0,0,-19000,0,0,0,10000,29000,-19000,-19000
066977,鴻海群益02購01  ,0,0,0,0,0,0,0,0,0,-19000,0,0,0,141000,160000,-19000,-19000
068487,台積電元大01購46,0,0,0,0,0,0,0,0,0,-19000,0,0,0,0,19000,-19000,-19000
068323,台積電元大01購42,0,0,0,0,0,0,0,0,0,-19000,0,0,0,0,19000,-19000,-19000
08234P,華擎元富9B售03  ,0,0,0,0,0,0,0,0,0,-19000,0,0,0,152000,171000,-19000,-19000
060194,旭富元富9A購01  ,0,0,0,0,0,0,0,0,0,-19000,0,0,0,141000,160000,-19000,-19000
060233,宏碁元大9A購01  ,0,0,0,0,0,0,0,0,0,-19000,0,0,0,15000,34000,-19000,-19000
059174,訊芯凱基99購01  ,0,0,0,0,0,0,0,0,0,-19000,0,0,0,0,19000,-19000,-19000
063571,TPK元大9B購03   ,0,0,0,0,0,0,0,0,0,-19000,0,0,0,42000,61000,-19000,-19000
058455,玉晶光永豐99購03,0,0,0,0,0,0,0,0,0,-19000,0,0,0,15000,34000,-19000,-19000
03138P,台灣50凱基04售12,0,0,0,0,0,0,0,0,0,-19000,0,0,0,0,19000,-19000,-19000
03056P,台灣50兆豐03售02,0,0,0,0,0,0,0,0,0,-19000,0,0,0,56000,75000,-19000,-19000
064091,台郡凱基01購01  ,0,0,0,0,0,0,0,0,0,-19000,0,0,0,81000,100000,-19000,-19000
061308,元金2X中信9A購01,0,0,0,0,0,0,0,0,0,-19000,0,0,0,1000,20000,-19000,-19000
061437,燿華凱基9A購01  ,0,0,0,0,0,0,0,0,0,-19000,0,0,0,50000,69000,-19000,-19000
060967,鈺齊凱基9A購02  ,0,0,0,0,0,0,0,0,0,-19000,0,0,0,0,19000,-19000,-19000
063086,祥碩凱基9C購01  ,0,0,0,0,0,0,0,0,0,-19000,0,0,0,19000,38000,-19000,-19000
062150,南六國票9B購01  ,0,0,0,0,0,0,0,0,0,-19000,0,0,0,0,19000,-19000,-19000
062760,漢唐凱基9B購01  ,0,0,0,0,0,0,0,0,0,-19000,0,0,0,1000,20000,-19000,-19000
065810,台表科群益9C購05,0,0,0,0,0,0,0,0,0,-19000,0,0,0,0,19000,-19000,-19000
065916,聯發科凱基01購10,0,0,0,0,0,0,0,0,0,-19000,0,0,0,0,19000,-19000,-19000
066597,緯穎群益02購01  ,0,0,0,0,0,0,0,0,0,-19000,0,0,0,14000,33000,-19000,-19000
066484,瑞昱元富07購01  ,0,0,0,0,0,0,0,0,0,-19000,0,0,0,20000,39000,-19000,-19000
064866,義隆永豐9C購02  ,0,0,0,0,0,0,0,0,0,-19000,0,0,0,32000,51000,-19000,-19000
064977,玉晶光元大01購03,0,0,0,0,0,0,0,0,0,-19000,0,0,0,362000,381000,-19000,-19000
065509,上銀群益9C購04  ,0,0,0,0,0,0,0,0,0,-19000,0,0,0,25000,44000,-19000,-19000
2395,研華            ,525000,498793,26207,0,0,0,0,1000,-1000,-44999,0,45000,-45000,1,0,1,-19792
08304P,大立光中信02售01,0,0,0,0,0,0,0,0,0,-20000,0,0,0,10000,30000,-20000,-20000
08279P,南電元富9C售02  ,0,0,0,0,0,0,0,0,0,-20000,0,0,0,0,20000,-20000,-20000
08143P,聯發科凱基9C售05,0,0,0,0,0,0,0,0,0,-20000,0,0,0,0,20000,-20000,-20000
07987P,大立光統一9B售13,0,0,0,0,0,0,0,0,0,-20000,0,0,0,0,20000,-20000,-20000
08007P,國泰金中信03售02,0,0,0,0,0,0,0,0,0,-20000,0,0,0,0,20000,-20000,-20000
08412P,群創凱基01售03  ,0,0,0,0,0,0,0,0,0,-20000,0,0,0,0,20000,-20000,-20000
08397P,國巨元富9C售04  ,0,0,0,0,0,0,0,0,0,-20000,0,0,0,0,20000,-20000,-20000
068507,緯穎元大01購08  ,0,0,0,0,0,0,0,0,0,-20000,0,0,0,0,20000,-20000,-20000
068450,台積電國票01購10,0,0,0,0,0,0,0,0,0,-20000,0,0,0,17000,37000,-20000,-20000
068467,台灣50群益01購15,0,0,0,0,0,0,0,0,0,-20000,0,0,0,0,20000,-20000,-20000
07030P,鈺齊群益99售01  ,0,0,0,0,0,0,0,0,0,-20000,0,0,0,0,20000,-20000,-20000
07014P,華通元大99售04  ,0,0,0,0,0,0,0,0,0,-20000,0,0,0,0,20000,-20000,-20000
07546P,玉晶光凱基9A售09,0,0,0,0,0,0,0,0,0,-20000,0,0,0,0,20000,-20000,-20000
07630P,臺股指凱基9A售11,0,0,0,0,0,0,0,0,0,-20000,0,0,0,0,20000,-20000,-20000
07594P,大立光永豐9A售01,0,0,0,0,0,0,0,0,0,-20000,0,0,0,0,20000,-20000,-20000
07170P,臺股指國票99售07,0,0,0,0,0,0,0,0,0,-20000,0,0,0,0,20000,-20000,-20000
07773P,台灣50群益9A售15,0,0,0,0,0,0,0,0,0,-20000,0,0,0,0,20000,-20000,-20000
07760P,力山永豐9A售03  ,0,0,0,0,0,0,0,0,0,-20000,0,0,0,0,20000,-20000,-20000
07887P,台積電國票9C售03,0,0,0,0,0,0,0,0,0,-20000,0,0,0,30000,50000,-20000,-20000
067017,樺漢富邦04購01  ,0,0,0,0,0,0,0,0,0,-20000,0,0,0,0,20000,-20000,-20000
067298,台積電元大02購04,0,0,0,0,0,0,0,0,0,-20000,0,0,0,178000,198000,-20000,-20000
067337,欣興凱基01購01  ,0,0,0,0,0,0,0,0,0,-20000,0,0,0,325000,345000,-20000,-20000
067322,達方元大01購01  ,0,0,0,0,0,0,0,0,0,-20000,0,0,0,0,20000,-20000,-20000
067576,元金反群益04購01,0,0,0,0,0,0,0,0,0,-20000,0,0,0,15000,35000,-20000,-20000
067455,T50反1國泰03購01,0,0,0,0,0,0,0,0,0,-20000,0,0,0,0,20000,-20000,-20000
068028,國巨元富07購12  ,0,0,0,0,0,0,0,0,0,-20000,0,0,0,65000,85000,-20000,-20000
067976,訊連群益01購01  ,0,0,0,0,0,0,0,0,0,-20000,0,0,0,0,20000,-20000,-20000
068161,智易元大01購02  ,0,0,0,0,0,0,0,0,0,-20000,0,0,0,0,20000,-20000,-20000
067829,鎧勝兆豐03購01  ,0,0,0,0,0,0,0,0,0,-20000,0,0,0,45000,65000,-20000,-20000
067823,台表科凱基01購02,0,0,0,0,0,0,0,0,0,-20000,0,0,0,0,20000,-20000,-20000
067824,鈺齊凱基01購02  ,0,0,0,0,0,0,0,0,0,-20000,0,0,0,10000,30000,-20000,-20000
03051P,玉晶光統一01售14,0,0,0,0,0,0,0,0,0,-20000,0,0,0,1000,21000,-20000,-20000
03035X,元展32          ,0,0,0,0,0,0,0,0,0,-20000,0,0,0,0,20000,-20000,-20000
03074P,大立光國泰03售05,0,0,0,0,0,0,0,0,0,-20000,0,0,0,10000,30000,-20000,-20000
057494,玉晶光元大99購09,0,0,0,0,0,0,0,0,0,-20000,0,0,0,9000,29000,-20000,-20000
057674,台郡元大99購03  ,0,0,0,0,0,0,0,0,0,-20000,0,0,0,0,20000,-20000,-20000
057363,華通元大99購02  ,0,0,0,0,0,0,0,0,0,-20000,0,0,0,10000,30000,-20000,-20000
03010P,國巨國泰03售01  ,0,0,0,0,0,0,0,0,0,-20000,0,0,0,92000,112000,-20000,-20000
03012X,元展12          ,0,0,0,0,0,0,0,0,0,-20000,0,0,0,0,20000,-20000,-20000
03017X,元展17          ,0,0,0,0,0,0,0,0,0,-20000,0,0,0,0,20000,-20000,-20000
053609,華新中信9A購01  ,0,0,0,0,0,0,0,0,0,-20000,0,0,0,0,20000,-20000,-20000
053317,友達群益9A購02  ,0,0,0,0,0,0,0,0,0,-20000,0,0,0,0,20000,-20000,-20000
053291,旺宏中信9A購01  ,0,0,0,0,0,0,0,0,0,-20000,0,0,0,0,20000,-20000,-20000
051849,旺宏中信98購01  ,0,0,0,0,0,0,0,0,0,-20000,0,0,0,0,20000,-20000,-20000
052950,超眾國票98購01  ,0,0,0,0,0,0,0,0,0,-20000,0,0,0,0,20000,-20000,-20000
056382,道瓊反國泰9A購01,0,0,0,0,0,0,0,0,0,-20000,0,0,0,50000,70000,-20000,-20000
056290,正文永豐98購01  ,0,0,0,0,0,0,0,0,0,-20000,0,0,0,0,20000,-20000,-20000
056428,台達電凱基99購01,0,0,0,0,0,0,0,0,0,-20000,0,0,0,20000,40000,-20000,-20000
056607,貿聯富邦99購02  ,0,0,0,0,0,0,0,0,0,-20000,0,0,0,0,20000,-20000,-20000
056735,國巨凱基99購02  ,0,0,0,0,0,0,0,0,0,-20000,0,0,0,0,20000,-20000,-20000
056851,瑞儀元富98購01  ,0,0,0,0,0,0,0,0,0,-20000,0,0,0,0,20000,-20000,-20000
055215,智邦凱基98購02  ,0,0,0,0,0,0,0,0,0,-20000,0,0,0,0,20000,-20000,-20000
054301,楠梓電凱基98購01,0,0,0,0,0,0,0,0,0,-20000,0,0,0,0,20000,-20000,-20000
055080,正崴中信99購01  ,0,0,0,0,0,0,0,0,0,-20000,0,0,0,0,20000,-20000,-20000
057377,康控元大99購02  ,0,0,0,0,0,0,0,0,0,-20000,0,0,0,0,20000,-20000,-20000
054158,國巨日盛99購01  ,0,0,0,0,0,0,0,0,0,-20000,0,0,0,0,20000,-20000,-20000
055899,群創中信99購01  ,0,0,0,0,0,0,0,0,0,-20000,0,0,0,0,20000,-20000,-20000
055411,國巨富邦9A購02  ,0,0,0,0,0,0,0,0,0,-20000,0,0,0,0,20000,-20000,-20000
058203,信邦凱基99購01  ,0,0,0,0,0,0,0,0,0,-20000,0,0,0,0,20000,-20000,-20000
058170,國巨凱基9A購06  ,0,0,0,0,0,0,0,0,0,-20000,0,0,0,0,20000,-20000,-20000
057725,台達電國泰9A購01,0,0,0,0,0,0,0,0,0,-20000,0,0,0,0,20000,-20000,-20000
055030,帆宣國泰99購02  ,0,0,0,0,0,0,0,0,0,-20000,0,0,0,0,20000,-20000,-20000
058134,信邦元大99購01  ,0,0,0,0,0,0,0,0,0,-20000,0,0,0,0,20000,-20000,-20000
058122,美律國票9A購01  ,0,0,0,0,0,0,0,0,0,-20000,0,0,0,0,20000,-20000,-20000
057791,可成統一99購01  ,0,0,0,0,0,0,0,0,0,-20000,0,0,0,30000,50000,-20000,-20000
058485,智邦國票9A購01  ,0,0,0,0,0,0,0,0,0,-20000,0,0,0,1000,21000,-20000,-20000
059642,健策凱基99購04  ,0,0,0,0,0,0,0,0,0,-20000,0,0,0,10000,30000,-20000,-20000
058397,大成鋼元大99購02,0,0,0,0,0,0,0,0,0,-20000,0,0,0,0,20000,-20000,-20000
058434,旺宏統一9B購01  ,0,0,0,0,0,0,0,0,0,-20000,0,0,0,0,20000,-20000,-20000
059351,台虹凱基99購01  ,0,0,0,0,0,0,0,0,0,-20000,0,0,0,0,20000,-20000,-20000
058567,華新科凱基9A購02,0,0,0,0,0,0,0,0,0,-20000,0,0,0,0,20000,-20000,-20000
063566,台光電元大9B購08,0,0,0,0,0,0,0,0,0,-20000,0,0,0,58000,78000,-20000,-20000
063563,國巨元大9C購07  ,0,0,0,0,0,0,0,0,0,-20000,0,0,0,21000,41000,-20000,-20000
063522,技嘉凱基9B購03  ,0,0,0,0,0,0,0,0,0,-20000,0,0,0,8000,28000,-20000,-20000
063678,友達國泰9C購01  ,0,0,0,0,0,0,0,0,0,-20000,0,0,0,10000,30000,-20000,-20000
063696,T50反1群益9B購03,0,0,0,0,0,0,0,0,0,-20000,0,0,0,0,20000,-20000,-20000
063719,T50反1元大9B購11,0,0,0,0,0,0,0,0,0,-20000,0,0,0,0,20000,-20000,-20000
063727,鴻海元大9C購05  ,0,0,0,0,0,0,0,0,0,-20000,0,0,0,0,20000,-20000,-20000
059733,緯穎元大99購08  ,0,0,0,0,0,0,0,0,0,-20000,0,0,0,0,20000,-20000,-20000
059826,欣興凱基99購06  ,0,0,0,0,0,0,0,0,0,-20000,0,0,0,0,20000,-20000,-20000
060228,亞德客元大9A購01,0,0,0,0,0,0,0,0,0,-20000,0,0,0,0,20000,-20000,-20000
060225,S&P反1元大9A購02,0,0,0,0,0,0,0,0,0,-20000,0,0,0,0,20000,-20000,-20000
060172,智原台新9A購01  ,0,0,0,0,0,0,0,0,0,-20000,0,0,0,0,20000,-20000,-20000
059991,超眾元大9A購02  ,0,0,0,0,0,0,0,0,0,-20000,0,0,0,0,20000,-20000,-20000
058720,旭富元富99購01  ,0,0,0,0,0,0,0,0,0,-20000,0,0,0,40000,60000,-20000,-20000
058788,喬山元大99購01  ,0,0,0,0,0,0,0,0,0,-20000,0,0,0,0,20000,-20000,-20000
058652,SGBR2X中信01購01,0,0,0,0,0,0,0,0,0,-20000,0,0,0,0,20000,-20000,-20000
060276,S&P反1元大9A購03,0,0,0,0,0,0,0,0,0,-20000,0,0,0,0,20000,-20000,-20000
058879,智邦富邦99購01  ,0,0,0,0,0,0,0,0,0,-20000,0,0,0,0,20000,-20000,-20000
058522,聯茂元大99購07  ,0,0,0,0,0,0,0,0,0,-20000,0,0,0,97000,117000,-20000,-20000
05894P,友達群益98售02  ,0,0,0,0,0,0,0,0,0,-20000,0,0,0,0,20000,-20000,-20000
062766,台郡凱基9B購02  ,0,0,0,0,0,0,0,0,0,-20000,0,0,0,0,20000,-20000,-20000
062700,台光電元大9B購05,0,0,0,0,0,0,0,0,0,-20000,0,0,0,0,20000,-20000,-20000
062704,大毅元大9C購01  ,0,0,0,0,0,0,0,0,0,-20000,0,0,0,0,20000,-20000,-20000
062718,技嘉凱基9B購01  ,0,0,0,0,0,0,0,0,0,-20000,0,0,0,26000,46000,-20000,-20000
062669,微星中信03購01  ,0,0,0,0,0,0,0,0,0,-20000,0,0,0,0,20000,-20000,-20000
061897,泰碩永豐9B購01  ,0,0,0,0,0,0,0,0,0,-20000,0,0,0,0,20000,-20000,-20000
062966,元金2X元富9B購02,0,0,0,0,0,0,0,0,0,-20000,0,0,0,0,20000,-20000,-20000
062816,華新科兆豐9B購01,0,0,0,0,0,0,0,0,0,-20000,0,0,0,0,20000,-20000,-20000
062466,FBVIX凱基9B購01 ,0,0,0,0,0,0,0,0,0,-20000,0,0,0,0,20000,-20000,-20000
062481,同欣電國票9B購01,0,0,0,0,0,0,0,0,0,-20000,0,0,0,0,20000,-20000,-20000
063283,華新科元大9C購03,0,0,0,0,0,0,0,0,0,-20000,0,0,0,50000,70000,-20000,-20000
062148,奇鋐國票9B購01  ,0,0,0,0,0,0,0,0,0,-20000,0,0,0,0,20000,-20000,-20000
062113,瑞祺國票9B購01  ,0,0,0,0,0,0,0,0,0,-20000,0,0,0,0,20000,-20000,-20000
062200,臺指反國票03購01,0,0,0,0,0,0,0,0,0,-20000,0,0,0,0,20000,-20000,-20000
062237,緯創凱基9B購01  ,0,0,0,0,0,0,0,0,0,-20000,0,0,0,4000,24000,-20000,-20000
062249,台積電元大9B購01,0,0,0,0,0,0,0,0,0,-20000,0,0,0,3000,23000,-20000,-20000
062321,力成台新9B購01  ,0,0,0,0,0,0,0,0,0,-20000,0,0,0,8000,28000,-20000,-20000
062390,元黃金富邦9C購01,0,0,0,0,0,0,0,0,0,-20000,0,0,0,0,20000,-20000,-20000
062441,華新科元大9C購01,0,0,0,0,0,0,0,0,0,-20000,0,0,0,31000,51000,-20000,-20000
061207,美律元大9A購04  ,0,0,0,0,0,0,0,0,0,-20000,0,0,0,0,20000,-20000,-20000
063756,鴻海統一9B購09  ,0,0,0,0,0,0,0,0,0,-20000,0,0,0,0,20000,-20000,-20000
061997,台郡元大9B購03  ,0,0,0,0,0,0,0,0,0,-20000,0,0,0,0,20000,-20000,-20000
062035,瑞祺群益9B購01  ,0,0,0,0,0,0,0,0,0,-20000,0,0,0,0,20000,-20000,-20000
062026,華邦電群益9B購01,0,0,0,0,0,0,0,0,0,-20000,0,0,0,0,20000,-20000,-20000
062032,崇越群益9B購01  ,0,0,0,0,0,0,0,0,0,-20000,0,0,0,0,20000,-20000,-20000
063036,聯發科凱基9B購11,0,0,0,0,0,0,0,0,0,-20000,0,0,0,0,20000,-20000,-20000
063058,A50正2元富02購01,0,0,0,0,0,0,0,0,0,-20000,0,0,0,15000,35000,-20000,-20000
063463,瑞昱元大9B購05  ,0,0,0,0,0,0,0,0,0,-20000,0,0,0,7000,27000,-20000,-20000
063423,聯詠凱基9C購02  ,0,0,0,0,0,0,0,0,0,-20000,0,0,0,3000,23000,-20000,-20000
060932,南六永豐9A購02  ,0,0,0,0,0,0,0,0,0,-20000,0,0,0,17000,37000,-20000,-20000
061053,國巨群益9A購08  ,0,0,0,0,0,0,0,0,0,-20000,0,0,0,0,20000,-20000,-20000
060898,世芯凱基9A購03  ,0,0,0,0,0,0,0,0,0,-20000,0,0,0,0,20000,-20000,-20000
060554,中租凱基9A購01  ,0,0,0,0,0,0,0,0,0,-20000,0,0,0,0,20000,-20000,-20000
060513,緯穎元大9B購01  ,0,0,0,0,0,0,0,0,0,-20000,0,0,0,10000,30000,-20000,-20000
061614,亞德客群益9A購01,0,0,0,0,0,0,0,0,0,-20000,0,0,0,0,20000,-20000,-20000
061476,大毅元大9A購02  ,0,0,0,0,0,0,0,0,0,-20000,0,0,0,0,20000,-20000,-20000
061721,道瓊反富邦9B購01,0,0,0,0,0,0,0,0,0,-20000,0,0,0,0,20000,-20000,-20000
063145,台表科統一02購01,0,0,0,0,0,0,0,0,0,-20000,0,0,0,10000,30000,-20000,-20000
060649,國巨第一9A購01  ,0,0,0,0,0,0,0,0,0,-20000,0,0,0,1000,21000,-20000,-20000
063884,台表科元富03購01,0,0,0,0,0,0,0,0,0,-20000,0,0,0,10000,30000,-20000,-20000
064184,矽格富邦02購01  ,0,0,0,0,0,0,0,0,0,-20000,0,0,0,0,20000,-20000,-20000
064218,南六凱基01購01  ,0,0,0,0,0,0,0,0,0,-20000,0,0,0,10000,30000,-20000,-20000
064199,南六群益01購01  ,0,0,0,0,0,0,0,0,0,-20000,0,0,0,0,20000,-20000,-20000
064247,廣達元富9C購01  ,0,0,0,0,0,0,0,0,0,-20000,0,0,0,49000,69000,-20000,-20000
064274,燿華元大9C購01  ,0,0,0,0,0,0,0,0,0,-20000,0,0,0,4000,24000,-20000,-20000
064266,聯茂永豐9C購01  ,0,0,0,0,0,0,0,0,0,-20000,0,0,0,4000,24000,-20000,-20000
064261,力山永豐9C購01  ,0,0,0,0,0,0,0,0,0,-20000,0,0,0,0,20000,-20000,-20000
064297,台郡國票01購01  ,0,0,0,0,0,0,0,0,0,-20000,0,0,0,50000,70000,-20000,-20000
065514,建準群益9C購01  ,0,0,0,0,0,0,0,0,0,-20000,0,0,0,0,20000,-20000,-20000
065492,台灣50富邦03購02,0,0,0,0,0,0,0,0,0,-20000,0,0,0,25000,45000,-20000,-20000
065397,宏達電群益9C購03,0,0,0,0,0,0,0,0,0,-20000,0,0,0,2000,22000,-20000,-20000
06564P,國巨富邦9A售04  ,0,0,0,0,0,0,0,0,0,-20000,0,0,0,0,20000,-20000,-20000
065246,旭富兆豐01購01  ,0,0,0,0,0,0,0,0,0,-20000,0,0,0,0,20000,-20000,-20000
065233,TPK凱基01購01   ,0,0,0,0,0,0,0,0,0,-20000,0,0,0,12000,32000,-20000,-20000
065228,南亞科凱基01購03,0,0,0,0,0,0,0,0,0,-20000,0,0,0,0,20000,-20000,-20000
065166,台達電元大9C購04,0,0,0,0,0,0,0,0,0,-20000,0,0,0,0,20000,-20000,-20000
065106,S&P反1國票9C購02,0,0,0,0,0,0,0,0,0,-20000,0,0,0,0,20000,-20000,-20000
065083,南亞科元大01購01,0,0,0,0,0,0,0,0,0,-20000,0,0,0,0,20000,-20000,-20000
064975,南亞科元大9C購07,0,0,0,0,0,0,0,0,0,-20000,0,0,0,0,20000,-20000,-20000
065001,中橡國票9C購01  ,0,0,0,0,0,0,0,0,0,-20000,0,0,0,0,20000,-20000,-20000
064902,健策群益01購03  ,0,0,0,0,0,0,0,0,0,-20000,0,0,0,33000,53000,-20000,-20000
064758,可成凱基02購02  ,0,0,0,0,0,0,0,0,0,-20000,0,0,0,0,20000,-20000,-20000
064771,貿聯中信01購01  ,0,0,0,0,0,0,0,0,0,-20000,0,0,0,1000,21000,-20000,-20000
064438,大立光凱基01購03,0,0,0,0,0,0,0,0,0,-20000,0,0,0,0,20000,-20000,-20000
064349,泰鼎元大9C購02  ,0,0,0,0,0,0,0,0,0,-20000,0,0,0,30000,50000,-20000,-20000
06435P,臺股指群益98售02,0,0,0,0,0,0,0,0,0,-20000,0,0,0,0,20000,-20000,-20000
064486,聚陽元大9C購01  ,0,0,0,0,0,0,0,0,0,-20000,0,0,0,0,20000,-20000,-20000
066464,台郡統一02購02  ,0,0,0,0,0,0,0,0,0,-20000,0,0,0,10000,30000,-20000,-20000
066390,鴻海凱基02購03  ,0,0,0,0,0,0,0,0,0,-20000,0,0,0,4000,24000,-20000,-20000
066595,敦泰群益01購01  ,0,0,0,0,0,0,0,0,0,-20000,0,0,0,0,20000,-20000,-20000
066671,TPK凱基02購02   ,0,0,0,0,0,0,0,0,0,-20000,0,0,0,12000,32000,-20000,-20000
066631,聯詠凱基03購01  ,0,0,0,0,0,0,0,0,0,-20000,0,0,0,42000,62000,-20000,-20000
066780,上証反中信04購01,0,0,0,0,0,0,0,0,0,-20000,0,0,0,0,20000,-20000,-20000
066897,京元電康和01購01,0,0,0,0,0,0,0,0,0,-20000,0,0,0,15000,35000,-20000,-20000
065975,緯創元大02購01  ,0,0,0,0,0,0,0,0,0,-20000,0,0,0,0,20000,-20000,-20000
065929,TPK國票02購01   ,0,0,0,0,0,0,0,0,0,-20000,0,0,0,0,20000,-20000,-20000
066031,力成群益01購01  ,0,0,0,0,0,0,0,0,0,-20000,0,0,0,0,20000,-20000,-20000
066220,矽格台新01購01  ,0,0,0,0,0,0,0,0,0,-20000,0,0,0,0,20000,-20000,-20000
066094,元黃金中信03購01,0,0,0,0,0,0,0,0,0,-20000,0,0,0,10000,30000,-20000,-20000
066114,瑞昱兆豐02購01  ,0,0,0,0,0,0,0,0,0,-20000,0,0,0,89000,109000,-20000,-20000
2332,友訊            ,2206000,2233000,-27000,0,0,0,0,0,0,7000,16000,50000,-34000,117000,76000,41000,-20000
067819,健策凱基01購03  ,0,0,0,0,0,0,0,0,0,-21000,0,0,0,15000,36000,-21000,-21000
067901,旭富群益01購04  ,0,0,0,0,0,0,0,0,0,-21000,0,0,0,89000,110000,-21000,-21000
07838P,泰碩元大9A售04  ,0,0,0,0,0,0,0,0,0,-21000,0,0,0,172000,193000,-21000,-21000
07841P,臻鼎元大9A售04  ,0,0,0,0,0,0,0,0,0,-21000,0,0,0,0,21000,-21000,-21000
07114P,旺宏兆豐9A售01  ,0,0,0,0,0,0,0,0,0,-21000,0,0,0,24000,45000,-21000,-21000
068458,玉晶光國票01購10,0,0,0,0,0,0,0,0,0,-21000,0,0,0,0,21000,-21000,-21000
068249,聯發科元大01購25,0,0,0,0,0,0,0,0,0,-21000,0,0,0,400000,421000,-21000,-21000
08396P,鴻海元富9C售04  ,0,0,0,0,0,0,0,0,0,-21000,0,0,0,0,21000,-21000,-21000
058688,矽創凱基9A購01  ,0,0,0,0,0,0,0,0,0,-21000,0,0,0,29000,50000,-21000,-21000
059912,國巨元大99購28  ,0,0,0,0,0,0,0,0,0,-21000,0,0,0,9000,30000,-21000,-21000
058569,健策凱基9A購01  ,0,0,0,0,0,0,0,0,0,-21000,0,0,0,25000,46000,-21000,-21000
059515,牧德永豐99購01  ,0,0,0,0,0,0,0,0,0,-21000,0,0,0,10000,31000,-21000,-21000
059262,致茂中信01購01  ,0,0,0,0,0,0,0,0,0,-21000,0,0,0,2000,23000,-21000,-21000
057878,台郡元大99購04  ,0,0,0,0,0,0,0,0,0,-21000,0,0,0,0,21000,-21000,-21000
055989,矽力元富9A購01  ,0,0,0,0,0,0,0,0,0,-21000,0,0,0,0,21000,-21000,-21000
057266,TPK兆豐98購02   ,0,0,0,0,0,0,0,0,0,-21000,0,0,0,0,21000,-21000,-21000
057267,康控兆豐99購01  ,0,0,0,0,0,0,0,0,0,-21000,0,0,0,0,21000,-21000,-21000
03150P,台積電群益03售01,0,0,0,0,0,0,0,0,0,-21000,0,0,0,0,21000,-21000,-21000
061353,康控元大9A購01  ,0,0,0,0,0,0,0,0,0,-21000,0,0,0,0,21000,-21000,-21000
061945,華通群益9B購04  ,0,0,0,0,0,0,0,0,0,-21000,0,0,0,0,21000,-21000,-21000
060567,華擎富邦9C購01  ,0,0,0,0,0,0,0,0,0,-21000,0,0,0,0,21000,-21000,-21000
063157,鴻海台新9B購02  ,0,0,0,0,0,0,0,0,0,-21000,0,0,0,0,21000,-21000,-21000
061717,力成凱基9B購01  ,0,0,0,0,0,0,0,0,0,-21000,0,0,0,143000,164000,-21000,-21000
061831,智邦凱基9B購02  ,0,0,0,0,0,0,0,0,0,-21000,0,0,0,0,21000,-21000,-21000
061520,健策中信9A購01  ,0,0,0,0,0,0,0,0,0,-21000,0,0,0,0,21000,-21000,-21000
063415,台積電凱基03購01,0,0,0,0,0,0,0,0,0,-21000,0,0,0,39000,60000,-21000,-21000
062191,台郡元大9B購05  ,0,0,0,0,0,0,0,0,0,-21000,0,0,0,0,21000,-21000,-21000
060682,牧德元大9A購03  ,0,0,0,0,0,0,0,0,0,-21000,0,0,0,0,21000,-21000,-21000
066097,英業達中信02購01,0,0,0,0,0,0,0,0,0,-21000,0,0,0,297000,318000,-21000,-21000
066163,友訊凱基01購01  ,0,0,0,0,0,0,0,0,0,-21000,0,0,0,46000,67000,-21000,-21000
065967,國巨元大01購07  ,0,0,0,0,0,0,0,0,0,-21000,0,0,0,34000,55000,-21000,-21000
066836,樺漢群益01購01  ,0,0,0,0,0,0,0,0,0,-21000,0,0,0,0,21000,-21000,-21000
066556,和鑫元大01購01  ,0,0,0,0,0,0,0,0,0,-21000,0,0,0,75000,96000,-21000,-21000
064390,台塑永豐9C購01  ,0,0,0,0,0,0,0,0,0,-21000,0,0,0,0,21000,-21000,-21000
064801,鴻海元大9C購13  ,0,0,0,0,0,0,0,0,0,-21000,0,0,0,0,21000,-21000,-21000
065197,景碩元富06購01  ,0,0,0,0,0,0,0,0,0,-21000,0,0,0,2000,23000,-21000,-21000
065325,亞光凱基9C購01  ,0,0,0,0,0,0,0,0,0,-21000,0,0,0,50000,71000,-21000,-21000
065562,同欣電麥證9C購04,0,0,0,0,21000,-21000,0,0,0,-21000,0,0,0,0,21000,-21000,-21000
08806P,技嘉元富07售02  ,0,0,0,0,0,0,0,0,0,-21000,0,0,0,0,21000,-21000,-21000
8215,明基材          ,208000,186000,22000,0,0,0,0,0,0,-43000,0,43000,-43000,0,0,0,-21000
6449,鈺邦            ,51000,65000,-14000,0,0,0,0,0,0,-7000,5000,12000,-7000,0,0,0,-21000
2887E,台新戊特        ,0,0,0,0,0,0,0,21000,-21000,0,0,0,0,0,0,0,-21000
2465,麗臺            ,25000,46000,-21000,0,0,0,0,0,0,0,0,0,0,0,0,0,-21000
08248P,旺宏群益9C售02  ,0,0,0,0,0,0,0,0,0,-22000,0,0,0,20000,42000,-22000,-22000
068382,亞德客統一03購01,0,0,0,0,0,0,0,0,0,-22000,0,0,0,0,22000,-22000,-22000
068379,聯陽永豐01購04  ,0,0,0,0,0,0,0,0,0,-22000,0,0,0,0,22000,-22000,-22000
068124,康友元富07購01  ,0,0,0,0,0,0,0,0,0,-22000,0,0,0,330000,352000,-22000,-22000
067657,日月光元富01購01,0,0,0,0,0,0,0,0,0,-22000,0,0,0,175000,197000,-22000,-22000
067475,微星元大01購05  ,0,0,0,0,0,0,0,0,0,-22000,0,0,0,69000,91000,-22000,-22000
067543,臻鼎群益01購01  ,0,0,0,0,0,0,0,0,0,-22000,0,0,0,159000,181000,-22000,-22000
067243,華擎群益01購04  ,0,0,0,0,0,0,0,0,0,-22000,0,0,0,54000,76000,-22000,-22000
057662,上銀元大9A購01  ,0,0,0,0,0,0,0,0,0,-22000,0,0,0,0,22000,-22000,-22000
00665L,富邦恒生國企正2 ,3000,36000,-33000,0,0,0,0,0,0,11000,0,0,0,16000,5000,11000,-22000
054080,微星中信98購01  ,0,0,0,0,0,0,0,0,0,-22000,0,0,0,0,22000,-22000,-22000
059288,旺宏元富99購03  ,0,0,0,0,0,0,0,0,0,-22000,0,0,0,0,22000,-22000,-22000
059952,旺宏康和99購01  ,0,0,0,0,0,0,0,0,0,-22000,0,0,0,8000,30000,-22000,-22000
060030,晶相光永豐99購03,0,0,0,0,0,0,0,0,0,-22000,0,0,0,0,22000,-22000,-22000
058705,長榮航元大99購01,0,0,0,0,0,0,0,0,0,-22000,0,0,0,0,22000,-22000,-22000
058719,智邦元富99購01  ,0,0,0,0,0,0,0,0,0,-22000,0,0,0,0,22000,-22000,-22000
060309,佳世達永豐9A購01,0,0,0,0,0,0,0,0,0,-22000,0,0,0,0,22000,-22000,-22000
062476,神隆國票9B購01  ,0,0,0,0,0,0,0,0,0,-22000,0,0,0,1000,23000,-22000,-22000
062479,TPK國票9B購01   ,0,0,0,0,0,0,0,0,0,-22000,0,0,0,0,22000,-22000,-22000
061400,可成兆豐9B購02  ,0,0,0,0,0,0,0,0,0,-22000,0,0,0,0,22000,-22000,-22000
060959,金像電凱基9A購01,0,0,0,0,0,0,0,0,0,-22000,0,0,0,0,22000,-22000,-22000
061931,力山國票9B購02  ,0,0,0,0,0,0,0,0,0,-22000,0,0,0,0,22000,-22000,-22000
064291,南六元大9C購04  ,0,0,0,0,0,0,0,0,0,-22000,0,0,0,93000,115000,-22000,-22000
064251,緯創元富9C購01  ,0,0,0,0,0,0,0,0,0,-22000,0,0,0,4000,26000,-22000,-22000
064188,玉晶光永豐9C購02,0,0,0,0,0,0,0,0,0,-22000,0,0,0,5000,27000,-22000,-22000
064078,台積電中信06購04,0,0,0,0,0,0,0,0,0,-22000,0,0,0,0,22000,-22000,-22000
065263,國泰金元大9C購02,0,0,0,0,0,0,0,0,0,-22000,0,0,0,61000,83000,-22000,-22000
065097,貿聯元大9C購04  ,0,0,0,0,0,0,0,0,0,-22000,0,0,0,148000,170000,-22000,-22000
064819,華新統一01購02  ,0,0,0,0,0,0,0,0,0,-22000,0,0,0,463000,485000,-22000,-22000
064993,嘉澤兆豐9C購01  ,0,0,0,0,0,0,0,0,0,-22000,0,0,0,39000,61000,-22000,-22000
066468,申豐統一02購01  ,0,0,0,0,0,0,0,0,0,-22000,0,0,0,3000,25000,-22000,-22000
066860,健策國票02購02  ,0,0,0,0,0,0,0,0,0,-22000,0,0,0,22000,44000,-22000,-22000
2849,安泰銀          ,14000,31000,-17000,0,0,0,0,1000,-1000,-4000,0,4000,-4000,0,0,0,-22000
08843P,台表科凱基01售01,0,0,0,0,0,0,0,0,0,-22000,0,0,0,10000,32000,-22000,-22000
067931,旺宏凱基01購05  ,0,0,0,0,0,0,0,0,0,-23000,0,0,0,40000,63000,-23000,-23000
08555P,超眾國票01售01  ,0,0,0,0,0,0,0,0,0,-23000,0,0,0,26000,49000,-23000,-23000
059878,聯茂凱基99購07  ,0,0,0,0,0,0,0,0,0,-23000,0,0,0,10000,33000,-23000,-23000
058477,億光凱基9A購01  ,0,0,0,0,0,0,0,0,0,-23000,0,0,0,376000,399000,-23000,-23000
057882,華通群益9A購03  ,0,0,0,0,0,0,0,0,0,-23000,0,0,0,7000,30000,-23000,-23000
057835,華擎元富9B購01  ,0,0,0,0,0,0,0,0,0,-23000,0,0,0,32000,55000,-23000,-23000
054479,緯創中信98購01  ,0,0,0,0,0,0,0,0,0,-23000,0,0,0,20000,43000,-23000,-23000
054421,臺股指元大99購03,0,0,0,0,0,0,0,0,0,-23000,0,0,0,60000,83000,-23000,-23000
053723,奇鋐凱基98購01  ,0,0,0,0,0,0,0,0,0,-23000,0,0,0,0,23000,-23000,-23000
057278,可成元大98購06  ,0,0,0,0,0,0,0,0,0,-23000,0,0,0,72000,95000,-23000,-23000
057195,南茂元大98購01  ,0,0,0,0,0,0,0,0,0,-23000,0,0,0,0,23000,-23000,-23000
064288,瀚宇博元大9C購02,0,0,0,0,0,0,0,0,0,-23000,0,0,0,5000,28000,-23000,-23000
062593,健策統一9B購03  ,0,0,0,0,0,0,0,0,0,-23000,0,0,0,0,23000,-23000,-23000
060509,宏達電元大9A購02,0,0,0,0,0,0,0,0,0,-23000,0,0,0,15000,38000,-23000,-23000
061498,大立光國票9A購10,0,0,0,0,0,0,0,0,0,-23000,0,0,0,0,23000,-23000,-23000
062934,大成鋼凱基9B購02,0,0,0,0,0,0,0,0,0,-23000,0,0,0,0,23000,-23000,-23000
062161,南六凱基9C購01  ,0,0,0,0,0,0,0,0,0,-23000,0,0,0,60000,83000,-23000,-23000
062142,喬山國票9B購01  ,0,0,0,0,0,0,0,0,0,-23000,0,0,0,0,23000,-23000,-23000
063406,麗豐國票9C購01  ,0,0,0,0,0,0,0,0,0,-23000,0,0,0,0,23000,-23000,-23000
063484,達方元大9B購01  ,0,0,0,0,0,0,0,0,0,-23000,0,0,0,100000,123000,-23000,-23000
063844,台積電元大9C購05,0,0,0,0,0,0,0,0,0,-23000,0,0,0,74000,97000,-23000,-23000
066797,台積電凱基02購09,0,0,0,0,0,0,0,0,0,-23000,0,0,0,220000,243000,-23000,-23000
066690,瑞昱台新01購01  ,0,0,0,0,0,0,0,0,0,-23000,0,0,0,69000,92000,-23000,-23000
066700,瑞昱群益01購01  ,0,0,0,0,0,0,0,0,0,-23000,0,0,0,66000,89000,-23000,-23000
065812,寶成群益9C購02  ,0,0,0,0,0,0,0,0,0,-23000,0,0,0,30000,53000,-23000,-23000
065119,大立光富邦03購03,0,0,0,0,0,0,0,0,0,-23000,0,0,0,15000,38000,-23000,-23000
065041,金像電凱基02購02,0,0,0,0,0,0,0,0,0,-23000,0,0,0,0,23000,-23000,-23000
065283,台積電群益01購01,0,0,0,0,0,0,0,0,0,-23000,0,0,0,74000,97000,-23000,-23000
4722,國精化          ,19000,2000,17000,0,0,0,0,0,0,-40000,2000,42000,-40000,0,0,0,-23000
6152,百一            ,63000,86000,-23000,0,0,0,0,0,0,0,0,0,0,0,0,0,-23000
08579P,臺股指元大9C售27,0,0,0,0,0,0,0,0,0,-24000,0,0,0,0,24000,-24000,-24000
08124P,臻鼎群益9B售02  ,0,0,0,0,0,0,0,0,0,-24000,0,0,0,0,24000,-24000,-24000
068331,欣興元大01購09  ,0,0,0,0,0,0,0,0,0,-24000,0,0,0,12000,36000,-24000,-24000
07319P,台積電凱基01售02,0,0,0,0,0,0,0,0,0,-24000,0,0,0,130000,154000,-24000,-24000
07422P,大立光元大99售32,0,0,0,0,0,0,0,0,0,-24000,0,0,0,0,24000,-24000,-24000
067596,國巨凱基02購05  ,0,0,0,0,0,0,0,0,0,-24000,0,0,0,7000,31000,-24000,-24000
067178,京鼎康和01購01  ,0,0,0,0,0,0,0,0,0,-24000,0,0,0,26000,50000,-24000,-24000
067195,台虹凱基02購01  ,0,0,0,0,0,0,0,0,0,-24000,0,0,0,5000,29000,-24000,-24000
067108,大毅群益01購01  ,0,0,0,0,0,0,0,0,0,-24000,0,0,0,3000,27000,-24000,-24000
067556,義隆國票02購02  ,0,0,0,0,0,0,0,0,0,-24000,0,0,0,0,24000,-24000,-24000
057060,緯穎元大98購05  ,0,0,0,0,0,0,0,0,0,-24000,0,0,0,36000,60000,-24000,-24000
057279,國揚元大98購01  ,0,0,0,0,0,0,0,0,0,-24000,0,0,0,16000,40000,-24000,-24000
057589,超眾國票9A購01  ,0,0,0,0,0,0,0,0,0,-24000,0,0,0,18000,42000,-24000,-24000
03064P,台灣50群益01售14,0,0,0,0,0,0,0,0,0,-24000,0,0,0,134000,158000,-24000,-24000
00681R,元大美債20反1   ,0,0,0,0,0,0,0,0,0,-24000,0,0,0,0,24000,-24000,-24000
058222,玉晶光統一9B購01,0,0,0,0,0,0,0,0,0,-24000,0,0,0,127000,151000,-24000,-24000
063601,金像電凱基01購01,0,0,0,0,0,0,0,0,0,-24000,0,0,0,0,24000,-24000,-24000
060238,強茂元大9C購01  ,0,0,0,0,0,0,0,0,0,-24000,0,0,0,20000,44000,-24000,-24000
058972,新日興永豐9A購01,0,0,0,0,0,0,0,0,0,-24000,0,0,0,0,24000,-24000,-24000
062822,力成兆豐9B購01  ,0,0,0,0,0,0,0,0,0,-24000,0,0,0,0,24000,-24000,-24000
063240,聯發科元大9B購17,0,0,0,0,0,0,0,0,0,-24000,0,0,0,0,24000,-24000,-24000
061583,矽創元大9A購01  ,0,0,0,0,0,0,0,0,0,-24000,0,0,0,128000,152000,-24000,-24000
061429,南六元大9A購02  ,0,0,0,0,0,0,0,0,0,-24000,0,0,0,0,24000,-24000,-24000
060835,亞德客國票9A購01,0,0,0,0,0,0,0,0,0,-24000,0,0,0,123000,147000,-24000,-24000
063873,南六永豐9C購01  ,0,0,0,0,0,0,0,0,0,-24000,0,0,0,16000,40000,-24000,-24000
064149,美律統一02購01  ,0,0,0,0,0,0,0,0,0,-24000,0,0,0,2000,26000,-24000,-24000
065195,國巨元富06購01  ,0,0,0,0,0,0,0,0,0,-24000,0,0,0,0,24000,-24000,-24000
065393,旺宏群益9C購04  ,0,0,0,0,0,0,0,0,0,-24000,0,0,0,0,24000,-24000,-24000
064901,牧德群益9C購01  ,0,0,0,0,0,0,0,0,0,-24000,0,0,0,0,24000,-24000,-24000
065759,TPK元大9C購05   ,0,0,0,0,0,0,0,0,0,-24000,0,0,0,41000,65000,-24000,-24000
066955,新日興元大01購01,0,0,0,0,0,0,0,0,0,-24000,0,0,0,0,24000,-24000,-24000
066519,達方永豐01購01  ,0,0,0,0,0,0,0,0,0,-24000,0,0,0,0,24000,-24000,-24000
2476,鉅祥            ,4000,27000,-23000,0,0,0,0,0,0,-1000,0,1000,-1000,0,0,0,-24000
2430,燦坤            ,13000,50000,-37000,0,0,0,0,0,0,13000,13000,0,13000,0,0,0,-24000
2923,鼎固-KY         ,3000,27000,-24000,0,0,0,0,0,0,0,0,0,0,0,0,0,-24000
06703P,新日興元富98售02,0,0,0,0,0,0,0,0,0,-25000,0,0,0,0,25000,-25000,-25000
067833,台積電統一02購06,0,0,0,0,0,0,0,0,0,-25000,0,0,0,0,25000,-25000,-25000
068054,玉晶光統一03購04,0,0,0,0,0,0,0,0,0,-25000,0,0,0,30000,55000,-25000,-25000
068186,GIS群益01購03   ,0,0,0,0,0,0,0,0,0,-25000,0,0,0,0,25000,-25000,-25000
08476P,臺股指凱基9C售14,0,0,0,0,0,0,0,0,0,-25000,0,0,0,0,25000,-25000,-25000
058883,旭富永豐99購01  ,0,0,0,0,0,0,0,0,0,-25000,0,0,0,0,25000,-25000,-25000
059864,亞德客凱基99購01,0,0,0,0,0,0,0,0,0,-25000,0,0,0,5000,30000,-25000,-25000
059996,美律元富99購01  ,0,0,0,0,0,0,0,0,0,-25000,0,0,0,0,25000,-25000,-25000
060093,友達元大03購01  ,0,0,0,0,0,0,0,0,0,-25000,0,0,0,15000,40000,-25000,-25000
063602,金像電凱基9B購04,0,0,0,0,0,0,0,0,0,-25000,0,0,0,1000,26000,-25000,-25000
063643,臻鼎元大9B購03  ,0,0,0,0,0,0,0,0,0,-25000,0,0,0,82000,107000,-25000,-25000
059626,台積電凱基01購01,0,0,0,0,0,0,0,0,0,-25000,0,0,0,33000,58000,-25000,-25000
059569,旺宏凱基99購09  ,0,0,0,0,0,0,0,0,0,-25000,0,0,0,0,25000,-25000,-25000
055399,超眾統一99購01  ,0,0,0,0,0,0,0,0,0,-25000,0,0,0,0,25000,-25000,-25000
055290,玉晶光元大98購08,0,0,0,0,0,0,0,0,0,-25000,0,0,0,0,25000,-25000,-25000
055579,健策統一9A購01  ,0,0,0,0,0,0,0,0,0,-25000,0,0,0,0,25000,-25000,-25000
064121,國巨元大9C購16  ,0,0,0,0,0,0,0,0,0,-25000,0,0,0,62000,87000,-25000,-25000
064265,嘉聯益永豐9C購02,0,0,0,0,0,0,0,0,0,-25000,0,0,0,31000,56000,-25000,-25000
060821,SP黃豆元大9A購02,0,0,0,0,0,0,0,0,0,-25000,0,0,0,10000,35000,-25000,-25000
060877,華邦電中信02購01,0,0,0,0,0,0,0,0,0,-25000,0,0,0,10000,35000,-25000,-25000
060862,美律永豐9A購01  ,0,0,0,0,0,0,0,0,0,-25000,0,0,0,50000,75000,-25000,-25000
060945,緯穎國票9A購02  ,0,0,0,0,0,0,0,0,0,-25000,0,0,0,5000,30000,-25000,-25000
060998,華通兆豐9A購01  ,0,0,0,0,0,0,0,0,0,-25000,0,0,0,0,25000,-25000,-25000
061596,健策永豐9A購03  ,0,0,0,0,0,0,0,0,0,-25000,0,0,0,1000,26000,-25000,-25000
061522,元黃金凱基01購01,0,0,0,0,0,0,0,0,0,-25000,0,0,0,0,25000,-25000,-25000
061747,南亞科統一01購01,0,0,0,0,0,0,0,0,0,-25000,0,0,0,25000,50000,-25000,-25000
061742,奇鋐凱基9B購01  ,0,0,0,0,0,0,0,0,0,-25000,0,0,0,10000,35000,-25000,-25000
060611,同欣電凱基9A購02,0,0,0,0,0,0,0,0,0,-25000,0,0,0,0,25000,-25000,-25000
063117,聯茂麥證9B購01  ,0,0,0,10000,35000,-25000,0,0,0,-25000,0,0,0,10000,35000,-25000,-25000
063290,GIS元大9B購02   ,0,0,0,0,0,0,0,0,0,-25000,0,0,0,0,25000,-25000,-25000
062935,華通凱基9C購02  ,0,0,0,0,0,0,0,0,0,-25000,0,0,0,0,25000,-25000,-25000
061915,T50反1凱基02購02,0,0,0,0,0,0,0,0,0,-25000,0,0,0,25000,50000,-25000,-25000
062642,帆宣國票9B購01  ,0,0,0,0,0,0,0,0,0,-25000,0,0,0,0,25000,-25000,-25000
062680,微星統一01購01  ,0,0,0,0,0,0,0,0,0,-25000,0,0,0,0,25000,-25000,-25000
062698,台積電元大01購01,0,0,0,0,0,0,0,0,0,-25000,0,0,0,0,25000,-25000,-25000
062728,健策凱基9B購04  ,0,0,0,0,0,0,0,0,0,-25000,0,0,0,6000,31000,-25000,-25000
063054,健鼎統一01購01  ,0,0,0,0,0,0,0,0,0,-25000,0,0,0,301000,326000,-25000,-25000
063381,和潤永豐9B購01  ,0,0,0,0,0,0,0,0,0,-25000,0,0,0,0,25000,-25000,-25000
062147,大毅國票9B購02  ,0,0,0,0,0,0,0,0,0,-25000,0,0,0,0,25000,-25000,-25000
062189,康控元大9B購02  ,0,0,0,0,0,0,0,0,0,-25000,0,0,0,0,25000,-25000,-25000
062068,滬深2X元大9B購02,0,0,0,0,0,0,0,0,0,-25000,0,0,0,0,25000,-25000,-25000
062310,南亞科凱基9B購02,0,0,0,0,0,0,0,0,0,-25000,0,0,0,0,25000,-25000,-25000
061234,國巨元大9A購18  ,0,0,0,0,0,0,0,0,0,-25000,0,0,0,0,25000,-25000,-25000
062352,南六群益9B購02  ,0,0,0,0,0,0,0,0,0,-25000,0,0,0,0,25000,-25000,-25000
066551,大立光元大01購07,0,0,0,0,0,0,0,0,0,-25000,0,0,0,50000,75000,-25000,-25000
066821,臺指反群益01購03,0,0,0,0,0,0,0,0,0,-25000,0,0,0,5000,30000,-25000,-25000
065851,京鼎元大02購01  ,0,0,0,0,0,0,0,0,0,-25000,0,0,0,407000,432000,-25000,-25000
066264,金像電元大01購01,0,0,0,0,0,0,0,0,0,-25000,0,0,0,0,25000,-25000,-25000
064848,金像電元富9C購02,0,0,0,0,0,0,0,0,0,-25000,0,0,0,53000,78000,-25000,-25000
064357,中橡統一9C購01  ,0,0,0,0,0,0,0,0,0,-25000,0,0,0,0,25000,-25000,-25000
064419,鴻海兆豐9C購01  ,0,0,0,0,0,0,0,0,0,-25000,0,0,0,150000,175000,-25000,-25000
065389,聯茂兆豐9C購01  ,0,0,0,0,0,0,0,0,0,-25000,0,0,0,0,25000,-25000,-25000
065665,鴻海凱基9C購04  ,0,0,0,0,0,0,0,0,0,-25000,0,0,0,0,25000,-25000,-25000
065720,義隆兆豐9C購03  ,0,0,0,0,0,0,0,0,0,-25000,0,0,0,4000,29000,-25000,-25000
065687,華通元富9C購03  ,0,0,0,0,0,0,0,0,0,-25000,0,0,0,3000,28000,-25000,-25000
065692,國巨群益9C購17  ,0,0,0,0,0,0,0,0,0,-25000,0,0,0,11000,36000,-25000,-25000
065076,中橡元大9C購01  ,0,0,0,0,0,0,0,0,0,-25000,0,0,0,0,25000,-25000,-25000
08971P,臺股指元大01售14,0,0,0,0,0,0,0,0,0,-25000,0,0,0,40000,65000,-25000,-25000
2373,震旦行          ,5000,11000,-6000,0,0,0,0,0,0,-19000,0,19000,-19000,0,0,0,-25000
08643P,和碩群益9C售02  ,0,0,0,0,0,0,0,0,0,-26000,0,0,0,111000,137000,-26000,-26000
068145,台積電元大01購35,0,0,0,0,0,0,0,0,0,-26000,0,0,0,6000,32000,-26000,-26000
067043,佳世達凱基01購01,0,0,0,0,0,0,0,0,0,-26000,0,0,0,0,26000,-26000,-26000
067001,中化永豐01購02  ,0,0,0,0,0,0,0,0,0,-26000,0,0,0,12000,38000,-26000,-26000
067285,欣興國票02購01  ,0,0,0,0,0,0,0,0,0,-26000,0,0,0,135000,161000,-26000,-26000
03669C,滬深2X元富09牛01,0,0,0,0,0,0,0,0,0,-26000,0,0,0,0,26000,-26000,-26000
046628,大立光統一98購01,0,0,0,0,0,0,0,0,0,-26000,0,0,0,113000,139000,-26000,-26000
057199,台達電元富02購01,0,0,0,0,0,0,0,0,0,-26000,0,0,0,134000,160000,-26000,-26000
058456,京鼎永豐99購01  ,0,0,0,0,0,0,0,0,0,-26000,0,0,0,0,26000,-26000,-26000
063612,金像電群益9B購04,0,0,0,0,0,0,0,0,0,-26000,0,0,0,70000,96000,-26000,-26000
060019,彰銀康和99購01  ,0,0,0,0,0,0,0,0,0,-26000,0,0,0,68000,94000,-26000,-26000
05887P,友達元富99售03  ,0,0,0,0,0,0,0,0,0,-26000,0,0,0,125000,151000,-26000,-26000
062809,同欣電統一9C購01,0,0,0,0,0,0,0,0,0,-26000,0,0,0,46000,72000,-26000,-26000
060677,京元電元大9A購04,0,0,0,0,0,0,0,0,0,-26000,0,0,0,0,26000,-26000,-26000
060601,技嘉凱基9A購02  ,0,0,0,0,0,0,0,0,0,-26000,0,0,0,32000,58000,-26000,-26000
061754,晶技麥證9B購01  ,0,0,0,0,29000,-29000,0,0,0,-26000,0,0,0,3000,29000,-26000,-26000
061586,智邦富邦9A購02  ,0,0,0,0,0,0,0,0,0,-26000,0,0,0,0,26000,-26000,-26000
061032,金像電永豐9A購03,0,0,0,0,0,0,0,0,0,-26000,0,0,0,39000,65000,-26000,-26000
064286,TPK元大9C購02   ,0,0,0,0,0,0,0,0,0,-26000,0,0,0,28000,54000,-26000,-26000
064130,創意元大9C購02  ,0,0,0,0,0,0,0,0,0,-26000,0,0,0,0,26000,-26000,-26000
063876,華新元富9C購01  ,0,0,0,0,0,0,0,0,0,-26000,0,0,0,56000,82000,-26000,-26000
065310,華擎國票01購01  ,0,0,0,0,0,0,0,0,0,-26000,0,0,0,2000,28000,-26000,-26000
065367,技嘉元大01購01  ,0,0,0,0,0,0,0,0,0,-26000,0,0,0,24000,50000,-26000,-26000
065714,矽創群益9C購02  ,0,0,0,0,0,0,0,0,0,-26000,0,0,0,15000,41000,-26000,-26000
065635,智伸科國票01購02,0,0,0,0,0,0,0,0,0,-26000,0,0,0,0,26000,-26000,-26000
064403,正崴凱基01購01  ,0,0,0,0,0,0,0,0,0,-26000,0,0,0,16000,42000,-26000,-26000
064442,嘉聯益凱基9C購01,0,0,0,0,0,0,0,0,0,-26000,0,0,0,77000,103000,-26000,-26000
064511,GIS元大9C購05   ,0,0,0,0,0,0,0,0,0,-26000,0,0,0,106000,132000,-26000,-26000
064516,華通群益02購01  ,0,0,0,0,0,0,0,0,0,-26000,0,0,0,58000,84000,-26000,-26000
064846,旺宏元富03購01  ,0,0,0,0,0,0,0,0,0,-26000,0,0,0,0,26000,-26000,-26000
065008,TPK國票01購02   ,0,0,0,0,0,0,0,0,0,-26000,0,0,0,0,26000,-26000,-26000
066054,創意元大01購02  ,0,0,0,0,0,0,0,0,0,-26000,0,0,0,10000,36000,-26000,-26000
066917,美利達凱基01購02,0,0,0,0,0,0,0,0,0,-26000,0,0,0,14000,40000,-26000,-26000
1340,勝悅-KY         ,34000,60000,-26000,0,0,0,0,0,0,0,0,0,0,0,0,0,-26000
08975P,欣興群益01售05  ,0,0,0,0,0,0,0,0,0,-26000,0,0,0,71000,97000,-26000,-26000
3032,偉訓            ,22000,53000,-31000,0,0,0,0,0,0,5000,6000,1000,5000,0,0,0,-26000
5234,達興材料        ,20000,32000,-12000,0,0,0,0,0,0,-14000,1000,15000,-14000,0,0,0,-26000
067332,旺宏凱基03購02  ,0,0,0,0,0,0,0,0,0,-27000,0,0,0,138000,165000,-27000,-27000
068131,聯發科統一02購09,0,0,0,0,0,0,0,0,0,-27000,0,0,0,7000,34000,-27000,-27000
067809,聯發科凱基01購17,0,0,0,0,0,0,0,0,0,-27000,0,0,0,10000,37000,-27000,-27000
068246,台積電元大01購38,0,0,0,0,0,0,0,0,0,-27000,0,0,0,10000,37000,-27000,-27000
058616,台虹元大9A購01  ,0,0,0,0,0,0,0,0,0,-27000,0,0,0,0,27000,-27000,-27000
058488,華擎國票9A購01  ,0,0,0,0,0,0,0,0,0,-27000,0,0,0,3000,30000,-27000,-27000
059296,大立光元富99購06,0,0,0,0,0,0,0,0,0,-27000,0,0,0,36000,63000,-27000,-27000
057102,亞光中信9A購01  ,0,0,0,0,0,0,0,0,0,-27000,0,0,0,0,27000,-27000,-27000
060960,金像電凱基9B購01,0,0,0,0,0,0,0,0,0,-27000,0,0,0,0,27000,-27000,-27000
061127,美食永豐9A購01  ,0,0,0,0,0,0,0,0,0,-27000,0,0,0,0,27000,-27000,-27000
061710,國巨凱基9A購18  ,0,0,0,0,0,0,0,0,0,-27000,0,0,0,14000,41000,-27000,-27000
060561,台積電富邦04購01,0,0,0,0,0,0,0,0,0,-27000,0,0,0,0,27000,-27000,-27000
063213,智伸科國票9C購01,0,0,0,0,0,0,0,0,0,-27000,0,0,0,0,27000,-27000,-27000
062433,上銀元大9B購05  ,0,0,0,0,0,0,0,0,0,-27000,0,0,0,1000,28000,-27000,-27000
066727,鴻海元大01購12  ,0,0,0,0,0,0,0,0,0,-27000,0,0,0,20000,47000,-27000,-27000
066757,南港永豐01購01  ,0,0,0,0,0,0,0,0,0,-27000,0,0,0,61000,88000,-27000,-27000
066522,建準中信01購01  ,0,0,0,0,0,0,0,0,0,-27000,0,0,0,10000,37000,-27000,-27000
066478,鴻海元富07購02  ,0,0,0,0,0,0,0,0,0,-27000,0,0,0,0,27000,-27000,-27000
064639,聚陽凱基02購01  ,0,0,0,0,0,0,0,0,0,-27000,0,0,0,43000,70000,-27000,-27000
064466,聯電元富9C購01  ,0,0,0,0,0,0,0,0,0,-27000,0,0,0,23000,50000,-27000,-27000
065675,茂林凱基03購01  ,0,0,0,0,0,0,0,0,0,-27000,0,0,0,0,27000,-27000,-27000
065204,神隆國票01購01  ,0,0,0,0,0,0,0,0,0,-27000,0,0,0,37000,64000,-27000,-27000
2852,第一保          ,1000,28000,-27000,0,0,0,0,0,0,0,0,0,0,0,0,0,-27000
1537,廣隆            ,22000,48000,-26000,0,0,0,0,0,0,-1000,0,1000,-1000,0,0,0,-27000
068491,美律元大01購06  ,0,0,0,0,0,0,0,0,0,-28000,0,0,0,0,28000,-28000,-28000
07692P,玉晶光元大9A售11,0,0,0,0,0,0,0,0,0,-28000,0,0,0,12000,40000,-28000,-28000
08658P,聯發科統一9C售19,0,0,0,0,0,0,0,0,0,-28000,0,0,0,210000,238000,-28000,-28000
08544P,和碩國票01售02  ,0,0,0,0,0,0,0,0,0,-28000,0,0,0,0,28000,-28000,-28000
067484,聯詠元大01購07  ,0,0,0,0,0,0,0,0,0,-28000,0,0,0,35000,63000,-28000,-28000
067441,儒鴻國票02購01  ,25000,0,25000,0,0,0,0,0,0,-53000,0,0,0,60000,113000,-53000,-28000
067238,大立光群益02購03,0,0,0,0,0,0,0,0,0,-28000,0,0,0,0,28000,-28000,-28000
03067P,南亞科群益01售01,0,0,0,0,0,0,0,0,0,-28000,0,0,0,0,28000,-28000,-28000
056517,茂林兆豐99購01  ,0,0,0,0,0,0,0,0,0,-28000,0,0,0,0,28000,-28000,-28000
060288,群光元大9C購01  ,0,0,0,0,0,0,0,0,0,-28000,0,0,0,20000,48000,-28000,-28000
060110,茂林元大99購06  ,0,0,0,0,0,0,0,0,0,-28000,0,0,0,0,28000,-28000,-28000
060326,群光群益9A購01  ,0,0,0,0,0,0,0,0,0,-28000,0,0,0,12000,40000,-28000,-28000
062075,智邦元大9B購03  ,0,0,0,0,0,0,0,0,0,-28000,0,0,0,21000,49000,-28000,-28000
062955,立積永豐9B購02  ,0,0,0,0,0,0,0,0,0,-28000,0,0,0,0,28000,-28000,-28000
061838,華新科凱基05購03,0,0,0,0,0,0,0,0,0,-28000,0,0,0,48000,76000,-28000,-28000
061663,南六永豐9A購05  ,0,0,0,0,0,0,0,0,0,-28000,0,0,0,82000,110000,-28000,-28000
061564,華擎國票9A購02  ,0,0,0,0,0,0,0,0,0,-28000,0,0,0,0,28000,-28000,-28000
063912,信邦凱基01購01  ,0,0,0,0,0,0,0,0,0,-28000,0,0,0,10000,38000,-28000,-28000
061325,晶技凱基9A購03  ,0,0,0,0,0,0,0,0,0,-28000,0,0,0,37000,65000,-28000,-28000
064287,日月光元大9C購01,0,0,0,0,0,0,0,0,0,-28000,0,0,0,26000,54000,-28000,-28000
065234,旭富凱基01購01  ,0,0,0,0,0,0,0,0,0,-28000,0,0,0,84000,112000,-28000,-28000
065437,台表科凱基9C購03,0,0,0,0,0,0,0,0,0,-28000,0,0,0,10000,38000,-28000,-28000
064359,華通統一9C購05  ,0,0,0,0,0,0,0,0,0,-28000,0,0,0,63000,91000,-28000,-28000
064583,光寶科永豐9C購01,0,0,0,0,0,0,0,0,0,-28000,0,0,0,2000,30000,-28000,-28000
066483,瑞昱元富01購01  ,0,0,0,0,0,0,0,0,0,-28000,0,0,0,28000,56000,-28000,-28000
066835,台郡群益01購02  ,0,0,0,0,0,0,0,0,0,-28000,0,0,0,31000,59000,-28000,-28000
066234,群光富邦04購01  ,0,0,0,0,0,0,0,0,0,-28000,0,0,0,65000,93000,-28000,-28000
8131,福懋科          ,109000,106000,3000,0,0,0,0,0,0,-31000,24000,55000,-31000,0,0,0,-28000
067782,亞德客群益01購04,0,0,0,0,0,0,0,0,0,-29000,0,0,0,162000,191000,-29000,-29000
067603,冠德凱基02購01  ,0,0,0,0,0,0,0,0,0,-29000,0,0,0,149000,178000,-29000,-29000
059920,宏達電元大99購07,0,0,0,0,0,0,0,0,0,-29000,0,0,0,111000,140000,-29000,-29000
058204,世芯凱基9A購01  ,0,0,0,0,0,0,0,0,0,-29000,0,0,0,0,29000,-29000,-29000
057691,健策凱基99購01  ,0,0,0,0,0,0,0,0,0,-29000,0,0,0,60000,89000,-29000,-29000
054739,義隆凱基98購02  ,0,0,0,0,0,0,0,0,0,-29000,0,0,0,1000,30000,-29000,-29000
057945,京鼎國票99購03  ,0,0,0,0,0,0,0,0,0,-29000,0,0,0,0,29000,-29000,-29000
057969,緯穎國泰99購01  ,0,0,0,0,0,0,0,0,0,-29000,0,0,0,71000,100000,-29000,-29000
058022,樺漢凱基99購02  ,0,0,0,0,0,0,0,0,0,-29000,0,0,0,0,29000,-29000,-29000
057539,南茂元大98購02  ,0,0,0,0,0,0,0,0,0,-29000,0,0,0,1000,30000,-29000,-29000
050014,國巨富邦98購01  ,0,0,0,0,0,0,0,0,0,-29000,0,0,0,17000,46000,-29000,-29000
02001R,富邦蘋果反一N   ,0,0,0,0,0,0,0,0,0,-29000,0,0,0,1000,30000,-29000,-29000
060907,金像電元大9A購02,0,0,0,0,0,0,0,0,0,-29000,0,0,0,1000,30000,-29000,-29000
062610,啟碁凱基9B購01  ,0,0,0,0,0,0,0,0,0,-29000,0,0,0,49000,78000,-29000,-29000
063268,GIS中信9B購01   ,0,0,0,0,0,0,0,0,0,-29000,0,0,0,10000,39000,-29000,-29000
063826,中興電國票01購01,0,0,0,0,0,0,0,0,0,-29000,0,0,0,12000,41000,-29000,-29000
066270,國揚元大01購01  ,0,0,0,0,0,0,0,0,0,-29000,0,0,0,598000,627000,-29000,-29000
066302,卜蜂永豐01購01  ,0,0,0,0,0,0,0,0,0,-29000,0,0,0,0,29000,-29000,-29000
066099,大立光中信05購01,0,0,0,0,0,0,0,0,0,-29000,0,0,0,12000,41000,-29000,-29000
065504,宏達電永豐9C購01,0,0,0,0,0,0,0,0,0,-29000,0,0,0,33000,62000,-29000,-29000
065508,大成鋼群益01購01,0,0,0,0,0,0,0,0,0,-29000,0,0,0,8000,37000,-29000,-29000
065371,漢唐元大01購01  ,0,0,0,0,0,0,0,0,0,-29000,0,0,0,79000,108000,-29000,-29000
065163,香港反元大03購01,0,0,0,0,0,0,0,0,0,-29000,0,0,0,0,29000,-29000,-29000
065118,國巨富邦01購02  ,0,0,0,0,0,0,0,0,0,-29000,0,0,0,66000,95000,-29000,-29000
3209,全科            ,29000,70000,-41000,0,0,0,0,0,0,12000,12000,0,12000,0,0,0,-29000
3257,虹冠電          ,255000,304000,-49000,0,0,0,0,0,0,20000,30000,10000,20000,0,0,0,-29000
9925,新保            ,46000,74000,-28000,0,0,0,0,0,0,-1000,0,1000,-1000,0,0,0,-29000
067784,富邦金群益02購01,0,0,0,0,0,0,0,0,0,-30000,0,0,0,94000,124000,-30000,-30000
06696P,台灣50國票99售01,0,0,0,0,0,0,0,0,0,-30000,0,0,0,0,30000,-30000,-30000
067346,巨大凱基02購01  ,0,0,0,0,0,0,0,0,0,-30000,0,0,0,70000,100000,-30000,-30000
067289,燿華兆豐03購01  ,0,0,0,0,0,0,0,0,0,-30000,0,0,0,0,30000,-30000,-30000
08683P,大立光凱基02售03,0,0,0,0,0,0,0,0,0,-30000,0,0,0,0,30000,-30000,-30000
08474P,臺股指凱基9C售12,0,0,0,0,0,0,0,0,0,-30000,0,0,0,0,30000,-30000,-30000
07969P,臺股指元大9B售27,0,0,0,0,0,0,0,0,0,-30000,0,0,0,0,30000,-30000,-30000
08318P,台積電台新01售01,0,0,0,0,0,0,0,0,0,-30000,0,0,0,0,30000,-30000,-30000
07644P,南電凱基9A售03  ,0,0,0,0,0,0,0,0,0,-30000,0,0,0,30000,60000,-30000,-30000
07797P,大立光國票9A售08,0,0,0,0,0,0,0,0,0,-30000,0,0,0,0,30000,-30000,-30000
068472,聯發科群益01購12,0,0,0,0,0,0,0,0,0,-30000,0,0,0,0,30000,-30000,-30000
07050P,宏達電中信9B售01,0,0,0,0,0,0,0,0,0,-30000,0,0,0,0,30000,-30000,-30000
06912P,台光電元大99售02,0,0,0,0,0,0,0,0,0,-30000,0,0,0,0,30000,-30000,-30000
053782,京元電元大98購02,0,0,0,0,0,0,0,0,0,-30000,0,0,0,0,30000,-30000,-30000
057103,禾伸堂中信9A購01,0,0,0,0,0,0,0,0,0,-30000,0,0,0,0,30000,-30000,-30000
03100P,玉晶光凱基03售04,0,0,0,0,0,0,0,0,0,-30000,0,0,0,30000,60000,-30000,-30000
058150,中502X統一9B購01,0,0,0,0,0,0,0,0,0,-30000,0,0,0,0,30000,-30000,-30000
054758,南亞國票9A購01  ,0,0,0,0,0,0,0,0,0,-30000,0,0,0,0,30000,-30000,-30000
054589,聯鈞國泰99購01  ,0,0,0,0,0,0,0,0,0,-30000,0,0,0,0,30000,-30000,-30000
054635,台達電中信98購01,0,0,0,0,0,0,0,0,0,-30000,0,0,0,0,30000,-30000,-30000
056983,大立光群益99購02,0,0,0,0,0,0,0,0,0,-30000,0,0,0,0,30000,-30000,-30000
056313,聯茂元大98購01  ,0,0,0,0,0,0,0,0,0,-30000,0,0,0,0,30000,-30000,-30000
056012,勤誠中信99購01  ,0,0,0,0,0,0,0,0,0,-30000,0,0,0,0,30000,-30000,-30000
060097,華新科元大99購23,0,0,0,0,0,0,0,0,0,-30000,0,0,0,3000,33000,-30000,-30000
060283,台肥元大9C購01  ,0,0,0,0,0,0,0,0,0,-30000,0,0,0,0,30000,-30000,-30000
060244,大立光元大9B購02,0,0,0,0,0,0,0,0,0,-30000,0,0,0,0,30000,-30000,-30000
058854,樺漢群益9B購01  ,0,0,0,0,0,0,0,0,0,-30000,0,0,0,0,30000,-30000,-30000
058809,國巨統一9B購03  ,0,0,0,0,0,0,0,0,0,-30000,0,0,0,0,30000,-30000,-30000
058549,藍天永豐99購01  ,0,0,0,0,0,0,0,0,0,-30000,0,0,0,105000,135000,-30000,-30000
059265,美律中信01購01  ,0,0,0,0,0,0,0,0,0,-30000,0,0,0,0,30000,-30000,-30000
058405,訊連元大99購02  ,0,0,0,0,0,0,0,0,0,-30000,0,0,0,0,30000,-30000,-30000
063708,上銀凱基9B購06  ,0,0,0,0,0,0,0,0,0,-30000,0,0,0,0,30000,-30000,-30000
063830,智伸科國票01購01,0,0,0,0,0,0,0,0,0,-30000,0,0,0,0,30000,-30000,-30000
063422,奇鋐凱基9B購04  ,0,0,0,0,0,0,0,0,0,-30000,0,0,0,39000,69000,-30000,-30000
062160,南六凱基9B購01  ,0,0,0,0,0,0,0,0,0,-30000,0,0,0,0,30000,-30000,-30000
06326P,鴻海中信01售01  ,0,0,0,0,0,0,0,0,0,-30000,0,0,0,2000,32000,-30000,-30000
063208,鈺齊統一9C購01  ,0,0,0,0,0,0,0,0,0,-30000,0,0,0,2000,32000,-30000,-30000
062464,T50反1凱基9C購03,0,0,0,0,0,0,0,0,0,-30000,0,0,0,0,30000,-30000,-30000
062511,台光電國票9B購02,0,0,0,0,0,0,0,0,0,-30000,0,0,0,0,30000,-30000,-30000
060697,鴻海國泰9C購01  ,0,0,0,0,0,0,0,0,0,-30000,0,0,0,50000,80000,-30000,-30000
062684,華新科統一01購02,0,0,0,0,0,0,0,0,0,-30000,0,0,0,0,30000,-30000,-30000
062947,國巨富邦01購01  ,0,0,0,0,0,0,0,0,0,-30000,0,0,0,51000,81000,-30000,-30000
060874,中鋼中信02購01  ,0,0,0,0,0,0,0,0,0,-30000,0,0,0,0,30000,-30000,-30000
060982,旺宏元大9A購09  ,0,0,0,0,0,0,0,0,0,-30000,0,0,0,9000,39000,-30000,-30000
060539,道瓊反凱基9A購01,0,0,0,0,0,0,0,0,0,-30000,0,0,0,0,30000,-30000,-30000
061398,力成中信9A購01  ,0,0,0,0,0,0,0,0,0,-30000,0,0,0,265000,295000,-30000,-30000
061327,台郡凱基9A購02  ,0,0,0,0,0,0,0,0,0,-30000,0,0,0,0,30000,-30000,-30000
062532,聯詠統一9C購01  ,0,0,0,0,0,0,0,0,0,-30000,0,0,0,0,30000,-30000,-30000
065139,華通凱基03購01  ,0,0,0,0,0,0,0,0,0,-30000,0,0,0,40000,70000,-30000,-30000
065308,葡萄王國票01購01,0,0,0,0,0,0,0,0,0,-30000,0,0,0,0,30000,-30000,-30000
065575,神達群益01購01  ,0,0,0,0,0,0,0,0,0,-30000,0,0,0,0,30000,-30000,-30000
064943,聚陽凱基9C購01  ,0,0,0,0,0,0,0,0,0,-30000,0,0,0,0,30000,-30000,-30000
064769,漢翔中信9C購01  ,0,0,0,0,0,0,0,0,0,-30000,0,0,0,0,30000,-30000,-30000
064754,漢唐凱基02購01  ,0,0,0,0,0,0,0,0,0,-30000,0,0,0,20000,50000,-30000,-30000
064665,南亞科元大9C購06,0,0,0,0,0,0,0,0,0,-30000,0,0,0,0,30000,-30000,-30000
066104,鎧勝國票02購01  ,0,0,0,0,0,0,0,0,0,-30000,0,0,0,0,30000,-30000,-30000
066301,大成永豐01購01  ,0,0,0,0,0,0,0,0,0,-30000,0,0,0,0,30000,-30000,-30000
065783,友訊永豐9C購02  ,0,0,0,0,0,0,0,0,0,-30000,0,0,0,95000,125000,-30000,-30000
065803,大立光群益01購03,0,0,0,0,0,0,0,0,0,-30000,0,0,0,149000,179000,-30000,-30000
066730,致茂元大01購01  ,0,0,0,0,0,0,0,0,0,-30000,0,0,0,5000,35000,-30000,-30000
066914,樺漢凱基02購01  ,0,0,0,0,0,0,0,0,0,-30000,0,0,0,0,30000,-30000,-30000
066926,聚陽國票02購01  ,0,0,0,0,0,0,0,0,0,-30000,0,0,0,26000,56000,-30000,-30000
066403,台郡凱基01購02  ,0,0,0,0,0,0,0,0,0,-30000,0,0,0,0,30000,-30000,-30000
066641,台郡凱基03購01  ,0,0,0,0,0,0,0,0,0,-30000,0,0,0,17000,47000,-30000,-30000
066605,盟立永豐01購02  ,0,0,0,0,0,0,0,0,0,-30000,0,0,0,5000,35000,-30000,-30000
1806,冠軍            ,13000,43000,-30000,0,0,0,0,0,0,0,0,0,0,0,0,0,-30000
1723,中碳            ,60000,41000,19000,0,0,0,0,0,0,-49000,0,49000,-49000,0,0,0,-30000
2013,中鋼構          ,162000,192000,-30000,0,0,0,0,0,0,0,0,0,0,0,0,0,-30000
08827P,緯穎元大01售05  ,0,0,0,0,0,0,0,0,0,-30000,0,0,0,0,30000,-30000,-30000
067725,旭富凱基01購03  ,0,0,0,0,0,0,0,0,0,-31000,0,0,0,78000,109000,-31000,-31000
067909,玉晶光國泰03購02,0,0,0,0,0,0,0,0,0,-31000,0,0,0,0,31000,-31000,-31000
063553,同欣電國票9B購03,0,0,0,0,0,0,0,0,0,-31000,0,0,0,0,31000,-31000,-31000
063488,金像電國泰01購01,0,0,0,0,0,0,0,0,0,-31000,0,0,0,23000,54000,-31000,-31000
03131P,南亞科元富07售02,0,0,0,0,0,0,0,0,0,-31000,0,0,0,0,31000,-31000,-31000
03001P,玉晶光群益02售17,0,0,0,0,0,0,0,0,0,-31000,0,0,0,145000,176000,-31000,-31000
061370,晶技國泰9C購01  ,0,0,0,0,0,0,0,0,0,-31000,0,0,0,1000,32000,-31000,-31000
064048,大立光統一9C購07,0,0,0,0,0,0,0,0,0,-31000,0,0,0,320000,351000,-31000,-31000
060540,南亞凱基9A購01  ,0,1000,-1000,0,0,0,0,0,0,-30000,0,0,0,12000,42000,-30000,-31000
061056,臺指反國票02購01,0,0,0,0,0,0,0,0,0,-31000,0,0,0,20000,51000,-31000,-31000
063127,TPK元大9B購02   ,0,0,0,0,0,0,0,0,0,-31000,0,0,0,113000,144000,-31000,-31000
063196,力成元富9B購01  ,0,0,0,0,0,0,0,0,0,-31000,0,0,0,24000,55000,-31000,-31000
061258,華通凱基9A購06  ,0,0,0,0,0,0,0,0,0,-31000,0,0,0,12000,43000,-31000,-31000
066930,台積電國票02購01,0,0,0,0,0,0,0,0,0,-31000,0,0,0,1060000,1091000,-31000,-31000
066241,瑞祺富邦03購01  ,0,0,0,0,0,0,0,0,0,-31000,0,0,0,0,31000,-31000,-31000
064792,美律國票9C購01  ,0,0,0,0,0,0,0,0,0,-31000,0,0,0,20000,51000,-31000,-31000
1702,南僑            ,92000,73000,19000,0,0,0,0,0,0,-50000,0,0,0,0,50000,-50000,-31000
8454,富邦媒          ,65000,83300,-18300,0,0,0,0,0,0,-13000,5000,18000,-13000,0,0,0,-31300
067932,技嘉凱基01購01  ,0,0,0,0,0,0,0,0,0,-32000,0,0,0,26000,58000,-32000,-32000
067363,同欣電群益01購02,0,0,0,0,0,0,0,0,0,-32000,0,0,0,81000,113000,-32000,-32000
07774P,台灣50群益9A售16,0,0,0,0,0,0,0,0,0,-32000,0,0,0,0,32000,-32000,-32000
08290P,高鐵統一01售01  ,0,0,0,0,0,0,0,0,0,-32000,0,0,0,2000,34000,-32000,-32000
03020P,大立光群益01售11,0,0,0,0,0,0,0,0,0,-32000,0,0,0,0,32000,-32000,-32000
050758,聯發科元富9B購01,0,0,0,0,0,0,0,0,0,-32000,0,0,0,28000,60000,-32000,-32000
056971,麗豐永豐98購01  ,0,0,0,0,0,0,0,0,0,-32000,0,0,0,10000,42000,-32000,-32000
058834,GIS永豐99購01   ,0,0,0,0,0,0,0,0,0,-32000,0,0,0,0,32000,-32000,-32000
058655,鴻海中信03購02  ,0,0,0,0,0,0,0,0,0,-32000,0,0,0,0,32000,-32000,-32000
061238,晶技元大9A購02  ,0,0,0,0,0,0,0,0,0,-32000,0,0,0,33000,65000,-32000,-32000
063230,緯穎群益9B購02  ,0,0,0,0,0,0,0,0,0,-32000,0,0,0,10000,42000,-32000,-32000
062708,立積元大9B購01  ,0,0,0,0,0,0,0,0,0,-32000,0,0,0,17000,49000,-32000,-32000
061633,統一元大9A購01  ,0,0,0,0,0,0,0,0,0,-32000,0,0,0,130000,162000,-32000,-32000
060965,中租凱基9B購01  ,0,0,0,0,0,0,0,0,0,-32000,0,0,0,0,32000,-32000,-32000
060876,國巨中信9A購04  ,0,0,0,0,0,0,0,0,0,-32000,0,0,0,9000,41000,-32000,-32000
060929,健策永豐9A購01  ,0,0,0,0,0,0,0,0,0,-32000,0,0,0,13000,45000,-32000,-32000
064084,群創中信06購02  ,0,0,0,0,0,0,0,0,0,-32000,0,0,0,0,32000,-32000,-32000
064065,大立光富邦02購02,0,0,0,0,0,0,0,0,0,-32000,0,0,0,0,32000,-32000,-32000
064134,瑞祺元大9C購02  ,0,0,0,0,0,0,0,0,0,-32000,0,0,0,13000,45000,-32000,-32000
063910,漢唐凱基9C購01  ,0,0,0,0,0,0,0,0,0,-32000,0,0,0,30000,62000,-32000,-32000
064757,義隆凱基01購02  ,0,0,0,0,0,0,0,0,0,-32000,0,0,0,402000,434000,-32000,-32000
064701,巨大群益9C購02  ,0,0,0,0,0,0,0,0,0,-32000,0,0,0,0,32000,-32000,-32000
065712,緯穎群益9C購03  ,0,0,0,0,0,0,0,0,0,-32000,0,0,0,30000,62000,-32000,-32000
066072,華新科凱基01購03,0,0,0,0,0,0,0,0,0,-32000,0,0,0,31000,63000,-32000,-32000
065725,技嘉凱基9C購03  ,0,0,0,0,0,0,0,0,0,-32000,0,0,0,1000,33000,-32000,-32000
5288,豐祥-KY         ,52000,73000,-21000,0,0,0,0,0,0,-11000,0,11000,-11000,0,0,0,-32000
1517,利奇            ,226000,258000,-32000,0,0,0,0,0,0,0,0,0,0,0,0,0,-32000
08532P,國巨元富06售02  ,0,0,0,0,0,0,0,0,0,-33000,0,0,0,27000,60000,-33000,-33000
07610P,大立光國票9A售04,0,0,0,0,0,0,0,0,0,-33000,0,0,0,0,33000,-33000,-33000
067133,正崴永豐01購01  ,0,0,0,0,0,0,0,0,0,-33000,0,0,0,197000,230000,-33000,-33000
067822,同欣電凱基01購02,0,0,0,0,0,0,0,0,0,-33000,0,0,0,18000,51000,-33000,-33000
067826,高鐵兆豐03購01  ,0,0,0,0,0,0,0,0,0,-33000,0,0,0,0,33000,-33000,-33000
067871,玉晶光元大01購08,0,0,0,0,0,0,0,0,0,-33000,0,0,0,61000,94000,-33000,-33000
058766,力山兆豐99購01  ,0,0,0,0,0,0,0,0,0,-33000,0,0,0,0,33000,-33000,-33000
063562,國巨元大9C購06  ,0,0,0,0,0,0,0,0,0,-33000,0,0,0,0,33000,-33000,-33000
063557,聚陽元大9B購01  ,0,0,0,0,0,0,0,0,0,-33000,0,0,0,26000,59000,-33000,-33000
059363,超眾永豐99購02  ,0,0,0,0,0,0,0,0,0,-33000,0,0,0,22000,55000,-33000,-33000
03062P,世紀鋼凱基02售02,0,0,0,0,0,0,0,0,0,-33000,0,0,0,18000,51000,-33000,-33000
064226,TPK國票01購01   ,0,0,0,0,0,0,0,0,0,-33000,0,0,0,0,33000,-33000,-33000
063852,瀚宇博元大9C購01,0,0,0,0,0,0,0,0,0,-33000,0,0,0,5000,38000,-33000,-33000
066138,健策群益01購05  ,40000,0,40000,0,0,0,0,0,0,-73000,0,0,0,31000,104000,-73000,-33000
066533,南茂元富01購01  ,0,0,0,0,0,0,0,0,0,-33000,0,0,0,97000,130000,-33000,-33000
066488,聯詠元富07購01  ,0,0,0,0,0,0,0,0,0,-33000,0,0,0,49000,82000,-33000,-33000
064604,聯茂元富9C購01  ,0,0,0,0,0,0,0,0,0,-33000,0,0,0,0,33000,-33000,-33000
064517,國巨群益02購01  ,0,0,0,0,0,0,0,0,0,-33000,0,0,0,48000,81000,-33000,-33000
064405,美食凱基01購02  ,0,0,0,0,0,0,0,0,0,-33000,0,0,0,7000,40000,-33000,-33000
1707,葡萄王          ,36000,69000,-33000,0,0,0,0,0,0,0,0,0,0,0,0,0,-33000
08746P,鴻海元富07售06  ,0,0,0,0,0,0,0,0,0,-33000,0,0,0,7000,40000,-33000,-33000
08905P,金像電群益01售06,0,0,0,0,0,0,0,0,0,-33000,0,0,0,0,33000,-33000,-33000
08906P,義隆群益01售04  ,0,0,0,0,0,0,0,0,0,-33000,0,0,0,0,33000,-33000,-33000
2495,普安            ,20000,18000,2000,0,0,0,0,0,0,-35000,0,35000,-35000,0,0,0,-33000
067812,國泰金凱基01購01,0,0,0,0,0,0,0,0,0,-34000,0,0,0,0,34000,-34000,-34000
066991,訊芯群益01購01  ,0,0,0,0,0,0,0,0,0,-34000,0,0,0,72000,106000,-34000,-34000
067338,欣興凱基01購02  ,0,0,0,0,0,0,0,0,0,-34000,0,0,0,152000,186000,-34000,-34000
058017,漢唐凱基99購01  ,0,0,0,0,0,0,0,0,0,-34000,0,0,0,0,34000,-34000,-34000
058124,玉晶光國票9A購01,0,0,0,0,0,0,0,0,0,-34000,0,0,0,15000,49000,-34000,-34000
056264,聯發科統一98購02,0,0,0,0,0,0,0,0,0,-34000,0,0,0,0,34000,-34000,-34000
058841,深中小群益01購01,0,0,0,0,0,0,0,0,0,-34000,0,0,0,21000,55000,-34000,-34000
059003,中壽元大99購01  ,0,0,0,0,0,0,0,0,0,-34000,0,0,0,0,34000,-34000,-34000
059853,超眾永豐99購03  ,0,0,0,0,0,0,0,0,0,-34000,0,0,0,0,34000,-34000,-34000
063831,帆宣國票01購01  ,0,0,0,0,0,0,0,0,0,-34000,0,0,0,10000,44000,-34000,-34000
062163,大毅國泰01購01  ,0,0,0,0,0,0,0,0,0,-34000,0,0,0,95000,129000,-34000,-34000
060783,亞德客富邦9B購01,0,0,0,0,0,0,0,0,0,-34000,0,0,0,0,34000,-34000,-34000
064177,立積國泰01購01  ,0,0,0,0,0,0,0,0,0,-34000,0,0,0,16000,50000,-34000,-34000
064477,南六國泰02購01  ,0,0,0,0,0,0,0,0,0,-34000,0,0,0,310000,344000,-34000,-34000
065321,瑞昱凱基9C購01  ,0,0,0,0,0,0,0,0,0,-34000,0,0,0,10000,44000,-34000,-34000
065123,台灣50永豐9C購02,0,0,0,0,0,0,0,0,0,-34000,0,0,0,0,34000,-34000,-34000
066106,台郡國票02購01  ,0,0,0,0,0,0,0,0,0,-34000,0,0,0,16000,50000,-34000,-34000
065742,宏達電麥證9C購01,0,0,0,0,34000,-34000,0,0,0,-34000,0,0,0,0,34000,-34000,-34000
065990,華擎永豐01購01  ,0,0,0,0,0,0,0,0,0,-34000,0,0,0,11000,45000,-34000,-34000
08961P,大毅凱基01售03  ,0,0,0,0,0,0,0,0,0,-34000,0,0,0,133000,167000,-34000,-34000
07509P,牧德國票9A售03  ,0,0,0,0,0,0,0,0,0,-35000,0,0,0,0,35000,-35000,-35000
07685P,玉晶光凱基9B售03,0,0,0,0,0,0,0,0,0,-35000,0,0,0,15000,50000,-35000,-35000
068318,中興電元大01購01,0,0,0,0,0,0,0,0,0,-35000,0,0,0,0,35000,-35000,-35000
068325,宏碁元大01購04  ,0,0,0,0,0,0,0,0,0,-35000,0,0,0,1000,36000,-35000,-35000
059766,同欣電永豐99購03,0,0,0,0,0,0,0,0,0,-35000,0,0,0,7000,42000,-35000,-35000
060222,貿聯凱基9A購02  ,0,0,0,0,0,0,0,0,0,-35000,0,0,0,0,35000,-35000,-35000
060052,宏碁凱基99購01  ,0,0,0,0,0,0,0,0,0,-35000,0,0,0,13000,48000,-35000,-35000
058546,玉晶光富邦9B購01,0,0,0,0,0,0,0,0,0,-35000,0,0,0,15000,50000,-35000,-35000
058797,大毅元大99購03  ,0,0,0,0,0,0,0,0,0,-35000,0,0,0,29000,64000,-35000,-35000
059528,華新科凱基99購06,0,0,0,0,0,0,0,0,0,-35000,0,0,0,0,35000,-35000,-35000
063599,智邦凱基9B購04  ,0,0,0,0,0,0,0,0,0,-35000,0,0,0,0,35000,-35000,-35000
06371P,茂林國票98售04  ,0,0,0,0,0,0,0,0,0,-35000,0,0,0,0,35000,-35000,-35000
064008,日月光凱基9C購01,0,0,0,0,0,0,0,0,0,-35000,0,0,0,52000,87000,-35000,-35000
061932,上銀國票9B購01  ,0,0,0,0,0,0,0,0,0,-35000,0,0,0,12000,47000,-35000,-35000
060952,滬深2X群益9C購05,0,0,0,0,0,0,0,0,0,-35000,0,0,0,10000,45000,-35000,-35000
061689,國巨群益9A購12  ,0,0,0,0,0,0,0,0,0,-35000,0,0,0,17000,52000,-35000,-35000
062941,大立光凱基9B購07,0,0,0,0,0,0,0,0,0,-35000,0,0,0,15000,50000,-35000,-35000
062814,台光電兆豐9B購01,0,0,0,0,0,0,0,0,0,-35000,0,0,0,0,35000,-35000,-35000
066401,智伸科凱基01購02,0,0,0,0,0,0,0,0,0,-35000,0,0,0,10000,45000,-35000,-35000
066689,技嘉台新01購01  ,0,0,0,0,0,0,0,0,0,-35000,0,0,0,16000,51000,-35000,-35000
064473,技嘉麥證9C購01  ,0,0,0,0,51000,-51000,0,0,0,-35000,0,0,0,16000,51000,-35000,-35000
064678,嘉晶兆豐01購01  ,0,0,0,0,0,0,0,0,0,-35000,0,0,0,0,35000,-35000,-35000
08983P,玉晶光凱基01售06,0,0,0,0,0,0,0,0,0,-35000,0,0,0,91000,126000,-35000,-35000
1536,和大            ,297000,209000,88000,0,0,0,0,60000,-60000,-63000,2000,51000,-49000,0,14000,-14000,-35000
1905,華紙            ,189000,193000,-4000,0,0,0,0,0,0,-31000,0,28000,-28000,0,3000,-3000,-35000
2908,特力            ,32000,67000,-35000,0,0,0,0,0,0,0,0,0,0,0,0,0,-35000
068288,長榮航群益01購02,0,0,0,0,0,0,0,0,0,-36000,0,0,0,0,36000,-36000,-36000
08401P,玉晶光元富9C售04,0,0,0,0,0,0,0,0,0,-36000,0,0,0,110000,146000,-36000,-36000
08176P,國巨元大9B售20  ,0,0,0,0,0,0,0,0,0,-36000,0,0,0,0,36000,-36000,-36000
063574,茂林元大9B購07  ,0,0,0,0,0,0,0,0,0,-36000,0,0,0,100000,136000,-36000,-36000
058410,國巨兆豐99購03  ,0,0,0,0,0,0,0,0,0,-36000,0,0,0,24000,60000,-36000,-36000
059344,長榮航凱基99購01,0,0,0,0,0,0,0,0,0,-36000,0,0,0,0,36000,-36000,-36000
059708,立積凱基9A購02  ,0,0,0,0,0,0,0,0,0,-36000,0,0,0,0,36000,-36000,-36000
055036,中工富邦9B購01  ,0,0,0,0,0,0,0,0,0,-36000,0,0,0,143000,179000,-36000,-36000
057930,旺宏群益99購04  ,0,0,0,0,0,0,0,0,0,-36000,0,0,0,0,36000,-36000,-36000
00648R,元大S&P500反1   ,0,0,0,0,0,0,0,0,0,-36000,0,0,0,323000,359000,-36000,-36000
062621,緯穎元大9B購05  ,0,0,0,0,0,0,0,0,0,-36000,0,0,0,0,36000,-36000,-36000
063325,SP黃豆國票9C購02,0,0,0,0,0,0,0,0,0,-36000,0,0,0,0,36000,-36000,-36000
063366,台表科富邦9C購02,0,0,0,0,0,0,0,0,0,-36000,0,0,0,4000,40000,-36000,-36000
063476,台表科元大9C購03,0,0,0,0,0,0,0,0,0,-36000,0,0,0,37000,73000,-36000,-36000
061940,世紀鋼國票9C購01,0,0,0,0,0,0,0,0,0,-36000,0,0,0,9000,45000,-36000,-36000
064347,貿聯元大9C購03  ,0,0,0,0,0,0,0,0,0,-36000,0,0,0,0,36000,-36000,-36000
064628,南六元大9C購05  ,0,0,0,0,0,0,0,0,0,-36000,0,0,0,6000,42000,-36000,-36000
064658,喬山元大9C購01  ,0,0,0,0,0,0,0,0,0,-36000,0,0,0,0,36000,-36000,-36000
065146,帆宣凱基9C購01  ,0,0,0,0,0,0,0,0,0,-36000,0,0,0,0,36000,-36000,-36000
065218,世芯國泰02購02  ,0,0,0,0,0,0,0,0,0,-36000,0,0,0,0,36000,-36000,-36000
066884,亞光永豐01購01  ,0,0,0,0,0,0,0,0,0,-36000,0,0,0,10000,46000,-36000,-36000
08710P,鴻海元富07售03  ,0,0,0,0,0,0,0,0,0,-36000,0,0,0,7000,43000,-36000,-36000
07986P,大成鋼統一9B售02,0,0,0,0,0,0,0,0,0,-37000,0,0,0,3000,40000,-37000,-37000
08399P,技嘉元富9C售02  ,0,0,0,0,0,0,0,0,0,-37000,0,0,0,7000,44000,-37000,-37000
08534P,玉晶光元富06售02,0,0,0,0,0,0,0,0,0,-37000,0,0,0,51000,88000,-37000,-37000
07880P,可成群益9B售05  ,0,0,0,0,0,0,0,0,0,-37000,0,0,0,23000,60000,-37000,-37000
067364,緯穎群益01購05  ,0,0,0,0,0,0,0,0,0,-37000,0,0,0,20000,57000,-37000,-37000
059159,上銀凱基99購05  ,0,0,0,0,0,0,0,0,0,-37000,0,0,0,0,37000,-37000,-37000
059754,訊芯群益9A購01  ,0,0,0,0,0,0,0,0,0,-37000,0,0,0,48000,85000,-37000,-37000
060215,柏文康和9A購01  ,0,0,0,0,0,0,0,0,0,-37000,0,0,0,0,37000,-37000,-37000
058837,SGBR2X中信9C購01,0,0,0,0,0,0,0,0,0,-37000,0,0,0,0,37000,-37000,-37000
063567,漢唐元大9B購03  ,0,0,0,0,0,0,0,0,0,-37000,0,0,0,24000,61000,-37000,-37000
063517,遠東新凱基01購01,0,0,0,0,0,0,0,0,0,-37000,0,0,0,18000,55000,-37000,-37000
063999,日月光兆豐9C購01,0,0,0,0,0,0,0,0,0,-37000,0,0,0,124000,161000,-37000,-37000
061581,貿聯元大9A購05  ,0,0,0,0,0,0,0,0,0,-37000,0,0,0,38000,75000,-37000,-37000
066967,台積電元富07購03,0,0,0,0,0,0,0,0,0,-37000,0,0,0,0,37000,-37000,-37000
065930,矽格國票02購01  ,0,0,0,0,0,0,0,0,0,-37000,0,0,0,22000,59000,-37000,-37000
066157,晶碩康和01購01  ,0,0,0,0,0,0,0,0,0,-37000,0,0,0,8000,45000,-37000,-37000
065331,亞德客國票01購01,0,0,0,0,0,0,0,0,0,-37000,0,0,0,68000,105000,-37000,-37000
065030,亞光兆豐9C購01  ,0,0,0,0,0,0,0,0,0,-37000,0,0,0,0,37000,-37000,-37000
065678,聯發科統一01購07,0,0,0,0,0,0,0,0,0,-37000,0,0,0,3000,40000,-37000,-37000
065577,超眾群益9C購02  ,0,0,0,0,0,0,0,0,0,-37000,0,0,0,15000,52000,-37000,-37000
064572,同欣電群益9C購02,0,0,0,0,0,0,0,0,0,-37000,0,0,0,14000,51000,-37000,-37000
067594,國巨凱基01購06  ,0,0,0,0,0,0,0,0,0,-38000,0,0,0,10000,48000,-38000,-38000
067906,國揚國泰02購01  ,0,0,0,0,0,0,0,0,0,-38000,0,0,0,413000,451000,-38000,-38000
067940,健策凱基01購04  ,0,0,0,0,0,0,0,0,0,-38000,0,0,0,61000,99000,-38000,-38000
07691P,宏達電元大9A售05,0,0,0,0,0,0,0,0,0,-38000,0,0,0,102000,140000,-38000,-38000
068452,台積電國票03購02,0,0,0,0,0,0,0,0,0,-38000,0,0,0,881000,919000,-38000,-38000
08354P,旺宏元大9C售05  ,0,0,0,0,0,0,0,0,0,-38000,0,0,0,0,38000,-38000,-38000
063644,祥碩元大9B購10  ,0,0,0,0,0,0,0,0,0,-38000,0,0,0,22000,60000,-38000,-38000
058476,旺宏凱基9A購01  ,0,0,0,0,0,0,0,0,0,-38000,0,0,0,0,38000,-38000,-38000
06025P,臺股指元大99售02,0,0,0,0,0,0,0,0,0,-38000,0,0,0,191000,229000,-38000,-38000
054974,台表科元大98購02,0,0,0,0,0,0,0,0,0,-38000,0,0,0,0,38000,-38000,-38000
062361,智邦元大9B購06  ,0,0,0,0,0,0,0,0,0,-38000,0,0,0,35000,73000,-38000,-38000
063000,緯穎國票9B購03  ,0,0,0,0,0,0,0,0,0,-38000,0,0,0,0,38000,-38000,-38000
065563,T50反1群益9C購04,0,0,0,0,0,0,0,0,0,-38000,0,0,0,393000,431000,-38000,-38000
065709,瀚宇博群益9C購01,0,0,0,0,0,0,0,0,0,-38000,0,0,0,20000,58000,-38000,-38000
065098,致伸元大9C購02  ,0,0,0,0,0,0,0,0,0,-38000,0,0,0,0,38000,-38000,-38000
065152,燿華群益9C購02  ,0,0,0,0,0,0,0,0,0,-38000,0,0,0,23000,61000,-38000,-38000
2547,日勝生          ,244000,282113,-38113,0,0,0,0,0,0,0,0,0,0,0,0,0,-38113
068357,富邦金凱基01購01,0,0,0,0,0,0,0,0,0,-39000,0,0,0,133000,172000,-39000,-39000
068367,聯電富邦03購02  ,0,0,0,0,0,0,0,0,0,-39000,0,0,0,999000,1038000,-39000,-39000
07230P,滬深2X群益01售02,0,0,0,0,0,0,0,0,0,-39000,0,0,0,0,39000,-39000,-39000
067786,緯創群益04購01  ,0,0,0,0,0,0,0,0,0,-39000,0,0,0,10000,49000,-39000,-39000
047885,元金2X富邦99購01,0,0,0,0,0,0,0,0,0,-39000,0,0,0,11000,50000,-39000,-39000
058729,國巨永豐99購03  ,0,0,0,0,0,0,0,0,0,-39000,0,0,0,3000,42000,-39000,-39000
060044,大立光群益99購09,0,0,0,0,0,0,0,0,0,-39000,0,0,0,0,39000,-39000,-39000
059454,亞光永豐99購01  ,0,0,0,0,0,0,0,0,0,-39000,0,0,0,19000,58000,-39000,-39000
058351,上銀凱基9A購02  ,0,0,0,0,0,0,0,0,0,-39000,0,0,0,30000,69000,-39000,-39000
063504,國巨群益9C購06  ,0,0,0,0,0,0,0,0,0,-39000,0,0,0,0,39000,-39000,-39000
063594,上銀中信9C購01  ,0,0,0,0,0,0,0,0,0,-39000,0,0,0,0,39000,-39000,-39000
062491,矽創永豐9B購01  ,0,0,0,0,0,0,0,0,0,-39000,0,0,0,0,39000,-39000,-39000
063894,漢唐群益9C購01  ,0,0,0,0,0,0,0,0,0,-39000,0,0,0,2000,41000,-39000,-39000
066859,華擎國票02購01  ,0,0,0,0,0,0,0,0,0,-39000,0,0,0,13000,52000,-39000,-39000
066660,群光凱基01購01  ,0,0,0,0,0,0,0,0,0,-39000,0,0,0,44000,83000,-39000,-39000
08701P,景碩康和01售02  ,0,0,0,0,0,0,0,0,0,-39000,0,0,0,7000,46000,-39000,-39000
08732P,臺股指麥證01售04,0,0,0,10000,39000,-29000,0,0,0,-39000,0,0,0,10000,49000,-39000,-39000
2207,和泰車          ,254000,239792,14208,0,0,0,1000,0,1000,-55000,0,55000,-55000,0,0,0,-39792
067811,高鐵凱基01購01  ,0,0,0,0,0,0,0,0,0,-40000,0,0,0,0,40000,-40000,-40000
067816,玉晶光凱基01購05,0,0,0,0,0,0,0,0,0,-40000,0,0,0,81000,121000,-40000,-40000
067751,臺股指元大01購15,0,0,0,0,0,0,0,0,0,-40000,0,0,0,32000,72000,-40000,-40000
067709,大立光元富07購01,0,0,0,0,0,0,0,0,0,-40000,0,0,0,37000,77000,-40000,-40000
067440,A50正2國票02購01,0,0,0,0,0,0,0,0,0,-40000,0,0,0,10000,50000,-40000,-40000
067145,南港統一03購02  ,0,0,0,0,0,0,0,0,0,-40000,0,0,0,20000,60000,-40000,-40000
07503P,禾伸堂元大9A售01,0,0,0,0,0,0,0,0,0,-40000,0,0,0,0,40000,-40000,-40000
07845P,南亞科元大9A售08,0,0,0,0,0,0,0,0,0,-40000,0,0,0,10000,50000,-40000,-40000
06834P,訊芯群益99售02  ,0,0,0,0,0,0,0,0,0,-40000,0,0,0,0,40000,-40000,-40000
068250,聯發科元大02購04,0,0,0,0,0,0,0,0,0,-40000,0,0,0,104000,144000,-40000,-40000
08363P,南亞科凱基01售01,0,0,0,0,0,0,0,0,0,-40000,0,0,0,0,40000,-40000,-40000
08559P,瑞昱國票9C售01  ,0,0,0,0,0,0,0,0,0,-40000,0,0,0,0,40000,-40000,-40000
08619P,國巨群益9C售21  ,0,0,0,0,0,0,0,0,0,-40000,0,0,0,0,40000,-40000,-40000
08622P,緯創群益9C售03  ,0,0,0,0,0,0,0,0,0,-40000,0,0,0,0,40000,-40000,-40000
07990P,緯穎凱基9B售02  ,0,0,0,0,0,0,0,0,0,-40000,0,0,0,136000,176000,-40000,-40000
063628,華通元大9B購09  ,0,0,0,0,0,0,0,0,0,-40000,0,0,0,15000,55000,-40000,-40000
058575,智邦群益99購01  ,0,0,0,0,0,0,0,0,0,-40000,0,0,0,0,40000,-40000,-40000
059391,立積凱基9A購01  ,0,0,0,0,0,0,0,0,0,-40000,0,0,0,10000,50000,-40000,-40000
059597,大立光元大99購21,0,0,0,0,0,0,0,0,0,-40000,0,0,0,0,40000,-40000,-40000
060105,牧德元大9B購01  ,0,0,0,0,0,0,0,0,0,-40000,0,0,0,60000,100000,-40000,-40000
058949,上銀群益99購02  ,0,0,0,0,0,0,0,0,0,-40000,0,0,0,0,40000,-40000,-40000
059031,元石油中信03購01,0,0,0,0,0,0,0,0,0,-40000,0,0,0,0,40000,-40000,-40000
057532,智原元大98購03  ,0,0,0,0,0,0,0,0,0,-40000,0,0,0,10000,50000,-40000,-40000
057506,聯鈞國票99購02  ,0,0,0,0,0,0,0,0,0,-40000,0,0,0,8000,48000,-40000,-40000
057915,台泥凱基98購01  ,0,0,0,0,0,0,0,0,0,-40000,0,0,0,0,40000,-40000,-40000
057848,台表科永豐98購02,0,0,0,0,0,0,0,0,0,-40000,0,0,0,0,40000,-40000,-40000
056034,華通凱基98購01  ,0,0,0,0,0,0,0,0,0,-40000,0,0,0,0,40000,-40000,-40000
056925,群創兆豐98購03  ,0,0,0,0,0,0,0,0,0,-40000,0,0,0,0,40000,-40000,-40000
063969,晶豪科國票01購01,0,0,0,0,0,0,0,0,0,-40000,0,0,0,0,40000,-40000,-40000
064295,聚陽國票01購01  ,0,0,0,0,0,0,0,0,0,-40000,0,0,0,0,40000,-40000,-40000
060904,臺指反元大9C購07,0,0,0,0,0,0,0,0,0,-40000,0,0,0,20000,60000,-40000,-40000
060892,超眾統一9C購01  ,0,0,0,0,0,0,0,0,0,-40000,0,0,0,138000,178000,-40000,-40000
061131,崇越永豐9A購01  ,0,0,0,0,0,0,0,0,0,-40000,0,0,0,113000,153000,-40000,-40000
062937,旺宏凱基9B購08  ,0,0,0,0,0,0,0,0,0,-40000,0,0,0,17000,57000,-40000,-40000
062763,華擎凱基9C購02  ,0,0,0,0,0,0,0,0,0,-40000,0,0,0,10000,50000,-40000,-40000
062751,華擎中信9C購01  ,0,0,0,0,0,0,0,0,0,-40000,0,0,0,10000,50000,-40000,-40000
061842,牧德凱基9C購01  ,0,0,0,0,0,0,0,0,0,-40000,0,0,0,0,40000,-40000,-40000
062197,聯發科中信01購03,0,0,0,0,0,0,0,0,0,-40000,0,0,0,0,40000,-40000,-40000
063083,聯發科凱基01購02,0,0,0,0,0,0,0,0,0,-40000,0,0,0,0,40000,-40000,-40000
063408,茂林國票9C購02  ,0,0,0,0,0,0,0,0,0,-40000,0,0,0,10000,50000,-40000,-40000
063113,聯茂兆豐9B購01  ,0,0,0,0,0,0,0,0,0,-40000,0,0,0,29000,69000,-40000,-40000
066879,智伸科富邦03購01,0,0,0,0,0,0,0,0,0,-40000,0,0,0,194000,234000,-40000,-40000
066096,友訊中信05購02  ,0,0,0,0,0,0,0,0,0,-40000,0,0,0,0,40000,-40000,-40000
066222,生達國泰02購01  ,0,0,0,0,0,0,0,0,0,-40000,0,0,0,0,40000,-40000,-40000
066335,潤泰全永豐01購01,0,0,0,0,0,0,0,0,0,-40000,0,0,0,48000,88000,-40000,-40000
06505P,康控國票99售02  ,0,0,0,0,0,0,0,0,0,-40000,0,0,0,0,40000,-40000,-40000
065677,南亞科統一03購02,4000,0,4000,0,0,0,0,0,0,-44000,0,0,0,10000,54000,-44000,-40000
065433,緯創凱基9C購01  ,0,0,0,0,0,0,0,0,0,-40000,0,0,0,40000,80000,-40000,-40000
065460,嘉聯益台新9C購01,0,0,0,0,0,0,0,0,0,-40000,0,0,0,26000,66000,-40000,-40000
064585,中壽永豐9C購01  ,0,0,0,0,0,0,0,0,0,-40000,0,0,0,0,40000,-40000,-40000
064455,美食統一01購03  ,0,0,0,0,0,0,0,0,0,-40000,0,0,0,0,40000,-40000,-40000
064738,裕隆國票01購01  ,0,0,0,0,0,0,0,0,0,-40000,0,0,0,0,40000,-40000,-40000
064782,健策群益9C購02  ,0,0,0,0,0,0,0,0,0,-40000,0,0,0,40000,80000,-40000,-40000
064932,緯穎統一01購04  ,0,0,0,0,0,0,0,0,0,-40000,0,0,0,0,40000,-40000,-40000
064882,同欣電兆豐9C購01,0,0,0,0,0,0,0,0,0,-40000,0,0,0,0,40000,-40000,-40000
08156P,大立光元富9B售05,0,0,0,0,0,0,0,0,0,-41000,0,0,0,0,41000,-41000,-41000
067410,聚陽兆豐01購01  ,0,0,0,0,0,0,0,0,0,-41000,0,0,0,0,41000,-41000,-41000
067345,美利達凱基02購01,0,0,0,0,0,0,0,0,0,-41000,0,0,0,60000,101000,-41000,-41000
067630,大成鋼永豐01購01,0,0,0,0,0,0,0,0,0,-41000,0,0,0,5000,46000,-41000,-41000
068088,台灣50群益01購13,0,0,0,0,0,0,0,0,0,-41000,0,0,0,421000,462000,-41000,-41000
058207,南茂凱基99購01  ,0,0,0,0,0,0,0,0,0,-41000,0,0,0,46000,87000,-41000,-41000
058669,上銀群益99購01  ,0,0,0,0,0,0,0,0,0,-41000,0,0,0,0,41000,-41000,-41000
058648,聯陽永豐99購01  ,0,0,0,0,0,0,0,0,0,-41000,0,0,0,3000,44000,-41000,-41000
059531,華新科凱基9B購02,0,0,0,0,0,0,0,0,0,-41000,0,0,0,0,41000,-41000,-41000
063615,瑞祺群益9B購03  ,0,0,0,0,0,0,0,0,0,-41000,0,0,0,0,41000,-41000,-41000
062195,聚陽中信9C購01  ,0,0,0,0,0,0,0,0,0,-41000,0,0,0,0,41000,-41000,-41000
060777,茂林凱基9C購01  ,0,0,0,0,0,0,0,0,0,-41000,0,0,0,0,41000,-41000,-41000
061974,光寶科元大9B購01,0,0,0,0,0,0,0,0,0,-41000,0,0,0,0,41000,-41000,-41000
064788,台汽電群益9C購01,0,0,0,0,0,0,0,0,0,-41000,0,0,0,0,41000,-41000,-41000
065051,和碩凱基02購01  ,0,0,0,0,0,0,0,0,0,-41000,0,0,0,69000,110000,-41000,-41000
065022,同欣電富邦01購01,0,0,0,0,0,0,0,0,0,-41000,0,0,0,8000,49000,-41000,-41000
066105,松翰國票01購01  ,0,0,0,0,0,0,0,0,0,-41000,0,0,0,42000,83000,-41000,-41000
065852,創意元大9C購06  ,0,0,0,0,0,0,0,0,0,-41000,0,0,0,21000,62000,-41000,-41000
065865,光寶科群益9C購02,0,0,0,0,0,0,0,0,0,-41000,0,0,0,28000,69000,-41000,-41000
066909,義隆凱基01購04  ,0,0,0,0,0,0,0,0,0,-41000,0,0,0,89000,130000,-41000,-41000
066735,智原元大01購03  ,0,0,0,0,0,0,0,0,0,-41000,0,0,0,144000,185000,-41000,-41000
066650,宏達電康和01購01,0,0,0,0,0,0,0,0,0,-41000,0,0,0,28000,69000,-41000,-41000
1808,潤隆            ,102000,63000,39000,0,0,0,0,0,0,-80000,0,80000,-80000,0,0,0,-41000
067595,國巨凱基02購04  ,0,0,0,0,0,0,0,0,0,-42000,0,0,0,8000,50000,-42000,-42000
067297,台積電元大02購03,0,0,0,0,0,0,0,0,0,-42000,0,0,0,74000,116000,-42000,-42000
067460,晶技永豐01購02  ,0,0,0,0,0,0,0,0,0,-42000,0,0,0,91000,133000,-42000,-42000
08015P,可成凱基9B售05  ,0,0,0,0,0,0,0,0,0,-42000,0,0,0,10000,52000,-42000,-42000
063666,京元電統一9C購01,0,0,0,0,0,0,0,0,0,-42000,0,0,0,0,42000,-42000,-42000
058572,百和凱基9A購01  ,0,0,0,0,0,0,0,0,0,-42000,0,0,0,0,42000,-42000,-42000
060208,卜蜂康和9A購01  ,0,0,0,0,0,0,0,0,0,-42000,0,0,0,0,42000,-42000,-42000
059096,百和元大99購04  ,0,0,0,0,0,0,0,0,0,-42000,0,0,0,33000,75000,-42000,-42000
057840,健策富邦99購01  ,0,0,0,0,0,0,0,0,0,-42000,0,0,0,20000,62000,-42000,-42000
061530,智邦台新9A購02  ,0,0,0,0,0,0,0,0,0,-42000,0,0,0,0,42000,-42000,-42000
061796,興勤永豐9B購01  ,0,0,0,0,0,0,0,0,0,-42000,0,0,0,122000,164000,-42000,-42000
061870,智邦元大9B購02  ,0,0,0,0,0,0,0,0,0,-42000,0,0,0,17000,59000,-42000,-42000
061877,貿聯元大9B購01  ,0,0,0,0,0,0,0,0,0,-42000,0,0,0,0,42000,-42000,-42000
062824,國巨群益9C購03  ,0,0,0,0,0,0,0,0,0,-42000,0,0,0,10000,52000,-42000,-42000
066624,燿華凱基01購02  ,0,0,0,0,0,0,0,0,0,-42000,0,0,0,0,42000,-42000,-42000
066531,智伸科元富01購01,0,0,0,0,0,0,0,0,0,-42000,0,0,0,0,42000,-42000,-42000
066575,緯穎元大01購03  ,0,0,0,0,0,0,0,0,0,-42000,0,0,0,18000,60000,-42000,-42000
066509,南亞永豐01購01  ,0,0,0,0,0,0,0,0,0,-42000,0,0,0,0,42000,-42000,-42000
066713,台灣50元大01購21,0,0,0,0,0,0,0,0,0,-42000,0,0,0,86000,128000,-42000,-42000
066786,聯發科麥證01購05,0,0,0,0,42000,-42000,0,0,0,-42000,0,0,0,0,42000,-42000,-42000
065763,台表科元大9C購14,0,0,0,0,0,0,0,0,0,-42000,0,0,0,6000,48000,-42000,-42000
065911,超眾永豐9C購01  ,0,0,0,0,0,0,0,0,0,-42000,0,0,0,10000,52000,-42000,-42000
066093,世紀鋼永豐01購01,0,0,0,0,0,0,0,0,0,-42000,0,0,0,82000,124000,-42000,-42000
066358,美利達永豐01購01,0,0,0,0,0,0,0,0,0,-42000,0,0,0,10000,52000,-42000,-42000
064796,緯穎國票01購01  ,0,0,0,0,0,0,0,0,0,-42000,0,0,0,13000,55000,-42000,-42000
3016,嘉晶            ,523000,433000,90000,0,0,0,0,0,0,-132000,2000,54000,-52000,7000,87000,-80000,-42000
07939P,台積電統一9B售14,0,0,0,0,0,0,0,0,0,-43000,0,0,0,200000,243000,-43000,-43000
07707P,玉山金元大9A售03,0,0,0,0,0,0,0,0,0,-43000,0,0,0,7000,50000,-43000,-43000
067256,新唐國票02購01  ,0,0,0,0,0,0,0,0,0,-43000,0,0,0,0,43000,-43000,-43000
066996,拓凱國泰03購02  ,0,0,0,0,0,0,0,0,0,-43000,0,0,0,38000,81000,-43000,-43000
058216,TPK群益99購01   ,0,0,0,0,0,0,0,0,0,-43000,0,0,0,2000,45000,-43000,-43000
056737,國巨凱基9A購01  ,0,0,0,0,0,0,0,0,0,-43000,0,0,0,3000,46000,-43000,-43000
056466,臺股指凱基99購08,0,0,0,0,0,0,0,0,0,-43000,0,0,0,40000,83000,-43000,-43000
03101P,GIS凱基01售04   ,0,0,0,0,0,0,0,0,0,-43000,0,0,0,6000,49000,-43000,-43000
03456B,臺股指元大03熊03,0,0,0,0,0,0,0,0,0,-43000,0,0,0,20000,63000,-43000,-43000
059926,世紀鋼國泰9B購01,0,0,0,0,0,0,0,0,0,-43000,0,0,0,5000,48000,-43000,-43000
061917,亞德客凱基9B購02,0,0,0,0,0,0,0,0,0,-43000,0,0,0,150000,193000,-43000,-43000
060767,世紀鋼元大9A購02,0,0,0,0,0,0,0,0,0,-43000,0,0,0,7000,50000,-43000,-43000
062190,瀚宇博元大9B購01,0,0,0,0,0,0,0,0,0,-43000,0,0,0,5000,48000,-43000,-43000
063445,金像電統一9B購01,0,0,0,0,0,0,0,0,0,-43000,0,0,0,89000,132000,-43000,-43000
061822,和潤群益9B購01  ,0,0,0,0,0,0,0,0,0,-43000,0,0,0,0,43000,-43000,-43000
064817,鈺齊元大9C購02  ,0,0,0,0,0,0,0,0,0,-43000,0,0,0,81000,124000,-43000,-43000
064694,玉晶光群益02購02,0,0,0,0,0,0,0,0,0,-43000,0,0,0,15000,58000,-43000,-43000
064426,群創兆豐9C購01  ,0,0,0,0,0,0,0,0,0,-43000,0,0,0,12000,55000,-43000,-43000
064588,玉晶光永豐9C購05,0,0,0,0,0,0,0,0,0,-43000,0,0,0,22000,65000,-43000,-43000
066185,松翰凱基01購01  ,0,0,0,0,0,0,0,0,0,-43000,0,0,0,10000,53000,-43000,-43000
065738,國巨麥證9C購04  ,0,0,0,31000,73000,-42000,0,0,0,-43000,0,0,0,31000,74000,-43000,-43000
066794,鴻海凱基01購07  ,0,0,0,0,0,0,0,0,0,-43000,0,0,0,11000,54000,-43000,-43000
066737,創意元大01購05  ,0,0,0,0,0,0,0,0,0,-43000,0,0,0,27000,70000,-43000,-43000
066514,盟立永豐01購01  ,0,0,0,0,0,0,0,0,0,-43000,0,0,0,9000,52000,-43000,-43000
066569,帆宣元大01購02  ,0,0,0,0,0,0,0,0,0,-43000,0,0,0,3000,46000,-43000,-43000
2617,台航            ,76000,126000,-50000,0,0,0,0,0,0,7000,7000,0,7000,0,0,0,-43000
5388,中磊            ,399000,437000,-38000,0,0,0,0,0,0,-5000,0,38000,-38000,33000,0,33000,-43000
8466,美吉吉-KY       ,3000,46000,-43000,0,0,0,0,0,0,0,0,0,0,0,0,0,-43000
067359,牧德群益01購02  ,0,0,0,0,0,0,0,0,0,-44000,0,0,0,243000,287000,-44000,-44000
068163,緯穎元大01購07  ,0,0,0,0,0,0,0,0,0,-44000,0,0,0,6000,50000,-44000,-44000
067999,大毅元大01購03  ,0,0,0,0,0,0,0,0,0,-44000,0,0,0,2000,46000,-44000,-44000
07888P,大立光國票9B售01,0,0,0,0,0,0,0,0,0,-44000,0,0,0,0,44000,-44000,-44000
068509,義隆台新01購01  ,0,0,0,0,0,0,0,0,0,-44000,0,0,0,0,44000,-44000,-44000
08404P,技嘉元大9C售02  ,0,0,0,0,0,0,0,0,0,-44000,0,0,0,36000,80000,-44000,-44000
060015,國巨康和99購03  ,0,0,0,0,0,0,0,0,0,-44000,0,0,0,33000,77000,-44000,-44000
059986,宏達電元大99購08,0,0,0,0,0,0,0,0,0,-44000,0,0,0,3000,47000,-44000,-44000
060211,智邦康和9A購01  ,0,0,0,0,0,0,0,0,0,-44000,0,0,0,0,44000,-44000,-44000
059390,華新科凱基99購05,0,0,0,0,0,0,0,0,0,-44000,0,0,0,10000,54000,-44000,-44000
020012,富邦行動通訊N   ,0,0,0,0,0,0,0,0,0,-44000,0,0,0,7000,51000,-44000,-44000
058189,嘉澤永豐99購01  ,0,0,0,0,0,0,0,0,0,-44000,0,0,0,0,44000,-44000,-44000
061180,華擎凱基9B購01  ,0,0,0,0,0,0,0,0,0,-44000,0,0,0,1000,45000,-44000,-44000
062500,國巨群益01購01  ,0,0,0,0,0,0,0,0,0,-44000,0,0,0,16000,60000,-44000,-44000
062795,國巨統一9B購15  ,0,0,0,0,0,0,0,0,0,-44000,0,0,0,24000,68000,-44000,-44000
066862,台達電台新01購01,0,0,0,0,0,0,0,0,0,-44000,0,0,0,432000,476000,-44000,-44000
064481,技嘉永豐9C購01  ,0,0,0,0,0,0,0,0,0,-44000,0,0,0,14000,58000,-44000,-44000
064482,微星永豐9C購01  ,0,0,0,0,0,0,0,0,0,-44000,0,0,0,7000,51000,-44000,-44000
065082,台光電元大9C購04,0,0,0,0,0,0,0,0,0,-44000,0,0,0,56000,100000,-44000,-44000
065323,聯發科凱基9C購09,0,0,0,0,0,0,0,0,0,-44000,0,0,0,0,44000,-44000,-44000
065663,凌華永豐9C購01  ,0,0,0,0,0,0,0,0,0,-44000,0,0,0,0,44000,-44000,-44000
065606,可成元大01購05  ,0,0,0,0,0,0,0,0,0,-44000,0,0,0,75000,119000,-44000,-44000
2880,華南金          ,5599000,4356133,1242867,0,0,0,3000,4000,-1000,-1286000,1000,1285000,-1284000,0,2000,-2000,-44133
08117P,聯發科元富9B售04,0,0,0,0,0,0,0,0,0,-45000,0,0,0,155000,200000,-45000,-45000
068374,技嘉永豐01購01  ,0,0,0,0,0,0,0,0,0,-45000,0,0,0,12000,57000,-45000,-45000
07145P,為升元大99售03  ,0,0,0,0,0,0,0,0,0,-45000,0,0,0,162000,207000,-45000,-45000
057718,旺宏元富02購02  ,0,0,0,0,0,0,0,0,0,-45000,0,0,0,40000,85000,-45000,-45000
058016,智邦凱基98購06  ,0,0,0,0,0,0,0,0,0,-45000,0,0,0,0,45000,-45000,-45000
053181,滬深2X元富99購02,0,0,0,0,0,0,0,0,0,-45000,0,0,0,20000,65000,-45000,-45000
060421,華擎永豐9A購01  ,0,0,0,0,0,0,0,0,0,-45000,0,0,0,0,45000,-45000,-45000
060406,瑞祺國泰9B購01  ,0,0,0,0,0,0,0,0,0,-45000,0,0,0,12000,57000,-45000,-45000
063026,南六元大9B購04  ,0,0,0,0,0,0,0,0,0,-45000,0,0,0,20000,65000,-45000,-45000
063341,燿華統一9C購01  ,0,0,0,0,0,0,0,0,0,-45000,0,0,0,97000,142000,-45000,-45000
062177,上銀元大9B購02  ,0,0,0,0,0,0,0,0,0,-45000,0,0,0,1000,46000,-45000,-45000
062085,同欣電元大9B購01,0,0,0,0,0,0,0,0,0,-45000,0,0,0,17000,62000,-45000,-45000
062367,禾伸堂元大9B購02,0,0,0,0,0,0,0,0,0,-45000,0,0,0,8000,53000,-45000,-45000
061730,旺宏統一01購02  ,0,0,0,0,0,0,0,0,0,-45000,0,0,0,0,45000,-45000,-45000
064112,宏碁國票01購01  ,0,0,0,0,0,0,0,0,0,-45000,0,0,0,40000,85000,-45000,-45000
065570,台光電群益01購01,0,0,0,0,0,0,0,0,0,-45000,0,0,0,10000,55000,-45000,-45000
065227,金像電凱基9C購01,0,0,0,0,0,0,0,0,0,-45000,0,0,0,66000,111000,-45000,-45000
064569,群創群益9C購01  ,0,0,0,0,0,0,0,0,0,-45000,0,0,0,0,45000,-45000,-45000
066815,華擎兆豐03購01  ,0,0,0,0,0,0,0,0,0,-45000,0,0,0,20000,65000,-45000,-45000
066405,晶碩凱基01購01  ,0,0,0,0,0,0,0,0,0,-45000,0,0,0,0,45000,-45000,-45000
066310,長興永豐01購01  ,0,0,0,0,0,0,0,0,0,-45000,0,0,0,17000,62000,-45000,-45000
6206,飛捷            ,22000,65000,-43000,0,0,0,0,0,0,-2000,14000,16000,-2000,0,0,0,-45000
08742P,友達凱基01售02  ,0,0,0,0,0,0,0,0,0,-45000,0,0,0,0,45000,-45000,-45000
08984P,玉晶光凱基02售03,0,0,0,0,0,0,0,0,0,-45000,0,0,0,15000,60000,-45000,-45000
068461,瑞儀國票03購01  ,0,0,0,0,0,0,0,0,0,-46000,0,0,0,0,46000,-46000,-46000
08096P,大立光元富9B售04,0,0,0,0,0,0,0,0,0,-46000,0,0,0,0,46000,-46000,-46000
08179P,華新科元大9B售13,0,0,0,0,0,0,0,0,0,-46000,0,0,0,104000,150000,-46000,-46000
08449P,華新科群益9C售03,0,0,0,0,0,0,0,0,0,-46000,0,0,0,70000,116000,-46000,-46000
067964,燿華群益02購02  ,0,0,0,0,0,0,0,0,0,-46000,0,0,0,0,46000,-46000,-46000
067797,臺股指群益01購09,0,0,0,0,0,0,0,0,0,-46000,0,0,0,21000,67000,-46000,-46000
067566,台積電康和01購01,0,0,0,0,0,0,0,0,0,-46000,0,0,0,149000,195000,-46000,-46000
067120,矽創群益01購01  ,0,0,0,0,0,0,0,0,0,-46000,0,0,0,0,46000,-46000,-46000
03034P,欣興國票03售01  ,0,0,0,0,0,0,0,0,0,-46000,0,0,0,0,46000,-46000,-46000
063118,中鋼元大9C購01  ,0,0,0,0,0,0,0,0,0,-46000,0,0,0,0,46000,-46000,-46000
061391,晶技群益9A購02  ,0,0,0,0,0,0,0,0,0,-46000,0,0,0,5000,51000,-46000,-46000
060911,大毅元大9A購01  ,0,0,0,0,0,0,0,0,0,-46000,0,0,0,2000,48000,-46000,-46000
062307,華通凱基9C購01  ,0,0,0,0,0,0,0,0,0,-46000,0,0,0,4000,50000,-46000,-46000
063320,旭富群益9B購03  ,0,0,0,0,0,0,0,0,0,-46000,0,0,0,334000,380000,-46000,-46000
062726,華擎凱基9B購02  ,0,0,0,0,0,0,0,0,0,-46000,0,0,0,0,46000,-46000,-46000
066160,美利達康和01購01,0,0,0,0,0,0,0,0,0,-46000,0,0,0,57000,103000,-46000,-46000
065745,裕隆元大9C購03  ,0,0,0,0,0,0,0,0,0,-46000,0,0,0,46000,92000,-46000,-46000
065853,智伸科元大9C購02,0,0,0,0,0,0,0,0,0,-46000,0,0,0,0,46000,-46000,-46000
066021,華通群益02購03  ,0,0,0,0,0,0,0,0,0,-46000,0,0,0,83000,129000,-46000,-46000
066486,台光電元富01購02,0,0,0,0,0,0,0,0,0,-46000,0,0,0,55000,101000,-46000,-46000
064495,南亞科元大9C購03,0,0,0,0,0,0,0,0,0,-46000,0,0,0,0,46000,-46000,-46000
065326,華擎凱基02購01  ,0,0,0,0,0,0,0,0,0,-46000,0,0,0,0,46000,-46000,-46000
065648,華擎元大01購02  ,0,0,0,0,0,0,0,0,0,-46000,0,0,0,4000,50000,-46000,-46000
065698,旺宏群益9C購08  ,0,0,0,0,0,0,0,0,0,-46000,0,0,0,49000,95000,-46000,-46000
2103,台橡            ,407000,476000,-69000,0,0,0,0,0,0,23000,0,0,0,25000,2000,23000,-46000
067503,聚陽統一03購01  ,0,0,0,0,0,0,0,0,0,-47000,0,0,0,30000,77000,-47000,-47000
08466P,旺宏統一9C售03  ,0,0,0,0,0,0,0,0,0,-47000,0,0,0,38000,85000,-47000,-47000
08561P,台表科國票01售02,0,0,0,0,0,0,0,0,0,-47000,0,0,0,20000,67000,-47000,-47000
068489,技嘉元大01購05  ,0,0,0,0,0,0,0,0,0,-47000,0,0,0,23000,70000,-47000,-47000
06952P,大立光統一9A售03,0,0,0,0,0,0,0,0,0,-47000,0,0,0,0,47000,-47000,-47000
057357,超眾統一98購01  ,0,0,0,0,0,0,0,0,0,-47000,0,0,0,99000,146000,-47000,-47000
00642U,元大S&P石油     ,7000,2000,5000,0,0,0,0,0,0,-52000,0,0,0,0,52000,-52000,-47000
00682U,元大美元指數    ,0,0,0,0,0,0,0,0,0,-47000,0,0,0,0,47000,-47000,-47000
058248,聯茂元大99購05  ,0,0,0,0,0,0,0,0,0,-47000,0,0,0,0,47000,-47000,-47000
060376,瑞祺元富9A購01  ,0,0,0,0,0,0,0,0,0,-47000,0,0,0,0,47000,-47000,-47000
063661,聚陽統一9C購02  ,0,0,0,0,0,0,0,0,0,-47000,0,0,0,0,47000,-47000,-47000
058406,聯茂元大99購06  ,0,0,0,0,0,0,0,0,0,-47000,0,0,0,50000,97000,-47000,-47000
058496,文曄群益99購01  ,0,0,0,0,0,0,0,0,0,-47000,0,0,0,0,47000,-47000,-47000
063287,嘉澤元大9B購05  ,0,0,0,0,0,0,0,0,0,-47000,0,0,0,119000,166000,-47000,-47000
063481,緯穎元大9B購08  ,0,0,0,0,0,0,0,0,0,-47000,0,0,0,2000,49000,-47000,-47000
061030,喬山永豐9A購01  ,0,0,0,0,0,0,0,0,0,-47000,0,0,0,0,47000,-47000,-47000
063948,高鐵元大9C購01  ,0,0,0,0,0,0,0,0,0,-47000,0,0,0,0,47000,-47000,-47000
066779,上証2X中信03購01,0,0,0,0,0,0,0,0,0,-47000,0,0,0,15000,62000,-47000,-47000
065736,同欣電凱基9C購05,0,0,0,0,0,0,0,0,0,-47000,0,0,0,4000,51000,-47000,-47000
066140,鎧勝群益01購01  ,0,0,0,0,0,0,0,0,0,-47000,0,0,0,73000,120000,-47000,-47000
066231,友訊富邦02購01  ,0,0,0,0,0,0,0,0,0,-47000,0,0,0,0,47000,-47000,-47000
068405,玉晶光元富07購01,0,0,0,0,0,0,0,0,0,-48000,0,0,0,2000,50000,-48000,-48000
08655P,大立光群益02售02,0,0,0,0,0,0,0,0,0,-48000,0,0,0,64000,112000,-48000,-48000
08135P,玉晶光國泰01售02,0,0,0,0,0,0,0,0,0,-48000,0,0,0,32000,80000,-48000,-48000
067318,康控元大01購03  ,0,0,0,0,0,0,0,0,0,-48000,0,0,0,20000,68000,-48000,-48000
063695,上銀第一9B購01  ,0,0,0,0,0,0,0,0,0,-48000,0,0,0,0,48000,-48000,-48000
060327,美律群益9A購02  ,0,0,0,0,0,0,0,0,0,-48000,0,0,0,0,48000,-48000,-48000
059841,國巨富邦9C購01  ,0,0,0,0,0,0,0,0,0,-48000,0,0,0,18000,66000,-48000,-48000
020004,兆豐電菁英30N   ,0,0,0,0,0,0,0,0,0,-48000,0,0,0,4000,52000,-48000,-48000
03455B,臺股指凱基03熊06,0,0,0,0,0,0,0,0,0,-48000,0,0,0,50000,98000,-48000,-48000
03144P,台積電國票01售09,0,0,0,0,0,0,0,0,0,-48000,0,0,0,0,48000,-48000,-48000
061942,亞德客群益9B購01,0,0,0,0,0,0,0,0,0,-48000,0,0,0,149000,197000,-48000,-48000
060490,華新科台新9A購01,0,0,0,0,0,0,0,0,0,-48000,0,0,0,0,48000,-48000,-48000
061132,志超永豐9A購01  ,0,0,0,0,0,0,0,0,0,-48000,0,0,0,26000,74000,-48000,-48000
061105,宏達電元大9A購04,0,0,0,0,0,0,0,0,0,-48000,0,0,0,23000,71000,-48000,-48000
060776,世芯凱基9B購01  ,0,0,0,0,0,0,0,0,0,-48000,0,0,0,0,48000,-48000,-48000
065040,燿華凱基9C購01  ,0,0,0,0,0,0,0,0,0,-48000,0,0,0,3000,51000,-48000,-48000
064571,帆宣群益9C購01  ,0,0,0,0,0,0,0,0,0,-48000,0,0,0,0,48000,-48000,-48000
064685,裕隆群益9C購01  ,0,0,0,0,0,0,0,0,0,-48000,0,0,0,14000,62000,-48000,-48000
064864,金像電永豐01購01,0,0,0,0,0,0,0,0,0,-48000,0,0,0,0,48000,-48000,-48000
9136,巨騰-DR         ,78000,107000,-29000,0,0,0,0,0,0,-19000,0,19000,-19000,0,0,0,-48000
3041,揚智            ,1125000,1170000,-45000,0,0,0,0,0,0,-3000,0,3000,-3000,0,0,0,-48000
3443,創意            ,656000,512000,144000,0,0,0,0,162000,-162000,-30000,56000,86000,-30000,18000,18000,0,-48000
067280,國巨第一01購01  ,0,0,0,0,0,0,0,0,0,-49000,0,0,0,66000,115000,-49000,-49000
067006,德律永豐01購02  ,0,0,0,0,0,0,0,0,0,-49000,0,0,0,6000,55000,-49000,-49000
067718,鴻海凱基01購09  ,0,0,0,0,0,0,0,0,0,-49000,0,0,0,4000,53000,-49000,-49000
067994,技嘉元大01購03  ,0,0,0,0,0,0,0,0,0,-49000,0,0,0,26000,75000,-49000,-49000
07855P,旺宏凱基9A售09  ,0,0,0,0,0,0,0,0,0,-49000,0,0,0,55000,104000,-49000,-49000
058082,美律群益98購05  ,0,0,0,0,0,0,0,0,0,-49000,0,0,0,0,49000,-49000,-49000
058923,華新科元富99購06,0,0,0,0,0,0,0,0,0,-49000,0,0,0,0,49000,-49000,-49000
063691,聯鈞永豐9B購01  ,0,0,0,0,0,0,0,0,0,-49000,0,0,0,22000,71000,-49000,-49000
063671,GIS統一01購01   ,0,0,0,0,0,0,0,0,0,-49000,0,0,0,215000,264000,-49000,-49000
063546,國巨兆豐9C購03  ,0,0,0,0,0,0,0,0,0,-49000,0,0,0,42000,91000,-49000,-49000
062722,京元電凱基9B購02,0,0,0,0,0,0,0,0,0,-49000,0,0,0,119000,168000,-49000,-49000
062638,茂林國票9C購01  ,0,0,0,0,0,0,0,0,0,-49000,0,0,0,160000,209000,-49000,-49000
063472,茂林元大9B購04  ,0,0,0,0,0,0,0,0,0,-49000,0,0,0,0,49000,-49000,-49000
061048,國巨中信9A購05  ,0,0,0,0,0,0,0,0,0,-49000,0,0,0,20000,69000,-49000,-49000
061302,晶技永豐9A購04  ,0,0,0,0,0,0,0,0,0,-49000,0,0,0,12000,61000,-49000,-49000
064237,奇鋐統一01購01  ,0,0,0,0,0,0,0,0,0,-49000,0,0,0,100000,149000,-49000,-49000
064353,力成元大9C購02  ,0,0,0,0,0,0,0,0,0,-49000,0,0,0,75000,124000,-49000,-49000
065189,台郡統一9C購03  ,0,0,0,0,0,0,0,0,0,-49000,0,0,0,0,49000,-49000,-49000
065170,智邦元大9C購07  ,0,0,0,0,0,0,0,0,0,-49000,0,0,0,41000,90000,-49000,-49000
065102,同欣電元大9C購07,0,0,0,0,0,0,0,0,0,-49000,0,0,0,11000,60000,-49000,-49000
066266,強茂元大01購01  ,0,0,0,0,0,0,0,0,0,-49000,0,0,0,173000,222000,-49000,-49000
066498,康控國泰02購01  ,0,0,0,0,0,0,0,0,0,-49000,0,0,0,105000,154000,-49000,-49000
07817P,同欣電群益9A售02,0,0,0,0,0,0,0,0,0,-50000,0,0,0,0,50000,-50000,-50000
07195P,大立光元大99售12,0,0,0,0,0,0,0,0,0,-50000,0,0,0,0,50000,-50000,-50000
07400P,國巨凱基99售20  ,0,0,0,0,0,0,0,0,0,-50000,0,0,0,0,50000,-50000,-50000
068431,華通凱基03購02  ,0,0,0,0,0,0,0,0,0,-50000,0,0,0,0,50000,-50000,-50000
068223,京鼎統一03購02  ,0,0,0,0,0,0,0,0,0,-50000,0,0,0,28000,78000,-50000,-50000
08069P,大立光國泰01售02,0,0,0,0,0,0,0,0,0,-50000,0,0,0,0,50000,-50000,-50000
07994P,臺股指群益9B售04,0,0,0,0,0,0,0,0,0,-50000,0,0,0,0,50000,-50000,-50000
067929,華通凱基01購04  ,0,0,0,0,0,0,0,0,0,-50000,0,0,0,213000,263000,-50000,-50000
068189,國巨凱基04購03  ,0,0,0,0,0,0,0,0,0,-50000,0,0,0,3000,53000,-50000,-50000
068070,友達凱基05購01  ,0,0,0,0,0,0,0,0,0,-50000,0,0,0,0,50000,-50000,-50000
067591,聚陽凱基02購02  ,0,0,0,0,0,0,0,0,0,-50000,0,0,0,0,50000,-50000,-50000
067748,GIS元大01購02   ,0,0,0,0,0,0,0,0,0,-50000,0,0,0,187000,237000,-50000,-50000
067864,台光電元大01購05,0,0,0,0,0,0,0,0,0,-50000,0,0,0,0,50000,-50000,-50000
067859,滬深2X元大01購12,0,0,0,0,0,0,0,0,0,-50000,0,0,0,10000,60000,-50000,-50000
067889,大毅群益01購03  ,0,0,0,0,0,0,0,0,0,-50000,0,0,0,0,50000,-50000,-50000
067832,鴻海統一02購04  ,0,0,0,0,0,0,0,0,0,-50000,0,0,0,150000,200000,-50000,-50000
063565,旺宏元大9B購08  ,0,0,0,0,0,0,0,0,0,-50000,0,0,0,0,50000,-50000,-50000
060367,緯穎元富9A購02  ,0,0,0,0,0,0,0,0,0,-50000,0,0,0,15000,65000,-50000,-50000
063722,遠東新元大9B購02,0,0,0,0,0,0,0,0,0,-50000,0,0,0,10000,60000,-50000,-50000
059261,華邦電中信01購01,0,0,0,0,0,0,0,0,0,-50000,0,0,0,10000,60000,-50000,-50000
059291,華新科元富9B購01,0,0,0,0,0,0,0,0,0,-50000,0,0,0,0,50000,-50000,-50000
060341,國巨統一9C購02  ,0,0,0,0,0,0,0,0,0,-50000,0,0,0,7000,57000,-50000,-50000
058560,T50反1凱基9A購04,0,0,0,0,0,0,0,0,0,-50000,0,0,0,0,50000,-50000,-50000
058952,南茂群益99購01  ,0,0,0,0,0,0,0,0,0,-50000,0,0,0,0,50000,-50000,-50000
058801,致伸元大99購01  ,0,0,0,0,0,0,0,0,0,-50000,0,0,0,164000,214000,-50000,-50000
058786,元黃金元大99購01,0,0,0,0,0,0,0,0,0,-50000,0,0,0,0,50000,-50000,-50000
058736,鈺齊永豐99購02  ,0,0,0,0,0,0,0,0,0,-50000,0,0,0,0,50000,-50000,-50000
059829,超眾凱基99購05  ,0,0,0,0,0,0,0,0,0,-50000,0,0,0,10000,60000,-50000,-50000
059784,台光電元大9A購01,0,0,0,0,0,0,0,0,0,-50000,0,0,0,0,50000,-50000,-50000
059087,台積電元大99購26,0,0,0,0,0,0,0,0,0,-50000,0,0,0,20000,70000,-50000,-50000
060101,大立光元大99購31,0,0,0,0,0,0,0,0,0,-50000,0,0,0,0,50000,-50000,-50000
059999,緯穎元富99購01  ,0,0,0,0,0,0,0,0,0,-50000,0,0,0,0,50000,-50000,-50000
059918,華新科元大99購20,0,0,0,0,0,0,0,0,0,-50000,0,0,0,0,50000,-50000,-50000
058201,華通凱基9A購01  ,0,0,0,0,0,0,0,0,0,-50000,0,0,0,0,50000,-50000,-50000
058230,國巨元大99購11  ,0,0,0,0,0,0,0,0,0,-50000,0,0,0,0,50000,-50000,-50000
054526,道瓊反統一98購01,0,0,0,0,0,0,0,0,0,-50000,0,0,0,0,50000,-50000,-50000
054468,台郡凱基98購01  ,0,0,0,0,0,0,0,0,0,-50000,0,0,0,0,50000,-50000,-50000
056263,友訊統一99購01  ,0,0,0,0,0,0,0,0,0,-50000,0,0,0,0,50000,-50000,-50000
056325,群創兆豐9A購01  ,0,0,0,0,0,0,0,0,0,-50000,0,0,0,0,50000,-50000,-50000
055999,電子類富邦99購01,0,0,0,0,0,0,0,0,0,-50000,0,0,0,20000,70000,-50000,-50000
055597,禾伸堂元大98購02,0,0,0,0,0,0,0,0,0,-50000,0,0,0,50000,100000,-50000,-50000
055433,嘉聯益群益99購01,0,0,0,0,0,0,0,0,0,-50000,0,0,0,0,50000,-50000,-50000
057004,滬深反中信9A購01,0,0,0,0,0,0,0,0,0,-50000,0,0,0,0,50000,-50000,-50000
03090P,臺股指元大01售19,0,2000,-2000,0,0,0,0,0,0,-48000,0,0,0,32000,80000,-48000,-50000
057032,A50反1元大9B購01,0,0,0,0,0,0,0,0,0,-50000,0,0,0,0,50000,-50000,-50000
064263,貿聯永豐9C購01  ,0,0,0,0,0,0,0,0,0,-50000,0,0,0,38000,88000,-50000,-50000
064280,大立光元大9C購11,0,0,0,0,0,0,0,0,0,-50000,0,0,0,0,50000,-50000,-50000
064034,台表科元大9C購07,0,0,0,0,0,0,0,0,0,-50000,0,0,0,0,50000,-50000,-50000
063943,台光電元大9C購02,0,0,0,0,0,0,0,0,0,-50000,0,0,0,20000,70000,-50000,-50000
063902,志超群益9C購01  ,0,0,0,0,0,0,0,0,0,-50000,0,0,0,0,50000,-50000,-50000
060894,奇力新凱基9A購03,0,0,0,0,0,0,0,0,0,-50000,0,0,0,0,50000,-50000,-50000
060812,智邦凱基9A購01  ,0,0,0,0,0,0,0,0,0,-50000,0,0,0,0,50000,-50000,-50000
061448,旺宏中信9A購02  ,0,0,0,0,0,0,0,0,0,-50000,0,0,0,0,50000,-50000,-50000
061724,訊芯永豐9A購01  ,0,0,0,0,0,0,0,0,0,-50000,0,0,0,0,50000,-50000,-50000
061713,華邦電凱基9A購01,0,0,0,0,0,0,0,0,0,-50000,0,0,0,0,50000,-50000,-50000
063444,金像電統一03購01,0,0,0,0,0,0,0,0,0,-50000,0,0,0,170000,220000,-50000,-50000
063428,矽創凱基9B購02  ,0,0,0,0,0,0,0,0,0,-50000,0,0,0,10000,60000,-50000,-50000
063806,瀚宇博兆豐01購01,0,0,0,0,0,0,0,0,0,-50000,0,0,0,0,50000,-50000,-50000
063795,上銀凱基9C購01  ,0,0,0,0,0,0,0,0,0,-50000,0,0,0,0,50000,-50000,-50000
063829,晶技國票01購01  ,0,0,0,0,0,0,0,0,0,-50000,0,0,0,0,50000,-50000,-50000
062003,國巨國泰01購01  ,0,0,0,0,0,0,0,0,0,-50000,0,0,0,0,50000,-50000,-50000
062298,國巨第一9B購01  ,0,0,0,0,0,0,0,0,0,-50000,0,0,0,0,50000,-50000,-50000
062295,康友永豐9B購01  ,0,0,0,0,0,0,0,0,0,-50000,0,0,0,0,50000,-50000,-50000
062262,茂林元大9B購02  ,0,0,0,0,0,0,0,0,0,-50000,0,0,0,0,50000,-50000,-50000
062176,元金2X元大9B購01,0,0,0,0,0,0,0,0,0,-50000,0,0,0,0,50000,-50000,-50000
062806,世芯統一02購01  ,0,0,0,0,0,0,0,0,0,-50000,0,0,0,0,50000,-50000,-50000
062904,台光電元大9B購06,0,0,0,0,0,0,0,0,0,-50000,0,0,0,6000,56000,-50000,-50000
062983,緯穎元富9B購01  ,0,0,0,0,0,0,0,0,0,-50000,0,0,0,0,50000,-50000,-50000
060708,康友富邦9B購01  ,0,0,0,0,0,0,0,0,0,-50000,0,0,0,0,50000,-50000,-50000
062443,大立光元大9B購05,0,0,0,0,0,0,0,0,0,-50000,0,0,0,0,50000,-50000,-50000
062485,華通國泰01購01  ,0,0,0,0,0,0,0,0,0,-50000,0,0,0,4000,54000,-50000,-50000
06644P,亞德客元大98售03,0,0,0,0,0,0,0,0,0,-50000,0,0,0,0,50000,-50000,-50000
066675,滬深2X兆豐03購01,0,0,0,0,0,0,0,0,0,-50000,0,0,0,70000,120000,-50000,-50000
066805,泰碩凱基02購03  ,0,0,0,0,0,0,0,0,0,-50000,0,0,0,0,50000,-50000,-50000
066740,揚明光元大01購02,0,0,0,0,0,0,0,0,0,-50000,0,0,0,0,50000,-50000,-50000
066750,緯穎元大01購04  ,0,0,0,0,0,0,0,0,0,-50000,0,0,0,30000,80000,-50000,-50000
066125,得力群益01購01  ,0,0,0,0,0,0,0,0,0,-50000,0,0,0,0,50000,-50000,-50000
066176,華擎凱基01購01  ,0,0,0,0,0,0,0,0,0,-50000,0,0,0,31000,81000,-50000,-50000
066020,東元群益01購01  ,0,0,0,0,0,0,0,0,0,-50000,0,0,0,0,50000,-50000,-50000
066000,奇鋐國票02購01  ,0,0,0,0,0,0,0,0,0,-50000,0,0,0,0,50000,-50000,-50000
066062,同欣電元大01購02,0,0,0,0,0,0,0,0,0,-50000,0,0,0,5000,55000,-50000,-50000
066048,奇鋐元大01購01  ,0,0,0,0,0,0,0,0,0,-50000,0,0,0,203000,253000,-50000,-50000
065149,遠東新群益9C購01,0,0,0,0,0,0,0,0,0,-50000,0,0,0,0,50000,-50000,-50000
065229,友達凱基02購03  ,0,0,0,0,0,0,0,0,0,-50000,0,0,0,0,50000,-50000,-50000
065688,緯創元富9C購02  ,0,0,0,0,0,0,0,0,0,-50000,0,0,0,4000,54000,-50000,-50000
065680,聯發科統一9C購16,0,0,0,0,0,0,0,0,0,-50000,0,0,0,0,50000,-50000,-50000
065454,神隆元富9C購01  ,0,0,0,0,0,0,0,0,0,-50000,0,0,0,0,50000,-50000,-50000
065470,聚陽元大01購01  ,0,0,0,0,0,0,0,0,0,-50000,0,0,0,0,50000,-50000,-50000
064458,玉晶光統一01購09,0,0,0,0,0,0,0,0,0,-50000,0,0,0,16000,66000,-50000,-50000
064407,貿聯凱基02購02  ,0,0,0,0,0,0,0,0,0,-50000,0,0,0,30000,80000,-50000,-50000
064408,TPK凱基02購01   ,0,0,0,0,0,0,0,0,0,-50000,0,0,0,13000,63000,-50000,-50000
064530,康控中信9C購01  ,0,0,0,0,0,0,0,0,0,-50000,0,0,0,0,50000,-50000,-50000
2606,裕民            ,582000,505000,77000,0,0,0,0,0,0,-127000,0,127000,-127000,0,0,0,-50000
2496,卓越            ,1000,51000,-50000,0,0,0,0,0,0,0,0,0,0,0,0,0,-50000
08771P,滬深2X凱基01售02,0,0,0,0,0,0,0,0,0,-50000,0,0,0,0,50000,-50000,-50000
9914,美利達          ,331000,371000,-40000,0,0,0,64000,13000,51000,-61000,0,70000,-70000,18000,9000,9000,-50000
068081,GIS凱基01購03   ,0,0,0,0,0,0,0,0,0,-51000,0,0,0,32000,83000,-51000,-51000
068101,奇力新永豐01購01,0,0,0,0,0,0,0,0,0,-51000,0,0,0,59000,110000,-51000,-51000
067319,眾達元大01購02  ,0,0,0,0,0,0,0,0,0,-51000,0,0,0,173000,224000,-51000,-51000
067467,鴻海元大01購16  ,0,0,0,0,0,0,0,0,0,-51000,0,0,0,14000,65000,-51000,-51000
067453,嘉澤國票02購02  ,0,0,0,0,0,0,0,0,0,-51000,0,0,0,0,51000,-51000,-51000
08153P,台表科統一9B售01,0,0,0,0,0,0,0,0,0,-51000,0,0,0,0,51000,-51000,-51000
08173P,金像電凱基9B售02,0,0,0,0,0,0,0,0,0,-51000,0,0,0,7000,58000,-51000,-51000
06984P,上銀富邦9B售01  ,0,0,0,0,0,0,0,0,0,-51000,0,0,0,81000,132000,-51000,-51000
060311,盟立永豐9A購01  ,0,0,0,0,0,0,0,0,0,-51000,0,0,0,0,51000,-51000,-51000
060307,南港永豐9A購01  ,0,0,0,0,0,0,0,0,0,-51000,0,0,0,13000,64000,-51000,-51000
063669,宏達電統一9C購01,0,0,0,0,0,0,0,0,0,-51000,0,0,0,116000,167000,-51000,-51000
063648,台表科元大9C購05,0,0,0,0,0,0,0,0,0,-51000,0,0,0,25000,76000,-51000,-51000
060389,世紀鋼凱基9B購02,0,0,0,0,0,0,0,0,0,-51000,0,0,0,1000,52000,-51000,-51000
062228,南六統一02購01  ,0,0,0,0,0,0,0,0,0,-51000,0,0,0,0,51000,-51000,-51000
061178,晶技凱基9B購01  ,0,0,0,0,0,0,0,0,0,-51000,0,0,0,40000,91000,-51000,-51000
064545,智邦凱基9C購02  ,0,0,0,0,0,0,0,0,0,-51000,0,0,0,45000,96000,-51000,-51000
064793,新光金國票01購02,0,0,0,0,0,0,0,0,0,-51000,0,0,0,0,51000,-51000,-51000
066452,晶碩群益01購01  ,0,0,0,0,0,0,0,0,0,-51000,0,0,0,10000,61000,-51000,-51000
066402,泰鼎凱基01購02  ,0,0,0,0,0,0,0,0,0,-51000,0,0,0,3000,54000,-51000,-51000
2059,川湖            ,20000,59000,-39000,0,0,0,0,1000,-1000,-11000,1000,12000,-11000,0,0,0,-51000
068414,聯電中信01購01  ,0,0,0,0,0,0,0,0,0,-52000,0,0,0,0,52000,-52000,-52000
068310,欣興國票03購02  ,0,0,0,0,0,0,0,0,0,-52000,0,0,0,0,52000,-52000,-52000
068306,建準國票03購01  ,0,0,0,0,0,0,0,0,0,-52000,0,0,0,0,52000,-52000,-52000
07225P,台積電元大99售33,0,0,0,0,0,0,0,0,0,-52000,0,0,0,58000,110000,-52000,-52000
08157P,大立光元富9B售06,0,0,0,0,0,0,0,0,0,-52000,0,0,0,0,52000,-52000,-52000
08419P,元金2X群益9C售01,0,0,0,0,0,0,0,0,0,-52000,0,0,0,9000,61000,-52000,-52000
068212,GIS凱基02購04   ,0,0,0,0,0,0,0,0,0,-52000,0,0,0,0,52000,-52000,-52000
067934,美律凱基01購01  ,0,0,0,0,0,0,0,0,0,-52000,0,0,0,0,52000,-52000,-52000
067647,鴻海元富07購09  ,0,0,0,0,0,0,0,0,0,-52000,0,0,0,13000,65000,-52000,-52000
058731,貿聯永豐99購02  ,0,0,0,0,0,0,0,0,0,-52000,0,0,0,57000,109000,-52000,-52000
03166P,台積電台新03售01,0,0,0,0,0,0,0,0,0,-52000,0,0,0,3903000,3955000,-52000,-52000
00663L,國泰臺灣加權正2 ,0,18000,-18000,0,0,0,0,0,0,-34000,0,0,0,6000,40000,-34000,-52000
061457,TPK凱基9A購01   ,0,0,0,0,0,0,0,0,0,-52000,0,0,0,12000,64000,-52000,-52000
060978,國巨元大9A購13  ,0,0,0,0,0,0,0,0,0,-52000,0,0,0,10000,62000,-52000,-52000
060987,華新科元大9A購11,0,0,0,0,0,0,0,0,0,-52000,0,0,0,50000,102000,-52000,-52000
061926,晶技凱基9B購02  ,0,0,0,0,0,0,0,0,0,-52000,0,0,0,15000,67000,-52000,-52000
061524,華通凱基9A購07  ,0,0,0,0,0,0,0,0,0,-52000,0,0,0,32000,84000,-52000,-52000
061695,群創群益9A購01  ,0,0,0,0,0,0,0,0,0,-52000,0,0,0,51000,103000,-52000,-52000
062590,亞光統一9B購01  ,0,0,0,0,0,0,0,0,0,-52000,0,0,0,17000,69000,-52000,-52000
062087,瑞祺元大9B購02  ,0,0,0,0,0,0,0,0,0,-52000,0,0,0,10000,62000,-52000,-52000
062124,大立光統一9B購09,0,0,0,0,0,0,0,0,0,-52000,0,0,0,0,52000,-52000,-52000
063836,台塑元大9C購01  ,0,0,0,0,0,0,0,0,0,-52000,0,0,0,43000,95000,-52000,-52000
063486,聚陽國泰9C購01  ,0,0,0,0,0,0,0,0,0,-52000,0,0,0,10000,62000,-52000,-52000
066837,樺漢群益01購02  ,0,0,0,0,0,0,0,0,0,-52000,0,0,0,98000,150000,-52000,-52000
066011,華通元富01購01  ,0,0,0,0,0,0,0,0,0,-52000,0,0,0,0,52000,-52000,-52000
065942,燿華元富01購01  ,0,0,0,0,0,0,0,0,0,-52000,0,0,0,0,52000,-52000,-52000
065124,燿華永豐9C購03  ,0,0,0,0,0,0,0,0,0,-52000,0,0,0,0,52000,-52000,-52000
067372,聯發科統一03購03,0,0,0,0,0,0,0,0,0,-53000,0,0,0,350000,403000,-53000,-53000
08482P,亞德客群益9C售02,0,0,0,0,0,0,0,0,0,-53000,0,0,0,20000,73000,-53000,-53000
0051,元大中型100     ,4000,4000,0,0,0,0,0,0,0,-53000,0,0,0,179000,232000,-53000,-53000
057000,亞德客國票99購01,0,0,0,0,0,0,0,0,0,-53000,0,0,0,19000,72000,-53000,-53000
058293,光寶科凱基9A購01,0,0,0,0,0,0,0,0,0,-53000,0,0,0,0,53000,-53000,-53000
063411,和潤國票9C購01  ,0,0,0,0,0,0,0,0,0,-53000,0,0,0,0,53000,-53000,-53000
063859,國巨國泰01購03  ,0,0,0,0,0,0,0,0,0,-53000,0,0,0,17000,70000,-53000,-53000
062208,旭富國票9C購01  ,0,0,0,0,0,0,0,0,0,-53000,0,0,0,1000,54000,-53000,-53000
06125P,楠梓電元富99售01,0,0,0,0,0,0,0,0,0,-53000,0,0,0,0,53000,-53000,-53000
063899,同欣電群益9C購01,0,0,0,0,0,0,0,0,0,-53000,0,0,0,0,53000,-53000,-53000
060824,旺宏元大9A購06  ,0,0,0,0,0,0,0,0,0,-53000,0,0,0,0,53000,-53000,-53000
065679,聯發科統一03購01,0,0,0,0,0,0,0,0,0,-53000,0,0,0,26000,79000,-53000,-53000
064726,創意統一01購03  ,0,0,0,0,0,0,0,0,0,-53000,0,0,0,56000,109000,-53000,-53000
064617,台光電元大01購01,0,0,0,0,0,0,0,0,0,-53000,0,0,0,3000,56000,-53000,-53000
066670,貿聯凱基01購01  ,0,0,0,0,0,0,0,0,0,-53000,0,0,0,17000,70000,-53000,-53000
066628,宏達電凱基03購01,0,0,0,0,0,0,0,0,0,-53000,0,0,0,2000,55000,-53000,-53000
066549,京元電元大01購03,0,0,0,0,0,0,0,0,0,-53000,0,0,0,24000,77000,-53000,-53000
2023,燁輝            ,192000,245000,-53000,0,0,0,0,0,0,0,0,0,0,0,0,0,-53000
08929P,可成元富07售04  ,0,0,0,0,0,0,0,0,0,-53000,0,0,0,130000,183000,-53000,-53000
07490P,大立光國票9A售03,0,0,0,0,0,0,0,0,0,-54000,0,0,0,0,54000,-54000,-54000
068399,中興電元富03購01,0,0,0,0,0,0,0,0,0,-54000,0,0,0,0,54000,-54000,-54000
068529,貿聯元富07購01  ,0,0,0,0,0,0,0,0,0,-54000,0,0,0,0,54000,-54000,-54000
067952,台光電永豐01購01,0,0,0,0,0,0,0,0,0,-54000,0,0,0,27000,81000,-54000,-54000
058401,華航元大9A購01  ,0,0,0,0,0,0,0,0,0,-54000,0,0,0,0,54000,-54000,-54000
059375,道瓊反群益9C購02,0,0,0,0,0,0,0,0,0,-54000,0,0,0,100000,154000,-54000,-54000
059359,精元永豐99購01  ,0,0,0,0,0,0,0,0,0,-54000,0,0,0,24000,78000,-54000,-54000
059635,華新科凱基9A購06,0,0,0,0,0,0,0,0,0,-54000,0,0,0,0,54000,-54000,-54000
059061,晶技凱基9A購01  ,0,0,0,0,0,0,0,0,0,-54000,0,0,0,110000,164000,-54000,-54000
057636,上銀元大98購06  ,0,0,0,0,0,0,0,0,0,-54000,0,0,0,0,54000,-54000,-54000
057101,新光金中信9A購01,0,0,0,0,0,0,0,0,0,-54000,0,0,0,0,54000,-54000,-54000
060813,高鐵凱基9A購01  ,0,0,0,0,0,0,0,0,0,-54000,0,0,0,57000,111000,-54000,-54000
063144,超眾統一9C購02  ,0,0,0,0,0,0,0,0,0,-54000,0,0,0,30000,84000,-54000,-54000
064001,華通凱基02購01  ,0,0,0,0,0,0,0,0,0,-54000,0,0,0,6000,60000,-54000,-54000
064025,友達元大02購01  ,0,0,0,0,0,0,0,0,0,-54000,0,0,0,13000,67000,-54000,-54000
064193,華新群益9C購01  ,0,0,0,0,0,0,0,0,0,-54000,0,0,0,116000,170000,-54000,-54000
063319,神達群益9B購01  ,0,0,0,0,0,0,0,0,0,-54000,0,0,0,0,54000,-54000,-54000
066904,台積電凱基02購10,0,0,0,0,0,0,0,0,0,-54000,0,0,0,141000,195000,-54000,-54000
066900,和潤康和07購01  ,0,0,0,0,0,0,0,0,0,-54000,0,0,0,0,54000,-54000,-54000
065894,漢翔統一03購01  ,0,0,0,0,0,0,0,0,0,-54000,0,0,0,0,54000,-54000,-54000
064740,台光電國票01購01,0,0,0,0,0,0,0,0,0,-54000,0,0,0,9000,63000,-54000,-54000
065524,康控群益01購01  ,0,0,0,0,0,0,0,0,0,-54000,0,0,0,30000,84000,-54000,-54000
065012,燿華國泰02購01  ,0,0,0,0,0,0,0,0,0,-54000,0,0,0,119000,173000,-54000,-54000
8028,昇陽半導體      ,186000,193000,-7000,0,0,0,0,0,0,-47000,3000,22000,-19000,0,28000,-28000,-54000
067891,玉晶光群益02購05,0,0,0,0,0,0,0,0,0,-55000,0,0,0,2000,57000,-55000,-55000
067613,康舒凱基01購01  ,0,0,0,0,0,0,0,0,0,-55000,0,0,0,336000,391000,-55000,-55000
067233,微星群益02購02  ,0,0,0,0,0,0,0,0,0,-55000,0,0,0,29000,84000,-55000,-55000
068267,台積電永豐01購04,0,0,0,0,0,0,0,0,0,-55000,0,0,0,1280000,1335000,-55000,-55000
058161,T50反1日盛03購01,0,0,0,0,0,0,0,0,0,-55000,0,0,0,0,55000,-55000,-55000
056520,鴻海日盛99購01  ,0,0,0,0,0,0,0,0,0,-55000,0,0,0,58000,113000,-55000,-55000
063576,台表科元大9B購08,0,0,0,0,0,0,0,0,0,-55000,0,0,0,31000,86000,-55000,-55000
058673,華新科群益9A購02,0,0,0,0,0,0,0,0,0,-55000,0,0,0,47000,102000,-55000,-55000
062653,正隆永豐9B購01  ,0,0,0,0,0,0,0,0,0,-55000,0,0,0,13000,68000,-55000,-55000
060562,旺宏富邦9C購02  ,0,0,0,0,0,0,0,0,0,-55000,0,0,0,60000,115000,-55000,-55000
063155,緯穎元富9B購03  ,0,0,0,0,0,0,0,0,0,-55000,0,0,0,0,55000,-55000,-55000
065074,亞德客元大9C購03,0,0,0,0,0,0,0,0,0,-55000,0,0,0,172000,227000,-55000,-55000
064398,聚陽凱基01購01  ,0,0,0,0,0,0,0,0,0,-55000,0,0,0,0,55000,-55000,-55000
064449,金寶統一01購02  ,0,0,0,0,0,0,0,0,0,-55000,0,0,0,0,55000,-55000,-55000
064377,宏達電元富9C購01,0,0,0,0,0,0,0,0,0,-55000,0,0,0,4000,59000,-55000,-55000
065890,台積電統一03購01,0,0,0,0,0,0,0,0,0,-55000,0,0,0,92000,147000,-55000,-55000
066349,聚碩永豐01購01  ,0,0,0,0,0,0,0,0,0,-55000,0,0,0,0,55000,-55000,-55000
066833,正文群益01購01  ,0,0,0,0,0,0,0,0,0,-55000,0,0,0,82000,137000,-55000,-55000
066400,健策凱基02購02  ,0,0,0,0,0,0,0,0,0,-55000,0,0,0,23000,78000,-55000,-55000
2450,神腦            ,3000,11000,-8000,0,0,0,0,0,0,-47000,0,47000,-47000,0,0,0,-55000
068289,國泰金群益01購01,0,0,0,0,0,0,0,0,0,-56000,0,0,0,0,56000,-56000,-56000
08376P,南亞科元富9C售03,0,0,0,0,0,0,0,0,0,-56000,0,0,0,17000,73000,-56000,-56000
08617P,緯創元富9C售03  ,0,0,0,0,0,0,0,0,0,-56000,0,0,0,24000,80000,-56000,-56000
067719,旺宏凱基01購03  ,0,0,0,0,0,0,0,0,0,-56000,0,0,0,20000,76000,-56000,-56000
068024,聚陽元富07購02  ,0,0,0,0,0,0,0,0,0,-56000,0,0,0,0,56000,-56000,-56000
058632,世紀鋼國票9A購01,0,0,0,0,0,0,0,0,0,-56000,0,0,0,0,56000,-56000,-56000
060246,晶相光元大9C購03,0,0,0,0,0,0,0,0,0,-56000,0,0,0,2000,58000,-56000,-56000
058987,華新科凱基9B購01,0,0,0,0,0,0,0,0,0,-56000,0,0,0,0,56000,-56000,-56000
061836,華新科凱基05購01,0,0,0,0,0,0,0,0,0,-56000,0,0,0,1000,57000,-56000,-56000
064201,新光金兆豐9C購01,0,0,0,0,0,0,0,0,0,-56000,0,0,0,0,56000,-56000,-56000
063911,大立光凱基9C購03,0,0,0,0,0,0,0,0,0,-56000,0,0,0,0,56000,-56000,-56000
061343,大立光元大9A購04,0,0,0,0,0,0,0,0,0,-56000,0,0,0,0,56000,-56000,-56000
063827,國巨國票02購01  ,0,0,0,0,0,0,0,0,0,-56000,0,0,0,68000,124000,-56000,-56000
066409,勤誠凱基01購01  ,0,0,0,0,0,0,0,0,0,-56000,0,0,0,0,56000,-56000,-56000
066724,台達電元大01購01,0,0,0,0,0,0,0,0,0,-56000,0,0,0,29000,85000,-56000,-56000
065792,TPK永豐9C購02   ,0,0,0,0,0,0,0,0,0,-56000,0,0,0,28000,84000,-56000,-56000
064546,燿華凱基02購01  ,0,0,0,0,0,0,0,0,0,-56000,0,0,0,0,56000,-56000,-56000
065179,同欣電元大02購01,0,0,0,0,0,0,0,0,0,-56000,0,0,0,6000,62000,-56000,-56000
065284,旺宏群益9C購03  ,0,0,0,0,0,0,0,0,0,-56000,0,0,0,10000,66000,-56000,-56000
08898P,台積電群益01售15,0,0,0,0,0,0,0,0,0,-56000,0,0,0,126000,182000,-56000,-56000
1531,高林股          ,5000,64000,-59000,0,0,0,0,0,0,3000,4000,1000,3000,0,0,0,-56000
067210,聯發科元大01購18,0,0,0,0,0,0,0,0,0,-57000,0,0,0,210000,267000,-57000,-57000
067349,中化群益02購01  ,0,0,0,0,0,0,0,0,0,-57000,0,0,0,16000,73000,-57000,-57000
067482,高鐵元大01購01  ,0,0,0,0,0,0,0,0,0,-57000,0,0,0,0,57000,-57000,-57000
067567,瀚宇博康和01購01,0,0,0,0,0,0,0,0,0,-57000,0,0,0,10000,67000,-57000,-57000
08498P,大立光國票01售02,0,0,0,0,0,0,0,0,0,-57000,0,0,0,0,57000,-57000,-57000
07926P,上銀統一9B售02  ,0,0,0,0,0,0,0,0,0,-57000,0,0,0,3000,60000,-57000,-57000
07837P,華邦電元大9A售01,0,0,0,0,0,0,0,0,0,-57000,0,0,0,163000,220000,-57000,-57000
07748P,茂林凱基9A售04  ,0,0,0,0,0,0,0,0,0,-57000,0,0,0,20000,77000,-57000,-57000
056894,佳世達元大99購01,0,0,0,0,0,0,0,0,0,-57000,0,0,0,0,57000,-57000,-57000
058225,旺宏元富99購01  ,0,0,0,0,0,0,0,0,0,-57000,0,0,0,0,57000,-57000,-57000
054532,強茂國泰98購01  ,0,0,0,0,0,0,0,0,0,-57000,0,0,0,0,57000,-57000,-57000
03094P,台達電凱基01售04,0,0,0,0,0,0,0,0,0,-57000,0,0,0,0,57000,-57000,-57000
062069,喬山元大9B購01  ,0,0,0,0,0,0,0,0,0,-57000,0,0,0,0,57000,-57000,-57000
061044,世紀鋼永豐9A購02,0,0,0,0,0,0,0,0,0,-57000,0,0,0,1000,58000,-57000,-57000
065448,緯創統一9C購01  ,0,0,0,0,0,0,0,0,0,-57000,0,0,0,0,57000,-57000,-57000
064725,緯創統一02購01  ,0,0,0,0,0,0,0,0,0,-57000,0,0,0,40000,97000,-57000,-57000
064904,茂林群益9C購02  ,0,0,0,0,0,0,0,0,0,-57000,0,0,0,0,57000,-57000,-57000
064992,玉晶光兆豐01購01,0,0,0,0,0,0,0,0,0,-57000,0,0,0,3000,60000,-57000,-57000
066194,美利達凱基01購01,0,0,0,0,0,0,0,0,0,-57000,0,0,0,8000,65000,-57000,-57000
066137,智易群益01購01  ,0,0,0,0,0,0,0,0,0,-57000,0,0,0,0,57000,-57000,-57000
066413,鴻海元大01購06  ,0,0,0,0,0,0,0,0,0,-57000,0,0,0,1000,58000,-57000,-57000
08849P,國巨群益01售07  ,0,0,0,0,0,0,0,0,0,-57000,0,0,0,43000,100000,-57000,-57000
06990P,康友元富99售03  ,0,0,0,0,0,0,0,0,0,-58000,0,0,0,0,58000,-58000,-58000
08512P,玉晶光永豐9C售06,0,0,0,0,0,0,0,0,0,-58000,0,0,0,12000,70000,-58000,-58000
00770,國泰北美科技    ,0,18000,-18000,0,0,0,0,0,0,-40000,0,0,0,266000,306000,-40000,-58000
063499,金像電永豐9B購03,0,0,0,0,0,0,0,0,0,-58000,0,0,0,10000,68000,-58000,-58000
060912,華新科元大9A購10,0,0,0,0,0,0,0,0,0,-58000,0,0,0,97000,155000,-58000,-58000
061122,敬鵬永豐9A購01  ,0,0,0,0,0,0,0,0,0,-58000,0,0,0,10000,68000,-58000,-58000
061706,旭富國票9A購02  ,0,0,0,0,0,0,0,0,0,-58000,0,0,0,0,58000,-58000,-58000
061640,智原元大9A購01  ,0,0,0,0,0,0,0,0,0,-58000,0,0,0,0,58000,-58000,-58000
063996,貿聯群益9C購01  ,0,0,0,0,0,0,0,0,0,-58000,0,0,0,20000,78000,-58000,-58000
061243,麗豐兆豐9A購01  ,0,0,0,0,0,0,0,0,0,-58000,0,0,0,0,58000,-58000,-58000
066846,京鼎元大01購03  ,0,0,0,0,0,0,0,0,0,-58000,0,0,0,218000,276000,-58000,-58000
066876,大立光富邦05購01,0,0,0,0,0,0,0,0,0,-58000,0,0,0,0,58000,-58000,-58000
065844,南亞科元大9C購09,0,0,0,0,0,0,0,0,0,-58000,0,0,0,16000,74000,-58000,-58000
06466P,台積電統一9B售01,0,0,0,0,0,0,0,0,0,-58000,0,0,0,144000,202000,-58000,-58000
064540,神達麥證01購01  ,0,0,0,2000,60000,-58000,0,0,0,-58000,0,0,0,2000,60000,-58000,-58000
064589,聯鈞永豐9C購01  ,0,0,0,0,0,0,0,0,0,-58000,0,0,0,0,58000,-58000,-58000
065573,新日興群益01購02,0,0,0,0,0,0,0,0,0,-58000,0,0,0,4000,62000,-58000,-58000
3338,泰碩            ,532000,385000,147000,0,0,0,0,245000,-245000,40000,2000,10000,-8000,63000,15000,48000,-58000
6451,訊芯-KY         ,213000,281000,-68000,0,0,0,0,0,0,10000,0,1000,-1000,16000,5000,11000,-58000
058154,泰碩統一9A購01  ,0,0,0,0,0,0,0,0,0,-59000,0,0,0,120000,179000,-59000,-59000
063201,廣達統一01購01  ,0,0,0,0,0,0,0,0,0,-59000,0,0,0,200000,259000,-59000,-59000
064006,晶技凱基9C購02  ,0,0,0,0,0,0,0,0,0,-59000,0,0,0,4000,63000,-59000,-59000
062569,南電中信01購01  ,0,0,0,0,0,0,0,0,0,-59000,0,0,0,1000,60000,-59000,-59000
061466,創意群益9A購01  ,0,0,0,0,0,0,0,0,0,-59000,0,0,0,45000,104000,-59000,-59000
065116,臺股指國票9C購13,0,0,0,0,0,0,0,0,0,-59000,0,0,0,0,59000,-59000,-59000
065111,瀚宇博國票01購01,0,0,0,0,0,0,0,0,0,-59000,0,0,0,25000,84000,-59000,-59000
064383,SP黃豆富邦01購01,0,0,0,0,0,0,0,0,0,-59000,0,0,0,1000,60000,-59000,-59000
066087,大毅永豐01購02  ,0,0,0,0,0,0,0,0,0,-59000,0,0,0,3000,62000,-59000,-59000
066311,生達永豐01購01  ,0,0,0,0,0,0,0,0,0,-59000,0,0,0,0,59000,-59000,-59000
066307,華城永豐01購01  ,0,0,0,0,0,0,0,0,0,-59000,0,0,0,49000,108000,-59000,-59000
066755,永光永豐01購02  ,0,0,0,0,0,0,0,0,0,-59000,0,0,0,5000,64000,-59000,-59000
08392P,上銀群益9C售01  ,0,0,0,0,0,0,0,0,0,-60000,0,0,0,0,60000,-60000,-60000
08165P,台表科永豐9B售02,0,0,0,0,0,0,0,0,0,-60000,0,0,0,0,60000,-60000,-60000
067362,眾達群益01購02  ,0,0,0,0,0,0,0,0,0,-60000,0,0,0,0,60000,-60000,-60000
067179,健策康和01購01  ,0,0,0,0,0,0,0,0,0,-60000,0,0,0,13000,73000,-60000,-60000
067092,美利達元大01購03,0,0,0,0,0,0,0,0,0,-60000,0,0,0,31000,91000,-60000,-60000
068152,美律元大01購03  ,0,0,0,0,0,0,0,0,0,-60000,0,0,0,0,60000,-60000,-60000
068085,寶成凱基02購01  ,0,0,0,0,0,0,0,0,0,-60000,0,0,0,0,60000,-60000,-60000
067757,元金2X永豐01購01,0,0,0,0,0,0,0,0,0,-60000,0,0,0,0,60000,-60000,-60000
067810,聯發科凱基02購06,0,0,0,0,0,0,0,0,0,-60000,0,0,0,3000,63000,-60000,-60000
058105,旺宏統一9A購02  ,0,0,0,0,0,0,0,0,0,-60000,0,0,0,0,60000,-60000,-60000
057809,英業達元大98購01,0,0,0,0,0,0,0,0,0,-60000,0,0,0,2000,62000,-60000,-60000
055948,道瓊銀元大98購02,0,0,0,0,0,0,0,0,0,-60000,0,0,0,10000,70000,-60000,-60000
047571,滬深2X群益99購01,0,0,0,0,0,0,0,0,0,-60000,0,0,0,0,60000,-60000,-60000
052132,旺宏凱基9B購01  ,0,0,0,0,0,0,0,0,0,-60000,0,0,0,0,60000,-60000,-60000
03140P,聯發科凱基01售22,0,0,0,0,0,0,0,0,0,-60000,0,0,0,0,60000,-60000,-60000
063656,台光電元富03購01,0,0,0,0,0,0,0,0,0,-60000,0,0,0,8000,68000,-60000,-60000
063626,聚陽元大9B購03  ,0,0,0,0,0,0,0,0,0,-60000,0,0,0,0,60000,-60000,-60000
058422,百和麥證99購01  ,0,0,0,0,60000,-60000,0,0,0,-60000,0,0,0,0,60000,-60000,-60000
058398,中環元大99購02  ,0,0,0,0,0,0,0,0,0,-60000,0,0,0,20000,80000,-60000,-60000
058986,華新科凱基9A購03,0,0,0,0,0,0,0,0,0,-60000,0,0,0,0,60000,-60000,-60000
058510,全新元大9B購02  ,0,0,0,0,0,0,0,0,0,-60000,0,0,0,20000,80000,-60000,-60000
058664,百和兆豐99購01  ,0,0,0,0,0,0,0,0,0,-60000,0,0,0,0,60000,-60000,-60000
060018,國產康和99購01  ,0,0,0,0,0,0,0,0,0,-60000,0,0,0,0,60000,-60000,-60000
061408,華新科國票9A購06,0,0,0,0,0,0,0,0,0,-60000,0,0,0,0,60000,-60000,-60000
060899,超眾凱基9A購01  ,0,0,0,0,0,0,0,0,0,-60000,0,0,0,0,60000,-60000,-60000
061469,瑞祺群益9A購02  ,0,0,0,0,0,0,0,0,0,-60000,0,0,0,108000,168000,-60000,-60000
061496,華新科國票9A購07,0,0,0,0,0,0,0,0,0,-60000,0,0,0,0,60000,-60000,-60000
063909,旺宏凱基02購01  ,0,0,0,0,0,0,0,0,0,-60000,0,0,0,9000,69000,-60000,-60000
063907,華通凱基9C購03  ,0,0,0,0,0,0,0,0,0,-60000,0,0,0,0,60000,-60000,-60000
063888,TPK中信01購01   ,0,0,0,0,0,0,0,0,0,-60000,0,0,0,0,60000,-60000,-60000
064224,玉晶光國票01購04,0,0,0,0,0,0,0,0,0,-60000,0,0,0,21000,81000,-60000,-60000
063298,統一凱基9B購01  ,0,0,0,0,0,0,0,0,0,-60000,0,0,0,0,60000,-60000,-60000
060782,道瓊指富邦9C購01,0,0,0,0,0,0,0,0,0,-60000,0,0,0,0,60000,-60000,-60000
062649,緯穎富邦9B購03  ,0,0,0,0,0,0,0,0,0,-60000,0,0,0,0,60000,-60000,-60000
062757,華通凱基9B購02  ,0,0,0,0,0,0,0,0,0,-60000,0,0,0,0,60000,-60000,-60000
062958,長榮航麥證9B購01,0,0,0,0,60000,-60000,0,0,0,-60000,0,0,0,0,60000,-60000,-60000
061855,台郡國票9B購01  ,0,0,0,0,0,0,0,0,0,-60000,0,0,0,0,60000,-60000,-60000
062270,上銀群益9B購03  ,0,0,0,0,0,0,0,0,0,-60000,0,0,0,20000,80000,-60000,-60000
062306,華通凱基9B購01  ,0,0,0,0,0,0,0,0,0,-60000,0,0,0,0,60000,-60000,-60000
062030,旭富群益9B購01  ,0,0,0,0,0,0,0,0,0,-60000,0,0,0,0,60000,-60000,-60000
063459,華通元大9B購08  ,0,0,0,0,0,0,0,0,0,-60000,0,0,0,3000,63000,-60000,-60000
066759,盟立永豐01購03  ,0,0,0,0,0,0,0,0,0,-60000,0,0,0,3000,63000,-60000,-60000
066807,揚明光凱基01購02,0,0,0,0,0,0,0,0,0,-60000,0,0,0,0,60000,-60000,-60000
066507,和碩富邦03購01  ,0,0,0,0,0,0,0,0,0,-60000,0,0,0,0,60000,-60000,-60000
066630,東森凱基01購01  ,0,0,0,0,0,0,0,0,0,-60000,0,0,0,0,60000,-60000,-60000
066618,南六康和01購01  ,0,0,0,0,0,0,0,0,0,-60000,0,0,0,20000,80000,-60000,-60000
066255,英利元大01購01  ,0,0,0,0,0,0,0,0,0,-60000,0,0,0,5000,65000,-60000,-60000
065733,茂林凱基9C購03  ,0,0,0,0,0,0,0,0,0,-60000,0,0,0,49000,109000,-60000,-60000
066009,創意統一02購02  ,0,0,0,0,0,0,0,0,0,-60000,0,0,0,239000,299000,-60000,-60000
064627,矽格元大9C購01  ,0,0,0,0,0,0,0,0,0,-60000,0,0,0,15000,75000,-60000,-60000
064966,FBVIX元大9C購03 ,0,0,0,0,0,0,0,0,0,-60000,0,0,0,0,60000,-60000,-60000
065333,冠德國票01購01  ,0,0,0,0,0,0,0,0,0,-60000,0,0,0,0,60000,-60000,-60000
065594,華通元大01購02  ,0,0,0,0,0,0,0,0,0,-60000,0,0,0,1000,61000,-60000,-60000
9908,大台北          ,24000,57000,-33000,0,0,0,0,0,0,-27000,0,27000,-27000,0,0,0,-60000
067699,奇鋐國票02購03  ,0,0,0,0,0,0,0,0,0,-61000,0,0,0,0,61000,-61000,-61000
067417,力山凱基02購01  ,0,0,0,0,0,0,0,0,0,-61000,0,0,0,10000,71000,-61000,-61000
067515,美利達統一03購03,0,0,0,0,0,0,0,0,0,-61000,0,0,0,104000,165000,-61000,-61000
068363,世紀鋼凱基01購02,0,0,0,0,0,0,0,0,0,-61000,0,0,0,0,61000,-61000,-61000
058977,SGBR2X凱基03購01,0,0,0,0,0,0,0,0,0,-61000,0,0,0,0,61000,-61000,-61000
057508,康控國票99購03  ,0,0,0,0,0,0,0,0,0,-61000,0,0,0,11000,72000,-61000,-61000
057331,台積電國票99購04,0,0,0,0,0,0,0,0,0,-61000,0,0,0,90000,151000,-61000,-61000
053537,玉晶光永豐98購02,0,0,0,0,0,0,0,0,0,-61000,0,0,0,96000,157000,-61000,-61000
00652,富邦印度        ,0,28000,-28000,0,0,0,0,0,0,-33000,0,0,0,69000,102000,-33000,-61000
00683L,元大美元指數正2 ,0,0,0,0,0,0,0,0,0,-61000,0,0,0,0,61000,-61000,-61000
056755,聯茂兆豐98購01  ,0,0,0,0,0,0,0,0,0,-61000,0,0,0,0,61000,-61000,-61000
056413,上証反中信9A購01,0,0,0,0,0,0,0,0,0,-61000,0,0,0,0,61000,-61000,-61000
058156,超眾統一9A購02  ,0,0,0,0,0,0,0,0,0,-61000,0,0,0,224000,285000,-61000,-61000
057730,聯鈞國泰9A購01  ,0,0,0,0,0,0,0,0,0,-61000,0,0,0,102000,163000,-61000,-61000
063832,矽創國票01購01  ,0,0,0,0,0,0,0,0,0,-61000,0,0,0,0,61000,-61000,-61000
062676,南六台新9B購01  ,0,0,0,0,0,0,0,0,0,-61000,0,0,0,130000,191000,-61000,-61000
063334,復盛國票9B購01  ,0,0,0,0,0,0,0,0,0,-61000,0,0,0,24000,85000,-61000,-61000
064028,大毅元大01購01  ,0,0,0,0,0,0,0,0,0,-61000,0,0,0,9000,70000,-61000,-61000
060571,京元電永豐9A購01,0,0,0,0,0,0,0,0,0,-61000,0,0,0,0,61000,-61000,-61000
065670,華新科凱基01購02,0,0,0,0,0,0,0,0,0,-61000,0,0,0,10000,71000,-61000,-61000
065683,嘉聯益統一03購01,0,0,0,0,0,0,0,0,0,-61000,0,0,0,0,61000,-61000,-61000
065221,神隆永豐9C購01  ,0,0,0,0,0,0,0,0,0,-61000,0,0,0,0,61000,-61000,-61000
066135,潤泰全群益02購01,0,0,0,0,0,0,0,0,0,-61000,0,0,0,0,61000,-61000,-61000
08871P,大立光群益01售08,0,0,0,0,0,0,0,0,0,-61000,0,0,0,0,61000,-61000,-61000
068494,玉山金元大01購01,0,0,0,0,0,0,0,0,0,-62000,0,0,0,100000,162000,-62000,-62000
07922P,大立光群益9B售05,0,0,0,0,0,0,0,0,0,-62000,0,0,0,0,62000,-62000,-62000
067301,漢唐元大01購02  ,0,0,0,0,0,0,0,0,0,-62000,0,0,0,40000,102000,-62000,-62000
067951,宏碁永豐01購02  ,0,0,0,0,0,0,0,0,0,-62000,0,0,0,18000,80000,-62000,-62000
058299,同欣電凱基9A購01,0,0,0,0,0,0,0,0,0,-62000,0,0,0,100000,162000,-62000,-62000
064234,正崴統一01購01  ,0,0,0,0,0,0,0,0,0,-62000,0,0,0,20000,82000,-62000,-62000
062512,美食國票9B購01  ,0,0,0,0,0,0,0,0,0,-62000,0,0,0,0,62000,-62000,-62000
065796,T50反1群益01購02,0,0,0,0,0,0,0,0,0,-62000,0,0,0,0,62000,-62000,-62000
066963,T50反1元富07購03,0,0,0,0,0,0,0,0,0,-62000,0,0,0,70000,132000,-62000,-62000
065231,宏達電凱基01購01,0,0,0,0,0,0,0,0,0,-62000,0,0,0,0,62000,-62000,-62000
065060,上銀群益9C購02  ,0,0,0,0,0,0,0,0,0,-62000,0,0,0,20000,82000,-62000,-62000
065044,大立光凱基9C購06,0,0,0,0,0,0,0,0,0,-62000,0,0,0,7000,69000,-62000,-62000
065703,大毅群益9C購01  ,0,0,0,0,0,0,0,0,0,-62000,0,0,0,6000,68000,-62000,-62000
064614,友訊元大9C購02  ,0,0,0,0,0,0,0,0,0,-62000,0,0,0,50000,112000,-62000,-62000
064616,智邦元大9C購04  ,0,0,0,0,0,0,0,0,0,-62000,0,0,0,68000,130000,-62000,-62000
067720,瑞昱凱基01購02  ,0,0,0,0,0,0,0,0,0,-63000,0,0,0,29000,92000,-63000,-63000
08192P,大毅國票9B售05  ,0,0,0,0,0,0,0,0,0,-63000,0,0,0,90000,153000,-63000,-63000
058284,滬深反群益01購01,0,0,0,0,0,0,0,0,0,-63000,0,0,0,20000,83000,-63000,-63000
059039,致伸群益99購01  ,0,0,0,0,0,0,0,0,0,-63000,0,0,0,0,63000,-63000,-63000
058899,旺宏元大99購10  ,0,0,0,0,0,0,0,0,0,-63000,0,0,0,1000,64000,-63000,-63000
062729,神達凱基9B購02  ,0,0,0,0,0,0,0,0,0,-63000,0,0,0,22000,85000,-63000,-63000
062089,矽創元大9B購02  ,0,0,0,0,0,0,0,0,0,-63000,0,0,0,36000,99000,-63000,-63000
063939,上銀元大9C購04  ,0,0,0,0,0,0,0,0,0,-63000,0,0,0,0,63000,-63000,-63000
061979,友達元大9C購08  ,0,0,0,0,0,0,0,0,0,-63000,0,0,0,82000,145000,-63000,-63000
064620,大立光元大01購03,0,0,0,0,0,0,0,0,0,-63000,0,0,0,50000,113000,-63000,-63000
065032,TPK兆豐01購01   ,0,0,0,0,0,0,0,0,0,-63000,0,0,0,0,63000,-63000,-63000
065327,台表科凱基9C購02,0,0,0,0,0,0,0,0,0,-63000,0,0,0,23000,86000,-63000,-63000
066058,TPK元大01購02   ,0,0,0,0,0,0,0,0,0,-63000,0,0,0,1000,64000,-63000,-63000
6226,光鼎            ,197000,260000,-63000,0,0,0,0,0,0,0,0,0,0,0,0,0,-63000
08229P,祥碩國票9B售04  ,0,0,0,0,0,0,0,0,0,-64000,0,0,0,77000,141000,-64000,-64000
068110,華新元富03購01  ,0,0,0,0,0,0,0,0,0,-64000,0,0,0,368000,432000,-64000,-64000
057057,立積元大9A購01  ,0,0,0,0,0,0,0,0,0,-64000,0,0,0,115000,179000,-64000,-64000
061962,台積電統一01購03,0,0,0,0,0,0,0,0,0,-64000,0,0,0,94000,158000,-64000,-64000
063464,廣達元大9B購02  ,0,0,0,0,0,0,0,0,0,-64000,0,0,0,68000,132000,-64000,-64000
063027,台汽電元大9B購01,0,0,0,0,0,0,0,0,0,-64000,0,0,0,25000,89000,-64000,-64000
065937,大毅群益02購01  ,0,0,0,0,0,0,0,0,0,-64000,0,0,0,28000,92000,-64000,-64000
066576,矽創元大01購02  ,0,0,0,0,0,0,0,0,0,-64000,0,0,0,43000,107000,-64000,-64000
065543,緯穎元富01購01  ,0,0,0,0,0,0,0,0,0,-64000,0,0,0,26000,90000,-64000,-64000
064401,台達電凱基06購01,0,0,0,0,0,0,0,0,0,-64000,0,0,0,10000,74000,-64000,-64000
8996,高力            ,262000,253000,9000,0,0,0,0,0,0,-73000,0,73000,-73000,0,0,0,-64000
068219,聯發科統一03購06,0,0,0,0,0,0,0,0,0,-65000,0,0,0,260000,325000,-65000,-65000
068207,日月光凱基01購02,0,0,0,0,0,0,0,0,0,-65000,0,0,0,6000,71000,-65000,-65000
067628,力山永豐01購01  ,0,0,0,0,0,0,0,0,0,-65000,0,0,0,2000,67000,-65000,-65000
067536,大立光群益01購09,0,0,0,0,0,0,0,0,0,-65000,0,0,0,33000,98000,-65000,-65000
067005,盟立永豐01購04  ,0,0,0,0,0,0,0,0,0,-65000,0,0,0,0,65000,-65000,-65000
08263P,台表科元大9C售06,0,0,0,0,0,0,0,0,0,-65000,0,0,0,135000,200000,-65000,-65000
08257P,台積電元大9C售04,0,0,0,0,0,0,0,0,0,-65000,0,0,0,90000,155000,-65000,-65000
068425,道瓊銀凱基04購01,0,0,0,0,0,0,0,0,0,-65000,0,0,0,550000,615000,-65000,-65000
068224,健策統一03購01  ,0,0,0,0,0,0,0,0,0,-65000,0,0,0,20000,85000,-65000,-65000
07720P,臺股指群益9A售09,0,0,0,0,0,0,0,0,0,-65000,0,0,0,110000,175000,-65000,-65000
046949,群創元大99購01  ,0,0,0,0,0,0,0,0,0,-65000,0,0,0,0,65000,-65000,-65000
057798,貿聯兆豐99購01  ,0,0,0,0,0,0,0,0,0,-65000,0,0,0,300000,365000,-65000,-65000
058770,貿聯兆豐9A購01  ,0,0,0,0,0,0,0,0,0,-65000,0,0,0,0,65000,-65000,-65000
063561,上銀元大9B購08  ,0,0,0,0,0,0,0,0,0,-65000,0,0,0,0,65000,-65000,-65000
060737,瑞儀統一9C購01  ,0,0,0,0,0,0,0,0,0,-65000,0,0,0,0,65000,-65000,-65000
062980,康控元富9B購01  ,0,0,0,0,0,0,0,0,0,-65000,0,0,0,129000,194000,-65000,-65000
063439,正隆統一01購01  ,0,0,0,0,0,0,0,0,0,-65000,0,0,0,113000,178000,-65000,-65000
062071,華通元大9B購02  ,0,0,0,0,0,0,0,0,0,-65000,0,0,0,3000,68000,-65000,-65000
061227,日月光中信9B購01,0,0,0,0,0,0,0,0,0,-65000,0,0,0,334000,399000,-65000,-65000
064083,群創中信06購01  ,0,0,0,0,0,0,0,0,0,-65000,0,0,0,0,65000,-65000,-65000
060818,上銀統一9C購01  ,0,0,0,0,0,0,0,0,0,-65000,0,0,0,0,65000,-65000,-65000
064346,貿聯元大01購01  ,0,0,0,0,0,0,0,0,0,-65000,0,0,0,35000,100000,-65000,-65000
064719,聯發科統一02購01,0,0,0,0,0,0,0,0,0,-65000,0,0,0,416000,481000,-65000,-65000
066506,宏達電富邦03購01,0,0,0,0,0,0,0,0,0,-65000,0,0,0,0,65000,-65000,-65000
066432,南六元大01購02  ,0,0,0,0,0,0,0,0,0,-65000,0,0,0,129000,194000,-65000,-65000
066789,聯詠麥證01購01  ,0,0,0,11000,76000,-65000,0,0,0,-65000,0,0,0,11000,76000,-65000,-65000
067151,聯發科統一02購06,0,0,0,0,0,0,0,0,0,-66000,0,0,0,12000,78000,-66000,-66000
067447,台積電國票02購04,0,0,0,0,0,0,0,0,0,-66000,0,0,0,660000,726000,-66000,-66000
063520,上銀凱基9B購05  ,0,0,0,0,0,0,0,0,0,-66000,0,0,0,0,66000,-66000,-66000
060416,神隆永豐9A購01  ,0,0,0,0,0,0,0,0,0,-66000,0,0,0,0,66000,-66000,-66000
060213,牧德康和9A購01  ,0,0,0,0,0,0,0,0,0,-66000,0,0,0,25000,91000,-66000,-66000
064080,宏達電中信06購01,0,0,0,0,0,0,0,0,0,-66000,0,0,0,6000,72000,-66000,-66000
061262,智邦凱基9A購02  ,0,0,0,0,0,0,0,0,0,-66000,0,0,0,0,66000,-66000,-66000
062204,京元電國票9C購01,0,0,0,0,0,0,0,0,0,-66000,0,0,0,34000,100000,-66000,-66000
064727,群創統一02購03  ,0,0,0,0,0,0,0,0,0,-66000,0,0,0,84000,150000,-66000,-66000
064655,聚陽元大9C購02  ,0,0,0,0,0,0,0,0,0,-66000,0,0,0,0,66000,-66000,-66000
064522,華擎群益01購01  ,0,0,0,0,0,0,0,0,0,-66000,0,0,0,20000,86000,-66000,-66000
065690,台苯群益9C購01  ,0,0,0,0,0,0,0,0,0,-66000,0,0,0,0,66000,-66000,-66000
067614,台汽電凱基01購01,0,0,0,0,0,0,0,0,0,-67000,0,0,0,0,67000,-67000,-67000
07807P,聯茂永豐9A售02  ,0,0,0,0,0,0,0,0,0,-67000,0,0,0,108000,175000,-67000,-67000
063607,中租凱基9B購02  ,0,0,0,0,0,0,0,0,0,-67000,0,0,0,0,67000,-67000,-67000
058324,嘉聯益永豐9A購01,0,0,0,0,0,0,0,0,0,-67000,0,0,0,0,67000,-67000,-67000
03058P,台積電凱基01售18,0,0,0,0,0,0,0,0,0,-67000,0,0,0,0,67000,-67000,-67000
062239,台汽電凱基9B購01,0,0,0,0,0,0,0,0,0,-67000,0,0,0,45000,112000,-67000,-67000
060884,超眾中信9B購01  ,0,0,0,0,0,0,0,0,0,-67000,0,0,0,0,67000,-67000,-67000
064577,大立光國泰02購01,0,0,0,0,0,0,0,0,0,-67000,0,0,0,50000,117000,-67000,-67000
064454,華新科統一01購03,0,0,0,0,0,0,0,0,0,-67000,0,0,0,0,67000,-67000,-67000
064697,健策群益01購02  ,0,0,0,0,0,0,0,0,0,-67000,0,0,0,61000,128000,-67000,-67000
065785,奇力新永豐9C購02,0,0,0,0,0,0,0,0,0,-67000,0,0,0,50000,117000,-67000,-67000
065767,T50反1國票03購01,0,0,0,0,0,0,0,0,0,-67000,0,0,0,40000,107000,-67000,-67000
065884,智原元富9C購02  ,0,0,0,0,0,0,0,0,0,-67000,0,0,0,0,67000,-67000,-67000
066261,華碩元大01購01  ,0,0,0,0,0,0,0,0,0,-67000,0,0,0,32000,99000,-67000,-67000
066328,國揚永豐01購01  ,0,0,0,0,0,0,0,0,0,-67000,0,0,0,105000,172000,-67000,-67000
08634P,大立光元大9C售26,0,0,0,0,0,0,0,0,0,-68000,0,0,0,0,68000,-68000,-68000
067679,奇鋐元大02購02  ,0,0,0,0,0,0,0,0,0,-68000,0,0,0,274000,342000,-68000,-68000
067564,訊芯國票02購01  ,0,0,0,0,0,0,0,0,0,-68000,0,0,0,25000,93000,-68000,-68000
067290,金像電兆豐03購01,0,0,0,0,0,0,0,0,0,-68000,0,0,0,40000,108000,-68000,-68000
067261,樺漢國票02購01  ,0,0,0,0,0,0,0,0,0,-68000,0,0,0,38000,106000,-68000,-68000
063518,儒鴻凱基9B購02  ,0,0,0,0,0,0,0,0,0,-68000,0,0,0,24000,92000,-68000,-68000
061088,國巨統一9C購05  ,0,0,0,0,0,0,0,0,0,-68000,0,0,0,6000,74000,-68000,-68000
060599,國巨凱基9C購01  ,0,0,0,0,0,0,0,0,0,-68000,0,0,0,9000,77000,-68000,-68000
062183,奇鋐元大9B購01  ,0,0,0,0,0,0,0,0,0,-68000,0,0,0,20000,88000,-68000,-68000
063473,茂林元大9B購05  ,0,0,0,0,0,0,0,0,0,-68000,0,0,0,0,68000,-68000,-68000
063779,華邦電永豐9B購01,0,0,0,0,0,0,0,0,0,-68000,0,0,0,0,68000,-68000,-68000
060762,長榮航元大9A購02,0,0,0,0,0,0,0,0,0,-68000,0,0,0,0,68000,-68000,-68000
063220,建準群益9B購01  ,0,0,0,0,0,0,0,0,0,-68000,0,0,0,0,68000,-68000,-68000
066347,鎧勝永豐01購01  ,0,0,0,0,0,0,0,0,0,-68000,0,0,0,11000,79000,-68000,-68000
066943,FBVIX元大04購01 ,0,0,0,0,0,0,0,0,0,-68000,0,0,0,0,68000,-68000,-68000
065674,華擎凱基9C購03  ,0,0,0,0,0,0,0,0,0,-68000,0,0,0,23000,91000,-68000,-68000
065250,同欣電麥證9C購01,0,0,0,0,68000,-68000,0,0,0,-68000,0,0,0,0,68000,-68000,-68000
08873P,欣興永豐01售01  ,0,0,0,0,0,0,0,0,0,-68000,0,0,0,18000,86000,-68000,-68000
067250,中化國票02購01  ,0,0,0,0,0,0,0,0,0,-69000,0,0,0,29000,98000,-69000,-69000
067694,聚陽中信03購01  ,0,0,0,0,0,0,0,0,0,-69000,0,0,0,0,69000,-69000,-69000
067856,寶成國票02購01  ,0,0,0,0,0,0,0,0,0,-69000,0,0,0,0,69000,-69000,-69000
058630,日月光國票9A購01,0,0,0,0,0,0,0,0,0,-69000,0,0,0,75000,144000,-69000,-69000
00647L,元大S&P500正2   ,3000,8000,-5000,0,0,0,0,0,0,-64000,0,0,0,80000,144000,-64000,-69000
057724,亞德客國泰99購01,0,0,0,0,0,0,0,0,0,-69000,0,0,0,89000,158000,-69000,-69000
063465,友達元大9C購10  ,0,0,0,0,0,0,0,0,0,-69000,0,0,0,76000,145000,-69000,-69000
063427,南六凱基9B購04  ,0,0,0,0,0,0,0,0,0,-69000,0,0,0,51000,120000,-69000,-69000
062264,南六元大9B購02  ,0,0,0,0,0,0,0,0,0,-69000,0,0,0,95000,164000,-69000,-69000
060869,超眾永豐9A購02  ,0,0,0,0,0,0,0,0,0,-69000,0,0,0,0,69000,-69000,-69000
064170,儒鴻元富9C購01  ,0,0,0,0,0,0,0,0,0,-69000,0,0,0,26000,95000,-69000,-69000
061978,旺宏元大9C購01  ,0,0,0,0,0,0,0,0,0,-69000,0,0,0,2000,71000,-69000,-69000
065447,緯創統一02購02  ,0,0,0,0,0,0,0,0,0,-69000,0,0,0,0,69000,-69000,-69000
064879,健策兆豐01購01  ,0,0,0,0,0,0,0,0,0,-69000,0,0,0,50000,119000,-69000,-69000
064351,中租元大9C購01  ,0,0,0,0,0,0,0,0,0,-69000,0,0,0,24000,93000,-69000,-69000
064600,技嘉元富9C購01  ,0,0,0,0,0,0,0,0,0,-69000,0,0,0,85000,154000,-69000,-69000
066554,嘉晶元大01購05  ,0,0,0,0,0,0,0,0,0,-69000,0,0,0,33000,102000,-69000,-69000
065741,聯發科麥證9C購06,0,0,0,5000,75000,-70000,0,0,0,-69000,0,0,0,6000,75000,-69000,-69000
065931,瑞祺國票02購01  ,0,0,0,0,0,0,0,0,0,-69000,0,0,0,40000,109000,-69000,-69000
067713,聚陽凱基01購02  ,0,0,0,0,0,0,0,0,0,-70000,0,0,0,0,70000,-70000,-70000
08490P,上銀元大9C售08  ,0,0,0,0,0,0,0,0,0,-70000,0,0,0,10000,80000,-70000,-70000
07756P,台灣50國票04售01,0,0,0,0,0,0,0,0,0,-70000,0,0,0,30000,100000,-70000,-70000
07558P,玉晶光元大9A售10,0,0,0,0,0,0,0,0,0,-70000,0,0,0,0,70000,-70000,-70000
068371,華城永豐01購04  ,0,0,0,0,0,0,0,0,0,-70000,0,0,0,0,70000,-70000,-70000
056904,大立光元大99購05,0,0,0,0,0,0,0,0,0,-70000,0,0,0,30000,100000,-70000,-70000
046905,新光金凱基99購01,0,0,0,0,0,0,0,0,0,-70000,0,0,0,40000,110000,-70000,-70000
058808,大成鋼統一9B購01,0,0,0,0,0,0,0,0,0,-70000,0,0,0,0,70000,-70000,-70000
059516,TPK永豐99購01   ,0,0,0,0,0,0,0,0,0,-70000,0,0,0,2000,72000,-70000,-70000
059637,大立光凱基01購01,0,0,0,0,0,0,0,0,0,-70000,0,0,0,104000,174000,-70000,-70000
059546,FBVIX群益99購03 ,0,0,0,0,0,0,0,0,0,-70000,0,0,0,0,70000,-70000,-70000
060656,國巨統一9C購03  ,0,0,0,0,0,0,0,0,0,-70000,0,0,0,0,70000,-70000,-70000
064030,泰碩元大01購01  ,0,0,0,0,0,0,0,0,0,-70000,0,0,0,0,70000,-70000,-70000
064260,矽創富邦9C購01  ,0,0,0,0,0,0,0,0,0,-70000,0,0,0,113000,183000,-70000,-70000
064275,台光電元大9C購03,0,0,0,0,0,0,0,0,0,-70000,0,0,0,52000,122000,-70000,-70000
061417,力成群益9A購01  ,0,0,0,0,0,0,0,0,0,-70000,0,0,0,0,70000,-70000,-70000
062265,南茂元大9B購01  ,0,0,0,0,0,0,0,0,0,-70000,0,0,0,10000,80000,-70000,-70000
063306,聯茂凱基9C購01  ,0,0,0,0,0,0,0,0,0,-70000,0,0,0,0,70000,-70000,-70000
062862,瑞儀國票9B購01  ,0,0,0,0,0,0,0,0,0,-70000,0,0,0,0,70000,-70000,-70000
066131,群光群益02購01  ,0,0,0,0,0,0,0,0,0,-70000,0,0,0,31000,101000,-70000,-70000
066189,和潤凱基01購01  ,0,0,0,0,0,0,0,0,0,-70000,0,0,0,10000,80000,-70000,-70000
066406,南六凱基01購02  ,0,0,0,0,0,0,0,0,0,-70000,0,0,0,20000,90000,-70000,-70000
066937,群創國票03購01  ,0,0,0,0,0,0,0,0,0,-70000,0,0,0,0,70000,-70000,-70000
066905,台積電凱基03購03,0,0,0,0,0,0,0,0,0,-70000,0,0,0,215000,285000,-70000,-70000
066911,牧德凱基02購01  ,0,0,0,0,0,0,0,0,0,-70000,0,0,0,62000,132000,-70000,-70000
064893,金像電群益01購02,0,0,0,0,0,0,0,0,0,-70000,0,0,0,38000,108000,-70000,-70000
065559,超眾凱基9C購03  ,0,0,0,0,0,0,0,0,0,-70000,0,0,0,0,70000,-70000,-70000
065316,大成鋼凱基9C購01,0,0,0,0,0,0,0,0,0,-70000,0,0,0,0,70000,-70000,-70000
2739,寒舍            ,19000,89000,-70000,0,0,0,0,0,0,0,0,0,0,0,0,0,-70000
2548,華固            ,241000,234010,6990,0,0,0,0,0,0,-77000,0,77000,-77000,0,0,0,-70010
08531P,台積電統一9C售15,0,0,0,0,0,0,0,0,0,-71000,0,0,0,1131000,1202000,-71000,-71000
08605P,聯發科中信9C售06,0,0,0,0,0,0,0,0,0,-71000,0,0,0,55000,126000,-71000,-71000
067711,緯穎元富05購01  ,0,0,0,0,0,0,0,0,0,-71000,0,0,0,10000,81000,-71000,-71000
067607,聯鈞凱基01購04  ,0,0,0,0,0,0,0,0,0,-71000,0,0,0,9000,80000,-71000,-71000
067161,嘉澤國票02購01  ,0,0,0,0,0,0,0,0,0,-71000,0,0,0,12000,83000,-71000,-71000
067449,微星國票02購02  ,0,0,0,0,0,0,0,0,0,-71000,0,0,0,0,71000,-71000,-71000
057332,旺宏國票99購03  ,0,0,0,0,0,0,0,0,0,-71000,0,0,0,0,71000,-71000,-71000
057907,台達電亞東99購01,0,0,0,0,0,0,0,0,0,-71000,0,0,0,60000,131000,-71000,-71000
061873,友達元大9C購07  ,0,0,0,0,0,0,0,0,0,-71000,0,0,0,0,71000,-71000,-71000
060551,大立光凱基9B購02,0,0,0,0,0,0,0,0,0,-71000,0,0,0,0,71000,-71000,-71000
064233,燿華統一9C購02  ,0,0,0,0,0,0,0,0,0,-71000,0,0,0,4000,75000,-71000,-71000
064197,智伸科群益9C購01,0,0,0,0,0,0,0,0,0,-71000,0,0,0,3000,74000,-71000,-71000
061950,日月光群益9B購01,0,0,0,0,0,0,0,0,0,-71000,0,0,0,11000,82000,-71000,-71000
065048,世芯凱基01購01  ,0,0,0,0,0,0,0,0,0,-71000,0,0,0,28000,99000,-71000,-71000
065420,中租國票01購01  ,0,0,0,0,0,0,0,0,0,-71000,0,0,0,0,71000,-71000,-71000
064380,超眾元富9C購03  ,0,0,0,0,0,0,0,0,0,-71000,0,0,0,21000,92000,-71000,-71000
066935,奇鋐國票02購02  ,0,0,0,0,0,0,0,0,0,-71000,0,0,0,0,71000,-71000,-71000
066388,力山凱基01購02  ,0,0,0,0,0,0,0,0,0,-71000,0,0,0,45000,116000,-71000,-71000
2379,瑞昱            ,839978,774394,65584,0,0,0,0,67000,-67000,-70000,15000,87000,-72000,5000,3000,2000,-71416
2618,長榮航          ,4679000,4308447,370553,0,0,0,0,2000,-2000,-440000,18000,846000,-828000,519000,131000,388000,-71447
068327,聯發科元大01購27,0,0,0,0,0,0,0,0,0,-72000,0,0,0,6000,78000,-72000,-72000
07051P,大立光中信99售02,0,0,0,0,0,0,0,0,0,-72000,0,0,0,0,72000,-72000,-72000
058371,智原凱基9A購01  ,0,0,0,0,0,0,0,0,0,-72000,0,0,0,0,72000,-72000,-72000
058973,麗豐永豐99購01  ,0,0,0,0,0,0,0,0,0,-72000,0,0,0,0,72000,-72000,-72000
060226,道瓊反元大9A購01,0,0,0,0,0,0,0,0,0,-72000,0,0,0,5000,77000,-72000,-72000
062170,健策永豐9B購04  ,0,0,0,0,0,0,0,0,0,-72000,0,0,0,10000,82000,-72000,-72000
062685,華新科統一9C購03,0,0,0,0,0,0,0,0,0,-72000,0,0,0,0,72000,-72000,-72000
062687,華擎統一01購02  ,0,0,0,0,0,0,0,0,0,-72000,0,0,0,0,72000,-72000,-72000
060775,世芯凱基9A購02  ,0,0,0,0,0,0,0,0,0,-72000,0,0,0,0,72000,-72000,-72000
060718,中磊永豐9A購01  ,0,0,0,0,0,0,0,0,0,-72000,0,0,0,34000,106000,-72000,-72000
066939,TPK國票02購02   ,0,0,0,0,0,0,0,0,0,-72000,0,0,0,0,72000,-72000,-72000
066278,健策元大02購01  ,0,0,0,0,0,0,0,0,0,-72000,0,0,0,243000,315000,-72000,-72000
066223,拓凱國泰03購01  ,0,0,0,0,0,0,0,0,0,-72000,0,0,0,30000,102000,-72000,-72000
064547,宏達電凱基9C購01,0,0,0,0,0,0,0,0,0,-72000,0,0,0,10000,82000,-72000,-72000
064870,中租永豐9C購01  ,0,0,0,0,0,0,0,0,0,-72000,0,0,0,0,72000,-72000,-72000
8021,尖點            ,112000,121000,-9000,0,0,0,0,0,0,-63000,0,63000,-63000,0,0,0,-72000
07069P,欣興元富99售02  ,0,0,0,0,0,0,0,0,0,-73000,0,0,0,166000,239000,-73000,-73000
067284,華新科國票02購01,0,0,0,0,0,0,0,0,0,-73000,0,0,0,16000,89000,-73000,-73000
067336,中信金凱基01購01,0,0,0,0,0,0,0,0,0,-73000,0,0,0,0,73000,-73000,-73000
057751,神達國票99購02  ,0,0,0,0,0,0,0,0,0,-73000,0,0,0,0,73000,-73000,-73000
057347,國巨統一9A購03  ,0,0,0,0,0,0,0,0,0,-73000,0,0,0,300000,373000,-73000,-73000
00686R,群益臺灣加權反1 ,0,0,0,0,0,0,0,0,0,-73000,0,0,0,98000,171000,-73000,-73000
064117,中興電元大9C購01,0,0,0,0,0,0,0,0,0,-73000,0,0,0,2000,75000,-73000,-73000
064690,台光電群益9C購02,0,0,0,0,0,0,0,0,0,-73000,0,0,0,38000,111000,-73000,-73000
065424,華新凱基02購01  ,0,0,0,0,0,0,0,0,0,-73000,0,0,0,10000,83000,-73000,-73000
065691,國巨群益9C購16  ,0,0,0,0,0,0,0,0,0,-73000,0,0,0,0,73000,-73000,-73000
066080,台光電國泰03購01,0,0,0,0,0,0,0,0,0,-73000,0,0,0,33000,106000,-73000,-73000
065821,億豐元富03購01  ,0,0,0,0,0,0,0,0,0,-73000,0,0,0,127000,200000,-73000,-73000
066487,聯詠元富01購03  ,0,0,0,0,0,0,0,0,0,-73000,0,0,0,27000,100000,-73000,-73000
1103,嘉泥            ,224000,297000,-73000,0,0,0,0,0,0,0,0,0,0,0,0,0,-73000
067444,國巨國票03購01  ,0,0,0,0,0,0,0,0,0,-74000,0,0,0,50000,124000,-74000,-74000
067563,上緯控國票02購01,0,0,0,0,0,0,0,0,0,-74000,0,0,0,0,74000,-74000,-74000
067584,技嘉群益02購01  ,0,0,0,0,0,0,0,0,0,-74000,0,0,0,8000,82000,-74000,-74000
067857,百和國票02購01  ,0,0,0,0,0,0,0,0,0,-74000,0,0,0,0,74000,-74000,-74000
068280,滬深2X中信01購03,0,0,0,0,0,0,0,0,0,-74000,0,0,0,0,74000,-74000,-74000
063606,TPK凱基9C購01   ,0,0,0,0,0,0,0,0,0,-74000,0,0,0,19000,93000,-74000,-74000
064109,上銀國票01購01  ,0,0,0,0,0,0,0,0,0,-74000,0,0,0,10000,84000,-74000,-74000
061918,上銀凱基9B購02  ,0,0,0,0,0,0,0,0,0,-74000,0,0,0,3000,77000,-74000,-74000
062432,上銀元大9B購04  ,0,0,0,0,0,0,0,0,0,-74000,0,0,0,0,74000,-74000,-74000
062415,聯茂中信9C購01  ,0,0,0,0,0,0,0,0,0,-74000,0,0,0,0,74000,-74000,-74000
066775,智原富邦03購01  ,0,0,0,0,0,0,0,0,0,-74000,0,0,0,26000,100000,-74000,-74000
066182,康控凱基01購01  ,0,0,0,0,0,0,0,0,0,-74000,0,0,0,0,74000,-74000,-74000
06631P,玉晶光群益9A售03,0,0,0,0,0,0,0,0,0,-74000,0,0,0,226000,300000,-74000,-74000
065636,台表科國票01購03,0,0,0,0,0,0,0,0,0,-74000,0,0,0,109000,183000,-74000,-74000
065547,同欣電兆豐01購01,0,0,0,0,0,0,0,0,0,-74000,0,0,0,15000,89000,-74000,-74000
06936P,瑞儀元大98售01  ,0,0,0,0,0,0,0,0,0,-75000,0,0,0,0,75000,-75000,-75000
067245,康控群益01購03  ,0,0,0,0,0,0,0,0,0,-75000,0,0,0,0,75000,-75000,-75000
067045,聯發科凱基02購05,0,0,0,0,0,0,0,0,0,-75000,0,0,0,90000,165000,-75000,-75000
067049,明泰凱基01購01  ,0,0,0,0,0,0,0,0,0,-75000,0,0,0,15000,90000,-75000,-75000
057566,欣興富邦99購01  ,0,0,0,0,0,0,0,0,0,-75000,0,0,0,6000,81000,-75000,-75000
057862,智邦凱基99購01  ,0,0,0,0,0,0,0,0,0,-75000,0,0,0,10000,85000,-75000,-75000
062324,上銀統一9B購04  ,0,0,0,0,0,0,0,0,0,-75000,0,0,0,0,75000,-75000,-75000
062661,華通群益9B購05  ,0,0,0,0,0,0,0,0,0,-75000,0,0,0,0,75000,-75000,-75000
063354,茂林元富9B購02  ,0,0,0,0,0,0,0,0,0,-75000,0,0,0,20000,95000,-75000,-75000
063897,神達群益9C購01  ,0,0,0,0,0,0,0,0,0,-75000,0,0,0,16000,91000,-75000,-75000
065024,華擎永豐9C購01  ,0,0,0,0,0,0,0,0,0,-75000,0,0,0,0,75000,-75000,-75000
065141,國巨凱基9C購10  ,2000,0,2000,0,0,0,0,0,0,-77000,0,0,0,21000,98000,-77000,-75000
064814,祥碩元大9C購06  ,0,0,0,0,0,0,0,0,0,-75000,0,0,0,30000,105000,-75000,-75000
066320,順德永豐01購01  ,0,0,0,0,0,0,0,0,0,-75000,0,0,0,2000,77000,-75000,-75000
066187,瑞祺凱基01購01  ,0,0,0,0,0,0,0,0,0,-75000,0,0,0,2000,77000,-75000,-75000
066539,晶技兆豐01購02  ,0,0,0,0,0,0,0,0,0,-75000,0,0,0,105000,180000,-75000,-75000
067817,玉晶光凱基02購01,0,0,0,0,0,0,0,0,0,-76000,0,0,0,136000,212000,-76000,-76000
07035P,大立光元富99售04,0,0,0,0,0,0,0,0,0,-76000,0,0,0,0,76000,-76000,-76000
08347P,大立光元大9C售16,0,0,0,0,0,0,0,0,0,-76000,0,0,0,0,76000,-76000,-76000
057045,美律元大99購04  ,0,0,0,0,0,0,0,0,0,-76000,0,0,0,0,76000,-76000,-76000
058671,旺宏群益9A購01  ,0,0,0,0,0,0,0,0,0,-76000,0,0,0,0,76000,-76000,-76000
060934,台汽電永豐9A購02,0,0,0,0,0,0,0,0,0,-76000,0,0,0,0,76000,-76000,-76000
062673,台新金中信03購01,0,0,0,0,0,0,0,0,0,-76000,0,0,0,0,76000,-76000,-76000
062434,華通元大9B購04  ,0,0,0,0,0,0,0,0,0,-76000,0,0,0,27000,103000,-76000,-76000
066371,同欣電中信05購01,0,0,0,0,0,0,0,0,0,-76000,0,0,0,0,76000,-76000,-76000
066118,台郡兆豐01購01  ,0,0,0,0,0,0,0,0,0,-76000,0,0,0,20000,96000,-76000,-76000
066362,瑞昱中信05購01  ,0,0,0,0,0,0,0,0,0,-76000,0,0,0,10000,86000,-76000,-76000
064783,貿聯群益9C購03  ,0,0,0,0,0,0,0,0,0,-76000,0,0,0,56000,132000,-76000,-76000
064350,茂林元大01購01  ,0,0,0,0,0,0,0,0,0,-76000,0,0,0,44000,120000,-76000,-76000
2329,華泰            ,561000,566000,-5000,0,0,0,0,0,0,-71000,1000,72000,-71000,0,0,0,-76000
1442,名軒            ,54000,130104,-76104,0,0,0,0,0,0,0,0,0,0,0,0,0,-76104
066985,牧德群益02購02  ,0,0,0,0,0,0,0,0,0,-77000,0,0,0,0,77000,-77000,-77000
067163,眾達國票02購01  ,0,0,0,0,0,0,0,0,0,-77000,0,0,0,0,77000,-77000,-77000
067416,南紡凱基01購01  ,0,0,0,0,0,0,0,0,0,-77000,0,0,0,0,77000,-77000,-77000
062319,南六凱基9B購02  ,0,0,0,0,0,0,0,0,0,-77000,0,0,0,78000,155000,-77000,-77000
063307,同欣電凱基9B購02,0,0,0,0,0,0,0,0,0,-77000,0,0,0,4000,81000,-77000,-77000
061468,神達群益9A購01  ,0,0,0,0,0,0,0,0,0,-77000,0,0,0,0,77000,-77000,-77000
064217,GIS凱基02購02   ,0,0,0,0,0,0,0,0,0,-77000,0,0,0,395000,472000,-77000,-77000
065441,義隆麥證9C購01  ,0,0,0,23000,100000,-77000,0,0,0,-77000,0,0,0,23000,100000,-77000,-77000
065666,旺宏凱基9C購03  ,0,0,0,0,0,0,0,0,0,-77000,0,0,0,0,77000,-77000,-77000
066017,南六元富03購01  ,0,0,0,0,0,0,0,0,0,-77000,0,0,0,88000,165000,-77000,-77000
066033,南六群益02購01  ,0,0,0,0,0,0,0,0,0,-77000,0,0,0,10000,87000,-77000,-77000
08787P,滬深2X元富01售06,0,0,0,0,0,0,0,0,0,-77000,0,0,0,0,77000,-77000,-77000
2832,台產            ,32000,109000,-77000,0,0,0,0,0,0,0,0,0,0,0,0,0,-77000
067766,上銀統一02購02  ,0,0,0,0,0,0,0,0,0,-78000,0,0,0,0,78000,-78000,-78000
058287,國巨國票9A購02  ,0,0,0,0,0,0,0,0,0,-78000,0,0,0,125000,203000,-78000,-78000
064133,力成元大9C購01  ,0,0,0,0,0,0,0,0,0,-78000,0,0,0,15000,93000,-78000,-78000
061045,儒鴻第一9A購01  ,0,0,0,0,0,0,0,0,0,-78000,0,0,0,0,78000,-78000,-78000
062747,立積永豐9B購01  ,0,0,0,0,0,0,0,0,0,-78000,0,0,0,21000,99000,-78000,-78000
065950,正崴統一03購01  ,0,0,0,0,0,0,0,0,0,-78000,0,0,0,21000,99000,-78000,-78000
066246,中化元大01購01  ,0,0,0,0,0,0,0,0,0,-78000,0,0,0,100000,178000,-78000,-78000
066490,創意元富07購01  ,0,0,0,0,0,0,0,0,0,-78000,0,0,0,23000,101000,-78000,-78000
066812,志超凱基01購01  ,0,0,0,0,0,0,0,0,0,-78000,0,0,0,96000,174000,-78000,-78000
065608,緯創元大9C購04  ,0,0,0,0,0,0,0,0,0,-78000,0,0,0,87000,165000,-78000,-78000
065128,大成鋼兆豐9C購01,0,0,0,0,0,0,0,0,0,-78000,0,0,0,0,78000,-78000,-78000
065129,上銀兆豐01購01  ,0,0,0,0,0,0,0,0,0,-78000,0,0,0,0,78000,-78000,-78000
065354,金像電元富03購01,0,0,0,0,0,0,0,0,0,-78000,0,0,0,72000,150000,-78000,-78000
064391,亞德客永豐9C購01,0,0,0,0,0,0,0,0,0,-78000,0,0,0,12000,90000,-78000,-78000
064938,華新科元富9C購01,0,0,0,0,0,0,0,0,0,-78000,0,0,0,20000,98000,-78000,-78000
2441,超豐            ,287000,332000,-45000,0,0,0,0,1000,-1000,-32000,46000,78000,-32000,0,0,0,-78000
08754P,臺股指群益01售04,0,0,0,0,0,0,0,0,0,-78000,0,0,0,294000,372000,-78000,-78000
068043,GIS元富07購02   ,0,0,0,0,0,0,0,0,0,-79000,0,0,0,1000,80000,-79000,-79000
08478P,臺股指凱基9C售16,0,0,0,0,0,0,0,0,0,-79000,0,0,0,150000,229000,-79000,-79000
068260,道瓊銀富邦07購01,0,0,0,0,0,0,0,0,0,-79000,0,0,0,40000,119000,-79000,-79000
059187,國巨富邦9B購02  ,0,0,0,0,0,0,0,0,0,-79000,0,0,0,3000,82000,-79000,-79000
060286,佳世達元大9C購01,0,0,0,0,0,0,0,0,0,-79000,0,0,0,60000,139000,-79000,-79000
058525,台虹元大99購02  ,0,0,0,0,0,0,0,0,0,-79000,0,0,0,0,79000,-79000,-79000
060232,友訊元大9C購01  ,0,0,0,0,0,0,0,0,0,-79000,0,0,0,0,79000,-79000,-79000
062879,美食兆豐9B購01  ,0,0,0,0,0,0,0,0,0,-79000,0,0,0,0,79000,-79000,-79000
063746,上銀國票9C購01  ,0,0,0,0,0,0,0,0,0,-79000,0,0,0,0,79000,-79000,-79000
061463,智邦群益9A購02  ,0,0,0,0,0,0,0,0,0,-79000,0,0,0,5000,84000,-79000,-79000
064683,台表科兆豐9C購02,0,0,0,0,0,0,0,0,0,-79000,0,0,0,1000,80000,-79000,-79000
065704,華新科群益9C購05,0,0,0,0,0,0,0,0,0,-79000,0,0,0,0,79000,-79000,-79000
066538,信邦兆豐03購01  ,0,0,0,0,0,0,0,0,0,-79000,0,0,0,128000,207000,-79000,-79000
066012,友訊元富01購01  ,0,0,0,0,0,0,0,0,0,-79000,0,0,0,110000,189000,-79000,-79000
2392,正崴            ,582000,597000,-15000,0,0,0,0,0,0,-64000,20000,103000,-83000,55000,36000,19000,-79000
068368,國巨富邦04購01  ,0,0,0,0,0,0,0,0,0,-80000,0,0,0,70000,150000,-80000,-80000
06856P,台灣50永豐99售03,0,0,0,0,0,0,0,0,0,-80000,0,0,0,0,80000,-80000,-80000
07527P,台灣50凱基9B售02,0,0,0,0,0,0,0,0,0,-80000,0,0,0,300000,380000,-80000,-80000
08276P,可成元富9C售02  ,0,0,0,0,0,0,0,0,0,-80000,0,0,0,0,80000,-80000,-80000
08302P,長榮航國泰02售01,0,0,0,0,0,0,0,0,0,-80000,0,0,0,0,80000,-80000,-80000
08178P,南亞科元大9B售01,0,0,0,0,0,0,0,0,0,-80000,0,0,0,0,80000,-80000,-80000
08091P,A50正2元富9B售02,0,0,0,0,0,0,0,0,0,-80000,0,0,0,99000,179000,-80000,-80000
067995,瑞昱元大02購01  ,0,0,0,0,0,0,0,0,0,-80000,0,0,0,4000,84000,-80000,-80000
067621,友達國泰02購01  ,0,0,0,0,0,0,0,0,0,-80000,0,0,0,0,80000,-80000,-80000
067211,聯發科元大01購19,0,0,0,0,0,0,0,0,0,-80000,0,0,0,337000,417000,-80000,-80000
058822,樺漢國泰9B購01  ,0,0,0,0,0,0,0,0,0,-80000,0,0,0,21000,101000,-80000,-80000
058740,T50反1日盛9B購02,0,0,0,0,0,0,0,0,0,-80000,0,0,0,0,80000,-80000,-80000
063672,GIS統一9C購01   ,0,0,0,0,0,0,0,0,0,-80000,0,0,0,0,80000,-80000,-80000
057576,南亞科第一9C購01,0,0,0,0,0,0,0,0,0,-80000,0,0,0,100000,180000,-80000,-80000
05793P,臺股指中信99售08,0,0,0,0,0,0,0,0,0,-80000,0,0,0,0,80000,-80000,-80000
054811,裕隆元大9A購01  ,0,0,0,0,0,0,0,0,0,-80000,0,0,0,0,80000,-80000,-80000
061157,聯鈞群益9A購02  ,0,0,0,0,0,0,0,0,0,-80000,0,0,0,31000,111000,-80000,-80000
060922,金像電永豐9A購01,0,0,0,0,0,0,0,0,0,-80000,0,0,0,69000,149000,-80000,-80000
063102,旺宏群益9B購03  ,0,0,0,0,0,0,0,0,0,-80000,0,0,0,0,80000,-80000,-80000
063785,華通中信06購02  ,0,0,0,0,0,0,0,0,0,-80000,0,0,0,0,80000,-80000,-80000
062891,台汽電群益9B購01,0,0,0,0,0,0,0,0,0,-80000,0,0,0,52000,132000,-80000,-80000
061914,台光電中信9B購01,0,0,0,0,0,0,0,0,0,-80000,0,0,0,48000,128000,-80000,-80000
066784,滬深反中信03購01,0,0,0,0,0,0,0,0,0,-80000,0,0,0,0,80000,-80000,-80000
065724,國巨凱基9C購11  ,0,0,0,0,0,0,0,0,0,-80000,0,0,0,10000,90000,-80000,-80000
064927,瀚宇博統一02購01,0,0,0,0,0,0,0,0,0,-80000,0,0,0,0,80000,-80000,-80000
064337,大毅元大01購02  ,0,0,0,0,0,0,0,0,0,-80000,0,0,0,50000,130000,-80000,-80000
064447,喬山統一02購01  ,0,0,0,0,0,0,0,0,0,-80000,0,0,0,10000,90000,-80000,-80000
2034,允強            ,47000,59000,-12000,0,0,0,0,0,0,-68000,0,68000,-68000,0,0,0,-80000
3023,信邦            ,225000,333000,-108000,0,0,0,0,3000,-3000,31000,25000,37000,-12000,48000,5000,43000,-80000
067206,台積電元大01購23,0,0,0,0,0,0,0,0,0,-81000,0,0,0,10000,91000,-81000,-81000
067561,晶技國票02購01  ,0,0,0,0,0,0,0,0,0,-81000,0,0,0,32000,113000,-81000,-81000
08035P,國巨群益9C售04  ,0,0,0,0,0,0,0,0,0,-81000,0,0,0,19000,100000,-81000,-81000
07858P,旺宏永豐9A售03  ,0,0,0,0,0,0,0,0,0,-81000,0,0,0,0,81000,-81000,-81000
063578,瑞祺元大9B購03  ,0,0,0,0,0,0,0,0,0,-81000,0,0,0,1000,82000,-81000,-81000
063536,美食統一01購01  ,0,0,0,0,0,0,0,0,0,-81000,0,0,0,322000,403000,-81000,-81000
059028,嘉聯益台新99購02,0,0,0,0,0,0,0,0,0,-81000,0,0,0,22000,103000,-81000,-81000
059814,SP黃豆凱基9A購02,0,0,0,0,0,0,0,0,0,-81000,0,0,0,30000,111000,-81000,-81000
062013,奇鋐富邦9B購01  ,0,0,0,0,0,0,0,0,0,-81000,0,0,0,0,81000,-81000,-81000
060604,宏達電凱基9B購01,0,0,0,0,0,0,0,0,0,-81000,0,0,0,2000,83000,-81000,-81000
064278,高鐵元大9C購02  ,0,0,0,0,0,0,0,0,0,-81000,0,0,0,0,81000,-81000,-81000
066946,京元電元大01購04,0,0,0,0,0,0,0,0,0,-81000,0,0,0,80000,161000,-81000,-81000
066966,國巨元富07購07  ,0,0,0,0,0,0,0,0,0,-81000,0,0,0,29000,110000,-81000,-81000
066903,中興電凱基01購01,0,0,0,0,0,0,0,0,0,-81000,0,0,0,20000,101000,-81000,-81000
060133,牧德群益9B購01  ,0,0,0,0,0,0,0,0,0,-82000,0,0,0,18000,100000,-82000,-82000
063568,高鐵元大9B購01  ,0,0,0,0,0,0,0,0,0,-82000,0,0,0,30000,112000,-82000,-82000
063583,GIS國泰01購01   ,0,0,0,0,0,0,0,0,0,-82000,0,0,0,130000,212000,-82000,-82000
060422,台勝科永豐9A購01,0,0,0,0,0,0,0,0,0,-82000,0,0,0,10000,92000,-82000,-82000
062494,中石化中信9C購01,0,0,0,0,0,0,0,0,0,-82000,0,0,0,0,82000,-82000,-82000
066927,亞德客國票02購01,0,0,0,0,0,0,0,0,0,-82000,0,0,0,0,82000,-82000,-82000
066622,南帝凱基01購01  ,0,0,0,0,0,0,0,0,0,-82000,0,0,0,66000,148000,-82000,-82000
064659,台達電元大9C購02,0,0,0,0,0,0,0,0,0,-82000,0,0,0,6000,88000,-82000,-82000
064749,巨大國票01購01  ,0,0,0,0,0,0,0,0,0,-82000,0,0,0,0,82000,-82000,-82000
2608,嘉里大榮        ,27000,34000,-7000,0,0,0,0,0,0,-75000,2000,77000,-75000,0,0,0,-82000
1416,廣豐            ,83000,165000,-82000,0,0,0,0,0,0,0,0,0,0,0,0,0,-82000
067744,神達元大01購02  ,0,0,0,0,0,0,0,0,0,-83000,0,0,0,13000,96000,-83000,-83000
058832,立積永豐99購01  ,0,0,0,0,0,0,0,0,0,-83000,0,0,0,70000,153000,-83000,-83000
057850,上銀兆豐99購02  ,0,0,0,0,0,0,0,0,0,-83000,0,0,0,0,83000,-83000,-83000
057777,可成群益9A購03  ,0,0,0,0,0,0,0,0,0,-83000,0,0,0,92000,175000,-83000,-83000
062982,同欣電元富9B購01,0,0,0,0,0,0,0,0,0,-83000,0,0,0,45000,128000,-83000,-83000
063735,華新科元大9B購15,0,0,0,0,0,0,0,0,0,-83000,0,0,0,0,83000,-83000,-83000
063482,緯穎元大9B購09  ,0,0,0,0,0,0,0,0,0,-83000,0,0,0,23000,106000,-83000,-83000
062122,國巨統一02購01  ,0,0,0,0,0,0,0,0,0,-83000,0,0,0,0,83000,-83000,-83000
064268,緯穎永豐9C購01  ,0,0,0,0,0,0,0,0,0,-83000,0,0,0,0,83000,-83000,-83000
066912,盛群凱基01購01  ,0,0,0,0,0,0,0,0,0,-83000,0,0,0,10000,93000,-83000,-83000
065807,智伸科群益01購01,0,0,0,0,0,0,0,0,0,-83000,0,0,0,16000,99000,-83000,-83000
065816,聯發科元富03購07,0,0,0,0,0,0,0,0,0,-83000,0,0,0,95000,178000,-83000,-83000
2393,億光            ,1053000,1044000,9000,0,0,0,0,0,0,-92000,5000,66000,-61000,0,31000,-31000,-83000
066993,世紀鋼群益01購03,0,0,0,0,0,0,0,0,0,-84000,0,0,0,50000,134000,-84000,-84000
08577P,臺指2X中信03售01,0,0,0,0,0,0,0,0,0,-84000,0,0,0,20000,104000,-84000,-84000
059865,國巨凱基01購01  ,0,0,0,0,0,0,0,0,0,-84000,0,0,0,104000,188000,-84000,-84000
058464,矽創兆豐9A購01  ,0,0,0,0,0,0,0,0,0,-84000,0,0,0,106000,190000,-84000,-84000
064104,TPK群益9C購02   ,0,0,0,0,0,0,0,0,0,-84000,0,0,0,2000,86000,-84000,-84000
064190,新光金第一9C購01,0,0,0,0,0,0,0,0,0,-84000,0,0,0,0,84000,-84000,-84000
062926,嘉澤國票9B購01  ,0,0,0,0,0,0,0,0,0,-84000,0,0,0,0,84000,-84000,-84000
064881,聯茂兆豐01購02  ,0,0,0,0,0,0,0,0,0,-84000,0,0,0,240000,324000,-84000,-84000
064905,嘉聯益群益9C購01,0,0,0,0,0,0,0,0,0,-84000,0,0,0,43000,127000,-84000,-84000
065587,亞德客永豐9C購02,0,0,0,0,0,0,0,0,0,-84000,0,0,0,1000,85000,-84000,-84000
065400,華擎群益01購02  ,0,0,0,0,0,0,0,0,0,-84000,0,0,0,14000,98000,-84000,-84000
08352P,大立光群益01售02,0,0,0,0,0,0,0,0,0,-85000,0,0,0,0,85000,-85000,-85000
068283,帆宣中信01購02  ,0,0,0,0,0,0,0,0,0,-85000,0,0,0,0,85000,-85000,-85000
066992,緯穎群益01購02  ,0,0,0,0,0,0,0,0,0,-85000,0,0,0,7000,92000,-85000,-85000
067249,緯穎群益01購04  ,0,0,0,0,0,0,0,0,0,-85000,0,0,0,4000,89000,-85000,-85000
067270,精成科永豐01購01,0,0,0,0,0,0,0,0,0,-85000,0,0,0,19000,104000,-85000,-85000
067368,技嘉統一03購01  ,0,0,0,0,0,0,0,0,0,-85000,0,0,0,149000,234000,-85000,-85000
067834,台積電統一03購04,0,0,0,0,0,0,0,0,0,-85000,0,0,0,128000,213000,-85000,-85000
067919,玉晶光永豐01購03,0,0,0,0,0,0,0,0,0,-85000,0,0,0,10000,95000,-85000,-85000
061865,力山元大9B購01  ,0,0,0,0,0,0,0,0,0,-85000,0,0,0,5000,90000,-85000,-85000
063752,瑞祺國票9C購01  ,0,0,0,0,0,0,0,0,0,-85000,0,0,0,0,85000,-85000,-85000
061789,群創群益9B購01  ,0,0,0,0,0,0,0,0,0,-85000,0,0,0,4000,89000,-85000,-85000
060426,盛群永豐9A購01  ,0,0,0,0,0,0,0,0,0,-85000,0,0,0,0,85000,-85000,-85000
065446,宏達電統一9C購02,0,0,0,0,0,0,0,0,0,-85000,0,0,0,0,85000,-85000,-85000
065713,緯穎群益9C購04  ,0,0,0,0,0,0,0,0,0,-85000,0,0,0,0,85000,-85000,-85000
064671,聯茂元大9C購02  ,0,0,0,0,0,0,0,0,0,-85000,0,0,0,50000,135000,-85000,-85000
064376,美律元富9C購01  ,0,0,0,0,0,0,0,0,0,-85000,0,0,0,0,85000,-85000,-85000
066229,力山富邦04購01  ,0,0,0,0,0,0,0,0,0,-85000,0,0,0,0,85000,-85000,-85000
066308,中化永豐01購01  ,0,0,0,0,0,0,0,0,0,-85000,0,0,0,8000,93000,-85000,-85000
066115,美律兆豐02購01  ,0,0,0,0,0,0,0,0,0,-85000,0,0,0,0,85000,-85000,-85000
066221,康友台新01購01  ,0,0,0,0,0,0,0,0,0,-85000,0,0,0,38000,123000,-85000,-85000
066156,建準康和01購01  ,0,0,0,0,0,0,0,0,0,-85000,0,0,0,7000,92000,-85000,-85000
066870,宏達電元富01購01,0,0,0,0,0,0,0,0,0,-85000,0,0,0,0,85000,-85000,-85000
066465,同欣電統一01購05,0,0,0,0,0,0,0,0,0,-85000,0,0,0,84000,169000,-85000,-85000
067240,聯陽群益01購02  ,0,0,0,0,0,0,0,0,0,-86000,0,0,0,0,86000,-86000,-86000
067015,義隆富邦04購01  ,0,0,0,0,0,0,0,0,0,-86000,0,0,0,12000,98000,-86000,-86000
068244,國巨元大01購15  ,0,0,0,0,0,0,0,0,0,-86000,0,0,0,0,86000,-86000,-86000
068439,信邦凱基01購02  ,0,0,0,0,0,0,0,0,0,-86000,0,0,0,20000,106000,-86000,-86000
058376,貿聯凱基9A購01  ,0,0,0,0,0,0,0,0,0,-86000,0,0,0,40000,126000,-86000,-86000
03057P,亞德客凱基01售02,0,0,0,0,0,0,0,0,0,-86000,0,0,0,40000,126000,-86000,-86000
052152,創意富邦98購01  ,0,0,0,0,0,0,0,0,0,-86000,0,0,0,4000,90000,-86000,-86000
061126,京元電永豐9A購02,0,0,0,0,0,0,0,0,0,-86000,0,0,0,17000,103000,-86000,-86000
060879,華新科中信9A購02,0,0,0,0,0,0,0,0,0,-86000,0,0,0,0,86000,-86000,-86000
060617,華新科元大9A購08,0,0,0,0,0,0,0,0,0,-86000,0,0,0,1000,87000,-86000,-86000
061569,旺宏元大9A購14  ,0,0,0,0,0,0,0,0,0,-86000,0,0,0,0,86000,-86000,-86000
064040,鴻海統一9C購18  ,0,0,0,0,0,0,0,0,0,-86000,0,0,0,31000,117000,-86000,-86000
064255,泰碩國泰02購01  ,0,0,0,0,0,0,0,0,0,-86000,0,0,0,130000,216000,-86000,-86000
062227,南六統一01購02  ,0,0,0,0,0,0,0,0,0,-86000,0,0,0,10000,96000,-86000,-86000
064362,友達統一01購02  ,0,0,0,0,0,0,0,0,0,-86000,0,0,0,0,86000,-86000,-86000
065657,智邦富邦9C購01  ,0,0,0,0,0,0,0,0,0,-86000,0,0,0,2000,88000,-86000,-86000
065237,茂林凱基01購01  ,0,0,0,0,0,0,0,0,0,-86000,0,0,0,15000,101000,-86000,-86000
065054,百和凱基02購01  ,0,0,0,0,0,0,0,0,0,-86000,0,0,0,0,86000,-86000,-86000
2404,漢唐            ,195000,253000,-58000,0,0,0,0,0,0,-28000,12000,27000,-15000,11000,24000,-13000,-86000
06954P,大立光元富99售01,0,0,0,0,0,0,0,0,0,-87000,0,0,0,0,87000,-87000,-87000
067430,中工凱基05購01  ,0,0,0,0,0,0,0,0,0,-87000,0,0,0,50000,137000,-87000,-87000
067975,茂林群益04購01  ,0,0,0,0,0,0,0,0,0,-87000,0,0,0,30000,117000,-87000,-87000
00753L,中信中國50正2   ,268000,0,268000,0,0,0,0,0,0,-355000,0,0,0,346000,701000,-355000,-87000
063714,超眾凱基9B購03  ,0,0,0,0,0,0,0,0,0,-87000,0,0,0,57000,144000,-87000,-87000
061638,國泰金元大9A購03,0,0,0,0,0,0,0,0,0,-87000,0,0,0,25000,112000,-87000,-87000
065239,超眾凱基02購02  ,0,0,0,0,0,0,0,0,0,-87000,0,0,0,55000,142000,-87000,-87000
065700,京元電群益9C購01,0,0,0,0,0,0,0,0,0,-87000,0,0,0,48000,135000,-87000,-87000
066342,上緯控永豐01購01,0,0,0,0,0,0,0,0,0,-87000,0,0,0,0,87000,-87000,-87000
065799,友訊群益01購03  ,0,0,0,0,0,0,0,0,0,-87000,0,0,0,44000,131000,-87000,-87000
066029,神達群益02購01  ,0,0,0,0,0,0,0,0,0,-87000,0,0,0,0,87000,-87000,-87000
068074,玉山金凱基01購01,0,0,0,0,0,0,0,0,0,-88000,0,0,0,362000,450000,-88000,-88000
067854,力成國票02購01  ,0,0,0,0,0,0,0,0,0,-88000,0,0,0,0,88000,-88000,-88000
067738,技嘉元大01購02  ,0,0,0,0,0,0,0,0,0,-88000,0,0,0,4000,92000,-88000,-88000
067007,拓凱永豐01購02  ,0,0,0,0,0,0,0,0,0,-88000,0,0,0,46000,134000,-88000,-88000
067061,亞泥元大01購01  ,1000,0,1000,0,0,0,0,0,0,-89000,0,0,0,110000,199000,-89000,-88000
058573,鴻海群益9A購02  ,0,0,0,0,0,0,0,0,0,-88000,0,0,0,2000,90000,-88000,-88000
059536,新光金凱基99購05,0,0,0,0,0,0,0,0,0,-88000,0,0,0,42000,130000,-88000,-88000
059120,致伸永豐99購01  ,0,0,0,0,0,0,0,0,0,-88000,0,0,0,0,88000,-88000,-88000
061545,華新科群益9A購09,0,0,0,0,0,0,0,0,0,-88000,0,0,0,5000,93000,-88000,-88000
061764,旺宏元大9B購01  ,0,0,0,0,0,0,0,0,0,-88000,0,0,0,0,88000,-88000,-88000
061003,南亞科兆豐9A購01,0,0,0,0,0,0,0,0,0,-88000,0,0,0,72000,160000,-88000,-88000
064264,智伸科永豐9C購01,0,0,0,0,0,0,0,0,0,-88000,0,0,0,47000,135000,-88000,-88000
061947,旺宏群益9B購02  ,0,0,0,0,0,0,0,0,0,-88000,0,0,0,2000,90000,-88000,-88000
062097,台光電永豐9B購01,0,0,0,0,0,0,0,0,0,-88000,0,0,0,20000,108000,-88000,-88000
062943,世芯凱基9B購03  ,0,0,0,0,0,0,0,0,0,-88000,0,0,0,0,88000,-88000,-88000
066057,華擎元大02購01  ,0,0,0,0,0,0,0,0,0,-88000,0,0,0,18000,106000,-88000,-88000
066466,晶碩統一02購01  ,0,0,0,0,0,0,0,0,0,-88000,0,0,0,7000,95000,-88000,-88000
065222,玉晶光永豐9C購07,0,0,0,0,0,0,0,0,0,-88000,0,0,0,13000,101000,-88000,-88000
059294,宏達電元富9B購02,0,0,0,0,0,0,0,0,0,-89000,0,0,0,51000,140000,-89000,-89000
060388,世紀鋼凱基9B購01,0,0,0,0,0,0,0,0,0,-89000,0,0,0,110000,199000,-89000,-89000
063560,力山元大9B購05  ,0,0,0,0,0,0,0,0,0,-89000,0,0,0,8000,97000,-89000,-89000
063226,康控群益9B購03  ,0,0,0,0,0,0,0,0,0,-89000,0,0,0,0,89000,-89000,-89000
061247,玉晶光群益9A購09,0,0,0,0,0,0,0,0,0,-89000,0,0,0,40000,129000,-89000,-89000
062561,瀚宇博凱基9B購01,0,0,0,0,0,0,0,0,0,-89000,0,0,0,80000,169000,-89000,-89000
065693,國巨群益9C購18  ,0,0,0,0,0,0,0,0,0,-89000,0,0,0,1000,90000,-89000,-89000
066883,聯發科永豐01購01,0,0,0,0,0,0,0,0,0,-89000,0,0,0,0,89000,-89000,-89000
065920,日月光凱基02購01,0,0,0,0,0,0,0,0,0,-89000,0,0,0,85000,174000,-89000,-89000
2536,宏普            ,172000,167000,5000,0,0,0,0,50000,-50000,-44000,0,44000,-44000,0,0,0,-89000
067173,京鼎兆豐01購01  ,0,0,0,0,0,0,0,0,0,-90000,0,0,0,0,90000,-90000,-90000
067131,為升永豐01購01  ,0,0,0,0,0,0,0,0,0,-90000,0,0,0,10000,100000,-90000,-90000
067615,鈺齊凱基01購01  ,0,0,0,0,0,0,0,0,0,-90000,0,0,0,60000,150000,-90000,-90000
067636,復盛永豐01購01  ,0,0,0,0,0,0,0,0,0,-90000,0,0,0,279000,369000,-90000,-90000
067895,玉晶光群益02購09,0,0,0,0,0,0,0,0,0,-90000,0,0,0,0,90000,-90000,-90000
07875P,祥碩群益9B售01  ,0,0,0,0,0,0,0,0,0,-90000,0,0,0,0,90000,-90000,-90000
07360P,台積電元大99售46,0,0,0,0,0,0,0,0,0,-90000,0,0,0,5000,95000,-90000,-90000
08417P,聯發科元大9C售12,0,0,0,0,0,0,0,0,0,-90000,0,0,0,0,90000,-90000,-90000
08640P,台灣50群益9C售07,0,0,0,0,0,0,0,0,0,-90000,0,0,0,0,90000,-90000,-90000
08615P,同欣電統一9C售02,0,0,0,0,0,0,0,0,0,-90000,0,0,0,30000,120000,-90000,-90000
063595,燿華中信9B購02  ,0,0,0,0,0,0,0,0,0,-90000,0,0,0,0,90000,-90000,-90000
060347,大立光統一02購01,0,0,0,0,0,0,0,0,0,-90000,0,0,0,0,90000,-90000,-90000
063510,台表科群益9C購01,0,0,0,0,0,0,0,0,0,-90000,0,0,0,10000,100000,-90000,-90000
03691C,T50反1元大01牛05,0,0,0,0,0,0,0,0,0,-90000,0,0,0,80000,170000,-90000,-90000
053381,友達元大9A購02  ,0,0,0,0,0,0,0,0,0,-90000,0,0,0,120000,210000,-90000,-90000
058061,貿聯元富9B購01  ,0,0,0,0,0,0,0,0,0,-90000,0,0,0,0,90000,-90000,-90000
061138,晶技統一9C購01  ,0,0,0,0,0,0,0,0,0,-90000,0,0,0,47000,137000,-90000,-90000
061392,泰鼎群益9A購02  ,0,0,0,0,0,0,0,0,0,-90000,0,0,0,0,90000,-90000,-90000
061767,信邦元大9B購01  ,0,0,0,0,0,0,0,0,0,-90000,0,0,0,13000,103000,-90000,-90000
061479,泰碩元大9A購02  ,0,0,0,0,0,0,0,0,0,-90000,0,0,0,0,90000,-90000,-90000
062292,旭富永豐9B購01  ,0,0,0,0,0,0,0,0,0,-90000,0,0,0,0,90000,-90000,-90000
063487,國巨國泰01購02  ,0,0,0,0,0,0,0,0,0,-90000,0,0,0,33000,123000,-90000,-90000
063372,漢翔永豐9B購01  ,0,0,0,0,0,0,0,0,0,-90000,0,0,0,0,90000,-90000,-90000
062463,世紀鋼麥證9B購01,0,0,0,0,90000,-90000,0,0,0,-90000,0,0,0,0,90000,-90000,-90000
062734,臺指反國票9C購03,0,0,0,0,0,0,0,0,0,-90000,0,0,0,50000,140000,-90000,-90000
064388,緯穎富邦9C購01  ,0,0,0,0,0,0,0,0,0,-90000,0,0,0,0,90000,-90000,-90000
067803,台積電凱基07購02,0,0,0,0,0,0,0,0,0,-91000,0,0,0,0,91000,-91000,-91000
068197,聯發科凱基01購19,0,0,0,0,0,0,0,0,0,-91000,0,0,0,0,91000,-91000,-91000
067917,冠德永豐01購01  ,0,0,0,0,0,0,0,0,0,-91000,0,0,0,165000,256000,-91000,-91000
067913,華城永豐01購03  ,0,0,0,0,0,0,0,0,0,-91000,0,0,0,149000,240000,-91000,-91000
046629,群創統一98購01  ,0,0,0,0,0,0,0,0,0,-91000,0,0,0,0,91000,-91000,-91000
050077,臺股指凱基99購02,0,0,0,0,0,0,0,0,0,-91000,0,0,0,385000,476000,-91000,-91000
00875,國泰網路資安    ,50000,0,50000,0,0,0,0,0,0,-141000,0,0,0,726000,867000,-141000,-91000
00678,群益NBI生技     ,0,21000,-21000,0,0,0,0,0,0,-70000,0,0,0,0,70000,-70000,-91000
057542,上銀凱基99購01  ,0,0,0,0,0,0,0,0,0,-91000,0,0,0,0,91000,-91000,-91000
060158,廣達永豐9A購01  ,0,0,0,0,0,0,0,0,0,-91000,0,0,0,71000,162000,-91000,-91000
058969,亞德客永豐99購01,0,0,0,0,0,0,0,0,0,-91000,0,0,0,31000,122000,-91000,-91000
058516,健鼎元大99購02  ,0,0,0,0,0,0,0,0,0,-91000,0,0,0,50000,141000,-91000,-91000
062057,華邦電統一01購01,0,0,0,0,0,0,0,0,0,-91000,0,0,0,0,91000,-91000,-91000
060811,亞德客凱基9A購02,0,0,0,0,0,0,0,0,0,-91000,0,0,0,20000,111000,-91000,-91000
066306,亞聚永豐01購01  ,0,0,0,0,0,0,0,0,0,-91000,0,0,0,0,91000,-91000,-91000
08968P,台表科元大01售04,0,0,0,0,0,0,0,0,0,-91000,0,0,0,91000,182000,-91000,-91000
067875,百和元大01購01  ,0,0,0,0,0,0,0,0,0,-92000,0,0,0,0,92000,-92000,-92000
067248,帆宣群益01購01  ,0,0,0,0,0,0,0,0,0,-92000,0,0,0,17000,109000,-92000,-92000
066984,總太群益02購01  ,0,0,0,0,0,0,0,0,0,-92000,0,0,0,30000,122000,-92000,-92000
059091,中信金元大99購01,0,0,0,0,0,0,0,0,0,-92000,0,0,0,8000,100000,-92000,-92000
059403,T50反1台新03購03,0,0,0,0,0,0,0,0,0,-92000,0,0,0,0,92000,-92000,-92000
061939,中租國票9B購01  ,0,0,0,0,0,0,0,0,0,-92000,0,0,0,0,92000,-92000,-92000
061933,光寶科國票9B購01,0,0,0,0,0,0,0,0,0,-92000,0,0,0,16000,108000,-92000,-92000
061995,超眾元大01購01  ,0,0,0,0,0,0,0,0,0,-92000,0,0,0,94000,186000,-92000,-92000
062902,智邦元大9B購07  ,0,0,0,0,0,0,0,0,0,-92000,0,0,0,20000,112000,-92000,-92000
066333,晶華永豐01購01  ,0,0,0,0,0,0,0,0,0,-92000,0,0,0,0,92000,-92000,-92000
066050,亞光元大01購01  ,0,0,0,0,0,0,0,0,0,-92000,0,0,0,8000,100000,-92000,-92000
064400,大成鋼凱基01購01,0,0,0,0,0,0,0,0,0,-92000,0,0,0,0,92000,-92000,-92000
065548,台達電凱基01購02,0,0,0,0,0,0,0,0,0,-92000,0,0,0,30000,122000,-92000,-92000
065311,TPK國票01購03   ,0,0,0,0,0,0,0,0,0,-92000,0,0,0,0,92000,-92000,-92000
08887P,聯發科富邦03售06,0,0,0,0,0,0,0,0,0,-92000,0,0,0,226000,318000,-92000,-92000
08246P,亞德客群益01售01,0,0,0,0,0,0,0,0,0,-93000,0,0,0,197000,290000,-93000,-93000
060204,矽創元富9A購01  ,0,0,0,0,0,0,0,0,0,-93000,0,0,0,0,93000,-93000,-93000
062644,中環國泰9C購01  ,0,0,0,0,0,0,0,0,0,-93000,0,0,0,130000,223000,-93000,-93000
062461,智伸科群益9B購01,0,0,0,0,0,0,0,0,0,-93000,0,0,0,0,93000,-93000,-93000
062040,玉晶光凱基01購01,0,0,0,0,0,0,0,0,0,-93000,0,0,0,35000,128000,-93000,-93000
063393,華通群益9C購05  ,0,0,0,0,0,0,0,0,0,-93000,0,0,0,0,93000,-93000,-93000
062138,力成群益9B購01  ,0,0,0,0,0,0,0,0,0,-93000,0,0,0,0,93000,-93000,-93000
062346,智邦群益9B購02  ,0,0,0,0,0,0,0,0,0,-93000,0,0,0,5000,98000,-93000,-93000
063885,南六元富9C購01  ,0,0,0,0,0,0,0,0,0,-93000,0,0,0,63000,156000,-93000,-93000
061574,大毅元大9B購01  ,0,0,0,0,0,0,0,0,0,-93000,0,0,0,2000,95000,-93000,-93000
061732,智邦中信9B購01  ,0,0,0,0,0,0,0,0,0,-93000,0,0,0,50000,143000,-93000,-93000
065099,聯茂元大9C購03  ,0,0,0,0,0,0,0,0,0,-93000,0,0,0,50000,143000,-93000,-93000
067499,帆宣元大01購04  ,2000,0,2000,0,0,0,0,0,0,-96000,0,0,0,256000,352000,-96000,-94000
068211,樺漢凱基01購02  ,0,0,0,0,0,0,0,0,0,-94000,0,0,0,3000,97000,-94000,-94000
061790,中租群益9B購01  ,0,0,0,0,0,0,0,0,0,-94000,0,0,0,29000,123000,-94000,-94000
063809,矽創兆豐01購01  ,0,0,0,0,0,0,0,0,0,-94000,0,0,0,15000,109000,-94000,-94000
063285,華擎元大9B購03  ,0,0,0,0,0,0,0,0,0,-94000,0,0,0,0,94000,-94000,-94000
060806,華新科群益9A購03,0,0,0,0,0,0,0,0,0,-94000,0,0,0,0,94000,-94000,-94000
066007,大立光統一02購06,0,0,0,0,0,0,0,0,0,-94000,0,0,0,60000,154000,-94000,-94000
065856,中租元大9C購03  ,0,0,0,0,0,0,0,0,0,-94000,0,0,0,61000,155000,-94000,-94000
066913,樺漢凱基01購01  ,0,0,0,0,0,0,0,0,0,-94000,0,0,0,0,94000,-94000,-94000
066950,義隆元大01購03  ,0,0,0,0,0,0,0,0,0,-94000,0,0,0,292000,386000,-94000,-94000
9917,中保科          ,36000,49000,-13000,0,0,0,0,0,0,-81000,5000,86000,-81000,0,0,0,-94000
067649,台積電元富07購05,0,0,0,0,0,0,0,0,0,-95000,0,0,0,4122000,4217000,-95000,-95000
067390,聯詠元富07購02  ,0,0,0,0,0,0,0,0,0,-95000,0,0,0,234000,329000,-95000,-95000
067228,華新群益01購01  ,0,0,0,0,0,0,0,0,0,-95000,0,0,0,190000,285000,-95000,-95000
068386,台達電統一03購02,0,0,0,0,0,0,0,0,0,-95000,0,0,0,0,95000,-95000,-95000
060188,華新科元富9A購03,0,0,0,0,0,0,0,0,0,-95000,0,0,0,0,95000,-95000,-95000
058828,大毅永豐99購01  ,0,0,0,0,0,0,0,0,0,-95000,0,0,0,0,95000,-95000,-95000
059282,嘉聯益永豐99購01,0,0,0,0,0,0,0,0,0,-95000,0,0,0,0,95000,-95000,-95000
058010,帆宣國票98購01  ,0,0,0,0,0,0,0,0,0,-95000,0,0,0,5000,100000,-95000,-95000
054791,泰碩群益99購02  ,0,0,0,0,0,0,0,0,0,-95000,0,0,0,5000,100000,-95000,-95000
062674,百和中信03購01  ,0,0,0,0,0,0,0,0,0,-95000,0,0,0,10000,105000,-95000,-95000
066718,滬深2X元大01購05,0,0,0,0,0,0,0,0,0,-95000,0,0,0,30000,125000,-95000,-95000
066515,強茂永豐01購02  ,0,0,0,0,0,0,0,0,0,-95000,0,0,0,0,95000,-95000,-95000
066444,華擎群益01購03  ,0,0,0,0,0,0,0,0,0,-95000,0,0,0,16000,111000,-95000,-95000
065877,TPK群益9C購05   ,0,0,0,0,0,0,0,0,0,-95000,0,0,0,21000,116000,-95000,-95000
066209,聯鈞統一03購01  ,0,0,0,0,0,0,0,0,0,-95000,0,0,0,5000,100000,-95000,-95000
064358,台達電統一01購02,0,0,0,0,0,0,0,0,0,-95000,0,0,0,21000,116000,-95000,-95000
064696,群創群益9C購02  ,0,0,0,0,0,0,0,0,0,-95000,0,0,0,3000,98000,-95000,-95000
068270,建準永豐01購01  ,0,0,0,0,0,0,0,0,0,-96000,0,0,0,85000,181000,-96000,-96000
08273P,國巨元富9C售02  ,0,0,0,0,0,0,0,0,0,-96000,0,0,0,2000,98000,-96000,-96000
08647P,鴻海凱基9C售06  ,0,0,0,0,0,0,0,0,0,-96000,0,0,0,7000,103000,-96000,-96000
068078,緯創凱基02購01  ,0,0,0,0,0,0,0,0,0,-96000,0,0,0,70000,166000,-96000,-96000
058075,貿聯凱基99購02  ,0,0,0,0,0,0,0,0,0,-96000,0,0,0,0,96000,-96000,-96000
056746,超眾凱基99購01  ,0,0,0,0,0,0,0,0,0,-96000,0,0,0,35000,131000,-96000,-96000
058292,上銀凱基9A購01  ,0,0,0,0,0,0,0,0,0,-96000,0,0,0,0,96000,-96000,-96000
063515,香港2X凱基01購01,0,0,0,0,0,0,0,0,0,-96000,0,0,0,0,96000,-96000,-96000
063579,GIS元大9C購01   ,0,0,0,0,0,0,0,0,0,-96000,0,0,0,14000,110000,-96000,-96000
059950,百和永豐99購02  ,0,0,0,0,0,0,0,0,0,-96000,0,0,0,50000,146000,-96000,-96000
059755,宏達電國泰9A購01,0,0,0,0,0,0,0,0,0,-96000,0,0,0,32000,128000,-96000,-96000
062857,SP黃豆國票9C購01,0,0,0,0,0,0,0,0,0,-96000,0,0,0,4000,100000,-96000,-96000
062051,上銀統一9C購02  ,0,0,0,0,0,0,0,0,0,-96000,0,0,0,0,96000,-96000,-96000
061778,元金2X群益9B購02,0,0,0,0,0,0,0,0,0,-96000,0,0,0,24000,120000,-96000,-96000
063162,國喬永豐9B購01  ,0,0,0,0,0,0,0,0,0,-96000,0,0,0,7000,103000,-96000,-96000
063153,南六元富9B購01  ,0,0,0,0,0,0,0,0,0,-96000,0,0,0,33000,129000,-96000,-96000
064135,復盛元大9C購01  ,0,0,0,0,0,0,0,0,0,-96000,0,0,0,422000,518000,-96000,-96000
064924,健策統一9C購05  ,0,0,0,0,0,0,0,0,0,-96000,0,0,0,57000,153000,-96000,-96000
064988,志超元大9C購01  ,0,0,0,0,0,0,0,0,0,-96000,0,0,0,138000,234000,-96000,-96000
065992,立積永豐01購01  ,0,0,0,0,0,0,0,0,0,-96000,0,0,0,73000,169000,-96000,-96000
6698,旭暉應材        ,56000,152000,-96000,0,0,0,10000,6000,4000,-4000,0,4000,-4000,0,0,0,-96000
058936,國喬中信99購01  ,0,0,0,0,0,0,0,0,0,-97000,0,0,0,44000,141000,-97000,-97000
063663,台光電統一9C購01,0,0,0,0,0,0,0,0,0,-97000,0,0,0,3000,100000,-97000,-97000
063634,台光電元大9B購09,0,0,0,0,0,0,0,0,0,-97000,0,0,0,41000,138000,-97000,-97000
064085,儒鴻凱基9C購02  ,0,0,0,0,0,0,0,0,0,-97000,0,0,0,183000,280000,-97000,-97000
061137,晶技統一9B購01  ,0,0,0,0,0,0,0,0,0,-97000,0,0,0,138000,235000,-97000,-97000
064873,世紀鋼永豐9C購01,0,0,0,0,0,0,0,0,0,-97000,0,0,0,0,97000,-97000,-97000
064468,健策元富9C購02  ,0,0,0,0,0,0,0,0,0,-97000,0,0,0,122000,219000,-97000,-97000
4977,眾達-KY         ,338000,404000,-66000,0,0,0,0,46000,-46000,15000,0,0,0,17000,2000,15000,-97000
067814,緯創凱基01購02  ,0,0,0,0,0,0,0,0,0,-98000,0,0,0,0,98000,-98000,-98000
07314P,T50正2元大9C售03,0,0,0,0,0,0,0,0,0,-98000,0,0,0,0,98000,-98000,-98000
063640,貿聯元大9B購03  ,0,0,0,0,0,0,0,0,0,-98000,0,0,0,0,98000,-98000,-98000
057084,立積統一9B購01  ,0,0,0,0,0,0,0,0,0,-98000,0,0,0,0,98000,-98000,-98000
03103P,聯發科元富01售02,0,0,0,0,0,0,0,0,0,-98000,0,0,0,1111000,1209000,-98000,-98000
063820,華邦電麥證01購01,0,0,0,0,108000,-108000,0,0,0,-98000,0,0,0,10000,108000,-98000,-98000
062086,瑞祺元大9B購01  ,0,0,0,0,0,0,0,0,0,-98000,0,0,0,0,98000,-98000,-98000
064641,神隆凱基9C購01  ,0,0,0,0,0,0,0,0,0,-98000,0,0,0,0,98000,-98000,-98000
064543,華通凱基02購02  ,0,0,0,0,0,0,0,0,0,-98000,0,0,0,0,98000,-98000,-98000
064949,南亞科凱基9C購01,0,0,0,0,0,0,0,0,0,-98000,0,0,0,3000,101000,-98000,-98000
066694,深中小群益03購01,0,0,0,0,0,0,0,0,0,-98000,0,0,0,7000,105000,-98000,-98000
068460,健策國票03購02  ,0,0,0,0,0,0,0,0,0,-99000,0,0,0,0,99000,-99000,-99000
068214,嘉基凱基02購01  ,0,0,0,0,0,0,0,0,0,-99000,0,0,0,0,99000,-99000,-99000
067997,美律元大01購02  ,0,0,0,0,0,0,0,0,0,-99000,0,0,0,15000,114000,-99000,-99000
067155,健策統一02購01  ,0,0,0,0,0,0,0,0,0,-99000,0,0,0,30000,129000,-99000,-99000
063470,泰鼎元大9B購03  ,0,0,0,0,0,0,0,0,0,-99000,0,0,0,51000,150000,-99000,-99000
060686,康友元大9A購02  ,0,0,0,0,0,0,0,0,0,-99000,0,0,0,0,99000,-99000,-99000
062496,矽創中信9B購01  ,0,0,0,0,0,0,0,0,0,-99000,0,0,0,0,99000,-99000,-99000
063231,台泥元大9B購01  ,0,0,0,0,0,0,0,0,0,-99000,0,0,0,223000,322000,-99000,-99000
061960,國巨統一01購05  ,0,0,0,0,0,0,0,0,0,-99000,0,0,0,0,99000,-99000,-99000
066725,華通元大01購05  ,0,0,0,0,0,0,0,0,0,-99000,0,0,0,74000,173000,-99000,-99000
066910,華擎凱基01購03  ,0,0,0,0,0,0,0,0,0,-99000,0,0,0,20000,119000,-99000,-99000
064421,技嘉兆豐01購01  ,0,0,0,0,0,0,0,0,0,-99000,0,0,0,6000,105000,-99000,-99000
065270,TPK元大01購01   ,0,0,0,0,0,0,0,0,0,-99000,0,0,0,1000,100000,-99000,-99000
065583,超眾國泰02購01  ,0,0,0,0,0,0,0,0,0,-99000,0,0,0,108000,207000,-99000,-99000
067217,康控元大01購02  ,0,0,0,0,0,0,0,0,0,-100000,0,0,0,0,100000,-100000,-100000
067107,義隆群益01購02  ,0,0,0,0,0,0,0,0,0,-100000,0,0,0,128000,228000,-100000,-100000
067474,華邦電元大01購02,0,0,0,0,0,0,0,0,0,-100000,0,0,0,10000,110000,-100000,-100000
067590,茂林群益01購01  ,0,0,0,0,0,0,0,0,0,-100000,0,0,0,0,100000,-100000,-100000
067985,聚陽元大02購01  ,0,0,0,0,0,0,0,0,0,-100000,0,0,0,0,100000,-100000,-100000
068016,宏碁國票02購01  ,0,0,0,0,0,0,0,0,0,-100000,0,0,0,20000,120000,-100000,-100000
067897,玉晶光群益02購11,0,0,0,0,0,0,0,0,0,-100000,0,0,0,0,100000,-100000,-100000
067950,元金2X永豐01購02,0,0,0,0,0,0,0,0,0,-100000,0,0,0,0,100000,-100000,-100000
068160,智易元大01購01  ,0,0,0,0,0,0,0,0,0,-100000,0,0,0,0,100000,-100000,-100000
067873,神達元大01購03  ,0,0,0,0,0,0,0,0,0,-100000,0,0,0,0,100000,-100000,-100000
067662,聚陽元大01購03  ,0,0,0,0,0,0,0,0,0,-100000,0,0,0,0,100000,-100000,-100000
068464,聯詠富邦03購02  ,0,0,0,0,0,0,0,0,0,-100000,0,0,0,0,100000,-100000,-100000
068466,帆宣永豐01購02  ,0,0,0,0,0,0,0,0,0,-100000,0,0,0,0,100000,-100000,-100000
068287,鴻海群益01購10  ,0,0,0,0,0,0,0,0,0,-100000,0,0,0,25000,125000,-100000,-100000
068307,美律國票03購01  ,0,0,0,0,0,0,0,0,0,-100000,0,0,0,0,100000,-100000,-100000
068256,彩晶元大03購01  ,0,0,0,0,0,0,0,0,0,-100000,0,0,0,9000,109000,-100000,-100000
07533P,臺股指中信9C售04,0,0,0,0,0,0,0,0,0,-100000,0,0,0,0,100000,-100000,-100000
07552P,技嘉元大9A售03  ,0,0,0,0,0,0,0,0,0,-100000,0,0,0,0,100000,-100000,-100000
07587P,台灣50國票9A售11,0,0,0,0,0,0,0,0,0,-100000,0,0,0,0,100000,-100000,-100000
07879P,瑞昱群益9C售01  ,0,0,0,0,0,0,0,0,0,-100000,0,0,0,0,100000,-100000,-100000
07783P,聯發科富邦9C售03,0,0,0,0,0,0,0,0,0,-100000,0,0,0,0,100000,-100000,-100000
08614P,聯發科統一9C售18,0,0,0,0,0,0,0,0,0,-100000,0,0,0,0,100000,-100000,-100000
08274P,台積電元富9C售02,0,0,0,0,0,0,0,0,0,-100000,0,0,0,0,100000,-100000,-100000
08050P,臺股指國票9B售15,0,0,0,0,0,0,0,0,0,-100000,0,0,0,50000,150000,-100000,-100000
08134P,臺股指元大9B售40,0,0,0,0,0,0,0,0,0,-100000,0,0,0,0,100000,-100000,-100000
03134P,台積電中信07售05,0,0,0,0,0,0,0,0,0,-100000,0,0,0,0,100000,-100000,-100000
057110,立積群益98購01  ,0,0,0,0,0,0,0,0,0,-100000,0,0,0,0,100000,-100000,-100000
057338,群創國票99購01  ,0,0,0,0,0,0,0,0,0,-100000,0,0,0,0,100000,-100000,-100000
053276,友達元大9C購01  ,0,0,0,0,0,0,0,0,0,-100000,0,0,0,0,100000,-100000,-100000
053584,友達元大9B購02  ,0,0,0,0,0,0,0,0,0,-100000,0,0,0,0,100000,-100000,-100000
056820,欣興永豐98購02  ,0,0,0,0,0,0,0,0,0,-100000,0,0,0,0,100000,-100000,-100000
056353,鴻海元大99購02  ,0,0,0,0,0,0,0,0,0,-100000,0,0,0,10000,110000,-100000,-100000
05589P,大立光中信9A售01,0,0,0,0,0,0,0,0,0,-100000,0,0,0,0,100000,-100000,-100000
058338,康友元富99購01  ,0,0,0,0,0,0,0,0,0,-100000,0,0,0,0,100000,-100000,-100000
058911,茂林元大99購04  ,0,0,0,0,0,0,0,0,0,-100000,0,0,0,0,100000,-100000,-100000
058906,晶相光元大99購01,0,0,0,0,0,0,0,0,0,-100000,0,0,0,0,100000,-100000,-100000
058850,華新科群益99購03,0,0,0,0,0,0,0,0,0,-100000,0,0,0,0,100000,-100000,-100000
058515,健鼎元大99購01  ,0,0,0,0,0,0,0,0,0,-100000,0,0,0,0,100000,-100000,-100000
059034,華通群益9B購02  ,0,0,0,0,0,0,0,0,0,-100000,0,0,0,0,100000,-100000,-100000
058739,喬山中信99購01  ,0,0,0,0,0,0,0,0,0,-100000,0,0,0,0,100000,-100000,-100000
059876,智易凱基99購02  ,0,0,0,0,0,0,0,0,0,-100000,0,0,0,0,100000,-100000,-100000
064019,上銀元大9C購05  ,0,0,0,0,0,0,0,0,0,-100000,0,0,0,0,100000,-100000,-100000
061168,力成兆豐9A購01  ,0,0,0,0,0,0,0,0,0,-100000,0,0,0,0,100000,-100000,-100000
060868,致伸永豐9A購01  ,0,0,0,0,0,0,0,0,0,-100000,0,0,0,0,100000,-100000,-100000
061834,華新科凱基02購02,0,0,0,0,0,0,0,0,0,-100000,0,0,0,0,100000,-100000,-100000
061766,華新科元大9B購02,0,0,0,0,0,0,0,0,0,-100000,0,0,0,0,100000,-100000,-100000
061577,泰碩元大9A購03  ,0,0,0,0,0,0,0,0,0,-100000,0,0,0,0,100000,-100000,-100000
061567,華通元大9A購11  ,0,0,0,0,0,0,0,0,0,-100000,0,0,0,2000,102000,-100000,-100000
062878,宏達電兆豐9B購01,0,0,0,0,0,0,0,0,0,-100000,0,0,0,0,100000,-100000,-100000
062831,嘉澤群益9B購01  ,0,0,0,0,0,0,0,0,0,-100000,0,0,0,0,100000,-100000,-100000
063403,鈺齊群益9B購01  ,0,0,0,0,0,0,0,0,0,-100000,0,0,0,0,100000,-100000,-100000
061868,旺宏元大9B購03  ,0,0,0,0,0,0,0,0,0,-100000,0,0,0,0,100000,-100000,-100000
065381,緯穎元大9C購03  ,0,0,0,0,0,0,0,0,0,-100000,0,0,0,0,100000,-100000,-100000
065169,華邦電元大9C購03,0,0,0,0,0,0,0,0,0,-100000,0,0,0,5000,105000,-100000,-100000
065067,億豐群益01購01  ,0,0,0,0,0,0,0,0,0,-100000,0,0,0,33000,133000,-100000,-100000
064548,漢翔凱基9C購01  ,0,0,0,0,0,0,0,0,0,-100000,0,0,0,10000,110000,-100000,-100000
064642,裕隆凱基9C購01  ,0,0,0,0,0,0,0,0,0,-100000,0,0,0,0,100000,-100000,-100000
064660,華通元大9C購05  ,0,0,0,0,0,0,0,0,0,-100000,0,0,0,2000,102000,-100000,-100000
066570,力成元大02購01  ,0,0,0,0,0,0,0,0,0,-100000,0,0,0,350000,450000,-100000,-100000
065889,鴻海統一03購02  ,0,0,0,0,0,0,0,0,0,-100000,0,0,0,0,100000,-100000,-100000
065831,緯創凱基9C購03  ,0,0,0,0,0,0,0,0,0,-100000,0,0,0,50000,150000,-100000,-100000
065764,康友元大9C購02  ,0,0,0,0,0,0,0,0,0,-100000,0,0,0,26000,126000,-100000,-100000
066161,力山凱基01購01  ,0,0,0,0,0,0,0,0,0,-100000,0,0,0,8000,108000,-100000,-100000
066129,佳世達群益01購01,0,0,0,0,0,0,0,0,0,-100000,0,0,0,0,100000,-100000,-100000
067656,新日興元富07購01,0,0,0,0,0,0,0,0,0,-101000,0,0,0,0,101000,-101000,-101000
067619,臺股指凱基04購02,0,0,0,0,0,0,0,0,0,-101000,0,0,0,436000,537000,-101000,-101000
067728,南亞科台新01購01,0,0,0,0,0,0,0,0,0,-101000,0,0,0,0,101000,-101000,-101000
068195,瑞昱凱基02購02  ,0,0,0,0,0,0,0,0,0,-101000,0,0,0,7000,108000,-101000,-101000
063494,金像電富邦9B購01,0,0,0,0,0,0,0,0,0,-101000,0,0,0,142000,243000,-101000,-101000
054885,建準統一98購01  ,0,0,0,0,0,0,0,0,0,-101000,0,0,0,0,101000,-101000,-101000
061269,嘉澤凱基9A購01  ,0,0,0,0,0,0,0,0,0,-101000,0,0,0,0,101000,-101000,-101000
060867,智伸科永豐9A購01,0,0,0,0,0,0,0,0,0,-101000,0,0,0,0,101000,-101000,-101000
061984,華新科元大9B購05,0,0,0,0,0,0,0,0,0,-101000,0,0,0,0,101000,-101000,-101000
065771,道瓊反國票01購01,0,0,0,0,0,0,0,0,0,-101000,0,0,0,0,101000,-101000,-101000
065987,大毅永豐01購01  ,0,0,0,0,0,0,0,0,0,-101000,0,0,0,36000,137000,-101000,-101000
064567,晶技群益01購01  ,0,0,0,0,0,0,0,0,0,-101000,0,0,0,1000,102000,-101000,-101000
065027,玉晶光中信03購01,0,65000,-65000,0,0,0,0,0,0,-36000,0,0,0,120000,156000,-36000,-101000
065345,台光電統一01購04,0,0,0,0,0,0,0,0,0,-101000,0,0,0,92000,193000,-101000,-101000
065392,華通群益01購02  ,0,0,0,0,0,0,0,0,0,-101000,0,0,0,10000,111000,-101000,-101000
065614,緯穎元大01購02  ,0,0,0,0,0,0,0,0,0,-101000,0,0,0,9000,110000,-101000,-101000
065651,中磊元大9C購01  ,0,0,0,0,0,0,0,0,0,-101000,0,0,0,89000,190000,-101000,-101000
6214,精誠            ,190000,220000,-30000,0,0,0,0,0,0,-71000,0,71000,-71000,0,0,0,-101000
068210,嘉聯益凱基01購01,0,0,0,0,0,0,0,0,0,-102000,0,0,0,10000,112000,-102000,-102000
068059,宏碁中信03購01  ,0,0,0,0,0,0,0,0,0,-102000,0,0,0,0,102000,-102000,-102000
067546,世紀鋼群益01購05,0,0,0,0,0,0,0,0,0,-102000,0,0,0,0,102000,-102000,-102000
067315,京鼎元大01購05  ,0,0,0,0,0,0,0,0,0,-102000,0,0,0,70000,172000,-102000,-102000
067027,日月光兆豐03購01,0,0,0,0,0,0,0,0,0,-102000,0,0,0,83000,185000,-102000,-102000
067234,正崴群益01購01  ,0,0,0,0,0,0,0,0,0,-102000,0,0,0,10000,112000,-102000,-102000
067149,瑞昱統一03購01  ,0,0,0,0,0,0,0,0,0,-102000,0,0,0,0,102000,-102000,-102000
00766L,台新MSCI中國正2 ,0,0,0,0,0,0,0,0,0,-102000,0,0,0,38000,140000,-102000,-102000
063955,TPK元大9C購01   ,0,0,0,0,0,0,0,0,0,-102000,0,0,0,47000,149000,-102000,-102000
063474,康控元大9B購04  ,0,0,0,0,0,0,0,0,0,-102000,0,0,0,38000,140000,-102000,-102000
065493,T50反1富邦03購01,0,0,0,0,0,0,0,0,0,-102000,0,0,0,0,102000,-102000,-102000
064441,嘉澤凱基9C購02  ,0,0,0,0,0,0,0,0,0,-102000,0,0,0,83000,185000,-102000,-102000
064666,華新科元大02購01,0,0,0,0,0,0,0,0,0,-102000,0,0,0,0,102000,-102000,-102000
066273,晶技元大01購02  ,0,0,0,0,0,0,0,0,0,-102000,0,0,0,0,102000,-102000,-102000
066929,國巨國票02購03  ,0,0,0,0,0,0,0,0,0,-102000,0,0,0,4000,106000,-102000,-102000
066709,聚碩群益01購01  ,0,0,0,0,0,0,0,0,0,-102000,0,0,0,0,102000,-102000,-102000
067685,瀚宇博元大01購03,0,0,0,0,0,0,0,0,0,-103000,0,0,0,105000,208000,-103000,-103000
07249P,T50正2富邦03售02,0,0,0,0,0,0,0,0,0,-103000,0,0,0,0,103000,-103000,-103000
068348,上銀凱基01購02  ,0,0,0,0,0,0,0,0,0,-103000,0,0,0,10000,113000,-103000,-103000
057282,大立光元大99購06,0,0,0,0,0,0,0,0,0,-103000,0,0,0,65000,168000,-103000,-103000
058979,上銀凱基99購04  ,0,0,0,0,0,0,0,0,0,-103000,0,0,0,0,103000,-103000,-103000
061916,元金2X凱基02購01,0,0,0,0,0,0,0,0,0,-103000,0,0,0,0,103000,-103000,-103000
063128,智伸科元大9B購01,0,0,0,0,0,0,0,0,0,-103000,0,0,0,0,103000,-103000,-103000
063116,大立光麥證9C購01,0,0,0,0,103000,-103000,0,0,0,-103000,0,0,0,0,103000,-103000,-103000
064428,裕隆凱基02購01  ,0,0,0,0,0,0,0,0,0,-103000,0,0,0,93000,196000,-103000,-103000
064538,鈺齊國票01購01  ,0,0,0,0,0,0,0,0,0,-103000,0,0,0,0,103000,-103000,-103000
064580,統一永豐9C購01  ,0,0,0,0,0,0,0,0,0,-103000,0,0,0,0,103000,-103000,-103000
068062,瑞昱兆豐03購01  ,0,0,0,0,0,0,0,0,0,-104000,0,0,0,25000,129000,-104000,-104000
058521,日月光元大99購01,0,0,0,0,0,0,0,0,0,-104000,0,0,0,5000,109000,-104000,-104000
058931,玉晶光統一9C購01,0,0,0,0,0,0,0,0,0,-104000,0,0,0,26000,130000,-104000,-104000
060305,得力永豐9A購01  ,0,0,0,0,0,0,0,0,0,-104000,0,0,0,0,104000,-104000,-104000
060322,卜蜂群益9A購01  ,0,0,0,0,0,0,0,0,0,-104000,0,0,0,0,104000,-104000,-104000
059358,旺宏永豐99購02  ,0,0,0,0,0,0,0,0,0,-104000,0,0,0,31000,135000,-104000,-104000
062835,瑞儀群益9B購01  ,0,0,0,0,0,0,0,0,0,-104000,0,0,0,6000,110000,-104000,-104000
061869,智邦元大9B購01  ,0,0,0,0,0,0,0,0,0,-104000,0,0,0,19000,123000,-104000,-104000
064576,世紀鋼群益01購01,0,0,0,0,0,0,0,0,0,-104000,0,0,0,0,104000,-104000,-104000
065046,玉晶光凱基01購03,0,0,0,0,0,0,0,0,0,-104000,0,0,0,20000,124000,-104000,-104000
066825,智邦群益01購03  ,0,0,0,0,0,0,0,0,0,-104000,0,0,0,0,104000,-104000,-104000
068201,玉晶光凱基02購07,0,0,0,0,0,0,0,0,0,-105000,0,0,0,16000,121000,-105000,-105000
067756,奇鋐國泰03購01  ,0,0,0,0,0,0,0,0,0,-105000,0,0,0,18000,123000,-105000,-105000
068230,亞光元富04購01  ,0,0,0,0,0,0,0,0,0,-105000,0,0,0,0,105000,-105000,-105000
07054P,華新科兆豐99售04,0,0,0,0,0,0,0,0,0,-105000,0,0,0,68000,173000,-105000,-105000
08541P,景碩國票01售02  ,0,0,0,0,0,0,0,0,0,-105000,0,0,0,22000,127000,-105000,-105000
063627,上銀元大9B購09  ,0,0,0,0,0,0,0,0,0,-105000,0,0,0,0,105000,-105000,-105000
063680,寶成富邦9C購01  ,0,0,0,0,0,0,0,0,0,-105000,0,0,0,0,105000,-105000,-105000
059954,華新科康和99購01,0,0,0,0,0,0,0,0,0,-105000,0,0,0,12000,117000,-105000,-105000
062999,聯茂國票9C購01  ,0,0,0,0,0,0,0,0,0,-105000,0,0,0,0,105000,-105000,-105000
062470,智邦凱基9C購01  ,0,0,0,0,0,0,0,0,0,-105000,0,0,0,8000,113000,-105000,-105000
061508,南六國泰9C購02  ,0,0,0,0,0,0,0,0,0,-105000,0,0,0,104000,209000,-105000,-105000
063956,神達元大9C購01  ,0,0,0,0,0,0,0,0,0,-105000,0,0,0,20000,125000,-105000,-105000
063980,智易兆豐9C購02  ,0,0,0,0,0,0,0,0,0,-105000,0,0,0,1000,106000,-105000,-105000
064176,京元電國泰01購01,0,0,0,0,0,0,0,0,0,-105000,0,0,0,26000,131000,-105000,-105000
066262,華碩元大01購02  ,0,0,0,0,0,0,0,0,0,-105000,0,0,0,10000,115000,-105000,-105000
066314,台橡永豐01購01  ,0,0,0,0,0,0,0,0,0,-105000,0,0,0,200000,305000,-105000,-105000
064625,健策元大01購02  ,0,0,0,0,0,0,0,0,0,-105000,0,0,0,168000,273000,-105000,-105000
064328,華通元大9C購04  ,0,0,0,0,0,0,0,0,0,-105000,0,0,0,6000,111000,-105000,-105000
2228,劍麟            ,54000,169000,-115000,0,0,0,0,0,0,10000,0,0,0,11000,1000,10000,-105000
067902,中磊群益01購01  ,0,0,0,0,0,0,0,0,0,-106000,0,0,0,36000,142000,-106000,-106000
067547,儒鴻中信01購01  ,0,0,0,0,0,0,0,0,0,-106000,0,0,0,40000,146000,-106000,-106000
059760,楠梓電永豐99購01,0,0,0,0,0,0,0,0,0,-106000,0,0,0,0,106000,-106000,-106000
057914,日月光日盛9A購01,0,0,0,0,0,0,0,0,0,-106000,0,0,0,0,106000,-106000,-106000
055585,國巨元大98購08  ,0,0,0,0,0,0,0,0,0,-106000,0,0,0,44000,150000,-106000,-106000
061817,高鐵群益9B購01  ,0,0,0,0,0,0,0,0,0,-106000,0,0,0,75000,181000,-106000,-106000
061170,南茂兆豐9B購01  ,0,0,0,0,0,0,0,0,0,-106000,0,0,0,23000,129000,-106000,-106000
063008,華通元大9B購06  ,0,0,0,0,0,0,0,0,0,-106000,0,0,0,0,106000,-106000,-106000
061840,長榮航凱基9C購01,0,0,0,0,0,0,0,0,0,-106000,0,0,0,0,106000,-106000,-106000
063845,旺宏元大9C購03  ,0,0,0,0,0,0,0,0,0,-106000,0,0,0,0,106000,-106000,-106000
064396,創意永豐9C購01  ,0,0,0,0,0,0,0,0,0,-106000,0,0,0,10000,116000,-106000,-106000
064509,台表科元大9C購08,0,0,0,0,0,0,0,0,0,-106000,0,0,0,7000,113000,-106000,-106000
064976,景碩元大9C購01  ,0,0,0,0,0,0,0,0,0,-106000,0,0,0,166000,272000,-106000,-106000
2106,建大            ,227000,26000,201000,0,0,0,0,200000,-200000,-107000,0,107000,-107000,0,0,0,-106000
3062,建漢            ,223000,277000,-54000,0,0,0,0,0,0,-52000,0,52000,-52000,0,0,0,-106000
067538,晶技群益01購02  ,0,0,0,0,0,0,0,0,0,-107000,0,0,0,17000,124000,-107000,-107000
067785,晶技群益01購03  ,0,0,0,0,0,0,0,0,0,-107000,0,0,0,2000,109000,-107000,-107000
068413,健策台新01購01  ,0,0,0,0,0,0,0,0,0,-107000,0,0,0,0,107000,-107000,-107000
063658,瑞祺元富9B購01  ,0,0,0,0,0,0,0,0,0,-107000,0,0,0,110000,217000,-107000,-107000
064903,新唐群益9C購01  ,0,0,0,0,0,0,0,0,0,-107000,0,0,0,4000,111000,-107000,-107000
065011,智邦國泰02購01  ,0,0,0,0,0,0,0,0,0,-107000,0,0,0,42000,149000,-107000,-107000
066095,友訊中信05購01  ,0,0,0,0,0,0,0,0,0,-107000,0,0,0,0,107000,-107000,-107000
066756,長興永豐01購02  ,0,0,0,0,0,0,0,0,0,-107000,0,0,0,0,107000,-107000,-107000
6456,GIS-KY          ,2403000,2463000,-60000,0,0,0,110000,161000,-51000,4000,32000,77000,-45000,162000,113000,49000,-107000
08785P,滬深2X元富01售04,0,0,0,0,0,0,0,0,0,-107000,0,0,0,0,107000,-107000,-107000
068506,GIS元大01購07   ,0,0,0,0,0,0,0,0,0,-108000,0,0,0,45000,153000,-108000,-108000
08061P,大毅國票9B售04  ,0,0,0,0,0,0,0,0,0,-108000,0,0,0,352000,460000,-108000,-108000
067361,旭富群益01購02  ,0,0,0,0,0,0,0,0,0,-108000,0,0,0,12000,120000,-108000,-108000
067162,康控國票02購01  ,0,0,0,0,0,0,0,0,0,-108000,0,0,0,0,108000,-108000,-108000
057623,友訊國泰99購01  ,0,0,0,0,0,0,0,0,0,-108000,0,0,0,2000,110000,-108000,-108000
063369,聚陽永豐9B購01  ,0,0,0,0,0,0,0,0,0,-108000,0,0,0,12000,120000,-108000,-108000
066961,超眾元大01購05  ,0,0,0,0,0,0,0,0,0,-108000,0,0,0,12000,120000,-108000,-108000
066906,聯發科凱基03購03,0,0,0,0,0,0,0,0,0,-108000,0,0,0,5000,113000,-108000,-108000
065989,泰碩永豐01購01  ,0,0,0,0,0,0,0,0,0,-108000,0,0,0,11000,119000,-108000,-108000
065965,國巨元大01購05  ,0,0,0,0,0,0,0,0,0,-108000,0,0,0,17000,125000,-108000,-108000
064852,智邦台新9C購04  ,0,0,0,0,0,0,0,0,0,-108000,0,0,0,20000,128000,-108000,-108000
064856,GIS國泰02購01   ,0,0,0,0,0,0,0,0,0,-108000,0,0,0,45000,153000,-108000,-108000
064960,世紀鋼凱基03購01,0,0,0,0,0,0,0,0,0,-108000,0,0,0,60000,168000,-108000,-108000
08751P,友達群益01售01  ,0,0,0,0,0,0,0,0,0,-108000,0,0,0,0,108000,-108000,-108000
08656P,大立光群益9C售07,0,0,0,0,0,0,0,0,0,-109000,0,0,0,1000,110000,-109000,-109000
07471P,南亞科元大9A售01,0,0,0,0,0,0,0,0,0,-109000,0,0,0,5000,114000,-109000,-109000
057638,上銀元大99購01  ,0,0,0,0,0,0,0,0,0,-109000,0,0,0,4000,113000,-109000,-109000
00668,國泰美國道瓊    ,0,0,0,0,0,0,0,0,0,-109000,0,0,0,8000,117000,-109000,-109000
062382,燿華國泰9C購01  ,0,0,0,0,0,0,0,0,0,-109000,0,0,0,93000,202000,-109000,-109000
060430,和潤永豐9A購01  ,0,0,0,0,0,0,0,0,0,-109000,0,0,0,0,109000,-109000,-109000
064198,超眾群益9C購01  ,0,0,0,0,0,0,0,0,0,-109000,0,0,0,12000,121000,-109000,-109000
061367,瑞祺國票9A購01  ,0,0,0,0,0,0,0,0,0,-109000,0,0,0,0,109000,-109000,-109000
4133,亞諾法          ,54000,46000,8000,0,0,0,0,0,0,-117000,0,0,0,179000,296000,-117000,-109000
07544P,大立光凱基9A售09,0,0,0,0,0,0,0,0,0,-110000,0,0,0,0,110000,-110000,-110000
08549P,大立光元大9C售25,0,0,0,0,0,0,0,0,0,-110000,0,0,0,40000,150000,-110000,-110000
067294,中磊兆豐03購01  ,0,0,0,0,0,0,0,0,0,-110000,0,0,0,0,110000,-110000,-110000
067813,晶技凱基01購03  ,0,0,0,0,0,0,0,0,0,-110000,0,0,0,95000,205000,-110000,-110000
057582,亞光中信9A購02  ,0,0,0,0,0,0,0,0,0,-110000,0,0,0,10000,120000,-110000,-110000
063698,上銀群益9B購05  ,0,0,0,0,0,0,0,0,0,-110000,0,0,0,20000,130000,-110000,-110000
059425,SGBR2X元大9A購02,0,0,0,0,0,0,0,0,0,-110000,0,0,0,101000,211000,-110000,-110000
060212,華航康和9A購01  ,0,0,0,0,0,0,0,0,0,-110000,0,0,0,0,110000,-110000,-110000
060251,易華電元大9C購01,0,0,0,0,0,0,0,0,0,-110000,0,0,0,0,110000,-110000,-110000
060657,旺宏統一9B購05  ,0,0,0,0,0,0,0,0,0,-110000,0,0,0,0,110000,-110000,-110000
064312,大立光群益01購01,0,0,0,0,0,0,0,0,0,-110000,0,0,0,0,110000,-110000,-110000
064033,茂林元大9C購02  ,0,0,0,0,0,0,0,0,0,-110000,0,0,0,26000,136000,-110000,-110000
060900,超眾凱基9B購01  ,0,0,0,0,0,0,0,0,0,-110000,0,0,0,0,110000,-110000,-110000
061470,鈺齊群益9A購02  ,0,0,0,0,0,0,0,0,0,-110000,0,0,0,0,110000,-110000,-110000
062427,嘉澤統一01購01  ,0,0,0,0,0,0,0,0,0,-110000,0,0,0,20000,130000,-110000,-110000
063477,訊芯元大9B購01  ,0,0,0,0,0,0,0,0,0,-110000,0,0,0,2000,112000,-110000,-110000
063195,訊連元富9B購01  ,0,0,0,0,0,0,0,0,0,-110000,0,0,0,119000,229000,-110000,-110000
064506,康控元大9C購02  ,0,0,0,0,0,0,0,0,0,-110000,0,0,0,0,110000,-110000,-110000
06503P,臺股指中信9A售02,0,0,0,0,0,0,0,0,0,-110000,0,0,0,0,110000,-110000,-110000
065096,世芯元大9C購03  ,0,0,0,0,0,0,0,0,0,-110000,0,0,0,5000,115000,-110000,-110000
066493,美利達元富01購01,0,0,0,0,0,0,0,0,0,-110000,0,0,0,113000,223000,-110000,-110000
067992,宏碁元大01購01  ,0,0,0,0,0,0,0,0,0,-111000,0,0,0,125000,236000,-111000,-111000
08527P,大立光元大01售06,0,0,0,0,0,0,0,0,0,-111000,0,0,0,30000,141000,-111000,-111000
059503,大立光富邦9B購04,0,0,0,0,0,0,0,0,0,-111000,0,0,0,0,111000,-111000,-111000
063239,建準元大9B購01  ,0,0,0,0,0,0,0,0,0,-111000,0,0,0,435000,546000,-111000,-111000
061707,超眾國票9B購01  ,0,0,0,0,0,0,0,0,0,-111000,0,0,0,91000,202000,-111000,-111000
063982,TPK兆豐9C購01   ,0,0,0,0,0,0,0,0,0,-111000,0,0,0,9000,120000,-111000,-111000
066423,智原元大01購02  ,0,0,0,0,0,0,0,0,0,-111000,0,0,0,34000,145000,-111000,-111000
066637,瀚宇博凱基01購02,0,0,0,0,0,0,0,0,0,-111000,0,0,0,14000,125000,-111000,-111000
066902,台泥凱基01購01  ,0,0,0,0,0,0,0,0,0,-111000,0,0,0,164000,275000,-111000,-111000
065952,聯發科統一03購02,0,0,0,0,0,0,0,0,0,-111000,0,0,0,83000,194000,-111000,-111000
065629,台積電國票01購04,0,0,0,0,0,0,0,0,0,-111000,0,0,0,977000,1088000,-111000,-111000
064912,國巨統一01購09  ,0,0,0,0,0,0,0,0,0,-111000,0,0,0,12000,123000,-111000,-111000
08523P,金像電元大9C售06,0,0,0,0,0,0,0,0,0,-112000,0,0,0,0,112000,-112000,-112000
067039,生達凱基01購01  ,0,0,0,0,0,0,0,0,0,-112000,0,0,0,0,112000,-112000,-112000
063460,智邦元大9B購08  ,0,0,0,0,0,0,0,0,0,-112000,0,0,0,54000,166000,-112000,-112000
063111,TPK兆豐9B購01   ,0,0,0,0,0,0,0,0,0,-112000,0,0,0,7000,119000,-112000,-112000
065274,南茂元大9C購03  ,0,0,0,0,0,0,0,0,0,-112000,0,0,0,56000,168000,-112000,-112000
066044,京元電元大01購01,0,0,0,0,0,0,0,0,0,-112000,0,0,0,115000,227000,-112000,-112000
066171,德律凱基01購01  ,0,0,0,0,0,0,0,0,0,-112000,0,0,0,65000,177000,-112000,-112000
067398,欣興永豐01購04  ,0,0,0,0,0,0,0,0,0,-113000,0,0,0,62000,175000,-113000,-113000
067904,SP黃豆國泰03購01,0,0,0,0,0,0,0,0,0,-113000,0,0,0,0,113000,-113000,-113000
067959,嘉聯益永豐01購01,0,0,0,0,0,0,0,0,0,-113000,0,0,0,0,113000,-113000,-113000
067670,微星元大01購06  ,0,0,0,0,0,0,0,0,0,-113000,0,0,0,103000,216000,-113000,-113000
057546,台積電凱基02購01,0,0,0,0,0,0,0,0,0,-113000,0,0,0,75000,188000,-113000,-113000
00762,元大全球AI      ,0,0,0,0,0,0,0,0,0,-113000,0,0,0,4000,117000,-113000,-113000
053400,緯穎中信9A購01  ,0,0,0,0,0,0,0,0,0,-113000,0,0,0,0,113000,-113000,-113000
054976,上証2X元富9A購01,0,0,0,0,0,0,0,0,0,-113000,0,0,0,170000,283000,-113000,-113000
063773,可成富邦9C購01  ,0,0,0,0,0,0,0,0,0,-113000,0,0,0,0,113000,-113000,-113000
060671,亞德客元大9A購03,0,0,0,0,0,0,0,0,0,-113000,0,0,0,29000,142000,-113000,-113000
061741,新光金凱基9B購01,0,0,0,0,0,0,0,0,0,-113000,0,0,0,0,113000,-113000,-113000
06682P,玉晶光元大99售08,0,0,0,0,0,0,0,0,0,-113000,0,0,0,27000,140000,-113000,-113000
066796,台積電凱基02購08,0,0,0,0,0,0,0,0,0,-113000,0,0,0,259000,372000,-113000,-113000
064469,臻鼎元富9C購01  ,0,0,0,0,0,0,0,0,0,-113000,0,0,0,119000,232000,-113000,-113000
08986P,聯發科元富07售06,0,0,0,0,0,0,0,0,0,-113000,0,0,0,1319000,1432000,-113000,-113000
067765,百和永豐01購01  ,0,0,0,0,0,0,0,0,0,-114000,0,0,0,0,114000,-114000,-114000
068158,緯創元大01購03  ,0,0,0,0,0,0,0,0,0,-114000,0,0,0,0,114000,-114000,-114000
03009X,元展09          ,0,0,0,0,0,0,0,0,0,-114000,0,0,0,0,114000,-114000,-114000
058526,鈺齊元大99購02  ,0,0,0,0,0,0,0,0,0,-114000,0,0,0,178000,292000,-114000,-114000
058514,潤泰全元大99購01,0,0,0,0,0,0,0,0,0,-114000,0,0,0,234000,348000,-114000,-114000
061694,玉山金群益9A購01,0,0,0,0,0,0,0,0,0,-114000,0,0,0,233000,347000,-114000,-114000
061304,創意永豐9A購02  ,0,0,0,0,0,0,0,0,0,-114000,0,0,0,26000,140000,-114000,-114000
065320,技嘉凱基9C購02  ,0,0,0,0,0,0,0,0,0,-114000,0,0,0,13000,127000,-114000,-114000
06638P,鴻海統一99售02  ,0,0,0,0,0,0,0,0,0,-114000,0,0,0,0,114000,-114000,-114000
066287,訊芯元大01購01  ,0,0,0,0,0,0,0,0,0,-114000,0,0,0,56000,170000,-114000,-114000
067736,國巨元大02購04  ,0,0,0,0,0,0,0,0,0,-115000,0,0,0,0,115000,-115000,-115000
060099,宏達電元大99購09,0,0,0,0,0,0,0,0,0,-115000,0,0,0,14000,129000,-115000,-115000
063505,奇力新群益9B購03,0,0,0,0,0,0,0,0,0,-115000,0,0,0,0,115000,-115000,-115000
064049,信邦統一01購01  ,0,0,0,0,0,0,0,0,0,-115000,0,0,0,1000,116000,-115000,-115000
064009,超眾凱基01購01  ,0,0,0,0,0,0,0,0,0,-115000,0,0,0,75000,190000,-115000,-115000
061770,泰碩元大9B購02  ,0,0,0,0,0,0,0,0,0,-115000,0,0,0,0,115000,-115000,-115000
063778,亞德客永豐9B購02,0,0,0,0,0,0,0,0,0,-115000,0,0,0,29000,144000,-115000,-115000
063232,裕隆元大9B購01  ,0,0,0,0,0,0,0,0,0,-115000,0,0,0,28000,143000,-115000,-115000
062849,中興電永豐9B購02,0,0,0,0,0,0,0,0,0,-115000,0,0,0,10000,125000,-115000,-115000
066359,潤泰新永豐01購01,0,0,0,0,0,0,0,0,0,-115000,0,0,0,204000,319000,-115000,-115000
066217,美利達統一03購01,0,0,0,0,0,0,0,0,0,-115000,0,0,0,197000,312000,-115000,-115000
065979,立積元大03購01  ,0,0,0,0,0,0,0,0,0,-115000,0,0,0,116000,231000,-115000,-115000
065941,超眾群益02購01  ,0,0,0,0,0,0,0,0,0,-115000,0,0,0,127000,242000,-115000,-115000
065633,聯發科國票01購02,0,0,0,0,0,0,0,0,0,-115000,0,0,0,0,115000,-115000,-115000
8210,勤誠            ,263000,369000,-106000,0,0,0,0,0,0,-9000,8000,16000,-8000,1000,2000,-1000,-115000
3090,日電貿          ,113000,201000,-88000,0,0,0,0,0,0,-27000,0,23000,-23000,3000,7000,-4000,-115000
067714,上銀凱基01購01  ,0,0,0,0,0,0,0,0,0,-116000,0,0,0,20000,136000,-116000,-116000
067661,大成元大01購01  ,0,0,0,0,0,0,0,0,0,-116000,0,0,0,200000,316000,-116000,-116000
067783,高鐵群益02購01  ,0,0,0,0,0,0,0,0,0,-116000,0,0,0,0,116000,-116000,-116000
067344,鎧勝凱基02購01  ,0,0,0,0,0,0,0,0,0,-116000,0,0,0,0,116000,-116000,-116000
067042,旺宏凱基01購02  ,0,0,0,0,0,0,0,0,0,-116000,0,0,0,0,116000,-116000,-116000
08313P,健策國票01售01  ,0,0,0,0,0,0,0,0,0,-116000,0,0,0,265000,381000,-116000,-116000
057257,台泥兆豐99購01  ,0,0,0,0,0,0,0,0,0,-116000,0,0,0,87000,203000,-116000,-116000
062927,同欣電國票9B購02,0,0,0,0,0,0,0,0,0,-116000,0,0,0,0,116000,-116000,-116000
062695,華通元大9C購01  ,0,0,0,0,0,0,0,0,0,-116000,0,0,0,1000,117000,-116000,-116000
061668,信邦中信9B購01  ,0,0,0,0,0,0,0,0,0,-116000,0,0,0,2000,118000,-116000,-116000
064290,GIS元大9C購04   ,0,0,0,0,0,0,0,0,0,-116000,0,0,0,0,116000,-116000,-116000
065653,同欣電元大03購01,0,0,0,0,0,0,0,0,0,-116000,0,0,0,125000,241000,-116000,-116000
065341,華邦電統一01購02,0,0,0,0,0,0,0,0,0,-116000,0,0,0,0,116000,-116000,-116000
8016,矽創            ,440000,621000,-181000,0,0,0,0,0,0,65000,47000,15000,32000,44000,11000,33000,-116000
07600P,台灣50凱基04售06,0,0,0,0,0,0,0,0,0,-117000,0,0,0,0,117000,-117000,-117000
068262,南電富邦03購01  ,0,0,0,0,0,0,0,0,0,-117000,0,0,0,1000,118000,-117000,-117000
067218,鎧勝元大01購04  ,0,0,0,0,0,0,0,0,0,-117000,0,0,0,40000,157000,-117000,-117000
067202,聚陽元大01購02  ,0,0,0,0,0,0,0,0,0,-117000,0,0,0,0,117000,-117000,-117000
067203,台達電元大01購03,0,5000,-5000,0,0,0,0,0,0,-112000,0,0,0,376000,488000,-112000,-117000
067587,欣興群益01購03  ,0,0,0,0,0,0,0,0,0,-117000,0,0,0,170000,287000,-117000,-117000
057616,聯電凱基99購01  ,0,0,0,0,0,0,0,0,0,-117000,0,0,0,3000,120000,-117000,-117000
061256,亞德客凱基9B購01,0,0,0,0,0,0,0,0,0,-117000,0,0,0,40000,157000,-117000,-117000
062126,創意統一9B購01  ,0,0,0,0,0,0,0,0,0,-117000,0,0,0,8000,125000,-117000,-117000
062268,力山群益9B購01  ,0,0,0,0,0,0,0,0,0,-117000,0,0,0,0,117000,-117000,-117000
062263,康控元大9B購03  ,0,0,0,0,0,0,0,0,0,-117000,0,0,0,2000,119000,-117000,-117000
065104,南茂元大9C購02  ,0,0,0,0,0,0,0,0,0,-117000,0,0,0,52000,169000,-117000,-117000
064979,華擎元大9C購04  ,0,0,0,0,0,0,0,0,0,-117000,0,0,0,94000,211000,-117000,-117000
064808,國產元大9C購02  ,0,0,0,0,0,0,0,0,0,-117000,0,0,0,0,117000,-117000,-117000
067478,興勤元大01購01  ,0,0,0,0,0,0,0,0,0,-118000,0,0,0,114000,232000,-118000,-118000
067957,玉晶光永豐01購09,0,0,0,0,0,0,0,0,0,-118000,0,0,0,20000,138000,-118000,-118000
08201P,祥碩元大9B售09  ,0,0,0,0,0,0,0,0,0,-118000,0,0,0,1120000,1238000,-118000,-118000
057578,可成中信99購01  ,0,0,0,0,0,0,0,0,0,-118000,0,0,0,95000,213000,-118000,-118000
063573,茂林元大9B購06  ,0,0,0,0,0,0,0,0,0,-118000,0,0,0,130000,248000,-118000,-118000
063812,智邦群益9C購02  ,0,0,0,0,0,0,0,0,0,-118000,0,0,0,20000,138000,-118000,-118000
062819,奇鋐兆豐9B購01  ,0,0,0,0,0,0,0,0,0,-118000,0,0,0,0,118000,-118000,-118000
063148,建準元富9B購01  ,0,0,0,0,0,0,0,0,0,-118000,0,0,0,209000,327000,-118000,-118000
066338,德律永豐01購01  ,0,0,0,0,0,0,0,0,0,-118000,0,0,0,0,118000,-118000,-118000
066445,牧德群益01購01  ,0,0,0,0,0,0,0,0,0,-118000,0,0,0,8000,126000,-118000,-118000
08862P,台積電元大01售24,0,0,0,0,0,0,0,0,0,-118000,0,0,0,952000,1070000,-118000,-118000
067078,京鼎元大01購04  ,0,0,0,0,0,0,0,0,0,-119000,0,0,0,79000,198000,-119000,-119000
066795,台積電凱基02購07,0,0,0,0,0,0,0,0,0,-119000,0,0,0,191000,310000,-119000,-119000
064761,神達凱基9C購01  ,0,0,0,0,0,0,0,0,0,-119000,0,0,0,0,119000,-119000,-119000
067010,訊芯永豐01購01  ,0,0,0,0,0,0,0,0,0,-120000,0,0,0,0,120000,-120000,-120000
06726P,欣興元富98售04  ,0,0,0,0,0,0,0,0,0,-120000,0,0,0,0,120000,-120000,-120000
067351,國巨群益01購08  ,0,0,0,0,0,0,0,0,0,-120000,0,0,0,4000,124000,-120000,-120000
067629,亞德客永豐01購01,0,0,0,0,0,0,0,0,0,-120000,0,0,0,40000,160000,-120000,-120000
067693,滬深2X中信04購02,0,0,0,0,0,0,0,0,0,-120000,0,0,0,0,120000,-120000,-120000
08226P,台灣50元大9B售26,0,0,0,0,0,0,0,0,0,-120000,0,0,0,0,120000,-120000,-120000
08595P,南電群益9C售03  ,0,0,0,0,0,0,0,0,0,-120000,0,0,0,0,120000,-120000,-120000
08659P,聯發科統一9C售20,0,0,0,0,0,0,0,0,0,-120000,0,0,0,0,120000,-120000,-120000
068335,牧德元大03購02  ,0,0,0,0,0,0,0,0,0,-120000,0,0,0,0,120000,-120000,-120000
068401,瑞昱元富07購03  ,0,0,0,0,0,0,0,0,0,-120000,0,0,0,0,120000,-120000,-120000
058319,大毅永豐9A購01  ,0,0,0,0,0,0,0,0,0,-120000,0,0,0,10000,130000,-120000,-120000
059293,宏達電元富9B購01,0,0,0,0,0,0,0,0,0,-120000,0,0,0,0,120000,-120000,-120000
060277,道瓊反元大9A購02,0,0,0,0,0,0,0,0,0,-120000,0,0,0,0,120000,-120000,-120000
057640,台積電元大98購16,0,0,0,0,0,0,0,0,0,-120000,0,0,0,2000,122000,-120000,-120000
057161,亞德客元大98購02,55000,0,55000,0,0,0,0,0,0,-175000,0,0,0,76000,251000,-175000,-120000
00830,國泰費城半導體  ,156000,0,156000,0,0,0,0,0,0,-276000,0,0,0,38000,314000,-276000,-120000
057877,神達元大99購01  ,0,0,0,0,0,0,0,0,0,-120000,0,0,0,0,120000,-120000,-120000
058054,台積電統一9C購01,0,0,0,0,0,0,0,0,0,-120000,0,0,0,206000,326000,-120000,-120000
061819,茂林群益9B購01  ,0,0,0,0,0,0,0,0,0,-120000,0,0,0,80000,200000,-120000,-120000
064148,瑞昱統一02購01  ,0,0,0,0,0,0,0,0,0,-120000,0,0,0,12000,132000,-120000,-120000
060651,瑞儀中信9B購01  ,0,0,0,0,0,0,0,0,0,-120000,0,0,0,43000,163000,-120000,-120000
061388,台積電群益9A購05,0,0,0,0,0,0,0,0,0,-120000,0,0,0,91000,211000,-120000,-120000
062132,神隆群益9B購01  ,0,0,0,0,0,0,0,0,0,-120000,0,0,0,11000,131000,-120000,-120000
064674,鈺齊元大9C購01  ,0,0,0,0,0,0,0,0,0,-120000,0,0,0,130000,250000,-120000,-120000
064711,國喬統一02購01  ,0,0,0,0,0,0,0,0,0,-120000,0,0,0,0,120000,-120000,-120000
065200,健策元富9C購04  ,0,0,0,0,0,0,0,0,0,-120000,0,0,0,52000,172000,-120000,-120000
6670,復盛應用        ,49000,227000,-178000,0,0,0,0,0,0,58000,9000,0,9000,55000,6000,49000,-120000
08677P,超眾群益01售02  ,0,0,0,0,0,0,0,0,0,-121000,0,0,0,64000,185000,-121000,-121000
067723,國揚凱基01購02  ,0,0,0,0,0,0,0,0,0,-121000,0,0,0,30000,151000,-121000,-121000
067434,日月光凱基01購01,0,0,0,0,0,0,0,0,0,-121000,0,0,0,118000,239000,-121000,-121000
055615,宏達電國票99購02,0,0,0,0,0,0,0,0,0,-121000,0,0,0,0,121000,-121000,-121000
062360,華邦電元大9B購01,0,0,0,0,0,0,0,0,0,-121000,0,0,0,10000,131000,-121000,-121000
063431,神隆元富9B購01  ,0,0,0,0,0,0,0,0,0,-121000,0,0,0,0,121000,-121000,-121000
062741,立積國票9B購02  ,0,0,0,0,0,0,0,0,0,-121000,0,0,0,21000,142000,-121000,-121000
06333P,臺股指群益9C售02,0,0,0,0,0,0,0,0,0,-121000,0,0,0,117000,238000,-121000,-121000
065198,玉晶光元富06購01,0,0,0,0,0,0,0,0,0,-121000,0,0,0,193000,314000,-121000,-121000
065625,聯發科兆豐9C購06,0,0,0,0,0,0,0,0,0,-121000,0,0,0,129000,250000,-121000,-121000
065569,智邦群益01購01  ,0,0,0,0,0,0,0,0,0,-121000,0,0,0,65000,186000,-121000,-121000
066676,A50正2兆豐03購01,0,0,0,0,0,0,0,0,0,-121000,0,0,0,32000,153000,-121000,-121000
065974,智原元大01購01  ,0,0,0,0,0,0,0,0,0,-121000,0,0,0,58000,179000,-121000,-121000
067442,南港國票02購01  ,0,0,0,0,0,0,0,0,0,-122000,0,0,0,38000,160000,-122000,-122000
066995,盟立國泰03購01  ,0,0,0,0,0,0,0,0,0,-122000,0,0,0,0,122000,-122000,-122000
067927,瑞祺兆豐01購01  ,0,0,0,0,0,0,0,0,0,-122000,0,0,0,0,122000,-122000,-122000
068206,牧德凱基01購03  ,0,0,0,0,0,0,0,0,0,-122000,0,0,0,10000,132000,-122000,-122000
08691P,鎧勝中信05售02  ,0,0,0,0,0,0,0,0,0,-122000,0,0,0,22000,144000,-122000,-122000
068347,T50反1凱基04購03,0,0,0,0,0,0,0,0,0,-122000,0,0,0,0,122000,-122000,-122000
057454,上銀國泰99購02  ,0,0,0,0,0,0,0,0,0,-122000,0,0,0,0,122000,-122000,-122000
059847,喬山永豐99購01  ,0,0,0,0,0,0,0,0,0,-122000,0,0,0,7000,129000,-122000,-122000
062393,智邦富邦9B購01  ,0,0,0,0,0,0,0,0,0,-122000,0,0,0,5000,127000,-122000,-122000
061489,高鐵兆豐9A購01  ,0,0,0,0,0,0,0,0,0,-122000,0,0,0,0,122000,-122000,-122000
066344,拓凱永豐01購01  ,0,0,0,0,0,0,0,0,0,-122000,0,0,0,184000,306000,-122000,-122000
06687P,A50正2中信9A售01,0,0,0,0,0,0,0,0,0,-122000,0,0,0,0,122000,-122000,-122000
3669,圓展            ,947000,1017000,-70000,0,0,0,0,50000,-50000,-2000,0,2000,-2000,0,0,0,-122000
08711P,鴻海元富07售04  ,0,0,0,0,0,0,0,0,0,-122000,0,0,0,0,122000,-122000,-122000
07833P,大立光群益9B售02,0,0,0,0,0,0,0,0,0,-123000,0,0,0,0,123000,-123000,-123000
067916,敬鵬永豐01購01  ,0,0,0,0,0,0,0,0,0,-123000,0,0,0,90000,213000,-123000,-123000
067740,精元元大01購02  ,0,0,0,0,0,0,0,0,0,-123000,0,0,0,611000,734000,-123000,-123000
059955,美食康和99購01  ,0,0,0,0,0,0,0,0,0,-123000,0,0,0,0,123000,-123000,-123000
061762,台塑元大9B購01  ,0,0,0,0,0,0,0,0,0,-123000,0,0,0,43000,166000,-123000,-123000
064023,智邦元大9C購02  ,0,0,0,0,0,0,0,0,0,-123000,0,0,0,10000,133000,-123000,-123000
063247,信邦元大9B購02  ,0,0,0,0,0,0,0,0,0,-123000,0,0,0,0,123000,-123000,-123000
066842,卜蜂元大01購01  ,0,0,0,0,0,0,0,0,0,-123000,0,0,0,0,123000,-123000,-123000
066707,揚明光群益01購02,0,0,0,0,0,0,0,0,0,-123000,0,0,0,2000,125000,-123000,-123000
066421,國產元大01購01  ,0,0,0,0,0,0,0,0,0,-123000,0,0,0,0,123000,-123000,-123000
066141,盛群群益01購01  ,0,0,0,0,0,0,0,0,0,-123000,0,0,0,139000,262000,-123000,-123000
064908,世紀鋼群益01購02,0,0,0,0,0,0,0,0,0,-123000,0,0,0,0,123000,-123000,-123000
1734,杏輝            ,390000,121000,269000,0,0,0,0,0,0,-392001,0,0,0,999,393000,-392001,-123001
8163,達方            ,264000,325579,-61579,0,0,0,0,0,0,-62000,0,60000,-60000,6000,8000,-2000,-123579
052542,友達元富98購01  ,0,0,0,0,0,0,0,0,0,-124000,0,0,0,31000,155000,-124000,-124000
064314,信邦群益9C購01  ,0,0,0,0,0,0,0,0,0,-124000,0,0,0,31000,155000,-124000,-124000
07799P,南電國票9A售04  ,0,0,0,0,0,0,0,0,0,-125000,0,0,0,15000,140000,-125000,-125000
06925P,致茂群益9A售02  ,0,0,0,0,0,0,0,0,0,-125000,0,0,0,40000,165000,-125000,-125000
08473P,康控凱基9C售01  ,0,0,0,0,0,0,0,0,0,-125000,0,0,0,80000,205000,-125000,-125000
058399,美律元大99購05  ,0,0,0,0,0,0,0,0,0,-125000,0,0,0,10000,135000,-125000,-125000
063007,儒鴻元大9B購01  ,0,0,0,0,0,0,0,0,0,-125000,0,0,0,31000,156000,-125000,-125000
061374,力山永豐9A購04  ,0,0,0,0,0,0,0,0,0,-125000,0,0,0,70000,195000,-125000,-125000
065019,華邦電富邦9C購01,0,0,0,0,0,0,0,0,0,-125000,0,0,0,0,125000,-125000,-125000
066851,瀚宇博元大01購02,0,0,0,0,0,0,0,0,0,-125000,0,0,0,110000,235000,-125000,-125000
08594P,台積電群益01售05,0,0,0,0,0,0,0,0,0,-126000,0,0,0,1292000,1418000,-126000,-126000
067764,寶成永豐01購01  ,0,0,0,0,0,0,0,0,0,-126000,0,0,0,25000,151000,-126000,-126000
067176,健策麥證02購02  ,0,0,0,34000,160000,-126000,0,0,0,-126000,0,0,0,34000,160000,-126000,-126000
063559,力山元大9B購04  ,0,0,0,0,0,0,0,0,0,-126000,0,0,0,6000,132000,-126000,-126000
057112,立積群益99購01  ,0,0,0,0,0,0,0,0,0,-126000,0,0,0,26000,152000,-126000,-126000
061480,泰碩元大9B購01  ,0,0,0,0,0,0,0,0,0,-126000,0,0,0,0,126000,-126000,-126000
061187,瀚宇博國泰9C購01,0,0,0,0,0,0,0,0,0,-126000,0,0,0,2000,128000,-126000,-126000
064752,台達電凱基01購01,0,0,0,0,0,0,0,0,0,-126000,0,0,0,47000,173000,-126000,-126000
067433,神達凱基01購01  ,0,0,0,0,0,0,0,0,0,-127000,0,0,0,0,127000,-127000,-127000
068400,瑞昱元富07購02  ,0,0,0,0,0,0,0,0,0,-127000,0,0,0,0,127000,-127000,-127000
061037,嘉澤永豐9A購01  ,0,0,0,0,0,0,0,0,0,-127000,0,0,0,0,127000,-127000,-127000
060665,康控凱基9A購01  ,0,0,0,0,0,0,0,0,0,-127000,0,0,0,0,127000,-127000,-127000
062381,上銀國泰9C購01  ,0,0,0,0,0,0,0,0,0,-127000,0,0,0,0,127000,-127000,-127000
061866,力山元大9C購01  ,0,0,0,0,0,0,0,0,0,-127000,0,0,0,6000,133000,-127000,-127000
062162,世紀鋼凱基9B購03,0,0,0,0,0,0,0,0,0,-127000,0,0,0,0,127000,-127000,-127000
062297,億豐永豐9B購01  ,0,0,0,0,0,0,0,0,0,-127000,0,0,0,39000,166000,-127000,-127000
066731,瑞昱元大01購01  ,0,0,0,0,0,0,0,0,0,-127000,0,0,0,26000,153000,-127000,-127000
066573,瑞祺元大01購02  ,0,0,0,0,0,0,0,0,0,-127000,0,0,0,186000,313000,-127000,-127000
066092,億豐永豐01購01  ,0,0,0,0,0,0,0,0,0,-127000,0,0,0,31000,158000,-127000,-127000
1314,中石化          ,2168000,1338000,830000,0,0,0,0,0,0,-957000,1000,940000,-939000,12000,30000,-18000,-127000
08999P,玉晶光群益02售16,0,0,0,0,0,0,0,0,0,-127000,0,0,0,58000,185000,-127000,-127000
07067P,旺宏台新99售02  ,0,0,0,0,0,0,0,0,0,-128000,0,0,0,15000,143000,-128000,-128000
067818,玉晶光凱基02購02,0,0,0,0,0,0,0,0,0,-128000,0,0,0,20000,148000,-128000,-128000
067874,台郡元大01購05  ,0,0,0,0,0,0,0,0,0,-128000,0,0,0,7000,135000,-128000,-128000
067705,遠東新元富01購01,0,0,0,0,0,0,0,0,0,-128000,0,0,0,0,128000,-128000,-128000
064760,玉晶光凱基01購02,0,0,0,0,0,0,0,0,0,-128000,0,0,0,68000,196000,-128000,-128000
064629,和潤元大9C購01  ,0,0,0,0,0,0,0,0,0,-128000,0,0,0,16000,144000,-128000,-128000
065087,可成元大9C購08  ,0,0,0,0,0,0,0,0,0,-128000,0,0,0,73000,201000,-128000,-128000
068100,喬山永豐01購01  ,0,0,0,0,0,0,0,0,0,-129000,0,0,0,20000,149000,-129000,-129000
068248,美律元大01購05  ,0,0,0,0,0,0,0,0,0,-129000,0,0,0,0,129000,-129000,-129000
061882,矽創元大9B購01  ,0,0,0,0,0,0,0,0,0,-129000,0,0,0,27000,156000,-129000,-129000
061787,華新科群益9C購01,0,0,0,0,0,0,0,0,0,-129000,0,0,0,99000,228000,-129000,-129000
065317,上銀凱基9C購03  ,0,0,0,0,0,0,0,0,0,-129000,0,0,0,20000,149000,-129000,-129000
066180,正文凱基01購01  ,0,0,0,0,0,0,0,0,0,-129000,0,0,0,0,129000,-129000,-129000
066239,拓凱富邦02購01  ,0,0,0,0,0,0,0,0,0,-129000,0,0,0,520000,649000,-129000,-129000
065756,緯創元大9C購05  ,0,1000,-1000,0,0,0,0,0,0,-128000,0,0,0,19000,147000,-128000,-129000
065873,信邦群益02購01  ,0,0,0,0,0,0,0,0,0,-129000,0,0,0,3000,132000,-129000,-129000
1907,永豐餘          ,648000,468000,180000,0,0,0,0,0,0,-309000,20000,329000,-309000,0,0,0,-129000
063637,聯發科元大9C購02,0,0,0,0,0,0,0,0,0,-130000,0,0,0,0,130000,-130000,-130000
060313,淘帝永豐9A購01  ,0,0,0,0,0,0,0,0,0,-130000,0,0,0,0,130000,-130000,-130000
061722,健策永豐9B購03  ,0,0,0,0,0,0,0,0,0,-130000,0,0,0,19000,149000,-130000,-130000
063139,聯發科統一9B購07,0,0,0,0,0,0,0,0,0,-130000,0,0,0,0,130000,-130000,-130000
061483,TPK元大9A購01   ,0,0,0,0,0,0,0,0,0,-130000,0,0,0,22000,152000,-130000,-130000
061529,國巨台新9A購02  ,0,0,0,0,0,0,0,0,0,-130000,0,0,0,4000,134000,-130000,-130000
060424,中租永豐9A購01  ,0,0,0,0,0,0,0,0,0,-130000,0,0,0,0,130000,-130000,-130000
061287,大立光統一9B購06,0,0,0,0,0,0,0,0,0,-130000,0,0,0,0,130000,-130000,-130000
063818,矽創群益9C購01  ,0,0,0,0,0,0,0,0,0,-130000,0,0,0,15000,145000,-130000,-130000
063811,亞德客群益9C購01,0,0,0,0,0,0,0,0,0,-130000,0,0,0,12000,142000,-130000,-130000
066854,樺漢元大01購02  ,0,0,0,0,0,0,0,0,0,-130000,0,0,0,14000,144000,-130000,-130000
064878,大立光兆豐9C購03,0,0,0,0,0,0,0,0,0,-130000,0,0,0,0,130000,-130000,-130000
07825P,健策國泰9B售04  ,0,0,0,0,0,0,0,0,0,-131000,0,0,0,109000,240000,-131000,-131000
08503P,臺股指國票9C售05,0,0,0,0,0,0,0,0,0,-131000,0,0,0,20000,151000,-131000,-131000
067514,申豐統一02購05  ,0,0,0,0,0,0,0,0,0,-131000,0,0,0,122000,253000,-131000,-131000
067307,聯詠元大01購06  ,0,0,0,0,0,0,0,0,0,-131000,0,0,0,321000,452000,-131000,-131000
067252,智邦國票02購02  ,0,0,0,0,0,0,0,0,0,-131000,0,0,0,30000,161000,-131000,-131000
058272,超眾永豐9A購01  ,0,0,0,0,0,0,0,0,0,-131000,0,0,0,30000,161000,-131000,-131000
055653,聯詠元富01購02  ,0,0,0,0,0,0,0,0,0,-131000,0,0,0,45000,176000,-131000,-131000
061818,富邦金群益9C購01,0,0,0,0,0,0,0,0,0,-131000,0,0,0,20000,151000,-131000,-131000
061943,上銀群益9B購02  ,0,0,0,0,0,0,0,0,0,-131000,0,0,0,0,131000,-131000,-131000
064733,南六統一9C購03  ,0,0,0,0,0,0,0,0,0,-131000,0,0,0,434000,565000,-131000,-131000
067530,國巨群益01購09  ,0,0,0,0,0,0,0,0,0,-132000,0,0,0,457000,589000,-132000,-132000
067533,瑞昱群益01購02  ,0,0,0,0,0,0,0,0,0,-132000,0,0,0,0,132000,-132000,-132000
067631,上銀永豐01購01  ,0,0,0,0,0,0,0,0,0,-132000,0,0,0,10000,142000,-132000,-132000
07996P,亞德客凱基9B售03,0,0,0,0,0,0,0,0,0,-132000,0,0,0,10000,142000,-132000,-132000
056277,上銀富邦99購02  ,0,0,0,0,0,0,0,0,0,-132000,0,0,0,0,132000,-132000,-132000
059924,世紀鋼元大99購06,0,0,0,0,0,0,0,0,0,-132000,0,0,0,10000,142000,-132000,-132000
061033,台光電永豐9A購01,0,0,0,0,0,0,0,0,0,-132000,0,0,0,33000,165000,-132000,-132000
061075,亞德客兆豐9A購01,0,0,0,0,0,0,0,0,0,-132000,0,0,0,3000,135000,-132000,-132000
065885,神達元富9C購01  ,0,0,0,0,0,0,0,0,0,-132000,0,0,0,6000,138000,-132000,-132000
060122,亞德客永豐99購02,0,0,0,0,0,0,0,0,0,-133000,0,0,0,0,133000,-133000,-133000
057828,緯穎元大99購02  ,0,0,0,0,0,0,0,0,0,-133000,0,0,0,75000,208000,-133000,-133000
063947,大毅元大9C購02  ,0,0,0,0,0,0,0,0,0,-133000,0,0,0,0,133000,-133000,-133000
068218,台光電統一02購05,0,0,0,0,0,0,0,0,0,-134000,0,0,0,0,134000,-134000,-134000
060409,味全永豐9A購01  ,0,0,0,0,0,0,0,0,0,-134000,0,0,0,17000,151000,-134000,-134000
065981,超眾元大02購01  ,0,0,0,0,0,0,0,0,0,-134000,0,0,0,326000,460000,-134000,-134000
065566,裕隆群益9C購02  ,0,0,0,0,0,0,0,0,0,-134000,0,0,0,92000,226000,-134000,-134000
065549,智邦凱基9C購03  ,0,0,0,0,0,0,0,0,0,-134000,0,0,0,0,134000,-134000,-134000
068018,玉晶光國票02購05,0,0,0,0,0,0,0,0,0,-135000,0,0,0,31000,166000,-135000,-135000
063617,鴻海兆豐01購01  ,0,0,0,0,0,0,0,0,0,-135000,0,0,0,0,135000,-135000,-135000
056673,中石化元富9B購01,0,0,0,0,0,0,0,0,0,-135000,0,0,0,0,135000,-135000,-135000
064301,漢唐兆豐01購01  ,0,0,0,0,0,0,0,0,0,-135000,0,0,0,125000,260000,-135000,-135000
062052,華通統一01購01  ,0,0,0,0,0,0,0,0,0,-135000,0,0,0,0,135000,-135000,-135000
062498,華通群益9C購04  ,0,0,0,0,0,0,0,0,0,-135000,0,0,0,10000,145000,-135000,-135000
065411,旺宏永豐9C購02  ,0,0,0,0,0,0,0,0,0,-135000,0,0,0,0,135000,-135000,-135000
064451,技嘉統一01購02  ,0,0,0,0,0,0,0,0,0,-135000,0,0,0,17000,152000,-135000,-135000
063625,儒鴻元大9B購03  ,0,0,0,0,0,0,0,0,0,-136000,0,0,0,90000,226000,-136000,-136000
062802,宏達電統一9B購01,0,0,0,0,0,0,0,0,0,-136000,0,0,0,20000,156000,-136000,-136000
064944,亞德客凱基9C購03,0,0,0,0,0,0,0,0,0,-136000,0,0,0,54000,190000,-136000,-136000
066018,南六元富03購02  ,0,0,0,0,0,0,0,0,0,-136000,0,0,0,102000,238000,-136000,-136000
065833,中租凱基02購01  ,0,0,0,0,0,0,0,0,0,-136000,0,0,0,29000,165000,-136000,-136000
060249,正文元大9C購01  ,0,0,0,0,0,0,0,0,0,-137000,0,0,0,30000,167000,-137000,-137000
062153,智邦麥證9B購01  ,0,0,0,0,147000,-147000,0,0,0,-137000,0,0,0,10000,147000,-137000,-137000
066564,智伸科元大01購01,0,0,0,0,0,0,0,0,0,-137000,0,0,0,0,137000,-137000,-137000
064891,台達電群益9C購01,0,0,0,0,0,0,0,0,0,-137000,0,0,0,5000,142000,-137000,-137000
065671,大立光凱基9C購07,0,0,0,0,0,0,0,0,0,-137000,0,0,0,69000,206000,-137000,-137000
063527,美食凱基01購01  ,0,0,0,0,0,0,0,0,0,-138000,0,0,0,0,138000,-138000,-138000
054169,上緯控凱基98購01,0,0,0,0,0,0,0,0,0,-138000,0,0,0,20000,158000,-138000,-138000
00771,元大US高息特別股,0,0,0,0,0,0,0,0,0,-138000,0,0,0,3000,141000,-138000,-138000
062655,漢唐永豐9B購01  ,0,0,0,0,0,0,0,0,0,-138000,0,0,0,92000,230000,-138000,-138000
064221,華通國票01購01  ,0,0,0,0,0,0,0,0,0,-138000,0,0,0,0,138000,-138000,-138000
063870,健策永豐01購01  ,0,0,0,0,0,0,0,0,0,-138000,0,0,0,5000,143000,-138000,-138000
064448,裕隆統一02購01  ,0,0,0,0,0,0,0,0,0,-138000,0,0,0,79000,217000,-138000,-138000
067611,拓凱凱基02購01  ,0,0,0,0,0,0,0,0,0,-139000,0,0,0,50000,189000,-139000,-139000
067311,欣興元大01購06  ,0,0,0,0,0,0,0,0,0,-139000,0,0,0,136000,275000,-139000,-139000
059121,瑞儀永豐99購01  ,0,0,0,0,0,0,0,0,0,-139000,0,0,0,0,139000,-139000,-139000
061773,和潤元大9B購01  ,0,0,0,0,0,0,0,0,0,-139000,0,0,0,15000,154000,-139000,-139000
063108,世紀鋼群益9C購01,0,0,0,0,0,0,0,0,0,-139000,0,0,0,0,139000,-139000,-139000
063093,國產國票9B購01  ,0,0,0,0,0,0,0,0,0,-139000,0,0,0,0,139000,-139000,-139000
066636,健策凱基01購02  ,0,0,0,0,0,0,0,0,0,-139000,0,0,0,36000,175000,-139000,-139000
065817,聯發科元富03購08,0,0,0,0,0,0,0,0,0,-139000,0,0,0,47000,186000,-139000,-139000
066200,建準統一02購01  ,0,0,0,0,0,0,0,0,0,-139000,0,0,0,113000,252000,-139000,-139000
067485,緯創元大01購01  ,0,0,0,0,0,0,0,0,0,-140000,0,0,0,543000,683000,-140000,-140000
067014,聯發科富邦03購05,0,0,0,0,0,0,0,0,0,-140000,0,0,0,439000,579000,-140000,-140000
067642,貿聯統一01購03  ,0,0,0,0,0,0,0,0,0,-140000,0,0,0,0,140000,-140000,-140000
07024P,臺股指永豐99售02,0,0,0,0,0,0,0,0,0,-140000,0,0,0,0,140000,-140000,-140000
08033P,台灣50兆豐9C售03,0,0,0,0,0,0,0,0,0,-140000,0,0,0,0,140000,-140000,-140000
08511P,電子類富邦9C售02,0,0,0,0,0,0,0,0,0,-140000,0,0,0,70000,210000,-140000,-140000
058527,世紀鋼元大99購01,0,0,0,0,0,0,0,0,0,-140000,0,0,0,70000,210000,-140000,-140000
060419,漢翔永豐9A購01  ,0,0,0,0,0,0,0,0,0,-140000,0,0,0,30000,170000,-140000,-140000
056346,聯茂凱基99購02  ,0,0,0,0,0,0,0,0,0,-140000,0,0,0,0,140000,-140000,-140000
061181,牧德凱基9A購01  ,0,0,0,0,0,0,0,0,0,-140000,0,0,0,0,140000,-140000,-140000
061418,世紀鋼群益9A購02,0,0,0,0,0,0,0,0,0,-140000,0,0,0,104000,244000,-140000,-140000
061362,台塑國票9B購01  ,0,0,0,0,0,0,0,0,0,-140000,0,0,0,80000,220000,-140000,-140000
064250,亞光元富9C購01  ,0,0,0,0,0,0,0,0,0,-140000,0,0,0,33000,173000,-140000,-140000
064020,華通元大01購01  ,0,0,0,0,0,0,0,0,0,-140000,0,0,0,5000,145000,-140000,-140000
066853,樺漢元大01購01  ,0,0,0,0,0,0,0,0,0,-140000,0,0,0,29000,169000,-140000,-140000
066785,台光電麥證01購01,0,0,0,10000,150000,-140000,0,0,0,-140000,0,0,0,10000,150000,-140000,-140000
064414,臺股指凱基9C購10,0,0,0,0,0,0,0,0,0,-140000,0,0,0,381000,521000,-140000,-140000
3033,威健            ,715000,855000,-140000,0,0,0,0,0,0,0,1000,1000,0,0,0,0,-140000
057649,嘉聯益元大99購04,0,0,0,0,0,0,0,0,0,-141000,0,0,0,124000,265000,-141000,-141000
063713,麗豐凱基9B購01  ,0,0,0,0,0,0,0,0,0,-141000,0,0,0,111000,252000,-141000,-141000
059765,嘉聯益永豐99購02,0,0,0,0,0,0,0,0,0,-141000,0,0,0,30000,171000,-141000,-141000
064244,GIS統一02購01   ,0,0,0,0,0,0,0,0,0,-141000,0,0,0,375000,516000,-141000,-141000
062034,同欣電群益9B購01,0,0,0,0,0,0,0,0,0,-141000,0,0,0,7000,148000,-141000,-141000
063399,智原群益9B購01  ,0,0,0,0,0,0,0,0,0,-141000,0,0,0,20000,161000,-141000,-141000
063454,瑞儀統一9B購01  ,0,0,0,0,0,0,0,0,0,-141000,0,0,0,0,141000,-141000,-141000
061852,大立光國票9B購02,0,0,0,0,0,0,0,0,0,-141000,0,0,0,57000,198000,-141000,-141000
064387,GIS富邦9C購01   ,0,0,0,0,0,0,0,0,0,-141000,0,0,0,95000,236000,-141000,-141000
064673,南茂元大9C購01  ,0,0,0,0,0,0,0,0,0,-141000,0,0,0,91000,232000,-141000,-141000
066809,新唐凱基01購01  ,0,0,0,0,0,0,0,0,0,-141000,0,0,0,20000,161000,-141000,-141000
3535,晶彩科          ,477000,618000,-141000,0,0,0,0,0,0,0,0,0,0,0,0,0,-141000
068420,大立光兆豐01購03,0,0,0,0,0,0,0,0,0,-142000,0,0,0,0,142000,-142000,-142000
067081,華擎元大01購05  ,0,0,0,0,0,0,0,0,0,-142000,0,0,0,44000,186000,-142000,-142000
067097,為升群益01購01  ,0,0,0,0,0,0,0,0,0,-142000,0,0,0,81000,223000,-142000,-142000
062562,瑞儀凱基9B購02  ,0,0,0,0,0,0,0,0,0,-142000,0,0,0,12000,154000,-142000,-142000
061716,瑞儀凱基9B購01  ,0,0,0,0,0,0,0,0,0,-142000,0,0,0,120000,262000,-142000,-142000
065685,同欣電統一01購04,0,0,0,0,0,0,0,0,0,-142000,0,0,0,58000,200000,-142000,-142000
065138,上銀凱基02購01  ,0,0,0,0,0,0,0,0,0,-142000,0,0,0,20000,162000,-142000,-142000
08514P,華新科凱基9C售05,0,0,0,0,0,0,0,0,0,-143000,0,0,0,60000,203000,-143000,-143000
063107,矽創群益9B購01  ,0,0,0,0,0,0,0,0,0,-143000,0,0,0,12000,155000,-143000,-143000
063166,超眾永豐9B購01  ,0,0,0,0,0,0,0,0,0,-143000,0,0,0,15000,158000,-143000,-143000
064427,喬山凱基01購01  ,0,0,0,0,0,0,0,0,0,-143000,0,0,0,20000,163000,-143000,-143000
065814,健策統一9C購08  ,0,0,0,0,0,0,0,0,0,-143000,0,0,0,180000,323000,-143000,-143000
2006,東和鋼鐵        ,746000,256000,490000,0,0,0,0,201000,-201000,-432000,20000,452000,-432000,0,0,0,-143000
08465P,玉晶光兆豐01售02,0,0,0,0,0,0,0,0,0,-144000,0,0,0,19000,163000,-144000,-144000
08632P,聯發科元大9C售19,0,0,0,0,0,0,0,0,0,-144000,0,0,0,1000,145000,-144000,-144000
067088,啟碁元大01購01  ,0,0,0,0,0,0,0,0,0,-144000,0,0,0,0,144000,-144000,-144000
067960,帆宣永豐01購01  ,0,0,0,0,0,0,0,0,0,-144000,0,0,0,42000,186000,-144000,-144000
061491,嘉聯益兆豐9B購01,0,0,0,0,0,0,0,0,0,-144000,0,0,0,0,144000,-144000,-144000
066377,健策兆豐01購02  ,0,0,0,0,0,0,0,0,0,-144000,0,0,0,0,144000,-144000,-144000
3008,大立光          ,137804,255499,-117695,0,0,0,0,6210,-6210,-21000,3000,17000,-14000,1000,8000,-7000,-144905
067977,中磊群益01購02  ,0,0,0,0,0,0,0,0,0,-145000,0,0,0,5000,150000,-145000,-145000
067512,台郡統一02購03  ,0,0,0,0,0,0,0,0,0,-145000,0,0,0,0,145000,-145000,-145000
067385,申豐統一02購04  ,0,0,0,0,0,0,0,0,0,-145000,0,0,0,0,145000,-145000,-145000
08111P,臺股指中信01售06,0,0,0,0,0,0,0,0,0,-145000,0,0,0,220000,365000,-145000,-145000
064007,嘉澤凱基02購01  ,0,0,0,0,0,0,0,0,0,-145000,0,0,0,37000,182000,-145000,-145000
064270,華通元大9C購03  ,0,0,0,0,0,0,0,0,0,-145000,0,0,0,26000,171000,-145000,-145000
066600,瀚宇博國泰03購01,0,0,0,0,0,0,0,0,0,-145000,0,0,0,90000,235000,-145000,-145000
065980,中租元大02購01  ,0,0,0,0,0,0,0,0,0,-145000,0,0,0,39000,184000,-145000,-145000
066030,超眾群益01購01  ,0,0,0,0,0,0,0,0,0,-145000,0,0,0,40000,185000,-145000,-145000
064368,日月光統一01購01,0,0,0,0,0,0,0,0,0,-145000,0,0,0,293000,438000,-145000,-145000
065036,世芯統一02購02  ,0,0,0,0,0,0,0,0,0,-145000,0,0,0,0,145000,-145000,-145000
065541,GIS統一01購05   ,0,0,0,0,0,0,0,0,0,-145000,0,0,0,13000,158000,-145000,-145000
067489,華擎元大01購06  ,0,0,0,0,0,0,0,0,0,-146000,0,0,0,18000,164000,-146000,-146000
060236,精元元大9C購01  ,0,0,0,0,0,0,0,0,0,-146000,0,0,0,136000,282000,-146000,-146000
067012,台虹永豐01購02  ,0,0,0,0,0,0,0,0,0,-147000,0,0,0,0,147000,-147000,-147000
067241,信邦群益01購01  ,0,0,0,0,0,0,0,0,0,-147000,0,0,0,13000,160000,-147000,-147000
067181,華通凱基01購02  ,0,0,0,0,0,0,0,0,0,-147000,0,0,0,49000,196000,-147000,-147000
063373,晶技永豐9B購02  ,0,0,0,0,0,0,0,0,0,-147000,0,0,0,57000,204000,-147000,-147000
066804,緯創凱基01購01  ,0,0,0,0,0,0,0,0,0,-147000,0,0,0,53000,200000,-147000,-147000
068111,大成鋼元富07購01,0,0,0,0,0,0,0,0,0,-148000,0,0,0,0,148000,-148000,-148000
08006P,長榮航中信03售01,0,0,0,0,0,0,0,0,0,-148000,0,0,0,22000,170000,-148000,-148000
08652P,鴻海群益9C售09  ,0,0,0,0,0,0,0,0,0,-148000,0,0,0,262000,410000,-148000,-148000
068242,長興元大01購02  ,0,0,0,0,0,0,0,0,0,-148000,0,0,0,100000,248000,-148000,-148000
059008,鈺齊元大99購03  ,0,0,0,0,0,0,0,0,0,-148000,0,0,0,76000,224000,-148000,-148000
059042,世紀鋼群益99購02,0,0,0,0,0,0,0,0,0,-148000,0,0,0,0,148000,-148000,-148000
060187,華新科元富9A購02,0,0,0,0,0,0,0,0,0,-148000,0,0,0,53000,201000,-148000,-148000
063639,華擎元大9C購03  ,0,0,0,0,0,0,0,0,0,-148000,0,0,0,80000,228000,-148000,-148000
063608,力成凱基9B購03  ,0,0,0,0,0,0,0,0,0,-148000,0,0,0,3000,151000,-148000,-148000
060699,華新科國泰9B購03,0,0,0,0,0,0,0,0,0,-148000,0,0,0,0,148000,-148000,-148000
066824,旺宏群益02購01  ,0,0,0,0,0,0,0,0,0,-148000,0,0,0,28000,176000,-148000,-148000
064897,宏達電群益9C購02,0,0,0,0,0,0,0,0,0,-148000,0,0,0,0,148000,-148000,-148000
063590,華擎永豐9B購01  ,0,0,0,0,0,0,0,0,0,-149000,0,0,0,45000,194000,-149000,-149000
00674R,元大S&P黃金反1  ,10000,10000,0,0,0,0,0,0,0,-149000,0,0,0,41000,190000,-149000,-149000
064939,健策元富9C購03  ,0,0,0,0,0,0,0,0,0,-149000,0,0,0,14000,163000,-149000,-149000
065463,大立光中信01購02,0,0,0,0,0,0,0,0,0,-149000,0,0,0,173000,322000,-149000,-149000
066959,新唐元大01購01  ,0,0,0,0,0,0,0,0,0,-149000,0,0,0,100000,249000,-149000,-149000
07500P,微星元大9A售01  ,0,0,0,0,0,0,0,0,0,-150000,0,0,0,0,150000,-150000,-150000
068080,台表科凱基02購03,0,0,0,0,0,0,0,0,0,-150000,0,0,0,0,150000,-150000,-150000
067608,嘉澤凱基01購02  ,0,0,0,0,0,0,0,0,0,-150000,0,0,0,52000,202000,-150000,-150000
067082,健策元大01購07  ,0,0,0,0,0,0,0,0,0,-150000,0,0,0,4000,154000,-150000,-150000
067116,嘉澤群益01購02  ,0,0,0,0,0,0,0,0,0,-150000,0,0,0,5000,155000,-150000,-150000
057240,茂林凱基9A購01  ,0,0,0,0,0,0,0,0,0,-150000,0,0,0,0,150000,-150000,-150000
056723,國巨中信9A購01  ,0,0,0,0,0,0,0,0,0,-150000,0,0,0,0,150000,-150000,-150000
055842,建準元大98購01  ,0,0,0,0,0,0,0,0,0,-150000,0,0,0,0,150000,-150000,-150000
058171,國巨凱基9A購07  ,0,0,0,0,0,0,0,0,0,-150000,0,0,0,0,150000,-150000,-150000
058692,華邦電國票9B購01,0,0,0,0,0,0,0,0,0,-150000,0,0,0,100000,250000,-150000,-150000
062489,可成永豐9B購02  ,0,0,0,0,0,0,0,0,0,-150000,0,0,0,50000,200000,-150000,-150000
062750,可成中信9B購01  ,0,0,0,0,0,0,0,0,0,-150000,0,0,0,0,150000,-150000,-150000
062151,世紀鋼國票01購01,0,0,0,0,0,0,0,0,0,-150000,0,0,0,3000,153000,-150000,-150000
064018,儒鴻元大9C購02  ,0,0,0,0,0,0,0,0,0,-150000,0,0,0,72000,222000,-150000,-150000
061677,泰碩元大9A購05  ,0,0,0,0,0,0,0,0,0,-150000,0,0,0,0,150000,-150000,-150000
065254,大成鋼元大9C購01,0,0,0,0,0,0,0,0,0,-150000,0,0,0,0,150000,-150000,-150000
064987,勤誠元大9C購02  ,0,0,0,0,0,0,0,0,0,-150000,0,0,0,0,150000,-150000,-150000
08702P,南電康和01售01  ,0,0,0,0,0,0,0,0,0,-150000,0,0,0,50000,200000,-150000,-150000
059938,凱美永豐99購01  ,0,0,0,0,0,0,0,0,0,-151000,0,0,0,4000,155000,-151000,-151000
061664,上銀中信9A購01  ,0,0,0,0,0,0,0,0,0,-151000,0,0,0,0,151000,-151000,-151000
061886,力山國泰01購01  ,0,0,0,0,0,0,0,0,0,-151000,0,0,0,2000,153000,-151000,-151000
064551,鈺齊凱基9C購02  ,0,0,0,0,0,0,0,0,0,-151000,0,0,0,33000,184000,-151000,-151000
065706,奇鋐群益9C購02  ,0,0,0,0,0,0,0,0,0,-151000,0,0,0,0,151000,-151000,-151000
065557,中磊凱基9C購01  ,0,0,0,0,0,0,0,0,0,-151000,0,0,0,70000,221000,-151000,-151000
068339,GIS元大01購05   ,0,0,0,0,0,0,0,0,0,-152000,0,0,0,0,152000,-152000,-152000
063274,鈺齊兆豐9B購01  ,0,0,0,0,0,0,0,0,0,-152000,0,0,0,125000,277000,-152000,-152000
062233,神隆凱基9B購01  ,0,0,0,0,0,0,0,0,0,-152000,0,0,0,0,152000,-152000,-152000
063937,上銀元大9C購02  ,0,0,0,0,0,0,0,0,0,-152000,0,0,0,0,152000,-152000,-152000
066745,瀚宇博元大01購01,0,0,0,0,0,0,0,0,0,-152000,0,0,0,129000,281000,-152000,-152000
067237,國揚群益01購02  ,0,0,0,0,0,0,0,0,0,-153000,0,0,0,116000,269000,-153000,-153000
067593,亞德客凱基01購01,0,0,0,0,0,0,0,0,0,-153000,0,0,0,10000,163000,-153000,-153000
063446,台光電統一01購02,0,0,0,0,0,0,0,0,0,-153000,0,0,0,0,153000,-153000,-153000
063085,嘉澤凱基9C購01  ,0,0,0,0,0,0,0,0,0,-153000,0,0,0,141000,294000,-153000,-153000
066949,聯發科元大01購17,0,0,0,0,0,0,0,0,0,-153000,0,0,0,318000,471000,-153000,-153000
065150,上銀群益9C購03  ,0,0,0,0,0,0,0,0,0,-153000,0,0,0,41000,194000,-153000,-153000
1217,愛之味          ,106000,259000,-153000,0,0,0,0,0,0,0,0,0,0,0,0,0,-153000
058884,世紀鋼永豐99購02,0,0,0,0,0,0,0,0,0,-154000,0,0,0,0,154000,-154000,-154000
056392,玉晶光富邦9C購01,0,0,0,0,0,0,0,0,0,-154000,0,0,0,73000,227000,-154000,-154000
062689,華擎統一02購01  ,0,0,0,0,0,0,0,0,0,-154000,0,0,0,0,154000,-154000,-154000
061820,康控群益9B購02  ,0,0,0,0,0,0,0,0,0,-154000,0,0,0,15000,169000,-154000,-154000
054893,帆宣統一99購01  ,0,0,0,0,0,0,0,0,0,-155000,0,0,0,3000,158000,-155000,-155000
060457,中橡元大9A購02  ,0,0,0,0,0,0,0,0,0,-155000,0,0,0,0,155000,-155000,-155000
064194,燿華群益9C購01  ,0,0,0,0,0,0,0,0,0,-155000,0,0,0,6000,161000,-155000,-155000
060710,上銀永豐9A購01  ,0,0,0,0,0,0,0,0,0,-155000,0,0,0,0,155000,-155000,-155000
065362,華通元大9C購06  ,0,0,0,0,0,0,0,0,0,-155000,0,0,0,3000,158000,-155000,-155000
066428,健策元大02購02  ,0,0,0,0,0,0,0,0,0,-155000,0,0,0,153000,308000,-155000,-155000
065872,漢翔群益9C購01  ,0,0,0,0,0,0,0,0,0,-155000,0,0,0,0,155000,-155000,-155000
2493,揚博            ,92000,255000,-163000,0,0,0,0,0,0,8000,8000,0,8000,0,0,0,-155000
08621P,景碩群益9C售01  ,0,0,0,0,0,0,0,0,0,-156000,0,0,0,0,156000,-156000,-156000
060123,光罩永豐99購02  ,0,0,0,0,0,0,0,0,0,-156000,0,0,0,33000,189000,-156000,-156000
061257,上銀凱基9A購06  ,0,0,0,0,0,0,0,0,0,-156000,0,0,0,0,156000,-156000,-156000
062398,建準永豐9B購01  ,0,0,0,0,0,0,0,0,0,-156000,0,0,0,52000,208000,-156000,-156000
065750,智邦元大9C購09  ,0,0,0,0,0,0,0,0,0,-156000,0,0,0,33000,189000,-156000,-156000
066289,晶碩元大02購01  ,0,0,0,0,0,0,0,0,0,-156000,0,0,0,50000,206000,-156000,-156000
08633P,聯發科元大9C售20,0,0,0,0,0,0,0,0,0,-157000,0,0,0,70000,227000,-157000,-157000
08360P,國巨國泰02售01  ,0,0,0,0,0,0,0,0,0,-157000,0,0,0,485000,642000,-157000,-157000
068305,台光電國票03購01,0,0,0,0,0,0,0,0,0,-157000,0,0,0,0,157000,-157000,-157000
067620,聚陽國泰02購01  ,0,0,0,0,0,0,0,0,0,-157000,0,0,0,0,157000,-157000,-157000
068049,玉晶光統一01購13,0,0,0,0,0,0,0,0,0,-157000,0,0,0,0,157000,-157000,-157000
063079,儒鴻凱基9B購01  ,0,0,0,0,0,0,0,0,0,-157000,0,0,0,29000,186000,-157000,-157000
064175,華通國泰02購01  ,0,0,0,0,0,0,0,0,0,-157000,0,0,0,3000,160000,-157000,-157000
061971,力山元大9C購02  ,0,0,0,0,0,0,0,0,0,-157000,0,0,0,1000,158000,-157000,-157000
065878,麗豐群益02購01  ,0,0,0,0,0,0,0,0,0,-157000,0,0,0,0,157000,-157000,-157000
065315,玉晶光中信03購02,0,0,0,0,0,0,0,0,0,-157000,0,0,0,362000,519000,-157000,-157000
065707,聯詠群益9C購02  ,0,0,0,0,0,0,0,0,0,-157000,0,0,0,9000,166000,-157000,-157000
064317,日月光群益9C購01,0,0,0,0,0,0,0,0,0,-157000,0,0,0,50000,207000,-157000,-157000
064464,台郡統一01購01  ,0,0,0,0,0,0,0,0,0,-157000,0,0,0,68000,225000,-157000,-157000
2399,映泰            ,417000,575000,-158000,0,0,0,0,0,0,1000,2000,1000,1000,0,0,0,-157000
2371,大同            ,1398000,1553737,-155737,0,0,0,0,0,0,-2000,2000,4000,-2000,0,0,0,-157737
067040,鴻海凱基02購04  ,0,0,0,0,0,0,0,0,0,-158000,0,0,0,2000,160000,-158000,-158000
061006,新光金兆豐9A購01,0,0,0,0,0,0,0,0,0,-158000,0,0,0,100000,258000,-158000,-158000
064786,GIS群益9C購04   ,0,0,0,0,0,0,0,0,0,-158000,0,0,0,141000,299000,-158000,-158000
8249,菱光            ,7000,163000,-156000,0,0,0,0,0,0,-2000,0,2000,-2000,0,0,0,-158000
3532,台勝科          ,99247,129000,-29753,0,0,0,0,0,0,-129000,0,52000,-52000,1000,78000,-77000,-158753
068040,超眾元富04購01  ,0,0,0,0,0,0,0,0,0,-159000,0,0,0,45000,204000,-159000,-159000
067692,鈺齊元大01購02  ,0,0,0,0,0,0,0,0,0,-159000,0,0,0,252000,411000,-159000,-159000
067754,元金2X元大01購02,0,0,0,0,0,0,0,0,0,-159000,0,0,0,6000,165000,-159000,-159000
068238,臺指反元大04購09,0,0,0,0,0,0,0,0,0,-159000,0,0,0,40000,199000,-159000,-159000
08592P,聯發科凱基01售06,0,0,0,0,0,0,0,0,0,-159000,0,0,0,41000,200000,-159000,-159000
060308,劍麟永豐9A購01  ,0,0,0,0,0,0,0,0,0,-159000,0,0,0,0,159000,-159000,-159000
063723,儒鴻元大9B購04  ,0,0,0,0,0,0,0,0,0,-159000,0,0,0,36000,195000,-159000,-159000
061697,世紀鋼群益9A購03,0,0,0,0,0,0,0,0,0,-159000,0,0,0,0,159000,-159000,-159000
061957,上銀統一01購01  ,0,0,0,0,0,0,0,0,0,-159000,0,0,0,5000,164000,-159000,-159000
064212,可成凱基03購01  ,0,0,0,0,0,0,0,0,0,-159000,0,0,0,10000,169000,-159000,-159000
066281,眾達元大02購01  ,0,0,0,0,0,0,0,0,0,-159000,0,0,0,0,159000,-159000,-159000
2889,國票金          ,1052000,895281,156719,0,0,0,0,0,0,-316000,0,316000,-316000,0,0,0,-159281
068319,聯電元大01購05  ,0,0,0,0,0,0,0,0,0,-160000,0,0,0,0,160000,-160000,-160000
07292P,臺股指凱基99售44,0,0,0,0,0,0,0,0,0,-160000,0,0,0,40000,200000,-160000,-160000
067758,儒鴻永豐01購01  ,0,0,0,0,0,0,0,0,0,-160000,0,0,0,135000,295000,-160000,-160000
068114,富邦金元富07購01,0,0,0,0,0,0,0,0,0,-160000,0,0,0,618000,778000,-160000,-160000
058431,國巨統一9B購01  ,0,0,0,0,0,0,0,0,0,-160000,0,0,0,388000,548000,-160000,-160000
058658,瑞儀中信99購01  ,0,0,0,0,0,0,0,0,0,-160000,0,0,0,0,160000,-160000,-160000
058810,國巨統一9B購04  ,0,0,0,0,0,0,0,0,0,-160000,0,0,0,10000,170000,-160000,-160000
058947,SGBR2X群益9B購02,0,0,0,0,0,0,0,0,0,-160000,0,0,0,5000,165000,-160000,-160000
058139,臻鼎元大99購01  ,0,0,0,0,0,0,0,0,0,-160000,0,0,0,12000,172000,-160000,-160000
00757,統一FANG+       ,0,0,0,0,0,0,0,0,0,-160000,0,0,0,200000,360000,-160000,-160000
061443,大立光統一9C購02,0,0,0,0,0,0,0,0,0,-160000,0,0,0,0,160000,-160000,-160000
063379,帆宣永豐9B購01  ,0,0,0,0,0,0,0,0,0,-160000,0,0,0,5000,165000,-160000,-160000
063816,TPK群益9C購01   ,0,0,0,0,0,0,0,0,0,-160000,0,0,0,4000,164000,-160000,-160000
066511,劍麟永豐01購01  ,0,0,0,0,0,0,0,0,0,-160000,0,0,0,0,160000,-160000,-160000
064712,聚陽統一02購03  ,0,0,0,0,0,0,0,0,0,-160000,0,0,0,40000,200000,-160000,-160000
064605,GIS元富9C購01   ,0,0,0,0,0,0,0,0,0,-160000,0,0,0,40000,200000,-160000,-160000
067791,康舒群益01購01  ,0,0,0,0,0,0,0,0,0,-161000,0,0,0,225000,386000,-161000,-161000
063075,祥碩永豐9B購04  ,0,0,0,0,0,0,0,0,0,-161000,0,0,0,6000,167000,-161000,-161000
060700,華新科國泰9C購01,0,0,0,0,0,0,0,0,0,-161000,0,0,0,231000,392000,-161000,-161000
060841,宏達電國票9B購01,0,0,0,0,0,0,0,0,0,-161000,0,0,0,64000,225000,-161000,-161000
064413,世紀鋼凱基02購01,0,0,0,0,0,0,0,0,0,-161000,0,0,0,261000,422000,-161000,-161000
057307,瀚宇博兆豐99購01,0,0,0,0,0,0,0,0,0,-162000,0,0,0,0,162000,-162000,-162000
063342,台光電統一9B購02,0,0,0,0,0,0,0,0,0,-162000,0,0,0,105000,267000,-162000,-162000
068200,亞光凱基01購01  ,0,0,0,0,0,0,0,0,0,-163000,0,0,0,0,163000,-163000,-163000
067403,眾達永豐01購03  ,0,0,0,0,0,0,0,0,0,-163000,0,0,0,0,163000,-163000,-163000
060381,元黃金凱基9A購01,0,0,0,0,0,0,0,0,0,-163000,0,0,0,22000,185000,-163000,-163000
063188,TPK凱基9B購01   ,0,0,0,0,0,0,0,0,0,-163000,0,0,0,17000,180000,-163000,-163000
061275,臺股指凱基9A購25,0,0,0,0,0,0,0,0,0,-163000,0,0,0,3000,166000,-163000,-163000
065042,國產凱基02購01  ,0,0,0,0,0,0,0,0,0,-163000,0,0,0,53000,216000,-163000,-163000
066373,美利達中信01購01,0,0,0,0,0,0,0,0,0,-163000,0,0,0,103000,266000,-163000,-163000
066869,聯發科元富07購02,0,0,0,0,0,0,0,0,0,-163000,0,0,0,205000,368000,-163000,-163000
066077,健策凱基01購01  ,0,0,0,0,0,0,0,0,0,-163000,0,0,0,110000,273000,-163000,-163000
068496,景碩元大01購04  ,0,0,0,0,0,0,0,0,0,-164000,0,0,0,0,164000,-164000,-164000
08510P,大立光富邦03售04,0,0,0,0,0,0,0,0,0,-164000,0,0,0,0,164000,-164000,-164000
063491,國巨富邦02購02  ,0,0,0,0,0,0,0,0,0,-164000,0,0,0,525000,689000,-164000,-164000
03070P,台表科群益01售04,0,0,0,0,0,0,0,0,0,-164000,0,0,0,22000,186000,-164000,-164000
064215,康控凱基02購01  ,0,0,0,0,0,0,0,0,0,-164000,0,0,0,0,164000,-164000,-164000
064132,神達元大9C購02  ,0,0,0,0,0,0,0,0,0,-164000,0,0,0,12000,176000,-164000,-164000
066088,漢翔永豐01購01  ,0,0,0,0,0,0,0,0,0,-164000,0,0,0,0,164000,-164000,-164000
066253,泰豐元大01購01  ,0,0,0,0,0,0,0,0,0,-164000,0,0,0,236000,400000,-164000,-164000
066366,信邦中信02購01  ,0,0,0,0,0,0,0,0,0,-164000,0,0,0,65000,229000,-164000,-164000
065062,亞光群益9C購01  ,0,0,0,0,0,0,0,0,0,-164000,0,0,0,10000,174000,-164000,-164000
065251,宏達電國泰02購01,0,0,0,0,0,0,0,0,0,-164000,0,0,0,107000,271000,-164000,-164000
068332,欣興元大03購02  ,0,0,0,0,0,0,0,0,0,-165000,0,0,0,20000,185000,-165000,-165000
067651,漢唐元富07購01  ,0,0,0,0,0,0,0,0,0,-165000,0,0,0,18000,183000,-165000,-165000
054778,世紀鋼國票99購01,0,0,0,0,0,0,0,0,0,-165000,0,0,0,72000,237000,-165000,-165000
056330,玉晶光國票99購03,0,0,0,0,0,0,0,0,0,-165000,0,0,0,671000,836000,-165000,-165000
061136,可成統一9A購01  ,0,0,0,0,0,0,0,0,0,-165000,0,0,0,0,165000,-165000,-165000
063322,台郡群益9B購02  ,0,0,0,0,0,0,0,0,0,-165000,0,0,0,3000,168000,-165000,-165000
064803,智邦元大9C購05  ,0,0,0,0,0,0,0,0,0,-165000,0,0,0,67000,232000,-165000,-165000
066317,英利永豐01購01  ,0,0,0,0,0,0,0,0,0,-165000,0,0,0,0,165000,-165000,-165000
066467,晶碩統一03購01  ,0,0,0,0,0,0,0,0,0,-165000,0,0,0,45000,210000,-165000,-165000
057789,上銀統一9A購01  ,0,0,0,0,0,0,0,0,0,-166000,0,0,0,109000,275000,-166000,-166000
059957,中信金康和99購01,0,0,0,0,0,0,0,0,0,-166000,0,0,0,0,166000,-166000,-166000
062942,嘉澤凱基9B購02  ,0,0,0,0,0,0,0,0,0,-166000,0,0,0,40000,206000,-166000,-166000
065914,智邦凱基02購03  ,0,0,0,0,0,0,0,0,0,-166000,0,0,0,46000,212000,-166000,-166000
064348,TPK元大9C購03   ,0,0,0,0,0,0,0,0,0,-166000,0,0,0,35000,201000,-166000,-166000
065353,GIS統一02購03   ,0,0,0,0,0,0,0,0,0,-166000,0,0,0,12000,178000,-166000,-166000
4119,旭富            ,206000,297000,-91000,0,0,0,0,0,0,-75000,16000,26000,-10000,13000,78000,-65000,-166000
08864P,欣興元大01售01  ,0,0,0,0,0,0,0,0,0,-166000,0,0,0,50000,216000,-166000,-166000
060290,興富發元大9C購01,0,0,0,0,0,0,0,0,0,-167000,0,0,0,0,167000,-167000,-167000
058580,華新科群益99購02,0,0,0,0,0,0,0,0,0,-167000,0,0,0,0,167000,-167000,-167000
062710,盛群元大9B購01  ,0,0,0,0,0,0,0,0,0,-167000,0,0,0,85000,252000,-167000,-167000
061906,統一中信9B購01  ,0,0,0,0,0,0,0,0,0,-167000,0,0,0,1000,168000,-167000,-167000
063839,華通元大9C購02  ,0,0,0,0,0,0,0,0,0,-167000,0,0,0,8000,175000,-167000,-167000
064705,新光金富邦01購01,0,0,0,0,0,0,0,0,0,-167000,0,0,0,200000,367000,-167000,-167000
066300,潤泰新元大01購02,0,0,0,0,0,0,0,0,0,-167000,0,0,0,232000,399000,-167000,-167000
2015,豐興            ,120000,145000,-25000,0,0,0,0,0,0,-142000,12000,154000,-142000,0,0,0,-167000
063170,智邦第一9B購01  ,0,0,0,0,0,0,0,0,0,-168000,0,0,0,2000,170000,-168000,-168000
064981,致伸元大9C購01  ,0,0,0,0,0,0,0,0,0,-168000,0,0,0,0,168000,-168000,-168000
08909P,華新科凱基01售04,0,0,0,0,0,0,0,0,0,-168000,0,0,0,0,168000,-168000,-168000
067787,致伸群益03購01  ,0,0,0,0,0,0,0,0,0,-169000,0,0,0,10000,179000,-169000,-169000
063724,亞德客元大9B購03,0,0,0,0,0,0,0,0,0,-169000,0,0,0,0,169000,-169000,-169000
056579,麗豐元大99購01  ,0,0,0,0,0,0,0,0,0,-169000,0,0,0,238000,407000,-169000,-169000
061899,復盛永豐9B購01  ,0,0,0,0,0,0,0,0,0,-169000,0,0,0,0,169000,-169000,-169000
063789,智邦台新9C購01  ,0,0,0,0,0,0,0,0,0,-169000,0,0,0,20000,189000,-169000,-169000
07652P,臺股指中信9A售07,0,0,0,0,0,0,0,0,0,-170000,0,0,0,50000,220000,-170000,-170000
08084P,台表科元大9B售06,0,0,0,0,0,0,0,0,0,-170000,0,0,0,30000,200000,-170000,-170000
059557,台灣50凱基9C購07,0,0,0,0,0,0,0,0,0,-170000,0,0,0,0,170000,-170000,-170000
061847,力山國票9B購01  ,0,0,0,0,0,0,0,0,0,-170000,0,0,0,0,170000,-170000,-170000
061000,旺宏兆豐9A購02  ,0,0,0,0,0,0,0,0,0,-170000,0,0,0,0,170000,-170000,-170000
064208,智邦凱基02購01  ,0,0,0,0,0,0,0,0,0,-170000,0,0,0,87000,257000,-170000,-170000
066164,精元凱基01購01  ,0,0,0,0,0,0,0,0,0,-170000,0,0,0,602000,772000,-170000,-170000
058928,國巨統一9C購01  ,0,0,0,0,0,0,0,0,0,-171000,0,0,0,2585000,2756000,-171000,-171000
060889,國泰金統一9C購01,0,0,0,0,0,0,0,0,0,-171000,0,0,0,0,171000,-171000,-171000
060559,世紀鋼凱基9C購01,0,0,0,0,0,0,0,0,0,-171000,0,0,0,0,171000,-171000,-171000
063436,儒鴻統一01購03  ,0,0,0,0,0,0,0,0,0,-171000,0,0,0,153000,324000,-171000,-171000
063180,台塑凱基9B購01  ,0,0,0,0,0,0,0,0,0,-171000,0,0,0,50000,221000,-171000,-171000
064389,台泥永豐9C購01  ,0,0,0,0,0,0,0,0,0,-171000,0,0,0,0,171000,-171000,-171000
08703P,華碩凱基01售02  ,0,0,0,0,0,0,0,0,0,-171000,0,0,0,39000,210000,-171000,-171000
07792P,牧德元大9A售04  ,0,0,0,0,0,0,0,0,0,-172000,0,0,0,66000,238000,-172000,-172000
07864P,可成元大9B售01  ,0,0,0,0,0,0,0,0,0,-172000,0,0,0,138000,310000,-172000,-172000
056472,美律元大99購03  ,0,0,0,0,0,0,0,0,0,-172000,0,0,0,2000,174000,-172000,-172000
063311,喬山群益9B購01  ,0,0,0,0,0,0,0,0,0,-172000,0,0,0,7000,179000,-172000,-172000
064253,貿聯元富9C購01  ,0,0,0,0,0,0,0,0,0,-172000,0,0,0,33000,205000,-172000,-172000
6416,瑞祺電通        ,300000,371000,-71000,0,0,0,20000,20000,0,-101000,32000,249000,-217000,118000,2000,116000,-172000
067759,美食永豐01購01  ,0,0,0,0,0,0,0,0,0,-173000,0,0,0,0,173000,-173000,-173000
063551,美食國票9B購02  ,0,0,0,0,0,0,0,0,0,-173000,0,0,0,0,173000,-173000,-173000
065289,冠德群益9C購01  ,0,0,0,0,0,0,0,0,0,-173000,0,0,0,55000,228000,-173000,-173000
066028,嘉澤群益01購01  ,0,0,0,0,0,0,0,0,0,-173000,0,0,0,26000,199000,-173000,-173000
1308,亞聚            ,226000,210000,16000,0,0,0,0,0,0,-189000,16000,226000,-210000,21000,0,21000,-173000
08216P,聯發科群益9C售05,0,0,0,0,0,0,0,0,0,-174000,0,0,0,116000,290000,-174000,-174000
061612,南六統一9A購01  ,0,0,0,0,0,0,0,0,0,-174000,0,0,0,56000,230000,-174000,-174000
065857,嘉聯益元大9C購03,0,0,0,0,0,0,0,0,0,-174000,0,0,0,61000,235000,-174000,-174000
066282,鎧勝元大01購01  ,0,0,0,0,0,0,0,0,0,-174000,0,0,0,97000,271000,-174000,-174000
065414,立積永豐9C購01  ,0,0,0,0,0,0,0,0,0,-174000,0,0,0,0,174000,-174000,-174000
2850,新產            ,110000,164436,-54436,0,0,0,0,0,0,-120000,0,120000,-120000,0,0,0,-174436
08287P,茂林凱基9C售02  ,0,0,0,0,0,0,0,0,0,-175000,0,0,0,100000,275000,-175000,-175000
068479,帆宣群益01購02  ,0,0,0,0,0,0,0,0,0,-175000,0,0,0,0,175000,-175000,-175000
067358,華擎群益01購05  ,0,0,0,0,0,0,0,0,0,-175000,0,0,0,21000,196000,-175000,-175000
066988,新唐群益02購01  ,0,0,0,0,0,0,0,0,0,-175000,0,0,0,13000,188000,-175000,-175000
062605,上銀凱基9B購03  ,0,0,0,0,0,0,0,0,0,-175000,0,0,0,0,175000,-175000,-175000
062020,智伸科永豐9B購01,0,0,0,0,0,0,0,0,0,-175000,0,0,0,47000,222000,-175000,-175000
065474,旺宏元大9C購06  ,0,0,0,0,0,0,0,0,0,-175000,0,0,0,6000,181000,-175000,-175000
066957,健策元大01購06  ,0,0,0,0,0,0,0,0,0,-175000,0,0,0,137000,312000,-175000,-175000
3406,玉晶光          ,1651000,1714000,-63000,0,0,0,2000,110000,-108000,-4000,72000,115000,-43000,66000,27000,39000,-175000
066979,國巨群益01購04  ,0,0,0,0,0,0,0,0,0,-176000,0,0,0,7000,183000,-176000,-176000
067070,友訊元大01購04  ,0,0,0,0,0,0,0,0,0,-176000,0,0,0,4000,180000,-176000,-176000
067165,世紀鋼國票02購02,0,0,0,0,0,0,0,0,0,-176000,0,0,0,30000,206000,-176000,-176000
068404,建準元富04購01  ,0,0,0,0,0,0,0,0,0,-176000,0,0,0,0,176000,-176000,-176000
056584,鴻海統一9B購01  ,0,0,0,0,0,0,0,0,0,-176000,0,0,0,1733000,1909000,-176000,-176000
05748P,臺股指群益99售02,3000,0,3000,0,0,0,0,0,0,-179000,0,0,0,0,179000,-179000,-176000
060612,世紀鋼凱基9A購01,0,0,0,0,0,0,0,0,0,-176000,0,0,0,0,176000,-176000,-176000
064751,亞德客凱基9C購02,0,0,0,0,0,0,0,0,0,-176000,0,0,0,93000,269000,-176000,-176000
08492P,大立光元大9C售22,0,0,0,0,0,0,0,0,0,-177000,0,0,0,23000,200000,-177000,-177000
067580,亞德客群益01購03,0,0,0,0,0,0,0,0,0,-177000,0,0,0,0,177000,-177000,-177000
063154,南六元富9B購02  ,0,0,0,0,0,0,0,0,0,-177000,0,0,0,52000,229000,-177000,-177000
062404,新唐永豐9B購01  ,0,0,0,0,0,0,0,0,0,-177000,0,0,0,25000,202000,-177000,-177000
064973,智邦元大9C購06  ,0,0,0,0,0,0,0,0,0,-177000,0,0,0,73000,250000,-177000,-177000
066868,聯發科元富07購01,0,0,0,0,0,0,0,0,0,-177000,0,0,0,113000,290000,-177000,-177000
067867,冠德元大01購01  ,0,0,0,0,0,0,0,0,0,-178000,0,0,0,335000,513000,-178000,-178000
058498,世紀鋼群益99購01,0,0,0,0,0,0,0,0,0,-178000,0,0,0,72000,250000,-178000,-178000
061687,大成鋼群益9A購01,0,0,0,0,0,0,0,0,0,-178000,0,0,0,0,178000,-178000,-178000
065402,漢唐國泰02購01  ,0,0,0,0,0,0,0,0,0,-178000,0,0,0,133000,311000,-178000,-178000
08377P,臻鼎元富9C售02  ,0,0,0,0,0,0,0,0,0,-179000,0,0,0,30000,209000,-179000,-179000
00656R,國泰中國A50反1  ,6000,0,6000,0,0,0,0,0,0,-185000,0,0,0,122000,307000,-185000,-179000
064119,上銀元大9C購06  ,0,0,0,0,0,0,0,0,0,-179000,0,0,0,0,179000,-179000,-179000
063764,上銀元富9B購08  ,0,0,0,0,0,0,0,0,0,-179000,0,0,0,13000,192000,-179000,-179000
062774,儒鴻元大9C購01  ,0,0,0,0,0,0,0,0,0,-179000,0,0,0,65000,244000,-179000,-179000
065599,台光電元大9C購05,0,0,0,0,0,0,0,0,0,-179000,0,0,0,35000,214000,-179000,-179000
065043,新光金凱基02購01,0,0,0,0,0,0,0,0,0,-179000,0,0,0,38000,217000,-179000,-179000
068328,聯發科元大01購28,0,0,0,0,0,0,0,0,0,-180000,0,0,0,6000,186000,-180000,-180000
067760,旭富永豐01購01  ,0,0,0,0,0,0,0,0,0,-180000,0,0,0,35000,215000,-180000,-180000
068173,友達中信01購05  ,0,0,0,0,0,0,0,0,0,-180000,0,0,0,20000,200000,-180000,-180000
068066,亞德客凱基03購01,0,0,0,0,0,0,0,0,0,-180000,0,0,0,20000,200000,-180000,-180000
068003,玉晶光元大01購12,0,0,0,0,0,0,0,0,0,-180000,0,0,0,111000,291000,-180000,-180000
058586,鴻海中信01購02  ,0,0,0,0,0,0,0,0,0,-180000,0,0,0,0,180000,-180000,-180000
063704,麗豐群益9B購01  ,0,0,0,0,0,0,0,0,0,-180000,0,0,0,0,180000,-180000,-180000
062920,康友元大9B購01  ,0,0,0,0,0,0,0,0,0,-180000,0,0,0,68000,248000,-180000,-180000
065285,宏碁群益01購01  ,0,0,0,0,0,0,0,0,0,-180000,0,0,0,0,180000,-180000,-180000
065580,鈺齊群益01購01  ,0,0,0,0,0,0,0,0,0,-180000,0,0,0,0,180000,-180000,-180000
065387,台光電兆豐9C購02,0,0,0,0,0,0,0,0,0,-180000,0,0,0,210000,390000,-180000,-180000
6271,同欣電          ,803000,684000,119000,0,0,0,0,153000,-153000,-146000,35000,186000,-151000,42000,37000,5000,-180000
064081,國產中信06購01  ,0,0,0,0,0,0,0,0,0,-181000,0,0,0,10000,191000,-181000,-181000
066951,長榮航元大01購01,0,0,0,0,0,0,0,0,0,-181000,0,0,0,0,181000,-181000,-181000
066850,鎧勝元大01購03  ,0,0,0,0,0,0,0,0,0,-181000,0,0,0,29000,210000,-181000,-181000
3005,神基            ,207000,281000,-74000,0,0,0,0,0,0,-107000,20000,78000,-58000,0,49000,-49000,-181000
067743,緯創元大01購02  ,0,0,0,0,0,0,0,0,0,-182000,0,0,0,40000,222000,-182000,-182000
068508,世紀鋼元大01購05,0,0,0,0,0,0,0,0,0,-182000,0,0,0,0,182000,-182000,-182000
062603,台化凱基9B購01  ,0,0,0,0,0,0,0,0,0,-182000,0,0,0,4000,186000,-182000,-182000
066299,潤泰新元大01購01,0,0,0,0,0,0,0,0,0,-182000,0,0,0,56000,238000,-182000,-182000
065431,大立光凱基02購02,0,0,0,0,0,0,0,0,0,-182000,0,0,0,66000,248000,-182000,-182000
064720,長榮航統一02購01,0,0,0,0,0,0,0,0,0,-182000,0,0,0,10000,192000,-182000,-182000
068353,台積電凱基01購23,0,0,0,0,0,0,0,0,0,-183000,0,0,0,5000,188000,-183000,-183000
060247,牧德元大9A購02  ,0,0,0,0,0,0,0,0,0,-183000,0,0,0,21000,204000,-183000,-183000
062988,儒鴻群益9B購01  ,0,0,0,0,0,0,0,0,0,-183000,0,0,0,30000,213000,-183000,-183000
065858,台表科元大03購01,0,0,0,0,0,0,0,0,0,-183000,0,0,0,26000,209000,-183000,-183000
07593P,臺股指凱基9A售08,0,0,0,0,0,0,0,0,0,-184000,0,0,0,71000,255000,-184000,-184000
067967,玉山金群益01購01,0,0,0,0,0,0,0,0,0,-184000,0,0,0,371000,555000,-184000,-184000
067389,聯發科元富07購04,0,0,0,0,0,0,0,0,0,-184000,0,0,0,78000,262000,-184000,-184000
067125,健策富邦03購01  ,0,0,0,0,0,0,0,0,0,-185000,0,0,0,150000,335000,-185000,-185000
067277,樺漢統一03購01  ,0,0,0,0,0,0,0,0,0,-185000,0,0,0,0,185000,-185000,-185000
03139P,聯電凱基01售02  ,0,0,0,0,0,0,0,0,0,-185000,0,0,0,0,185000,-185000,-185000
062574,美食群益9B購02  ,0,0,0,0,0,0,0,0,0,-185000,0,0,0,52000,237000,-185000,-185000
062540,茂林國泰9C購01  ,0,0,0,0,0,0,0,0,0,-185000,0,0,0,10000,195000,-185000,-185000
064138,亞德客統一01購02,0,0,0,0,0,0,0,0,0,-185000,0,0,0,155000,340000,-185000,-185000
064230,上銀統一01購04  ,0,0,0,0,0,0,0,0,0,-185000,0,0,0,0,185000,-185000,-185000
067074,中信金元大01購01,0,0,0,0,0,0,0,0,0,-186000,0,0,0,63000,249000,-186000,-186000
067404,盛群永豐01購01  ,0,0,0,0,0,0,0,0,0,-186000,0,0,0,8000,194000,-186000,-186000
058537,彩晶統一9B購01  ,0,0,0,0,0,0,0,0,0,-186000,0,0,0,186000,372000,-186000,-186000
061186,牧德國泰9C購01  ,0,0,0,0,0,0,0,0,0,-186000,0,0,0,370000,556000,-186000,-186000
065727,冠德凱基9C購01  ,0,0,0,0,0,0,0,0,0,-186000,0,0,0,90000,276000,-186000,-186000
065443,智邦統一9C購03  ,0,0,0,0,0,0,0,0,0,-186000,0,0,0,38000,224000,-186000,-186000
067722,國產凱基01購01  ,0,0,0,0,0,0,0,0,0,-187000,0,0,0,0,187000,-187000,-187000
060402,神隆國泰9B購01  ,0,0,0,0,0,0,0,0,0,-187000,0,0,0,217000,404000,-187000,-187000
064267,南六永豐9C購03  ,0,0,0,0,0,0,0,0,0,-187000,0,0,0,0,187000,-187000,-187000
061260,台積電凱基9A購23,0,0,0,0,0,0,0,0,0,-187000,0,0,0,27000,214000,-187000,-187000
062063,世紀鋼統一9C購01,0,0,0,0,0,0,0,0,0,-187000,0,0,0,94000,281000,-187000,-187000
065269,貿聯元大9C購05  ,0,0,0,0,0,0,0,0,0,-187000,0,0,0,0,187000,-187000,-187000
064892,台達電群益9C購02,0,0,0,0,0,0,0,0,0,-187000,0,0,0,0,187000,-187000,-187000
066336,聯陽永豐01購01  ,0,0,0,0,0,0,0,0,0,-187000,0,0,0,19000,206000,-187000,-187000
066566,康控元大01購01  ,0,0,0,0,0,0,0,0,0,-187000,0,0,0,20000,207000,-187000,-187000
068090,大成鋼群益01購02,0,0,0,0,0,0,0,0,0,-188000,0,0,0,0,188000,-188000,-188000
08338P,台灣50凱基9C售11,0,0,0,0,0,0,0,0,0,-188000,0,0,0,42000,230000,-188000,-188000
07578P,高鐵元大9A售02  ,0,0,0,0,0,0,0,0,0,-189000,0,0,0,0,189000,-189000,-189000
068185,嘉聯益群益01購01,0,0,0,0,0,0,0,0,0,-189000,0,0,0,76000,265000,-189000,-189000
03061P,南電凱基01售05  ,0,0,0,0,0,0,0,0,0,-189000,0,0,0,55000,244000,-189000,-189000
056744,麗豐凱基9A購01  ,0,0,0,0,0,0,0,0,0,-189000,0,0,0,10000,199000,-189000,-189000
063794,亞德客凱基9C購01,0,0,0,0,0,0,0,0,0,-189000,0,0,0,15000,204000,-189000,-189000
060944,國泰金國票9A購01,0,0,0,0,0,0,0,0,0,-189000,0,0,0,100000,289000,-189000,-189000
068159,華擎元大01購08  ,0,0,0,0,0,0,0,0,0,-190000,0,0,0,0,190000,-190000,-190000
067805,宏碁凱基01購02  ,0,0,0,0,0,0,0,0,0,-190000,0,0,0,141000,331000,-190000,-190000
066810,瀚宇博凱基02購01,0,0,0,0,0,0,0,0,0,-190000,0,0,0,1000,191000,-190000,-190000
065255,上銀元大01購01  ,0,0,0,0,0,0,0,0,0,-190000,0,0,0,0,190000,-190000,-190000
065165,上銀元大9C購09  ,0,0,0,0,0,0,0,0,0,-190000,0,0,0,0,190000,-190000,-190000
3596,智易            ,222000,378000,-156000,0,0,0,0,0,0,-34000,0,36000,-36000,2000,0,2000,-190000
067710,同欣電元富04購01,0,0,0,0,0,0,0,0,0,-191000,0,0,0,108000,299000,-191000,-191000
067644,康舒統一01購01  ,0,0,0,0,0,0,0,0,0,-191000,0,0,0,257000,448000,-191000,-191000
067185,宏達電凱基02購01,0,0,0,0,0,0,0,0,0,-191000,0,0,0,82000,273000,-191000,-191000
068247,宏碁元大01購03  ,0,0,0,0,0,0,0,0,0,-191000,0,0,0,104000,295000,-191000,-191000
055092,開發金群益9B購01,0,0,0,0,0,0,0,0,0,-191000,0,0,0,0,191000,-191000,-191000
066947,聯發科元大01購15,0,0,0,0,0,0,0,0,0,-191000,0,0,0,701000,892000,-191000,-191000
066440,南帝群益01購01  ,0,0,0,0,0,0,0,0,0,-191000,0,0,0,0,191000,-191000,-191000
060387,盛群凱基9A購01  ,0,0,0,0,0,0,0,0,0,-192000,0,0,0,31000,223000,-192000,-192000
060414,中興電永豐9A購01,0,0,0,0,0,0,0,0,0,-192000,0,0,0,6000,198000,-192000,-192000
063803,世紀鋼凱基01購01,0,0,0,0,0,0,0,0,0,-192000,0,0,0,42000,234000,-192000,-192000
063398,信邦群益9B購02  ,0,0,0,0,0,0,0,0,0,-192000,0,0,0,27000,219000,-192000,-192000
064535,國產國票01購01  ,0,0,0,0,0,0,0,0,0,-192000,0,0,0,0,192000,-192000,-192000
067174,嘉澤兆豐01購01  ,0,0,0,0,0,0,0,0,0,-193000,0,0,0,209000,402000,-193000,-193000
058146,勤誠元大99購01  ,0,0,0,0,0,0,0,0,0,-193000,0,0,0,1000,194000,-193000,-193000
064575,鈺齊群益9C購01  ,0,0,0,0,0,0,0,0,0,-193000,0,0,0,38000,231000,-193000,-193000
064638,儒鴻凱基9C購03  ,0,0,0,0,0,0,0,0,0,-193000,0,0,0,0,193000,-193000,-193000
065361,上銀元大9C購11  ,0,0,0,0,0,0,0,0,0,-193000,0,0,0,0,193000,-193000,-193000
065850,緯創元大9C購06  ,0,0,0,0,0,0,0,0,0,-193000,0,0,0,0,193000,-193000,-193000
066126,南港群益01購01  ,0,0,0,0,0,0,0,0,0,-194000,0,0,0,28000,222000,-194000,-194000
1101,台泥            ,7443000,7353526,89474,0,0,0,2000,2000,0,-284000,253000,471000,-218000,59000,125000,-66000,-194526
067638,台積電統一03購02,2000,0,2000,0,0,0,0,0,0,-197000,0,0,0,1736000,1933000,-197000,-195000
067747,同欣電元大01購04,0,0,0,0,0,0,0,0,0,-195000,0,0,0,10000,205000,-195000,-195000
063642,茂林元大9B購08  ,0,0,0,0,0,0,0,0,0,-195000,0,0,0,0,195000,-195000,-195000
060242,潤泰全元大9C購01,0,0,0,0,0,0,0,0,0,-195000,0,0,0,0,195000,-195000,-195000
066256,華通元大02購02  ,0,0,0,0,0,0,0,0,0,-195000,0,0,0,2000,197000,-195000,-195000
066561,健策元大01購04  ,0,0,0,0,0,0,0,0,0,-195000,0,0,0,486000,681000,-195000,-195000
068156,新光金元大02購01,0,0,0,0,0,0,0,0,0,-196000,0,0,0,113000,309000,-196000,-196000
067343,嘉澤凱基01購01  ,0,0,0,0,0,0,0,0,0,-196000,0,0,0,0,196000,-196000,-196000
06999P,玉晶光國票9B售01,0,0,0,0,0,0,0,0,0,-196000,0,0,0,105000,301000,-196000,-196000
063218,台塑群益9B購01  ,0,0,0,0,0,0,0,0,0,-196000,0,0,0,0,196000,-196000,-196000
065490,國巨國泰02購02  ,0,0,0,0,0,0,0,0,0,-196000,0,0,0,112000,308000,-196000,-196000
064956,麗豐凱基9C購01  ,0,0,0,0,0,0,0,0,0,-196000,0,0,0,31000,227000,-196000,-196000
3036,文曄            ,64000,144000,-80000,0,0,0,0,0,0,-116000,51000,166000,-115000,0,1000,-1000,-196000
067958,中磊永豐01購01  ,0,0,0,0,0,0,0,0,0,-197000,0,0,0,6000,203000,-197000,-197000
058656,燿華中信99購01  ,0,0,0,0,0,0,0,0,0,-197000,0,0,0,18000,215000,-197000,-197000
05830P,滬深2X元富99售03,0,0,0,0,0,0,0,0,0,-197000,0,0,0,443000,640000,-197000,-197000
066684,T50反1元富07購01,0,0,0,0,0,0,0,0,0,-197000,0,0,0,43000,240000,-197000,-197000
066748,同欣電元大01購03,0,0,0,0,0,0,0,0,0,-197000,0,0,0,15000,212000,-197000,-197000
065798,華通群益01購03  ,0,0,0,0,0,0,0,0,0,-197000,0,0,0,33000,230000,-197000,-197000
057727,華邦電國泰9A購01,0,0,0,0,0,0,0,0,0,-198000,0,0,0,20000,218000,-198000,-198000
063146,南六統一9B購02  ,0,0,0,0,0,0,0,0,0,-198000,0,0,0,236000,434000,-198000,-198000
061823,勤誠群益9B購01  ,0,0,0,0,0,0,0,0,0,-198000,0,0,0,0,198000,-198000,-198000
051375,道瓊反群益9A購01,0,0,0,0,0,0,0,0,0,-199000,0,0,0,1000,200000,-199000,-199000
067861,聚陽元大01購04  ,0,0,0,0,0,0,0,0,0,-200000,0,0,0,0,200000,-200000,-200000
067352,美律群益01購01  ,0,0,0,0,0,0,0,0,0,-200000,0,0,0,0,200000,-200000,-200000
07266P,大立光元大99售19,0,0,0,0,0,0,0,0,0,-200000,0,0,0,0,200000,-200000,-200000
07820P,臺股指國票9A售11,0,0,0,0,0,0,0,0,0,-200000,0,0,0,0,200000,-200000,-200000
07613P,國巨永豐9A售01  ,0,0,0,0,0,0,0,0,0,-200000,0,0,0,0,200000,-200000,-200000
07684P,大立光凱基9A售11,0,0,0,0,0,0,0,0,0,-200000,0,0,0,0,200000,-200000,-200000
057514,華新科元富99購03,0,0,0,0,0,0,0,0,0,-200000,0,0,0,0,200000,-200000,-200000
058604,華邦電元大99購03,0,0,0,0,0,0,0,0,0,-200000,0,0,0,0,200000,-200000,-200000
059236,鴻海凱基99購09  ,0,0,0,0,0,0,0,0,0,-200000,0,0,0,10000,210000,-200000,-200000
061709,SP黃豆凱基01購02,0,0,0,0,0,0,0,0,0,-200000,0,0,0,0,200000,-200000,-200000
061584,勤誠元大9A購01  ,0,0,0,0,0,0,0,0,0,-200000,0,0,0,0,200000,-200000,-200000
064058,儒鴻麥證01購01  ,0,0,0,10000,220000,-210000,0,0,0,-200000,0,0,0,20000,220000,-200000,-200000
063938,上銀元大9C購03  ,0,0,0,0,0,0,0,0,0,-200000,0,0,0,0,200000,-200000,-200000
063838,上銀元大9C購01  ,0,0,0,0,0,0,0,0,0,-200000,0,0,0,0,200000,-200000,-200000
066845,亞光元大01購02  ,0,0,0,0,0,0,0,0,0,-200000,0,0,0,0,200000,-200000,-200000
065421,康友國票01購01  ,0,0,0,0,0,0,0,0,0,-200000,0,0,0,0,200000,-200000,-200000
06529P,貿聯富邦99售03  ,0,0,0,0,0,0,0,0,0,-200000,0,0,0,53000,253000,-200000,-200000
07366P,國巨康和99售02  ,0,0,0,0,0,0,0,0,0,-201000,0,0,0,0,201000,-201000,-201000
067635,超眾永豐01購02  ,0,0,0,0,0,0,0,0,0,-201000,0,0,0,0,201000,-201000,-201000
066619,永光凱基01購01  ,0,0,0,0,0,0,0,0,0,-201000,0,0,0,0,201000,-201000,-201000
066389,南港凱基01購01  ,0,0,0,0,0,0,0,0,0,-201000,0,0,0,0,201000,-201000,-201000
067588,欣興群益01購04  ,0,0,0,0,0,0,0,0,0,-202000,0,0,0,190000,392000,-202000,-202000
068299,華新國票03購01  ,0,0,0,0,0,0,0,0,0,-202000,0,0,0,0,202000,-202000,-202000
061597,南六永豐9A購04  ,0,0,0,0,0,0,0,0,0,-202000,0,0,0,53000,255000,-202000,-202000
061432,世紀鋼元大9A購05,0,0,0,0,0,0,0,0,0,-202000,0,0,0,18000,220000,-202000,-202000
066568,聚碩元大01購01  ,0,0,0,0,0,0,0,0,0,-202000,0,0,0,0,202000,-202000,-202000
064568,聯鈞群益9C購01  ,0,0,0,0,0,0,0,0,0,-202000,0,0,0,6000,208000,-202000,-202000
06922P,元上證群益9C售01,0,0,0,0,0,0,0,0,0,-203000,0,0,0,0,203000,-203000,-203000
08461P,長榮航國票9C售01,0,0,0,0,0,0,0,0,0,-203000,0,0,0,300000,503000,-203000,-203000
058268,泰碩永豐9A購01  ,0,0,0,0,0,0,0,0,0,-203000,0,0,0,0,203000,-203000,-203000
066178,拓凱凱基01購01  ,0,0,0,0,0,0,0,0,0,-203000,0,0,0,0,203000,-203000,-203000
068044,寶成元富07購01  ,0,0,0,0,0,0,0,0,0,-204000,0,0,0,0,204000,-204000,-204000
068215,潤泰新凱基01購02,0,0,0,0,0,0,0,0,0,-204000,0,0,0,24000,228000,-204000,-204000
063692,華擎永豐9B購02  ,0,0,0,0,0,0,0,0,0,-204000,0,0,0,0,204000,-204000,-204000
060958,儒鴻凱基9A購02  ,30000,0,30000,0,0,0,0,0,0,-234000,0,0,0,10000,244000,-234000,-204000
063766,南茂元富9B購01  ,0,0,0,0,0,0,0,0,0,-204000,0,0,0,51000,255000,-204000,-204000
063331,瑞儀國票9C購01  ,0,0,0,0,0,0,0,0,0,-204000,0,0,0,5000,209000,-204000,-204000
066170,聯陽凱基01購01  ,0,0,0,0,0,0,0,0,0,-204000,0,0,0,45000,249000,-204000,-204000
064670,智伸科元大9C購01,0,0,0,0,0,0,0,0,0,-204000,0,0,0,0,204000,-204000,-204000
061071,復盛凱基9A購01  ,0,0,0,0,0,0,0,0,0,-205000,0,0,0,60000,265000,-205000,-205000
062578,超眾群益9B購01  ,0,0,0,0,0,0,0,0,0,-205000,0,0,0,46000,251000,-205000,-205000
064784,祥碩群益9C購01  ,0,0,0,0,0,0,0,0,0,-205000,0,0,0,20000,225000,-205000,-205000
066651,創意康和01購04  ,0,0,0,0,0,0,0,0,0,-205000,0,0,0,265000,470000,-205000,-205000
067288,為升兆豐03購01  ,0,0,0,0,0,0,0,0,0,-206000,0,0,0,20000,226000,-206000,-206000
066382,拓凱康和01購01  ,0,0,0,0,0,0,0,0,0,-207000,0,0,0,8000,215000,-207000,-207000
067429,國揚凱基02購01  ,0,0,0,0,0,0,0,0,0,-208000,0,0,0,100000,308000,-208000,-208000
067872,玉晶光元大02購03,0,0,0,0,0,0,0,0,0,-208000,0,0,0,122000,330000,-208000,-208000
066004,國巨統一01購11  ,0,0,0,0,0,0,0,0,0,-208000,0,0,0,43000,251000,-208000,-208000
059581,日月光元富99購02,0,0,0,0,0,0,0,0,0,-209000,0,0,0,126000,335000,-209000,-209000
062898,華通元大9B購05  ,0,0,0,0,0,0,0,0,0,-209000,0,0,0,9000,218000,-209000,-209000
2882A,國泰特          ,0,0,0,0,0,0,0,0,0,-209000,2000,211000,-209000,0,0,0,-209000
067793,鈺齊群益01購02  ,0,0,0,0,0,0,0,0,0,-210000,0,0,0,0,210000,-210000,-210000
067405,超眾永豐01購01  ,0,0,0,0,0,0,0,0,0,-210000,0,0,0,0,210000,-210000,-210000
08443P,臺股指麥證01售02,0,0,0,420000,630000,-210000,0,0,0,-210000,0,0,0,420000,630000,-210000,-210000
054368,鴻海中信9A購02  ,0,0,0,0,0,0,0,0,0,-210000,0,0,0,0,210000,-210000,-210000
064242,TPK統一02購01   ,0,0,0,0,0,0,0,0,0,-210000,0,0,0,128000,338000,-210000,-210000
064514,喬山群益9C購01  ,0,0,0,0,0,0,0,0,0,-210000,0,0,0,20000,230000,-210000,-210000
068484,聯電元大03購02  ,0,0,0,0,0,0,0,0,0,-211000,0,0,0,6000,217000,-211000,-211000
068231,聯詠元富07購04  ,0,0,0,0,0,0,0,0,0,-211000,0,0,0,79000,290000,-211000,-211000
06837P,上銀統一9A售02  ,0,0,0,0,0,0,0,0,0,-211000,0,0,0,3000,214000,-211000,-211000
068087,臺股指凱基04購04,0,0,0,0,0,0,0,0,0,-211000,0,0,0,111000,322000,-211000,-211000
059140,大立光兆豐9A購02,0,0,0,0,0,0,0,0,0,-211000,0,0,0,52000,263000,-211000,-211000
063763,上銀元富9B購07  ,0,0,0,0,0,0,0,0,0,-211000,0,0,0,0,211000,-211000,-211000
066365,富邦金中信03購01,0,0,0,0,0,0,0,0,0,-211000,0,0,0,205000,416000,-211000,-211000
066304,聯華永豐01購01  ,0,0,0,0,0,0,0,0,0,-211000,0,0,0,0,211000,-211000,-211000
07466P,亞德客元大9A售02,0,0,0,0,0,0,0,0,0,-212000,0,0,0,5000,217000,-212000,-212000
058162,上銀日盛9B購01  ,0,0,0,0,0,0,0,0,0,-212000,0,0,0,0,212000,-212000,-212000
064739,智邦國票01購01  ,0,0,0,0,0,0,0,0,0,-212000,0,0,0,3000,215000,-212000,-212000
08275P,南亞科元富9C售01,0,0,0,0,0,0,0,0,0,-213000,0,0,0,327000,540000,-213000,-213000
067716,台船凱基01購01  ,0,0,0,0,0,0,0,0,0,-213000,0,0,0,50000,263000,-213000,-213000
062693,中石化元大02購01,0,0,0,0,0,0,0,0,0,-213000,0,0,0,0,213000,-213000,-213000
064386,友達富邦01購01  ,0,0,0,0,0,0,0,0,0,-213000,0,0,0,46000,259000,-213000,-213000
066749,瑞祺元大01購03  ,0,0,0,0,0,0,0,0,0,-213000,0,0,0,2000,215000,-213000,-213000
068120,智易元富07購01  ,0,0,0,0,0,0,0,0,0,-214000,0,0,0,1000,215000,-214000,-214000
067075,亞光元大01購04  ,0,0,0,0,0,0,0,0,0,-214000,0,0,0,0,214000,-214000,-214000
056550,瑞儀凱基99購01  ,0,0,0,0,0,0,0,0,0,-214000,0,0,0,10000,224000,-214000,-214000
058779,大立光國票9A購02,0,0,0,0,0,0,0,0,0,-214000,0,0,0,205000,419000,-214000,-214000
063863,儒鴻富邦02購01  ,0,0,0,0,0,0,0,0,0,-214000,0,0,0,163000,377000,-214000,-214000
060858,T50反1永豐9A購01,0,0,0,0,0,0,0,0,0,-214000,0,0,0,0,214000,-214000,-214000
061626,超眾群益9A購02  ,0,0,0,0,0,0,0,0,0,-214000,0,0,0,0,214000,-214000,-214000
066159,寶成康和01購01  ,0,0,0,0,0,0,0,0,0,-214000,0,0,0,6000,220000,-214000,-214000
066149,潤泰新群益01購01,0,0,0,0,0,0,0,0,0,-214000,0,0,0,65000,279000,-214000,-214000
064326,裕隆元大9C購01  ,0,0,0,0,0,0,0,0,0,-214000,0,0,0,144000,358000,-214000,-214000
064971,裕隆元大01購01  ,0,0,0,0,0,0,0,0,0,-214000,0,0,0,0,214000,-214000,-214000
068099,GIS富邦01購01   ,0,0,0,0,0,0,0,0,0,-215000,0,0,0,0,215000,-215000,-215000
063572,麗豐元大9B購01  ,0,0,0,0,0,0,0,0,0,-215000,0,0,0,138000,353000,-215000,-215000
063050,葡萄王統一01購01,0,0,0,0,0,0,0,0,0,-215000,0,0,0,20000,235000,-215000,-215000
066195,臺股指凱基03購04,0,0,0,0,0,0,0,0,0,-215000,0,0,0,154000,369000,-215000,-215000
066681,聯發科兆豐01購04,0,0,0,0,0,0,0,0,0,-215000,0,0,0,189000,404000,-215000,-215000
068129,宏碁統一03購01  ,0,0,0,0,0,0,0,0,0,-216000,0,0,0,10000,226000,-216000,-216000
067369,瑞昱統一01購07  ,0,0,0,0,0,0,0,0,0,-216000,0,0,0,145000,361000,-216000,-216000
067303,聯發科元大02購03,0,0,0,0,0,0,0,0,0,-216000,0,0,0,761000,977000,-216000,-216000
058507,美律元大9A購01  ,0,0,0,0,0,0,0,0,0,-216000,0,0,0,15000,231000,-216000,-216000
060716,新唐永豐9A購01  ,0,0,0,0,0,0,0,0,0,-216000,0,0,0,85000,301000,-216000,-216000
061020,超眾國票9A購02  ,0,0,0,0,0,0,0,0,0,-216000,0,0,0,90000,306000,-216000,-216000
066260,聯強元大01購02  ,0,0,0,0,0,0,0,0,0,-216000,0,0,0,261000,477000,-216000,-216000
067961,台達電群益01購03,0,0,0,0,0,0,0,0,0,-217000,0,0,0,80000,297000,-217000,-217000
068227,聯發科元富07購07,0,0,0,0,0,0,0,0,0,-217000,0,0,0,114000,331000,-217000,-217000
063694,貿聯永豐9B購01  ,0,0,0,0,0,0,0,0,0,-217000,0,0,0,0,217000,-217000,-217000
066235,大毅富邦04購01  ,0,0,0,0,0,0,0,0,0,-217000,0,0,0,70000,287000,-217000,-217000
066873,健策國泰02購01  ,0,0,0,0,0,0,0,0,0,-217000,0,0,0,214000,431000,-217000,-217000
067763,鈺齊永豐01購01  ,0,0,0,0,0,0,0,0,0,-218000,0,0,0,82000,300000,-218000,-218000
059115,美食永豐99購01  ,0,0,0,0,0,0,0,0,0,-218000,0,0,0,0,218000,-218000,-218000
060920,超眾富邦9B購01  ,0,0,0,0,0,0,0,0,0,-218000,0,0,0,40000,258000,-218000,-218000
061795,智邦永豐9B購01  ,0,0,0,0,0,0,0,0,0,-218000,0,0,0,0,218000,-218000,-218000
061900,志超永豐9B購01  ,0,0,0,0,0,0,0,0,0,-218000,0,0,0,14000,232000,-218000,-218000
063072,裕隆永豐9B購01  ,0,0,0,0,0,0,0,0,0,-218000,0,0,0,55000,273000,-218000,-218000
063765,上銀元富9B購09  ,0,0,0,0,0,0,0,0,0,-218000,0,0,0,0,218000,-218000,-218000
066877,奇鋐富邦03購01  ,0,0,0,0,0,0,0,0,0,-218000,0,0,0,50000,268000,-218000,-218000
066309,永光永豐01購01  ,0,0,0,0,0,0,0,0,0,-218000,0,0,0,19000,237000,-218000,-218000
064352,嘉聯益元大9C購01,0,0,0,0,0,0,0,0,0,-218000,0,0,0,77000,295000,-218000,-218000
6477,安集            ,20000,238097,-218097,0,0,0,0,0,0,0,0,0,0,0,0,0,-218097
068390,聯詠統一03購01  ,0,0,0,0,0,0,0,0,0,-219000,0,0,0,0,219000,-219000,-219000
063126,TPK元大9B購01   ,0,0,0,0,0,0,0,0,0,-219000,0,0,0,12000,231000,-219000,-219000
064656,聚陽元大9C購03  ,0,0,0,0,0,0,0,0,0,-219000,0,0,0,71000,290000,-219000,-219000
064702,百和群益01購01  ,0,0,0,0,0,0,0,0,0,-219000,0,0,0,0,219000,-219000,-219000
2105,正新            ,951000,943160,7840,0,0,0,235000,0,235000,-462000,6000,468000,-462000,0,0,0,-219160
07954P,台表科元大9B售02,0,0,0,0,0,0,0,0,0,-220000,0,0,0,30000,250000,-220000,-220000
08445P,臺股指麥證9C售03,0,0,0,0,220000,-220000,0,0,0,-220000,0,0,0,0,220000,-220000,-220000
063596,嘉澤中信9B購01  ,0,0,0,0,0,0,0,0,0,-220000,0,0,0,0,220000,-220000,-220000
062219,燿華統一9B購01  ,0,0,0,0,0,0,0,0,0,-220000,0,0,0,11000,231000,-220000,-220000
066250,大成鋼元大01購01,0,0,0,0,0,0,0,0,0,-220000,0,0,0,0,220000,-220000,-220000
066960,盛群元大01購01  ,0,0,0,0,0,0,0,0,0,-220000,0,0,0,138000,358000,-220000,-220000
066450,松翰群益01購01  ,0,0,0,0,0,0,0,0,0,-220000,0,0,0,16000,236000,-220000,-220000
066485,台光電元富01購01,0,0,0,0,0,0,0,0,0,-220000,0,0,0,0,220000,-220000,-220000
1809,中釉            ,121000,341000,-220000,0,0,0,0,0,0,0,0,0,0,0,0,0,-220000
2637,慧洋-KY         ,309023,390000,-80977,0,0,0,0,1000,-1000,-139000,2000,141000,-139000,0,0,0,-220977
068396,南電統一03購02  ,0,0,0,0,0,0,0,0,0,-221000,0,0,0,10000,231000,-221000,-221000
063630,智邦元大9B購09  ,0,0,0,0,0,0,0,0,0,-221000,0,0,0,62000,283000,-221000,-221000
062236,信邦凱基9B購01  ,0,0,0,0,0,0,0,0,0,-222000,0,0,0,38000,260000,-222000,-222000
062707,致伸元大9B購01  ,0,0,0,0,0,0,0,0,0,-222000,0,0,0,35000,257000,-222000,-222000
061736,國巨凱基9B購05  ,0,0,0,0,0,0,0,0,0,-222000,0,0,0,0,222000,-222000,-222000
066820,南茂兆豐03購01  ,0,0,0,0,0,0,0,0,0,-222000,0,0,0,220000,442000,-222000,-222000
08739P,台郡凱基01售03  ,0,0,0,0,0,0,0,0,0,-222000,0,0,0,108000,330000,-222000,-222000
08125P,聯茂群益9B售02  ,0,0,0,0,0,0,0,0,0,-223000,0,0,0,22000,245000,-223000,-223000
08200P,祥碩元大9B售08  ,0,0,0,0,0,0,0,0,0,-223000,0,0,0,0,223000,-223000,-223000
061358,世紀鋼元大9A購04,0,0,0,0,0,0,0,0,0,-223000,0,0,0,275000,498000,-223000,-223000
063191,台表科凱基9B購03,0,0,0,0,0,0,0,0,0,-223000,0,0,0,188000,411000,-223000,-223000
067599,台積電凱基01購14,0,0,0,0,0,0,0,0,0,-224000,0,0,0,6000,230000,-224000,-224000
067304,義隆元大01購05  ,0,0,0,0,0,0,0,0,0,-224000,0,0,0,256000,480000,-224000,-224000
068402,群光元富03購01  ,0,0,0,0,0,0,0,0,0,-225000,0,0,0,0,225000,-225000,-225000
063556,儒鴻元大9B購02  ,0,0,0,0,0,0,0,0,0,-225000,0,0,0,95000,320000,-225000,-225000
056352,鴻海元大99購01  ,0,0,0,0,0,0,0,0,0,-225000,0,0,0,0,225000,-225000,-225000
062607,美食凱基9B購01  ,0,0,0,0,0,0,0,0,0,-225000,0,0,0,0,225000,-225000,-225000
062171,中磊永豐9B購01  ,0,0,0,0,0,0,0,0,0,-225000,0,0,0,95000,320000,-225000,-225000
060918,康友國泰9C購01  ,0,0,0,0,0,0,0,0,0,-225000,0,0,0,373000,598000,-225000,-225000
064610,儒鴻元大9C購03  ,0,0,0,0,0,0,0,0,0,-225000,0,0,0,135000,360000,-225000,-225000
057445,華通元富02購01  ,0,0,0,0,0,0,0,0,0,-226000,0,0,0,0,226000,-226000,-226000
063707,儒鴻凱基9C購01  ,0,0,0,0,0,0,0,0,0,-226000,0,0,0,80000,306000,-226000,-226000
062028,晶技群益9B購01  ,0,0,0,0,0,0,0,0,0,-226000,0,0,0,12000,238000,-226000,-226000
065271,日月光元大9C購02,0,0,0,0,0,0,0,0,0,-226000,0,0,0,122000,348000,-226000,-226000
1722,台肥            ,1307000,1334000,-27000,0,0,0,0,2000,-2000,-197000,3000,200000,-197000,0,0,0,-226000
067922,玉晶光中信04購01,0,0,0,0,0,0,0,0,0,-227000,0,0,0,55000,282000,-227000,-227000
063614,美食群益9B購03  ,0,0,0,0,0,0,0,0,0,-227000,0,0,0,0,227000,-227000,-227000
08865P,欣興元大01售02  ,0,0,0,0,0,0,0,0,0,-227000,0,0,0,100000,327000,-227000,-227000
067268,日月光永豐01購01,0,0,0,0,0,0,0,0,0,-228000,0,0,0,20000,248000,-228000,-228000
060880,中壽中信9C購01  ,0,0,0,0,0,0,0,0,0,-228000,0,0,0,0,228000,-228000,-228000
061958,鴻海統一01購01  ,0,0,0,0,0,0,0,0,0,-228000,0,0,0,137000,365000,-228000,-228000
06552P,茂林元大99售02  ,0,0,0,0,0,0,0,0,0,-229000,0,0,0,80000,309000,-229000,-229000
066633,總太凱基01購01  ,0,0,0,0,0,0,0,0,0,-229000,0,0,0,0,229000,-229000,-229000
067558,中工國票02購01  ,0,0,0,0,0,0,0,0,0,-230000,0,0,0,333000,563000,-230000,-230000
058463,宏達電兆豐99購02,0,0,0,0,0,0,0,0,0,-230000,0,0,0,0,230000,-230000,-230000
061693,華新科群益9B購02,0,0,0,0,0,0,0,0,0,-230000,0,0,0,6000,236000,-230000,-230000
067164,台虹國票02購01  ,0,0,0,0,0,0,0,0,0,-231000,0,0,0,49000,280000,-231000,-231000
067750,鈺齊元大02購01  ,0,0,0,0,0,0,0,0,0,-231000,0,0,0,6000,237000,-231000,-231000
08262P,茂林元大9C售01  ,0,0,0,0,0,0,0,0,0,-231000,0,0,0,102000,333000,-231000,-231000
059326,康友元大99購01  ,0,0,0,0,0,0,0,0,0,-231000,0,0,0,181000,412000,-231000,-231000
063435,儒鴻統一01購02  ,0,0,0,0,0,0,0,0,0,-231000,0,0,0,9000,240000,-231000,-231000
063029,喬山凱基9B購01  ,0,0,0,0,0,0,0,0,0,-231000,0,0,0,0,231000,-231000,-231000
067330,台達電凱基02購01,0,0,0,0,0,0,0,0,0,-232000,0,0,0,15000,247000,-232000,-232000
060946,世紀鋼國票9A購02,0,0,0,0,0,0,0,0,0,-232000,0,0,0,153000,385000,-232000,-232000
061948,美食群益9B購01  ,0,0,0,0,0,0,0,0,0,-232000,0,0,0,5000,237000,-232000,-232000
068153,美律元大01購04  ,0,0,0,0,0,0,0,0,0,-233000,0,0,0,0,233000,-233000,-233000
08815P,聯發科國泰03售03,0,0,0,0,0,0,0,0,0,-233000,0,0,0,1426000,1659000,-233000,-233000
064918,中信金統一02購01,0,0,0,0,0,0,0,0,0,-234000,0,0,0,197000,431000,-234000,-234000
2610,華航            ,1871000,2190750,-319750,0,0,0,0,0,0,85000,0,0,0,85000,0,85000,-234750
068220,聯發科統一04購01,0,0,0,0,0,0,0,0,0,-235000,0,0,0,1188000,1423000,-235000,-235000
068060,聯發科中信04購01,0,0,0,0,0,0,0,0,0,-235000,0,0,0,136000,371000,-235000,-235000
07961P,滬深2X中信01售02,0,0,0,0,0,0,0,0,0,-235000,0,0,0,0,235000,-235000,-235000
068344,台積電麥證01購13,0,0,0,38000,273000,-235000,0,0,0,-235000,0,0,0,38000,273000,-235000,-235000
063676,上銀國泰9C購02  ,0,0,0,0,0,0,0,0,0,-235000,0,0,0,0,235000,-235000,-235000
062220,台光電統一01購01,0,0,0,0,0,0,0,0,0,-235000,0,0,0,126000,361000,-235000,-235000
066620,長興凱基01購01  ,0,0,0,0,0,0,0,0,0,-235000,0,0,0,50000,285000,-235000,-235000
066339,總太永豐01購01  ,0,0,0,0,0,0,0,0,0,-235000,0,0,0,0,235000,-235000,-235000
068162,GIS元大02購01   ,0,0,0,0,0,0,0,0,0,-236000,0,0,0,82000,318000,-236000,-236000
065216,群創國泰01購02  ,0,0,0,0,0,0,0,0,0,-236000,0,0,0,21000,257000,-236000,-236000
067548,亞德客中信03購01,0,0,0,0,0,0,0,0,0,-237000,0,0,0,69000,306000,-237000,-237000
067253,精元國票01購01  ,0,0,0,0,0,0,0,0,0,-237000,0,0,0,0,237000,-237000,-237000
056699,光罩國泰99購01  ,0,0,0,0,0,0,0,0,0,-237000,0,0,0,11000,248000,-237000,-237000
03108P,台積電元大01售40,0,0,0,0,0,0,0,0,0,-237000,0,0,0,4659000,4896000,-237000,-237000
062897,上銀元大9B購06  ,0,0,0,0,0,0,0,0,0,-237000,0,0,0,0,237000,-237000,-237000
065108,建準國票01購01  ,0,0,0,0,0,0,0,0,0,-237000,0,0,0,0,237000,-237000,-237000
065611,嘉聯益元大9C購02,0,0,0,0,0,0,0,0,0,-237000,0,0,0,112000,349000,-237000,-237000
063401,中租群益9B購03  ,0,0,0,0,0,0,0,0,0,-238000,0,0,0,29000,267000,-238000,-238000
063755,上銀統一9C購03  ,0,0,0,0,0,0,0,0,0,-238000,0,0,0,0,238000,-238000,-238000
064246,南六統一9C購02  ,0,0,0,0,0,0,0,0,0,-238000,0,0,0,0,238000,-238000,-238000
064898,國產群益9C購01  ,0,0,0,0,0,0,0,0,0,-238000,0,0,0,20000,258000,-238000,-238000
2542,興富發          ,862000,765100,96900,0,0,0,0,0,0,-335000,0,335000,-335000,0,0,0,-238100
060956,超眾群益9A購01  ,0,0,0,0,0,0,0,0,0,-239000,0,0,0,0,239000,-239000,-239000
066819,樺漢兆豐01購01  ,0,0,0,0,0,0,0,0,0,-239000,0,0,0,0,239000,-239000,-239000
2451,創見            ,60000,209500,-149500,0,0,0,0,0,0,-90000,4000,61000,-57000,0,33000,-33000,-239500
08494P,世芯元大9C售02  ,0,0,0,0,0,0,0,0,0,-240000,0,0,0,564000,804000,-240000,-240000
03121P,聯電元大01售04  ,0,0,0,0,0,0,0,0,0,-240000,0,0,0,1717000,1957000,-240000,-240000
053390,彩晶元大9A購01  ,0,0,0,0,0,0,0,0,0,-240000,0,0,0,20000,260000,-240000,-240000
064854,祥碩麥證9C購01  ,0,0,0,6000,306000,-300000,0,0,0,-240000,0,0,0,66000,306000,-240000,-240000
067154,華擎統一03購03  ,0,0,0,0,0,0,0,0,0,-241000,0,0,0,38000,279000,-241000,-241000
067610,上緯控凱基02購01,0,0,0,0,0,0,0,0,0,-241000,0,0,0,0,241000,-241000,-241000
08464P,牧德永豐9C售02  ,0,0,0,0,0,0,0,0,0,-242000,0,0,0,22000,264000,-242000,-242000
068229,聯發科元富07購09,0,0,0,0,0,0,0,0,0,-242000,0,0,0,184000,426000,-242000,-242000
064092,世紀鋼凱基9C購03,0,0,0,0,0,0,0,0,0,-242000,0,0,0,0,242000,-242000,-242000
065518,聯鈞群益9C購02  ,0,0,0,0,0,0,0,0,0,-243000,0,0,0,24000,267000,-243000,-243000
066272,聯陽元大01購01  ,0,0,0,0,0,0,0,0,0,-243000,0,0,0,175000,418000,-243000,-243000
067863,國巨元大02購05  ,0,0,0,0,0,0,0,0,0,-244000,0,0,0,14000,258000,-244000,-244000
063872,嘉聯益永豐9C購01,0,0,0,0,0,0,0,0,0,-244000,0,0,0,12000,256000,-244000,-244000
064709,瑞祺永豐9C購01  ,0,0,0,0,0,0,0,0,0,-244000,0,0,0,205000,449000,-244000,-244000
064524,GIS群益02購01   ,0,0,0,0,0,0,0,0,0,-244000,0,0,0,184000,428000,-244000,-244000
058274,世紀鋼永豐99購01,0,0,0,0,0,0,0,0,0,-245000,0,0,0,20000,265000,-245000,-245000
062294,盛群永豐9B購01  ,0,0,0,0,0,0,0,0,0,-245000,0,0,0,25000,270000,-245000,-245000
3712,永崴投控        ,1282000,1526000,-244000,0,0,0,0,0,0,-1000,20000,21000,-1000,0,0,0,-245000
067741,中壽元大01購01  ,0,0,0,0,0,0,0,0,0,-247000,0,0,0,0,247000,-247000,-247000
07978P,茂林群益9B售02  ,0,0,0,0,0,0,0,0,0,-247000,0,0,0,0,247000,-247000,-247000
068146,台積電元大01購36,0,0,0,0,0,0,0,0,0,-248000,0,0,0,125000,373000,-248000,-248000
068468,聯電群益03購03  ,0,0,0,0,0,0,0,0,0,-249000,0,0,0,116000,365000,-249000,-249000
055652,聯詠元富01購01  ,0,0,0,0,0,0,0,0,0,-249000,0,0,0,84000,333000,-249000,-249000
062837,復盛群益9B購01  ,0,0,0,0,0,0,0,0,0,-249000,0,0,0,24000,273000,-249000,-249000
062672,兆豐金中信03購01,0,0,0,0,0,0,0,0,0,-249000,0,0,0,70000,319000,-249000,-249000
068139,亞德客元大01購05,0,0,0,0,0,0,0,0,0,-250000,0,0,0,0,250000,-250000,-250000
057223,富邦金日盛99購01,0,0,0,0,0,0,0,0,0,-250000,0,0,0,0,250000,-250000,-250000
059559,T50反1凱基99購07,0,0,0,0,0,0,0,0,0,-250000,0,0,0,0,250000,-250000,-250000
060412,儒鴻永豐9A購01  ,0,0,0,0,0,0,0,0,0,-250000,0,0,0,98000,348000,-250000,-250000
059024,大立光統一9B購04,0,0,0,0,0,0,0,0,0,-250000,0,0,0,52000,302000,-250000,-250000
066878,牧德富邦03購01  ,0,0,0,0,0,0,0,0,0,-250000,0,0,0,0,250000,-250000,-250000
912000,晨訊科-DR       ,0,250000,-250000,0,0,0,0,0,0,0,0,0,0,0,0,0,-250000
067302,聯發科元大01購20,0,0,0,0,0,0,0,0,0,-251000,0,0,0,225000,476000,-251000,-251000
063981,貿聯兆豐9C購01  ,0,0,0,0,0,0,0,0,0,-251000,0,0,0,0,251000,-251000,-251000
065793,旭富永豐9C購02  ,0,0,0,0,0,0,0,0,0,-251000,0,0,0,10000,261000,-251000,-251000
065806,貿聯群益9C購05  ,0,0,0,0,0,0,0,0,0,-251000,0,0,0,0,251000,-251000,-251000
064728,健策統一9C購04  ,0,0,0,0,0,0,0,0,0,-251000,0,0,0,91000,342000,-251000,-251000
064763,祥碩凱基02購01  ,0,0,0,0,0,0,0,0,0,-251000,0,0,0,174000,425000,-251000,-251000
062602,華通麥證9C購01  ,0,0,0,0,252000,-252000,0,0,0,-252000,0,0,0,0,252000,-252000,-252000
062832,嘉澤群益9B購02  ,0,0,0,0,0,0,0,0,0,-252000,0,0,0,15000,267000,-252000,-252000
062033,瀚宇博群益9B購01,0,0,0,0,0,0,0,0,0,-252000,0,0,0,3000,255000,-252000,-252000
063080,裕隆凱基9B購01  ,0,0,0,0,0,0,0,0,0,-252000,0,0,0,0,252000,-252000,-252000
065708,中磊群益9C購01  ,0,0,0,0,0,0,0,0,0,-252000,0,0,0,75000,327000,-252000,-252000
066769,嘉基永豐01購02  ,0,0,0,0,0,0,0,0,0,-252000,0,0,0,266000,518000,-252000,-252000
067335,國產凱基02購02  ,0,0,0,0,0,0,0,0,0,-253000,0,0,0,12000,265000,-253000,-253000
067511,拓凱統一01購01  ,0,0,0,0,0,0,0,0,0,-254000,0,0,0,160000,414000,-254000,-254000
065880,訊芯群益9C購01  ,0,0,0,0,0,0,0,0,0,-254000,0,0,0,88000,342000,-254000,-254000
060170,世紀鋼永豐9A購01,0,0,0,0,0,0,0,0,0,-255000,0,0,0,0,255000,-255000,-255000
061318,智邦凱基9B購01  ,0,0,0,0,0,0,0,0,0,-255000,0,0,0,12000,267000,-255000,-255000
063159,嘉澤國泰01購01  ,0,0,0,0,0,0,0,0,0,-255000,0,0,0,159000,414000,-255000,-255000
066079,道瓊反國泰03購01,0,0,0,0,0,0,0,0,0,-255000,0,0,0,0,255000,-255000,-255000
064940,智伸科元富9C購01,0,0,0,0,0,0,0,0,0,-255000,0,0,0,0,255000,-255000,-255000
067391,健策元富01購02  ,0,0,0,0,0,0,0,0,0,-256000,0,0,0,26000,282000,-256000,-256000
07712P,茂林元大9A售03  ,0,0,0,0,0,0,0,0,0,-256000,0,0,0,7000,263000,-256000,-256000
063874,志超永豐9C購01  ,0,0,0,0,0,0,0,0,0,-256000,0,0,0,15000,271000,-256000,-256000
066008,大立光統一03購02,0,0,0,0,0,0,0,0,0,-256000,0,0,0,0,256000,-256000,-256000
066410,潤泰新凱基01購01,0,0,0,0,0,0,0,0,0,-256000,0,0,0,10000,266000,-256000,-256000
060100,新光金元大9C購01,0,0,0,0,0,0,0,0,0,-257000,0,0,0,198000,455000,-257000,-257000
063133,喬山統一01購01  ,0,0,0,0,0,0,0,0,0,-257000,0,0,0,70000,327000,-257000,-257000
066438,南紡群益01購01  ,0,0,0,0,0,0,0,0,0,-257000,0,0,0,0,257000,-257000,-257000
063440,上銀統一01購02  ,0,0,0,0,0,0,0,0,0,-258000,0,0,0,5000,263000,-258000,-258000
065481,臻鼎元大9C購04  ,0,0,0,0,0,0,0,0,0,-258000,0,0,0,679000,937000,-258000,-258000
057675,同欣電元大98購02,0,0,0,0,0,0,0,0,0,-259000,0,0,0,35000,294000,-259000,-259000
063270,喬山兆豐9C購01  ,0,0,0,0,0,0,0,0,0,-259000,0,0,0,0,259000,-259000,-259000
061582,麗豐元大9A購01  ,0,0,0,0,0,0,0,0,0,-259000,0,0,0,2000,261000,-259000,-259000
065721,中壽兆豐9C購01  ,0,0,0,0,0,0,0,0,0,-259000,0,0,0,10000,269000,-259000,-259000
066746,聯茂元大01購01  ,0,0,0,0,0,0,0,0,0,-259000,0,0,0,107000,366000,-259000,-259000
9933,中鼎            ,228000,318000,-90000,0,0,0,0,0,0,-169000,0,110000,-110000,0,59000,-59000,-259000
07612P,國巨國泰9B售06  ,0,0,0,0,0,0,0,0,0,-260000,0,0,0,0,260000,-260000,-260000
08600P,臺股指元大9C售32,0,0,0,0,0,0,0,0,0,-260000,0,0,0,30000,290000,-260000,-260000
059647,超眾凱基99購04  ,0,0,0,0,0,0,0,0,0,-260000,0,0,0,0,260000,-260000,-260000
064163,康控統一01購01  ,0,0,0,0,0,0,0,0,0,-260000,0,0,0,0,260000,-260000,-260000
067262,嘉基國票02購01  ,0,0,0,0,0,0,0,0,0,-261000,0,0,0,20000,281000,-261000,-261000
064306,和潤兆豐01購01  ,0,0,0,0,0,0,0,0,0,-261000,0,0,0,0,261000,-261000,-261000
064736,超眾元富9C購04  ,0,0,0,0,0,0,0,0,0,-261000,0,0,0,161000,422000,-261000,-261000
064180,國巨富邦02購03  ,0,0,0,0,0,0,0,0,0,-262000,0,0,0,79000,341000,-262000,-262000
063781,健策永豐9B購08  ,0,0,0,0,0,0,0,0,0,-262000,0,0,0,7000,269000,-262000,-262000
062426,大立光統一02購02,0,0,0,0,0,0,0,0,0,-262000,0,0,0,162000,424000,-262000,-262000
065538,健鼎統一9C購01  ,0,0,0,0,0,0,0,0,0,-262000,0,0,0,103000,365000,-262000,-262000
07861P,台灣50中信03售08,0,0,0,0,0,0,0,0,0,-263000,0,0,0,102000,365000,-263000,-263000
059932,世紀鋼富邦9A購02,0,0,0,0,0,0,0,0,0,-264000,0,0,0,25000,289000,-264000,-264000
00631L,元大台灣50正2   ,88000,238000,-150000,0,0,0,160000,0,160000,-274000,761000,0,761000,1307000,2342000,-1035000,-264000
057733,嘉聯益國泰99購01,0,0,0,0,0,0,0,0,0,-264000,0,0,0,0,264000,-264000,-264000
062062,貿聯統一01購01  ,0,0,0,0,0,0,0,0,0,-264000,0,0,0,0,264000,-264000,-264000
063205,貿聯統一9C購01  ,0,0,0,0,0,0,0,0,0,-264000,0,0,0,15000,279000,-264000,-264000
061455,京元電凱基9B購01,0,0,0,0,0,0,0,0,0,-264000,0,0,0,22000,286000,-264000,-264000
064750,緯穎麥證9C購01  ,0,0,0,0,264000,-264000,0,0,0,-264000,0,0,0,0,264000,-264000,-264000
067380,華擎統一02購02  ,0,0,0,0,0,0,0,0,0,-265000,0,0,0,65000,330000,-265000,-265000
059181,世紀鋼元富9C購01,0,0,0,0,0,0,0,0,0,-265000,0,0,0,203000,468000,-265000,-265000
063451,漢翔統一9C購01  ,0,0,0,0,0,0,0,0,0,-265000,0,0,0,0,265000,-265000,-265000
065449,中租統一9C購01  ,0,0,0,0,0,0,0,0,0,-265000,0,0,0,0,265000,-265000,-265000
063434,和潤元富9B購01  ,0,0,0,0,0,0,0,0,0,-266000,0,0,0,40000,306000,-266000,-266000
061173,T50反1凱基04購01,0,0,0,0,0,0,0,0,0,-266000,0,0,0,36000,302000,-266000,-266000
067726,帆宣凱基01購01  ,0,0,0,0,0,0,0,0,0,-267000,0,0,0,7000,274000,-267000,-267000
063376,神達永豐9B購01  ,0,0,0,0,0,0,0,0,0,-267000,0,0,0,0,267000,-267000,-267000
066502,國巨富邦05購02  ,0,0,0,0,0,0,0,0,0,-267000,0,0,0,38000,305000,-267000,-267000
066153,南帝康和01購01  ,0,0,0,0,0,0,0,0,0,-267000,0,0,0,20000,287000,-267000,-267000
062229,南六統一9B購01  ,0,0,0,0,0,0,0,0,0,-268000,0,0,0,0,268000,-268000,-268000
066893,技嘉兆豐01購02  ,0,0,0,0,0,0,0,0,0,-268000,0,0,0,127000,395000,-268000,-268000
064256,玉晶光國泰02購02,0,0,0,0,0,0,0,0,0,-269000,0,0,0,139000,408000,-269000,-269000
064444,聚陽統一01購02  ,0,0,0,0,0,0,0,0,0,-269000,0,0,0,40000,309000,-269000,-269000
062886,中興電群益9B購01,0,0,0,0,0,0,0,0,0,-270000,0,0,0,145000,415000,-270000,-270000
064832,長榮航統一01購01,0,0,0,0,0,0,0,0,0,-270000,0,0,0,5000,275000,-270000,-270000
065252,玉晶光永豐9C購08,0,0,0,0,0,0,0,0,0,-270000,0,0,0,35000,305000,-270000,-270000
8464,億豐            ,339000,563201,-224201,0,0,0,0,10000,-10000,-36000,0,42000,-42000,6000,0,6000,-270201
065348,中壽統一9C購02  ,0,0,0,0,0,0,0,0,0,-271000,0,0,0,51000,322000,-271000,-271000
067945,台積電國泰03購03,0,0,0,0,0,0,0,0,0,-272000,0,0,0,1352000,1624000,-272000,-272000
061399,喬山兆豐9B購01  ,0,0,0,0,0,0,0,0,0,-272000,0,0,0,0,272000,-272000,-272000
058528,世紀鋼元大99購02,0,0,0,0,0,0,0,0,0,-273000,0,0,0,3000,276000,-273000,-273000
066348,松翰永豐01購01  ,0,0,0,0,0,0,0,0,0,-273000,0,0,0,60000,333000,-273000,-273000
066041,台光電元大01購02,0,0,0,0,0,0,0,0,0,-273000,0,0,0,19000,292000,-273000,-273000
067269,眾達永豐01購02  ,0,0,0,0,0,0,0,0,0,-274000,0,0,0,0,274000,-274000,-274000
060990,新光金元大9B購03,0,0,0,0,0,0,0,0,0,-274000,0,0,0,200000,474000,-274000,-274000
064461,致伸統一01購01  ,0,0,0,0,0,0,0,0,0,-275000,0,0,0,19000,294000,-275000,-275000
067497,康控元大01購04  ,0,0,0,0,0,0,0,0,0,-276000,0,0,0,24000,300000,-276000,-276000
056915,上銀兆豐99購01  ,0,0,0,0,0,0,0,0,0,-276000,0,0,0,0,276000,-276000,-276000
3545,敦泰            ,697000,944000,-247000,0,0,0,0,0,0,-29000,0,0,0,3000,32000,-29000,-276000
064139,裕隆統一01購02  ,0,0,0,0,0,0,0,0,0,-277000,0,0,0,169000,446000,-277000,-277000
066015,健策元富01購01  ,0,0,0,0,0,0,0,0,0,-277000,0,0,0,124000,401000,-277000,-277000
068086,世紀鋼凱基03購02,0,0,0,0,0,0,0,0,0,-278000,0,0,0,0,278000,-278000,-278000
07294P,滬深2X元富9C售08,0,0,0,0,0,0,0,0,0,-278000,0,0,0,21000,299000,-278000,-278000
067053,申豐凱基02購01  ,0,0,0,0,0,0,0,0,0,-279000,0,0,0,113000,392000,-279000,-279000
2812,台中銀          ,1083000,703189,379811,0,0,0,0,2000,-2000,-657000,0,657000,-657000,0,0,0,-279189
066974,SP黃豆群益03購01,0,0,0,0,0,0,0,0,0,-280000,0,0,0,0,280000,-280000,-280000
057837,康控國泰99購02  ,0,0,0,0,0,0,0,0,0,-280000,0,0,0,0,280000,-280000,-280000
060258,T50反1凱基9A購06,0,0,0,0,0,0,0,0,0,-280000,0,0,0,70000,350000,-280000,-280000
060209,喬山康和9A購01  ,0,0,0,0,0,0,0,0,0,-280000,0,0,0,7000,287000,-280000,-280000
066872,亞光國泰03購01  ,0,0,0,0,0,0,0,0,0,-280000,0,0,0,95000,375000,-280000,-280000
059947,貿聯永豐99購03  ,0,0,0,0,0,0,0,0,0,-281000,0,0,0,0,281000,-281000,-281000
064070,祥碩永豐9C購01  ,0,0,0,0,0,0,0,0,0,-281000,0,0,0,11000,292000,-281000,-281000
061121,智邦永豐9A購02  ,0,0,0,0,0,0,0,0,0,-281000,0,0,0,27000,308000,-281000,-281000
062705,美食元大9B購01  ,0,0,0,0,0,0,0,0,0,-281000,0,0,0,0,281000,-281000,-281000
065820,瑞祺元富03購01  ,0,0,0,0,0,0,0,0,0,-281000,0,0,0,109000,390000,-281000,-281000
065258,華邦電元大01購01,0,0,0,0,0,0,0,0,0,-281000,0,0,0,70000,351000,-281000,-281000
063976,正崴兆豐9C購01  ,0,0,0,0,0,0,0,0,0,-282000,0,0,0,6000,288000,-282000,-282000
065352,GIS統一01購04   ,0,0,0,0,0,0,0,0,0,-283000,0,0,0,67000,350000,-283000,-283000
066337,聯陽永豐01購02  ,0,0,0,0,0,0,0,0,0,-284000,0,0,0,25000,309000,-284000,-284000
058646,聯茂富邦9A購01  ,0,0,0,0,0,0,0,0,0,-285000,0,0,0,30000,315000,-285000,-285000
064304,信邦兆豐01購01  ,0,0,0,0,0,0,0,0,0,-285000,0,0,0,39000,324000,-285000,-285000
066855,樺漢元大01購03  ,0,0,0,0,0,0,0,0,0,-285000,0,0,0,50000,335000,-285000,-285000
065038,上銀凱基9C購02  ,0,0,0,0,0,0,0,0,0,-285000,0,0,0,15000,300000,-285000,-285000
056892,旺宏元大9A購02  ,0,0,0,0,0,0,0,0,0,-286000,0,0,0,0,286000,-286000,-286000
064787,和潤群益9C購01  ,0,0,0,0,0,0,0,0,0,-286000,0,0,0,0,286000,-286000,-286000
6669,緯穎            ,207700,468028,-260328,0,0,0,0,8000,-8000,-18000,2000,18000,-16000,6000,8000,-2000,-286328
067681,嘉澤元大01購05  ,0,0,0,0,0,0,0,0,0,-287000,0,0,0,50000,337000,-287000,-287000
064055,台郡統一02購01  ,0,0,0,0,0,0,0,0,0,-287000,0,0,0,5000,292000,-287000,-287000
068213,台塑化凱基01購01,0,0,0,0,0,0,0,0,0,-288000,0,0,0,0,288000,-288000,-288000
063883,超眾元富9C購02  ,0,0,0,0,0,0,0,0,0,-288000,0,0,0,106000,394000,-288000,-288000
1319,東陽            ,207910,392000,-184090,0,0,0,0,0,0,-104000,2000,106000,-104000,0,0,0,-288090
2352,佳世達          ,810000,851520,-41520,0,0,0,0,1000,-1000,-247000,9000,256000,-247000,0,0,0,-289520
067431,新光金凱基01購01,0,0,0,0,0,0,0,0,0,-290000,0,0,0,12000,302000,-290000,-290000
068240,道瓊銀元大01購05,0,0,0,0,0,0,0,0,0,-290000,0,0,0,48000,338000,-290000,-290000
08521P,台達電元大9C售03,0,0,0,0,0,0,0,0,0,-290000,0,0,0,0,290000,-290000,-290000
066968,技嘉元富07購01  ,0,0,0,0,0,0,0,0,0,-290000,0,0,0,0,290000,-290000,-290000
066356,嘉基永豐01購01  ,0,0,0,0,0,0,0,0,0,-290000,0,0,0,104000,394000,-290000,-290000
065982,T50反1國泰02購01,0,0,0,0,0,0,0,0,0,-290000,0,0,0,0,290000,-290000,-290000
060234,凱美元大9C購01  ,0,0,0,0,0,0,0,0,0,-291000,0,0,0,13000,304000,-291000,-291000
063271,中磊兆豐9C購01  ,0,0,0,0,0,0,0,0,0,-291000,0,0,0,0,291000,-291000,-291000
063212,聯發科國票9C購02,0,0,0,0,0,0,0,0,0,-292000,0,0,0,10000,302000,-292000,-292000
064303,新光金兆豐01購01,0,0,0,0,0,0,0,0,0,-292000,0,0,0,300000,592000,-292000,-292000
066898,聯發科康和01購01,0,0,0,0,0,0,0,0,0,-292000,0,0,0,498000,790000,-292000,-292000
067734,亞德客元大01購03,0,0,0,0,0,0,0,0,0,-293000,0,0,0,300000,593000,-293000,-293000
3450,聯鈞            ,516000,426000,90000,0,0,0,0,357000,-357000,-26000,18000,20000,-2000,20000,44000,-24000,-293000
063807,超眾兆豐01購01  ,0,0,0,0,0,0,0,0,0,-294000,0,0,0,78000,372000,-294000,-294000
066345,正文永豐01購01  ,0,0,0,0,0,0,0,0,0,-294000,0,0,0,21000,315000,-294000,-294000
064958,GIS凱基02購03   ,0,0,0,0,0,0,0,0,0,-294000,0,0,0,21000,315000,-294000,-294000
065534,台光電統一9C購02,0,0,0,0,0,0,0,0,0,-294000,0,0,0,73000,367000,-294000,-294000
067845,美食元富04購01  ,0,0,0,0,0,0,0,0,0,-295000,0,0,0,0,295000,-295000,-295000
067222,申豐元大01購01  ,0,0,0,0,0,0,0,0,0,-295000,0,0,0,162000,457000,-295000,-295000
067223,嘉基元大01購02  ,0,0,0,0,0,0,0,0,0,-295000,0,0,0,110000,405000,-295000,-295000
063716,旺宏兆豐9B購01  ,0,0,0,0,0,0,0,0,0,-295000,0,0,0,5000,300000,-295000,-295000
065620,金融類元大9C購03,0,0,0,0,0,0,0,0,0,-295000,0,0,0,3000,298000,-295000,-295000
03449B,臺股指元大01熊01,0,0,0,0,0,0,0,0,0,-296000,0,0,0,64000,360000,-296000,-296000
060721,瑞儀永豐9A購01  ,0,0,0,0,0,0,0,0,0,-296000,0,0,0,45000,341000,-296000,-296000
061659,信邦永豐9A購01  ,0,0,0,0,0,0,0,0,0,-296000,0,0,0,47000,343000,-296000,-296000
064982,新唐元大9C購01  ,0,0,0,0,0,0,0,0,0,-296000,0,0,0,238000,534000,-296000,-296000
2501,國建            ,219000,271000,-52000,0,0,0,0,0,0,-244000,0,244000,-244000,0,0,0,-296000
1325,恆大            ,14000,311000,-297000,0,0,0,0,0,0,1000,0,0,0,1000,0,1000,-296000
064252,嘉澤元富9C購01  ,0,0,0,0,0,0,0,0,0,-297000,0,0,0,55000,352000,-297000,-297000
6591,動力-KY         ,324000,621000,-297000,0,0,0,0,0,0,0,0,0,0,0,0,0,-297000
9921,巨大            ,402900,679165,-276265,0,0,0,45000,0,45000,-66000,71000,115000,-44000,6000,28000,-22000,-297265
067907,緯創國泰03購01  ,0,0,0,0,0,0,0,0,0,-298000,0,0,0,37000,335000,-298000,-298000
03043P,健策國票03售01  ,0,0,0,0,0,0,0,0,0,-298000,0,0,0,11000,309000,-298000,-298000
066124,台化群益01購01  ,0,0,0,0,0,0,0,0,0,-298000,0,0,0,0,298000,-298000,-298000
061490,茂林兆豐9B購01  ,0,0,0,0,0,0,0,0,0,-299000,0,0,0,10000,309000,-299000,-299000
066765,揚明光永豐01購01,0,0,0,0,0,0,0,0,0,-299000,0,0,0,83000,382000,-299000,-299000
064342,晶技元大9C購01  ,0,0,0,0,0,0,0,0,0,-299000,0,0,0,13000,312000,-299000,-299000
068157,晶技元大01購04  ,0,0,0,0,0,0,0,0,0,-300000,0,0,0,0,300000,-300000,-300000
068079,瑞儀凱基01購01  ,0,0,0,0,0,0,0,0,0,-300000,0,0,0,196000,496000,-300000,-300000
07473P,祥碩元大9A售01  ,0,0,0,0,0,0,0,0,0,-300000,0,0,0,0,300000,-300000,-300000
07647P,健策國票9A售04  ,0,0,0,0,0,0,0,0,0,-300000,0,0,0,0,300000,-300000,-300000
059426,鴻海元大99購31  ,0,0,0,0,0,0,0,0,0,-300000,0,0,0,0,300000,-300000,-300000
059564,鴻海凱基9A購15  ,0,0,0,0,0,0,0,0,0,-300000,0,0,0,0,300000,-300000,-300000
059832,超眾康和99購01  ,0,0,0,0,0,0,0,0,0,-300000,0,0,0,34000,334000,-300000,-300000
063918,復盛凱基9C購01  ,0,0,0,0,0,0,0,0,0,-300000,0,0,0,191000,491000,-300000,-300000
065014,南電國泰01購01  ,0,0,0,0,0,0,0,0,0,-300000,0,0,0,2000,302000,-300000,-300000
066127,劍麟群益03購01  ,0,0,0,0,0,0,0,0,0,-300000,0,0,0,0,300000,-300000,-300000
08095P,大立光元富9B售03,0,0,0,0,0,0,0,0,0,-301000,0,0,0,138000,439000,-301000,-301000
067135,聯詠永豐01購02  ,0,0,0,0,0,0,0,0,0,-301000,0,0,0,0,301000,-301000,-301000
067493,健策元大01購12  ,0,0,0,0,0,0,0,0,0,-301000,0,0,0,484000,785000,-301000,-301000
065994,南六永豐01購01  ,0,0,0,0,0,0,0,0,0,-301000,0,0,0,73000,374000,-301000,-301000
064672,同欣電元大01購01,0,0,0,0,0,0,0,0,0,-301000,0,0,0,44000,345000,-301000,-301000
067009,樺漢永豐01購01  ,0,0,0,0,0,0,0,0,0,-302000,0,0,0,68000,370000,-302000,-302000
08131P,立積元大9B售02  ,0,0,0,0,0,0,0,0,0,-303000,0,0,0,0,303000,-303000,-303000
057740,茂林富邦9A購01  ,0,0,0,0,0,0,0,0,0,-303000,0,0,0,4000,307000,-303000,-303000
065295,旭富群益9C購02  ,0,0,0,0,0,0,0,0,0,-303000,0,0,0,5000,308000,-303000,-303000
068056,台表科統一03購01,0,0,0,0,0,0,0,0,0,-304000,0,0,0,10000,314000,-304000,-304000
064527,裕隆中信01購01  ,0,0,0,0,0,0,0,0,0,-304000,0,0,0,0,304000,-304000,-304000
066747,台郡元大01購03  ,0,0,0,0,0,0,0,0,0,-304000,0,0,0,32000,336000,-304000,-304000
068366,泰碩國泰03購02  ,0,0,0,0,0,0,0,0,0,-305000,0,0,0,0,305000,-305000,-305000
048270,T50反1富邦99購01,0,0,0,0,0,0,0,0,0,-305000,0,0,0,0,305000,-305000,-305000
065876,牧德群益02購01  ,0,0,0,0,0,0,0,0,0,-305000,0,0,0,212000,517000,-305000,-305000
061306,瑞祺永豐9A購02  ,0,0,0,0,0,0,0,0,0,-306000,0,0,0,35000,341000,-306000,-306000
066766,嘉澤永豐01購01  ,0,0,0,0,0,0,0,0,0,-306000,0,0,0,0,306000,-306000,-306000
6706,惠特            ,78000,168000,-90000,0,0,0,0,162000,-162000,-54000,3000,0,3000,0,57000,-57000,-306000
063837,亞德客元大01購01,0,0,0,0,0,0,0,0,0,-307000,0,0,0,22000,329000,-307000,-307000
065026,世紀鋼永豐9C購02,0,0,0,0,0,0,0,0,0,-307000,0,0,0,1000,308000,-307000,-307000
067490,嘉澤元大01購04  ,0,0,0,0,0,0,0,0,0,-309000,0,0,0,66000,375000,-309000,-309000
063383,億豐永豐9B購02  ,0,0,0,0,0,0,0,0,0,-309000,0,0,0,39000,348000,-309000,-309000
064995,世紀鋼兆豐9C購01,0,0,0,0,0,0,0,0,0,-309000,0,0,0,29000,338000,-309000,-309000
068042,GIS元富07購01   ,0,0,0,0,0,0,0,0,0,-310000,0,0,0,67000,377000,-310000,-310000
08315P,台積電元大9C售08,0,0,0,0,0,0,0,0,0,-310000,0,0,0,45000,355000,-310000,-310000
057626,技嘉富邦9A購01  ,0,0,0,0,0,0,0,0,0,-310000,0,0,0,44000,354000,-310000,-310000
062932,滬深2X凱基01購01,0,0,0,0,0,0,0,0,0,-310000,0,0,0,88000,398000,-310000,-310000
064820,裕隆統一9C購01  ,0,0,0,0,0,0,0,0,0,-310000,0,0,0,110000,420000,-310000,-310000
066379,台達電康和01購01,0,0,0,0,0,0,0,0,0,-310000,0,0,0,88000,398000,-310000,-310000
067650,技嘉元富07購03  ,0,0,0,0,0,0,0,0,0,-311000,0,0,0,18000,329000,-311000,-311000
059880,世紀鋼凱基99購02,0,0,0,0,0,0,0,0,0,-311000,0,0,0,0,311000,-311000,-311000
062970,智邦元富9B購01  ,0,0,0,0,0,0,0,0,0,-311000,0,0,0,0,311000,-311000,-311000
061857,康友國票9B購01  ,0,0,0,0,0,0,0,0,0,-311000,0,0,0,38000,349000,-311000,-311000
066781,滬深2X中信04購01,0,0,0,0,0,0,0,0,0,-311000,0,0,0,29000,340000,-311000,-311000
063774,GIS富邦9B購02   ,0,0,0,0,0,0,0,0,0,-313000,0,0,0,4000,317000,-313000,-313000
064936,世紀鋼統一9C購02,0,0,0,0,0,0,0,0,0,-313000,0,0,0,14000,327000,-313000,-313000
066761,聯陽永豐01購03  ,0,0,0,0,0,0,0,0,0,-314000,0,0,0,23000,337000,-314000,-314000
066354,緯穎永豐01購01  ,0,0,0,0,0,0,0,0,0,-314000,0,0,0,5000,319000,-314000,-314000
063509,超眾群益9B購03  ,0,0,0,0,0,0,0,0,0,-315000,0,0,0,0,315000,-315000,-315000
063466,美食元大9B購02  ,0,0,0,0,0,0,0,0,0,-315000,0,0,0,0,315000,-315000,-315000
066629,國揚凱基01購01  ,0,0,0,0,0,0,0,0,0,-315000,0,0,0,59000,374000,-315000,-315000
08150P,立積國票9C售01  ,0,0,0,0,0,0,0,0,0,-316000,0,0,0,140000,456000,-316000,-316000
062011,上銀富邦9C購01  ,0,0,0,0,0,0,0,0,0,-316000,0,0,0,0,316000,-316000,-316000
061261,台積電凱基9B購03,0,0,0,0,0,0,0,0,0,-316000,0,0,0,381000,697000,-316000,-316000
064118,喬山元大01購01  ,0,0,0,0,0,0,0,0,0,-316000,0,0,0,63000,379000,-316000,-316000
065214,友達國泰01購01  ,0,0,0,0,0,0,0,0,0,-316000,0,0,0,94000,410000,-316000,-316000
068478,瑞儀群益01購02  ,0,0,0,0,0,0,0,0,0,-318000,0,0,0,11000,329000,-318000,-318000
063581,同欣電國泰9C購01,0,0,0,0,0,0,0,0,0,-318000,0,0,0,43000,361000,-318000,-318000
058584,百和群益9A購01  ,0,0,0,0,0,0,0,0,0,-318000,0,0,0,0,318000,-318000,-318000
056096,超眾元富9A購01  ,0,0,0,0,0,0,0,0,0,-318000,0,0,0,62000,380000,-318000,-318000
066121,道瓊反群益04購01,0,0,0,0,0,0,0,0,0,-318000,0,0,0,0,318000,-318000,-318000
059101,康控統一9A購01  ,0,0,0,0,0,0,0,0,0,-319000,0,0,0,3000,322000,-319000,-319000
057812,友達元大9A購05  ,0,0,0,0,0,0,0,0,0,-320000,0,0,0,0,320000,-320000,-320000
064370,聯茂統一02購01  ,0,0,0,0,0,0,0,0,0,-320000,0,0,0,100000,420000,-320000,-320000
063654,上銀元富9B購05  ,0,0,0,0,0,0,0,0,0,-321000,0,0,0,38000,359000,-321000,-321000
063992,大立光中信9C購03,0,0,0,0,0,0,0,0,0,-321000,0,0,0,0,321000,-321000,-321000
065133,SP黃豆凱基02購01,0,0,0,0,0,0,0,0,0,-321000,0,0,0,0,321000,-321000,-321000
067257,帆宣國票02購01  ,0,0,0,0,0,0,0,0,0,-323000,0,0,0,90000,413000,-323000,-323000
065886,中磊元富9C購01  ,0,0,0,0,0,0,0,0,0,-323000,0,0,0,31000,354000,-323000,-323000
062976,嘉澤元富9B購01  ,0,0,0,0,0,0,0,0,0,-324000,0,0,0,170000,494000,-324000,-324000
07130P,台郡元大9B售01  ,0,0,0,0,0,0,0,0,0,-325000,0,0,0,0,325000,-325000,-325000
065978,臻鼎元大02購01  ,0,0,0,0,0,0,0,0,0,-325000,0,0,0,754000,1079000,-325000,-325000
066280,眾達元大01購01  ,0,0,0,0,0,0,0,0,0,-325000,0,0,0,46000,371000,-325000,-325000
066451,台郡群益01購01  ,0,0,0,0,0,0,0,0,0,-325000,0,0,0,146000,471000,-325000,-325000
066790,健策麥證01購01  ,0,0,0,0,339000,-339000,0,0,0,-325000,0,0,0,14000,339000,-325000,-325000
062870,亞德客兆豐9C購01,0,0,0,0,0,0,0,0,0,-326000,0,0,0,10000,336000,-326000,-326000
08098P,大立光凱基9B售09,0,0,0,0,0,0,0,0,0,-327000,0,0,0,0,327000,-327000,-327000
064478,聚陽富邦01購01  ,0,0,0,0,0,0,0,0,0,-327000,0,0,0,0,327000,-327000,-327000
061609,華新科統一9C購01,0,0,0,0,0,0,0,0,0,-328000,0,0,0,0,328000,-328000,-328000
08576P,嘉澤凱基9C售03  ,0,0,0,0,0,0,0,0,0,-329000,0,0,0,41000,370000,-329000,-329000
067665,台達電元大01購04,0,0,0,0,0,0,0,0,0,-329000,0,0,0,44000,373000,-329000,-329000
1731,美吾華          ,569000,833000,-264000,0,0,0,0,0,0,-65000,0,65000,-65000,0,0,0,-329000
067986,亞德客元大01購04,0,0,0,0,0,0,0,0,0,-330000,0,0,0,30000,360000,-330000,-330000
067407,南六永豐01購03  ,0,0,0,0,0,0,0,0,0,-331000,0,0,0,13000,344000,-331000,-331000
057866,玉山金凱基98購01,0,0,0,0,0,0,0,0,0,-331000,0,0,0,0,331000,-331000,-331000
061080,華邦電兆豐9B購01,0,0,0,0,0,0,0,0,0,-331000,0,0,0,89000,420000,-331000,-331000
064153,中壽統一9C購01  ,0,0,0,0,0,0,0,0,0,-331000,0,0,0,43000,374000,-331000,-331000
063355,超眾元富9B購01  ,0,0,0,0,0,0,0,0,0,-331000,0,0,0,128000,459000,-331000,-331000
066060,超眾元大01購03  ,0,0,0,0,0,0,0,0,0,-331000,0,0,0,278000,609000,-331000,-331000
08564P,國巨群益9C售15  ,0,0,0,0,0,0,0,0,0,-332000,0,0,0,0,332000,-332000,-332000
2903,遠百            ,93000,240000,-147000,0,0,0,0,0,0,-186000,0,186000,-186000,0,0,0,-333000
067209,瑞昱元大01購04  ,0,0,0,0,0,0,0,0,0,-334000,0,0,0,130000,464000,-334000,-334000
067773,台郡統一02購04  ,0,0,0,0,0,0,0,0,0,-334000,0,0,0,0,334000,-334000,-334000
066378,超眾兆豐03購01  ,0,0,0,0,0,0,0,0,0,-334000,0,0,0,200000,534000,-334000,-334000
067355,大立光群益01購07,0,0,0,0,0,0,0,0,0,-335000,0,0,0,136000,471000,-335000,-335000
07670P,茂林元大9A售02  ,0,0,0,0,0,0,0,0,0,-337000,0,0,0,1000,338000,-337000,-337000
057016,中石化凱基9B購01,0,0,0,0,0,0,0,0,0,-338000,0,0,0,0,338000,-338000,-338000
065458,立積元富03購02  ,0,0,0,0,0,0,0,0,0,-338000,0,0,0,219000,557000,-338000,-338000
060489,世紀鋼群益9A購01,0,0,0,0,0,0,0,0,0,-339000,0,0,0,18000,357000,-339000,-339000
066956,華擎元大01購04  ,0,0,0,0,0,0,0,0,0,-339000,0,0,0,25000,364000,-339000,-339000
068411,世紀鋼元富07購01,0,0,0,0,0,0,0,0,0,-340000,0,0,0,0,340000,-340000,-340000
066997,樺漢國泰03購01  ,0,0,0,0,0,0,0,0,0,-341000,0,0,0,81000,422000,-341000,-341000
066954,聯詠元大01購04  ,0,0,0,0,0,0,0,0,0,-341000,0,0,0,159000,500000,-341000,-341000
066288,晶碩元大01購01  ,0,0,0,0,0,0,0,0,0,-342000,0,0,0,79000,421000,-342000,-342000
2456,奇力新          ,735000,939000,-204000,0,0,0,0,0,0,-138000,27000,145000,-118000,7000,27000,-20000,-342000
068073,京城銀凱基01購01,0,0,0,0,0,0,0,0,0,-343000,0,0,0,246000,589000,-343000,-343000
061793,上銀永豐9B購01  ,0,0,0,0,0,0,0,0,0,-343000,0,0,0,0,343000,-343000,-343000
067675,中工元大03購01  ,0,0,0,0,0,0,0,0,0,-344000,0,0,0,132000,476000,-344000,-344000
067698,潤泰全國票02購01,0,0,0,0,0,0,0,0,0,-344000,0,0,0,0,344000,-344000,-344000
058337,日月光元富99購01,0,0,0,0,0,0,0,0,0,-344000,0,0,0,281000,625000,-344000,-344000
08723P,臺股指元大01售04,0,0,0,0,0,0,0,0,0,-344000,0,0,0,28000,372000,-344000,-344000
067034,台郡康和01購01  ,0,0,0,0,0,0,0,0,0,-345000,0,0,0,0,345000,-345000,-345000
057447,智邦元富02購01  ,0,0,0,0,0,0,0,0,0,-345000,0,0,0,33000,378000,-345000,-345000
065532,台光電統一02購02,0,0,0,0,0,0,0,0,0,-345000,0,0,0,48000,393000,-345000,-345000
064379,TPK元富9C購01   ,0,0,0,0,0,0,0,0,0,-345000,0,0,0,9000,354000,-345000,-345000
067942,瑞儀凱基02購01  ,0,0,0,0,0,0,0,0,0,-346000,0,0,0,100000,446000,-346000,-346000
064650,台表科凱基03購01,0,0,0,0,0,0,0,0,0,-346000,0,0,0,4000,350000,-346000,-346000
066587,台船群益01購01  ,0,0,0,0,0,0,0,0,0,-346000,0,0,0,0,346000,-346000,-346000
061110,超眾元大9A購03  ,0,0,0,0,0,0,0,0,0,-347000,0,0,0,193000,540000,-347000,-347000
066563,日月光元大01購01,0,0,0,0,0,0,0,0,0,-347000,0,0,0,687000,1034000,-347000,-347000
066329,達欣工永豐01購01,0,0,0,0,0,0,0,0,0,-347000,0,0,0,52000,399000,-347000,-347000
067928,華城凱基01購01  ,0,0,0,0,0,0,0,0,0,-348000,0,0,0,318000,666000,-348000,-348000
067144,上銀統一02購01  ,0,0,0,0,0,0,0,0,0,-348000,0,0,0,0,348000,-348000,-348000
065126,世芯永豐9C購02  ,0,0,0,0,0,0,0,0,0,-349000,0,0,0,57000,406000,-349000,-349000
8112,至上            ,509000,822000,-313000,0,0,0,0,0,0,-36000,14000,50000,-36000,0,0,0,-349000
067044,華碩凱基02購01  ,0,0,0,0,0,0,0,0,0,-350000,0,0,0,0,350000,-350000,-350000
061913,宏碁中信9B購01  ,0,0,0,0,0,0,0,0,0,-350000,0,0,0,75000,425000,-350000,-350000
065855,瀚宇博元大9C購03,0,0,0,0,0,0,0,0,0,-350000,0,0,0,5000,355000,-350000,-350000
2820,華票            ,116000,294000,-178000,0,0,0,0,0,0,-172000,33000,205000,-172000,0,0,0,-350000
067086,中磊元大01購01  ,0,0,0,0,0,0,0,0,0,-352000,0,0,0,40000,392000,-352000,-352000
066346,眾達永豐01購01  ,0,0,0,0,0,0,0,0,0,-352000,0,0,0,23000,375000,-352000,-352000
066283,鎧勝元大01購02  ,0,0,0,0,0,0,0,0,0,-352000,0,0,0,74000,426000,-352000,-352000
067476,台光電元大01購04,0,0,0,0,0,0,0,0,0,-353000,0,0,0,0,353000,-353000,-353000
067625,欣興富邦03購01  ,0,0,0,0,0,0,0,0,0,-354000,0,0,0,889000,1243000,-354000,-354000
056909,嘉聯益元大99購03,0,0,0,0,0,0,0,0,0,-354000,0,0,0,30000,384000,-354000,-354000
08774P,華擎凱基01售02  ,0,0,0,0,0,0,0,0,0,-354000,0,0,0,66000,420000,-354000,-354000
067598,台積電凱基01購13,0,0,0,0,0,0,0,0,0,-355000,0,0,0,156000,511000,-355000,-355000
066976,台達電群益01購01,0,0,0,0,0,0,0,0,0,-355000,0,0,0,11000,366000,-355000,-355000
065539,瑞儀統一01購01  ,0,0,0,0,0,0,0,0,0,-355000,0,0,0,214000,569000,-355000,-355000
068038,康控元富03購01  ,0,0,0,0,0,0,0,0,0,-356000,0,0,0,0,356000,-356000,-356000
08453P,玉晶光台新9C售02,0,0,0,0,0,0,0,0,0,-356000,0,0,0,440000,796000,-356000,-356000
064460,健策統一9C購03  ,0,0,0,0,0,0,0,0,0,-356000,0,0,0,183000,539000,-356000,-356000
066285,松翰元大01購02  ,0,0,0,0,0,0,0,0,0,-357000,0,0,0,284000,641000,-357000,-357000
067360,日月光群益01購01,0,0,0,0,0,0,0,0,0,-358000,0,0,0,7000,365000,-358000,-358000
065794,麗豐永豐9C購01  ,0,0,0,0,0,0,0,0,0,-358000,0,0,0,0,358000,-358000,-358000
9919,康那香          ,1496000,1830000,-334000,0,0,0,0,0,0,-24000,0,24000,-24000,0,0,0,-358000
067963,宏碁群益02購01  ,0,0,0,0,0,0,0,0,0,-359000,0,0,0,27000,386000,-359000,-359000
064173,國產元富9C購01  ,0,0,0,0,0,0,0,0,0,-359000,0,0,0,0,359000,-359000,-359000
062564,矽創凱基9B購01  ,0,0,0,0,0,0,0,0,0,-359000,0,0,0,0,359000,-359000,-359000
055966,茂林元大99購01  ,0,0,0,0,0,0,0,0,0,-360000,0,0,0,0,360000,-360000,-360000
054842,台達電兆豐98購01,0,0,0,0,0,0,0,0,0,-360000,0,0,0,0,360000,-360000,-360000
063978,美食兆豐9C購01  ,0,0,0,0,0,0,0,0,0,-360000,0,0,0,0,360000,-360000,-360000
064446,聚陽統一02購02  ,0,0,0,0,0,0,0,0,0,-361000,0,0,0,10000,371000,-361000,-361000
067220,台郡元大01購04  ,0,0,0,0,0,0,0,0,0,-362000,0,0,0,206000,568000,-362000,-362000
058104,國巨統一9A購04  ,0,0,0,0,0,0,0,0,0,-362000,0,0,0,220000,582000,-362000,-362000
063490,儒鴻富邦9C購01  ,0,0,0,0,0,0,0,0,0,-362000,0,0,0,551000,913000,-362000,-362000
065343,智邦統一01購03  ,0,0,0,0,0,0,0,0,0,-363000,0,0,0,145000,508000,-363000,-363000
066469,申豐統一02購02  ,0,0,0,0,0,0,0,0,0,-365000,0,0,0,8000,373000,-365000,-365000
067436,訊連凱基01購01  ,0,0,0,0,0,0,0,0,0,-366000,0,0,0,20000,386000,-366000,-366000
063353,上銀元富9B購03  ,0,0,0,0,0,0,0,0,0,-367000,0,0,0,20000,387000,-367000,-367000
061198,世紀鋼永豐9A購03,0,0,0,0,0,0,0,0,0,-367000,0,0,0,0,367000,-367000,-367000
065404,玉晶光國泰02購03,0,0,0,0,0,0,0,0,0,-367000,0,0,0,825000,1192000,-367000,-367000
068300,聯電國票03購01  ,15000,0,15000,0,0,0,0,0,0,-384000,0,0,0,0,384000,-384000,-369000
063933,TPK統一01購01   ,0,0,0,0,0,0,0,0,0,-370000,0,0,0,180000,550000,-370000,-370000
065349,玉晶光統一9C購05,0,0,0,0,0,0,0,0,0,-370000,0,0,0,194000,564000,-370000,-370000
064578,TPK國泰02購01   ,0,0,0,0,0,0,0,0,0,-370000,0,0,0,352000,722000,-370000,-370000
062775,大成鋼元大9B購02,0,0,0,0,0,0,0,0,0,-371000,0,0,0,1000,372000,-371000,-371000
064470,世紀鋼元富03購01,0,0,0,0,0,0,0,0,0,-371000,0,0,0,5000,376000,-371000,-371000
067682,上緯控元大01購02,0,0,0,0,0,0,0,0,0,-372000,0,0,0,16000,388000,-372000,-372000
062401,信邦永豐9B購01  ,0,0,0,0,0,0,0,0,0,-372000,0,0,0,68000,440000,-372000,-372000
063777,儒鴻永豐9B購02  ,0,0,0,0,0,0,0,0,0,-372000,0,0,0,0,372000,-372000,-372000
066210,瑞祺統一02購01  ,0,0,0,0,0,0,0,0,0,-372000,0,0,0,0,372000,-372000,-372000
067208,瑞昱元大01購03  ,0,0,0,0,0,0,0,0,0,-375000,0,0,0,231000,606000,-375000,-375000
062884,康控兆豐9C購01  ,0,0,0,0,0,0,0,0,0,-375000,0,0,0,0,375000,-375000,-375000
2388,威盛            ,616000,992000,-376000,0,0,0,0,0,0,0,0,0,0,0,0,0,-376000
08300P,世芯國票01售01  ,0,0,0,0,0,0,0,0,0,-377000,0,0,0,334000,711000,-377000,-377000
065585,聯發科富邦03購02,0,0,0,0,0,0,0,0,0,-378000,0,0,0,123000,501000,-378000,-378000
067890,華新科群益01購06,0,0,0,0,0,0,0,0,0,-379000,0,0,0,70000,449000,-379000,-379000
066132,精元群益01購01  ,0,0,0,0,0,0,0,0,0,-380000,0,0,0,31000,411000,-380000,-380000
066615,長榮航康和01購01,0,0,0,0,0,0,0,0,0,-380000,0,0,0,200000,580000,-380000,-380000
067264,美利達國票02購01,0,0,0,0,0,0,0,0,0,-382000,0,0,0,85000,467000,-382000,-382000
066921,日月光麥證01購01,0,0,0,6000,398000,-392000,0,0,0,-382000,0,0,0,16000,398000,-382000,-382000
066323,精元永豐01購01  ,0,0,0,0,0,0,0,0,0,-382000,0,0,0,68000,450000,-382000,-382000
067293,智伸科兆豐03購01,0,0,0,0,0,0,0,0,0,-383000,0,0,0,7000,390000,-383000,-383000
063538,神達統一9C購01  ,0,0,0,0,0,0,0,0,0,-384000,0,0,0,10000,394000,-384000,-384000
061647,南六元大9A購03  ,0,0,0,0,0,0,0,0,0,-385000,0,0,0,103000,488000,-385000,-385000
063618,智邦兆豐9C購01  ,0,0,0,0,0,0,0,0,0,-386000,0,0,0,0,386000,-386000,-386000
064054,中租統一02購01  ,0,0,0,0,0,0,0,0,0,-386000,0,0,0,43000,429000,-386000,-386000
067622,同欣電國泰02購01,0,0,0,0,0,0,0,0,0,-387000,0,0,0,52000,439000,-387000,-387000
060243,潤泰全元大9C購02,0,0,0,0,0,0,0,0,0,-387000,0,0,0,54000,441000,-387000,-387000
068034,國揚元富07購01  ,0,0,0,0,0,0,0,0,0,-388000,0,0,0,330000,718000,-388000,-388000
2362,藍天            ,156000,473000,-317000,0,0,0,0,0,0,-72000,0,78000,-78000,6000,0,6000,-389000
067083,正文元大01購01  ,0,0,0,0,0,0,0,0,0,-390000,0,0,0,3000,393000,-390000,-390000
066686,鴻海元富07購05  ,30000,0,30000,0,0,0,0,0,0,-420000,0,0,0,2000,422000,-420000,-390000
063259,廣達富邦9C購01  ,0,0,0,0,0,0,0,0,0,-391000,0,0,0,35000,426000,-391000,-391000
065256,上銀元大9C購10  ,0,0,0,0,0,0,0,0,0,-391000,0,0,0,80000,471000,-391000,-391000
067065,為升元大01購03  ,0,0,0,0,0,0,0,0,0,-392000,0,0,0,92000,484000,-392000,-392000
066677,台泥兆豐03購01  ,0,0,0,0,0,0,0,0,0,-392000,0,0,0,117000,509000,-392000,-392000
068341,世紀鋼元大01購04,0,0,0,0,0,0,0,0,0,-393000,0,0,0,0,393000,-393000,-393000
060428,瑞祺永豐9A購01  ,0,0,0,0,0,0,0,0,0,-393000,0,0,0,1000,394000,-393000,-393000
2367,燿華            ,1639000,1982000,-343000,0,0,0,0,0,0,-50000,0,79000,-79000,151000,122000,29000,-393000
068324,台積電元大01購43,0,0,0,0,0,0,0,0,0,-394000,0,0,0,0,394000,-394000,-394000
06766P,玉晶光元大99售10,0,0,0,0,0,0,0,0,0,-394000,0,0,0,30000,424000,-394000,-394000
060431,復盛永豐9A購01  ,0,0,0,0,0,0,0,0,0,-396000,0,0,0,291000,687000,-396000,-396000
061360,智邦兆豐9B購02  ,0,0,0,0,0,0,0,0,0,-398000,0,0,0,26000,424000,-398000,-398000
066453,嘉基群益01購01  ,0,0,0,0,0,0,0,0,0,-398000,0,0,0,110000,508000,-398000,-398000
066228,嘉基國泰02購01  ,0,0,0,0,0,0,0,0,0,-398000,0,0,0,422000,820000,-398000,-398000
068275,健策永豐01購04  ,0,0,0,0,0,0,0,0,0,-400000,0,0,0,10000,410000,-400000,-400000
059815,SP黃豆凱基9A購03,0,0,0,0,0,0,0,0,0,-400000,0,0,0,0,400000,-400000,-400000
059588,鴻海元大99購32  ,0,0,0,0,0,0,0,0,0,-400000,0,0,0,0,400000,-400000,-400000
057468,台郡永豐98購01  ,0,0,0,0,0,0,0,0,0,-400000,0,0,0,0,400000,-400000,-400000
066305,華夏永豐01購01  ,0,0,0,0,0,0,0,0,0,-400000,0,0,0,4000,404000,-400000,-400000
065652,超眾元大01購02  ,0,0,0,0,0,0,0,0,0,-400000,0,0,0,140000,540000,-400000,-400000
065212,瑞儀國票01購01  ,0,0,0,0,0,0,0,0,0,-401000,0,0,0,5000,406000,-401000,-401000
066117,茂林兆豐02購01  ,0,0,0,0,0,0,0,0,0,-401000,0,0,0,136000,537000,-401000,-401000
08202P,台表科國泰01售04,0,0,0,0,0,0,0,0,0,-402000,0,0,0,42000,444000,-402000,-402000
063611,儒鴻群益9B購03  ,0,0,0,0,0,0,0,0,0,-402000,0,0,0,20000,422000,-402000,-402000
064107,友達兆豐01購01  ,0,0,0,0,0,0,0,0,0,-402000,0,0,0,0,402000,-402000,-402000
063314,美律群益9B購01  ,0,0,0,0,0,0,0,0,0,-402000,0,0,0,3000,405000,-402000,-402000
058026,上銀富邦9A購01  ,0,0,0,0,0,0,0,0,0,-403000,0,0,0,10000,413000,-403000,-403000
065039,國巨凱基02購02  ,0,0,0,0,0,0,0,0,0,-403000,0,0,0,70000,473000,-403000,-403000
063352,上銀元富9B購02  ,0,0,0,0,0,0,0,0,0,-404000,0,0,0,20000,424000,-404000,-404000
062323,上銀統一9B購03  ,0,0,0,0,0,0,0,0,0,-404000,0,0,0,0,404000,-404000,-404000
064235,美律統一9C購02  ,0,0,0,0,0,0,0,0,0,-404000,0,0,0,139000,543000,-404000,-404000
063610,儒鴻群益9B購02  ,0,0,0,0,0,0,0,0,0,-405000,0,0,0,60000,465000,-405000,-405000
067684,康控元大01購05  ,0,0,0,0,0,0,0,0,0,-406000,0,0,0,0,406000,-406000,-406000
066501,鴻海富邦03購01  ,0,0,0,0,0,0,0,0,0,-406000,0,0,0,187000,593000,-406000,-406000
1762,中化生          ,641000,1018000,-377000,0,0,0,0,0,0,-29000,0,25000,-25000,0,4000,-4000,-406000
1310,台苯            ,178000,429000,-251000,0,0,0,0,0,0,-155000,0,155000,-155000,0,0,0,-406000
08211P,台表科元富9B售03,0,0,0,0,0,0,0,0,0,-407000,0,0,0,30000,437000,-407000,-407000
053347,茂林國票98購01  ,0,0,0,0,0,0,0,0,0,-409000,0,0,0,0,409000,-409000,-409000
066284,松翰元大01購01  ,0,0,0,0,0,0,0,0,0,-409000,0,0,0,140000,549000,-409000,-409000
08657P,牧德群益9C售02  ,0,0,0,0,0,0,0,0,0,-410000,0,0,0,161000,571000,-410000,-410000
056266,開發金統一9A購01,0,0,0,0,0,0,0,0,0,-410000,0,0,0,105000,515000,-410000,-410000
061782,智邦群益9B購01  ,0,0,0,0,0,0,0,0,0,-410000,0,0,0,0,410000,-410000,-410000
2915,潤泰全          ,207000,531000,-324000,0,0,0,0,0,0,-86000,0,77000,-77000,37000,46000,-9000,-410000
067229,台達電群益01購02,0,0,0,0,0,0,0,0,0,-411000,0,0,0,12000,423000,-411000,-411000
067915,宏碁永豐01購01  ,20000,0,20000,0,0,0,0,0,0,-432000,0,0,0,139000,571000,-432000,-412000
061188,大成鋼富邦9B購01,0,0,0,0,0,0,0,0,0,-412000,0,0,0,10000,422000,-412000,-412000
064299,宏碁兆豐9C購01  ,0,0,0,0,0,0,0,0,0,-412000,0,0,0,216000,628000,-412000,-412000
064179,上銀富邦01購01  ,0,0,0,0,0,0,0,0,0,-412000,0,0,0,280000,692000,-412000,-412000
6285,啟碁            ,215000,536000,-321000,0,0,0,0,0,0,-91000,0,69000,-69000,0,22000,-22000,-412000
061517,瑞祺永豐9A購03  ,0,0,0,0,0,0,0,0,0,-415000,0,0,0,0,415000,-415000,-415000
07899P,和大凱基9B售01  ,0,0,0,0,0,0,0,0,0,-416000,0,0,0,201000,617000,-416000,-416000
08825P,義隆元大01售04  ,0,0,0,0,0,0,0,0,0,-417000,0,0,0,115000,532000,-417000,-417000
07983P,茂林群益9B售03  ,0,0,0,0,0,0,0,0,0,-418000,0,0,0,20000,438000,-418000,-418000
063674,力山國泰01購02  ,0,0,0,0,0,0,0,0,0,-418000,0,0,0,581000,999000,-418000,-418000
068315,台灣50元大01購33,0,0,0,0,0,0,0,0,0,-419000,0,0,0,69000,488000,-419000,-419000
061027,儒鴻永豐9A購02  ,0,0,0,0,0,0,0,0,0,-419000,0,0,0,0,419000,-419000,-419000
2492,華新科          ,801000,1275715,-474715,0,0,0,0,121000,-121000,176000,187000,97000,90000,137000,51000,86000,-419715
07113P,台積電兆豐99售03,0,0,0,0,0,0,0,0,0,-420000,0,0,0,0,420000,-420000,-420000
067749,申豐元大01購02  ,0,0,0,0,0,0,0,0,0,-420000,0,0,0,43000,463000,-420000,-420000
066889,元大金中信07購01,0,0,0,0,0,0,0,0,0,-420000,0,0,0,0,420000,-420000,-420000
064799,裕隆元大9C購02  ,0,0,0,0,0,0,0,0,0,-421000,0,0,0,72000,493000,-421000,-421000
068217,台達電統一03購01,0,0,0,0,0,0,0,0,0,-422000,0,0,0,0,422000,-422000,-422000
067481,國產元大01購03  ,0,0,0,0,0,0,0,0,0,-423000,0,0,0,116000,539000,-423000,-423000
058445,旺宏富邦9C購01  ,0,0,0,0,0,0,0,0,0,-424000,0,0,0,0,424000,-424000,-424000
064809,冠德元大9C購01  ,0,0,0,0,0,0,0,0,0,-426000,0,0,0,68000,494000,-426000,-426000
065482,立積元大01購02  ,0,0,0,0,0,0,0,0,0,-426000,0,0,0,7000,433000,-426000,-426000
063673,GIS統一9C購02   ,0,0,0,0,0,0,0,0,0,-427000,0,0,0,80000,507000,-427000,-427000
065761,中租元大9C購02  ,0,0,0,0,0,0,0,0,0,-427000,0,0,0,219000,646000,-427000,-427000
067146,台達電統一02購01,0,0,0,0,0,0,0,0,0,-428000,0,0,0,55000,483000,-428000,-428000
063528,元大金凱基9B購01,0,0,0,0,0,0,0,0,0,-428000,0,0,0,0,428000,-428000,-428000
064880,神達兆豐9C購01  ,0,0,0,0,0,0,0,0,0,-428000,0,0,0,5000,433000,-428000,-428000
063269,儒鴻兆豐9C購01  ,0,0,0,0,0,0,0,0,0,-429000,0,0,0,235000,664000,-429000,-429000
5203,訊連            ,229000,583000,-354000,0,0,0,0,0,0,-76000,11000,60000,-49000,3000,30000,-27000,-430000
067695,國產中信05購01  ,0,0,0,0,0,0,0,0,0,-431000,0,0,0,300000,731000,-431000,-431000
061379,鈺齊永豐9A購02  ,0,0,0,0,0,0,0,0,0,-431000,0,0,0,0,431000,-431000,-431000
063591,麗豐永豐9B購02  ,0,0,0,0,0,0,0,0,0,-432000,0,0,0,0,432000,-432000,-432000
062293,麗豐永豐9B購01  ,0,0,0,0,0,0,0,0,0,-432000,0,0,0,0,432000,-432000,-432000
063265,瑞祺永豐9B購01  ,0,0,0,0,0,0,0,0,0,-433000,0,0,0,0,433000,-433000,-433000
067762,康舒永豐01購02  ,0,0,0,0,0,0,0,0,0,-434000,0,0,0,13000,447000,-434000,-434000
067903,申豐群益01購01  ,0,0,0,0,0,0,0,0,0,-435000,0,0,0,0,435000,-435000,-435000
061816,長榮航群益9B購02,0,0,0,0,0,0,0,0,0,-435000,0,0,0,0,435000,-435000,-435000
068191,台積電凱基01購21,0,0,0,0,0,0,0,0,0,-436000,0,0,0,33000,469000,-436000,-436000
068181,長榮航群益02購01,0,0,0,0,0,0,0,0,0,-437000,0,0,0,0,437000,-437000,-437000
067271,世紀鋼永豐01購02,0,0,0,0,0,0,0,0,0,-438000,0,0,0,0,438000,-438000,-438000
068417,宏碁兆豐03購01  ,0,0,0,0,0,0,0,0,0,-439000,0,0,0,76000,515000,-439000,-439000
058053,上銀統一9B購01  ,0,0,0,0,0,0,0,0,0,-439000,0,0,0,20000,459000,-439000,-439000
065495,上銀富邦01購02  ,0,0,0,0,0,0,0,0,0,-439000,0,0,0,230000,669000,-439000,-439000
066294,嘉基元大01購01  ,0,0,0,0,0,0,0,0,0,-442000,0,0,0,210000,652000,-442000,-442000
8039,台虹            ,258000,477000,-219000,0,0,0,0,70000,-70000,-153000,0,162000,-162000,14000,5000,9000,-442000
3376,新日興          ,277000,542000,-265000,0,0,0,0,173000,-173000,-4000,26000,29000,-3000,0,1000,-1000,-442000
066998,訊芯國泰03購01  ,0,0,0,0,0,0,0,0,0,-443000,0,0,0,194000,637000,-443000,-443000
08080P,祥碩國票9B售03  ,0,0,0,0,0,0,0,0,0,-445000,0,0,0,194000,639000,-445000,-445000
060596,元黃金凱基9A購02,0,0,0,0,0,0,0,0,0,-445000,0,0,0,10000,455000,-445000,-445000
067011,嘉基永豐01購03  ,0,0,0,0,0,0,0,0,0,-446000,0,0,0,181000,627000,-446000,-446000
060214,茂林康和9A購01  ,0,0,0,0,0,0,0,0,0,-448000,0,0,0,30000,478000,-448000,-448000
2845,遠東銀          ,1060000,996113,63887,0,0,0,0,1000,-1000,-511000,0,511000,-511000,0,0,0,-448113
061245,晶技群益9A購01  ,0,0,0,0,0,0,0,0,0,-450000,0,0,0,0,450000,-450000,-450000
067544,超眾群益03購01  ,0,0,0,0,0,0,0,0,0,-451000,0,0,0,118000,569000,-451000,-451000
08518P,世芯群益9C售03  ,0,0,0,0,0,0,0,0,0,-451000,0,0,0,200000,651000,-451000,-451000
0052,富邦科技        ,15000,11000,4000,0,0,0,0,0,0,-455000,0,0,0,59000,514000,-455000,-451000
060688,世紀鋼元大9C購01,0,0,0,0,0,0,0,0,0,-451000,0,0,0,15000,466000,-451000,-451000
064978,群創元大9C購07  ,0,0,0,0,0,0,0,0,0,-451000,0,0,0,33000,484000,-451000,-451000
2104,國際中橡        ,404000,723000,-319000,0,0,0,0,0,0,-132000,0,120000,-120000,3000,15000,-12000,-451000
058211,國巨群益9A購02  ,0,0,0,0,0,0,0,0,0,-455000,0,0,0,0,455000,-455000,-455000
062615,亞德客元大9B購02,0,0,0,0,0,0,0,0,0,-455000,0,0,0,304000,759000,-455000,-455000
2912,統一超          ,726000,1087510,-361510,0,0,0,0,0,0,-94000,15000,109000,-94000,0,0,0,-455510
056947,國巨統一9A購01  ,0,0,0,0,0,0,0,0,0,-459000,0,0,0,1000,460000,-459000,-459000
065298,健策統一9C購06  ,0,0,0,0,0,0,0,0,0,-459000,0,0,0,93000,552000,-459000,-459000
03840P,台積電統一99售02,0,0,0,0,0,0,0,0,0,-460000,0,0,0,0,460000,-460000,-460000
065013,矽創國泰02購01  ,0,0,0,0,0,0,0,0,0,-460000,0,0,0,119000,579000,-460000,-460000
067733,力山元大01購01  ,0,0,0,0,0,0,0,0,0,-462000,0,0,0,138000,600000,-462000,-462000
08398P,台積電元富9C售04,0,0,0,0,0,0,0,0,0,-464000,0,0,0,51000,515000,-464000,-464000
068380,欣興永豐01購05  ,0,0,0,0,0,0,0,0,0,-465000,0,0,0,257000,722000,-465000,-465000
2897,王道銀行        ,625000,895000,-270000,0,0,0,0,1000,-1000,-194000,0,194000,-194000,0,0,0,-465000
063143,嘉澤統一9B購02  ,0,0,0,0,0,0,0,0,0,-467000,0,0,0,78000,545000,-467000,-467000
063772,智邦富邦9B購02  ,0,0,0,0,0,0,0,0,0,-468000,0,0,0,2000,470000,-468000,-468000
08606P,聯發科國票9C售05,0,0,0,0,0,0,0,0,0,-469000,0,0,0,298000,767000,-469000,-469000
066112,智邦兆豐02購01  ,0,0,0,0,0,0,0,0,0,-470000,0,0,0,3000,473000,-470000,-470000
066111,上銀兆豐02購01  ,0,0,0,0,0,0,0,0,0,-474000,0,0,0,0,474000,-474000,-474000
066774,聯詠富邦03購01  ,0,0,0,0,0,0,0,0,0,-474000,0,0,0,392000,866000,-474000,-474000
055205,京鼎中信99購01  ,0,0,0,0,0,0,0,0,0,-475000,0,0,0,30000,505000,-475000,-475000
063277,大成鋼元大9B購03,0,0,0,0,0,0,0,0,0,-476000,0,0,0,0,476000,-476000,-476000
066491,麗豐元富01購01  ,0,0,0,0,0,0,0,0,0,-476000,0,0,0,0,476000,-476000,-476000
061662,瑞儀永豐9A購02  ,0,0,0,0,0,0,0,0,0,-478000,0,0,0,16000,494000,-478000,-478000
07974P,上証2X元大9B售02,0,0,0,0,0,0,0,0,0,-479000,0,0,0,749000,1228000,-479000,-479000
058327,大毅統一9B購01  ,0,0,0,0,0,0,0,0,0,-479000,0,0,0,6000,485000,-479000,-479000
066888,長榮航中信07購01,0,0,0,0,0,0,0,0,0,-480000,0,0,0,1000,481000,-480000,-480000
067876,世紀鋼元大01購03,0,0,0,0,0,0,0,0,0,-481000,0,0,0,246000,727000,-481000,-481000
063659,世紀鋼元富9B購01,0,0,0,0,0,0,0,0,0,-481000,0,0,0,6000,487000,-481000,-481000
5522,遠雄            ,656000,984000,-328000,0,0,0,0,0,0,-153000,62000,215000,-153000,0,0,0,-481000
067255,日月光國票02購01,0,0,0,0,0,0,0,0,0,-482000,0,0,0,279000,761000,-482000,-482000
058244,神達元大99購02  ,0,0,0,0,0,0,0,0,0,-482000,0,0,0,25000,507000,-482000,-482000
067510,嘉澤統一03購01  ,0,0,0,0,0,0,0,0,0,-484000,0,0,0,3000,487000,-484000,-484000
068166,鈺齊元大01購03  ,0,0,0,0,0,0,0,0,0,-484000,0,0,0,168000,652000,-484000,-484000
068385,聯電統一03購03  ,0,0,0,0,0,0,0,0,0,-484000,0,0,0,25000,509000,-484000,-484000
065682,健策統一9C購07  ,0,0,0,0,0,0,0,0,0,-484000,0,0,0,201000,685000,-484000,-484000
068303,台積電國票01購08,0,0,0,0,0,0,0,0,0,-485000,0,0,0,16000,501000,-485000,-485000
067305,國產元大01購02  ,0,0,0,0,0,0,0,0,0,-485000,0,0,0,104000,589000,-485000,-485000
03118P,台積電國票01售07,0,0,0,0,0,0,0,0,0,-485000,0,0,0,329000,814000,-485000,-485000
2357,華碩            ,2044000,2458765,-414765,0,0,0,51000,1000,50000,-121000,3000,101000,-98000,6000,29000,-23000,-485765
067623,台積電富邦04購05,40000,0,40000,0,0,0,0,0,0,-526000,0,0,0,10000,536000,-526000,-486000
064039,亞德客統一02購01,0,0,0,0,0,0,0,0,0,-486000,0,0,0,17000,503000,-486000,-486000
00676R,富邦臺灣加權反1 ,65000,65000,0,0,0,0,0,0,0,-487000,0,0,0,966000,1453000,-487000,-487000
063862,世紀鋼國泰02購01,0,0,0,0,0,0,0,0,0,-487000,0,0,0,214000,701000,-487000,-487000
2206,三陽工業        ,300000,799000,-499000,0,0,0,0,0,0,12000,17000,5000,12000,0,0,0,-487000
067138,正文永豐01購02  ,0,0,0,0,0,0,0,0,0,-488000,0,0,0,39000,527000,-488000,-488000
067063,為升元大01購01  ,0,0,0,0,0,0,0,0,0,-490000,0,0,0,196000,686000,-490000,-490000
067850,台郡元富07購01  ,0,0,0,0,0,0,0,0,0,-490000,0,0,0,69000,559000,-490000,-490000
066758,智邦永豐01購01  ,0,0,0,0,0,0,0,0,0,-490000,0,0,0,0,490000,-490000,-490000
08857P,台灣50國票01售07,0,0,0,0,0,0,0,0,0,-494000,0,0,0,0,494000,-494000,-494000
062924,世紀鋼元大9C購04,0,0,0,0,0,0,0,0,0,-495000,0,0,0,209000,704000,-495000,-495000
066254,南帝元大01購01  ,0,0,0,0,0,0,0,0,0,-497000,0,0,0,143000,640000,-497000,-497000
2489,瑞軒            ,1209000,1562000,-353000,0,0,0,0,0,0,-144000,8000,152000,-144000,0,0,0,-497000
066139,拓凱群益01購01  ,0,0,0,0,0,0,0,0,0,-498000,0,0,0,3000,501000,-498000,-498000
07498P,台積電元大9A售09,0,0,0,0,0,0,0,0,0,-499000,0,0,0,0,499000,-499000,-499000
07395P,台積電群益99售13,0,0,0,0,0,0,0,0,0,-499000,0,0,0,0,499000,-499000,-499000
051369,新光金富邦9A購01,0,0,0,0,0,0,0,0,0,-499000,0,0,0,0,499000,-499000,-499000
056301,開發金元大9A購01,0,0,0,0,0,0,0,0,0,-499000,0,0,0,0,499000,-499000,-499000
060191,亞光元富9A購02  ,0,0,0,0,0,0,0,0,0,-499000,0,0,0,10000,509000,-499000,-499000
060176,T50反1元富04購03,0,0,0,0,0,0,0,0,0,-499000,0,0,0,0,499000,-499000,-499000
062854,日電貿永豐9B購01,0,0,0,0,0,0,0,0,0,-499000,0,0,0,0,499000,-499000,-499000
063650,矽創元大9B購03  ,0,0,0,0,0,0,0,0,0,-501000,0,0,0,60000,561000,-501000,-501000
08160P,茂林元富9B售03  ,0,0,0,0,0,0,0,0,0,-507000,0,0,0,158000,665000,-507000,-507000
067008,康舒永豐01購01  ,0,0,0,0,0,0,0,0,0,-509000,0,0,0,500000,1009000,-509000,-509000
4108,懷特            ,384000,893000,-509000,0,0,0,0,0,0,0,0,0,0,0,0,0,-509000
063761,嘉澤統一02購01  ,0,0,0,0,0,0,0,0,0,-512000,0,0,0,51000,563000,-512000,-512000
063983,麗豐兆豐9C購01  ,0,0,0,0,0,0,0,0,0,-512000,0,0,0,20000,532000,-512000,-512000
055331,國巨兆豐99購01  ,0,0,0,0,0,0,0,0,0,-513000,0,0,0,39000,552000,-513000,-513000
067508,奇鋐統一03購01  ,0,0,0,0,0,0,0,0,0,-514000,0,0,0,49000,563000,-514000,-514000
064243,TPK統一02購02   ,0,0,0,0,0,0,0,0,0,-515000,0,0,0,103000,618000,-515000,-515000
066374,臺股指中信04購01,0,0,0,0,0,0,0,0,0,-515000,0,0,0,67000,582000,-515000,-515000
062880,大立光兆豐9B購02,0,0,0,0,0,0,0,0,0,-519000,0,0,0,0,519000,-519000,-519000
067129,神隆永豐01購01  ,0,0,0,0,0,0,0,0,0,-520000,0,0,0,0,520000,-520000,-520000
066932,京元電國票02購01,0,0,0,0,0,0,0,0,0,-523000,0,0,0,40000,563000,-523000,-523000
062967,上銀元富9B購01  ,0,0,0,0,0,0,0,0,0,-524000,0,0,0,0,524000,-524000,-524000
068023,聚陽元富07購01  ,0,0,0,0,0,0,0,0,0,-526000,0,0,0,0,526000,-526000,-526000
066813,亞德客兆豐01購01,0,0,0,0,0,0,0,0,0,-527000,0,0,0,2000,529000,-527000,-527000
068192,台積電凱基03購04,0,0,0,0,0,0,0,0,0,-528000,0,0,0,43000,571000,-528000,-528000
9945,潤泰新          ,1657000,2048000,-391000,0,0,0,0,60000,-60000,-80000,15000,239000,-224000,154000,10000,144000,-531000
068228,聯發科元富07購08,0,0,0,0,0,0,0,0,0,-532000,0,0,0,28000,560000,-532000,-532000
057385,光罩永豐99購01  ,0,0,0,0,0,0,0,0,0,-532000,0,0,0,0,532000,-532000,-532000
2342,茂矽            ,647000,949000,-302000,0,0,0,0,230000,-230000,-1000,0,1000,-1000,0,0,0,-533000
067775,GIS統一02購04   ,0,0,0,0,0,0,0,0,0,-539000,0,0,0,226000,765000,-539000,-539000
068097,台積電富邦03購05,0,0,0,0,0,0,0,0,0,-540000,0,0,0,0,540000,-540000,-540000
063959,GIS元大9C購02   ,0,0,0,0,0,0,0,0,0,-541000,0,0,0,129000,670000,-541000,-541000
062523,世紀鋼元大9C購03,0,0,0,0,0,0,0,0,0,-541000,0,0,0,56000,597000,-541000,-541000
4915,致伸            ,889000,1387000,-498000,0,0,0,0,1000,-1000,-42000,0,56000,-56000,15000,1000,14000,-541000
068113,台光電元富07購01,0,0,0,0,0,0,0,0,0,-543000,0,0,0,0,543000,-543000,-543000
065472,華新元大01購01  ,0,0,0,0,0,0,0,0,0,-544000,0,0,0,219000,763000,-544000,-544000
064185,裕隆永豐9C購01  ,0,0,0,0,0,0,0,0,0,-545000,0,0,0,72000,617000,-545000,-545000
065173,可成元大9C購10  ,0,0,0,0,0,0,0,0,0,-547000,0,0,0,9000,556000,-547000,-547000
068167,世紀鋼元大02購01,0,0,0,0,0,0,0,0,0,-548000,0,0,0,145000,693000,-548000,-548000
1326,台化            ,1031000,972090,58910,0,0,0,1000,11000,-10000,-597000,3000,600000,-597000,0,0,0,-548090
067216,健策元大01購09  ,0,0,0,0,0,0,0,0,0,-551000,0,0,0,365000,916000,-551000,-551000
066928,台達電國票01購02,0,0,0,0,0,0,0,0,0,-552000,0,0,0,386000,938000,-552000,-552000
066331,東森永豐01購01  ,0,0,0,0,0,0,0,0,0,-552000,0,0,0,0,552000,-552000,-552000
2615,萬海            ,268000,484300,-216300,0,0,0,0,0,0,-339000,0,339000,-339000,0,0,0,-555300
063864,健策富邦01購01  ,0,0,0,0,0,0,0,0,0,-557000,0,0,0,323000,880000,-557000,-557000
062266,世紀鋼元大9B購02,0,0,0,0,0,0,0,0,0,-557000,0,0,0,107000,664000,-557000,-557000
066315,南帝永豐01購01  ,0,0,0,0,0,0,0,0,0,-557000,0,0,0,48000,605000,-557000,-557000
067064,為升元大01購02  ,0,0,0,0,0,0,0,0,0,-560000,0,0,0,10000,570000,-560000,-560000
064137,台泥統一02購01  ,0,0,0,0,0,0,0,0,0,-561000,0,0,0,17000,578000,-561000,-561000
064990,世紀鋼元大01購01,0,0,0,0,0,0,0,0,0,-562000,0,0,0,70000,632000,-562000,-562000
067239,聯陽群益01購01  ,0,0,0,0,0,0,0,0,0,-563000,0,0,0,214000,777000,-563000,-563000
2535,達欣工          ,378000,1351000,-973000,0,0,0,0,0,0,409000,520000,163000,357000,57000,5000,52000,-564000
061589,世紀鋼富邦9B購01,0,0,0,0,0,0,0,0,0,-567000,0,0,0,304000,871000,-567000,-567000
061372,世紀鋼國泰9C購01,0,0,0,0,0,0,0,0,0,-568000,0,0,0,805000,1373000,-568000,-568000
067501,聚陽統一01購03  ,0,0,0,0,0,0,0,0,0,-573000,0,0,0,13000,586000,-573000,-573000
08140P,祥碩元大9B售07  ,0,0,0,0,0,0,0,0,0,-574000,0,0,0,855000,1429000,-574000,-574000
056603,嘉聯益國泰9A購01,0,0,0,0,0,0,0,0,0,-578000,0,0,0,26000,604000,-578000,-578000
067037,美利達康和01購02,0,0,0,0,0,0,0,0,0,-579000,0,0,0,32000,611000,-579000,-579000
03044P,康控國票03售01  ,0,0,0,0,0,0,0,0,0,-579000,0,0,0,268000,847000,-579000,-579000
065900,瑞祺國泰02購01  ,0,0,0,0,0,0,0,0,0,-583000,0,0,0,11000,594000,-583000,-583000
6196,帆宣            ,1666000,2299000,-633000,0,0,0,0,0,0,50000,68000,65000,3000,55000,8000,47000,-583000
064573,復盛群益9C購01  ,0,0,0,0,0,0,0,0,0,-587000,0,0,0,52000,639000,-587000,-587000
6282,康舒            ,728000,1397000,-669000,0,0,0,0,0,0,82000,3000,90000,-87000,256000,87000,169000,-587000
07923P,元金2X凱基02售02,0,0,0,0,0,0,0,0,0,-590000,0,0,0,0,590000,-590000,-590000
2891,中信金          ,6882000,5622087,1259913,0,0,0,412000,6000,406000,-2258000,52000,2450000,-2398000,140000,0,140000,-592087
066958,日月光元大01購02,0,0,0,0,0,0,0,0,0,-594000,0,0,0,122000,716000,-594000,-594000
067491,健策元大01購10  ,0,0,0,0,0,0,0,0,0,-596000,0,0,0,299000,895000,-596000,-596000
067830,帆宣兆豐03購01  ,0,0,0,0,0,0,0,0,0,-596000,0,0,0,40000,636000,-596000,-596000
056232,瑞儀凱基98購01  ,0,0,0,0,0,0,0,0,0,-597000,0,0,0,378000,975000,-597000,-597000
065445,台光電統一01購05,0,0,0,0,0,0,0,0,0,-600000,0,0,0,209000,809000,-600000,-600000
058615,矽創元大99購01  ,0,0,0,0,0,0,0,0,0,-604000,0,0,0,5000,609000,-604000,-604000
065530,亞德客統一9C購02,0,0,0,0,0,0,0,0,0,-604000,0,0,0,223000,827000,-604000,-604000
063539,世紀鋼統一9B購02,0,0,0,0,0,0,0,0,0,-607000,0,0,0,36000,643000,-607000,-607000
067520,健策元富01購03  ,0,0,0,0,0,0,0,0,0,-608000,0,0,0,31000,639000,-608000,-608000
067316,嘉澤元大01購03  ,0,0,0,0,0,0,0,0,0,-608000,0,0,0,64000,672000,-608000,-608000
064445,聚陽統一02購01  ,0,0,0,0,0,0,0,0,0,-608000,0,0,0,29000,637000,-608000,-608000
08809P,台灣50群益01售07,0,0,0,0,0,0,0,0,0,-610000,0,0,0,395000,1005000,-610000,-610000
067317,嘉澤元大02購01  ,0,0,0,0,0,0,0,0,0,-611000,0,0,0,19000,630000,-611000,-611000
067492,健策元大01購11  ,0,0,0,0,0,0,0,0,0,-611000,0,0,0,173000,784000,-611000,-611000
067076,聯詠元大01購05  ,0,0,0,0,0,0,0,0,0,-627000,0,0,0,317000,944000,-627000,-627000
054040,中石化元大9C購01,0,0,0,0,0,0,0,0,0,-630000,0,0,0,200000,830000,-630000,-630000
066642,臺股指凱基04購01,0,0,0,0,0,0,0,0,0,-630000,0,0,0,23000,653000,-630000,-630000
03106P,T50反1元大01售06,0,0,0,0,0,0,0,0,0,-631000,0,0,0,3480000,4111000,-631000,-631000
064837,TPK統一9C購02   ,0,0,0,0,0,0,0,0,0,-632000,0,0,0,85000,717000,-632000,-632000
060121,新光金富邦99購01,0,0,0,0,0,0,0,0,0,-633000,0,0,0,125000,758000,-633000,-633000
2421,建準            ,555000,1775000,-1220000,0,0,0,656000,0,656000,-69000,30000,72000,-42000,218000,245000,-27000,-633000
067401,嘉澤永豐01購02  ,0,0,0,0,0,0,0,0,0,-634000,0,0,0,13000,647000,-634000,-634000
062855,嘉澤永豐9B購02  ,0,0,0,0,0,0,0,0,0,-635000,0,0,0,90000,725000,-635000,-635000
066848,健策元大01購05  ,0,0,0,0,0,0,0,0,0,-640000,0,0,0,39000,679000,-640000,-640000
2478,大毅            ,909000,1575000,-666000,0,0,0,0,0,0,25000,3000,7000,-4000,63000,34000,29000,-641000
062050,亞德客統一9C購01,0,0,0,0,0,0,0,0,0,-642000,0,0,0,133000,775000,-642000,-642000
00670L,富邦NASDAQ正2   ,0,0,0,0,0,0,0,0,0,-647000,0,0,0,218000,865000,-647000,-647000
062091,世紀鋼元大9B購01,0,0,0,0,0,0,0,0,0,-652000,0,0,0,252000,904000,-652000,-652000
066678,台達電兆豐03購01,0,0,0,0,0,0,0,0,0,-656000,0,0,0,24000,680000,-656000,-656000
07055P,景碩群益9A售02  ,0,0,0,0,0,0,0,0,0,-660000,0,0,0,5000,665000,-660000,-660000
064189,TPK永豐9C購01   ,0,0,0,0,0,0,0,0,0,-663000,0,0,0,38000,701000,-663000,-663000
067801,台達電凱基01購03,0,0,0,0,0,0,0,0,0,-665000,0,0,0,16000,681000,-665000,-665000
068126,樺漢元富07購01  ,0,0,0,0,0,0,0,0,0,-666000,0,0,0,0,666000,-666000,-666000
065912,瑞祺永豐9C購02  ,0,0,0,0,0,0,0,0,0,-666000,0,0,0,0,666000,-666000,-666000
1227,佳格            ,164000,673000,-509000,0,0,0,0,1000,-1000,-158000,0,158000,-158000,0,0,0,-668000
057485,友達元大9C購04  ,0,0,0,0,0,0,0,0,0,-671000,0,0,0,0,671000,-671000,-671000
062019,嘉澤永豐9B購01  ,0,0,0,0,0,0,0,0,0,-671000,0,0,0,10000,681000,-671000,-671000
063374,嘉澤永豐9B購04  ,0,0,0,0,0,0,0,0,0,-672000,0,0,0,14000,686000,-672000,-672000
057973,神達富邦9A購01  ,0,0,0,0,0,0,0,0,0,-675000,0,0,0,0,675000,-675000,-675000
067326,世紀鋼元大01購02,0,0,0,0,0,0,0,0,0,-677000,0,0,0,40000,717000,-677000,-677000
063653,儒鴻元富9B購01  ,0,0,0,0,0,0,0,0,0,-680000,0,0,0,103000,783000,-680000,-680000
061085,聯茂兆豐9A購01  ,0,0,0,0,0,0,0,0,0,-680000,0,0,0,0,680000,-680000,-680000
066252,南港元大01購02  ,0,0,0,0,0,0,0,0,0,-688000,0,0,0,24000,712000,-688000,-688000
065312,日月光國票01購01,0,0,0,0,0,0,0,0,0,-692000,0,0,0,128000,820000,-692000,-692000
063057,祥碩統一03購01  ,70000,0,70000,0,0,0,0,0,0,-763000,0,0,0,270000,1033000,-763000,-693000
066177,上緯控凱基01購01,0,0,0,0,0,0,0,0,0,-693000,0,0,0,19000,712000,-693000,-693000
065838,鴻海元大03購01  ,0,0,0,0,0,0,0,0,0,-695000,0,0,0,670000,1365000,-695000,-695000
068252,晶技元大01購05  ,0,0,0,0,0,0,0,0,0,-700000,0,0,0,0,700000,-700000,-700000
063090,道瓊反中信9C購02,0,0,0,0,0,0,0,0,0,-701000,0,0,0,0,701000,-701000,-701000
2354,鴻準            ,310000,979966,-669966,0,0,0,148000,3000,145000,-177000,2000,179000,-177000,0,0,0,-701966
07106P,國巨統一9B售05  ,0,0,0,0,0,0,0,0,0,-703000,0,0,0,45000,748000,-703000,-703000
063136,智邦統一9B購02  ,0,0,0,0,0,0,0,0,0,-704000,0,0,0,171000,875000,-704000,-704000
07000P,T50反1元大99售03,0,0,0,0,0,0,0,0,0,-710000,0,0,0,224000,934000,-710000,-710000
00638R,元大滬深300反1  ,31000,206000,-175000,0,0,0,0,0,0,-542000,0,0,0,510000,1052000,-542000,-717000
6168,宏齊            ,869000,1574000,-705000,0,0,0,0,0,0,-13000,1000,14000,-13000,0,0,0,-718000
059074,元油2X元大9C購15,0,0,0,0,0,0,0,0,0,-725000,0,0,0,499000,1224000,-725000,-725000
065525,瑞儀群益01購01  ,0,0,0,0,0,0,0,0,0,-725000,0,0,0,395000,1120000,-725000,-725000
068121,TPK元富03購01   ,0,0,0,0,0,0,0,0,0,-727000,0,0,0,0,727000,-727000,-727000
08599P,台表科元大9C售11,0,0,0,0,0,0,0,0,0,-734000,0,0,0,157000,891000,-734000,-734000
066290,台塑化元大01購01,0,0,0,0,0,0,0,0,0,-734000,0,0,0,12000,746000,-734000,-734000
2324,仁寶            ,7641000,9001492,-1360492,0,0,0,555000,1000,554000,70000,781000,507000,274000,0,204000,-204000,-736492
064144,智邦統一01購02  ,0,0,0,0,0,0,0,0,0,-737000,0,0,0,47000,784000,-737000,-737000
2455,全新            ,324000,869000,-545000,0,0,0,0,110000,-110000,-87000,34000,63000,-29000,0,58000,-58000,-742000
066562,上緯控元大01購01,0,0,0,0,0,0,0,0,0,-746000,0,0,0,192000,938000,-746000,-746000
067643,台郡統一03購01  ,0,0,0,0,0,0,0,0,0,-749000,0,0,0,58000,807000,-749000,-749000
061901,柏文永豐9B購01  ,0,0,0,0,0,0,0,0,0,-752000,0,0,0,24000,776000,-752000,-752000
064222,玉山金國票01購01,0,0,0,0,0,0,0,0,0,-756000,0,0,0,297000,1053000,-756000,-756000
068125,潤泰新元富07購01,0,0,0,0,0,0,0,0,0,-757000,0,0,0,365000,1122000,-757000,-757000
2027,大成鋼          ,604620,1039000,-434380,0,0,0,0,0,0,-326000,4000,367000,-363000,37000,0,37000,-760380
064582,裕隆永豐9C購02  ,0,0,0,0,0,0,0,0,0,-768000,0,0,0,0,768000,-768000,-768000
08990P,台積電元大01售28,0,0,0,0,0,0,0,0,0,-769000,0,0,0,499000,1268000,-769000,-769000
064822,台達電統一01購03,0,0,0,0,0,0,0,0,0,-776000,0,0,0,550000,1326000,-776000,-776000
067212,聯發科元大02購02,0,0,0,0,0,0,0,0,0,-779000,0,0,0,188000,967000,-779000,-779000
067414,嘉澤康和01購01  ,0,0,0,0,0,0,0,0,0,-780000,0,0,0,0,780000,-780000,-780000
064483,瑞儀永豐9C購01  ,0,0,0,0,0,0,0,0,0,-780000,0,0,0,141000,921000,-780000,-780000
066762,總太永豐01購02  ,0,0,0,0,0,0,0,0,0,-782000,0,0,0,0,782000,-782000,-782000
066271,東森元大01購01  ,0,0,0,0,0,0,0,0,0,-786000,0,0,0,72000,858000,-786000,-786000
08161P,台表科元富9B售02,0,0,0,0,0,0,0,0,0,-793000,0,0,0,200000,993000,-793000,-793000
063592,瑞祺永豐9B購02  ,0,0,0,0,0,0,0,0,0,-802000,0,0,0,0,802000,-802000,-802000
055701,亞德客富邦99購01,0,0,0,0,0,0,0,0,0,-806000,0,0,0,145000,951000,-806000,-806000
067278,申豐統一02購03  ,0,0,0,0,0,0,0,0,0,-809000,0,0,0,0,809000,-809000,-809000
067993,宏碁元大01購02  ,0,0,0,0,0,0,0,0,0,-811000,0,0,0,230000,1041000,-811000,-811000
6505,台塑化          ,1209000,1043065,165935,0,0,0,1000,7000,-6000,-975498,0,981498,-981498,6000,0,6000,-815563
066334,京城銀永豐01購01,0,0,0,0,0,0,0,0,0,-821000,0,0,0,64000,885000,-821000,-821000
00640L,富邦日本正2     ,5000,35000,-30000,0,0,0,0,0,0,-793000,0,0,0,46000,839000,-793000,-823000
066043,美律元大01購01  ,0,0,0,0,0,0,0,0,0,-838000,0,0,0,32000,870000,-838000,-838000
00693U,街口S&P黃豆     ,499000,0,499000,0,0,0,0,0,0,-1339000,0,0,0,2574000,3913000,-1339000,-840000
057579,長榮航中信9A購01,0,0,0,0,0,0,0,0,0,-840000,0,0,0,10000,850000,-840000,-840000
067118,上緯控群益01購01,0,0,0,0,0,0,0,0,0,-841000,0,0,0,95000,936000,-841000,-841000
2327,國巨            ,2160001,2958410,-798409,0,0,0,22000,4000,18000,-61000,72000,157000,-85000,88000,64000,24000,-841409
063961,世紀鋼元大9C購05,0,0,0,0,0,0,0,0,0,-852000,0,0,0,0,852000,-852000,-852000
08243P,祥碩凱基9C售02  ,0,0,0,0,0,0,0,0,0,-859000,0,0,0,231000,1090000,-859000,-859000
6257,矽格            ,510000,1566982,-1056982,0,0,0,6000,0,6000,185000,171000,85000,86000,172000,73000,99000,-865982
062549,中租永豐9B購01  ,0,0,0,0,0,0,0,0,0,-871000,0,0,0,131000,1002000,-871000,-871000
6269,台郡            ,1292300,2892000,-1599700,0,0,0,0,6000,-6000,724000,700000,112000,588000,165000,29000,136000,-881700
3576,聯合再生        ,2289000,3179000,-890000,0,0,0,0,0,0,0,0,0,0,0,0,0,-890000
9939,宏全            ,67000,919000,-852000,0,0,0,0,0,0,-42000,0,42000,-42000,0,0,0,-894000
060890,大立光統一01購01,0,0,0,0,0,0,0,0,0,-900000,0,0,0,164000,1064000,-900000,-900000
5471,松翰            ,360000,1267000,-907000,0,0,0,0,0,0,7000,1000,24000,-23000,60000,30000,30000,-900000
08714P,華碩元富01售03  ,0,0,0,0,0,0,0,0,0,-900000,0,0,0,109000,1009000,-900000,-900000
065351,中租統一02購02  ,0,0,0,0,0,0,0,0,0,-901000,0,0,0,0,901000,-901000,-901000
06397P,T50反1凱基9A售03,0,0,0,0,0,0,0,0,0,-907000,0,0,0,607000,1514000,-907000,-907000
08543P,世芯國票01售02  ,0,0,0,0,0,0,0,0,0,-914000,0,0,0,613000,1527000,-914000,-914000
1303,南亞            ,1784000,2031854,-247854,0,0,0,161000,14000,147000,-814000,1000,825000,-824000,10000,0,10000,-914854
1598,岱宇            ,316000,1218000,-902000,0,0,0,0,0,0,-17000,61000,78000,-17000,0,0,0,-919000
063339,智邦統一01購01  ,0,0,0,0,0,0,0,0,0,-921000,0,0,0,73000,994000,-921000,-921000
065279,T50反1群益9C購03,0,0,0,0,0,0,0,0,0,-923000,0,0,0,1667000,2590000,-923000,-923000
068304,台積電國票03購01,0,0,0,0,0,0,0,0,0,-926000,0,0,0,1437000,2363000,-926000,-926000
065540,台表科統一02購05,0,0,0,0,0,0,0,0,0,-926000,0,0,0,370000,1296000,-926000,-926000
065055,臺股指凱基02購04,0,0,0,0,0,0,0,0,0,-932000,0,0,0,59000,991000,-932000,-932000
064375,智邦元富03購01  ,0,0,0,0,0,0,0,0,0,-933000,0,0,0,85000,1018000,-933000,-933000
00634R,富邦上証反1     ,137000,362000,-225000,0,0,0,0,0,0,-714000,1196000,0,1196000,61000,1971000,-1910000,-939000
1504,東元            ,617000,1225000,-608000,0,0,0,0,1000,-1000,-337000,0,333000,-333000,0,4000,-4000,-946000
1515,力山            ,447000,1446000,-999000,0,0,0,0,0,0,47000,10000,0,10000,48000,11000,37000,-952000
066411,南紡元大01購01  ,0,0,0,0,0,0,0,0,0,-963000,0,0,0,3000,966000,-963000,-963000
00646,元大S&P500      ,3000,105000,-102000,0,0,0,0,0,0,-867000,0,0,0,62000,929000,-867000,-969000
2838,聯邦銀          ,209000,661000,-452000,0,0,0,0,0,0,-531000,37000,568000,-531000,0,0,0,-983000
066265,精元元大01購01  ,0,0,0,0,0,0,0,0,0,-984000,0,0,0,449000,1433000,-984000,-984000
062475,道瓊反國票9B購02,0,0,0,0,0,0,0,0,0,-998000,0,0,0,0,998000,-998000,-998000
068415,台積電中信07購04,0,0,0,0,0,0,0,0,0,-1000000,0,0,0,3000,1003000,-1000000,-1000000
068033,國產元富01購01  ,0,0,0,0,0,0,0,0,0,-1005000,0,0,0,1000,1006000,-1005000,-1005000
063076,柏文永豐9B購02  ,0,0,0,0,0,0,0,0,0,-1007000,0,0,0,0,1007000,-1007000,-1007000
058495,元大金群益9B購01,0,0,0,0,0,0,0,0,0,-1025000,0,0,0,35000,1060000,-1025000,-1025000
1434,福懋            ,1173000,1760000,-587000,0,0,0,0,3000,-3000,-441000,2000,338000,-336000,0,105000,-105000,-1031000
067387,智邦元富04購01  ,0,0,0,0,0,0,0,0,0,-1037000,0,0,0,20000,1057000,-1037000,-1037000
067214,聯陽元大01購02  ,0,0,0,0,0,0,0,0,0,-1050000,0,0,0,35000,1085000,-1050000,-1050000
3035,智原            ,1751000,632000,1119000,0,0,0,0,2081000,-2081000,-91000,66000,77000,-11000,5000,85000,-80000,-1053000
056604,鴻海富邦9A購01  ,0,0,0,0,0,0,0,0,0,-1056000,0,0,0,13000,1069000,-1056000,-1056000
00653L,富邦印度正2     ,484000,635000,-151000,0,0,0,0,0,0,-912810,0,0,0,4075190,4988000,-912810,-1063810
066316,台船永豐01購01  ,0,0,0,0,0,0,0,0,0,-1073000,0,0,0,58000,1131000,-1073000,-1073000
5876,上海商銀        ,1817262,2269220,-451958,0,0,0,1000,0,1000,-628000,0,459000,-459000,10000,179000,-169000,-1078958
3045,台灣大          ,427000,1083293,-656293,0,0,0,79000,4000,75000,-500000,1000,501000,-500000,0,0,0,-1081293
1789,神隆            ,682000,1588000,-906000,0,0,0,0,0,0,-209000,0,255000,-255000,110000,64000,46000,-1115000
065862,世紀鋼元大9C購06,0,0,0,0,0,0,0,0,0,-1124000,0,0,0,19000,1143000,-1124000,-1124000
063582,瑞祺國泰9C購01  ,0,0,0,0,0,0,0,0,0,-1139000,0,0,0,91000,1230000,-1139000,-1139000
4938,和碩            ,1906000,2725672,-819672,0,0,0,172000,4000,168000,-495000,4000,434000,-430000,0,65000,-65000,-1146672
2390,云辰            ,1686000,2831000,-1145000,0,0,0,0,0,0,-2000,0,2000,-2000,0,0,0,-1147000
064917,元大金統一02購01,0,0,0,0,0,0,0,0,0,-1152000,0,0,0,734000,1886000,-1152000,-1152000
2605,新興            ,1077000,121000,956000,0,0,0,0,0,0,-2126000,13000,2136000,-2123000,0,3000,-3000,-1170000
066513,精元永豐01購02  ,0,0,0,0,0,0,0,0,0,-1174000,0,0,0,59000,1233000,-1174000,-1174000
063056,嘉澤統一9C購02  ,0,0,0,0,0,0,0,0,0,-1196000,0,0,0,0,1196000,-1196000,-1196000
066243,潤泰新富邦03購01,0,0,0,0,0,0,0,0,0,-1196000,0,0,0,266000,1462000,-1196000,-1196000
066236,潤泰全富邦01購01,0,0,0,0,0,0,0,0,0,-1204000,0,0,0,0,1204000,-1204000,-1204000
3042,晶技            ,2546000,2104000,442000,0,0,0,411000,2071000,-1660000,14000,225000,354000,-129000,163000,20000,143000,-1204000
2102,泰豐            ,425000,1328000,-903000,0,0,0,0,0,0,-304000,0,127000,-127000,23000,200000,-177000,-1207000
2454,聯發科          ,4935584,6126942,-1191358,0,0,0,101000,28000,73000,-112000,253000,450000,-197000,125000,40000,85000,-1230358
2313,華通            ,3282000,5754000,-2472000,0,0,0,1205000,605000,600000,630000,541000,272000,269000,546000,185000,361000,-1242000
068123,嘉聯益元富07購01,0,0,0,0,0,0,0,0,0,-1253000,0,0,0,73000,1326000,-1253000,-1253000
2409,友達            ,12172000,12079802,92198,0,0,0,0,0,0,-1346000,90000,1463000,-1373000,348000,321000,27000,-1253802
3380,明泰            ,374000,1361757,-987757,0,0,0,0,0,0,-286000,17000,284000,-267000,0,19000,-19000,-1273757
2883,開發金          ,4720000,5678500,-958500,0,0,0,931000,5000,926000,-1281000,118000,1573000,-1455000,180000,6000,174000,-1313500
4904,遠傳            ,1357000,2402368,-1045368,0,0,0,131000,1000,130000,-411000,17000,428000,-411000,0,0,0,-1326368
2888,新光金          ,9632000,11258200,-1626200,0,0,0,5000,4000,1000,287000,15000,100000,-85000,824000,452000,372000,-1338200
6278,台表科          ,2425000,2562000,-137000,0,0,0,0,1359000,-1359000,139000,261000,122000,139000,58000,58000,0,-1357000
5469,瀚宇博          ,874000,2463000,-1589000,0,0,0,70000,68000,2000,219000,174000,1000,173000,73000,27000,46000,-1368000
068286,聯電群益03購02  ,0,0,0,0,0,0,0,0,0,-1370000,0,0,0,15000,1385000,-1370000,-1370000
065983,亞德客國泰03購01,0,0,0,0,0,0,0,0,0,-1371000,0,0,0,252000,1623000,-1371000,-1371000
067664,台船元大01購01  ,0,0,0,0,0,0,0,0,0,-1387000,0,0,0,152000,1539000,-1387000,-1387000
2308,台達電          ,4104700,6306980,-2202280,0,0,0,313000,38000,275000,540000,371000,315000,56000,496000,12000,484000,-1387280
065496,裕隆富邦9C購01  ,0,0,0,0,0,0,0,0,0,-1404000,0,0,0,60000,1464000,-1404000,-1404000
2347,聯強            ,537000,1462257,-925257,0,0,0,172000,0,172000,-652000,24000,474000,-450000,35000,237000,-202000,-1405257
063593,GIS永豐9B購01   ,0,0,0,0,0,0,0,0,0,-1510000,0,0,0,130000,1640000,-1510000,-1510000
4958,臻鼎-KY         ,1772757,3057811,-1285054,0,0,0,70000,85000,-15000,-214000,92000,221000,-129000,32000,117000,-85000,-1514054
057544,鴻海凱基02購01  ,0,0,0,0,0,0,0,0,0,-1518000,0,0,0,218000,1736000,-1518000,-1518000
068384,聯電統一03購02  ,0,0,0,0,0,0,0,0,0,-1527000,0,0,0,3000,1530000,-1527000,-1527000
8046,南電            ,2671000,4266000,-1595000,0,0,0,270000,32000,238000,-180000,316000,284000,32000,19000,231000,-212000,-1537000
00738U,元大道瓊白銀    ,452000,449000,3000,0,0,0,0,0,0,-1555004,0,0,0,1469000,3024004,-1555004,-1552004
066899,義隆康和01購01  ,0,0,0,0,0,0,0,0,0,-1605000,0,0,0,13000,1618000,-1605000,-1605000
068046,台積電統一03購05,0,0,0,0,0,0,0,0,0,-1618000,0,0,0,2186000,3804000,-1618000,-1618000
068115,玉山金元富07購01,0,0,0,0,0,0,0,0,0,-1625000,0,0,0,777000,2402000,-1625000,-1625000
067683,上緯控元大01購03,0,0,0,0,0,0,0,0,0,-1663000,0,0,0,85000,1748000,-1663000,-1663000
067219,瑞儀元大01購01  ,0,0,0,0,0,0,0,0,0,-1704000,0,0,0,283000,1987000,-1704000,-1704000
1301,台塑            ,1290046,2101450,-811404,0,0,0,2000,255000,-253000,-640000,3000,653000,-650000,10000,0,10000,-1704404
2301,光寶科          ,1995000,2208553,-213553,0,0,0,228000,65000,163000,-1694000,43000,1621000,-1578000,3000,119000,-116000,-1744553
057581,元大金中信9A購01,0,0,0,0,0,0,0,0,0,-1771000,0,0,0,99000,1870000,-1771000,-1771000
066887,聯發科中信02購01,0,0,0,0,0,0,0,0,0,-1795000,0,0,0,0,1795000,-1795000,-1795000
068372,聯電永豐01購01  ,0,0,0,0,0,0,0,0,0,-1828000,0,0,0,28000,1856000,-1828000,-1828000
1760,寶齡富錦        ,965000,2815000,-1850000,0,0,0,0,0,0,0,10000,10000,0,0,0,0,-1850000
4927,泰鼎-KY         ,639000,2016000,-1377000,0,0,0,0,430000,-430000,-64000,27000,0,27000,5000,96000,-91000,-1871000
068112,宏碁元富07購01  ,0,0,0,0,0,0,0,0,0,-1886000,0,0,0,241000,2127000,-1886000,-1886000
2353,宏碁            ,8899000,10112093,-1213093,0,0,0,0,0,0,-724000,226000,1625000,-1399000,739000,64000,675000,-1937093
2474,可成            ,693000,2435172,-1742172,0,0,0,0,75000,-75000,-131000,26000,130000,-104000,1000,28000,-27000,-1948172
2412,中華電          ,1215000,2334515,-1119515,0,0,0,71000,3000,68000,-927000,1000,928000,-927000,0,0,0,-1978515
064204,瑞儀兆豐01購01  ,10000,0,10000,0,0,0,0,0,0,-2021000,0,0,0,369000,2390000,-2021000,-2011000
1605,華新            ,2408000,4168000,-1760000,0,0,0,0,0,0,-343000,736000,705000,31000,224000,598000,-374000,-2103000
1216,統一            ,8396584,9934642,-1538058,0,0,0,2000,2000,0,-570000,4000,582000,-578000,8000,0,8000,-2108058
2363,矽統            ,1278000,3537000,-2259000,0,0,0,0,0,0,-1000,0,1000,-1000,0,0,0,-2260000
07041P,T50反1元大9C售01,0,0,0,0,0,0,0,0,0,-2288000,0,0,0,0,2288000,-2288000,-2288000
3017,奇鋐            ,1864000,3594000,-1730000,0,0,0,0,900000,-900000,213000,174000,18000,156000,145000,88000,57000,-2417000
00852L,國泰美國道瓊正2 ,0,340000,-340000,0,0,0,0,0,0,-2123000,0,0,0,2365000,4488000,-2123000,-2463000
6213,聯茂            ,3393000,4195000,-802000,0,0,0,0,2378293,-2378293,-41000,34000,42000,-8000,17000,50000,-33000,-3221293
2801,彰銀            ,1998250,4108905,-2110655,0,0,0,2000,3000,-1000,-1127000,0,1127000,-1127000,14000,14000,0,-3238655
066843,台達電元大01購02,0,0,0,0,0,0,0,0,0,-3327000,0,0,0,167000,3494000,-3327000,-3327000
6239,力成            ,1300000,6460399,-5160399,0,0,0,149000,11000,138000,1690000,89000,105000,-16000,1716000,10000,1706000,-3332399
07042P,T50反1元大9C售02,0,0,0,0,0,0,0,0,0,-3516000,0,0,0,0,3516000,-3516000,-3516000
2458,義隆            ,3601000,7321060,-3720060,0,0,0,145000,6000,139000,14000,600000,562000,38000,76000,100000,-24000,-3567060
2633,台灣高鐵        ,1883000,5095948,-3212948,0,0,0,1000,0,1000,-387000,0,403000,-403000,36000,20000,16000,-3598948
2448,晶電            ,13552000,20150000,-6598000,0,0,0,3191000,0,3191000,-255000,786000,1031000,-245000,0,10000,-10000,-3662000
4935,茂林-KY         ,1436000,1620000,-184000,0,0,0,330000,3781000,-3451000,-58000,5000,47000,-42000,47000,63000,-16000,-3693000
2002,中鋼            ,1454000,3658750,-2204750,0,0,0,5000,4000,1000,-1598000,11000,1609000,-1598000,0,0,0,-3801750
6116,彩晶            ,1508000,5063000,-3555000,0,0,0,0,0,0,-617000,26000,506000,-480000,240000,377000,-137000,-4172000
2449,京元電子        ,1643000,5687000,-4044000,0,0,0,0,16000,-16000,-419000,104000,390000,-286000,61000,194000,-133000,-4479000
08227P,T50反1元大9B售09,0,0,0,0,0,0,0,0,0,-5001000,0,0,0,0,5001000,-5001000,-5001000
1102,亞泥            ,3557000,8610287,-5053287,0,0,0,106000,1000,105000,-473000,31000,399000,-368000,0,105000,-105000,-5421287
4142,國光生          ,2780000,8205000,-5425000,0,0,0,0,0,0,0,0,0,0,0,0,0,-5425000
2408,南亞科          ,1722000,6768231,-5046231,0,0,0,169000,3000,166000,-690000,22000,635000,-613000,9000,86000,-77000,-5570231
1402,遠東新          ,2317447,7435761,-5118314,0,0,0,2000,1000,1000,-599000,40000,629000,-589000,0,10000,-10000,-5716314
00677U,富邦VIX         ,16056000,7103000,8953000,0,0,0,0,0,0,-14881000,0,0,0,2572000,17453000,-14881000,-5928000
2337,旺宏            ,10922617,16165017,-5242400,0,0,0,0,120000,-120000,-824000,204000,955000,-751000,251000,324000,-73000,-6186400
2344,華邦電          ,4104500,10690661,-6586161,0,0,0,0,0,0,24000,3000,25000,-22000,71000,25000,46000,-6562161
2834,臺企銀          ,4111400,9824516,-5713116,0,0,0,0,2000,-2000,-1186000,0,1156000,-1156000,0,30000,-30000,-6901116
3037,欣興            ,6478343,16917300,-10438957,0,0,0,4193000,18000,4175000,-657000,636000,942000,-306000,208000,559000,-351000,-6920957
3481,群創            ,11178000,17921964,-6743964,0,0,0,0,0,0,-700000,1184000,1509000,-325000,178000,553000,-375000,-7443964
2890,永豐金          ,6909000,14686134,-7777134,0,0,0,626000,3000,623000,-1075000,65000,1152000,-1087000,12000,0,12000,-8229134
2884,玉山金          ,8723291,16630873,-7907582,0,0,0,124000,230000,-106000,-928997,111000,1188000,-1077000,459003,311000,148003,-8942579
2886,兆豐金          ,4405006,12209017,-7804011,0,0,0,311000,4000,307000,-1471000,1000,1386000,-1385000,9000,95000,-86000,-8968011
2330,台積電          ,37689317,45416103,-7726786,0,0,0,57000,1824300,-1767300,-1690000,807000,3285000,-2478000,1980000,1192000,788000,-11184086
2317,鴻海            ,9815208,25391036,-15575828,0,0,0,5000,434000,-429000,-1432000,4000,1472000,-1468000,307000,271000,36000,-17436828
00878,國泰永續高股息  ,1812001,0,1812001,0,0,0,0,0,0,-19718000,0,0,0,350000,20068000,-19718000,-17905999
2368,金像電          ,6349000,21175000,-14826000,0,0,0,0,3084000,-3084000,-199000,100000,332000,-232000,133000,100000,33000,-18109000
00715L,街口布蘭特油正2 ,5000,1478000,-1473000,0,0,0,0,0,0,-23501000,0,0,0,0,23501000,-23501000,-24974000
2303,聯電            ,73865615,95868341,-22002726,0,0,0,479000,2078000,-1599000,-1751000,1654000,3553000,-1899000,1646000,1498000,148000,-25352726
00632R,元大台灣50反1   ,56342000,44883000,11459000,0,0,0,0,0,0,-267000000,204000,2515000,-2311000,2755000,267444000,-264689000,-255541000
