證券代號,證券名稱,外陸資買進股數(不含外資自營商),外陸資賣出股數(不含外資自營商),外陸資買賣超股數(不含外資自營商),外資自營商買進股數,外資自營商賣出股數,外資自營商買賣超股數,投信買進股數,投信賣出股數,投信買賣超股數,自營商買賣超股數,自營商買進股數(自行買賣),自營商賣出股數(自行買賣),自營商買賣超股數(自行買賣),自營商買進股數(避險),自營商賣出股數(避險),自營商買賣超股數(避險),三大法人買賣超股數
00677U,富邦VIX         ,148788000,22828000,125960000,0,0,0,0,0,0,47213000,5180000,800000,4380000,54864000,12031000,42833000,173173000
2317,鴻海            ,60359800,32889297,27470503,0,0,0,60000,252000,-192000,-38000,689000,436000,253000,1667000,1958000,-291000,27240503
3481,群創            ,40127302,21578498,18548804,0,0,0,248000,0,248000,13000,1222000,902000,320000,1204000,1511000,-307000,18809804
00669R,國泰美國道瓊反1 ,729000,0,729000,0,0,0,0,0,0,11153000,0,0,0,12628000,1475000,11153000,11882000
2308,台達電          ,12022638,8056870,3965768,0,0,0,372000,0,372000,296000,412000,139000,273000,45000,22000,23000,4633768
2332,友訊            ,9760000,7779000,1981000,0,0,0,0,0,0,2468000,216000,97000,119000,2623000,274000,2349000,4449000
2504,國產            ,4734000,1099000,3635000,0,0,0,0,0,0,399000,0,52000,-52000,975000,524000,451000,4034000
3231,緯創            ,13524282,15281622,-1757340,0,0,0,5942000,2000,5940000,-273000,44000,287000,-243000,286000,316000,-30000,3909660
00671R,富邦NASDAQ反1   ,1852000,20000,1832000,0,0,0,0,0,0,1967000,0,0,0,2420000,453000,1967000,3799000
2368,金像電          ,7655000,3586000,4069000,0,0,0,8000,46000,-38000,-441000,191000,602000,-411000,70000,100000,-30000,3590000
062986,T50反1中信02購01,0,0,0,0,0,0,0,0,0,3509000,0,0,0,4858000,1349000,3509000,3509000
2891,中信金          ,18096614,14592158,3504456,0,0,0,3000,0,3000,-58000,58000,140000,-82000,24000,0,24000,3449456
2313,華通            ,6444000,2629000,3815000,0,0,0,0,773000,-773000,307000,492000,374000,118000,402000,213000,189000,3349000
8046,南電            ,4059000,1463000,2596000,0,0,0,114000,36000,78000,420000,236000,60000,176000,311000,67000,244000,3094000
00708L,元大S&P黃金正2  ,0,0,0,0,0,0,0,0,0,3002000,0,0,0,4609000,1607000,3002000,3002000
3037,欣興            ,9024000,7368000,1656000,0,0,0,1768000,0,1768000,-456000,502000,897000,-395000,99000,160000,-61000,2968000
9933,中鼎            ,1464000,5341000,-3877000,0,0,0,6975000,61000,6914000,-158000,0,172000,-172000,14000,0,14000,2879000
06878P,台灣50日盛9B售01,0,0,0,0,0,0,0,0,0,2749000,0,0,0,2914000,165000,2749000,2749000
07194P,聯發科元大99售25,0,0,0,0,0,0,0,0,0,2585000,0,0,0,4029000,1444000,2585000,2585000
1762,中化生          ,2589000,1047000,1542000,0,0,0,899000,0,899000,-37000,0,37000,-37000,0,0,0,2404000
9914,美利達          ,2404643,521000,1883643,0,0,0,453000,0,453000,41000,77000,36000,41000,0,0,0,2377643
2412,中華電          ,4890686,3489072,1401614,0,0,0,14000,80000,-66000,890000,908000,17000,891000,0,1000,-1000,2225614
2347,聯強            ,5176282,1702115,3474167,0,0,0,0,1330000,-1330000,-100000,25000,147000,-122000,22000,0,22000,2044167
064917,元大金統一02購01,0,0,0,0,0,0,0,0,0,1857000,0,0,0,2475000,618000,1857000,1857000
06696P,台灣50國票99售01,0,0,0,0,0,0,0,0,0,1803000,0,0,0,1808000,5000,1803000,1803000
3034,聯詠            ,3264318,2051338,1212980,0,0,0,688000,0,688000,-105000,27000,103000,-76000,11000,40000,-29000,1795980
2324,仁寶            ,7047554,8067272,-1019718,0,0,0,2406000,0,2406000,324000,251000,17000,234000,90000,0,90000,1710282
063322,台郡群益9B購02  ,0,0,0,0,0,0,0,0,0,1670000,0,0,0,1734000,64000,1670000,1670000
2382,廣達            ,5153032,3522589,1630443,0,0,0,31000,7000,24000,-10000,168000,217000,-49000,55000,16000,39000,1644443
5871,中租-KY         ,5020092,3214400,1805692,0,0,0,0,27000,-27000,-136000,108000,257000,-149000,28000,15000,13000,1642692
2345,智邦            ,2911786,1304123,1607663,0,0,0,5000,52000,-47000,28000,30000,56000,-26000,79000,25000,54000,1588663
3189,景碩            ,3454000,4554000,-1100000,0,0,0,2133000,27000,2106000,529000,341000,224000,117000,542000,130000,412000,1535000
2102,泰豐            ,3342000,1942000,1400000,0,0,0,21000,0,21000,104000,110000,6000,104000,0,0,0,1525000
3038,全台            ,2064000,555000,1509000,0,0,0,0,100000,-100000,80000,80000,0,80000,0,0,0,1489000
2323,中環            ,2885000,1547984,1337016,0,0,0,0,0,0,151000,6000,4000,2000,218000,69000,149000,1488016
063054,健鼎統一01購01  ,0,0,0,0,0,0,0,0,0,1486000,0,0,0,1594000,108000,1486000,1486000
054173,奇力新台新97購02,0,0,0,0,0,0,0,0,0,1466000,0,0,0,1466000,0,1466000,1466000
063327,燿華國票9C購02  ,0,0,0,0,0,0,0,0,0,1382000,0,0,0,1432000,50000,1382000,1382000
060784,鴻海富邦9C購01  ,0,0,0,0,0,0,0,0,0,1362000,0,0,0,1477000,115000,1362000,1362000
4746,台耀            ,2295723,956000,1339723,0,0,0,6000,0,6000,-4000,0,4000,-4000,0,0,0,1341723
045517,元油2X元富98購01,0,0,0,0,0,0,0,0,0,1338000,0,0,0,1338000,0,1338000,1338000
2458,義隆            ,2287000,3339460,-1052460,0,0,0,2503000,29000,2474000,-85000,38000,100000,-62000,19000,42000,-23000,1336540
063682,達新永豐9B購01  ,0,0,0,0,0,0,0,0,0,1325000,0,0,0,1330000,5000,1325000,1325000
063257,牧德國泰01購01  ,0,0,0,0,0,0,0,0,0,1304000,0,0,0,1402000,98000,1304000,1304000
1434,福懋            ,2654800,12940000,-10285200,0,0,0,11590000,60000,11530000,-2000,8000,34000,-26000,24000,0,24000,1242800
060569,台積電永豐9A購01,0,0,0,0,0,0,0,0,0,1200000,0,0,0,1200000,0,1200000,1200000
058776,台積電國票9A購03,0,0,0,0,0,0,0,0,0,1192000,0,0,0,1632000,440000,1192000,1192000
063324,道瓊反國票9B購03,0,0,0,0,0,0,0,0,0,1150000,0,0,0,1152000,2000,1150000,1150000
064147,瑞昱統一01購04  ,0,0,0,0,0,0,0,0,0,1147000,0,0,0,1291000,144000,1147000,1147000
00664R,國泰臺灣加權反1 ,2000,2000,0,0,0,0,0,0,0,1140000,0,0,0,1932000,792000,1140000,1140000
08136P,祥碩國泰01售01  ,0,0,0,0,0,0,0,0,0,1134000,0,0,0,1526000,392000,1134000,1134000
4142,國光生          ,6748000,5610000,1138000,0,0,0,0,0,0,-22000,0,2000,-2000,0,20000,-20000,1116000
061186,牧德國泰9C購01  ,0,0,0,0,0,0,0,0,0,1110000,0,0,0,1155000,45000,1110000,1110000
3042,晶技            ,2561000,1555000,1006000,0,0,0,0,48000,-48000,145000,32000,76000,-44000,214000,25000,189000,1103000
056707,鴻海富邦99購03  ,0,0,0,0,0,0,0,0,0,1100000,0,0,0,1110000,10000,1100000,1100000
056589,康控統一98購01  ,0,0,0,0,0,0,0,0,0,1088000,0,0,0,1088000,0,1088000,1088000
08112P,臺股指中信01售07,0,0,0,0,0,0,0,0,0,1070000,0,0,0,1178000,108000,1070000,1070000
061915,T50反1凱基02購02,0,0,0,0,0,0,0,0,0,1034000,0,0,0,1172000,138000,1034000,1034000
2363,矽統            ,1772000,731000,1041000,0,0,0,0,0,0,-11000,0,11000,-11000,0,0,0,1030000
06619P,聯發科元大98售06,0,0,0,0,0,0,0,0,0,1011000,0,0,0,1011000,0,1011000,1011000
054325,奇力新台新97購03,0,0,0,0,0,0,0,0,0,1008000,0,0,0,1008000,0,1008000,1008000
06836P,玉晶光國票99售06,0,0,0,0,0,0,0,0,0,986000,0,0,0,1692000,706000,986000,986000
060632,可成富邦9B購01  ,0,0,0,0,0,0,0,0,0,986000,0,0,0,1006000,20000,986000,986000
6257,矽格            ,1807000,1674000,133000,0,0,0,242000,20000,222000,617000,47000,102000,-55000,689000,17000,672000,972000
2383,台光電          ,2396376,2204000,192376,0,0,0,989000,200000,789000,-27000,336000,687000,-351000,353000,29000,324000,954376
058553,合勤控永豐99購01,0,0,0,0,0,0,0,0,0,951000,0,0,0,1133000,182000,951000,951000
5215,科嘉-KY         ,1537000,936000,601000,0,0,0,400000,0,400000,-109000,4000,113000,-109000,0,0,0,892000
07458P,長榮航元大9A售01,0,0,0,0,0,0,0,0,0,890000,0,0,0,890000,0,890000,890000
063658,瑞祺元富9B購01  ,0,0,0,0,0,0,0,0,0,878000,0,0,0,1059000,181000,878000,878000
06824P,台灣50國票99售02,0,0,0,0,0,0,0,0,0,871000,0,0,0,955000,84000,871000,871000
07025P,玉晶光凱基99售01,0,0,0,0,0,0,0,0,0,864000,0,0,0,1064000,200000,864000,864000
056803,群創台新99購02  ,0,0,0,0,0,0,0,0,0,828000,0,0,0,828000,0,828000,828000
062275,燿華群益9B購01  ,0,0,0,0,0,0,0,0,0,822000,0,0,0,871000,49000,822000,822000
061414,牧德群益9B購02  ,0,0,0,0,0,0,0,0,0,818000,0,0,0,818000,0,818000,818000
065189,台郡統一9C購03  ,0,0,0,0,0,0,0,0,0,817000,0,0,0,932000,115000,817000,817000
4906,正文            ,739000,165000,574000,0,0,0,50000,0,50000,190000,31000,12000,19000,171000,0,171000,814000
06991P,矽創群益99售01  ,0,0,0,0,0,0,0,0,0,809000,0,0,0,809000,0,809000,809000
1217,愛之味          ,960000,157000,803000,0,0,0,0,0,0,0,0,0,0,0,0,0,803000
054623,華新科第一97購01,0,0,0,0,0,0,0,0,0,802000,0,0,0,802000,0,802000,802000
01003T,兆豐新光R1      ,817000,16000,801000,0,0,0,0,0,0,0,0,0,0,0,0,0,801000
063265,瑞祺永豐9B購01  ,0,0,0,0,0,0,0,0,0,796000,0,0,0,867000,71000,796000,796000
063358,華擎國泰01購01  ,0,0,0,0,0,0,0,0,0,794000,0,0,0,1074000,280000,794000,794000
063876,華新元富9C購01  ,0,0,0,0,0,0,0,0,0,792000,0,0,0,825000,33000,792000,792000
08315P,台積電元大9C售08,0,0,0,0,0,0,0,0,0,773000,0,0,0,949000,176000,773000,773000
063209,巨大統一01購01  ,0,0,0,0,0,0,0,0,0,764000,0,0,0,849000,85000,764000,764000
056266,開發金統一9A購01,0,0,0,0,0,0,0,0,0,763000,0,0,0,1062000,299000,763000,763000
065313,聯茂國票01購01  ,0,0,0,0,0,0,0,0,0,746000,0,0,0,1000000,254000,746000,746000
060281,卜蜂元大9C購01  ,0,0,0,0,0,0,0,0,0,740000,0,0,0,750000,10000,740000,740000
064940,智伸科元富9C購01,0,0,0,0,0,0,0,0,0,739000,0,0,0,932000,193000,739000,739000
052654,友達統一97購01  ,0,0,0,0,0,0,0,0,0,733000,0,0,0,733000,0,733000,733000
3380,明泰            ,884000,187000,697000,0,0,0,0,0,0,34000,39000,1000,38000,0,4000,-4000,731000
059841,國巨富邦9C購01  ,8000,0,8000,0,0,0,0,0,0,722000,0,0,0,791000,69000,722000,730000
057973,神達富邦9A購01  ,0,0,0,0,0,0,0,0,0,727000,0,0,0,727000,0,727000,727000
055008,隆達元富97購01  ,0,0,0,0,0,0,0,0,0,721000,0,0,0,721000,0,721000,721000
061517,瑞祺永豐9A購03  ,0,0,0,0,0,0,0,0,0,718000,0,0,0,755000,37000,718000,718000
064927,瀚宇博統一02購01,0,0,0,0,0,0,0,0,0,715000,0,0,0,720000,5000,715000,715000
056696,茂林群益98購02  ,0,0,0,0,0,0,0,0,0,700000,0,0,0,700000,0,700000,700000
061085,聯茂兆豐9A購01  ,0,0,0,0,0,0,0,0,0,697000,0,0,0,1456000,759000,697000,697000
046942,友達元大99購01  ,0,0,0,0,0,0,0,0,0,685000,0,0,0,790000,105000,685000,685000
8926,台汽電          ,813000,82000,731000,0,0,0,0,42000,-42000,-5000,0,5000,-5000,8000,8000,0,684000
06771P,台灣50中信02售01,0,0,0,0,0,0,0,0,0,682000,0,0,0,935000,253000,682000,682000
062797,瑞昱統一9B購01  ,0,0,0,0,0,0,0,0,0,679000,0,0,0,745000,66000,679000,679000
06503P,臺股指中信9A售02,0,0,0,0,0,0,0,0,0,677000,0,0,0,1415000,738000,677000,677000
065352,GIS統一01購04   ,0,0,0,0,0,0,0,0,0,671000,0,0,0,708000,37000,671000,671000
2376,技嘉            ,1832072,1160000,672072,0,0,0,68000,34000,34000,-38000,101000,99000,2000,48000,88000,-40000,668072
061021,聯電國泰9B購01  ,0,0,0,0,0,0,0,0,0,662000,0,0,0,915000,253000,662000,662000
053537,玉晶光永豐98購02,0,0,0,0,0,0,0,0,0,656000,0,0,0,784000,128000,656000,656000
064522,華擎群益01購01  ,0,0,0,0,0,0,0,0,0,656000,0,0,0,656000,0,656000,656000
060164,合勤控永豐9A購01,0,0,0,0,0,0,0,0,0,654000,0,0,0,1165000,511000,654000,654000
064821,聯電統一02購01  ,0,0,0,0,0,0,0,0,0,653000,0,0,0,841000,188000,653000,653000
061306,瑞祺永豐9A購02  ,0,0,0,0,0,0,0,0,0,642000,0,0,0,832000,190000,642000,642000
056320,京鼎群益99購01  ,0,0,0,0,0,0,0,0,0,637000,0,0,0,732000,95000,637000,637000
064176,京元電國泰01購01,0,0,0,0,0,0,0,0,0,637000,0,0,0,717000,80000,637000,637000
6504,南六            ,796000,571000,225000,0,0,0,11000,0,11000,399000,242000,3000,239000,179000,19000,160000,635000
063528,元大金凱基9B購01,0,0,0,0,0,0,0,0,0,632000,0,0,0,632000,0,632000,632000
00676R,富邦臺灣加權反1 ,0,348000,-348000,0,0,0,0,0,0,974000,0,0,0,1778000,804000,974000,626000
060792,信錦永豐9A購01  ,0,0,0,0,0,0,0,0,0,626000,0,0,0,626000,0,626000,626000
06653P,美食元大98售02  ,0,0,0,0,0,0,0,0,0,625000,0,0,0,648000,23000,625000,625000
07174P,臺股指國票99售11,0,0,0,0,0,0,0,0,0,618000,0,0,0,778000,160000,618000,618000
00635U,元大S&P黃金     ,3000,3000,0,0,0,0,0,0,0,613000,0,0,0,727000,114000,613000,613000
3698,隆達            ,1580000,807000,773000,0,0,0,0,0,0,-160000,19000,108000,-89000,89000,160000,-71000,613000
057743,華擎永豐98購03  ,0,0,0,0,0,0,0,0,0,610000,0,0,0,647000,37000,610000,610000
063819,致新群益9C購01  ,0,0,0,0,0,0,0,0,0,609000,0,0,0,609000,0,609000,609000
061941,道瓊指群益9B購01,0,0,0,0,0,0,0,0,0,608000,0,0,0,661000,53000,608000,608000
3576,聯合再生        ,997000,392000,605000,0,0,0,0,0,0,0,0,0,0,0,0,0,605000
055653,聯詠元富01購02  ,0,0,0,0,0,0,0,0,0,605000,0,0,0,857000,252000,605000,605000
08321P,世芯永豐9C售01  ,0,0,0,0,0,0,0,0,0,603000,0,0,0,1021000,418000,603000,603000
062854,日電貿永豐9B購01,0,0,0,0,0,0,0,0,0,602000,0,0,0,670000,68000,602000,602000
060428,瑞祺永豐9A購01  ,0,0,0,0,0,0,0,0,0,601000,0,0,0,873000,272000,601000,601000
07307P,上証2X凱基9A售02,0,0,0,0,0,0,0,0,0,600000,0,0,0,600000,0,600000,600000
065336,華新統一02購01  ,0,0,0,0,0,0,0,0,0,600000,0,0,0,600000,0,600000,600000
054471,T50反1中信9C購01,0,0,0,0,0,0,0,0,0,600000,0,0,0,607000,7000,600000,600000
053105,鴻海兆豐97購01  ,0,0,0,0,0,0,0,0,0,599000,0,0,0,599000,0,599000,599000
064590,牧德永豐9C購01  ,0,0,0,0,0,0,0,0,0,594000,0,0,0,595000,1000,594000,594000
064146,瑞昱統一01購03  ,0,0,0,0,0,0,0,0,0,592000,0,0,0,622000,30000,592000,592000
059086,國巨元大99購18  ,0,0,0,0,0,0,0,0,0,589000,0,0,0,653000,64000,589000,589000
063861,南亞科國泰02購01,0,0,0,0,0,0,0,0,0,587000,0,0,0,587000,0,587000,587000
063782,致新永豐9B購02  ,0,0,0,0,0,0,0,0,0,587000,0,0,0,664000,77000,587000,587000
056673,中石化元富9B購01,0,0,0,0,0,0,0,0,0,573000,0,0,0,579000,6000,573000,573000
9919,康那香          ,1593000,755000,838000,0,0,0,0,0,0,-265000,0,265000,-265000,0,0,0,573000
07032P,聯發科統一9C售02,0,0,0,0,0,0,0,0,0,570000,0,0,0,570000,0,570000,570000
063376,神達永豐9B購01  ,0,0,0,0,0,0,0,0,0,570000,0,0,0,570000,0,570000,570000
8011,台通            ,656000,90000,566000,0,0,0,0,0,0,-3000,0,3000,-3000,0,0,0,563000
058841,深中小群益01購01,0,0,0,0,0,0,0,0,0,561000,0,0,0,661000,100000,561000,561000
060360,南亞科元富9A購02,0,0,0,0,0,0,0,0,0,560000,0,0,0,610000,50000,560000,560000
060376,瑞祺元富9A購01  ,0,0,0,0,0,0,0,0,0,560000,0,0,0,615000,55000,560000,560000
064909,華擎麥證9C購01  ,0,0,0,559000,0,559000,0,0,0,559000,0,0,0,559000,0,559000,559000
064977,玉晶光元大01購03,0,0,0,0,0,0,0,0,0,556000,0,0,0,561000,5000,556000,556000
1325,恆大            ,1113000,581000,532000,0,0,0,0,0,0,22000,20000,0,20000,2000,0,2000,554000
058495,元大金群益9B購01,0,0,0,0,0,0,0,0,0,553000,0,0,0,601000,48000,553000,553000
062667,立積群益9B購01  ,0,0,0,0,0,0,0,0,0,550000,0,0,0,711000,161000,550000,550000
065403,健鼎國泰02購01  ,0,0,0,0,0,0,0,0,0,547000,0,0,0,547000,0,547000,547000
8039,台虹            ,609000,93000,516000,0,0,0,0,0,0,19000,6000,10000,-4000,23000,0,23000,535000
062351,瑞祺群益9C購01  ,0,0,0,0,0,0,0,0,0,531000,0,0,0,631000,100000,531000,531000
062908,晶豪科元大9B購03,0,0,0,0,0,0,0,0,0,529000,0,0,0,657000,128000,529000,529000
00673R,元大S&P原油反1  ,0,0,0,0,0,0,0,0,0,528000,0,0,0,744000,216000,528000,528000
054215,創意國票97購02  ,0,0,0,0,0,0,0,0,0,527000,0,0,0,533000,6000,527000,527000
062975,京鼎元富9B購01  ,0,0,0,0,0,0,0,0,0,526000,0,0,0,925000,399000,526000,526000
064194,燿華群益9C購01  ,0,0,0,0,0,0,0,0,0,521000,0,0,0,544000,23000,521000,521000
058183,國巨富邦9A購06  ,0,0,0,0,0,0,0,0,0,520000,0,0,0,520000,0,520000,520000
062343,中石化群益9B購01,0,0,0,0,0,0,0,0,0,520000,0,0,0,816000,296000,520000,520000
062061,台勝科統一01購01,0,0,0,0,0,0,0,0,0,519000,0,0,0,599000,80000,519000,519000
064684,巨大兆豐9C購01  ,0,0,0,0,0,0,0,0,0,519000,0,0,0,700000,181000,519000,519000
056520,鴻海日盛99購01  ,0,0,0,0,0,0,0,0,0,518000,0,0,0,737000,219000,518000,518000
061129,文曄永豐9A購01  ,0,0,0,0,0,0,0,0,0,518000,0,0,0,670000,152000,518000,518000
08405P,聯發科元大9C售11,0,0,0,0,0,0,0,0,0,511000,0,0,0,1475000,964000,511000,511000
08135P,玉晶光國泰01售02,0,0,0,0,0,0,0,0,0,510000,0,0,0,539000,29000,510000,510000
062980,康控元富9B購01  ,0,0,0,0,0,0,0,0,0,510000,0,0,0,540000,30000,510000,510000
056619,強茂永豐98購01  ,0,0,0,0,0,0,0,0,0,509000,0,0,0,511000,2000,509000,509000
051544,T50反1康和98購01,0,0,0,0,0,0,0,0,0,509000,0,0,0,509000,0,509000,509000
6271,同欣電          ,1544030,1330207,213823,0,0,0,548000,472000,76000,219000,182000,5000,177000,53000,11000,42000,508823
060381,元黃金凱基9A購01,0,0,0,0,0,0,0,0,0,505000,0,0,0,525000,20000,505000,505000
064076,台積電中信06購02,0,0,0,0,0,0,0,0,0,505000,0,0,0,520000,15000,505000,505000
062687,華擎統一01購02  ,0,0,0,0,0,0,0,0,0,502000,0,0,0,573000,71000,502000,502000
057765,康舒凱基98購01  ,0,0,0,0,0,0,0,0,0,500000,0,0,0,500000,0,500000,500000
060937,T50反1國票9A購10,0,0,0,0,0,0,0,0,0,500000,0,0,0,743000,243000,500000,500000
050400,臻鼎中信97購01  ,0,0,0,0,0,0,0,0,0,499000,0,0,0,499000,0,499000,499000
054853,TPK國票98購02   ,0,0,0,0,0,0,0,0,0,499000,0,0,0,499000,0,499000,499000
063521,國巨凱基03購01  ,0,0,0,0,0,0,0,0,0,495000,0,0,0,500000,5000,495000,495000
063568,高鐵元大9B購01  ,0,0,0,0,0,0,0,0,0,495000,0,0,0,505000,10000,495000,495000
4414,如興            ,572000,73000,499000,0,0,0,0,0,0,-5000,0,5000,-5000,0,0,0,494000
2371,大同            ,2936980,2513000,423980,0,0,0,1000,0,1000,69000,92000,23000,69000,0,0,0,493980
1308,亞聚            ,560000,63000,497000,0,0,0,0,0,0,-5000,0,5000,-5000,0,0,0,492000
058971,台積電永豐99購03,0,0,0,0,0,0,0,0,0,489000,0,0,0,489000,0,489000,489000
08152P,祥碩統一9B售02  ,0,0,0,0,0,0,0,0,0,485000,0,0,0,551000,66000,485000,485000
06852P,臺股指元大98售11,30000,0,30000,0,0,0,0,0,0,453000,0,0,0,1382000,929000,453000,483000
063690,健鼎永豐9B購01  ,0,0,0,0,0,0,0,0,0,483000,0,0,0,532000,49000,483000,483000
057416,T50反1凱基9C購01,0,0,0,0,0,0,0,0,0,480000,0,0,0,600000,120000,480000,480000
056677,智伸科元富98購01,0,0,0,0,0,0,0,0,0,480000,0,0,0,521000,41000,480000,480000
059524,FBVIX凱基9A購02 ,0,0,0,0,0,0,0,0,0,476000,0,0,0,574000,98000,476000,476000
063218,台塑群益9B購01  ,0,0,0,0,0,0,0,0,0,474000,0,0,0,639000,165000,474000,474000
064553,臺指反群益9C購01,0,0,0,0,0,0,0,0,0,474000,0,0,0,499000,25000,474000,474000
064094,達新群益9C購01  ,0,0,0,0,0,0,0,0,0,472000,0,0,0,512000,40000,472000,472000
055827,中石化元大98購01,0,0,0,0,0,0,0,0,0,470000,0,0,0,470000,0,470000,470000
064682,嘉聯益兆豐01購01,0,0,0,0,0,0,0,0,0,468000,0,0,0,712000,244000,468000,468000
07421P,國泰金元大99售01,0,0,0,0,0,0,0,0,0,466000,0,0,0,793000,327000,466000,466000
058836,FBVIX中信03購05 ,0,0,0,0,0,0,0,0,0,465000,0,0,0,477000,12000,465000,465000
07170P,臺股指國票99售07,0,0,0,0,0,0,0,0,0,464000,0,0,0,774000,310000,464000,464000
03662C,FBVIX凱基03牛01 ,0,0,0,0,0,0,0,0,0,463000,0,0,0,615000,152000,463000,463000
062460,京鼎群益9C購01  ,0,0,0,0,0,0,0,0,0,463000,0,0,0,556000,93000,463000,463000
063226,康控群益9B購03  ,0,0,0,0,0,0,0,0,0,463000,0,0,0,493000,30000,463000,463000
063477,訊芯元大9B購01  ,0,0,0,0,0,0,0,0,0,462000,0,0,0,527000,65000,462000,462000
3443,創意            ,1349000,1521000,-172000,0,0,0,400000,0,400000,231000,183000,109000,74000,178000,21000,157000,459000
053568,智伸科富邦98購01,0,0,0,0,0,0,0,0,0,451000,0,0,0,561000,110000,451000,451000
064234,正崴統一01購01  ,0,0,0,0,0,0,0,0,0,451000,0,0,0,671000,220000,451000,451000
3017,奇鋐            ,1903000,1721437,181563,0,0,0,0,0,0,269000,136000,22000,114000,192000,37000,155000,450563
055497,開發金元大97購01,0,0,0,0,0,0,0,0,0,450000,0,0,0,450000,0,450000,450000
2338,光罩            ,702000,376000,326000,0,0,0,0,20000,-20000,140000,15000,0,15000,139000,14000,125000,446000
05634P,玉晶光台新97售01,0,0,0,0,0,0,0,0,0,446000,0,0,0,446000,0,446000,446000
062207,牧德國票9B購02  ,0,0,0,0,0,0,0,0,0,443000,0,0,0,655000,212000,443000,443000
064818,華新統一01購01  ,0,0,0,0,0,0,0,0,0,443000,0,0,0,443000,0,443000,443000
056894,佳世達元大99購01,0,0,0,0,0,0,0,0,0,442000,0,0,0,442000,0,442000,442000
064569,群創群益9C購01  ,0,0,0,0,0,0,0,0,0,441000,0,0,0,590000,149000,441000,441000
08106P,聯發科統一9B售09,0,0,0,0,0,0,0,0,0,438000,0,0,0,458000,20000,438000,438000
07747P,晶技凱基9A售04  ,0,0,0,0,0,0,0,0,0,435000,0,0,0,450000,15000,435000,435000
08243P,祥碩凱基9C售02  ,0,0,0,0,0,0,0,0,0,434000,0,0,0,489000,55000,434000,434000
057486,美律元大98購04  ,0,0,0,0,0,0,0,0,0,434000,0,0,0,482000,48000,434000,434000
063318,京鼎群益9C購02  ,0,0,0,0,0,0,0,0,0,433000,0,0,0,446000,13000,433000,433000
064540,神達麥證01購01  ,0,0,0,437000,5000,432000,0,0,0,432000,0,0,0,437000,5000,432000,432000
063592,瑞祺永豐9B購02  ,0,0,0,0,0,0,0,0,0,430000,0,0,0,525000,95000,430000,430000
061350,牧德元大9B購03  ,0,0,0,0,0,0,0,0,0,428000,0,0,0,448000,20000,428000,428000
056795,鴻海麥證98購01  ,0,0,0,425000,0,425000,0,0,0,425000,0,0,0,425000,0,425000,425000
6213,聯茂            ,1819000,1118330,700670,0,0,0,84000,432000,-348000,70446,87000,102000,-15000,110000,24554,85446,423116
07949P,滬深2X元大9B售04,0,0,0,0,0,0,0,0,0,416000,0,0,0,499000,83000,416000,416000
054472,道瓊反中信9A購01,0,0,0,0,0,0,0,0,0,416000,0,0,0,642000,226000,416000,416000
046061,中石化凱基98購01,0,0,0,0,0,0,0,0,0,415000,0,0,0,456000,41000,415000,415000
059188,京元電富邦9B購01,0,0,0,0,0,0,0,0,0,414000,0,0,0,649000,235000,414000,414000
08203P,同欣電永豐9B售04,0,0,0,0,0,0,0,0,0,413000,0,0,0,413000,0,413000,413000
058246,帆宣元大99購01  ,0,0,0,0,0,0,0,0,0,412000,0,0,0,422000,10000,412000,412000
057823,神達元大98購01  ,0,0,0,0,0,0,0,0,0,407000,0,0,0,597000,190000,407000,407000
060183,南亞科元富9A購01,0,0,0,0,0,0,0,0,0,406000,0,0,0,483000,77000,406000,406000
07502P,美食元大9A售01  ,0,0,0,0,0,0,0,0,0,403000,0,0,0,429000,26000,403000,403000
060127,牧德永豐99購02  ,0,0,0,0,0,0,0,0,0,403000,0,0,0,414000,11000,403000,403000
063469,牧德元大9C購02  ,0,0,0,0,0,0,0,0,0,403000,0,0,0,403000,0,403000,403000
063646,帆宣元大9B購02  ,0,0,0,0,0,0,0,0,0,401000,0,0,0,421000,20000,401000,401000
063400,華擎群益9B購03  ,0,0,0,0,0,0,0,0,0,401000,0,0,0,411000,10000,401000,401000
063585,台積電永豐9B購03,0,0,0,0,0,0,0,0,0,400000,0,0,0,400000,0,400000,400000
056122,勤誠群益97購02  ,0,0,0,0,0,0,0,0,0,399000,0,0,0,399000,0,399000,399000
063379,帆宣永豐9B購01  ,0,0,0,0,0,0,0,0,0,395000,0,0,0,395000,0,395000,395000
057788,嘉聯益國票99購01,0,0,0,0,0,0,0,0,0,392000,0,0,0,712000,320000,392000,392000
6443,元晶            ,476000,84000,392000,0,0,0,0,0,0,0,0,0,0,0,0,0,392000
060833,道瓊反國票9A購01,0,0,0,0,0,0,0,0,0,391000,0,0,0,391000,0,391000,391000
054164,強茂凱基98購01  ,0,0,0,0,0,0,0,0,0,390000,0,0,0,413000,23000,390000,390000
059754,訊芯群益9A購01  ,0,0,0,0,0,0,0,0,0,390000,0,0,0,440000,50000,390000,390000
062889,可成群益9C購01  ,0,0,0,0,0,0,0,0,0,387000,0,0,0,387000,0,387000,387000
07957P,晶技群益9B售02  ,0,0,0,0,0,0,0,0,0,384000,0,0,0,384000,0,384000,384000
060851,國巨國泰9C購01  ,0,0,0,0,0,0,0,0,0,383000,0,0,0,446000,63000,383000,383000
064464,台郡統一01購01  ,0,0,0,0,0,0,0,0,0,383000,0,0,0,507000,124000,383000,383000
07473P,祥碩元大9A售01  ,0,0,0,0,0,0,0,0,0,381000,0,0,0,566000,185000,381000,381000
07686P,祥碩凱基9A售02  ,0,0,0,0,0,0,0,0,0,381000,0,0,0,381000,0,381000,381000
058449,台積電永豐99購01,0,0,0,0,0,0,0,0,0,381000,0,0,0,381000,0,381000,381000
063110,牧德兆豐9B購01  ,0,0,0,0,0,0,0,0,0,380000,0,0,0,400000,20000,380000,380000
062745,聯詠永豐9B購01  ,0,0,0,0,0,0,0,0,0,380000,0,0,0,421000,41000,380000,380000
063613,全新群益9C購01  ,0,0,0,0,0,0,0,0,0,380000,0,0,0,428000,48000,380000,380000
1215,卜蜂            ,1480000,826000,654000,0,0,0,0,0,0,-275000,0,70000,-70000,10000,215000,-205000,379000
064015,立積國票01購01  ,0,0,0,0,0,0,0,0,0,379000,0,0,0,742000,363000,379000,379000
061724,訊芯永豐9A購01  ,0,0,0,0,0,0,0,0,0,378000,0,0,0,584000,206000,378000,378000
00648R,元大S&P500反1   ,84000,0,84000,0,0,0,0,0,0,292000,0,0,0,1688000,1396000,292000,376000
4960,誠美材          ,675000,291000,384000,0,0,0,0,0,0,-8000,0,8000,-8000,0,0,0,376000
061315,滬深2X凱基9C購06,0,0,0,0,0,0,0,0,0,375000,0,0,0,375000,0,375000,375000
07709P,創意元大9A售01  ,0,0,0,0,0,0,0,0,0,374000,0,0,0,400000,26000,374000,374000
00639,富邦深100       ,439000,27000,412000,0,0,0,0,0,0,-39815,0,0,0,1048185,1088000,-39815,372185
061813,鴻海群益9B購02  ,0,0,0,0,0,0,0,0,0,371000,0,0,0,371000,0,371000,371000
064780,義隆群益9C購04  ,0,0,0,0,0,0,0,0,0,371000,0,0,0,430000,59000,371000,371000
063615,瑞祺群益9B購03  ,0,0,0,0,0,0,0,0,0,366000,0,0,0,366000,0,366000,366000
060340,國巨統一01購02  ,0,0,0,0,0,0,0,0,0,365000,0,0,0,401000,36000,365000,365000
2421,建準            ,693000,340000,353000,0,0,0,0,0,0,11000,0,2000,-2000,34000,21000,13000,364000
062116,元金2X第一9B購01,0,0,0,0,0,0,0,0,0,364000,0,0,0,470000,106000,364000,364000
064598,國巨元富9C購03  ,0,0,0,0,0,0,0,0,0,362000,0,0,0,375000,13000,362000,362000
054567,拓凱群益98購01  ,0,0,0,0,0,0,0,0,0,361000,0,0,0,377000,16000,361000,361000
08437P,台郡群益9C售01  ,0,0,0,0,0,0,0,0,0,360000,0,0,0,370000,10000,360000,360000
056573,華新科元大99購06,0,0,0,0,0,0,0,0,0,360000,0,0,0,448000,88000,360000,360000
057249,華邦電統一9A購01,0,0,0,0,0,0,0,0,0,360000,0,0,0,360000,0,360000,360000
07478P,南電康和9A售02  ,0,0,0,0,0,0,0,0,0,359000,0,0,0,509000,150000,359000,359000
06853P,華擎元富98售03  ,0,0,0,0,0,0,0,0,0,359000,0,0,0,678000,319000,359000,359000
064000,台郡兆豐9C購01  ,0,0,0,0,0,0,0,0,0,359000,0,0,0,461000,102000,359000,359000
05692P,聯發科中信9A售02,0,0,0,0,0,0,0,0,0,357000,0,0,0,765000,408000,357000,357000
063785,華通中信06購02  ,0,0,0,0,0,0,0,0,0,357000,0,0,0,357000,0,357000,357000
4119,旭富            ,573000,305000,268000,0,0,0,0,18000,-18000,107000,1000,1000,0,109000,2000,107000,357000
062592,牧德統一01購01  ,0,0,0,0,0,0,0,0,0,356000,0,0,0,356000,0,356000,356000
064520,京鼎群益02購01  ,0,0,0,0,0,0,0,0,0,355000,0,0,0,401000,46000,355000,355000
065022,同欣電富邦01購01,0,0,0,0,0,0,0,0,0,355000,0,0,0,358000,3000,355000,355000
057055,立積元大99購01  ,0,0,0,0,0,0,0,0,0,354000,0,0,0,398000,44000,354000,354000
1467,南緯            ,354000,1000,353000,0,0,0,0,0,0,-1000,0,1000,-1000,0,0,0,352000
060322,卜蜂群益9A購01  ,0,0,0,0,0,0,0,0,0,352000,0,0,0,352000,0,352000,352000
07880P,可成群益9B售05  ,0,0,0,0,0,0,0,0,0,351000,0,0,0,351000,0,351000,351000
07031P,台灣50中信03售02,0,0,0,0,0,0,0,0,0,350000,0,0,0,350000,0,350000,350000
065344,瑞昱統一01購05  ,0,0,0,0,0,0,0,0,0,350000,0,0,0,350000,0,350000,350000
051570,和碩富邦97購01  ,0,0,0,0,0,0,0,0,0,350000,0,0,0,350000,0,350000,350000
055901,超眾中信97購01  ,0,0,0,0,0,0,0,0,0,350000,0,0,0,350000,0,350000,350000
055093,京鼎群益98購01  ,0,0,0,0,0,0,0,0,0,349000,0,0,0,349000,0,349000,349000
061818,富邦金群益9C購01,0,0,0,0,0,0,0,0,0,349000,0,0,0,356000,7000,349000,349000
062932,滬深2X凱基01購01,0,0,0,0,0,0,0,0,0,348000,0,0,0,352000,4000,348000,348000
062786,立積元大9C購03  ,0,0,0,0,0,0,0,0,0,347000,0,0,0,979000,632000,347000,347000
062747,立積永豐9B購01  ,0,0,0,0,0,0,0,0,0,347000,0,0,0,754000,407000,347000,347000
08438P,鴻海國票01售02  ,0,0,0,0,0,0,0,0,0,346000,0,0,0,346000,0,346000,346000
07707P,玉山金元大9A售03,0,0,0,0,0,0,0,0,0,344000,0,0,0,346000,2000,344000,344000
060133,牧德群益9B購01  ,0,0,0,0,0,0,0,0,0,339000,0,0,0,370000,31000,339000,339000
064980,牧德元大01購01  ,0,0,0,0,0,0,0,0,0,339000,0,0,0,370000,31000,339000,339000
060411,達新永豐9A購01  ,0,0,0,0,0,0,0,0,0,338000,0,0,0,343000,5000,338000,338000
064613,聯電元大9C購05  ,0,0,0,0,0,0,0,0,0,337000,0,0,0,374000,37000,337000,337000
063995,健鼎群益9C購01  ,0,0,0,0,0,0,0,0,0,336000,0,0,0,456000,120000,336000,336000
053742,創意國票97購01  ,0,0,0,0,0,0,0,0,0,330000,0,0,0,346000,16000,330000,330000
053926,晶相光國票97購01,0,0,0,0,0,0,0,0,0,330000,0,0,0,330000,0,330000,330000
6116,彩晶            ,1788000,1436000,352000,0,0,0,0,0,0,-22000,4000,92000,-88000,93000,27000,66000,330000
057082,玉晶光統一9A購04,0,0,0,0,0,0,0,0,0,329000,0,0,0,539000,210000,329000,329000
054873,帆宣群益99購01  ,0,0,0,0,0,0,0,0,0,328000,0,0,0,341000,13000,328000,328000
07777P,創意元大9A售03  ,0,0,0,0,0,0,0,0,0,327000,0,0,0,468000,141000,327000,327000
07838P,泰碩元大9A售04  ,0,0,0,0,0,0,0,0,0,327000,0,0,0,364000,37000,327000,327000
051530,鴻海國票97購01  ,0,0,0,0,0,0,0,0,0,327000,0,0,0,327000,0,327000,327000
056768,宏達電元大99購03,0,0,0,0,0,0,0,0,0,326000,0,0,0,328000,2000,326000,326000
058200,世芯康和99購01  ,0,0,0,0,0,0,0,0,0,326000,0,0,0,326000,0,326000,326000
08441P,同欣電元富9C售01,0,0,0,0,0,0,0,0,0,325000,0,0,0,410000,85000,325000,325000
00680L,元大美債20正2   ,0,25000,-25000,0,0,0,0,0,0,350000,0,0,0,377000,27000,350000,325000
057773,技嘉群益9A購02  ,0,0,0,0,0,0,0,0,0,324000,0,0,0,349000,25000,324000,324000
060316,福懋科永豐9A購01,0,0,0,0,0,0,0,0,0,324000,0,0,0,324000,0,324000,324000
058049,帆宣元大98購01  ,0,0,0,0,0,0,0,0,0,322000,0,0,0,322000,0,322000,322000
055399,超眾統一99購01  ,0,0,0,0,0,0,0,0,0,321000,0,0,0,322000,1000,321000,321000
057328,京鼎群益99購02  ,0,0,0,0,0,0,0,0,0,320000,0,0,0,412000,92000,320000,320000
062582,鴻海統一9C購11  ,0,0,0,0,0,0,0,0,0,320000,0,0,0,373000,53000,320000,320000
056483,TPK元大98購01   ,0,0,0,0,0,0,0,0,0,319000,0,0,0,339000,20000,319000,319000
057190,立積元大9A購02  ,0,0,0,0,0,0,0,0,0,319000,0,0,0,713000,394000,319000,319000
058854,樺漢群益9B購01  ,0,0,0,0,0,0,0,0,0,319000,0,0,0,365000,46000,319000,319000
064819,華新統一01購02  ,0,0,0,0,0,0,0,0,0,319000,0,0,0,319000,0,319000,319000
062884,康控兆豐9C購01  ,0,0,0,0,0,0,0,0,0,318000,0,0,0,513000,195000,318000,318000
00739,元大MSCI A股    ,112000,0,112000,0,0,0,0,0,0,203000,0,0,0,966000,763000,203000,315000
061991,牧德元大9C購01  ,0,0,0,0,0,0,0,0,0,314000,0,0,0,314000,0,314000,314000
062008,南亞科國泰9C購01,0,0,0,0,0,0,0,0,0,311000,0,0,0,446000,135000,311000,311000
060310,瑞昱永豐9A購01  ,0,0,0,0,0,0,0,0,0,311000,0,0,0,316000,5000,311000,311000
063145,台表科統一02購01,0,0,0,0,0,0,0,0,0,310000,0,0,0,320000,10000,310000,310000
062029,牧德群益9B購03  ,0,0,0,0,0,0,0,0,0,309000,0,0,0,319000,10000,309000,309000
061489,高鐵兆豐9A購01  ,0,0,0,0,0,0,0,0,0,309000,0,0,0,324000,15000,309000,309000
055891,鴻海統一9A購01  ,0,0,0,0,0,0,0,0,0,308000,0,0,0,748000,440000,308000,308000
059040,訊芯群益99購03  ,0,0,0,0,0,0,0,0,0,308000,0,0,0,476000,168000,308000,308000
059820,南亞科凱基99購07,0,0,0,0,0,0,0,0,0,308000,0,0,0,308000,0,308000,308000
08169P,台光電群益9B售04,0,0,0,0,0,0,0,0,0,307000,0,0,0,332000,25000,307000,307000
8215,明基材          ,403000,93000,310000,0,0,0,0,0,0,-3000,0,3000,-3000,0,0,0,307000
062746,致伸永豐9B購01  ,0,0,0,0,0,0,0,0,0,306000,0,0,0,400000,94000,306000,306000
064562,友達群益9C購03  ,0,0,0,0,0,0,0,0,0,305000,0,0,0,310000,5000,305000,305000
061661,京鼎永豐9A購02  ,0,0,0,0,0,0,0,0,0,302000,0,0,0,378000,76000,302000,302000
061474,瑞昱元大9A購04  ,0,0,0,0,0,0,0,0,0,302000,0,0,0,331000,29000,302000,302000
058722,台郡元富99購01  ,0,0,0,0,0,0,0,0,0,301000,0,0,0,362000,61000,301000,301000
064670,智伸科元大9C購01,0,0,0,0,0,0,0,0,0,301000,0,0,0,346000,45000,301000,301000
08343P,台灣50元大9C售37,0,0,0,0,0,0,0,0,0,300000,0,0,0,300000,0,300000,300000
07459P,緯穎元大9A售01  ,0,0,0,0,0,0,0,0,0,300000,0,0,0,300000,0,300000,300000
07560P,台積電國泰9B售01,0,0,0,0,0,0,0,0,0,300000,0,0,0,300000,0,300000,300000
057656,大成鋼兆豐98購01,0,0,0,0,0,0,0,0,0,300000,0,0,0,300000,0,300000,300000
059695,聯鈞永豐99購02  ,0,0,0,0,0,0,0,0,0,299000,0,0,0,356000,57000,299000,299000
064565,高鐵群益01購01  ,0,0,0,0,0,0,0,0,0,299000,0,0,0,299000,0,299000,299000
057442,玉晶光統一98購03,0,0,0,0,0,0,0,0,0,297000,0,0,0,566000,269000,297000,297000
062984,致新元富9B購01  ,0,0,0,0,0,0,0,0,0,297000,0,0,0,336000,39000,297000,297000
063384,巨大永豐9B購04  ,0,0,0,0,0,0,0,0,0,297000,0,0,0,327000,30000,297000,297000
06731P,聯茂元大98售05  ,0,0,0,0,0,0,0,0,0,296000,0,0,0,499000,203000,296000,296000
061042,致新永豐9A購02  ,0,0,0,0,0,0,0,0,0,295000,0,0,0,305000,10000,295000,295000
061305,帆宣永豐9A購01  ,0,0,0,0,0,0,0,0,0,294000,0,0,0,294000,0,294000,294000
064709,瑞祺永豐9C購01  ,0,0,0,0,0,0,0,0,0,294000,0,0,0,423000,129000,294000,294000
055725,嘉聯益元大98購03,0,0,0,0,0,0,0,0,0,293000,0,0,0,313000,20000,293000,293000
060602,京元電凱基9A購01,0,0,0,0,0,0,0,0,0,293000,0,0,0,319000,26000,293000,293000
3704,合勤控          ,1077000,419000,658000,0,0,0,0,0,0,-366000,0,12000,-12000,72000,426000,-354000,292000
3605,宏致            ,378000,157000,221000,0,0,0,0,0,0,71000,99000,28000,71000,0,0,0,292000
064352,嘉聯益元大9C購01,0,0,0,0,0,0,0,0,0,291000,0,0,0,356000,65000,291000,291000
3338,泰碩            ,449660,359000,90660,0,0,0,28000,0,28000,172000,0,16000,-16000,196000,8000,188000,290660
060161,牧德永豐9A購02  ,0,0,0,0,0,0,0,0,0,290000,0,0,0,290000,0,290000,290000
064563,全新群益02購01  ,0,0,0,0,0,0,0,0,0,290000,0,0,0,299000,9000,290000,290000
4108,懷特            ,411000,133000,278000,0,0,0,12000,0,12000,0,0,0,0,0,0,0,290000
057837,康控國泰99購02  ,0,0,0,0,0,0,0,0,0,289000,0,0,0,289000,0,289000,289000
064630,巨大元大9C購01  ,0,0,0,0,0,0,0,0,0,289000,0,0,0,352000,63000,289000,289000
08111P,臺股指中信01售06,0,0,0,0,0,0,0,0,0,288000,0,0,0,288000,0,288000,288000
06701P,臺股指統一99售06,0,0,0,0,0,0,0,0,0,288000,0,0,0,396000,108000,288000,288000
060285,聯電元大9C購01  ,0,0,0,0,0,0,0,0,0,288000,0,0,0,336000,48000,288000,288000
063956,神達元大9C購01  ,0,0,0,0,0,0,0,0,0,288000,0,0,0,449000,161000,288000,288000
060413,東元永豐9A購01  ,0,0,0,0,0,0,0,0,0,287000,0,0,0,355000,68000,287000,287000
064969,達新元大9C購01  ,0,0,0,0,0,0,0,0,0,287000,0,0,0,314000,27000,287000,287000
3024,憶聲            ,429000,143000,286000,0,0,0,0,0,0,0,0,0,0,0,0,0,286000
064172,義隆元富9C購01  ,0,0,0,0,0,0,0,0,0,286000,0,0,0,416000,130000,286000,286000
055421,玉晶光永豐98購04,0,0,0,0,0,0,0,0,0,285000,0,0,0,295000,10000,285000,285000
053361,友達元富99購01  ,0,0,0,0,0,0,0,0,0,285000,0,0,0,285000,0,285000,285000
058614,台郡元大9A購01  ,0,0,0,0,0,0,0,0,0,285000,0,0,0,394000,109000,285000,285000
063924,致新元富9C購01  ,0,0,0,0,0,0,0,0,0,284000,0,0,0,313000,29000,284000,284000
051156,鴻海富邦97購01  ,0,0,0,0,0,0,0,0,0,283000,0,0,0,283000,0,283000,283000
059995,南亞科元富99購01,0,0,0,0,0,0,0,0,0,283000,0,0,0,324000,41000,283000,283000
00783,富邦中証500     ,134000,0,134000,0,0,0,0,0,0,148000,0,0,0,1008000,860000,148000,282000
057802,卜蜂元大98購01  ,0,0,0,0,0,0,0,0,0,282000,0,0,0,399000,117000,282000,282000
057585,鴻海國票99購05  ,0,0,0,0,0,0,0,0,0,280000,0,0,0,468000,188000,280000,280000
058424,滬深2X元富99購04,0,0,0,0,0,0,0,0,0,280000,0,0,0,280000,0,280000,280000
063497,東元永豐9B購01  ,0,0,0,0,0,0,0,0,0,280000,0,0,0,280000,0,280000,280000
063363,鴻海富邦9B購02  ,0,0,0,0,0,0,0,0,0,279000,0,0,0,336000,57000,279000,279000
064102,宏達電群益9C購01,0,0,0,0,0,0,0,0,0,279000,0,0,0,279000,0,279000,279000
064843,巨大統一02購01  ,0,0,0,0,0,0,0,0,0,278000,0,0,0,315000,37000,278000,278000
4133,亞諾法          ,775000,502000,273000,0,0,0,0,0,0,5000,5000,0,5000,0,0,0,278000
8016,矽創            ,702000,354000,348000,0,0,0,0,181000,-181000,111000,112000,4000,108000,7000,4000,3000,278000
058421,國泰金麥證01購01,0,0,0,277000,0,277000,0,0,0,277000,0,0,0,277000,0,277000,277000
065183,和大統一01購03  ,0,0,0,0,0,0,0,0,0,276000,0,0,0,276000,0,276000,276000
058721,立積元富9C購01  ,0,0,0,0,0,0,0,0,0,276000,0,0,0,1251000,975000,276000,276000
064571,帆宣群益9C購01  ,0,0,0,0,0,0,0,0,0,276000,0,0,0,291000,15000,276000,276000
064901,牧德群益9C購01  ,0,0,0,0,0,0,0,0,0,275000,0,0,0,275000,0,275000,275000
061527,牧德凱基9A購02  ,0,0,0,0,0,0,0,0,0,274000,0,0,0,275000,1000,274000,274000
08359P,緯創元大9C售02  ,0,0,0,0,0,0,0,0,0,272000,0,0,0,272000,0,272000,272000
056688,聯詠統一98購01  ,0,0,0,0,0,0,0,0,0,271000,0,0,0,307000,36000,271000,271000
064700,致新群益9C購02  ,0,0,0,0,0,0,0,0,0,271000,0,0,0,271000,0,271000,271000
08084P,台表科元大9B售06,0,0,0,0,0,0,0,0,0,270000,0,0,0,270000,0,270000,270000
057613,瑞昱元富02購02  ,0,0,0,0,0,0,0,0,0,270000,0,0,0,310000,40000,270000,270000
00703,台新MSCI中國    ,0,0,0,0,0,0,0,0,0,270000,0,0,0,446000,176000,270000,270000
063296,可成麥證9B購01  ,0,0,0,270000,0,270000,0,0,0,270000,0,0,0,270000,0,270000,270000
08080P,祥碩國票9B售03  ,0,0,0,0,0,0,0,0,0,269000,0,0,0,289000,20000,269000,269000
063349,台郡統一9C購01  ,0,0,0,0,0,0,0,0,0,269000,0,0,0,269000,0,269000,269000
064922,玉晶光統一01購10,0,0,0,0,0,0,0,0,0,269000,0,0,0,310000,41000,269000,269000
08352P,大立光群益01售02,0,0,0,0,0,0,0,0,0,268000,0,0,0,268000,0,268000,268000
056492,全新國泰9A購01  ,0,0,0,0,0,0,0,0,0,268000,0,0,0,312000,44000,268000,268000
2616,山隆            ,306000,30000,276000,0,0,0,0,0,0,-9000,0,9000,-9000,0,0,0,267000
06766P,玉晶光元大99售10,0,0,0,0,0,0,0,0,0,267000,0,0,0,302000,35000,267000,267000
063023,華擎元大9B購02  ,0,0,0,0,0,0,0,0,0,267000,0,0,0,315000,48000,267000,267000
062458,全新群益9B購03  ,0,0,0,0,0,0,0,0,0,266000,0,0,0,294000,28000,266000,266000
064979,華擎元大9C購04  ,0,0,0,0,0,0,0,0,0,266000,0,0,0,403000,137000,266000,266000
060278,道瓊反元大9A購03,0,0,0,0,0,0,0,0,0,265000,0,0,0,265000,0,265000,265000
060629,鴻海富邦9B購01  ,0,0,0,0,0,0,0,0,0,265000,0,0,0,322000,57000,265000,265000
064772,FBVIX群益9C購04 ,0,0,0,0,0,0,0,0,0,265000,0,0,0,275000,10000,265000,265000
058327,大毅統一9B購01  ,0,0,0,0,0,0,0,0,0,264000,0,0,0,384000,120000,264000,264000
062987,祥碩中信01購01  ,0,0,0,0,0,0,0,0,0,264000,0,0,0,332000,68000,264000,264000
063252,緯穎元大9B購07  ,0,0,0,0,0,0,0,0,0,264000,0,0,0,285000,21000,264000,264000
057721,華擎元富98購02  ,0,0,0,0,0,0,0,0,0,263000,0,0,0,263000,0,263000,263000
065282,國巨群益9C購14  ,0,0,0,0,0,0,0,0,0,262000,0,0,0,302000,40000,262000,262000
065000,和大國票02購01  ,0,0,0,0,0,0,0,0,0,261000,0,0,0,276000,15000,261000,261000
07189P,聯發科富邦9B售03,0,0,0,0,0,0,0,0,0,260000,0,0,0,260000,0,260000,260000
059760,楠梓電永豐99購01,0,0,0,0,0,0,0,0,0,260000,0,0,0,272000,12000,260000,260000
063472,茂林元大9B購04  ,0,0,0,0,0,0,0,0,0,260000,0,0,0,260000,0,260000,260000
061817,高鐵群益9B購01  ,0,0,0,0,0,0,0,0,0,259000,0,0,0,265000,6000,259000,259000
064784,祥碩群益9C購01  ,0,0,0,0,0,0,0,0,0,259000,0,0,0,387000,128000,259000,259000
065478,緯創元大9C購03  ,0,0,0,0,0,0,0,0,0,258000,0,0,0,321000,63000,258000,258000
05755P,臺股指中信99售04,0,0,0,0,0,0,0,0,0,258000,0,0,0,301000,43000,258000,258000
060226,道瓊反元大9A購01,0,0,0,0,0,0,0,0,0,258000,0,0,0,383000,125000,258000,258000
062401,信邦永豐9B購01  ,0,0,0,0,0,0,0,0,0,258000,0,0,0,258000,0,258000,258000
061842,牧德凱基9C購01  ,0,0,0,0,0,0,0,0,0,257000,0,0,0,257000,0,257000,257000
061763,聯電元大9C購02  ,0,0,0,0,0,0,0,0,0,257000,0,0,0,409000,152000,257000,257000
062087,瑞祺元大9B購02  ,0,0,0,0,0,0,0,0,0,256000,0,0,0,297000,41000,256000,256000
054088,華新群益98購02  ,0,0,0,0,0,0,0,0,0,255000,0,0,0,255000,0,255000,255000
060208,卜蜂康和9A購01  ,0,0,0,0,0,0,0,0,0,255000,0,0,0,300000,45000,255000,255000
1309,台達化          ,609000,350000,259000,0,0,0,0,0,0,-5000,0,5000,-5000,0,0,0,254000
057087,台郡統一99購01  ,0,0,0,0,0,0,0,0,0,253000,0,0,0,287000,34000,253000,253000
060238,強茂元大9C購01  ,0,0,0,0,0,0,0,0,0,253000,0,0,0,266000,13000,253000,253000
064681,牧德兆豐01購01  ,0,0,0,0,0,0,0,0,0,253000,0,0,0,253000,0,253000,253000
064150,全新統一01購03  ,0,0,0,0,0,0,0,0,0,252000,0,0,0,252000,0,252000,252000
3669,圓展            ,762000,609000,153000,0,0,0,0,0,0,99000,99000,0,99000,0,0,0,252000
057001,華邦電國票99購02,0,0,0,0,0,0,0,0,0,251000,0,0,0,251000,0,251000,251000
00663L,國泰臺灣加權正2 ,105000,0,105000,0,0,0,0,0,0,146000,0,0,0,190000,44000,146000,251000
065134,中石化凱基01購01,0,0,0,0,0,0,0,0,0,250000,0,0,0,340000,90000,250000,250000
07409P,台積電台新99售07,0,0,0,0,0,0,0,0,0,250000,0,0,0,250000,0,250000,250000
057804,為升元大98購01  ,0,0,0,0,0,0,0,0,0,250000,0,0,0,279000,29000,250000,250000
056961,凱美永豐98購01  ,0,0,0,0,0,0,0,0,0,250000,0,0,0,250000,0,250000,250000
059043,聯電日盛99購01  ,0,0,0,0,0,0,0,0,0,250000,0,0,0,250000,0,250000,250000
062232,聯詠麥證9C購01  ,0,0,0,309000,59000,250000,0,0,0,250000,0,0,0,309000,59000,250000,250000
063176,南亞科兆豐9B購01,0,0,0,0,0,0,0,0,0,250000,0,0,0,250000,0,250000,250000
6414,樺漢            ,261000,110000,151000,0,0,0,102000,0,102000,-3000,18000,42000,-24000,25000,4000,21000,250000
05631P,國巨富邦9A售01  ,0,0,0,0,0,0,0,0,0,248000,0,0,0,423000,175000,248000,248000
064167,緯穎統一01購03  ,0,0,0,0,0,0,0,0,0,248000,0,0,0,336000,88000,248000,248000
059170,康控凱基9B購01  ,0,0,0,0,0,0,0,0,0,247000,0,0,0,247000,0,247000,247000
07781P,高鐵凱基9A售02  ,0,0,0,0,0,0,0,0,0,245000,0,0,0,250000,5000,245000,245000
060309,佳世達永豐9A購01,0,0,0,0,0,0,0,0,0,245000,0,0,0,317000,72000,245000,245000
062821,華擎兆豐9C購01  ,0,0,0,0,0,0,0,0,0,245000,0,0,0,260000,15000,245000,245000
061491,嘉聯益兆豐9B購01,0,0,0,0,0,0,0,0,0,244000,0,0,0,305000,61000,244000,244000
065462,聯發科中信03購02,0,0,0,0,0,0,0,0,0,242000,0,0,0,318000,76000,242000,242000
064072,康友永豐9C購01  ,0,0,0,0,0,0,0,0,0,242000,0,0,0,320000,78000,242000,242000
056835,聯電元富99購01  ,0,0,0,0,0,0,0,0,0,241000,0,0,0,349000,108000,241000,241000
6288,聯嘉            ,320000,72000,248000,0,0,0,0,0,0,-7000,1000,8000,-7000,0,0,0,241000
065601,聯發科元大01購05,0,0,0,0,0,0,0,0,0,240000,0,0,0,350000,110000,240000,240000
07617P,聯發科中信9C售04,0,0,0,0,0,0,0,0,0,240000,0,0,0,240000,0,240000,240000
05722P,玉晶光國票97售03,0,0,0,0,0,0,0,0,0,240000,0,0,0,240000,0,240000,240000
056559,華通群益98購02  ,0,0,0,0,0,0,0,0,0,239000,0,0,0,499000,260000,239000,239000
03427B,臺股指元大9A熊02,0,0,0,0,0,0,0,0,0,239000,0,0,0,241000,2000,239000,239000
055809,T50反1國票98購02,0,0,0,0,0,0,0,0,0,239000,0,0,0,431000,192000,239000,239000
061468,神達群益9A購01  ,0,0,0,0,0,0,0,0,0,239000,0,0,0,239000,0,239000,239000
064304,信邦兆豐01購01  ,0,0,0,0,0,0,0,0,0,239000,0,0,0,250000,11000,239000,239000
3056,總太            ,464000,180000,284000,0,0,0,0,46000,-46000,-1000,0,1000,-1000,0,0,0,237000
057649,嘉聯益元大99購04,0,0,0,0,0,0,0,0,0,237000,0,0,0,304000,67000,237000,237000
064065,大立光富邦02購02,0,0,0,0,0,0,0,0,0,237000,0,0,0,284000,47000,237000,237000
064542,聯電凱基02購01  ,0,0,0,0,0,0,0,0,0,237000,0,0,0,280000,43000,237000,237000
063202,南亞科統一9C購02,0,0,0,0,0,0,0,0,0,237000,0,0,0,237000,0,237000,237000
062682,全新統一9B購01  ,0,0,0,0,0,0,0,0,0,236000,0,0,0,236000,0,236000,236000
064731,台郡統一01購02  ,0,0,0,0,0,0,0,0,0,236000,0,0,0,290000,54000,236000,236000
054468,台郡凱基98購01  ,0,0,0,0,0,0,0,0,0,235000,0,0,0,242000,7000,235000,235000
064384,聯電富邦01購01  ,0,0,0,0,0,0,0,0,0,235000,0,0,0,436000,201000,235000,235000
4106,雃博            ,802000,567000,235000,0,0,0,0,0,0,-1000,1000,2000,-1000,0,0,0,234000
060047,道瓊反凱基99購01,0,0,0,0,0,0,0,0,0,233000,0,0,0,253000,20000,233000,233000
4104,佳醫            ,302000,56000,246000,0,0,0,0,0,0,-13000,0,13000,-13000,0,0,0,233000
1736,喬山            ,570000,314800,255200,0,0,0,0,0,0,-23000,1000,1000,0,1000,24000,-23000,232200
07728P,臺股指凱基9A售20,0,0,0,0,0,0,0,0,0,232000,0,0,0,304000,72000,232000,232000
020012,富邦行動通訊N   ,0,0,0,0,0,0,0,0,0,232000,0,0,0,242000,10000,232000,232000
062528,全新統一9C購01  ,0,0,0,0,0,0,0,0,0,232000,0,0,0,232000,0,232000,232000
063432,金寶元富9B購01  ,0,0,0,0,0,0,0,0,0,232000,0,0,0,232000,0,232000,232000
07527P,台灣50凱基9B售02,0,0,0,0,0,0,0,0,0,231000,0,0,0,257000,26000,231000,231000
07164P,臺股指群益99售15,0,0,0,0,0,0,0,0,0,231000,0,0,0,241000,10000,231000,231000
060826,牧德元大9B購02  ,0,0,0,0,0,0,0,0,0,231000,0,0,0,231000,0,231000,231000
063481,緯穎元大9B購08  ,0,0,0,0,0,0,0,0,0,231000,0,0,0,233000,2000,231000,231000
064379,TPK元富9C購01   ,0,0,0,0,0,0,0,0,0,231000,0,0,0,231000,0,231000,231000
064056,GIS統一01購02   ,0,0,0,0,0,0,0,0,0,231000,0,0,0,503000,272000,231000,231000
064859,南亞科富邦01購01,0,0,0,0,0,0,0,0,0,231000,0,0,0,231000,0,231000,231000
06748P,智邦台新98售02  ,0,0,0,0,0,0,0,0,0,230000,0,0,0,230000,0,230000,230000
057423,台郡凱基98購06  ,0,0,0,0,0,0,0,0,0,230000,0,0,0,350000,120000,230000,230000
060054,華新科凱基9B購04,0,0,0,0,0,0,0,0,0,230000,0,0,0,290000,60000,230000,230000
060682,牧德元大9A購03  ,0,0,0,0,0,0,0,0,0,229000,0,0,0,265000,36000,229000,229000
061950,日月光群益9B購01,0,0,0,0,0,0,0,0,0,228000,0,0,0,228000,0,228000,228000
060046,S&P反1凱基99購02,0,0,0,0,0,0,0,0,0,228000,0,0,0,238000,10000,228000,228000
064643,瑞昱凱基04購01  ,0,0,0,0,0,0,0,0,0,228000,0,0,0,242000,14000,228000,228000
064132,神達元大9C購02  ,0,0,0,0,0,0,0,0,0,228000,0,0,0,319000,91000,228000,228000
061130,牧德永豐9A購04  ,0,0,0,0,0,0,0,0,0,227000,0,0,0,227000,0,227000,227000
063143,嘉澤統一9B購02  ,0,0,0,0,0,0,0,0,0,227000,0,0,0,227000,0,227000,227000
03657C,T50反1元大99牛01,0,0,0,0,0,0,0,0,0,226000,0,0,0,293000,67000,226000,226000
064761,神達凱基9C購01  ,0,0,0,0,0,0,0,0,0,226000,0,0,0,253000,27000,226000,226000
054580,樺漢元大98購01  ,0,0,0,0,0,0,0,0,0,225000,0,0,0,225000,0,225000,225000
07729P,臺股指凱基9A售21,0,0,0,0,0,0,0,0,0,224000,0,0,0,230000,6000,224000,224000
057612,瑞昱元富02購01  ,0,0,0,0,0,0,0,0,0,224000,0,0,0,261000,37000,224000,224000
064837,TPK統一9C購02   ,0,0,0,0,0,0,0,0,0,223000,0,0,0,243000,20000,223000,223000
062693,中石化元大02購01,0,0,0,0,0,0,0,0,0,223000,0,0,0,226000,3000,223000,223000
065083,南亞科元大01購01,0,0,0,0,0,0,0,0,0,222000,0,0,0,223000,1000,222000,222000
056909,嘉聯益元大99購03,0,0,0,0,0,0,0,0,0,222000,0,0,0,263000,41000,222000,222000
064157,健鼎統一01購02  ,0,0,0,0,0,0,0,0,0,222000,0,0,0,413000,191000,222000,222000
061603,瑞昱凱基9A購02  ,0,0,0,0,0,0,0,0,0,221000,0,0,0,370000,149000,221000,221000
065493,T50反1富邦03購01,0,0,0,0,0,0,0,0,0,220000,0,0,0,240000,20000,220000,220000
057495,牧德元大99購04  ,0,0,0,0,0,0,0,0,0,220000,0,0,0,220000,0,220000,220000
05890P,彩晶元大99售01  ,0,0,0,0,0,0,0,0,0,220000,0,0,0,220000,0,220000,220000
060084,聯電元大99購02  ,0,0,0,0,0,0,0,0,0,220000,0,0,0,258000,38000,220000,220000
062167,燿華永豐9B購01  ,0,0,0,0,0,0,0,0,0,220000,0,0,0,220000,0,220000,220000
062017,京鼎永豐9B購01  ,0,0,0,0,0,0,0,0,0,220000,0,0,0,290000,70000,220000,220000
061173,T50反1凱基04購01,0,0,0,0,0,0,0,0,0,220000,0,0,0,220000,0,220000,220000
05878P,創意群益98售01  ,0,0,0,0,0,0,0,0,0,220000,0,0,0,220000,0,220000,220000
063883,超眾元富9C購02  ,0,0,0,0,0,0,0,0,0,220000,0,0,0,240000,20000,220000,220000
07452P,國巨元大9A售05  ,0,0,0,0,0,0,0,0,0,219000,0,0,0,219000,0,219000,219000
00641R,富邦日本反1     ,6000,0,6000,0,0,0,0,0,0,213000,0,0,0,390000,177000,213000,219000
060289,京元電元大9A購01,5000,0,5000,0,0,0,0,0,0,214000,0,0,0,273000,59000,214000,219000
059139,全新兆豐9A購01  ,0,0,0,0,0,0,0,0,0,219000,0,0,0,220000,1000,219000,219000
060676,京元電元大9A購03,0,0,0,0,0,0,0,0,0,219000,0,0,0,319000,100000,219000,219000
07999P,台達電凱基9B售02,0,0,0,0,0,0,0,0,0,218000,0,0,0,220000,2000,218000,218000
060030,晶相光永豐99購03,0,0,0,0,0,0,0,0,0,218000,0,0,0,218000,0,218000,218000
00643,群益深証中小    ,207000,27000,180000,0,0,0,0,0,0,37000,0,0,0,72000,35000,37000,217000
063187,全新凱基9B購02  ,0,0,0,0,0,0,0,0,0,217000,0,0,0,219000,2000,217000,217000
060375,葡萄王元富9A購01,0,0,0,0,0,0,0,0,0,216000,0,0,0,384000,168000,216000,216000
059851,晶相光永豐99購02,0,0,0,0,0,0,0,0,0,216000,0,0,0,216000,0,216000,216000
061241,晶技兆豐9A購01  ,0,0,0,0,0,0,0,0,0,216000,0,0,0,370000,154000,216000,216000
062936,鴻海凱基9B購07  ,0,0,0,0,0,0,0,0,0,216000,0,0,0,283000,67000,216000,216000
063111,TPK兆豐9B購01   ,0,0,0,0,0,0,0,0,0,215000,0,0,0,215000,0,215000,215000
057016,中石化凱基9B購01,0,0,0,0,0,0,0,0,0,214000,0,0,0,529000,315000,214000,214000
3059,華晶科          ,281000,65000,216000,0,0,0,0,0,0,-3000,0,3000,-3000,0,0,0,213000
060456,正隆元大9A購01  ,0,0,0,0,0,0,0,0,0,213000,0,0,0,224000,11000,213000,213000
062955,立積永豐9B購02  ,0,0,0,0,0,0,0,0,0,213000,0,0,0,1498000,1285000,213000,213000
07197P,臺股指元大99售13,0,0,0,0,0,0,0,0,0,212000,0,0,0,212000,0,212000,212000
058366,元大金凱基99購01,0,0,0,0,0,0,0,0,0,212000,0,0,0,277000,65000,212000,212000
060867,智伸科永豐9A購01,0,0,0,0,0,0,0,0,0,212000,0,0,0,264000,52000,212000,212000
064270,華通元大9C購03  ,0,0,0,0,0,0,0,0,0,212000,0,0,0,272000,60000,212000,212000
064959,巨大凱基9C購02  ,0,0,0,0,0,0,0,0,0,212000,0,0,0,222000,10000,212000,212000
058931,玉晶光統一9C購01,0,0,0,0,0,0,0,0,0,210000,0,0,0,232000,22000,210000,210000
059051,和大凱基9A購01  ,0,0,0,0,0,0,0,0,0,210000,0,0,0,233000,23000,210000,210000
061600,聯電凱基9B購01  ,0,0,0,0,0,0,0,0,0,210000,0,0,0,267000,57000,210000,210000
058731,貿聯永豐99購02  ,0,0,0,0,0,0,0,0,0,210000,0,0,0,243000,33000,210000,210000
063639,華擎元大9C購03  ,0,0,0,0,0,0,0,0,0,210000,0,0,0,216000,6000,210000,210000
060392,華擎群益9C購02  ,0,0,0,0,0,0,0,0,0,209000,0,0,0,209000,0,209000,209000
063574,茂林元大9B購07  ,0,0,0,0,0,0,0,0,0,209000,0,0,0,219000,10000,209000,209000
063163,京元電永豐9B購01,0,0,0,0,0,0,0,0,0,209000,0,0,0,320000,111000,209000,209000
064210,台光電凱基03購01,0,0,0,0,0,0,0,0,0,209000,0,0,0,382000,173000,209000,209000
08383P,智邦群益9C售03  ,0,0,0,0,0,0,0,0,0,208000,0,0,0,208000,0,208000,208000
062616,玉晶光元大9C購06,0,0,0,0,0,0,0,0,0,208000,0,0,0,266000,58000,208000,208000
5607,遠雄港          ,273000,65000,208000,0,0,0,0,0,0,0,0,0,0,0,0,0,208000
061411,T50反1群益9A購05,0,0,0,0,0,0,0,0,0,207000,0,0,0,258000,51000,207000,207000
058315,TPK富邦9C購01   ,0,0,0,0,0,0,0,0,0,207000,0,0,0,207000,0,207000,207000
064301,漢唐兆豐01購01  ,0,0,0,0,0,0,0,0,0,207000,0,0,0,210000,3000,207000,207000
08263P,台表科元大9C售06,0,0,0,0,0,0,0,0,0,206000,0,0,0,213000,7000,206000,206000
07131P,緯穎元大99售06  ,0,0,0,0,0,0,0,0,0,206000,0,0,0,206000,0,206000,206000
060713,聯詠永豐9A購01  ,0,0,0,0,0,0,0,0,0,206000,0,0,0,206000,0,206000,206000
062421,台積電統一9C購09,0,30000,-30000,0,0,0,0,0,0,236000,0,0,0,300000,64000,236000,206000
06921P,台光電凱基98售06,0,0,0,0,0,0,0,0,0,205000,0,0,0,210000,5000,205000,205000
057054,立積元大98購03  ,0,0,0,0,0,0,0,0,0,205000,0,0,0,451000,246000,205000,205000
051153,鴻海國泰97購02  ,0,0,0,0,0,0,0,0,0,205000,0,0,0,205000,0,205000,205000
07878P,智邦群益9C售01  ,0,0,0,0,0,0,0,0,0,204000,0,0,0,204000,0,204000,204000
08006P,長榮航中信03售01,0,0,0,0,0,0,0,0,0,203000,0,0,0,263000,60000,203000,203000
058139,臻鼎元大99購01  ,0,0,0,0,0,0,0,0,0,203000,0,0,0,219000,16000,203000,203000
056277,上銀富邦99購02  ,0,0,0,0,0,0,0,0,0,202000,0,0,0,224000,22000,202000,202000
053181,滬深2X元富99購02,0,0,0,0,0,0,0,0,0,202000,0,0,0,212000,10000,202000,202000
060561,台積電富邦04購01,0,0,0,0,0,0,0,0,0,202000,0,0,0,310000,108000,202000,202000
063204,高鐵統一9C購01  ,0,0,0,0,0,0,0,0,0,202000,0,0,0,228000,26000,202000,202000
08225P,臺股指凱基9B售20,0,0,0,0,0,0,0,0,0,201000,0,0,0,201000,0,201000,201000
059862,全新群益99購04  ,0,0,0,0,0,0,0,0,0,201000,0,0,0,299000,98000,201000,201000
063999,日月光兆豐9C購01,0,0,0,0,0,0,0,0,0,201000,0,0,0,340000,139000,201000,201000
2467,志聖            ,320000,119000,201000,0,0,0,0,0,0,-1000,1000,2000,-1000,0,0,0,200000
07861P,台灣50中信03售08,0,0,0,0,0,0,0,0,0,200000,0,0,0,200000,0,200000,200000
07494P,葡萄王元大9A售03,0,0,0,0,0,0,0,0,0,200000,0,0,0,200000,0,200000,200000
06863P,欣興凱基98售05  ,0,0,0,0,0,0,0,0,0,200000,0,0,0,225000,25000,200000,200000
06680P,智邦元大98售06  ,0,0,0,0,0,0,0,0,0,200000,0,0,0,200000,0,200000,200000
065203,FBVIX國票9C購01 ,0,0,0,0,0,0,0,0,0,200000,0,0,0,200000,0,200000,200000
051003,中環中信97購01  ,0,0,0,0,0,0,0,0,0,200000,0,0,0,200000,0,200000,200000
056075,瀚宇博元大97購03,0,0,0,0,0,0,0,0,0,200000,0,0,0,242000,42000,200000,200000
057073,康控永豐98購01  ,0,0,0,0,0,0,0,0,0,200000,0,0,0,200000,0,200000,200000
055205,京鼎中信99購01  ,0,0,0,0,0,0,0,0,0,200000,0,0,0,200000,0,200000,200000
054803,味全元大9A購01  ,0,0,0,0,0,0,0,0,0,200000,0,0,0,380000,180000,200000,200000
057275,友達元大9A購04  ,0,0,0,0,0,0,0,0,0,200000,0,0,0,200000,0,200000,200000
058911,茂林元大99購04  ,0,0,0,0,0,0,0,0,0,200000,0,0,0,212000,12000,200000,200000
060043,全新群益9B購02  ,0,0,0,0,0,0,0,0,0,200000,0,0,0,204000,4000,200000,200000
061438,牧德凱基9B購02  ,0,0,0,0,0,0,0,0,0,200000,0,0,0,221000,21000,200000,200000
062566,嘉晶中信9C購01  ,0,0,0,0,0,0,0,0,0,200000,0,0,0,201000,1000,200000,200000
064071,台郡永豐9C購01  ,0,0,0,0,0,0,0,0,0,200000,0,0,0,268000,68000,200000,200000
062776,鴻海元大9B購03  ,0,0,0,0,0,0,0,0,0,200000,0,0,0,260000,60000,200000,200000
5521,工信            ,345000,144000,201000,0,0,0,0,0,0,-1000,0,1000,-1000,0,0,0,200000
1733,五鼎            ,263000,60000,203000,0,0,0,0,0,0,-4000,2000,6000,-4000,0,0,0,199000
056121,勤誠群益97購01  ,0,0,0,0,0,0,0,0,0,199000,0,0,0,199000,0,199000,199000
03683C,T50反1元大9C牛04,0,0,0,0,0,0,0,0,0,199000,0,0,0,200000,1000,199000,199000
064813,祥碩元大9C購05  ,0,0,0,0,0,0,0,0,0,199000,0,0,0,350000,151000,199000,199000
3705,永信            ,372000,164000,208000,0,0,0,0,0,0,-9000,0,9000,-9000,0,0,0,199000
1732,毛寶            ,513000,311000,202000,0,0,0,0,0,0,-4000,0,4000,-4000,0,0,0,198000
061070,超眾凱基9C購01  ,0,0,0,0,0,0,0,0,0,198000,0,0,0,198000,0,198000,198000
052738,聯電元大98購02  ,0,0,0,0,0,0,0,0,0,197000,0,0,0,553000,356000,197000,197000
062086,瑞祺元大9B購01  ,0,0,0,0,0,0,0,0,0,197000,0,0,0,261000,64000,197000,197000
062428,超眾統一9B購01  ,0,0,0,0,0,0,0,0,0,197000,0,0,0,348000,151000,197000,197000
00752,中信中國50      ,14000,12000,2000,0,0,0,0,0,0,194000,0,0,0,607000,413000,194000,196000
061659,信邦永豐9A購01  ,0,0,0,0,0,0,0,0,0,196000,0,0,0,197000,1000,196000,196000
062878,宏達電兆豐9B購01,0,0,0,0,0,0,0,0,0,196000,0,0,0,201000,5000,196000,196000
063396,金像電群益9C購01,0,0,0,0,0,0,0,0,0,196000,0,0,0,196000,0,196000,196000
059519,台郡永豐99購01  ,0,0,0,0,0,0,0,0,0,195000,0,0,0,195000,0,195000,195000
060641,聯鈞永豐9A購01  ,0,0,0,0,0,0,0,0,0,195000,0,0,0,289000,94000,195000,195000
062787,超眾元大9C購02  ,0,0,0,0,0,0,0,0,0,195000,0,0,0,321000,126000,195000,195000
063077,巨大永豐9B購03  ,0,0,0,0,0,0,0,0,0,195000,0,0,0,210000,15000,195000,195000
064377,宏達電元富9C購01,0,0,0,0,0,0,0,0,0,195000,0,0,0,255000,60000,195000,195000
6142,友勁            ,100000,125000,-25000,0,0,0,0,0,0,220000,286000,66000,220000,0,0,0,195000
07263P,台積電元大99售37,0,0,0,0,0,0,0,0,0,194000,0,0,0,195000,1000,194000,194000
058881,全新永豐99購01  ,0,0,0,0,0,0,0,0,0,194000,0,0,0,204000,10000,194000,194000
063091,聯電中信9B購01  ,0,0,0,0,0,0,0,0,0,194000,0,0,0,245000,51000,194000,194000
062650,南電富邦01購01  ,0,0,0,0,0,0,0,0,0,194000,0,0,0,202000,8000,194000,194000
063401,中租群益9B購03  ,0,0,0,0,0,0,0,0,0,194000,0,0,0,519000,325000,194000,194000
08188P,群創群益9B售04  ,0,0,0,0,0,0,0,0,0,193000,0,0,0,193000,0,193000,193000
08451P,南六統一9C售06  ,0,0,0,0,0,0,0,0,0,193000,0,0,0,261000,68000,193000,193000
060284,南港元大01購01  ,0,0,0,0,0,0,0,0,0,192000,0,0,0,702000,510000,192000,192000
061124,微星永豐9A購02  ,0,0,0,0,0,0,0,0,0,192000,0,0,0,194000,2000,192000,192000
061451,南電中信9A購03  ,0,0,0,0,0,0,0,0,0,192000,0,0,0,200000,8000,192000,192000
063361,台表科國泰01購02,0,0,0,0,0,0,0,0,0,192000,0,0,0,192000,0,192000,192000
064228,同欣電國票01購01,0,0,0,0,0,0,0,0,0,192000,0,0,0,197000,5000,192000,192000
1590,亞德客-KY       ,573532,413000,160532,0,0,0,3000,0,3000,28000,0,0,0,31000,3000,28000,191532
056823,智伸科永豐98購01,0,0,0,0,0,0,0,0,0,191000,0,0,0,229000,38000,191000,191000
061483,TPK元大9A購01   ,0,0,0,0,0,0,0,0,0,191000,0,0,0,191000,0,191000,191000
060640,京鼎永豐9A購01  ,0,0,0,0,0,0,0,0,0,191000,0,0,0,245000,54000,191000,191000
08289P,智邦統一9C售01  ,0,0,0,0,0,0,0,0,0,190000,0,0,0,190000,0,190000,190000
063260,信邦富邦9B購01  ,0,0,0,0,0,0,0,0,0,190000,0,0,0,200000,10000,190000,190000
063672,GIS統一9C購01   ,0,0,0,0,0,0,0,0,0,190000,0,0,0,190000,0,190000,190000
062471,國泰金凱基9B購02,0,0,0,0,0,0,0,0,0,190000,0,0,0,195000,5000,190000,190000
08302P,長榮航國泰02售01,0,0,0,0,0,0,0,0,0,189000,0,0,0,189000,0,189000,189000
060695,同欣電麥證9A購01,0,0,0,200000,11000,189000,0,0,0,189000,0,0,0,200000,11000,189000,189000
056639,國產康和98購01  ,0,0,0,0,0,0,0,0,0,188000,0,0,0,188000,0,188000,188000
062043,牧德凱基9B購04  ,0,0,0,0,0,0,0,0,0,188000,0,0,0,199000,11000,188000,188000
058997,鴻海元大99購21  ,0,0,0,0,0,0,0,0,0,188000,0,0,0,239000,51000,188000,188000
060050,鴻海凱基9B購01  ,0,0,0,0,0,0,0,0,0,188000,0,0,0,250000,62000,188000,188000
064399,和大凱基02購01  ,0,0,0,0,0,0,0,0,0,188000,0,0,0,238000,50000,188000,188000
07505P,台勝科元大9A售01,0,10000,-10000,0,0,0,0,0,0,197000,0,0,0,197000,0,197000,187000
065225,神隆凱基01購01  ,0,0,0,0,0,0,0,0,0,187000,0,0,0,329000,142000,187000,187000
062020,智伸科永豐9B購01,0,0,0,0,0,0,0,0,0,187000,0,0,0,220000,33000,187000,187000
064903,新唐群益9C購01  ,0,0,0,0,0,0,0,0,0,187000,0,0,0,187000,0,187000,187000
062338,鴻海麥證9B購01  ,0,0,0,186000,14000,172000,0,0,0,186000,0,0,0,200000,14000,186000,186000
063343,美律統一9C購01  ,0,0,0,0,0,0,0,0,0,186000,0,0,0,248000,62000,186000,186000
056946,國巨統一98購05  ,0,0,0,0,0,0,0,0,0,185000,0,0,0,232000,47000,185000,185000
054638,國泰金中信99購01,0,0,0,0,0,0,0,0,0,185000,0,0,0,200000,15000,185000,185000
057009,信邦中信99購01  ,0,0,0,0,0,0,0,0,0,185000,0,0,0,187000,2000,185000,185000
062875,瑞昱兆豐9C購01  ,0,0,0,0,0,0,0,0,0,185000,0,0,0,201000,16000,185000,185000
065473,鴻海元大9C購14  ,0,0,0,0,0,0,0,0,0,184000,0,0,0,276000,92000,184000,184000
060156,光磊永豐9A購01  ,0,0,0,0,0,0,0,0,0,184000,0,0,0,188000,4000,184000,184000
063667,全新統一01購02  ,0,0,0,0,0,0,0,0,0,184000,0,0,0,184000,0,184000,184000
059097,世紀鋼元大99購05,0,0,0,0,0,0,0,0,0,183000,0,0,0,184000,1000,183000,183000
064466,聯電元富9C購01  ,0,0,0,0,0,0,0,0,0,183000,0,0,0,344000,161000,183000,183000
059130,台灣50群益9B購05,0,0,0,0,0,0,0,0,0,182000,0,0,0,182000,0,182000,182000
060286,佳世達元大9C購01,0,0,0,0,0,0,0,0,0,182000,0,0,0,237000,55000,182000,182000
060212,華航康和9A購01  ,0,0,0,0,0,0,0,0,0,182000,0,0,0,182000,0,182000,182000
064916,玉山金統一02購01,0,0,0,0,0,0,0,0,0,182000,0,0,0,182000,0,182000,182000
4720,德淵            ,227000,44000,183000,0,0,0,0,0,0,-1000,0,1000,-1000,0,0,0,182000
3060,銘異            ,236000,47000,189000,0,0,0,0,0,0,-8000,0,8000,-8000,0,0,0,181000
061903,宏全永豐9B購01  ,0,0,0,0,0,0,0,0,0,181000,0,0,0,181000,0,181000,181000
061959,鴻海統一9B購04  ,0,0,0,0,0,0,0,0,0,181000,0,0,0,486000,305000,181000,181000
064278,高鐵元大9C購02  ,0,0,0,0,0,0,0,0,0,181000,0,0,0,196000,15000,181000,181000
063878,國巨元富9C購01  ,0,0,0,0,0,0,0,0,0,181000,0,0,0,181000,0,181000,181000
07685P,玉晶光凱基9B售03,0,0,0,0,0,0,0,0,0,180000,0,0,0,215000,35000,180000,180000
056941,台郡元富9B購01  ,0,0,0,0,0,0,0,0,0,180000,0,0,0,226000,46000,180000,180000
057149,京鼎國票99購02  ,0,0,0,0,0,0,0,0,0,180000,0,0,0,180000,0,180000,180000
055415,禾伸堂富邦9B購01,0,0,0,0,0,0,0,0,0,180000,0,0,0,260000,80000,180000,180000
063684,上銀永豐9B購02  ,0,0,0,0,0,0,0,0,0,180000,0,0,0,180000,0,180000,180000
063082,瑞昱凱基9B購04  ,0,0,0,0,0,0,0,0,0,180000,0,0,0,186000,6000,180000,180000
058244,神達元大99購02  ,0,0,0,0,0,0,0,0,0,179000,0,0,0,257000,78000,179000,179000
063930,高鐵統一02購02  ,0,0,0,0,0,0,0,0,0,179000,0,0,0,180000,1000,179000,179000
064095,鴻海群益01購02  ,0,0,0,0,0,0,0,0,0,179000,0,0,0,248000,69000,179000,179000
6251,定穎            ,632425,389000,243425,0,0,0,0,59000,-59000,-6000,0,6000,-6000,0,0,0,178425
1760,寶齡富錦        ,693000,515000,178000,0,0,0,0,0,0,0,0,0,0,0,0,0,178000
060862,美律永豐9A購01  ,0,0,0,0,0,0,0,0,0,178000,0,0,0,289000,111000,178000,178000
064033,茂林元大9C購02  ,0,0,0,0,0,0,0,0,0,178000,0,0,0,209000,31000,178000,178000
08542P,台勝科國票02售01,0,0,0,0,0,0,0,0,0,177000,0,0,0,179000,2000,177000,177000
053458,聯詠國泰97購01  ,0,0,0,0,0,0,0,0,0,177000,0,0,0,177000,0,177000,177000
060692,鴻海麥證9A購01  ,0,0,0,177000,14000,163000,0,0,0,177000,0,0,0,191000,14000,177000,177000
062272,鴻海群益9B購05  ,0,0,0,0,0,0,0,0,0,177000,0,0,0,211000,34000,177000,177000
064867,華新科永豐9C購03,0,0,0,0,0,0,0,0,0,177000,0,0,0,177000,0,177000,177000
064442,嘉聯益凱基9C購01,0,0,0,0,0,0,0,0,0,177000,0,0,0,266000,89000,177000,177000
8021,尖點            ,326000,144000,182000,0,0,0,0,0,0,-5000,0,5000,-5000,0,0,0,177000
060028,國揚永豐99購01  ,0,0,0,0,0,0,0,0,0,176000,0,0,0,333000,157000,176000,176000
06461P,玉晶光國泰9A售01,0,0,0,0,0,0,0,0,0,176000,0,0,0,176000,0,176000,176000
056599,臻鼎元富98購01  ,0,0,0,0,0,0,0,0,0,175000,0,0,0,195000,20000,175000,175000
060079,台郡台新99購03  ,0,0,0,0,0,0,0,0,0,175000,0,0,0,175000,0,175000,175000
060653,全新群益9A購02  ,0,0,0,0,0,0,0,0,0,175000,0,0,0,185000,10000,175000,175000
061441,大毅永豐9A購04  ,0,0,0,0,0,0,0,0,0,175000,0,0,0,175000,0,175000,175000
064718,友達統一02購01  ,0,0,0,0,0,0,0,0,0,175000,0,0,0,210000,35000,175000,175000
062036,致新群益9B購01  ,0,0,0,0,0,0,0,0,0,174000,0,0,0,174000,0,174000,174000
060058,牧德凱基9B購01  ,0,0,0,0,0,0,0,0,0,174000,0,0,0,175000,1000,174000,174000
5388,中磊            ,374000,199000,175000,0,0,0,0,5000,-5000,4000,0,4000,-4000,13000,5000,8000,174000
08085P,華通凱基9B售04  ,0,0,0,0,0,0,0,0,0,173000,0,0,0,273000,100000,173000,173000
08062P,華擎國票9B售03  ,0,0,0,0,0,0,0,0,0,173000,0,0,0,193000,20000,173000,173000
060099,宏達電元大99購09,0,0,0,0,0,0,0,0,0,173000,0,0,0,173000,0,173000,173000
057931,正崴群益98購02  ,0,0,0,0,0,0,0,0,0,173000,0,0,0,175000,2000,173000,173000
9103,美德醫療-DR     ,269000,96000,173000,0,0,0,0,0,0,0,0,0,0,0,0,0,173000
08326P,臺股指凱基9C售09,0,0,0,0,0,0,0,0,0,172000,0,0,0,296000,124000,172000,172000
064055,台郡統一02購01  ,0,0,0,0,0,0,0,0,0,172000,0,0,0,292000,120000,172000,172000
07255P,國巨凱基99售15  ,0,0,0,0,0,0,0,0,0,171000,0,0,0,171000,0,171000,171000
059290,全新元富99購01  ,0,0,0,0,0,0,0,0,0,171000,0,0,0,231000,60000,171000,171000
064004,全新凱基01購01  ,0,0,0,0,0,0,0,0,0,171000,0,0,0,183000,12000,171000,171000
063073,瑞昱永豐9B購01  ,0,0,0,0,0,0,0,0,0,171000,0,0,0,181000,10000,171000,171000
06914P,南茂元大98售03  ,0,0,0,0,0,0,0,0,0,170000,0,0,0,237000,67000,170000,170000
07793P,同欣電元大9A售02,0,0,0,0,0,0,0,0,0,170000,0,0,0,210000,40000,170000,170000
062328,南亞科統一9C購01,0,0,0,0,0,0,0,0,0,170000,0,0,0,170000,0,170000,170000
059865,國巨凱基01購01  ,0,0,0,0,0,0,0,0,0,170000,0,0,0,542000,372000,170000,170000
063071,華新科富邦02購01,0,0,0,0,0,0,0,0,0,170000,0,0,0,170000,0,170000,170000
062591,新日興統一9C購01,0,0,0,0,0,0,0,0,0,170000,0,0,0,230000,60000,170000,170000
063578,瑞祺元大9B購03  ,0,0,0,0,0,0,0,0,0,170000,0,0,0,200000,30000,170000,170000
065311,TPK國票01購03   ,0,0,0,0,0,0,0,0,0,169000,0,0,0,175000,6000,169000,169000
050170,臺指反元大97購02,0,0,0,0,0,0,0,0,0,169000,0,0,0,169000,0,169000,169000
057969,緯穎國泰99購01  ,0,0,0,0,0,0,0,0,0,169000,0,0,0,169000,0,169000,169000
061055,康控群益9A購01  ,0,0,0,0,0,0,0,0,0,169000,0,0,0,179000,10000,169000,169000
08041P,臺股指群益9B售14,0,0,0,0,0,0,0,0,0,168000,0,0,0,181000,13000,168000,168000
2887E,台新戊特        ,0,0,0,0,0,0,0,0,0,168000,168000,0,168000,0,0,0,168000
062238,臻鼎凱基9C購01  ,0,0,0,0,0,0,0,0,0,168000,0,0,0,295000,127000,168000,168000
062124,大立光統一9B購09,0,0,0,0,0,0,0,0,0,168000,0,0,0,173000,5000,168000,168000
061687,大成鋼群益9A購01,0,0,0,0,0,0,0,0,0,168000,0,0,0,178000,10000,168000,168000
061477,晶豪科元大9A購01,0,0,0,0,0,0,0,0,0,167000,0,0,0,321000,154000,167000,167000
061224,道瓊反中信01購01,0,0,0,0,0,0,0,0,0,167000,0,0,0,170000,3000,167000,167000
063348,祥碩統一01購04  ,0,0,0,0,0,0,0,0,0,167000,0,0,0,459000,292000,167000,167000
064070,祥碩永豐9C購01  ,0,0,0,0,0,0,0,0,0,167000,0,0,0,210000,43000,167000,167000
064159,新日興統一01購02,0,0,0,0,0,0,0,0,0,167000,0,0,0,196000,29000,167000,167000
054808,東元元大9A購01  ,0,0,0,0,0,0,0,0,0,166000,0,0,0,207000,41000,166000,166000
064511,GIS元大9C購05   ,0,0,0,0,0,0,0,0,0,166000,0,0,0,187000,21000,166000,166000
063473,茂林元大9B購05  ,0,0,0,0,0,0,0,0,0,166000,0,0,0,234000,68000,166000,166000
062796,技嘉統一9C購01  ,0,0,0,0,0,0,0,0,0,165000,0,0,0,278000,113000,165000,165000
07597P,臺股指中信01售02,0,0,0,0,0,0,0,0,0,164000,0,0,0,2098000,1934000,164000,164000
062666,和碩群益9B購01  ,0,0,0,0,0,0,0,0,0,164000,0,0,0,235000,71000,164000,164000
063704,麗豐群益9B購01  ,0,0,0,0,0,0,0,0,0,164000,0,0,0,172000,8000,164000,164000
08329P,台達電統一9C售02,0,0,0,0,0,0,0,0,0,163000,0,0,0,183000,20000,163000,163000
062494,中石化中信9C購01,0,0,0,0,0,0,0,0,0,163000,0,0,0,185000,22000,163000,163000
062921,GIS元大9B購01   ,0,0,0,0,0,0,0,0,0,163000,0,0,0,197000,34000,163000,163000
064618,南亞科元大9C購04,0,0,0,0,0,0,0,0,0,163000,0,0,0,163000,0,163000,163000
063933,TPK統一01購01   ,0,0,0,0,0,0,0,0,0,163000,0,0,0,193000,30000,163000,163000
064134,瑞祺元大9C購02  ,0,0,0,0,0,0,0,0,0,162000,0,0,0,213000,51000,162000,162000
07420P,可成元大99售07  ,0,0,0,0,0,0,0,0,0,161000,0,0,0,200000,39000,161000,161000
059814,SP黃豆凱基9A購02,0,0,0,0,0,0,0,0,0,161000,0,0,0,206000,45000,161000,161000
08206P,鴻海群益9C售03  ,0,0,0,0,0,0,0,0,0,160000,0,0,0,160000,0,160000,160000
08149P,祥碩群益9B售07  ,0,0,0,0,0,0,0,0,0,160000,0,0,0,160000,0,160000,160000
058947,SGBR2X群益9B購02,0,0,0,0,0,0,0,0,0,160000,0,0,0,210000,50000,160000,160000
063976,正崴兆豐9C購01  ,0,0,0,0,0,0,0,0,0,160000,0,0,0,199000,39000,160000,160000
064897,宏達電群益9C購02,0,0,0,0,0,0,0,0,0,160000,0,0,0,175000,15000,160000,160000
08521P,台達電元大9C售03,0,0,0,0,0,0,0,0,0,159000,0,0,0,180000,21000,159000,159000
058666,上証反群益01購01,0,0,0,0,0,0,0,0,0,159000,0,0,0,199000,40000,159000,159000
063292,致新元大9B購02  ,0,0,0,0,0,0,0,0,0,159000,0,0,0,210000,51000,159000,159000
6452,康友-KY         ,286000,126718,159282,0,0,0,0,0,0,-1000,0,0,0,16000,17000,-1000,158282
07247P,聯發科凱基9A售06,0,0,0,0,0,0,0,0,0,158000,0,0,0,158000,0,158000,158000
062404,新唐永豐9B購01  ,0,0,0,0,0,0,0,0,0,158000,0,0,0,208000,50000,158000,158000
063147,東元元富9B購01  ,0,0,0,0,0,0,0,0,0,158000,0,0,0,324000,166000,158000,158000
062230,緯穎統一01購01  ,0,0,0,0,0,0,0,0,0,158000,0,0,0,194000,36000,158000,158000
06458P,玉晶光統一9A售02,0,0,0,0,0,0,0,0,0,158000,0,0,0,158000,0,158000,158000
1903,士紙            ,67300,39000,28300,0,0,0,9000,0,9000,120000,120000,0,120000,0,0,0,157300
08130P,義隆元大9B售05  ,0,0,0,0,0,0,0,0,0,157000,0,0,0,244000,87000,157000,157000
057136,立積凱基98購02  ,0,0,0,0,0,0,0,0,0,157000,0,0,0,305000,148000,157000,157000
062012,燿華富邦9C購01  ,0,0,0,0,0,0,0,0,0,157000,0,0,0,167000,10000,157000,157000
064487,和大元大9C購01  ,0,0,0,0,0,0,0,0,0,157000,0,0,0,169000,12000,157000,157000
062976,嘉澤元富9B購01  ,0,0,0,0,0,0,0,0,0,157000,0,0,0,167000,10000,157000,157000
08286P,大立光凱基9C售04,0,0,0,0,0,0,0,0,0,156000,0,0,0,166000,10000,156000,156000
057581,元大金中信9A購01,0,0,0,0,0,0,0,0,0,156000,0,0,0,156000,0,156000,156000
062113,瑞祺國票9B購01  ,0,0,0,0,0,0,0,0,0,156000,0,0,0,157000,1000,156000,156000
063128,智伸科元大9B購01,0,0,0,0,0,0,0,0,0,156000,0,0,0,266000,110000,156000,156000
064343,健鼎元大9C購01  ,0,0,0,0,0,0,0,0,0,156000,0,0,0,292000,136000,156000,156000
054893,帆宣統一99購01  ,0,0,0,0,0,0,0,0,0,155000,0,0,0,287000,132000,155000,155000
060370,滬深2X元富04購01,0,0,0,0,0,0,0,0,0,155000,0,0,0,200000,45000,155000,155000
058515,健鼎元大99購01  ,0,0,0,0,0,0,0,0,0,155000,0,0,0,228000,73000,155000,155000
061188,大成鋼富邦9B購01,0,0,0,0,0,0,0,0,0,154000,0,0,0,209000,55000,154000,154000
063846,智邦元大9C購01  ,0,0,0,0,0,0,0,0,0,154000,0,0,0,246000,92000,154000,154000
064506,康控元大9C購02  ,0,0,0,0,0,0,0,0,0,154000,0,0,0,154000,0,154000,154000
065321,瑞昱凱基9C購01  ,0,0,0,0,0,0,0,0,0,153000,0,0,0,203000,50000,153000,153000
065391,和大群益01購03  ,0,0,0,0,0,0,0,0,0,153000,0,0,0,153000,0,153000,153000
062780,旺宏元大01購01  ,0,0,0,0,0,0,0,0,0,153000,0,0,0,158000,5000,153000,153000
062190,瀚宇博元大9B購01,0,0,0,0,0,0,0,0,0,152000,0,0,0,183000,31000,152000,152000
059343,宏達電凱基99購04,0,0,0,0,0,0,0,0,0,152000,0,0,0,152000,0,152000,152000
055652,聯詠元富01購01  ,0,0,0,0,0,0,0,0,0,151000,0,0,0,394000,243000,151000,151000
057704,台虹群益98購03  ,0,0,0,0,0,0,0,0,0,151000,0,0,0,220000,69000,151000,151000
059943,信邦永豐99購01  ,0,0,0,0,0,0,0,0,0,151000,0,0,0,265000,114000,151000,151000
063741,GIS元大9B購04   ,0,0,0,0,0,0,0,0,0,151000,0,0,0,152000,1000,151000,151000
064714,和大統一02購02  ,0,0,0,0,0,0,0,0,0,151000,0,0,0,151000,0,151000,151000
06523P,台積電麥證98售02,0,0,0,150000,0,150000,0,0,0,150000,0,0,0,150000,0,150000,150000
06937P,GIS元大98售03   ,0,0,0,0,0,0,0,0,0,150000,0,0,0,150000,0,150000,150000
07588P,滬深2X國票9C售01,0,0,0,0,0,0,0,0,0,150000,0,0,0,200000,50000,150000,150000
2340,光磊            ,646000,449000,197000,0,0,0,0,0,0,-47000,0,15000,-15000,0,32000,-32000,150000
056448,全新凱基99購01  ,0,0,0,0,0,0,0,0,0,150000,0,0,0,150000,0,150000,150000
056560,旺宏群益98購03  ,0,0,0,0,0,0,0,0,0,150000,0,0,0,150000,0,150000,150000
055276,台積電元大97購20,0,0,0,0,0,0,0,0,0,150000,0,0,0,150000,0,150000,150000
060679,聯詠元大9A購04  ,0,0,0,0,0,0,0,0,0,150000,0,0,0,182000,32000,150000,150000
060509,宏達電元大9A購02,0,0,0,0,0,0,0,0,0,150000,0,0,0,200000,50000,150000,150000
063964,瑞昱國票01購01  ,0,0,0,0,0,0,0,0,0,150000,0,0,0,256000,106000,150000,150000
064029,宏達電元大9C購01,0,0,0,0,0,0,0,0,0,150000,0,0,0,191000,41000,150000,150000
062837,復盛群益9B購01  ,0,0,0,0,0,0,0,0,0,150000,0,0,0,150000,0,150000,150000
065510,鴻海群益01購04  ,0,0,0,0,0,0,0,0,0,149000,0,0,0,185000,36000,149000,149000
061105,宏達電元大9A購04,0,0,0,0,0,0,0,0,0,149000,0,0,0,263000,114000,149000,149000
063867,全新永豐9C購01  ,0,0,0,0,0,0,0,0,0,149000,0,0,0,159000,10000,149000,149000
055365,華通元大97購03  ,0,0,0,0,0,0,0,0,0,148000,0,0,0,148000,0,148000,148000
054725,國巨日盛97購01  ,0,0,0,0,0,0,0,0,0,148000,0,0,0,148000,0,148000,148000
056211,南港國票98購01  ,5000,0,5000,0,0,0,0,0,0,143000,0,0,0,148000,5000,143000,148000
060009,南亞科群益99購03,0,0,0,0,0,0,0,0,0,148000,0,0,0,148000,0,148000,148000
062136,南亞科群益9B購01,0,0,0,0,0,0,0,0,0,148000,0,0,0,148000,0,148000,148000
064264,智伸科永豐9C購01,0,0,0,0,0,0,0,0,0,148000,0,0,0,148000,0,148000,148000
063637,聯發科元大9C購02,0,0,0,0,0,0,0,0,0,148000,0,0,0,232000,84000,148000,148000
063313,南亞科群益9B購02,0,0,0,0,0,0,0,0,0,148000,0,0,0,148000,0,148000,148000
063213,智伸科國票9C購01,0,0,0,0,0,0,0,0,0,148000,0,0,0,148000,0,148000,148000
057817,景碩元大98購01  ,0,0,0,0,0,0,0,0,0,147000,0,0,0,148000,1000,147000,147000
08104P,晶技元大9B售06  ,0,0,0,0,0,0,0,0,0,146000,0,0,0,156000,10000,146000,146000
056517,茂林兆豐99購01  ,0,0,0,0,0,0,0,0,0,146000,0,0,0,186000,40000,146000,146000
056944,鴻海統一98購11  ,0,0,0,0,0,0,0,0,0,146000,0,0,0,264000,118000,146000,146000
060777,茂林凱基9C購01  ,0,0,0,0,0,0,0,0,0,146000,0,0,0,166000,20000,146000,146000
06491P,台積電富邦99售02,0,0,0,0,0,0,0,0,0,146000,0,0,0,146000,0,146000,146000
4956,光鋐            ,712000,565000,147000,0,0,0,0,0,0,-1000,0,1000,-1000,0,0,0,146000
2704,國賓            ,195000,49000,146000,0,0,0,0,0,0,-1000,0,1000,-1000,0,0,0,145000
07612P,國巨國泰9B售06  ,0,0,0,0,0,0,0,0,0,145000,0,0,0,145000,0,145000,145000
056849,瀚宇博元富98購01,0,0,0,0,0,0,0,0,0,145000,0,0,0,145000,0,145000,145000
056459,茂林凱基99購01  ,0,0,0,0,0,0,0,0,0,145000,0,0,0,150000,5000,145000,145000
061912,台積電中信05購05,0,0,0,0,0,0,0,0,0,145000,0,0,0,151000,6000,145000,145000
061092,可成統一9C購02  ,0,0,0,0,0,0,0,0,0,145000,0,0,0,155000,10000,145000,145000
064250,亞光元富9C購01  ,0,0,0,0,0,0,0,0,0,145000,0,0,0,145000,0,145000,145000
063673,GIS統一9C購02   ,0,0,0,0,0,0,0,0,0,145000,0,0,0,145000,0,145000,145000
1477,聚陽            ,1041000,426000,615000,0,0,0,0,455000,-455000,-16000,6000,8000,-2000,1000,15000,-14000,144000
056609,楠梓電永豐98購02,0,0,0,0,0,0,0,0,0,144000,0,0,0,144000,0,144000,144000
049842,道瓊反中信98購01,0,0,0,0,0,0,0,0,0,144000,0,0,0,243000,99000,144000,144000
055814,晶豪科國票97購02,0,0,0,0,0,0,0,0,0,144000,0,0,0,144000,0,144000,144000
063774,GIS富邦9B購02   ,0,0,0,0,0,0,0,0,0,144000,0,0,0,146000,2000,144000,144000
063532,GIS凱基9B購03   ,0,0,0,0,0,0,0,0,0,144000,0,0,0,230000,86000,144000,144000
062617,京鼎元大9B購01  ,0,0,0,0,0,0,0,0,0,144000,0,0,0,186000,42000,144000,144000
064206,鴻海凱基03購02  ,0,0,0,0,0,0,0,0,0,144000,0,0,0,326000,182000,144000,144000
07140P,台灣50日盛99售01,0,0,0,0,0,0,0,0,0,143000,0,0,0,683000,540000,143000,143000
063916,瀚宇博凱基01購01,0,0,0,0,0,0,0,0,0,143000,0,0,0,232000,89000,143000,143000
3645,達邁            ,212000,67000,145000,0,0,0,0,0,0,-2000,5000,7000,-2000,0,0,0,143000
07991P,鴻海群益9C售02  ,0,0,0,0,0,0,0,0,0,142000,0,0,0,224000,82000,142000,142000
061526,宏達電凱基9A購04,0,0,0,0,0,0,0,0,0,142000,0,0,0,142000,0,142000,142000
062025,台達電群益9B購01,0,0,0,0,0,0,0,0,0,142000,0,0,0,186000,44000,142000,142000
062679,技嘉統一01購01  ,0,0,0,0,0,0,0,0,0,142000,0,0,0,155000,13000,142000,142000
065146,帆宣凱基9C購01  ,0,0,0,0,0,0,0,0,0,141000,0,0,0,146000,5000,141000,141000
062032,崇越群益9B購01  ,0,0,0,0,0,0,0,0,0,141000,0,0,0,141000,0,141000,141000
061536,華擎統一9C購02  ,0,0,0,0,0,0,0,0,0,141000,0,0,0,147000,6000,141000,141000
062411,玉晶光第一9B購01,0,0,0,0,0,0,0,0,0,141000,0,0,0,156000,15000,141000,141000
2207,和泰車          ,353554,206953,146601,0,0,0,0,0,0,-6000,0,6000,-6000,0,0,0,140601
06855P,聯發科富邦9A售01,0,0,0,0,0,0,0,0,0,140000,0,0,0,195000,55000,140000,140000
05538P,玉晶光國票97售02,0,0,0,0,0,0,0,0,0,140000,0,0,0,140000,0,140000,140000
056942,昇陽半元富98購01,0,0,0,0,0,0,0,0,0,140000,0,0,0,140000,0,140000,140000
058441,T50反1台新03購01,0,0,0,0,0,0,0,0,0,140000,0,0,0,140000,0,140000,140000
058363,全新凱基9A購02  ,0,0,0,0,0,0,0,0,0,140000,0,0,0,160000,20000,140000,140000
062509,SP黃豆國票9B購03,0,0,0,0,0,0,0,0,0,140000,0,0,0,170000,30000,140000,140000
062133,大成鋼群益9B購01,0,0,0,0,0,0,0,0,0,139000,0,0,0,149000,10000,139000,139000
062408,致新永豐9B購01  ,0,0,0,0,0,0,0,0,0,139000,0,0,0,139000,0,139000,139000
08274P,台積電元富9C售02,0,0,0,0,0,0,0,0,0,138000,0,0,0,138000,0,138000,138000
063583,GIS國泰01購01   ,0,0,0,0,0,0,0,0,0,138000,0,0,0,701000,563000,138000,138000
06438P,玉晶光國票99售02,0,0,0,0,0,0,0,0,0,138000,0,0,0,260000,122000,138000,138000
065092,健鼎元大9C購02  ,0,0,0,0,0,0,0,0,0,137000,0,0,0,193000,56000,137000,137000
061034,晶豪科永豐9A購01,0,0,0,0,0,0,0,0,0,137000,0,0,0,137000,0,137000,137000
050890,南電富邦99購01  ,0,0,0,0,0,0,0,0,0,137000,0,0,0,185000,48000,137000,137000
061187,瀚宇博國泰9C購01,0,0,0,0,0,0,0,0,0,137000,0,0,0,265000,128000,137000,137000
063852,瀚宇博元大9C購01,0,0,0,0,0,0,0,0,0,137000,0,0,0,146000,9000,137000,137000
063433,臻鼎元富9B購01  ,0,0,0,0,0,0,0,0,0,137000,0,0,0,224000,87000,137000,137000
062709,帆宣元大9B購01  ,0,0,0,0,0,0,0,0,0,136000,0,0,0,159000,23000,136000,136000
060157,致茂永豐9A購02  ,0,0,0,0,0,0,0,0,0,135000,0,0,0,471000,336000,135000,135000
061165,美律兆豐9A購01  ,0,0,0,0,0,0,0,0,0,135000,0,0,0,151000,16000,135000,135000
060953,富邦金群益9A購01,0,0,0,0,0,0,0,0,0,135000,0,0,0,137000,2000,135000,135000
059623,聯電凱基99購02  ,0,0,0,0,0,0,0,0,0,135000,0,0,0,278000,143000,135000,135000
064596,台表科統一01購03,0,0,0,0,0,0,0,0,0,135000,0,0,0,163000,28000,135000,135000
3708,上緯投控        ,199000,48000,151000,0,0,0,0,0,0,-16000,0,0,0,8000,24000,-16000,135000
07579P,聯茂元大9A售01  ,0,0,0,0,0,0,0,0,0,134000,0,0,0,150000,16000,134000,134000
08067P,大立光凱基9B售08,0,0,0,0,0,0,0,0,0,134000,0,0,0,225000,91000,134000,134000
057532,智原元大98購03  ,0,0,0,0,0,0,0,0,0,134000,0,0,0,501000,367000,134000,134000
061923,友達凱基9B購04  ,0,0,0,0,0,0,0,0,0,134000,0,0,0,184000,50000,134000,134000
063394,金像電群益9B購01,0,0,0,0,0,0,0,0,0,134000,0,0,0,141000,7000,134000,134000
08095P,大立光元富9B售03,0,0,0,0,0,0,0,0,0,133000,0,0,0,846000,713000,133000,133000
056288,健鼎永豐97購01  ,0,0,0,0,0,0,0,0,0,133000,0,0,0,133000,0,133000,133000
08296P,同欣電元大9C售04,0,0,0,0,0,0,0,0,0,132000,0,0,0,132000,0,132000,132000
07086P,力成元富9C售01  ,0,0,0,0,0,0,0,0,0,132000,0,0,0,527000,395000,132000,132000
057296,智原永豐98購01  ,0,0,0,0,0,0,0,0,0,132000,0,0,0,219000,87000,132000,132000
061669,崇越中信9A購01  ,0,0,0,0,0,0,0,0,0,132000,0,0,0,180000,48000,132000,132000
061398,力成中信9A購01  ,0,0,0,0,0,0,0,0,0,132000,0,0,0,308000,176000,132000,132000
064860,聯發科富邦03購01,0,0,0,0,0,0,0,0,0,132000,0,0,0,193000,61000,132000,132000
064098,正崴群益9C購01  ,0,0,0,0,0,0,0,0,0,132000,0,0,0,143000,11000,132000,132000
056398,南茂永豐98購01  ,0,0,0,0,0,0,0,0,0,131000,0,0,0,139000,8000,131000,131000
058928,國巨統一9C購01  ,0,20000,-20000,0,0,0,0,0,0,151000,0,0,0,1190000,1039000,151000,131000
060327,美律群益9A購02  ,0,0,0,0,0,0,0,0,0,131000,0,0,0,131000,0,131000,131000
063160,牧德富邦9C購02  ,0,0,0,0,0,0,0,0,0,131000,0,0,0,131000,0,131000,131000
056869,國巨日盛99購03  ,0,0,0,0,0,0,0,0,0,130000,0,0,0,133000,3000,130000,130000
054171,台郡凱基97購01  ,0,0,0,0,0,0,0,0,0,130000,0,0,0,130000,0,130000,130000
058099,鴻海國泰9A購02  ,0,0,0,0,0,0,0,0,0,130000,0,0,0,150000,20000,130000,130000
059986,宏達電元大99購08,0,0,0,0,0,0,0,0,0,130000,0,0,0,130000,0,130000,130000
062640,訊連國票9C購01  ,0,0,0,0,0,0,0,0,0,130000,0,0,0,130000,0,130000,130000
064926,臻鼎統一02購01  ,0,0,0,0,0,0,0,0,0,130000,0,0,0,244000,114000,130000,130000
064686,鴻海群益01購03  ,0,0,0,0,0,0,0,0,0,130000,0,0,0,156000,26000,130000,130000
060134,鈺齊群益9A購01  ,0,0,0,0,0,0,0,0,0,129000,0,0,0,129000,0,129000,129000
061457,TPK凱基9A購01   ,0,0,0,0,0,0,0,0,0,129000,0,0,0,139000,10000,129000,129000
063858,鴻海國泰02購01  ,0,0,0,0,0,0,0,0,0,129000,0,0,0,190000,61000,129000,129000
064161,世芯統一01購02  ,0,0,0,0,0,0,0,0,0,129000,0,0,0,129000,0,129000,129000
064211,友達凱基02購01  ,0,0,0,0,0,0,0,0,0,129000,0,0,0,129000,0,129000,129000
060459,鴻海元大9A購07  ,0,0,0,0,0,0,0,0,0,128000,0,0,0,136000,8000,128000,128000
061579,京鼎元大9A購02  ,0,0,0,0,0,0,0,0,0,128000,0,0,0,159000,31000,128000,128000
062286,台郡群益9B購01  ,0,0,0,0,0,0,0,0,0,128000,0,0,0,128000,0,128000,128000
064692,嘉晶群益9C購03  ,0,0,0,0,0,0,0,0,0,128000,0,0,0,129000,1000,128000,128000
064847,金像電元富9C購01,0,0,0,0,0,0,0,0,0,128000,0,0,0,139000,11000,128000,128000
063398,信邦群益9B購02  ,0,0,0,0,0,0,0,0,0,128000,0,0,0,138000,10000,128000,128000
2405,浩鑫            ,196000,69000,127000,0,0,0,0,0,0,0,0,0,0,0,0,0,127000
062031,臻鼎群益9B購01  ,0,0,0,0,0,0,0,0,0,127000,0,0,0,282000,155000,127000,127000
059928,道瓊銀富邦03購01,0,0,0,0,0,0,0,0,0,127000,0,0,0,130000,3000,127000,127000
059023,可成統一9B購02  ,0,0,0,0,0,0,0,0,0,127000,0,0,0,130000,3000,127000,127000
063573,茂林元大9B購06  ,0,0,0,0,0,0,0,0,0,127000,0,0,0,127000,0,127000,127000
07992P,玉晶光群益01售04,0,0,0,0,0,0,0,0,0,126000,0,0,0,130000,4000,126000,126000
055261,帆宣統一98購01  ,0,0,0,0,0,0,0,0,0,126000,0,0,0,136000,10000,126000,126000
063575,矽格元大9B購02  ,0,0,0,0,0,0,0,0,0,126000,0,0,0,432000,306000,126000,126000
063538,神達統一9C購01  ,0,0,0,0,0,0,0,0,0,126000,0,0,0,253000,127000,126000,126000
063806,瀚宇博兆豐01購01,0,0,0,0,0,0,0,0,0,126000,0,0,0,136000,10000,126000,126000
062539,可成國泰01購01  ,0,0,0,0,0,0,0,0,0,126000,0,0,0,263000,137000,126000,126000
2838A,聯邦銀甲特      ,0,0,0,0,0,0,0,0,0,125000,128000,3000,125000,0,0,0,125000
3014,聯陽            ,732000,532000,200000,0,0,0,0,27000,-27000,-48000,6000,36000,-30000,32000,50000,-18000,125000
07653P,華新科群益9A售05,0,0,0,0,0,0,0,0,0,125000,0,0,0,125000,0,125000,125000
07418P,聯發科元大99售45,0,0,0,0,0,0,0,0,0,125000,0,0,0,155000,30000,125000,125000
05627P,致伸國票97售01  ,0,0,0,0,0,0,0,0,0,125000,0,0,0,125000,0,125000,125000
060571,京元電永豐9A購01,0,0,0,0,0,0,0,0,0,125000,0,0,0,190000,65000,125000,125000
064197,智伸科群益9C購01,0,0,0,0,0,0,0,0,0,125000,0,0,0,135000,10000,125000,125000
065376,京鼎元大9C購02  ,0,0,0,0,0,0,0,0,0,124000,0,0,0,413000,289000,124000,124000
08042P,臺股指群益9B售15,0,0,0,0,0,0,0,0,0,124000,0,0,0,124000,0,124000,124000
056292,統一元大97購01  ,0,0,0,0,0,0,0,0,0,124000,0,0,0,141000,17000,124000,124000
057919,技嘉凱基98購03  ,0,0,0,0,0,0,0,0,0,124000,0,0,0,144000,20000,124000,124000
062434,華通元大9B購04  ,0,0,0,0,0,0,0,0,0,124000,0,0,0,150000,26000,124000,124000
057945,京鼎國票99購03  ,0,0,0,0,0,0,0,0,0,123000,0,0,0,258000,135000,123000,123000
060351,滬深2X元富9A購01,0,0,0,0,0,0,0,0,0,123000,0,0,0,123000,0,123000,123000
059785,美律元大9A購03  ,0,0,0,0,0,0,0,0,0,123000,0,0,0,126000,3000,123000,123000
060721,瑞儀永豐9A購01  ,0,0,0,0,0,0,0,0,0,123000,0,0,0,123000,0,123000,123000
063780,高鐵永豐9B購02  ,0,0,0,0,0,0,0,0,0,123000,0,0,0,123000,0,123000,123000
064505,康控元大9C購01  ,0,0,0,0,0,0,0,0,0,123000,0,0,0,135000,12000,123000,123000
08053P,臺股指國票9B售18,0,0,0,0,0,0,0,0,0,122000,0,0,0,152000,30000,122000,122000
065242,巨大凱基01購02  ,0,0,0,0,0,0,0,0,0,122000,0,0,0,161000,39000,122000,122000
057780,台郡群益98購02  ,0,0,0,0,0,0,0,0,0,122000,0,0,0,122000,0,122000,122000
061792,和大永豐9B購01  ,0,0,0,0,0,0,0,0,0,122000,0,0,0,122000,0,122000,122000
064151,義隆統一01購01  ,0,0,0,0,0,0,0,0,0,122000,0,0,0,122000,0,122000,122000
057886,聯詠群益98購01  ,0,0,0,0,0,0,0,0,0,121000,0,0,0,123000,2000,121000,121000
056431,鴻海凱基98購07  ,0,0,0,0,0,0,0,0,0,121000,0,0,0,443000,322000,121000,121000
056304,創意元大97購03  ,0,0,0,0,0,0,0,0,0,121000,0,0,0,144000,23000,121000,121000
063201,廣達統一01購01  ,0,0,0,0,0,0,0,0,0,121000,0,0,0,240000,119000,121000,121000
07171P,臺股指國票99售08,0,0,0,0,0,0,0,0,0,120000,0,0,0,120000,0,120000,120000
08005P,台積電群益9C售04,0,0,0,0,0,0,0,0,0,120000,0,0,0,120000,0,120000,120000
057252,牧德元富98購01  ,0,0,0,0,0,0,0,0,0,120000,0,0,0,320000,200000,120000,120000
058050,台郡元大99購05  ,0,0,0,0,0,0,0,0,0,120000,0,0,0,140000,20000,120000,120000
055404,超眾元富97購01  ,0,0,0,0,0,0,0,0,0,120000,0,0,0,120000,0,120000,120000
059685,T50正2永豐99購02,0,0,0,0,0,0,0,0,0,120000,0,0,0,120000,0,120000,120000
062009,聯發科國泰01購01,0,0,0,0,0,0,0,0,0,120000,0,0,0,120000,0,120000,120000
062122,國巨統一02購01  ,0,0,0,0,0,0,0,0,0,120000,0,0,0,120000,0,120000,120000
063328,京元電國票9C購02,0,0,0,0,0,0,0,0,0,120000,0,0,0,361000,241000,120000,120000
063894,漢唐群益9C購01  ,0,0,0,0,0,0,0,0,0,120000,0,0,0,125000,5000,120000,120000
064066,達新永豐9C購01  ,0,0,0,0,0,0,0,0,0,120000,0,0,0,120000,0,120000,120000
6226,光鼎            ,162000,41000,121000,0,0,0,0,0,0,-1000,0,1000,-1000,0,0,0,120000
08371P,京元電凱基9C售01,0,0,0,0,0,0,0,0,0,119000,0,0,0,153000,34000,119000,119000
065286,瑞昱群益9C購03  ,0,0,0,0,0,0,0,0,0,119000,0,0,0,124000,5000,119000,119000
057109,信邦群益98購01  ,0,0,0,0,0,0,0,0,0,119000,0,0,0,119000,0,119000,119000
056922,全新兆豐99購01  ,0,0,0,0,0,0,0,0,0,119000,0,0,0,119000,0,119000,119000
065219,緯穎國泰01購01  ,0,0,0,0,0,0,0,0,0,118000,0,0,0,155000,37000,118000,118000
08181P,華新科國泰9C售02,0,0,0,0,0,0,0,0,0,118000,0,0,0,156000,38000,118000,118000
058184,鴻海永豐99購01  ,0,0,0,0,0,0,0,0,0,118000,0,0,0,123000,5000,118000,118000
062189,康控元大9B購02  ,0,0,0,0,0,0,0,0,0,118000,0,0,0,118000,0,118000,118000
060299,友訊國泰9B購01  ,0,0,0,0,0,0,0,0,0,118000,0,0,0,118000,0,118000,118000
064287,日月光元大9C購01,0,0,0,0,0,0,0,0,0,118000,0,0,0,127000,9000,118000,118000
064503,日電貿元大9C購01,0,0,0,0,0,0,0,0,0,118000,0,0,0,223000,105000,118000,118000
064804,英業達元大9C購01,0,0,0,0,0,0,0,0,0,118000,0,0,0,133000,15000,118000,118000
065032,TPK兆豐01購01   ,0,0,0,0,0,0,0,0,0,118000,0,0,0,122000,4000,118000,118000
1476,儒鴻            ,1181798,960000,221798,0,0,0,0,53000,-53000,-51000,1000,65000,-64000,18000,5000,13000,117798
057490,可成元大98購10  ,0,0,0,0,0,0,0,0,0,117000,0,0,0,220000,103000,117000,117000
061546,大立光群益9A購05,0,0,0,0,0,0,0,0,0,117000,0,0,0,169000,52000,117000,117000
061017,國泰金麥證9A購01,0,0,0,117000,0,117000,0,0,0,117000,0,0,0,117000,0,117000,117000
063182,國巨凱基9B購10  ,0,0,0,0,0,0,0,0,0,117000,0,0,0,118000,1000,117000,117000
08471P,日月光凱基9C售02,0,0,0,0,0,0,0,0,0,116000,0,0,0,142000,26000,116000,116000
07807P,聯茂永豐9A售02  ,0,0,0,0,0,0,0,0,0,116000,0,0,0,116000,0,116000,116000
058905,京鼎元大99購01  ,0,0,0,0,0,0,0,0,0,116000,0,0,0,121000,5000,116000,116000
059515,牧德永豐99購01  ,0,0,0,0,0,0,0,0,0,116000,0,0,0,135000,19000,116000,116000
063461,金像電元大9B購03,0,0,0,0,0,0,0,0,0,116000,0,0,0,116000,0,116000,116000
063541,華擎元富9B購02  ,0,0,0,0,0,0,0,0,0,116000,0,0,0,116000,0,116000,116000
062416,和大統一01購02  ,0,0,0,0,0,0,0,0,0,116000,0,0,0,158000,42000,116000,116000
06050P,玉晶光國票98售01,0,0,0,0,0,0,0,0,0,115000,0,0,0,155000,40000,115000,115000
058750,緯穎凱基9A購03  ,0,0,0,0,0,0,0,0,0,115000,0,0,0,121000,6000,115000,115000
06328P,台積電中信01售02,0,0,0,0,0,0,0,0,0,115000,0,0,0,115000,0,115000,115000
064894,漢唐群益9C購02  ,0,0,0,0,0,0,0,0,0,115000,0,0,0,115000,0,115000,115000
064188,玉晶光永豐9C購02,0,0,0,0,0,0,0,0,0,115000,0,0,0,157000,42000,115000,115000
06801P,技嘉群益99售02  ,0,0,0,0,0,0,0,0,0,114000,0,0,0,139000,25000,114000,114000
08522P,智邦元大9C售08  ,0,0,0,0,0,0,0,0,0,114000,0,0,0,144000,30000,114000,114000
08146P,台積電群益9B售08,0,0,0,0,0,0,0,0,0,114000,0,0,0,114000,0,114000,114000
08147P,聯發科群益9B售10,0,0,0,0,0,0,0,0,0,114000,0,0,0,194000,80000,114000,114000
057234,宏達電凱基98購05,0,0,0,0,0,0,0,0,0,114000,0,0,0,156000,42000,114000,114000
057674,台郡元大99購03  ,0,0,0,0,0,0,0,0,0,114000,0,0,0,136000,22000,114000,114000
052681,T50反1元大98購02,0,0,0,0,0,0,0,0,0,114000,0,0,0,120000,6000,114000,114000
058651,FBVIX中信9C購01 ,0,0,0,0,0,0,0,0,0,114000,0,0,0,130000,16000,114000,114000
064244,GIS統一02購01   ,0,0,0,0,0,0,0,0,0,114000,0,0,0,114000,0,114000,114000
063192,技嘉台新9B購01  ,0,0,0,0,0,0,0,0,0,114000,0,0,0,116000,2000,114000,114000
08457P,大毅元大9C售03  ,0,0,0,0,0,0,0,0,0,113000,0,0,0,162000,49000,113000,113000
06845P,億光元大98售02  ,0,0,0,0,0,0,0,0,0,113000,0,0,0,123000,10000,113000,113000
07048P,台積電中信03售01,0,0,0,0,0,0,0,0,0,113000,0,0,0,131000,18000,113000,113000
06535P,可成群益99售02  ,0,0,0,0,0,0,0,0,0,113000,0,0,0,383000,270000,113000,113000
053901,T50反1凱基99購03,0,0,0,0,0,0,0,0,0,113000,0,0,0,113000,0,113000,113000
060002,T50反1群益9A購01,0,0,0,0,0,0,0,0,0,113000,0,0,0,113000,0,113000,113000
064158,健鼎統一02購01  ,0,0,0,0,0,0,0,0,0,113000,0,0,0,163000,50000,113000,113000
064025,友達元大02購01  ,0,0,0,0,0,0,0,0,0,113000,0,0,0,113000,0,113000,113000
063897,神達群益9C購01  ,0,0,0,0,0,0,0,0,0,113000,0,0,0,121000,8000,113000,113000
065499,京元電富邦01購01,0,0,0,0,0,0,0,0,0,112000,0,0,0,174000,62000,112000,112000
07583P,台積電富邦9B售05,0,0,0,0,0,0,0,0,0,112000,0,0,0,112000,0,112000,112000
057116,鴻海日盛9A購01  ,0,0,0,0,0,0,0,0,0,112000,0,0,0,2132000,2020000,112000,112000
057877,神達元大99購01  ,0,0,0,0,0,0,0,0,0,112000,0,0,0,129000,17000,112000,112000
061352,茂林元大9A購04  ,0,0,0,0,0,0,0,0,0,112000,0,0,0,112000,0,112000,112000
058984,全新凱基9A購03  ,0,0,0,0,0,0,0,0,0,112000,0,0,0,112000,0,112000,112000
062019,嘉澤永豐9B購01  ,0,0,0,0,0,0,0,0,0,112000,0,0,0,117000,5000,112000,112000
063954,世芯元大01購02  ,0,0,0,0,0,0,0,0,0,112000,0,0,0,199000,87000,112000,112000
063820,華邦電麥證01購01,0,0,0,112000,0,112000,0,0,0,112000,0,0,0,112000,0,112000,112000
064120,鴻海元大9C購07  ,0,0,0,0,0,0,0,0,0,112000,0,0,0,171000,59000,112000,112000
064662,鴻海元大9C購10  ,0,0,0,0,0,0,0,0,0,112000,0,0,0,260000,148000,112000,112000
063504,國巨群益9C購06  ,0,0,0,0,0,0,0,0,0,112000,0,0,0,121000,9000,112000,112000
063025,超眾元大9B購01  ,0,0,0,0,0,0,0,0,0,112000,0,0,0,191000,79000,112000,112000
06783P,亞光元大98售03  ,0,0,0,0,0,0,0,0,0,111000,0,0,0,157000,46000,111000,111000
065079,致茂元大9C購01  ,0,0,0,0,0,0,0,0,0,111000,0,0,0,226000,115000,111000,111000
060105,牧德元大9B購01  ,0,0,0,0,0,0,0,0,0,111000,0,0,0,181000,70000,111000,111000
056088,台郡統一97購02  ,0,0,0,0,0,0,0,0,0,111000,0,0,0,111000,0,111000,111000
051849,旺宏中信98購01  ,0,0,0,0,0,0,0,0,0,111000,0,0,0,737000,626000,111000,111000
061227,日月光中信9B購01,0,0,0,0,0,0,0,0,0,111000,0,0,0,158000,47000,111000,111000
061351,智伸科元大9A購01,0,0,0,0,0,0,0,0,0,111000,0,0,0,131000,20000,111000,111000
062623,元金2X國票01購01,0,0,0,0,0,0,0,0,0,111000,0,0,0,111000,0,111000,111000
063726,鴻海元大9B購04  ,0,0,0,0,0,0,0,0,0,111000,0,0,0,167000,56000,111000,111000
063731,台積電元大9B購10,0,0,0,0,0,0,0,0,0,111000,0,0,0,426000,315000,111000,111000
063655,華通元富9B購01  ,0,0,0,0,0,0,0,0,0,111000,0,0,0,117000,6000,111000,111000
063354,茂林元富9B購02  ,0,0,0,0,0,0,0,0,0,111000,0,0,0,119000,8000,111000,111000
064449,金寶統一01購02  ,0,0,0,0,0,0,0,0,0,111000,0,0,0,111000,0,111000,111000
064104,TPK群益9C購02   ,0,0,0,0,0,0,0,0,0,111000,0,0,0,111000,0,111000,111000
051700,深中小群益99購04,0,0,0,0,0,0,0,0,0,110000,0,0,0,110000,0,110000,110000
00636,國泰中國A50     ,108000,0,108000,0,0,0,0,0,0,2000,0,0,0,265000,263000,2000,110000
006207,FH滬深          ,219000,63000,156000,0,0,0,0,0,0,-46000,0,0,0,355000,401000,-46000,110000
055245,凱美統一99購01  ,0,0,0,0,0,0,0,0,0,110000,0,0,0,120000,10000,110000,110000
055411,國巨富邦9A購02  ,0,0,0,0,0,0,0,0,0,110000,0,0,0,120000,10000,110000,110000
058929,可成統一9C購01  ,0,0,0,0,0,0,0,0,0,110000,0,0,0,116000,6000,110000,110000
059169,可成凱基99購04  ,0,0,0,0,0,0,0,0,0,110000,0,0,0,110000,0,110000,110000
058837,SGBR2X中信9C購01,0,0,0,0,0,0,0,0,0,110000,0,0,0,110000,0,110000,110000
058999,台積電元大99購24,0,0,0,0,0,0,0,0,0,110000,0,0,0,300000,190000,110000,110000
061179,華擎凱基9A購01  ,0,0,0,0,0,0,0,0,0,110000,0,0,0,110000,0,110000,110000
058747,友達凱基9A購03  ,0,0,0,0,0,0,0,0,0,110000,0,0,0,110000,0,110000,110000
059475,元石油群益99購02,0,0,0,0,0,0,0,0,0,110000,0,0,0,110000,0,110000,110000
064494,南亞科元大9C購02,0,0,0,0,0,0,0,0,0,110000,0,0,0,110000,0,110000,110000
063549,國巨國票9C購05  ,0,0,0,0,0,0,0,0,0,110000,0,0,0,124000,14000,110000,110000
07849P,大立光群益9A售06,0,0,0,0,0,0,0,0,0,109000,0,0,0,109000,0,109000,109000
056301,開發金元大9A購01,0,0,0,0,0,0,0,0,0,109000,0,0,0,214000,105000,109000,109000
00651R,FH香港反1       ,31000,9000,22000,0,0,0,0,0,0,87000,0,0,0,709000,622000,87000,109000
061424,華新科元大9A購18,0,0,0,0,0,0,0,0,0,109000,0,0,0,109000,0,109000,109000
058774,台郡兆豐9A購01  ,0,0,0,0,0,0,0,0,0,109000,0,0,0,133000,24000,109000,109000
062364,瑞昱元大9B購04  ,0,0,0,0,0,0,0,0,0,109000,0,0,0,174000,65000,109000,109000
061292,玉晶光統一01購06,0,0,0,0,0,0,0,0,0,109000,0,0,0,109000,0,109000,109000
064746,貿聯國票01購02  ,0,0,0,0,0,0,0,0,0,109000,0,0,0,109000,0,109000,109000
064284,京鼎元大9C購01  ,0,0,0,0,0,0,0,0,0,109000,0,0,0,333000,224000,109000,109000
2430,燦坤            ,123000,11000,112000,0,0,0,0,0,0,-4000,0,4000,-4000,0,0,0,108000
049700,瀚宇博元大97購01,0,0,0,0,0,0,0,0,0,108000,0,0,0,118000,10000,108000,108000
058108,台郡台新99購01  ,0,0,0,0,0,0,0,0,0,108000,0,0,0,111000,3000,108000,108000
057536,康控元大99購03  ,0,0,0,0,0,0,0,0,0,108000,0,0,0,176000,68000,108000,108000
060807,新光金群益9A購01,0,0,0,0,0,0,0,0,0,108000,0,0,0,108000,0,108000,108000
063355,超眾元富9B購01  ,0,0,0,0,0,0,0,0,0,108000,0,0,0,115000,7000,108000,108000
08233P,國泰金元富9B售01,0,0,0,0,0,0,0,0,0,107000,0,0,0,215000,108000,107000,107000
07966P,瑞祺群益9B售02  ,0,0,0,0,0,0,0,0,0,107000,0,0,0,135000,28000,107000,107000
07667P,亞德客元大9A售05,0,0,0,0,0,0,0,0,0,107000,0,0,0,117000,10000,107000,107000
065370,瑞昱元大9C購02  ,0,0,0,0,0,0,0,0,0,107000,0,0,0,234000,127000,107000,107000
057937,神達群益98購02  ,0,0,0,0,0,0,0,0,0,107000,0,0,0,205000,98000,107000,107000
061791,康友群益9B購01  ,0,0,0,0,0,0,0,0,0,107000,0,0,0,109000,2000,107000,107000
057616,聯電凱基99購01  ,0,0,0,0,0,0,0,0,0,107000,0,0,0,230000,123000,107000,107000
056543,京鼎凱基98購01  ,0,0,0,0,0,0,0,0,0,107000,0,0,0,107000,0,107000,107000
060019,彰銀康和99購01  ,0,0,0,0,0,0,0,0,0,107000,0,0,0,111000,4000,107000,107000
063290,GIS元大9B購02   ,0,0,0,0,0,0,0,0,0,107000,0,0,0,107000,0,107000,107000
063593,GIS永豐9B購01   ,0,0,0,0,0,0,0,0,0,107000,0,0,0,108000,1000,107000,107000
063624,GIS兆豐9B購01   ,0,0,0,0,0,0,0,0,0,107000,0,0,0,267000,160000,107000,107000
062803,嘉晶統一9B購02  ,0,0,0,0,0,0,0,0,0,107000,0,0,0,113000,6000,107000,107000
062027,國泰金群益9B購01,0,0,0,0,0,0,0,0,0,106000,0,0,0,113000,7000,106000,106000
063813,瑞昱群益9C購02  ,0,0,0,0,0,0,0,0,0,106000,0,0,0,111000,5000,106000,106000
3588,通嘉            ,161000,53000,108000,0,0,0,0,0,0,-2000,0,2000,-2000,0,0,0,106000
065596,鴻海元大9C購16  ,0,0,0,0,0,0,0,0,0,105000,0,0,0,313000,208000,105000,105000
07415P,台積電元大99售52,0,0,0,0,0,0,0,0,0,105000,0,0,0,113000,8000,105000,105000
057533,晶相光元大98購02,0,0,0,0,0,0,0,0,0,105000,0,0,0,105000,0,105000,105000
055531,華新科群益98購03,0,0,0,0,0,0,0,0,0,105000,0,0,0,105000,0,105000,105000
060813,高鐵凱基9A購01  ,0,0,0,0,0,0,0,0,0,105000,0,0,0,110000,5000,105000,105000
060988,華新科元大9A購12,0,0,0,0,0,0,0,0,0,105000,0,0,0,115000,10000,105000,105000
060900,超眾凱基9B購01  ,0,0,0,0,0,0,0,0,0,105000,0,0,0,115000,10000,105000,105000
058985,可成凱基99購03  ,0,0,0,0,0,0,0,0,0,105000,0,0,0,116000,11000,105000,105000
062521,玉晶光元大9C購05,0,0,0,0,0,0,0,0,0,105000,0,0,0,115000,10000,105000,105000
07746P,華新科凱基9A售11,0,0,0,0,0,0,0,0,0,104000,0,0,0,200000,96000,104000,104000
08387P,臺股指群益9C售15,0,0,0,0,0,0,0,0,0,104000,0,0,0,204000,100000,104000,104000
058075,貿聯凱基99購02  ,0,0,0,0,0,0,0,0,0,104000,0,0,0,176000,72000,104000,104000
00656R,國泰中國A50反1  ,0,52000,-52000,0,0,0,0,0,0,156000,0,0,0,201000,45000,156000,104000
060159,健和興永豐9A購01,0,0,0,0,0,0,0,0,0,104000,0,0,0,132000,28000,104000,104000
060760,南亞科元大9A購04,0,0,0,0,0,0,0,0,0,104000,0,0,0,119000,15000,104000,104000
063925,祥碩元富9C購01  ,0,0,0,0,0,0,0,0,0,104000,0,0,0,116000,12000,104000,104000
064865,美律永豐9C購02  ,0,0,0,0,0,0,0,0,0,104000,0,0,0,232000,128000,104000,104000
3437,榮創            ,215000,110000,105000,0,0,0,0,0,0,-2000,0,2000,-2000,0,0,0,103000
053818,富邦金群益98購01,0,0,0,0,0,0,0,0,0,103000,0,0,0,144000,41000,103000,103000
061922,瑞昱凱基9B購01  ,0,0,0,0,0,0,0,0,0,103000,0,0,0,141000,38000,103000,103000
064619,南亞科元大9C購05,0,0,0,0,0,0,0,0,0,103000,0,0,0,123000,20000,103000,103000
064547,宏達電凱基9C購01,0,0,0,0,0,0,0,0,0,103000,0,0,0,116000,13000,103000,103000
064006,晶技凱基9C購02  ,0,0,0,0,0,0,0,0,0,103000,0,0,0,259000,156000,103000,103000
8422,可寧衛          ,63000,40104,22896,0,0,0,86000,6000,80000,0,0,0,0,0,0,0,102896
2239,英利-KY         ,173000,72000,101000,0,0,0,0,0,0,1000,1000,0,1000,0,0,0,102000
07951P,智邦元大9B售05  ,0,0,0,0,0,0,0,0,0,102000,0,0,0,104000,2000,102000,102000
08202P,台表科國泰01售04,0,0,0,0,0,0,0,0,0,102000,0,0,0,124000,22000,102000,102000
07055P,景碩群益9A售02  ,0,0,0,0,0,0,0,0,0,102000,0,0,0,160000,58000,102000,102000
07069P,欣興元富99售02  ,0,0,0,0,0,0,0,0,0,102000,0,0,0,102000,0,102000,102000
057045,美律元大99購04  ,0,0,0,0,0,0,0,0,0,102000,0,0,0,102000,0,102000,102000
057836,南亞科國泰9A購01,0,0,0,0,0,0,0,0,0,102000,0,0,0,102000,0,102000,102000
062279,晶豪科群益9B購01,0,0,0,0,0,0,0,0,0,102000,0,0,0,102000,0,102000,102000
060365,京鼎元富9A購01  ,0,0,0,0,0,0,0,0,0,102000,0,0,0,102000,0,102000,102000
063850,玉晶光元大9C購07,0,0,0,0,0,0,0,0,0,102000,0,0,0,452000,350000,102000,102000
064332,聯發科元大01購01,0,0,0,0,0,0,0,0,0,102000,0,0,0,190000,88000,102000,102000
062708,立積元大9B購01  ,0,0,0,0,0,0,0,0,0,102000,0,0,0,179000,77000,102000,102000
063219,友達群益9B購03  ,0,0,0,0,0,0,0,0,0,102000,0,0,0,200000,98000,102000,102000
063383,億豐永豐9B購02  ,0,0,0,0,0,0,0,0,0,102000,0,0,0,102000,0,102000,102000
065270,TPK元大01購01   ,0,0,0,0,0,0,0,0,0,101000,0,0,0,101000,0,101000,101000
08009P,華擎統一9B售02  ,0,0,0,0,0,0,0,0,0,101000,0,0,0,123000,22000,101000,101000
08374P,緯穎凱基9C售01  ,0,0,0,0,0,0,0,0,0,101000,0,0,0,191000,90000,101000,101000
061878,茂林元大9B購01  ,0,0,0,0,0,0,0,0,0,101000,0,0,0,107000,6000,101000,101000
061744,超眾凱基9B購02  ,0,0,0,0,0,0,0,0,0,101000,0,0,0,101000,0,101000,101000
054479,緯創中信98購01  ,0,0,0,0,0,0,0,0,0,101000,0,0,0,121000,20000,101000,101000
061155,華新科群益9A購06,0,0,0,0,0,0,0,0,0,101000,0,0,0,161000,60000,101000,101000
063948,高鐵元大9C購01  ,0,0,0,0,0,0,0,0,0,101000,0,0,0,155000,54000,101000,101000
064775,和大群益01購01  ,0,0,0,0,0,0,0,0,0,101000,0,0,0,101000,0,101000,101000
08423P,台積電統一9C售13,0,0,0,0,0,0,0,0,0,100000,0,0,0,120000,20000,100000,100000
065460,嘉聯益台新9C購01,0,0,0,0,0,0,0,0,0,100000,0,0,0,100000,0,100000,100000
07230P,滬深2X群益01售02,0,0,0,0,0,0,0,0,0,100000,0,0,0,100000,0,100000,100000
07241P,台灣50國票9A售05,0,0,0,0,0,0,0,0,0,100000,0,0,0,100000,0,100000,100000
07264P,台積電元大99售38,0,0,0,0,0,0,0,0,0,100000,0,0,0,101000,1000,100000,100000
06850P,聯茂元大98售06  ,0,0,0,0,0,0,0,0,0,100000,0,0,0,100000,0,100000,100000
06936P,瑞儀元大98售01  ,0,0,0,0,0,0,0,0,0,100000,0,0,0,100000,0,100000,100000
06982P,義隆凱基99售02  ,0,0,0,0,0,0,0,0,0,100000,0,0,0,100000,0,100000,100000
07710P,華擎元大9A售05  ,0,0,0,0,0,0,0,0,0,100000,0,0,0,100000,0,100000,100000
07657P,技嘉凱基9A售03  ,0,0,0,0,0,0,0,0,0,100000,0,0,0,100000,0,100000,100000
07614P,華新科群益9A售04,0,0,0,0,0,0,0,0,0,100000,0,0,0,100000,0,100000,100000
07576P,可成元大9A售01  ,0,0,0,0,0,0,0,0,0,100000,0,0,0,100000,0,100000,100000
054168,貿聯凱基97購02  ,0,0,0,0,0,0,0,0,0,100000,0,0,0,100000,0,100000,100000
054854,台積電麥證97購01,0,0,0,100000,0,100000,0,0,0,100000,0,0,0,100000,0,100000,100000
055538,鴻海日盛97購04  ,0,0,0,0,0,0,0,0,0,100000,0,0,0,100000,0,100000,100000
055482,聚陽元大97購02  ,0,0,0,0,0,0,0,0,0,100000,0,0,0,100000,0,100000,100000
056995,華新科日盛99購01,0,0,0,0,0,0,0,0,0,100000,0,0,0,100000,0,100000,100000
055287,日電貿元大97購01,0,0,0,0,0,0,0,0,0,100000,0,0,0,100000,0,100000,100000
055291,京鼎元大97購02  ,0,0,0,0,0,0,0,0,0,100000,0,0,0,110000,10000,100000,100000
055006,晶相光元富9A購01,0,0,0,0,0,0,0,0,0,100000,0,0,0,100000,0,100000,100000
057125,國巨凱基98購12  ,0,0,0,0,0,0,0,0,0,100000,0,0,0,111000,11000,100000,100000
054058,晶豪科國票98購01,0,0,0,0,0,0,0,0,0,100000,0,0,0,100000,0,100000,100000
051485,玉晶光凱基97購02,0,0,0,0,0,0,0,0,0,100000,0,0,0,100000,0,100000,100000
052733,台郡國泰97購01  ,0,0,0,0,0,0,0,0,0,100000,0,0,0,100000,0,100000,100000
052783,台郡國票97購01  ,0,0,0,0,0,0,0,0,0,100000,0,0,0,100000,0,100000,100000
052977,奇力新麥證97購01,0,0,0,100000,0,100000,0,0,0,100000,0,0,0,100000,0,100000,100000
057820,華擎元大98購02  ,0,0,0,0,0,0,0,0,0,100000,0,0,0,100000,0,100000,100000
057956,全新元大99購04  ,0,0,0,0,0,0,0,0,0,100000,0,0,0,100000,0,100000,100000
057202,TPK元富98購02   ,0,0,0,0,0,0,0,0,0,100000,0,0,0,100000,0,100000,100000
058512,宏達電元大99購04,0,0,0,0,0,0,0,0,0,100000,0,0,0,100000,0,100000,100000
059920,宏達電元大99購07,0,0,0,0,0,0,0,0,0,100000,0,0,0,210000,110000,100000,100000
059870,全新凱基99購05  ,0,0,0,0,0,0,0,0,0,100000,0,0,0,110000,10000,100000,100000
060957,SP黃豆凱基9A購04,0,0,0,0,0,0,0,0,0,100000,0,0,0,103000,3000,100000,100000
058613,茂林元大99購03  ,0,0,0,0,0,0,0,0,0,100000,0,0,0,100000,0,100000,100000
058568,宏達電凱基9A購02,0,0,0,0,0,0,0,0,0,100000,0,0,0,100000,0,100000,100000
058297,茂林凱基9A購02  ,0,0,0,0,0,0,0,0,0,100000,0,0,0,100000,0,100000,100000
058370,聯詠凱基99購01  ,0,0,0,0,0,0,0,0,0,100000,0,0,0,120000,20000,100000,100000
060448,道瓊反元大9A購04,0,0,0,0,0,0,0,0,0,100000,0,0,0,100000,0,100000,100000
064783,貿聯群益9C購03  ,0,0,0,0,0,0,0,0,0,100000,0,0,0,100000,0,100000,100000
064970,東元元大9C購01  ,0,0,0,0,0,0,0,0,0,100000,0,0,0,129000,29000,100000,100000
064982,新唐元大9C購01  ,0,0,0,0,0,0,0,0,0,100000,0,0,0,240000,140000,100000,100000
064538,鈺齊國票01購01  ,0,0,0,0,0,0,0,0,0,100000,0,0,0,100000,0,100000,100000
064053,祥碩統一02購01  ,0,0,0,0,0,0,0,0,0,100000,0,0,0,448000,348000,100000,100000
064045,南亞科統一9C購04,0,0,0,0,0,0,0,0,0,100000,0,0,0,108000,8000,100000,100000
06431P,新日興元大97售05,0,0,0,0,0,0,0,0,0,100000,0,0,0,100000,0,100000,100000
063223,牧德群益9B購04  ,0,0,0,0,0,0,0,0,0,100000,0,0,0,221000,121000,100000,100000
063623,祥碩兆豐9B購02  ,0,0,0,0,0,0,0,0,0,100000,0,0,0,110000,10000,100000,100000
07564P,臺股指中信01售01,0,0,0,0,0,0,0,0,0,99000,0,0,0,100000,1000,99000,99000
07248P,可成凱基99售06  ,0,0,0,0,0,0,0,0,0,99000,0,0,0,266000,167000,99000,99000
07146P,瑞昱元大99售02  ,0,0,0,0,0,0,0,0,0,99000,0,0,0,99000,0,99000,99000
065388,華擎兆豐01購01  ,0,0,0,0,0,0,0,0,0,99000,0,0,0,100000,1000,99000,99000
057874,可成元大99購02  ,0,0,0,0,0,0,0,0,0,99000,0,0,0,114000,15000,99000,99000
061879,超眾元大9C購01  ,0,0,0,0,0,0,0,0,0,99000,0,0,0,131000,32000,99000,99000
055603,超眾元大97購04  ,0,0,0,0,0,0,0,0,0,99000,0,0,0,100000,1000,99000,99000
059849,興勤永豐99購01  ,0,0,0,0,0,0,0,0,0,99000,0,0,0,99000,0,99000,99000
064339,大立光元大01購01,0,0,0,0,0,0,0,0,0,99000,0,0,0,100000,1000,99000,99000
064975,南亞科元大9C購07,0,0,0,0,0,0,0,0,0,99000,0,0,0,105000,6000,99000,99000
2905,三商            ,271000,171000,100000,0,0,0,0,0,0,-2000,0,2000,-2000,0,0,0,98000
054799,超眾群益98購01  ,0,0,0,0,0,0,0,0,0,98000,0,0,0,98000,0,98000,98000
056989,鴻海兆豐98購02  ,0,0,0,0,0,0,0,0,0,98000,0,0,0,98000,0,98000,98000
057306,玉晶光兆豐99購01,0,0,0,0,0,0,0,0,0,98000,0,0,0,118000,20000,98000,98000
059856,昇陽半永豐99購03,0,0,0,0,0,0,0,0,0,98000,0,0,0,197000,99000,98000,98000
060303,宏達電富邦9B購01,0,0,0,0,0,0,0,0,0,98000,0,0,0,134000,36000,98000,98000
062052,華通統一01購01  ,0,0,0,0,0,0,0,0,0,98000,0,0,0,129000,31000,98000,98000
064724,健鼎統一02購02  ,0,0,0,0,0,0,0,0,0,98000,0,0,0,369000,271000,98000,98000
064105,南茂群益9C購01  ,0,0,0,0,0,0,0,0,0,98000,0,0,0,108000,10000,98000,98000
063610,儒鴻群益9B購02  ,0,0,0,0,0,0,0,0,0,98000,0,0,0,98000,0,98000,98000
062754,台勝科麥證9B購01,0,0,0,98000,0,98000,0,0,0,98000,0,0,0,98000,0,98000,98000
08432P,台勝科凱基9C售02,0,0,0,0,0,0,0,0,0,97000,0,0,0,132000,35000,97000,97000
065366,英業達元大9C購02,0,0,0,0,0,0,0,0,0,97000,0,0,0,165000,68000,97000,97000
065232,健策凱基02購01  ,0,0,0,0,0,0,0,0,0,97000,0,0,0,100000,3000,97000,97000
07867P,晶技元大9B售01  ,0,0,0,0,0,0,0,0,0,97000,0,0,0,97000,0,97000,97000
054807,台化元大9A購02  ,0,0,0,0,0,0,0,0,0,97000,0,0,0,107000,10000,97000,97000
054258,牧德元大97購01  ,0,0,0,0,0,0,0,0,0,97000,0,0,0,97000,0,97000,97000
064364,高鐵統一9C購02  ,0,0,0,0,0,0,0,0,0,97000,0,0,0,102000,5000,97000,97000
065348,中壽統一9C購02  ,0,0,0,0,0,0,0,0,0,96000,0,0,0,96000,0,96000,96000
08355P,智邦元大9C售03  ,0,0,0,0,0,0,0,0,0,96000,0,0,0,104000,8000,96000,96000
07950P,智邦元大9B售04  ,0,0,0,0,0,0,0,0,0,96000,0,0,0,96000,0,96000,96000
061796,興勤永豐9B購01  ,0,0,0,0,0,0,0,0,0,96000,0,0,0,96000,0,96000,96000
061140,華擎統一9C購01  ,0,0,0,0,0,0,0,0,0,96000,0,0,0,99000,3000,96000,96000
064215,康控凱基02購01  ,0,0,0,0,0,0,0,0,0,96000,0,0,0,118000,22000,96000,96000
064008,日月光凱基9C購01,0,0,0,0,0,0,0,0,0,96000,0,0,0,103000,7000,96000,96000
064570,TPK群益9C購03   ,0,0,0,0,0,0,0,0,0,96000,0,0,0,96000,0,96000,96000
062449,臻鼎元大9B購01  ,0,0,0,0,0,0,0,0,0,96000,0,0,0,111000,15000,96000,96000
063452,創意統一01購01  ,0,0,0,0,0,0,0,0,0,96000,0,0,0,482000,386000,96000,96000
8454,富邦媒          ,230000,93963,136037,0,0,0,5000,0,5000,-46000,1000,47000,-46000,0,0,0,95037
08011P,玉晶光元大9B售05,0,0,0,0,0,0,0,0,0,95000,0,0,0,121000,26000,95000,95000
08177P,金像電元大9B售02,0,0,0,0,0,0,0,0,0,95000,0,0,0,105000,10000,95000,95000
08364P,聯發科凱基02售02,0,0,0,0,0,0,0,0,0,95000,0,0,0,95000,0,95000,95000
061830,元金2X凱基01購01,0,0,0,0,0,0,0,0,0,95000,0,0,0,95000,0,95000,95000
057663,國巨元大99購08  ,0,0,0,0,0,0,0,0,0,95000,0,0,0,100000,5000,95000,95000
056962,技嘉永豐98購01  ,0,0,0,0,0,0,0,0,0,95000,0,0,0,107000,12000,95000,95000
05473P,聯詠統一97售02  ,0,0,0,0,0,0,0,0,0,95000,0,0,0,195000,100000,95000,95000
055256,日電貿統一99購01,0,0,0,0,0,0,0,0,0,95000,0,0,0,143000,48000,95000,95000
053584,友達元大9B購02  ,0,0,0,0,0,0,0,0,0,95000,0,0,0,100000,5000,95000,95000
06025P,臺股指元大99售02,0,0,0,0,0,0,0,0,0,95000,0,0,0,125000,30000,95000,95000
062269,葡萄王群益9B購01,0,0,0,0,0,0,0,0,0,95000,0,0,0,244000,149000,95000,95000
061934,台積電國票9B購06,0,0,0,0,0,0,0,0,0,95000,0,0,0,95000,0,95000,95000
059364,昇陽半永豐99購02,0,0,0,0,0,0,0,0,0,95000,0,0,0,106000,11000,95000,95000
063191,台表科凱基9B購03,0,0,0,0,0,0,0,0,0,95000,0,0,0,108000,13000,95000,95000
062897,上銀元大9B購06  ,0,0,0,0,0,0,0,0,0,95000,0,0,0,105000,10000,95000,95000
064473,技嘉麥證9C購01  ,0,0,0,133000,38000,95000,0,0,0,95000,0,0,0,133000,38000,95000,95000
064899,大立光群益9C購06,0,0,0,0,0,0,0,0,0,95000,0,0,0,95000,0,95000,95000
064408,TPK凱基02購01   ,0,0,0,0,0,0,0,0,0,95000,0,0,0,105000,10000,95000,95000
08313P,健策國票01售01  ,0,0,0,0,0,0,0,0,0,94000,0,0,0,260000,166000,94000,94000
065154,聯發科群益9C購10,0,0,0,0,0,0,0,0,0,94000,0,0,0,129000,35000,94000,94000
056883,美食康和98購01  ,0,0,0,0,0,0,0,0,0,94000,0,0,0,100000,6000,94000,94000
064058,儒鴻麥證01購01  ,0,0,0,101000,6000,95000,0,0,0,94000,0,0,0,101000,7000,94000,94000
062867,東元中信9B購01  ,0,0,0,0,0,0,0,0,0,94000,0,0,0,192000,98000,94000,94000
062604,東元凱基9B購01  ,0,0,0,0,0,0,0,0,0,94000,0,0,0,171000,77000,94000,94000
063483,致新元大9B購03  ,0,0,0,0,0,0,0,0,0,94000,0,0,0,174000,80000,94000,94000
065105,巨大元大01購01  ,0,0,0,0,0,0,0,0,0,93000,0,0,0,106000,13000,93000,93000
07678P,大立光群益9A售03,0,0,0,0,0,0,0,0,0,93000,0,0,0,93000,0,93000,93000
07183P,臺股指凱基99售25,0,0,0,0,0,0,0,0,0,93000,0,0,0,113000,20000,93000,93000
062037,華新凱基9B購01  ,0,0,0,0,0,0,0,0,0,93000,0,0,0,97000,4000,93000,93000
064163,康控統一01購01  ,0,0,0,0,0,0,0,0,0,93000,0,0,0,133000,40000,93000,93000
064467,南亞科元富9C購02,0,0,0,0,0,0,0,0,0,93000,0,0,0,93000,0,93000,93000
064650,台表科凱基03購01,0,0,0,0,0,0,0,0,0,93000,0,0,0,302000,209000,93000,93000
065414,立積永豐9C購01  ,0,0,0,0,0,0,0,0,0,92000,0,0,0,365000,273000,92000,92000
060086,鴻海元大99購42  ,0,0,0,0,0,0,0,0,0,92000,0,0,0,128000,36000,92000,92000
057835,華擎元富9B購01  ,0,0,0,0,0,0,0,0,0,92000,0,0,0,125000,33000,92000,92000
057940,和大國票99購01  ,0,0,0,0,0,0,0,0,0,92000,0,0,0,270000,178000,92000,92000
052776,力山國票97購01  ,0,0,0,0,0,0,0,0,0,92000,0,0,0,92000,0,92000,92000
059282,嘉聯益永豐99購01,0,0,0,0,0,0,0,0,0,92000,0,0,0,137000,45000,92000,92000
060715,日電貿永豐9A購01,0,0,0,0,0,0,0,0,0,92000,0,0,0,93000,1000,92000,92000
063606,TPK凱基9C購01   ,0,0,0,0,0,0,0,0,0,92000,0,0,0,101000,9000,92000,92000
063315,京元電群益9B購03,0,0,0,0,0,0,0,0,0,92000,0,0,0,202000,110000,92000,92000
062475,道瓊反國票9B購02,0,0,0,0,0,0,0,0,0,92000,0,0,0,92000,0,92000,92000
062971,英業達元富9B購01,0,0,0,0,0,0,0,0,0,92000,0,0,0,117000,25000,92000,92000
07225P,台積電元大99售33,0,0,0,0,0,0,0,0,0,91000,0,0,0,92000,1000,91000,91000
055063,玉晶光永豐99購01,0,0,0,0,0,0,0,0,0,91000,0,0,0,329000,238000,91000,91000
05512P,華新科台新97售01,0,0,0,0,0,0,0,0,0,91000,0,0,0,91000,0,91000,91000
061873,友達元大9C購07  ,0,0,0,0,0,0,0,0,0,91000,0,0,0,91000,0,91000,91000
057580,玉山金中信9A購01,0,0,0,0,0,0,0,0,0,91000,0,0,0,91000,0,91000,91000
060248,日月光元大9A購01,0,0,0,0,0,0,0,0,0,91000,0,0,0,91000,0,91000,91000
058287,國巨國票9A購02  ,0,0,0,0,0,0,0,0,0,91000,0,0,0,177000,86000,91000,91000
058673,華新科群益9A購02,0,0,0,0,0,0,0,0,0,91000,0,0,0,91000,0,91000,91000
07566P,台積電台新9B售02,0,0,0,0,0,0,0,0,0,90000,0,0,0,90000,0,90000,90000
07595P,台灣50中信03售07,0,0,0,0,0,0,0,0,0,90000,0,0,0,100000,10000,90000,90000
07639P,緯穎國票9A售01  ,0,0,0,0,0,0,0,0,0,90000,0,0,0,101000,11000,90000,90000
065229,友達凱基02購03  ,0,0,0,0,0,0,0,0,0,90000,0,0,0,160000,70000,90000,90000
056541,智原凱基98購03  ,0,0,0,0,0,0,0,0,0,90000,0,0,0,100000,10000,90000,90000
057021,台積電凱基9A購02,0,0,0,0,0,0,0,0,0,90000,0,0,0,100000,10000,90000,90000
055689,台郡凱基99購01  ,0,0,0,0,0,0,0,0,0,90000,0,0,0,120000,30000,90000,90000
054631,台郡凱基98購02  ,0,0,0,0,0,0,0,0,0,90000,0,0,0,110000,20000,90000,90000
062084,台郡元大9B購04  ,0,0,0,0,0,0,0,0,0,90000,0,0,0,141000,51000,90000,90000
062139,臺指反國票9C購02,0,0,0,0,0,0,0,0,0,90000,0,0,0,100000,10000,90000,90000
062362,致茂元大9B購01  ,0,0,0,0,0,0,0,0,0,90000,0,0,0,107000,17000,90000,90000
061223,T50反1中信01購01,0,0,0,0,0,0,0,0,0,90000,0,0,0,90000,0,90000,90000
060754,華通元大9A購04  ,0,0,0,0,0,0,0,0,0,90000,0,0,0,91000,1000,90000,90000
060422,台勝科永豐9A購01,0,0,0,0,0,0,0,0,0,90000,0,0,0,110000,20000,90000,90000
060772,FBVIX凱基9A購03 ,0,0,0,0,0,0,0,0,0,90000,0,0,0,90000,0,90000,90000
063337,國巨統一02購02  ,0,0,0,0,0,0,0,0,0,90000,0,0,0,91000,1000,90000,90000
063172,廣達中信9C購01  ,0,0,0,0,0,0,0,0,0,90000,0,0,0,155000,65000,90000,90000
064706,嘉晶富邦01購01  ,0,0,0,0,0,0,0,0,0,90000,0,0,0,90000,0,90000,90000
064307,聚陽群益9C購03  ,0,0,0,0,0,0,0,0,0,90000,0,0,0,90000,0,90000,90000
065237,茂林凱基01購01  ,0,0,0,0,0,0,0,0,0,89000,0,0,0,89000,0,89000,89000
1731,美吾華          ,180000,91000,89000,0,0,0,0,0,0,0,0,0,0,0,0,0,89000
055481,聚陽元大97購01  ,0,0,0,0,0,0,0,0,0,89000,0,0,0,89000,0,89000,89000
060913,宏達電元大9A購03,0,0,0,0,0,0,0,0,0,89000,0,0,0,110000,21000,89000,89000
058457,創意永豐99購01  ,0,0,0,0,0,0,0,0,0,89000,0,0,0,314000,225000,89000,89000
061152,微星群益9A購01  ,0,0,0,0,0,0,0,0,0,89000,0,0,0,168000,79000,89000,89000
059294,宏達電元富9B購02,0,0,0,0,0,0,0,0,0,89000,0,0,0,212000,123000,89000,89000
058401,華航元大9A購01  ,0,0,0,0,0,0,0,0,0,89000,0,0,0,100000,11000,89000,89000
064698,致伸群益9C購01  ,0,0,0,0,0,0,0,0,0,89000,0,0,0,89000,0,89000,89000
064482,微星永豐9C購01  ,0,0,0,0,0,0,0,0,0,89000,0,0,0,93000,4000,89000,89000
063450,華新科統一02購01,0,0,0,0,0,0,0,0,0,89000,0,0,0,142000,53000,89000,89000
054586,健鼎國泰99購01  ,0,0,0,0,0,0,0,0,0,88000,0,0,0,88000,0,88000,88000
057071,華擎永豐98購02  ,0,0,0,0,0,0,0,0,0,88000,0,0,0,88000,0,88000,88000
064091,台郡凱基01購01  ,0,0,0,0,0,0,0,0,0,88000,0,0,0,88000,0,88000,88000
3257,虹冠電          ,129000,41000,88000,0,0,0,0,0,0,-1000,0,1000,-1000,0,0,0,87000
08358P,大立光元大9C售18,0,0,0,0,0,0,0,0,0,87000,0,0,0,110000,23000,87000,87000
08379P,台積電國泰02售02,0,0,0,0,0,0,0,0,0,87000,0,0,0,2470000,2383000,87000,87000
07208P,台積電凱基99售14,0,0,0,0,0,0,0,0,0,87000,0,0,0,88000,1000,87000,87000
052888,台表科中信9A購01,0,0,0,0,0,0,0,0,0,87000,0,0,0,87000,0,87000,87000
00654R,富邦印度反1     ,127000,56000,71000,0,0,0,0,0,0,16000,0,0,0,16000,0,16000,87000
060466,玉山金元大9A購01,0,0,0,0,0,0,0,0,0,87000,0,0,0,87000,0,87000,87000
058763,和碩群益99購01  ,0,0,0,0,0,0,0,0,0,87000,0,0,0,99000,12000,87000,87000
058672,可成群益9B購02  ,0,0,0,0,0,0,0,0,0,87000,0,0,0,87000,0,87000,87000
061327,台郡凱基9A購02  ,0,0,0,0,0,0,0,0,0,87000,0,0,0,140000,53000,87000,87000
063571,TPK元大9B購03   ,0,0,0,0,0,0,0,0,0,87000,0,0,0,145000,58000,87000,87000
063135,國巨統一9B購16  ,0,0,0,0,0,0,0,0,0,87000,0,0,0,125000,38000,87000,87000
6412,群電            ,283000,169000,114000,0,0,0,0,0,0,-27000,0,27000,-27000,0,0,0,87000
057053,立積元大98購02  ,0,0,0,0,0,0,0,0,0,86000,0,0,0,166000,80000,86000,86000
056404,嘉聯益群益9A購01,0,0,0,0,0,0,0,0,0,86000,0,0,0,86000,0,86000,86000
059100,元油2X統一9C購02,0,0,0,0,0,0,0,0,0,86000,0,0,0,182000,96000,86000,86000
06849P,欣興元大98售12  ,0,0,0,0,0,0,0,0,0,85000,0,0,0,110000,25000,85000,85000
07765P,台積電群益9A售06,0,0,0,0,0,0,0,0,0,85000,0,0,0,85000,0,85000,85000
07771P,義隆國票9A售01  ,0,0,0,0,0,0,0,0,0,85000,0,0,0,105000,20000,85000,85000
08495P,同欣電元大9C售08,0,0,0,0,0,0,0,0,0,85000,0,0,0,85000,0,85000,85000
08205P,智邦凱基9B售03  ,0,0,0,0,0,0,0,0,0,85000,0,0,0,99000,14000,85000,85000
056387,智伸科國泰99購01,0,0,0,0,0,0,0,0,0,85000,0,0,0,105000,20000,85000,85000
061718,GIS凱基9B購01   ,0,0,0,0,0,0,0,0,0,85000,0,0,0,188000,103000,85000,85000
055316,上銀國票98購01  ,0,0,0,0,0,0,0,0,0,85000,0,0,0,85000,0,85000,85000
059877,康控凱基99購05  ,0,0,0,0,0,0,0,0,0,85000,0,0,0,95000,10000,85000,85000
058581,大立光群益99購05,0,0,0,0,0,0,0,0,0,85000,0,0,0,98000,13000,85000,85000
060648,鴻海第一9A購01  ,0,0,0,0,0,0,0,0,0,85000,0,0,0,97000,12000,85000,85000
063643,臻鼎元大9B購03  ,0,0,0,0,0,0,0,0,0,85000,0,0,0,170000,85000,85000,85000
064429,鴻海凱基03購03  ,0,0,0,0,0,0,0,0,0,85000,0,0,0,158000,73000,85000,85000
055524,鴻海群益98購01  ,0,0,0,0,0,0,0,0,0,84000,0,0,0,84000,0,84000,84000
060145,牧德國票9A購02  ,0,0,0,0,0,0,0,0,0,84000,0,0,0,100000,16000,84000,84000
057632,傳奇永豐98購01  ,0,0,0,0,0,0,0,0,0,84000,0,0,0,84000,0,84000,84000
058641,鴻海麥證99購02  ,0,0,0,84000,0,84000,0,0,0,84000,0,0,0,84000,0,84000,84000
060338,鴻海統一9C購02  ,0,0,0,0,0,0,0,0,0,84000,0,0,0,106000,22000,84000,84000
064136,致新元大9C購01  ,0,0,0,0,0,0,0,0,0,84000,0,0,0,155000,71000,84000,84000
063524,瑞昱凱基9B購05  ,0,0,0,0,0,0,0,0,0,84000,0,0,0,84000,0,84000,84000
063126,TPK元大9B購01   ,0,0,0,0,0,0,0,0,0,84000,0,0,0,84000,0,84000,84000
062578,超眾群益9B購01  ,0,0,0,0,0,0,0,0,0,84000,0,0,0,86000,2000,84000,84000
06765P,欣興元大98售11  ,0,0,0,0,0,0,0,0,0,83000,0,0,0,103000,20000,83000,83000
056202,國揚永豐97購01  ,0,0,0,0,0,0,0,0,0,83000,0,0,0,135000,52000,83000,83000
057776,京元電群益98購02,0,0,0,0,0,0,0,0,0,83000,0,0,0,201000,118000,83000,83000
058526,鈺齊元大99購02  ,0,0,0,0,0,0,0,0,0,83000,0,0,0,132000,49000,83000,83000
062751,華擎中信9C購01  ,0,0,0,0,0,0,0,0,0,83000,0,0,0,85000,2000,83000,83000
064388,緯穎富邦9C購01  ,0,0,0,0,0,0,0,0,0,83000,0,0,0,133000,50000,83000,83000
3090,日電貿          ,279000,155000,124000,0,0,0,0,0,0,-42000,0,1000,-1000,19000,60000,-41000,82000
056738,國巨凱基9A購02  ,0,0,0,0,0,0,0,0,0,82000,0,0,0,83000,1000,82000,82000
054980,國巨元富97購01  ,0,0,0,0,0,0,0,0,0,82000,0,0,0,145000,63000,82000,82000
057057,立積元大9A購01  ,0,0,0,0,0,0,0,0,0,82000,0,0,0,97000,15000,82000,82000
060674,瑞昱元大9A購03  ,0,0,0,0,0,0,0,0,0,82000,0,0,0,84000,2000,82000,82000
060265,宏達電國票9A購02,0,0,0,0,0,0,0,0,0,82000,0,0,0,82000,0,82000,82000
062798,台光電統一9B購01,0,0,0,0,0,0,0,0,0,82000,0,0,0,564000,482000,82000,82000
06333P,臺股指群益9C售02,0,0,0,0,0,0,0,0,0,82000,0,0,0,134000,52000,82000,82000
6491,晶碩            ,106000,24000,82000,0,0,0,0,0,0,0,0,0,0,0,0,0,82000
3062,建漢            ,599000,502000,97000,0,0,0,0,0,0,-16000,0,16000,-16000,0,0,0,81000
060260,京鼎凱基9C購01  ,0,0,0,0,0,0,0,0,0,81000,0,0,0,81000,0,81000,81000
061134,大成鋼統一9C購01,0,0,0,0,0,0,0,0,0,81000,0,0,0,81000,0,81000,81000
061376,瑞昱永豐9A購02  ,0,0,0,0,0,0,0,0,0,81000,0,0,0,101000,20000,81000,81000
060570,南亞科永豐9A購01,0,0,0,0,0,0,0,0,0,81000,0,0,0,91000,10000,81000,81000
062237,緯創凱基9B購01  ,0,0,0,0,0,0,0,0,0,81000,0,0,0,98000,17000,81000,81000
061986,晶豪科元大9B購01,0,0,0,0,0,0,0,0,0,81000,0,0,0,141000,60000,81000,81000
063582,瑞祺國泰9C購01  ,0,0,0,0,0,0,0,0,0,81000,0,0,0,233000,152000,81000,81000
063685,鴻海永豐9B購03  ,0,0,0,0,0,0,0,0,0,81000,0,0,0,178000,97000,81000,81000
062806,世芯統一02購01  ,0,0,0,0,0,0,0,0,0,81000,0,0,0,181000,100000,81000,81000
064221,華通國票01購01  ,0,0,0,0,0,0,0,0,0,81000,0,0,0,83000,2000,81000,81000
064253,貿聯元富9C購01  ,0,0,0,0,0,0,0,0,0,81000,0,0,0,122000,41000,81000,81000
6224,聚鼎            ,116000,33000,83000,0,0,0,0,0,0,-2000,0,2000,-2000,0,0,0,81000
1466,聚隆            ,0,0,0,0,0,0,0,0,0,80000,0,0,0,80000,0,80000,80000
08282P,南六群益9C售01  ,0,0,0,0,0,0,0,0,0,80000,0,0,0,90000,10000,80000,80000
08004P,大毅永豐9B售02  ,0,0,0,0,0,0,0,0,0,80000,0,0,0,80000,0,80000,80000
08487P,同欣電群益01售01,0,0,0,0,0,0,0,0,0,80000,0,0,0,100000,20000,80000,80000
08324P,大立光凱基9C售05,0,0,0,0,0,0,0,0,0,80000,0,0,0,85000,5000,80000,80000
07098P,台積電元大99售18,0,0,0,0,0,0,0,0,0,80000,0,0,0,100000,20000,80000,80000
07658P,國泰金凱基9A售01,0,0,0,0,0,0,0,0,0,80000,0,0,0,80000,0,80000,80000
065127,世芯永豐9C購03  ,0,0,0,0,0,0,0,0,0,80000,0,0,0,95000,15000,80000,80000
055501,創意元大97購01  ,0,0,0,0,0,0,0,0,0,80000,0,0,0,80000,0,80000,80000
050378,上証2X群益98購02,0,0,0,0,0,0,0,0,0,80000,0,0,0,80000,0,80000,80000
051511,鈺齊中信97購01  ,0,0,0,0,0,0,0,0,0,80000,0,0,0,80000,0,80000,80000
051903,T50反1元大97購02,0,0,0,0,0,0,0,0,0,80000,0,0,0,80000,0,80000,80000
057401,晶豪科群益99購01,0,0,0,0,0,0,0,0,0,80000,0,0,0,90000,10000,80000,80000
057240,茂林凱基9A購01  ,0,0,0,0,0,0,0,0,0,80000,0,0,0,80000,0,80000,80000
057813,京元電元大98購03,0,0,0,0,0,0,0,0,0,80000,0,0,0,321000,241000,80000,80000
057507,貿聯國票98購02  ,0,0,0,0,0,0,0,0,0,80000,0,0,0,80000,0,80000,80000
058964,群創兆豐99購01  ,0,0,0,0,0,0,0,0,0,80000,0,0,0,80000,0,80000,80000
058943,元石油群益9C購01,0,0,0,0,0,0,0,0,0,80000,0,0,0,80000,0,80000,80000
058752,鈺齊凱基9A購01  ,0,0,0,0,0,0,0,0,0,80000,0,0,0,88000,8000,80000,80000
059636,宏達電凱基99購05,0,0,0,0,0,0,0,0,0,80000,0,0,0,80000,0,80000,80000
064403,正崴凱基01購01  ,0,0,0,0,0,0,0,0,0,80000,0,0,0,125000,45000,80000,80000
063934,寶成統一02購01  ,0,0,0,0,0,0,0,0,0,80000,0,0,0,80000,0,80000,80000
062846,國泰金富邦9C購01,0,0,0,0,0,0,0,0,0,80000,0,0,0,98000,18000,80000,80000
062822,力成兆豐9B購01  ,0,0,0,0,0,0,0,0,0,80000,0,0,0,80000,0,80000,80000
062816,華新科兆豐9B購01,0,0,0,0,0,0,0,0,0,80000,0,0,0,80000,0,80000,80000
063560,力山元大9B購05  ,0,0,0,0,0,0,0,0,0,80000,0,0,0,125000,45000,80000,80000
057466,泰鼎永豐98購01  ,0,0,0,0,0,0,0,0,0,79000,0,0,0,79000,0,79000,79000
060983,南亞科元大9A購06,0,0,0,0,0,0,0,0,0,79000,0,0,0,95000,16000,79000,79000
059092,聯陽元大99購01  ,0,0,0,0,0,0,0,0,0,79000,0,0,0,79000,0,79000,79000
060505,友達元大9C購05  ,0,0,0,0,0,0,0,0,0,79000,0,0,0,84000,5000,79000,79000
063402,GIS群益9B購02   ,0,0,0,0,0,0,0,0,0,79000,0,0,0,157000,78000,79000,79000
063089,巨大凱基9C購01  ,0,0,0,0,0,0,0,0,0,79000,0,0,0,190000,111000,79000,79000
063112,祥碩兆豐9B購01  ,0,0,0,0,0,0,0,0,0,79000,0,0,0,93000,14000,79000,79000
063836,台塑元大9C購01  ,0,0,0,0,0,0,0,0,0,79000,0,0,0,131000,52000,79000,79000
07798P,同欣電國票9A售01,0,0,0,0,0,0,0,0,0,78000,0,0,0,83000,5000,78000,78000
08370P,台積電凱基01售06,0,0,0,0,0,0,0,0,0,78000,0,0,0,98000,20000,78000,78000
08555P,超眾國票01售01  ,0,0,0,0,0,0,0,0,0,78000,0,0,0,125000,47000,78000,78000
057875,京鼎元大98購03  ,0,0,0,0,0,0,0,0,0,78000,0,0,0,78000,0,78000,78000
061880,台郡元大9B購02  ,0,0,0,0,0,0,0,0,0,78000,0,0,0,243000,165000,78000,78000
058883,旭富永豐99購01  ,0,0,0,0,0,0,0,0,0,78000,0,0,0,80000,2000,78000,78000
059452,全新永豐99購03  ,0,0,0,0,0,0,0,0,0,78000,0,0,0,89000,11000,78000,78000
059291,華新科元富9B購01,0,0,0,0,0,0,0,0,0,78000,0,0,0,80000,2000,78000,78000
060052,宏碁凱基99購01  ,0,0,0,0,0,0,0,0,0,78000,0,0,0,78000,0,78000,78000
064695,京鼎群益02購02  ,0,0,0,0,0,0,0,0,0,78000,0,0,0,78000,0,78000,78000
063075,祥碩永豐9B購04  ,0,0,0,0,0,0,0,0,0,78000,0,0,0,96000,18000,78000,78000
063397,廣達群益9B購02  ,0,0,0,0,0,0,0,0,0,78000,0,0,0,78000,0,78000,78000
063351,億豐統一9B購01  ,0,0,0,0,0,0,0,0,0,78000,0,0,0,110000,32000,78000,78000
08125P,聯茂群益9B售02  ,0,0,0,0,0,0,0,0,0,77000,0,0,0,77000,0,77000,77000
1449,佳和            ,256000,179000,77000,0,0,0,0,0,0,0,0,0,0,0,0,0,77000
065244,聯發科兆豐9C購05,0,0,0,0,0,0,0,0,0,77000,0,0,0,88000,11000,77000,77000
061752,瑞昱台新9B購01  ,0,0,0,0,0,0,0,0,0,77000,0,0,0,92000,15000,77000,77000
056710,漢唐永豐98購01  ,0,0,0,0,0,0,0,0,0,77000,0,0,0,80000,3000,77000,77000
056715,瀚宇博永豐98購01,0,0,0,0,0,0,0,0,0,77000,0,0,0,97000,20000,77000,77000
056880,緯穎國票98購02  ,0,0,0,0,0,0,0,0,0,77000,0,0,0,117000,40000,77000,77000
052542,友達元富98購01  ,0,0,0,0,0,0,0,0,0,77000,0,0,0,230000,153000,77000,77000
059253,康控凱基9B購02  ,0,0,0,0,0,0,0,0,0,77000,0,0,0,77000,0,77000,77000
061715,牧德凱基9B購03  ,0,0,0,0,0,0,0,0,0,77000,0,0,0,78000,1000,77000,77000
061703,信邦國票9A購01  ,0,0,0,0,0,0,0,0,0,77000,0,0,0,77000,0,77000,77000
058573,鴻海群益9A購02  ,0,0,0,0,0,0,0,0,0,77000,0,0,0,133000,56000,77000,77000
063463,瑞昱元大9B購05  ,0,0,0,0,0,0,0,0,0,77000,0,0,0,77000,0,77000,77000
064348,TPK元大9C購03   ,0,0,0,0,0,0,0,0,0,77000,0,0,0,77000,0,77000,77000
064241,貿聯統一02購02  ,0,0,0,0,0,0,0,0,0,77000,0,0,0,77000,0,77000,77000
07027P,台積電群益99售04,0,0,0,0,0,0,0,0,0,76000,0,0,0,76000,0,76000,76000
1717,長興            ,715000,637000,78000,0,0,0,0,0,0,-2000,0,2000,-2000,0,0,0,76000
08589P,台灣50台新9C售08,0,0,0,0,0,0,0,0,0,76000,0,0,0,110000,34000,76000,76000
052994,群創台新99購01  ,0,0,0,0,0,0,0,0,0,76000,0,0,0,76000,0,76000,76000
054943,群光元大97購01  ,0,0,0,0,0,0,0,0,0,76000,0,0,0,76000,0,76000,76000
057627,和大永豐98購01  ,0,0,0,0,0,0,0,0,0,76000,0,0,0,76000,0,76000,76000
057331,台積電國票99購04,0,0,0,0,0,0,0,0,0,76000,0,0,0,109000,33000,76000,76000
061458,臻鼎凱基9A購02  ,0,0,0,0,0,0,0,0,0,76000,0,0,0,76000,0,76000,76000
061265,富邦金凱基9B購01,0,0,0,0,0,0,0,0,0,76000,0,0,0,166000,90000,76000,76000
058484,元金2X國票04購01,0,0,0,0,0,0,0,0,0,76000,0,0,0,76000,0,76000,76000
063310,和大群益9B購02  ,0,0,0,0,0,0,0,0,0,76000,0,0,0,76000,0,76000,76000
063006,道瓊反元大9C購01,0,0,0,0,0,0,0,0,0,76000,0,0,0,89000,13000,76000,76000
065385,億豐元大03購01  ,0,0,0,0,0,0,0,0,0,75000,0,0,0,100000,25000,75000,75000
065096,世芯元大9C購03  ,0,0,0,0,0,0,0,0,0,75000,0,0,0,103000,28000,75000,75000
065085,聯發科元大01購02,0,0,0,0,0,0,0,0,0,75000,0,0,0,281000,206000,75000,75000
060130,瀚宇博永豐99購02,0,0,0,0,0,0,0,0,0,75000,0,0,0,75000,0,75000,75000
060191,亞光元富9A購02  ,0,0,0,0,0,0,0,0,0,75000,0,0,0,75000,0,75000,75000
051727,S&P反1國票97購01,0,0,0,0,0,0,0,0,0,75000,0,0,0,75000,0,75000,75000
059351,台虹凱基99購01  ,0,0,0,0,0,0,0,0,0,75000,0,0,0,117000,42000,75000,75000
062381,上銀國泰9C購01  ,0,0,0,0,0,0,0,0,0,75000,0,0,0,112000,37000,75000,75000
063127,TPK元大9B購02   ,0,0,0,0,0,0,0,0,0,75000,0,0,0,75000,0,75000,75000
062561,瀚宇博凱基9B購01,0,0,0,0,0,0,0,0,0,75000,0,0,0,95000,20000,75000,75000
9944,新麗            ,388000,312000,76000,0,0,0,0,0,0,-1000,0,1000,-1000,0,0,0,75000
065350,華擎統一01購04  ,0,0,0,0,0,0,0,0,0,74000,0,0,0,177000,103000,74000,74000
07000P,T50反1元大99售03,0,0,0,0,0,0,0,0,0,74000,0,0,0,76000,2000,74000,74000
06741P,台積電富邦98售04,0,0,0,0,0,0,0,0,0,74000,0,0,0,552000,478000,74000,74000
08418P,大立光元大01售04,0,0,0,0,0,0,0,0,0,74000,0,0,0,74000,0,74000,74000
055234,昇陽半國票98購02,0,0,0,0,0,0,0,0,0,74000,0,0,0,74000,0,74000,74000
064200,華通兆豐01購01  ,0,0,0,0,0,0,0,0,0,74000,0,0,0,84000,10000,74000,74000
064290,GIS元大9C購04   ,0,0,0,0,0,0,0,0,0,74000,0,0,0,85000,11000,74000,74000
064986,GIS元大9C購07   ,0,0,0,0,0,0,0,0,0,74000,0,0,0,232000,158000,74000,74000
06926P,可成群益9A售04  ,0,0,0,0,0,0,0,0,0,73000,0,0,0,150000,77000,73000,73000
058803,世紀鋼元大99購03,0,0,0,0,0,0,0,0,0,73000,0,0,0,81000,8000,73000,73000
062726,華擎凱基9B購02  ,0,0,0,0,0,0,0,0,0,73000,0,0,0,73000,0,73000,73000
062899,鴻海元大9C購04  ,0,0,0,0,0,0,0,0,0,73000,0,0,0,134000,61000,73000,73000
063773,可成富邦9C購01  ,0,0,0,0,0,0,0,0,0,73000,0,0,0,73000,0,73000,73000
08208P,臺股指群益9B售16,0,0,0,0,0,0,0,0,0,72000,0,0,0,72000,0,72000,72000
052677,景碩富邦97購01  ,0,0,0,0,0,0,0,0,0,72000,0,0,0,72000,0,72000,72000
056939,康控元富98購01  ,0,0,0,0,0,0,0,0,0,72000,0,0,0,170000,98000,72000,72000
056178,嘉澤元富97購02  ,0,0,0,0,0,0,0,0,0,72000,0,0,0,82000,10000,72000,72000
061069,嘉聯益凱基9A購01,0,0,0,0,0,0,0,0,0,72000,0,0,0,180000,108000,72000,72000
064518,華新科群益02購01,0,0,0,0,0,0,0,0,0,72000,0,0,0,72000,0,72000,72000
064312,大立光群益01購01,0,0,0,0,0,0,0,0,0,72000,0,0,0,72000,0,72000,72000
6531,愛普            ,4000,123000,-119000,0,0,0,0,0,0,191000,0,6000,-6000,215000,18000,197000,72000
1773,勝一            ,110000,39000,71000,0,0,0,0,0,0,0,0,0,0,0,0,0,71000
056726,友達日盛9A購01  ,0,0,0,0,0,0,0,0,0,71000,0,0,0,71000,0,71000,71000
057736,鴻海富邦99購04  ,0,0,0,0,0,0,0,0,0,71000,0,0,0,71000,0,71000,71000
058518,玉晶光元大99購13,0,0,0,0,0,0,0,0,0,71000,0,0,0,71000,0,71000,71000
059942,全新永豐99購04  ,0,0,0,0,0,0,0,0,0,71000,0,0,0,71000,0,71000,71000
060383,葡萄王凱基9A購01,0,0,0,0,0,0,0,0,0,71000,0,0,0,81000,10000,71000,71000
062201,臺指反國票9B購05,0,0,0,0,0,0,0,0,0,71000,0,0,0,71000,0,71000,71000
060565,大立光富邦01購01,0,0,0,0,0,0,0,0,0,71000,0,0,0,81000,10000,71000,71000
064327,金寶元大01購01  ,0,0,0,0,0,0,0,0,0,71000,0,0,0,71000,0,71000,71000
064697,健策群益01購02  ,0,0,0,0,0,0,0,0,0,71000,0,0,0,79000,8000,71000,71000
065008,TPK國票01購02   ,0,0,0,0,0,0,0,0,0,71000,0,0,0,74000,3000,71000,71000
063763,上銀元富9B購07  ,0,0,0,0,0,0,0,0,0,71000,0,0,0,134000,63000,71000,71000
062526,友達統一01購01  ,0,0,0,0,0,0,0,0,0,71000,0,0,0,71000,0,71000,71000
2331,精英            ,292000,251000,41000,0,0,0,0,0,0,29000,36000,7000,29000,0,0,0,70000
08210P,健策元富9B售02  ,0,0,0,0,0,0,0,0,0,70000,0,0,0,170000,100000,70000,70000
08308P,聯發科凱基01售03,0,0,0,0,0,0,0,0,0,70000,0,0,0,70000,0,70000,70000
07740P,臺股指永豐9A售01,0,0,0,0,0,0,0,0,0,70000,0,0,0,70000,0,70000,70000
07553P,嘉晶元大9A售02  ,0,0,0,0,0,0,0,0,0,70000,0,0,0,70000,0,70000,70000
07451P,鴻海元大9B售01  ,0,0,0,0,0,0,0,0,0,70000,0,0,0,120000,50000,70000,70000
057525,光磊元大99購01  ,0,0,0,0,0,0,0,0,0,70000,0,0,0,200000,130000,70000,70000
056494,緯創國泰99購01  ,0,0,0,0,0,0,0,0,0,70000,0,0,0,70000,0,70000,70000
057646,玉山金元大98購01,0,0,0,0,0,0,0,0,0,70000,0,0,0,70000,0,70000,70000
056163,嘉聯益凱基98購03,0,0,0,0,0,0,0,0,0,70000,0,0,0,70000,0,70000,70000
056341,宏達電凱基9A購01,0,0,0,0,0,0,0,0,0,70000,0,0,0,80000,10000,70000,70000
053970,聯發科元大97購08,0,0,0,0,0,0,0,0,0,70000,0,0,0,90000,20000,70000,70000
055684,京鼎凱基97購01  ,0,0,0,0,0,0,0,0,0,70000,0,0,0,70000,0,70000,70000
060475,瑞祺元大9A購01  ,0,0,0,0,0,0,0,0,0,70000,0,0,0,139000,69000,70000,70000
060716,新唐永豐9A購01  ,0,0,0,0,0,0,0,0,0,70000,0,0,0,100000,30000,70000,70000
060991,京鼎元大9A購01  ,0,0,0,0,0,0,0,0,0,70000,0,0,0,70000,0,70000,70000
062641,瀚宇博國票9B購01,0,0,0,0,0,0,0,0,0,70000,0,0,0,113000,43000,70000,70000
062944,茂林凱基9B購02  ,0,0,0,0,0,0,0,0,0,70000,0,0,0,70000,0,70000,70000
063185,聯發科凱基9C購03,0,0,0,0,0,0,0,0,0,70000,0,0,0,151000,81000,70000,70000
064674,鈺齊元大9C購01  ,0,0,0,0,0,0,0,0,0,70000,0,0,0,196000,126000,70000,70000
064243,TPK統一02購02   ,0,0,0,0,0,0,0,0,0,70000,0,0,0,70000,0,70000,70000
064232,鴻海統一01購04  ,0,0,0,0,0,0,0,0,0,70000,0,0,0,188000,118000,70000,70000
048270,T50反1富邦99購01,0,0,0,0,0,0,0,0,0,69000,0,0,0,112000,43000,69000,69000
061321,華新科凱基9A購09,0,0,0,0,0,0,0,0,0,69000,0,0,0,70000,1000,69000,69000
061639,晶豪科元大9A購02,0,0,0,0,0,0,0,0,0,69000,0,0,0,99000,30000,69000,69000
06353P,電子類富邦99售02,0,0,0,0,0,0,0,0,0,69000,0,0,0,70000,1000,69000,69000
065184,和大統一02購04  ,0,0,0,0,0,0,0,0,0,68000,0,0,0,69000,1000,68000,68000
08492P,大立光元大9C售22,0,0,0,0,0,0,0,0,0,68000,0,0,0,69000,1000,68000,68000
2360,致茂            ,865000,760000,105000,0,0,0,4000,0,4000,-41000,0,33000,-33000,0,8000,-8000,68000
2535,達欣工          ,152000,39000,113000,0,0,0,0,7000,-7000,-38000,12000,50000,-38000,0,0,0,68000
055400,緯穎統一97購01  ,0,0,0,0,0,0,0,0,0,68000,0,0,0,68000,0,68000,68000
057189,康控元大98購02  ,0,0,0,0,0,0,0,0,0,68000,0,0,0,78000,10000,68000,68000
056361,美律元大99購02  ,0,0,0,0,0,0,0,0,0,68000,0,0,0,68000,0,68000,68000
057803,上銀元大98購08  ,0,0,0,0,0,0,0,0,0,68000,0,0,0,68000,0,68000,68000
058932,FBVIX台新99購01 ,0,0,0,0,0,0,0,0,0,68000,0,0,0,68000,0,68000,68000
057479,致茂元大98購03  ,0,0,0,0,0,0,0,0,0,68000,0,0,0,68000,0,68000,68000
061737,南亞科凱基9B購01,0,0,0,0,0,0,0,0,0,68000,0,0,0,68000,0,68000,68000
059511,宏達電永豐99購02,0,0,0,0,0,0,0,0,0,68000,0,0,0,68000,0,68000,68000
061448,旺宏中信9A購02  ,0,0,0,0,0,0,0,0,0,68000,0,0,0,70000,2000,68000,68000
058705,長榮航元大99購01,0,0,0,0,0,0,0,0,0,68000,0,0,0,68000,0,68000,68000
060415,葡萄王永豐9A購01,0,0,0,0,0,0,0,0,0,68000,0,0,0,68000,0,68000,68000
059919,宏達電元大99購06,0,0,0,0,0,0,0,0,0,68000,0,0,0,68000,0,68000,68000
059060,大立光凱基9A購03,0,0,0,0,0,0,0,0,0,68000,0,0,0,68000,0,68000,68000
063751,祥碩國票9C購02  ,0,0,0,0,0,0,0,0,0,68000,0,0,0,68000,0,68000,68000
063364,聯發科富邦01購02,0,0,0,0,0,0,0,0,0,68000,0,0,0,212000,144000,68000,68000
062876,全新兆豐9B購01  ,0,0,0,0,0,0,0,0,0,68000,0,0,0,68000,0,68000,68000
062480,茂林國票9B購01  ,0,0,0,0,0,0,0,0,0,68000,0,0,0,76000,8000,68000,68000
064133,力成元大9C購01  ,0,0,0,0,0,0,0,0,0,68000,0,0,0,68000,0,68000,68000
064438,大立光凱基01購03,0,0,0,0,0,0,0,0,0,68000,0,0,0,68000,0,68000,68000
063937,上銀元大9C購02  ,0,0,0,0,0,0,0,0,0,68000,0,0,0,68000,0,68000,68000
063939,上銀元大9C購04  ,0,0,0,0,0,0,0,0,0,68000,0,0,0,68000,0,68000,68000
064552,巨大凱基01購01  ,0,0,0,0,0,0,0,0,0,68000,0,0,0,201000,133000,68000,68000
064981,致伸元大9C購01  ,0,0,0,0,0,0,0,0,0,68000,0,0,0,68000,0,68000,68000
064799,裕隆元大9C購02  ,0,0,0,0,0,0,0,0,0,68000,0,0,0,127000,59000,68000,68000
08411P,技嘉凱基9C售01  ,0,0,0,0,0,0,0,0,0,67000,0,0,0,87000,20000,67000,67000
08404P,技嘉元大9C售02  ,0,0,0,0,0,0,0,0,0,67000,0,0,0,67000,0,67000,67000
07319P,台積電凱基01售02,0,0,0,0,0,0,0,0,0,67000,0,0,0,70000,3000,67000,67000
056554,GIS凱基99購01   ,0,0,0,0,0,0,0,0,0,67000,0,0,0,97000,30000,67000,67000
056065,奇鋐元大97購01  ,0,0,0,0,0,0,0,0,0,67000,0,0,0,76000,9000,67000,67000
059947,貿聯永豐99購03  ,0,0,0,0,0,0,0,0,0,67000,0,0,0,82000,15000,67000,67000
059807,大立光元富99購09,0,17000,-17000,0,0,0,0,0,0,84000,0,0,0,102000,18000,84000,67000
060431,復盛永豐9A購01  ,0,0,0,0,0,0,0,0,0,67000,0,0,0,68000,1000,67000,67000
063395,金像電群益9B購02,0,0,0,0,0,0,0,0,0,67000,0,0,0,67000,0,67000,67000
063612,金像電群益9B購04,0,0,0,0,0,0,0,0,0,67000,0,0,0,67000,0,67000,67000
07792P,牧德元大9A售04  ,0,0,0,0,0,0,0,0,0,66000,0,0,0,100000,34000,66000,66000
08372P,大立光凱基01售04,0,0,0,0,0,0,0,0,0,66000,0,0,0,80000,14000,66000,66000
07977P,華新科群益01售01,0,0,0,0,0,0,0,0,0,66000,0,0,0,66000,0,66000,66000
056821,日電貿永豐98購01,0,0,0,0,0,0,0,0,0,66000,0,0,0,68000,2000,66000,66000
057534,旭富元大98購01  ,0,0,0,0,0,0,0,0,0,66000,0,0,0,105000,39000,66000,66000
058513,宏達電元大99購05,0,0,0,0,0,0,0,0,0,66000,0,0,0,100000,34000,66000,66000
058839,瑞儀中信99購02  ,0,0,0,0,0,0,0,0,0,66000,0,0,0,66000,0,66000,66000
058552,欣興永豐99購01  ,0,0,0,0,0,0,0,0,0,66000,0,0,0,77000,11000,66000,66000
058544,FBVIX富邦9B購01 ,0,0,0,0,0,0,0,0,0,66000,0,0,0,89000,23000,66000,66000
063281,京元電元大9B購01,0,0,0,0,0,0,0,0,0,66000,0,0,0,173000,107000,66000,66000
064380,超眾元富9C購03  ,0,0,0,0,0,0,0,0,0,66000,0,0,0,107000,41000,66000,66000
08397P,國巨元富9C售04  ,0,0,0,0,0,0,0,0,0,65000,0,0,0,65000,0,65000,65000
3016,嘉晶            ,550000,395000,155000,0,0,0,5000,0,5000,-95000,3000,72000,-69000,12000,38000,-26000,65000
07821P,臺股指國票9A售12,0,0,0,0,0,0,0,0,0,65000,0,0,0,194000,129000,65000,65000
057498,台郡元大98購04  ,0,0,0,0,0,0,0,0,0,65000,0,0,0,65000,0,65000,65000
060109,茂林元大99購05  ,0,0,0,0,0,0,0,0,0,65000,0,0,0,105000,40000,65000,65000
054771,茂林國票98購02  ,0,0,0,0,0,0,0,0,0,65000,0,0,0,72000,7000,65000,65000
054516,國巨元大97購02  ,0,0,0,0,0,0,0,0,0,65000,0,0,0,65000,0,65000,65000
062321,力成台新9B購01  ,0,0,0,0,0,0,0,0,0,65000,0,0,0,65000,0,65000,65000
060445,S&P反1元大9A購04,0,0,0,0,0,0,0,0,0,65000,0,0,0,65000,0,65000,65000
058403,玉晶光元大99購12,0,0,0,0,0,0,0,0,0,65000,0,0,0,67000,2000,65000,65000
059354,臺指反富邦9B購01,0,0,0,0,0,0,0,0,0,65000,0,0,0,65000,0,65000,65000
061418,世紀鋼群益9A購02,0,0,0,0,0,0,0,0,0,65000,0,0,0,65000,0,65000,65000
059242,南亞科凱基99購06,0,0,0,0,0,0,0,0,0,65000,0,0,0,150000,85000,65000,65000
060029,嘉晶永豐99購03  ,0,0,0,0,0,0,0,0,0,65000,0,0,0,65000,0,65000,65000
064779,義隆群益9C購03  ,0,0,0,0,0,0,0,0,0,65000,0,0,0,95000,30000,65000,65000
063347,祥碩統一01購03  ,0,0,0,0,0,0,0,0,0,65000,0,0,0,96000,31000,65000,65000
063634,台光電元大9B購09,0,0,0,0,0,0,0,0,0,65000,0,0,0,118000,53000,65000,65000
06862P,大立光凱基98售16,0,0,0,0,0,0,0,0,0,64000,0,0,0,78000,14000,64000,64000
052747,京鼎元大97購01  ,0,0,0,0,0,0,0,0,0,64000,0,0,0,64000,0,64000,64000
057955,技嘉元大98購07  ,0,0,0,0,0,0,0,0,0,64000,0,0,0,123000,59000,64000,64000
057767,緯穎凱基98購06  ,0,0,0,0,0,0,0,0,0,64000,0,0,0,84000,20000,64000,64000
060926,宏達電永豐9A購01,0,0,0,0,0,0,0,0,0,64000,0,0,0,82000,18000,64000,64000
060920,超眾富邦9B購01  ,0,0,0,0,0,0,0,0,0,64000,0,0,0,325000,261000,64000,64000
061555,聯電國票9B購01  ,0,0,0,0,0,0,0,0,0,64000,0,0,0,64000,0,64000,64000
059531,華新科凱基9B購02,0,0,0,0,0,0,0,0,0,64000,0,0,0,64000,0,64000,64000
062284,華擎群益9C購03  ,0,0,0,0,0,0,0,0,0,64000,0,0,0,64000,0,64000,64000
062251,旺宏元大9B購06  ,0,0,0,0,0,0,0,0,0,64000,0,0,0,64000,0,64000,64000
063579,GIS元大9C購01   ,0,0,0,0,0,0,0,0,0,64000,0,0,0,70000,6000,64000,64000
063801,GIS凱基01購01   ,0,0,0,0,0,0,0,0,0,64000,0,0,0,72000,8000,64000,64000
063710,光寶科凱基9C購01,0,0,0,0,0,0,0,0,0,64000,0,0,0,66000,2000,64000,64000
07835P,台表科群益9A售02,0,0,0,0,0,0,0,0,0,63000,0,0,0,63000,0,63000,63000
08453P,玉晶光台新9C售02,0,0,0,0,0,0,0,0,0,63000,0,0,0,150000,87000,63000,63000
08257P,台積電元大9C售04,0,0,0,0,0,0,0,0,0,63000,0,0,0,163000,100000,63000,63000
057311,玉晶光日盛9A購01,0,0,0,0,0,0,0,0,0,63000,0,0,0,67000,4000,63000,63000
051861,鴻海凱基98購01  ,0,0,0,0,0,0,0,0,0,63000,0,0,0,63000,0,63000,63000
057081,大立光統一98購07,0,0,0,0,0,0,0,0,0,63000,0,0,0,63000,0,63000,63000
062339,瑞昱麥證9C購01  ,0,0,0,118000,50000,68000,0,0,0,63000,0,0,0,118000,55000,63000,63000
063449,全新統一9B購02  ,0,0,0,0,0,0,0,0,0,63000,0,0,0,225000,162000,63000,63000
064394,全新永豐9C購02  ,0,0,0,0,0,0,0,0,0,63000,0,0,0,63000,0,63000,63000
064204,瑞儀兆豐01購01  ,0,0,0,0,0,0,0,0,0,63000,0,0,0,115000,52000,63000,63000
063945,京元電元大9C購01,0,0,0,0,0,0,0,0,0,63000,0,0,0,169000,106000,63000,63000
1472,三洋紡          ,67000,5000,62000,0,0,0,0,0,0,0,0,0,0,0,0,0,62000
054828,正崴國泰99購01  ,0,0,0,0,0,0,0,0,0,62000,0,0,0,65000,3000,62000,62000
056089,同欣電統一98購01,0,0,0,0,0,0,0,0,0,62000,0,0,0,72000,10000,62000,62000
057647,欣興元大98購10  ,0,0,0,0,0,0,0,0,0,62000,0,0,0,62000,0,62000,62000
057915,台泥凱基98購01  ,0,0,0,0,0,0,0,0,0,62000,0,0,0,62000,0,62000,62000
058534,友達統一9B購01  ,0,0,0,0,0,0,0,0,0,62000,0,0,0,63000,1000,62000,62000
059512,晶豪科永豐99購02,0,0,0,0,0,0,0,0,0,62000,0,0,0,62000,0,62000,62000
059075,FBVIX元大99購01 ,0,0,0,0,0,0,0,0,0,62000,0,0,0,72000,10000,62000,62000
059855,緯穎永豐99購04  ,0,0,0,0,0,0,0,0,0,62000,0,0,0,107000,45000,62000,62000
064168,南電統一01購01  ,0,0,0,0,0,0,0,0,0,62000,0,0,0,185000,123000,62000,62000
064265,嘉聯益永豐9C購02,0,0,0,0,0,0,0,0,0,62000,0,0,0,88000,26000,62000,62000
064350,茂林元大01購01  ,0,0,0,0,0,0,0,0,0,62000,0,0,0,130000,68000,62000,62000
064870,中租永豐9C購01  ,0,0,0,0,0,0,0,0,0,62000,0,0,0,152000,90000,62000,62000
064648,臻鼎凱基9C購02  ,0,0,0,0,0,0,0,0,0,62000,0,0,0,216000,154000,62000,62000
064612,聯電元大01購01  ,0,0,0,0,0,0,0,0,0,62000,0,0,0,183000,121000,62000,62000
2049,上銀            ,770184,645000,125184,0,0,0,6000,55810,-49810,-14000,9000,26000,-17000,20000,17000,3000,61374
2498,宏達電          ,1097000,931000,166000,0,0,0,26000,0,26000,-131000,18000,8000,10000,0,141000,-141000,61000
08259P,華新科元大9C售04,0,0,0,0,0,0,0,0,0,61000,0,0,0,126000,65000,61000,61000
057569,光磊永豐98購03  ,0,0,0,0,0,0,0,0,0,61000,0,0,0,61000,0,61000,61000
054589,聯鈞國泰99購01  ,0,0,0,0,0,0,0,0,0,61000,0,0,0,106000,45000,61000,61000
059080,亞泥元大99購01  ,0,0,0,0,0,0,0,0,0,61000,0,0,0,240000,179000,61000,61000
061678,玉晶光元大9B購04,0,0,0,0,0,0,0,0,0,61000,0,0,0,78000,17000,61000,61000
058554,瀚宇博永豐99購01,0,0,0,0,0,0,0,0,0,61000,0,0,0,61000,0,61000,61000
064286,TPK元大9C購02   ,0,0,0,0,0,0,0,0,0,61000,0,0,0,81000,20000,61000,61000
064179,上銀富邦01購01  ,0,0,0,0,0,0,0,0,0,61000,0,0,0,237000,176000,61000,61000
064035,GIS元大9C購03   ,0,0,0,0,0,0,0,0,0,61000,0,0,0,74000,13000,61000,61000
063350,台表科統一02購02,0,0,0,0,0,0,0,0,0,61000,0,0,0,96000,35000,61000,61000
062729,神達凱基9B購02  ,0,0,0,0,0,0,0,0,0,61000,0,0,0,203000,142000,61000,61000
3321,同泰            ,166000,105000,61000,0,0,0,0,94,-94,0,0,0,0,0,0,0,60906
1730,花仙子          ,72000,12000,60000,0,0,0,0,0,0,0,0,0,0,0,0,0,60000
07994P,臺股指群益9B售04,0,0,0,0,0,0,0,0,0,60000,0,0,0,60000,0,60000,60000
07466P,亞德客元大9A售02,0,0,0,0,0,0,0,0,0,60000,0,0,0,150000,90000,60000,60000
07512P,國巨元大9A售08  ,0,0,0,0,0,0,0,0,0,60000,0,0,0,60000,0,60000,60000
065233,TPK凱基01購01   ,0,0,0,0,0,0,0,0,0,60000,0,0,0,60000,0,60000,60000
054588,玉晶光國泰99購02,0,0,0,0,0,0,0,0,0,60000,0,0,0,60000,0,60000,60000
054576,健策元大98購03  ,0,0,0,0,0,0,0,0,0,60000,0,0,0,60000,0,60000,60000
054812,鴻海元大97購08  ,0,0,0,0,0,0,0,0,0,60000,0,0,0,60000,0,60000,60000
055599,TPK元大97購01   ,0,0,0,0,0,0,0,0,0,60000,0,0,0,60000,0,60000,60000
057044,旺宏元大98購08  ,0,0,0,0,0,0,0,0,0,60000,0,0,0,100000,40000,60000,60000
055775,友達凱基9A購01  ,0,0,0,0,0,0,0,0,0,60000,0,0,0,60000,0,60000,60000
053396,漢唐中信9A購01  ,0,0,0,0,0,0,0,0,0,60000,0,0,0,60000,0,60000,60000
056269,新日興統一98購01,0,0,0,0,0,0,0,0,0,60000,0,0,0,155000,95000,60000,60000
058577,南亞科群益99購02,0,0,0,0,0,0,0,0,0,60000,0,0,0,60000,0,60000,60000
062379,致新元大9B購01  ,0,0,0,0,0,0,0,0,0,60000,0,0,0,100000,40000,60000,60000
062399,神基永豐9B購01  ,0,0,0,0,0,0,0,0,0,60000,0,0,0,60000,0,60000,60000
061413,台勝科群益9A購01,0,0,0,0,0,0,0,0,0,60000,0,0,0,72000,12000,60000,60000
061091,奇力新統一9C購02,0,0,0,0,0,0,0,0,0,60000,0,0,0,60000,0,60000,60000
061528,超眾凱基9A購04  ,0,0,0,0,0,0,0,0,0,60000,0,0,0,104000,44000,60000,60000
058808,大成鋼統一9B購01,0,0,0,0,0,0,0,0,0,60000,0,0,0,180000,120000,60000,60000
063159,嘉澤國泰01購01  ,0,0,0,0,0,0,0,0,0,60000,0,0,0,438000,378000,60000,60000
063503,香港反中信9C購01,0,0,0,0,0,0,0,0,0,60000,0,0,0,60000,0,60000,60000
064050,景碩統一01購01  ,0,0,0,0,0,0,0,0,0,60000,0,0,0,97000,37000,60000,60000
064047,義隆統一02購01  ,0,0,0,0,0,0,0,0,0,60000,0,0,0,60000,0,60000,60000
063817,GIS群益9C購01   ,0,0,0,0,0,0,0,0,0,60000,0,0,0,110000,50000,60000,60000
063884,台表科元富03購01,0,0,0,0,0,0,0,0,0,60000,0,0,0,60000,0,60000,60000
064137,台泥統一02購01  ,0,0,0,0,0,0,0,0,0,60000,0,0,0,60000,0,60000,60000
064281,大立光元大9C購12,0,0,0,0,0,0,0,0,0,60000,0,0,0,60000,0,60000,60000
064426,群創兆豐9C購01  ,0,0,0,0,0,0,0,0,0,60000,0,0,0,156000,96000,60000,60000
064651,GIS凱基9C購02   ,0,0,0,0,0,0,0,0,0,60000,0,0,0,60000,0,60000,60000
064701,巨大群益9C購02  ,0,0,0,0,0,0,0,0,0,60000,0,0,0,158000,98000,60000,60000
064508,力成元大9C購03  ,0,0,0,0,0,0,0,0,0,60000,0,0,0,90000,30000,60000,60000
064993,嘉澤兆豐9C購01  ,0,0,0,0,0,0,0,0,0,60000,0,0,0,70000,10000,60000,60000
065075,葡萄王元大01購01,0,0,0,0,0,0,0,0,0,60000,0,0,0,197000,137000,60000,60000
8271,宇瞻            ,271000,208000,63000,0,0,0,0,0,0,-3000,3000,6000,-3000,0,0,0,60000
4552,力達-KY         ,83000,23000,60000,0,0,0,0,0,0,0,0,0,0,0,0,0,60000
3711,日月光投控      ,3688034,3794708,-106674,0,0,0,207000,7000,200000,-34000,154000,149000,5000,13000,52000,-39000,59326
065485,巨大元大9C購02  ,0,0,0,0,0,0,0,0,0,59000,0,0,0,72000,13000,59000,59000
07719P,臺股指群益9A售08,0,0,0,0,0,0,0,0,0,59000,0,0,0,73000,14000,59000,59000
057567,嘉聯益富邦9A購01,0,0,0,0,0,0,0,0,0,59000,0,0,0,71000,12000,59000,59000
054874,帆宣群益99購02  ,0,0,0,0,0,0,0,0,0,59000,0,0,0,69000,10000,59000,59000
061212,聯鈞元大9A購04  ,0,0,0,0,0,0,0,0,0,59000,0,0,0,239000,180000,59000,59000
059027,神達台新99購02  ,0,0,0,0,0,0,0,0,0,59000,0,0,0,59000,0,59000,59000
060253,昇陽半元大9C購01,0,0,0,0,0,0,0,0,0,59000,0,0,0,63000,4000,59000,59000
060244,大立光元大9B購02,0,0,0,0,0,0,0,0,0,59000,0,0,0,60000,1000,59000,59000
059546,FBVIX群益99購03 ,0,0,0,0,0,0,0,0,0,59000,0,0,0,70000,11000,59000,59000
059500,鴻海元富99購11  ,0,0,0,0,0,0,0,0,0,59000,0,0,0,174000,115000,59000,59000
058570,臻鼎凱基9A購01  ,0,0,0,0,0,0,0,0,0,59000,0,0,0,100000,41000,59000,59000
062011,上銀富邦9C購01  ,0,0,0,0,0,0,0,0,0,59000,0,0,0,179000,120000,59000,59000
064600,技嘉元富9C購01  ,0,0,0,0,0,0,0,0,0,59000,0,0,0,59000,0,59000,59000
063840,鴻海元大01購01  ,0,0,0,0,0,0,0,0,0,59000,0,0,0,170000,111000,59000,59000
063725,聯電元大9C購03  ,0,0,0,0,0,0,0,0,0,59000,0,0,0,144000,85000,59000,59000
063158,瑞昱台新9B購02  ,0,0,0,0,0,0,0,0,0,59000,0,0,0,64000,5000,59000,59000
062450,臻鼎元大9B購02  ,0,0,0,0,0,0,0,0,0,59000,0,0,0,70000,11000,59000,59000
062451,瀚宇博元大9B購02,0,0,0,0,0,0,0,0,0,59000,0,0,0,115000,56000,59000,59000
4155,訊映            ,110000,53000,57000,0,0,0,0,0,0,2000,2000,0,2000,0,0,0,59000
065110,嘉澤國票01購01  ,0,0,0,0,0,0,0,0,0,58000,0,0,0,58000,0,58000,58000
055639,上銀元富97購02  ,0,0,0,0,0,0,0,0,0,58000,0,0,0,59000,1000,58000,58000
054717,亞德客永豐97購01,0,0,0,0,0,0,0,0,0,58000,0,0,0,58000,0,58000,58000
057154,易華電國泰99購01,0,0,0,0,0,0,0,0,0,58000,0,0,0,60000,2000,58000,58000
057179,可成元大98購04  ,0,0,0,0,0,0,0,0,0,58000,0,0,0,58000,0,58000,58000
056682,鴻海統一98購10  ,0,0,0,0,0,0,0,0,0,58000,0,0,0,107000,49000,58000,58000
056470,旺宏元大99購01  ,0,0,0,0,0,0,0,0,0,58000,0,0,0,68000,10000,58000,58000
061985,富邦金元大9B購01,0,0,0,0,0,0,0,0,0,58000,0,0,0,87000,29000,58000,58000
060434,台汽電永豐9A購01,1000,0,1000,0,0,0,0,0,0,57000,0,0,0,108000,51000,57000,58000
060380,T50反1凱基9A購08,0,0,0,0,0,0,0,0,0,58000,0,0,0,58000,0,58000,58000
059956,玉山金康和99購01,0,0,0,0,0,0,0,0,0,58000,0,0,0,87000,29000,58000,58000
059059,宏達電凱基99購03,0,0,0,0,0,0,0,0,0,58000,0,0,0,126000,68000,58000,58000
060306,台肥永豐9A購01  ,0,0,0,0,0,0,0,0,0,58000,0,0,0,58000,0,58000,58000
062906,全新元大9B購03  ,0,0,0,0,0,0,0,0,0,58000,0,0,0,230000,172000,58000,58000
063451,漢翔統一9C購01  ,0,0,0,0,0,0,0,0,0,58000,0,0,0,63000,5000,58000,58000
063404,金像電國票9B購01,0,0,0,0,0,0,0,0,0,58000,0,0,0,73000,15000,58000,58000
063627,上銀元大9B購09  ,0,0,0,0,0,0,0,0,0,58000,0,0,0,68000,10000,58000,58000
064049,信邦統一01購01  ,0,0,0,0,0,0,0,0,0,58000,0,0,0,73000,15000,58000,58000
064192,巨大中信9C購01  ,0,0,0,0,0,0,0,0,0,58000,0,0,0,106000,48000,58000,58000
065025,健策永豐9C購02  ,0,0,0,0,0,0,0,0,0,58000,0,0,0,59000,1000,58000,58000
064923,牧德統一02購01  ,0,0,0,0,0,0,0,0,0,58000,0,0,0,140000,82000,58000,58000
064791,友達國票9C購01  ,0,0,0,0,0,0,0,0,0,58000,0,0,0,58000,0,58000,58000
6165,捷泰            ,70000,12000,58000,0,0,0,0,0,0,0,0,0,0,0,0,0,58000
065401,立積群益9C購01  ,0,0,0,0,0,0,0,0,0,57000,0,0,0,167000,110000,57000,57000
065508,大成鋼群益01購01,0,0,0,0,0,0,0,0,0,57000,0,0,0,67000,10000,57000,57000
056480,京鼎元大98購02  ,0,0,0,0,0,0,0,0,0,57000,0,0,0,125000,68000,57000,57000
053340,建準國票97購01  ,0,0,0,0,0,0,0,0,0,57000,0,0,0,57000,0,57000,57000
059037,宏達電群益99購02,0,0,0,0,0,0,0,0,0,57000,0,0,0,99000,42000,57000,57000
058298,聯茂凱基99購05  ,0,0,0,0,0,0,0,0,0,57000,0,0,0,57000,0,57000,57000
060463,台積電元大9A購10,0,0,0,0,0,0,0,0,0,57000,0,0,0,182000,125000,57000,57000
063728,國巨元大9B購21  ,0,0,0,0,0,0,0,0,0,57000,0,0,0,76000,19000,57000,57000
06338P,亞德客統一97售02,0,0,0,0,0,0,0,0,0,57000,0,0,0,66000,9000,57000,57000
063295,京元電麥證9B購01,0,0,0,57000,0,57000,0,0,0,57000,0,0,0,57000,0,57000,57000
065472,華新元大01購01  ,0,0,0,0,0,0,0,0,0,56000,0,0,0,69000,13000,56000,56000
06602P,國巨統一99售02  ,0,0,0,0,0,0,0,0,0,56000,0,0,0,56000,0,56000,56000
07649P,金像電永豐9A售02,0,0,0,0,0,0,0,0,0,56000,0,0,0,61000,5000,56000,56000
00728,第一金工業30    ,0,0,0,0,0,0,0,0,0,56000,0,0,0,263000,207000,56000,56000
00686R,群益臺灣加權反1 ,0,0,0,0,0,0,0,0,0,56000,0,0,0,84000,28000,56000,56000
058313,台積電富邦9B購04,0,0,0,0,0,0,0,0,0,56000,0,0,0,110000,54000,56000,56000
061003,南亞科兆豐9A購01,0,0,0,0,0,0,0,0,0,56000,0,0,0,56000,0,56000,56000
061997,台郡元大9B購03  ,0,0,0,0,0,0,0,0,0,56000,0,0,0,128000,72000,56000,56000
062075,智邦元大9B購03  ,0,0,0,0,0,0,0,0,0,56000,0,0,0,132000,76000,56000,56000
058608,華新科元大99購13,0,0,0,0,0,0,0,0,0,56000,0,0,0,56000,0,56000,56000
060390,聯鈞群益9A購01  ,0,0,0,0,0,0,0,0,0,56000,0,0,0,258000,202000,56000,56000
063764,上銀元富9B購08  ,0,0,0,0,0,0,0,0,0,56000,0,0,0,93000,37000,56000,56000
062828,聯詠群益9B購02  ,0,0,0,0,0,0,0,0,0,56000,0,0,0,85000,29000,56000,56000
07986P,大成鋼統一9B售02,0,0,0,0,0,0,0,0,0,55000,0,0,0,55000,0,55000,55000
07927P,國巨統一9B售08  ,0,0,0,0,0,0,0,0,0,55000,0,0,0,55000,0,55000,55000
2453,凌群            ,162000,94000,68000,0,0,0,0,0,0,-13000,0,13000,-13000,0,0,0,55000
052853,友達日盛99購01  ,0,0,0,0,0,0,0,0,0,55000,0,0,0,75000,20000,55000,55000
052615,鴻海國泰98購01  ,0,0,0,0,0,0,0,0,0,55000,0,0,0,55000,0,55000,55000
058105,旺宏統一9A購02  ,0,0,0,0,0,0,0,0,0,55000,0,0,0,77000,22000,55000,55000
057601,中磊群益98購01  ,0,0,0,0,0,0,0,0,0,55000,0,0,0,70000,15000,55000,55000
059977,鴻海元大99購40  ,0,0,0,0,0,0,0,0,0,55000,0,0,0,136000,81000,55000,55000
060240,富邦金元大9A購01,0,0,0,0,0,0,0,0,0,55000,0,0,0,109000,54000,55000,55000
058623,國巨國票99購08  ,0,0,0,0,0,0,0,0,0,55000,0,0,0,113000,58000,55000,55000
061700,瑞昱國票9A購02  ,0,0,0,0,0,0,0,0,0,55000,0,0,0,60000,5000,55000,55000
061010,上銀麥證9A購02  ,0,0,0,55000,0,55000,0,0,0,55000,0,0,0,55000,0,55000,55000
060697,鴻海國泰9C購01  ,0,0,0,0,0,0,0,0,0,55000,0,0,0,108000,53000,55000,55000
059459,訊芯永豐99購04  ,0,0,0,0,0,0,0,0,0,55000,0,0,0,55000,0,55000,55000
063020,奇力新元大9B購04,0,0,0,0,0,0,0,0,0,55000,0,0,0,56000,1000,55000,55000
062734,臺指反國票9C購03,0,0,0,0,0,0,0,0,0,55000,0,0,0,60000,5000,55000,55000
062602,華通麥證9C購01  ,0,0,0,65000,10000,55000,0,0,0,55000,0,0,0,65000,10000,55000,55000
062609,帆宣凱基9B購01  ,0,0,0,0,0,0,0,0,0,55000,0,0,0,79000,24000,55000,55000
063694,貿聯永豐9B購01  ,0,0,0,0,0,0,0,0,0,55000,0,0,0,82000,27000,55000,55000
064767,宏全凱基9C購01  ,0,0,0,0,0,0,0,0,0,55000,0,0,0,55000,0,55000,55000
064704,嘉晶國泰01購01  ,0,0,0,0,0,0,0,0,0,55000,0,0,0,58000,3000,55000,55000
064314,信邦群益9C購01  ,0,0,0,0,0,0,0,0,0,55000,0,0,0,129000,74000,55000,55000
064080,宏達電中信06購01,0,0,0,0,0,0,0,0,0,55000,0,0,0,55000,0,55000,55000
063830,智伸科國票01購01,0,0,0,0,0,0,0,0,0,55000,0,0,0,55000,0,55000,55000
1307,三芳            ,103000,61000,42000,0,0,0,13000,0,13000,-1000,0,1000,-1000,0,0,0,54000
08194P,同欣電國票9C售03,0,0,0,0,0,0,0,0,0,54000,0,0,0,74000,20000,54000,54000
08122P,晶技國票9C售01  ,0,0,0,0,0,0,0,0,0,54000,0,0,0,54000,0,54000,54000
08316P,祥碩元大9C售04  ,0,0,0,0,0,0,0,0,0,54000,0,0,0,136000,82000,54000,54000
06906P,國巨國泰99售01  ,0,0,0,0,0,0,0,0,0,54000,0,0,0,215000,161000,54000,54000
057650,力成元大98購04  ,0,0,0,0,0,0,0,0,0,54000,0,0,0,54000,0,54000,54000
057928,鈺齊凱基98購02  ,0,0,0,0,0,0,0,0,0,54000,0,0,0,98000,44000,54000,54000
061772,健策元大9B購06  ,0,0,0,0,0,0,0,0,0,54000,0,0,0,94000,40000,54000,54000
057182,禾伸堂元大99購02,0,0,0,0,0,0,0,0,0,54000,0,0,0,54000,0,54000,54000
052863,友達凱基98購02  ,0,0,0,0,0,0,0,0,0,54000,0,0,0,60000,6000,54000,54000
059678,鴻海國泰9A購03  ,0,0,0,0,0,0,0,0,0,54000,0,0,0,54000,0,54000,54000
059731,康控元大99購04  ,0,0,0,0,0,0,0,0,0,54000,0,0,0,67000,13000,54000,54000
060799,茂林永豐9A購01  ,0,0,0,0,0,0,0,0,0,54000,0,0,0,54000,0,54000,54000
064328,華通元大9C購04  ,0,0,0,0,0,0,0,0,0,54000,0,0,0,130000,76000,54000,54000
064794,牧德國票01購01  ,0,0,0,0,0,0,0,0,0,54000,0,0,0,114000,60000,54000,54000
063029,喬山凱基9B購01  ,0,0,0,0,0,0,0,0,0,54000,0,0,0,64000,10000,54000,54000
6582,申豐            ,112000,58000,54000,0,0,0,0,0,0,0,0,0,0,0,0,0,54000
07015P,國巨元大99售13  ,0,0,0,0,0,0,0,0,0,53000,0,0,0,53000,0,53000,53000
08110P,臺股指中信01售05,0,0,0,0,0,0,0,0,0,53000,0,0,0,55000,2000,53000,53000
055487,國巨元大98購07  ,0,0,0,0,0,0,0,0,0,53000,0,0,0,59000,6000,53000,53000
060154,堤維西永豐9A購01,0,0,0,0,0,0,0,0,0,53000,0,0,0,53000,0,53000,53000
057537,聯茂元大98購04  ,0,0,0,0,0,0,0,0,0,53000,0,0,0,57000,4000,53000,53000
060916,金像電國泰9C購01,0,0,0,0,0,0,0,0,0,53000,0,0,0,317000,264000,53000,53000
058838,國巨中信99購03  ,0,0,0,0,0,0,0,0,0,53000,0,0,0,53000,0,53000,53000
061492,超眾兆豐9B購01  ,0,0,0,0,0,0,0,0,0,53000,0,0,0,62000,9000,53000,53000
060643,牧德永豐9A購03  ,0,0,0,0,0,0,0,0,0,53000,0,0,0,121000,68000,53000,53000
062910,亞光元大9B購01  ,0,0,0,0,0,0,0,0,0,53000,0,0,0,53000,0,53000,53000
063644,祥碩元大9B購10  ,0,0,0,0,0,0,0,0,0,53000,0,0,0,93000,40000,53000,53000
063474,康控元大9B購04  ,0,0,0,0,0,0,0,0,0,53000,0,0,0,53000,0,53000,53000
064905,嘉聯益群益9C購01,0,0,0,0,0,0,0,0,0,53000,0,0,0,58000,5000,53000,53000
1231,聯華食          ,86000,27000,59000,0,0,0,0,0,0,-7000,0,7000,-7000,0,0,0,52000
065334,立積國票01購02  ,0,0,0,0,0,0,0,0,0,52000,0,0,0,152000,100000,52000,52000
065118,國巨富邦01購02  ,0,0,0,0,0,0,0,0,0,52000,0,0,0,67000,15000,52000,52000
056963,建準永豐98購01  ,0,0,0,0,0,0,0,0,0,52000,0,0,0,63000,11000,52000,52000
055811,國巨國票98購05  ,0,0,0,0,0,0,0,0,0,52000,0,0,0,74000,22000,52000,52000
063162,國喬永豐9B購01  ,0,0,0,0,0,0,0,0,0,52000,0,0,0,105000,53000,52000,52000
063208,鈺齊統一9C購01  ,0,0,0,0,0,0,0,0,0,52000,0,0,0,176000,124000,52000,52000
063779,華邦電永豐9B購01,0,0,0,0,0,0,0,0,0,52000,0,0,0,52000,0,52000,52000
063155,緯穎元富9B購03  ,0,0,0,0,0,0,0,0,0,52000,0,0,0,77000,25000,52000,52000
6541,泰福-KY         ,76000,22000,54000,0,0,0,0,0,0,-2000,0,2000,-2000,0,0,0,52000
07902P,玉晶光國票01售01,0,0,0,0,0,0,0,0,0,51000,0,0,0,51000,0,51000,51000
08323P,華新科凱基9C售04,0,0,0,0,0,0,0,0,0,51000,0,0,0,130000,79000,51000,51000
056478,晶技元大99購01  ,0,0,0,0,0,0,0,0,0,51000,0,0,0,51000,0,51000,51000
057542,上銀凱基99購01  ,0,0,0,0,0,0,0,0,0,51000,0,0,0,52000,1000,51000,51000
061369,T50反1國泰9B購03,0,0,0,0,0,0,0,0,0,51000,0,0,0,146000,95000,51000,51000
059454,亞光永豐99購01  ,0,0,0,0,0,0,0,0,0,51000,0,0,0,51000,0,51000,51000
061939,中租國票9B購01  ,0,0,0,0,0,0,0,0,0,51000,0,0,0,51000,0,51000,51000
062297,億豐永豐9B購01  ,0,0,0,0,0,0,0,0,0,51000,0,0,0,71000,20000,51000,51000
062262,茂林元大9B購02  ,0,0,0,0,0,0,0,0,0,51000,0,0,0,66000,15000,51000,51000
059884,鴻海國票99購09  ,0,0,0,0,0,0,0,0,0,51000,0,0,0,51000,0,51000,51000
062983,緯穎元富9B購01  ,0,0,0,0,0,0,0,0,0,51000,0,0,0,90000,39000,51000,51000
064195,晶豪科群益9C購01,0,0,0,0,0,0,0,0,0,51000,0,0,0,51000,0,51000,51000
064186,燿華永豐9C購01  ,0,0,0,0,0,0,0,0,0,51000,0,0,0,71000,20000,51000,51000
064139,裕隆統一01購02  ,0,0,0,0,0,0,0,0,0,51000,0,0,0,163000,112000,51000,51000
063955,TPK元大9C購01   ,0,0,0,0,0,0,0,0,0,51000,0,0,0,51000,0,51000,51000
08333P,大立光富邦02售03,0,0,0,0,0,0,0,0,0,50000,0,0,0,50000,0,50000,50000
08391P,智邦凱基02售02  ,0,0,0,0,0,0,0,0,0,50000,0,0,0,50000,0,50000,50000
08091P,A50正2元富9B售02,0,0,0,0,0,0,0,0,0,50000,0,0,0,50000,0,50000,50000
08071P,臺股指富邦9B售04,0,0,0,0,0,0,0,0,0,50000,0,0,0,50000,0,50000,50000
08054P,臺股指國票9B售19,0,0,0,0,0,0,0,0,0,50000,0,0,0,70000,20000,50000,50000
07734P,台積電富邦9C售10,0,0,0,0,0,0,0,0,0,50000,0,0,0,50000,0,50000,50000
07305P,T50正2群益99售02,0,0,0,0,0,0,0,0,0,50000,0,0,0,50000,0,50000,50000
07068P,欣興台新99售01  ,0,0,0,0,0,0,0,0,0,50000,0,0,0,50000,0,50000,50000
065231,宏達電凱基01購01,0,0,0,0,0,0,0,0,0,50000,0,0,0,100000,50000,50000,50000
06717P,可成元大98售09  ,0,0,0,0,0,0,0,0,0,50000,0,0,0,152000,102000,50000,50000
06706P,智原台新98售02  ,0,0,0,0,0,0,0,0,0,50000,0,0,0,110000,60000,50000,50000
06684P,緯穎元大98售06  ,0,0,0,0,0,0,0,0,0,50000,0,0,0,50000,0,50000,50000
057547,技嘉凱基99購01  ,0,0,0,0,0,0,0,0,0,50000,0,0,0,51000,1000,50000,50000
057733,嘉聯益國泰99購01,0,0,0,0,0,0,0,0,0,50000,0,0,0,50000,0,50000,50000
057755,鴻海日盛98購01  ,0,0,0,0,0,0,0,0,0,50000,0,0,0,50000,0,50000,50000
061836,華新科凱基05購01,0,0,0,0,0,0,0,0,0,50000,0,0,0,50000,0,50000,50000
056464,臺股指凱基99購06,0,0,0,0,0,0,0,0,0,50000,0,0,0,65000,15000,50000,50000
056951,牧德統一99購01  ,0,0,0,0,0,0,0,0,0,50000,0,0,0,50000,0,50000,50000
056855,祥碩中信98購02  ,0,0,0,0,0,0,0,0,0,50000,0,0,0,50000,0,50000,50000
056742,玉晶光凱基9A購01,0,0,0,0,0,0,0,0,0,50000,0,0,0,89000,39000,50000,50000
057376,新日興元大98購04,0,0,0,0,0,0,0,0,0,50000,0,0,0,50000,0,50000,50000
057368,微星元大98購02  ,0,0,0,0,0,0,0,0,0,50000,0,0,0,50000,0,50000,50000
056510,正文永豐98購02  ,0,0,0,0,0,0,0,0,0,50000,0,0,0,50000,0,50000,50000
056512,易華電永豐98購01,0,0,0,0,0,0,0,0,0,50000,0,0,0,50000,0,50000,50000
056544,貿聯凱基98購03  ,0,0,0,0,0,0,0,0,0,50000,0,0,0,50000,0,50000,50000
056295,國巨元大97購16  ,0,0,0,0,0,0,0,0,0,50000,0,0,0,67000,17000,50000,50000
056157,聯詠凱基97購03  ,0,0,0,0,0,0,0,0,0,50000,0,0,0,50000,0,50000,50000
056146,台虹元大98購01  ,0,0,0,0,0,0,0,0,0,50000,0,0,0,50000,0,50000,50000
052299,T50反1台新05購03,0,0,0,0,0,0,0,0,0,50000,0,0,0,50000,0,50000,50000
051078,力山富邦97購01  ,0,0,0,0,0,0,0,0,0,50000,0,0,0,50000,0,50000,50000
056001,美食永豐97購01  ,0,0,0,0,0,0,0,0,0,50000,0,0,0,50000,0,50000,50000
053866,景碩元大97購02  ,0,0,0,0,0,0,0,0,0,50000,0,0,0,60000,10000,50000,50000
055871,群創台新97購02  ,0,0,0,0,0,0,0,0,0,50000,0,0,0,50000,0,50000,50000
00763U,街口道瓊銅      ,0,0,0,0,0,0,0,0,0,50000,0,0,0,82000,32000,50000,50000
055551,致茂凱基98購01  ,0,0,0,0,0,0,0,0,0,50000,0,0,0,50000,0,50000,50000
054785,建準群益98購01  ,0,0,0,0,0,0,0,0,0,50000,0,0,0,50000,0,50000,50000
054100,致伸國票97購03  ,0,0,0,0,0,0,0,0,0,50000,0,0,0,50000,0,50000,50000
057165,國巨元大99購05  ,0,0,0,0,0,0,0,0,0,50000,0,0,0,66000,16000,50000,50000
057997,旺宏第一9C購01  ,0,0,0,0,0,0,0,0,0,50000,0,0,0,50000,0,50000,50000
058018,南亞科凱基99購03,0,0,0,0,0,0,0,0,0,50000,0,0,0,50000,0,50000,50000
059830,台郡凱基99購05  ,0,0,0,0,0,0,0,0,0,50000,0,0,0,50000,0,50000,50000
059980,台積電元大99購50,0,0,0,0,0,0,0,0,0,50000,0,0,0,50000,0,50000,50000
059647,超眾凱基99購04  ,0,0,0,0,0,0,0,0,0,50000,0,0,0,100000,50000,50000,50000
05958P,聯發科國票97售04,0,0,0,0,0,0,0,0,0,50000,0,0,0,50000,0,50000,50000
060999,國巨兆豐9A購01  ,0,0,0,0,0,0,0,0,0,50000,0,0,0,58000,8000,50000,50000
060824,旺宏元大9A購06  ,0,0,0,0,0,0,0,0,0,50000,0,0,0,50000,0,50000,50000
060834,道瓊反國票9C購01,0,0,0,0,0,0,0,0,0,50000,0,0,0,50000,0,50000,50000
060720,嘉聯益永豐9A購02,0,0,0,0,0,0,0,0,0,50000,0,0,0,50000,0,50000,50000
060757,台積電元大9A購18,0,0,0,0,0,0,0,0,0,50000,0,0,0,50000,0,50000,50000
058831,茂林永豐99購01  ,0,0,0,0,0,0,0,0,0,50000,0,0,0,50000,0,50000,50000
061210,玉山金元大9A購02,0,0,0,0,0,0,0,0,0,50000,0,0,0,50000,0,50000,50000
061189,可成富邦9B購02  ,0,0,0,0,0,0,0,0,0,50000,0,0,0,50000,0,50000,50000
061064,可成凱基9B購02  ,0,0,0,0,0,0,0,0,0,50000,0,0,0,51000,1000,50000,50000
061038,TPK永豐9A購01   ,0,0,0,0,0,0,0,0,0,50000,0,0,0,50000,0,50000,50000
062298,國巨第一9B購01  ,0,0,0,0,0,0,0,0,0,50000,0,0,0,50000,0,50000,50000
062349,新日興群益9B購02,0,0,0,0,0,0,0,0,0,50000,0,0,0,56000,6000,50000,50000
062361,智邦元大9B購06  ,0,0,0,0,0,0,0,0,0,50000,0,0,0,56000,6000,50000,50000
062374,茂林元大9B購03  ,0,0,0,0,0,0,0,0,0,50000,0,0,0,50000,0,50000,50000
061937,聯發科國票9B購02,0,0,0,0,0,0,0,0,0,50000,0,0,0,50000,0,50000,50000
062182,華新科元大9B購07,0,0,0,0,0,0,0,0,0,50000,0,0,0,50000,0,50000,50000
061979,友達元大9C購08  ,0,0,0,0,0,0,0,0,0,50000,0,0,0,50000,0,50000,50000
060540,南亞凱基9A購01  ,0,0,0,0,0,0,0,0,0,50000,0,0,0,50000,0,50000,50000
060541,正隆凱基9A購01  ,0,0,0,0,0,0,0,0,0,50000,0,0,0,53000,3000,50000,50000
061430,致新元大9A購01  ,0,0,0,0,0,0,0,0,0,50000,0,0,0,50000,0,50000,50000
059360,全新永豐99購02  ,0,0,0,0,0,0,0,0,0,50000,0,0,0,81000,31000,50000,50000
063908,國巨凱基9C購06  ,0,0,0,0,0,0,0,0,0,50000,0,0,0,59000,9000,50000,50000
063888,TPK中信01購01   ,0,0,0,0,0,0,0,0,0,50000,0,0,0,50000,0,50000,50000
06405P,億光元富97售02  ,0,0,0,0,0,0,0,0,0,50000,0,0,0,50000,0,50000,50000
064335,可成元大9C購05  ,0,0,0,0,0,0,0,0,0,50000,0,0,0,200000,150000,50000,50000
064411,台表科凱基02購01,0,0,0,0,0,0,0,0,0,50000,0,0,0,54000,4000,50000,50000
064826,南亞科統一01購03,0,0,0,0,0,0,0,0,0,50000,0,0,0,50000,0,50000,50000
064758,可成凱基02購02  ,0,0,0,0,0,0,0,0,0,50000,0,0,0,50000,0,50000,50000
064639,聚陽凱基02購01  ,0,0,0,0,0,0,0,0,0,50000,0,0,0,50000,0,50000,50000
064586,緯創永豐9C購01  ,0,0,0,0,0,0,0,0,0,50000,0,0,0,74000,24000,50000,50000
064502,大立光元大9C購19,0,0,0,0,0,0,0,0,0,50000,0,0,0,50000,0,50000,50000
064474,華新科麥證01購01,0,0,0,50000,0,50000,0,0,0,50000,0,0,0,50000,0,50000,50000
063036,聯發科凱基9B購11,0,0,0,0,0,0,0,0,0,50000,0,0,0,50000,0,50000,50000
063129,祥碩元大9C購03  ,0,0,0,0,0,0,0,0,0,50000,0,0,0,54000,4000,50000,50000
062766,台郡凱基9B購02  ,0,0,0,0,0,0,0,0,0,50000,0,0,0,52000,2000,50000,50000
062695,華通元大9C購01  ,0,0,0,0,0,0,0,0,0,50000,0,0,0,51000,1000,50000,50000
063812,智邦群益9C購02  ,0,0,0,0,0,0,0,0,0,50000,0,0,0,50000,0,50000,50000
063709,上銀凱基9B購07  ,0,0,0,0,0,0,0,0,0,50000,0,0,0,50000,0,50000,50000
063414,鴻海凱基03購01  ,0,0,0,0,0,0,0,0,0,50000,0,0,0,60000,10000,50000,50000
063341,燿華統一9C購01  ,0,0,0,0,0,0,0,0,0,50000,0,0,0,50000,0,50000,50000
4976,佳凌            ,85000,50000,35000,0,0,0,16000,0,16000,-1000,0,1000,-1000,0,0,0,50000
2015,豐興            ,233000,156000,77000,0,0,0,0,0,0,-28000,0,28000,-28000,0,0,0,49000
054961,玉晶光元大99購01,0,0,0,0,0,0,0,0,0,49000,0,0,0,50000,1000,49000,49000
052926,旺宏元大98購02  ,0,0,0,0,0,0,0,0,0,49000,0,0,0,49000,0,49000,49000
057543,華通凱基99購02  ,0,0,0,0,0,0,0,0,0,49000,0,0,0,49000,0,49000,49000
059063,康控凱基99購04  ,0,0,0,0,0,0,0,0,0,49000,0,0,0,50000,1000,49000,49000
058797,大毅元大99購03  ,0,0,0,0,0,0,0,0,0,49000,0,0,0,49000,0,49000,49000
063283,華新科元大9C購03,0,0,0,0,0,0,0,0,0,49000,0,0,0,72000,23000,49000,49000
063253,巨大元大9B購03  ,0,0,0,0,0,0,0,0,0,49000,0,0,0,63000,14000,49000,49000
063765,上銀元富9B購09  ,0,0,0,0,0,0,0,0,0,49000,0,0,0,87000,38000,49000,49000
062743,微星國泰01購01  ,0,0,0,0,0,0,0,0,0,49000,0,0,0,599000,550000,49000,49000
062869,帆宣中信9B購01  ,0,0,0,0,0,0,0,0,0,49000,0,0,0,49000,0,49000,49000
064583,光寶科永豐9C購01,0,0,0,0,0,0,0,0,0,49000,0,0,0,50000,1000,49000,49000
064121,國巨元大9C購16  ,0,0,0,0,0,0,0,0,0,49000,0,0,0,102000,53000,49000,49000
2390,云辰            ,81000,29000,52000,0,0,0,0,0,0,-4000,0,4000,-4000,0,0,0,48000
065405,華新科富邦03購01,0,0,0,0,0,0,0,0,0,48000,0,0,0,58000,10000,48000,48000
061762,台塑元大9B購01  ,0,0,0,0,0,0,0,0,0,48000,0,0,0,50000,2000,48000,48000
056845,揚明光元富98購01,0,0,0,0,0,0,0,0,0,48000,0,0,0,53000,5000,48000,48000
00736,國泰新興市場    ,0,60000,-60000,0,0,0,0,0,0,108000,0,0,0,215000,107000,108000,48000
053569,漢唐統一98購01  ,0,0,0,0,0,0,0,0,0,48000,0,0,0,48000,0,48000,48000
052234,GIS凱基97購01   ,0,0,0,0,0,0,0,0,0,48000,0,0,0,50000,2000,48000,48000
057971,華新科富邦9B購02,0,0,0,0,0,0,0,0,0,48000,0,0,0,48000,0,48000,48000
055153,台光電元大98購02,0,0,0,0,0,0,0,0,0,48000,0,0,0,58000,10000,48000,48000
058863,可成凱基99購02  ,0,0,0,0,0,0,0,0,0,48000,0,0,0,68000,20000,48000,48000
061262,智邦凱基9A購02  ,0,0,0,0,0,0,0,0,0,48000,0,0,0,148000,100000,48000,48000
060235,瑞昱元大9A購01  ,0,0,0,0,0,0,0,0,0,48000,0,0,0,62000,14000,48000,48000
059921,大立光元大99購24,0,0,0,0,0,0,0,0,0,48000,0,0,0,55000,7000,48000,48000
062102,T50反1國票9B購07,0,0,0,0,0,0,0,0,0,48000,0,0,0,148000,100000,48000,48000
064145,宏碁統一02購01  ,0,0,0,0,0,0,0,0,0,48000,0,0,0,48000,0,48000,48000
062479,TPK國票9B購01   ,0,0,0,0,0,0,0,0,0,48000,0,0,0,48000,0,48000,48000
062506,巨大群益9C購01  ,0,0,0,0,0,0,0,0,0,48000,0,0,0,52000,4000,48000,48000
06364P,鴻海凱基97售08  ,0,0,0,0,0,0,0,0,0,48000,0,0,0,48000,0,48000,48000
065102,同欣電元大9C購07,0,0,0,0,0,0,0,0,0,47000,0,0,0,120000,73000,47000,47000
07818P,台積電國票9C售01,0,0,0,0,0,0,0,0,0,47000,0,0,0,47000,0,47000,47000
1608,華榮            ,96000,48000,48000,0,0,0,0,0,0,-1000,0,1000,-1000,0,0,0,47000
3040,遠見            ,194000,147000,47000,0,0,0,0,0,0,0,0,0,0,0,0,0,47000
07924P,台積電凱基9B售04,0,0,0,0,0,0,0,0,0,47000,0,0,0,57000,10000,47000,47000
08223P,臺股指凱基9B售18,0,0,0,0,0,0,0,0,0,47000,0,0,0,130000,83000,47000,47000
08429P,台達電凱基9C售01,0,0,0,0,0,0,0,0,0,47000,0,0,0,60000,13000,47000,47000
054111,緯穎凱基97購01  ,0,0,0,0,0,0,0,0,0,47000,0,0,0,47000,0,47000,47000
056497,GIS國泰99購01   ,0,0,0,0,0,0,0,0,0,47000,0,0,0,53000,6000,47000,47000
058188,華擎永豐99購01  ,0,0,0,0,0,0,0,0,0,47000,0,0,0,262000,215000,47000,47000
056603,嘉聯益國泰9A購01,0,0,0,0,0,0,0,0,0,47000,0,0,0,47000,0,47000,47000
060433,億豐永豐9A購01  ,0,0,0,0,0,0,0,0,0,47000,0,0,0,47000,0,47000,47000
060889,國泰金統一9C購01,0,0,0,0,0,0,0,0,0,47000,0,0,0,78000,31000,47000,47000
063229,台表科群益9B購04,0,0,0,0,0,0,0,0,0,47000,0,0,0,47000,0,47000,47000
063366,台表科富邦9C購02,0,0,0,0,0,0,0,0,0,47000,0,0,0,47000,0,47000,47000
064353,力成元大9C購02  ,0,0,0,0,0,0,0,0,0,47000,0,0,0,128000,81000,47000,47000
063870,健策永豐01購01  ,0,0,0,0,0,0,0,0,0,47000,0,0,0,66000,19000,47000,47000
063893,微星群益9C購01  ,0,0,0,0,0,0,0,0,0,47000,0,0,0,94000,47000,47000,47000
064736,超眾元富9C購04  ,0,0,0,0,0,0,0,0,0,47000,0,0,0,55000,8000,47000,47000
6552,易華電          ,116000,61000,55000,0,0,0,0,0,0,-8000,0,2000,-2000,0,6000,-6000,47000
057552,禾伸堂凱基98購05,0,0,0,0,0,0,0,0,0,46000,0,0,0,86000,40000,46000,46000
054626,建準凱基98購01  ,0,0,0,0,0,0,0,0,0,46000,0,0,0,53000,7000,46000,46000
051055,友達群益98購01  ,0,0,0,0,0,0,0,0,0,46000,0,0,0,56000,10000,46000,46000
055911,可成凱基98購02  ,0,0,0,0,0,0,0,0,0,46000,0,0,0,46000,0,46000,46000
059772,可成群益9A購05  ,0,0,0,0,0,0,0,0,0,46000,0,0,0,46000,0,46000,46000
061023,茂林國泰9B購02  ,0,0,0,0,0,0,0,0,0,46000,0,0,0,51000,5000,46000,46000
058739,喬山中信99購01  ,0,0,0,0,0,0,0,0,0,46000,0,0,0,46000,0,46000,46000
058576,南亞科群益99購01,0,0,0,0,0,0,0,0,0,46000,0,0,0,48000,2000,46000,46000
064705,新光金富邦01購01,0,0,0,0,0,0,0,0,0,46000,0,0,0,46000,0,46000,46000
063545,華通兆豐9B購03  ,0,0,0,0,0,0,0,0,0,46000,0,0,0,53000,7000,46000,46000
063536,美食統一01購01  ,0,0,0,0,0,0,0,0,0,46000,0,0,0,70000,24000,46000,46000
08134P,臺股指元大9B售40,0,0,0,0,0,0,0,0,0,45000,0,0,0,45000,0,45000,45000
07543P,台積電凱基9A售17,0,0,0,0,0,0,0,0,0,45000,0,0,0,50000,5000,45000,45000
065218,世芯國泰02購02  ,0,0,0,0,0,0,0,0,0,45000,0,0,0,85000,40000,45000,45000
065421,康友國票01購01  ,0,0,0,0,0,0,0,0,0,45000,0,0,0,60000,15000,45000,45000
06591P,大立光元大98售14,0,0,0,0,0,0,0,0,0,45000,0,0,0,45000,0,45000,45000
055958,台光電元大97購02,0,0,0,0,0,0,0,0,0,45000,0,0,0,45000,0,45000,45000
055030,帆宣國泰99購02  ,0,0,0,0,0,0,0,0,0,45000,0,0,0,45000,0,45000,45000
058073,大立光凱基99購04,0,0,0,0,0,0,0,0,0,45000,0,0,0,45000,0,45000,45000
061037,嘉澤永豐9A購01  ,0,0,0,0,0,0,0,0,0,45000,0,0,0,50000,5000,45000,45000
058137,玉晶光元大99購11,0,0,0,0,0,0,0,0,0,45000,0,0,0,50000,5000,45000,45000
058353,國巨凱基99購09  ,0,0,0,0,0,0,0,0,0,45000,0,0,0,47000,2000,45000,45000
060233,宏碁元大9A購01  ,0,0,0,0,0,0,0,0,0,45000,0,0,0,55000,10000,45000,45000
060752,上銀元大9A購04  ,0,0,0,0,0,0,0,0,0,45000,0,0,0,45000,0,45000,45000
059939,技嘉永豐99購01  ,0,0,0,0,0,0,0,0,0,45000,0,0,0,61000,16000,45000,45000
063539,世紀鋼統一9B購02,0,0,0,0,0,0,0,0,0,45000,0,0,0,50000,5000,45000,45000
062524,鴻海統一9C購09  ,0,0,0,0,0,0,0,0,0,45000,0,0,0,67000,22000,45000,45000
062563,緯穎凱基9B購03  ,0,0,0,0,0,0,0,0,0,45000,0,0,0,65000,20000,45000,45000
062672,兆豐金中信03購01,0,0,0,0,0,0,0,0,0,45000,0,0,0,46000,1000,45000,45000
063048,聯詠兆豐9B購01  ,0,0,0,0,0,0,0,0,0,45000,0,0,0,54000,9000,45000,45000
062992,聯發科群益9B購09,0,0,0,0,0,0,0,0,0,45000,0,0,0,45000,0,45000,45000
064527,裕隆中信01購01  ,0,0,0,0,0,0,0,0,0,45000,0,0,0,53000,8000,45000,45000
064773,FBVIX群益9C購05 ,0,0,0,0,0,0,0,0,0,45000,0,0,0,155000,110000,45000,45000
063958,瑞祺元大9C購01  ,0,0,0,0,0,0,0,0,0,45000,0,0,0,185000,140000,45000,45000
064336,可成元大9C購06  ,0,0,0,0,0,0,0,0,0,45000,0,0,0,45000,0,45000,45000
2425,承啟            ,186000,140000,46000,0,0,0,0,0,0,-2000,0,2000,-2000,0,0,0,44000
058140,臻鼎元大99購02  ,0,0,0,0,0,0,0,0,0,44000,0,0,0,134000,90000,44000,44000
058142,瑞儀元大99購01  ,0,0,0,0,0,0,0,0,0,44000,0,0,0,44000,0,44000,44000
056617,美律永豐98購01  ,0,0,0,0,0,0,0,0,0,44000,0,0,0,45000,1000,44000,44000
058107,全新台新99購01  ,0,0,0,0,0,0,0,0,0,44000,0,0,0,48000,4000,44000,44000
057120,茂林康和98購01  ,0,0,0,0,0,0,0,0,0,44000,0,0,0,44000,0,44000,44000
055698,茂林國票98購03  ,0,0,0,0,0,0,0,0,0,44000,0,0,0,44000,0,44000,44000
052581,訊芯元富98購01  ,0,0,0,0,0,0,0,0,0,44000,0,0,0,50000,6000,44000,44000
060059,鴻海兆豐99購06  ,0,0,0,0,0,0,0,0,0,44000,0,0,0,58000,14000,44000,44000
058222,玉晶光統一9B購01,0,0,0,0,0,0,0,0,0,44000,0,0,0,128000,84000,44000,44000
058387,國巨國票9A購03  ,0,0,0,0,0,0,0,0,0,44000,0,0,0,103000,59000,44000,44000
059313,元石油元大99購06,0,0,0,0,0,0,0,0,0,44000,0,0,0,44000,0,44000,44000
062200,臺指反國票03購01,0,0,0,0,0,0,0,0,0,44000,0,0,0,74000,30000,44000,44000
064174,致新元富9C購02  ,0,0,0,0,0,0,0,0,0,44000,0,0,0,157000,113000,44000,44000
065013,矽創國泰02購01  ,0,0,0,0,0,0,0,0,0,44000,0,0,0,222000,178000,44000,44000
063206,貿聯統一9C購02  ,0,0,0,0,0,0,0,0,0,44000,0,0,0,44000,0,44000,44000
08168P,金像電群益9B售03,0,0,0,0,0,0,0,0,0,43000,0,0,0,93000,50000,43000,43000
06893P,致新元富98售02  ,0,0,0,0,0,0,0,0,0,43000,0,0,0,143000,100000,43000,43000
056207,茂林永豐97購03  ,0,0,0,0,0,0,0,0,0,43000,0,0,0,43000,0,43000,43000
06189P,華新科永豐97售03,0,0,0,0,0,0,0,0,0,43000,0,0,0,43000,0,43000,43000
062089,矽創元大9B購02  ,0,0,0,0,0,0,0,0,0,43000,0,0,0,71000,28000,43000,43000
061645,超眾元大9A購06  ,0,0,0,0,0,0,0,0,0,43000,0,0,0,102000,59000,43000,43000
060199,台郡元富9A購01  ,0,0,0,0,0,0,0,0,0,43000,0,0,0,43000,0,43000,43000
061542,旺宏群益9A購04  ,0,0,0,0,0,0,0,0,0,43000,0,0,0,43000,0,43000,43000
063705,臻鼎群益9B購03  ,0,0,0,0,0,0,0,0,0,43000,0,0,0,141000,98000,43000,43000
065017,和大富邦03購01  ,0,0,0,0,0,0,0,0,0,43000,0,0,0,43000,0,43000,43000
064815,台表科元大01購01,0,0,0,0,0,0,0,0,0,43000,0,0,0,175000,132000,43000,43000
064469,臻鼎元富9C購01  ,0,0,0,0,0,0,0,0,0,43000,0,0,0,158000,115000,43000,43000
064416,南亞科中信01購01,0,0,0,0,0,0,0,0,0,43000,0,0,0,43000,0,43000,43000
064089,新日興凱基02購01,0,0,0,0,0,0,0,0,0,43000,0,0,0,58000,15000,43000,43000
06839P,玉晶光統一9A售05,0,0,0,0,0,0,0,0,0,42000,0,0,0,42000,0,42000,42000
07416P,台積電元大99售53,0,0,0,0,0,0,0,0,0,42000,0,0,0,145000,103000,42000,42000
065481,臻鼎元大9C購04  ,0,0,0,0,0,0,0,0,0,42000,0,0,0,109000,67000,42000,42000
08537P,台光電國票01售03,0,0,0,0,0,0,0,0,0,42000,0,0,0,42000,0,42000,42000
061723,嘉聯益永豐9A購03,0,0,0,0,0,0,0,0,0,42000,0,0,0,46000,4000,42000,42000
057603,樺漢群益98購02  ,0,0,0,0,0,0,0,0,0,42000,0,0,0,62000,20000,42000,42000
055536,嘉聯益群益99購02,0,0,0,0,0,0,0,0,0,42000,0,0,0,118000,76000,42000,42000
057111,立積群益98購02  ,0,0,0,0,0,0,0,0,0,42000,0,0,0,96000,54000,42000,42000
060251,易華電元大9C購01,0,0,0,0,0,0,0,0,0,42000,0,0,0,126000,84000,42000,42000
061110,超眾元大9A購03  ,0,0,0,0,0,0,0,0,0,42000,0,0,0,117000,75000,42000,42000
059172,台郡凱基99購03  ,0,0,0,0,0,0,0,0,0,42000,0,0,0,42000,0,42000,42000
061642,創意元大9A購04  ,0,0,0,0,0,0,0,0,0,42000,0,0,0,273000,231000,42000,42000
062058,瑞昱統一01購01  ,0,0,0,0,0,0,0,0,0,42000,0,0,0,56000,14000,42000,42000
062146,大毅國票9B購01  ,0,0,0,0,0,0,0,0,0,42000,0,0,0,56000,14000,42000,42000
064691,友達群益9C購04  ,0,0,0,0,0,0,0,0,0,42000,0,0,0,42000,0,42000,42000
064996,T50反1國票01購03,0,0,0,0,0,0,0,0,0,42000,0,0,0,42000,0,42000,42000
063510,台表科群益9C購01,0,0,0,0,0,0,0,0,0,42000,0,0,0,42000,0,42000,42000
062653,正隆永豐9B購01  ,0,0,0,0,0,0,0,0,0,42000,0,0,0,42000,0,42000,42000
062712,晶技麥證9B購02  ,0,0,0,73000,64000,9000,0,0,0,42000,0,0,0,106000,64000,42000,42000
062547,玉晶光永豐9B購05,0,0,0,0,0,0,0,0,0,42000,0,0,0,53000,11000,42000,42000
3712,永崴投控        ,152000,107000,45000,0,0,0,0,0,0,-3000,0,3000,-3000,0,0,0,42000
08094P,華新科元富9B售05,0,0,0,0,0,0,0,0,0,41000,0,0,0,164000,123000,41000,41000
2642,宅配通          ,110000,68000,42000,0,0,0,0,0,0,-1000,0,1000,-1000,0,0,0,41000
058101,台積電富邦9C購01,0,0,0,0,0,0,0,0,0,41000,0,0,0,255000,214000,41000,41000
055249,大毅統一99購01  ,0,0,0,0,0,0,0,0,0,41000,0,0,0,46000,5000,41000,41000
057017,和大凱基98購01  ,0,0,0,0,0,0,0,0,0,41000,0,0,0,41000,0,41000,41000
055657,超眾元富97購02  ,0,0,0,0,0,0,0,0,0,41000,0,0,0,66000,25000,41000,41000
056155,嘉晶凱基97購01  ,0,0,0,0,0,0,0,0,0,41000,0,0,0,42000,1000,41000,41000
057888,貿聯群益98購02  ,0,0,0,0,0,0,0,0,0,41000,0,0,0,41000,0,41000,41000
061972,華新元大9B購01  ,0,0,0,0,0,0,0,0,0,41000,0,0,0,54000,13000,41000,41000
062567,祥碩中信9C購01  ,0,0,0,0,0,0,0,0,0,41000,0,0,0,41000,0,41000,41000
062366,義隆元大9B購04  ,0,0,0,0,0,0,0,0,0,41000,0,0,0,42000,1000,41000,41000
061379,鈺齊永豐9A購02  ,0,0,0,0,0,0,0,0,0,41000,0,0,0,82000,41000,41000,41000
061294,奇力新麥證9A購01,0,0,0,41000,0,41000,0,0,0,41000,0,0,0,41000,0,41000,41000
059722,南亞科元大99購02,0,0,0,0,0,0,0,0,0,41000,0,0,0,53000,12000,41000,41000
058817,嘉聯益台新99購01,0,0,0,0,0,0,0,0,0,41000,0,0,0,41000,0,41000,41000
063638,華新科元大9B購14,0,0,0,0,0,0,0,0,0,41000,0,0,0,41000,0,41000,41000
063423,聯詠凱基9C購02  ,0,0,0,0,0,0,0,0,0,41000,0,0,0,41000,0,41000,41000
064924,健策統一9C購05  ,0,0,0,0,0,0,0,0,0,41000,0,0,0,82000,41000,41000,41000
065004,瑞昱國票01購02  ,0,0,0,0,0,0,0,0,0,41000,0,0,0,44000,3000,41000,41000
064907,緯穎群益9C購02  ,0,0,0,0,0,0,0,0,0,41000,0,0,0,91000,50000,41000,41000
064593,鈺齊永豐9C購01  ,0,0,0,0,0,0,0,0,0,41000,0,0,0,101000,60000,41000,41000
064193,華新群益9C購01  ,0,0,0,0,0,0,0,0,0,41000,0,0,0,54000,13000,41000,41000
6215,和椿            ,80000,36000,44000,0,0,0,0,0,0,-3000,0,3000,-3000,0,0,0,41000
3027,盛達            ,87000,44000,43000,0,0,0,0,0,0,-3000,0,3000,-3000,0,0,0,40000
2881B,富邦金乙特      ,0,0,0,0,0,0,0,0,0,40000,40000,0,40000,0,0,0,40000
3052,夆典            ,112000,72000,40000,0,0,0,0,0,0,0,2000,2000,0,0,0,0,40000
08037P,台表科群益9B售02,0,0,0,0,0,0,0,0,0,40000,0,0,0,40000,0,40000,40000
08565P,聯發科群益9C售12,0,0,0,0,0,0,0,0,0,40000,0,0,0,40000,0,40000,40000
06600P,貿聯永豐98售01  ,0,0,0,0,0,0,0,0,0,40000,0,0,0,40000,0,40000,40000
06721P,臺股指中信9A售03,0,0,0,0,0,0,0,0,0,40000,0,0,0,85000,45000,40000,40000
06614P,祥碩永豐98售03  ,0,0,0,0,0,0,0,0,0,40000,0,0,0,40000,0,40000,40000
06510P,燿華永豐98售03  ,0,0,0,0,0,0,0,0,0,40000,0,0,0,60000,20000,40000,40000
07414P,台積電元大99售51,0,0,0,0,0,0,0,0,0,40000,0,0,0,140000,100000,40000,40000
07856P,力成凱基9A售02  ,0,0,0,0,0,0,0,0,0,40000,0,0,0,70000,30000,40000,40000
07693P,群創元大9B售10  ,0,0,0,0,0,0,0,0,0,40000,0,0,0,40000,0,40000,40000
06832P,玉晶光凱基98售03,0,0,0,0,0,0,0,0,0,40000,0,0,0,250000,210000,40000,40000
07089P,臺指2X中信01售01,0,0,0,0,0,0,0,0,0,40000,0,0,0,60000,20000,40000,40000
07102P,南電元大99售03  ,0,0,0,0,0,0,0,0,0,40000,0,0,0,110000,70000,40000,40000
07292P,臺股指凱基99售44,0,0,0,0,0,0,0,0,0,40000,0,0,0,63000,23000,40000,40000
07287P,全新群益9B售01  ,0,0,0,0,0,0,0,0,0,40000,0,0,0,40000,0,40000,40000
07216P,大立光凱基99售08,0,0,0,0,0,0,0,0,0,40000,0,0,0,40000,0,40000,40000
056401,國巨群益98購07  ,0,0,0,0,0,0,0,0,0,40000,0,0,0,40000,0,40000,40000
056417,欣興中信98購01  ,0,0,0,0,0,0,0,0,0,40000,0,0,0,46000,6000,40000,40000
061871,瑞昱元大9B購01  ,0,0,0,0,0,0,0,0,0,40000,0,0,0,42000,2000,40000,40000
061882,矽創元大9B購01  ,0,0,0,0,0,0,0,0,0,40000,0,0,0,66000,26000,40000,40000
061785,奇力新群益9B購01,0,0,0,0,0,0,0,0,0,40000,0,0,0,40000,0,40000,40000
061828,T50反1凱基02購01,0,0,0,0,0,0,0,0,0,40000,0,0,0,40000,0,40000,40000
061868,旺宏元大9B購03  ,0,0,0,0,0,0,0,0,0,40000,0,0,0,50000,10000,40000,40000
058116,正崴中信99購02  ,0,0,0,0,0,0,0,0,0,40000,0,0,0,40000,0,40000,40000
057258,中環兆豐98購01  ,0,0,0,0,0,0,0,0,0,40000,0,0,0,40000,0,40000,40000
056583,昇陽半元大98購02,0,0,0,0,0,0,0,0,0,40000,0,0,0,85000,45000,40000,40000
054710,東元元富97購01  ,0,0,0,0,0,0,0,0,0,40000,0,0,0,40000,0,40000,40000
055572,鴻海統一98購04  ,0,0,0,0,0,0,0,0,0,40000,0,0,0,95000,55000,40000,40000
055420,欣興永豐98購01  ,0,0,0,0,0,0,0,0,0,40000,0,0,0,40000,0,40000,40000
055521,S&P反1群益01購01,0,0,0,0,0,0,0,0,0,40000,0,0,0,40000,0,40000,40000
057034,道瓊反元大9B購01,0,0,0,0,0,0,0,0,0,40000,0,0,0,40000,0,40000,40000
058045,鴻海元大99購08  ,0,0,0,0,0,0,0,0,0,40000,0,0,0,40000,0,40000,40000
055909,大成鋼凱基98購02,0,0,0,0,0,0,0,0,0,40000,0,0,0,40000,0,40000,40000
055910,瑞昱凱基98購01  ,0,0,0,0,0,0,0,0,0,40000,0,0,0,55000,15000,40000,40000
03650C,T50反1元大98牛05,0,0,0,0,0,0,0,0,0,40000,0,0,0,80000,40000,40000,40000
058790,楠梓電元大99購03,0,0,0,0,0,0,0,0,0,40000,0,0,0,110000,70000,40000,40000
058463,宏達電兆豐99購02,0,0,0,0,0,0,0,0,0,40000,0,0,0,40000,0,40000,40000
060291,高鐵元大9A購01  ,0,0,0,0,0,0,0,0,0,40000,0,0,0,40000,0,40000,40000
060247,牧德元大9A購02  ,0,0,0,0,0,0,0,0,0,40000,0,0,0,40000,0,40000,40000
058981,國巨凱基99購10  ,0,0,0,0,0,0,0,0,0,40000,0,0,0,81000,41000,40000,40000
061056,臺指反國票02購01,0,0,0,0,0,0,0,0,0,40000,0,0,0,40000,0,40000,40000
058203,信邦凱基99購01  ,0,0,0,0,0,0,0,0,0,40000,0,0,0,50000,10000,40000,40000
060854,台積電富邦9C購08,0,0,0,0,0,0,0,0,0,40000,0,0,0,40000,0,40000,40000
059932,世紀鋼富邦9A購02,0,0,0,0,0,0,0,0,0,40000,0,0,0,52000,12000,40000,40000
059875,信邦凱基99購02  ,0,0,0,0,0,0,0,0,0,40000,0,0,0,50000,10000,40000,40000
059852,康控永豐99購02  ,0,0,0,0,0,0,0,0,0,40000,0,0,0,50000,10000,40000,40000
060384,葡萄王凱基9B購01,0,0,0,0,0,0,0,0,0,40000,0,0,0,40000,0,40000,40000
061032,金像電永豐9A購03,0,0,0,0,0,0,0,0,0,40000,0,0,0,40000,0,40000,40000
058352,鴻海凱基9A購05  ,0,0,0,0,0,0,0,0,0,40000,0,0,0,108000,68000,40000,40000
062236,信邦凱基9B購01  ,0,0,0,0,0,0,0,0,0,40000,0,0,0,50000,10000,40000,40000
058660,樺漢中信9A購01  ,0,0,0,0,0,0,0,0,0,40000,0,0,0,40000,0,40000,40000
064184,矽格富邦02購01  ,0,0,0,0,0,0,0,0,0,40000,0,0,0,80000,40000,40000,40000
064289,台郡元大9C購01  ,0,0,0,0,0,0,0,0,0,40000,0,0,0,90000,50000,40000,40000
064009,超眾凱基01購01  ,0,0,0,0,0,0,0,0,0,40000,0,0,0,55000,15000,40000,40000
064561,友達群益9C購02  ,0,0,0,0,0,0,0,0,0,40000,0,0,0,50000,10000,40000,40000
064539,玉晶光麥證01購01,0,0,0,77000,37000,40000,0,0,0,40000,0,0,0,77000,37000,40000,40000
065020,友達富邦01購02  ,0,0,0,0,0,0,0,0,0,40000,0,0,0,40000,0,40000,40000
064955,健策凱基9C購03  ,0,0,0,0,0,0,0,0,0,40000,0,0,0,65000,25000,40000,40000
063301,鴻海凱基9B購08  ,0,0,0,0,0,0,0,0,0,40000,0,0,0,96000,56000,40000,40000
063633,金像電元大9B購05,0,0,0,0,0,0,0,0,0,40000,0,0,0,40000,0,40000,40000
063642,茂林元大9B購08  ,0,0,0,0,0,0,0,0,0,40000,0,0,0,50000,10000,40000,40000
062894,道瓊銀元大9B購02,0,0,0,0,0,0,0,0,0,40000,0,0,0,40000,0,40000,40000
06562P,台積電國泰99售02,0,0,0,0,0,0,0,0,0,39000,0,0,0,39000,0,39000,39000
08347P,大立光元大9C售16,0,0,0,0,0,0,0,0,0,39000,0,0,0,46000,7000,39000,39000
08115P,聯發科凱基9B售13,0,0,0,0,0,0,0,0,0,39000,0,0,0,119000,80000,39000,39000
08216P,聯發科群益9C售05,0,0,0,0,0,0,0,0,0,39000,0,0,0,50000,11000,39000,39000
08234P,華擎元富9B售03  ,0,0,0,0,0,0,0,0,0,39000,0,0,0,247000,208000,39000,39000
2355,敬鵬            ,750000,656000,94000,0,0,0,0,0,0,-55000,0,60000,-60000,5000,0,5000,39000
042953,鴻海台新01購01  ,0,0,0,0,0,0,0,0,0,39000,0,0,0,39000,0,39000,39000
051423,GIS國票97購01   ,0,0,0,0,0,0,0,0,0,39000,0,0,0,100000,61000,39000,39000
054733,鴻海凱基98購04  ,0,0,0,0,0,0,0,0,0,39000,0,0,0,39000,0,39000,39000
057636,上銀元大98購06  ,0,0,0,0,0,0,0,0,0,39000,0,0,0,63000,24000,39000,39000
056736,國巨凱基99購03  ,0,0,0,0,0,0,0,0,0,39000,0,0,0,89000,50000,39000,39000
056737,國巨凱基9A購01  ,0,0,0,0,0,0,0,0,0,39000,0,0,0,84000,45000,39000,39000
056910,超眾元大99購02  ,0,0,0,0,0,0,0,0,0,39000,0,0,0,45000,6000,39000,39000
061798,晶豪科永豐9B購01,0,0,0,0,0,0,0,0,0,39000,0,0,0,39000,0,39000,39000
058615,矽創元大99購01  ,0,0,0,0,0,0,0,0,0,39000,0,0,0,62000,23000,39000,39000
060696,道瓊反國泰9C購01,0,0,0,0,0,0,0,0,0,39000,0,0,0,39000,0,39000,39000
062811,鴻海兆豐9B購01  ,0,0,0,0,0,0,0,0,0,39000,0,0,0,49000,10000,39000,39000
062562,瑞儀凱基9B購02  ,0,0,0,0,0,0,0,0,0,39000,0,0,0,44000,5000,39000,39000
062590,亞光統一9B購01  ,0,0,0,0,0,0,0,0,0,39000,0,0,0,39000,0,39000,39000
062589,友達統一9C購03  ,0,0,0,0,0,0,0,0,0,39000,0,0,0,39000,0,39000,39000
064581,葡萄王永豐9C購01,0,0,0,0,0,0,0,0,0,39000,0,0,0,39000,0,39000,39000
6558,興能高          ,125660,87000,38660,0,0,0,0,0,0,0,0,0,0,0,0,0,38660
07251P,台灣50元富01售04,0,0,0,0,0,0,0,0,0,38000,0,0,0,38000,0,38000,38000
058895,鴻海元大99購20  ,0,0,0,0,0,0,0,0,0,38000,0,0,0,133000,95000,38000,38000
058147,鈺齊元大99購01  ,0,0,0,0,0,0,0,0,0,38000,0,0,0,139000,101000,38000,38000
057150,貿聯國票99購02  ,0,0,0,0,0,0,0,0,0,38000,0,0,0,38000,0,38000,38000
050568,為升中信97購01  ,0,0,0,0,0,0,0,0,0,38000,0,0,0,38000,0,38000,38000
058630,日月光國票9A購01,0,0,0,0,0,0,0,0,0,38000,0,0,0,38000,0,38000,38000
061702,奇鋐國票9A購02  ,0,0,0,0,0,0,0,0,0,38000,0,0,0,38000,0,38000,38000
062053,華通統一9C購02  ,0,0,0,0,0,0,0,0,0,38000,0,0,0,38000,0,38000,38000
062049,亞德客統一01購01,0,0,0,0,0,0,0,0,0,38000,0,0,0,53000,15000,38000,38000
062145,億光國票9B購01  ,0,0,0,0,0,0,0,0,0,38000,0,0,0,38000,0,38000,38000
060841,宏達電國票9B購01,0,0,0,0,0,0,0,0,0,38000,0,0,0,38000,0,38000,38000
060290,興富發元大9C購01,0,0,0,0,0,0,0,0,0,38000,0,0,0,43000,5000,38000,38000
061229,緯穎中信9B購01  ,0,0,0,0,0,0,0,0,0,38000,0,0,0,38000,0,38000,38000
064585,中壽永豐9C購01  ,0,0,0,0,0,0,0,0,0,38000,0,0,0,38000,0,38000,38000
064418,鴻海兆豐01購02  ,0,0,0,0,0,0,0,0,0,38000,0,0,0,40000,2000,38000,38000
064153,中壽統一9C購01  ,0,0,0,0,0,0,0,0,0,38000,0,0,0,38000,0,38000,38000
062544,信錦永豐9B購01  ,0,0,0,0,0,0,0,0,0,38000,0,0,0,38000,0,38000,38000
062774,儒鴻元大9C購01  ,0,0,0,0,0,0,0,0,0,38000,0,0,0,48000,10000,38000,38000
063008,華通元大9B購06  ,0,0,0,0,0,0,0,0,0,38000,0,0,0,50000,12000,38000,38000
063016,微星元大9C購02  ,0,0,0,0,0,0,0,0,0,38000,0,0,0,50000,12000,38000,38000
063799,華邦電凱基9C購02,0,0,0,0,0,0,0,0,0,38000,0,0,0,50000,12000,38000,38000
063304,大立光凱基01購02,0,0,0,0,0,0,0,0,0,38000,0,0,0,38000,0,38000,38000
063175,燿華兆豐9C購01  ,0,0,0,0,0,0,0,0,0,38000,0,0,0,38000,0,38000,38000
063403,鈺齊群益9B購01  ,0,0,0,0,0,0,0,0,0,38000,0,0,0,107000,69000,38000,38000
063326,正隆國票9B購01  ,0,0,0,0,0,0,0,0,0,38000,0,0,0,38000,0,38000,38000
065574,創意群益9C購04  ,0,0,0,0,0,0,0,0,0,37000,0,0,0,50000,13000,37000,37000
065174,華新科元大02購02,0,0,0,0,0,0,0,0,0,37000,0,0,0,110000,73000,37000,37000
2006,東和鋼鐵        ,564000,523000,41000,0,0,0,0,0,0,-4000,0,4000,-4000,0,0,0,37000
1338,廣華-KY         ,67000,35000,32000,0,0,0,0,0,0,5000,0,0,0,5000,0,5000,37000
3311,閎暉            ,53000,15000,38000,0,0,0,0,0,0,-1000,0,1000,-1000,0,0,0,37000
055745,臻鼎元富97購01  ,0,0,0,0,0,0,0,0,0,37000,0,0,0,37000,0,37000,37000
061869,智邦元大9B購01  ,0,0,0,0,0,0,0,0,0,37000,0,0,0,133000,96000,37000,37000
060100,新光金元大9C購01,0,0,0,0,0,0,0,0,0,37000,0,0,0,46000,9000,37000,37000
056442,瑞昱凱基98購02  ,0,0,0,0,0,0,0,0,0,37000,0,0,0,57000,20000,37000,37000
058272,超眾永豐9A購01  ,0,0,0,0,0,0,0,0,0,37000,0,0,0,50000,13000,37000,37000
061470,鈺齊群益9A購02  ,0,0,0,0,0,0,0,0,0,37000,0,0,0,37000,0,37000,37000
063747,國巨國票9C購06  ,0,0,0,0,0,0,0,0,0,37000,0,0,0,53000,16000,37000,37000
063500,嘉晶永豐9B購02  ,0,0,0,0,0,0,0,0,0,37000,0,0,0,57000,20000,37000,37000
063480,南六元大9C購01  ,0,0,0,0,0,0,0,0,0,37000,0,0,0,165000,128000,37000,37000
063137,瑞昱統一01購02  ,0,0,0,0,0,0,0,0,0,37000,0,0,0,52000,15000,37000,37000
062406,臻鼎永豐9B購01  ,0,0,0,0,0,0,0,0,0,37000,0,0,0,109000,72000,37000,37000
064974,燿華元大9C購03  ,0,0,0,0,0,0,0,0,0,37000,0,0,0,37000,0,37000,37000
08334P,智邦永豐9C售01  ,0,0,0,0,0,0,0,0,0,36000,0,0,0,36000,0,36000,36000
08482P,亞德客群益9C售02,0,0,0,0,0,0,0,0,0,36000,0,0,0,90000,54000,36000,36000
08486P,富邦金群益9C售02,0,0,0,0,0,0,0,0,0,36000,0,0,0,43000,7000,36000,36000
065190,緯穎統一9C購02  ,0,0,0,0,0,0,0,0,0,36000,0,0,0,41000,5000,36000,36000
065090,大立光元大9C購24,0,0,0,0,0,0,0,0,0,36000,0,0,0,36000,0,36000,36000
07291P,臺股指凱基99售43,0,0,0,0,0,0,0,0,0,36000,0,0,0,50000,14000,36000,36000
07237P,台灣50國票99售06,0,0,0,0,0,0,0,0,0,36000,0,0,0,36000,0,36000,36000
061826,台郡麥證9B購01  ,0,0,0,36000,0,36000,0,0,0,36000,0,0,0,36000,0,36000,36000
056567,瀚宇博群益98購02,0,0,0,0,0,0,0,0,0,36000,0,0,0,36000,0,36000,36000
056646,奇鋐凱基99購02  ,0,0,0,0,0,0,0,0,0,36000,0,0,0,46000,10000,36000,36000
00865B,國泰US短期公債  ,0,0,0,0,0,0,0,0,0,36000,0,0,0,136000,100000,36000,36000
062022,緯穎永豐9B購01  ,0,0,0,0,0,0,0,0,0,36000,0,0,0,36000,0,36000,36000
061545,華新科群益9A購09,0,0,0,0,0,0,0,0,0,36000,0,0,0,36000,0,36000,36000
059657,華通元大99購09  ,0,0,0,0,0,0,0,0,0,36000,0,0,0,36000,0,36000,36000
059816,聯電凱基99購03  ,0,0,0,0,0,0,0,0,0,36000,0,0,0,64000,28000,36000,36000
064929,台表科統一02購03,0,0,0,0,0,0,0,0,0,36000,0,0,0,68000,32000,36000,36000
065045,信邦凱基9C購01  ,0,0,0,0,0,0,0,0,0,36000,0,0,0,56000,20000,36000,36000
06453P,群創元大9B售02  ,0,0,0,0,0,0,0,0,0,36000,0,0,0,66000,30000,36000,36000
064708,帆宣永豐9C購01  ,0,0,0,0,0,0,0,0,0,36000,0,0,0,36000,0,36000,36000
064010,GIS凱基02購01   ,0,0,0,0,0,0,0,0,0,36000,0,0,0,112000,76000,36000,36000
062525,鴻海統一9C購10  ,0,0,0,0,0,0,0,0,0,36000,0,0,0,36000,0,36000,36000
062804,玉晶光統一9C購04,0,0,0,0,0,0,0,0,0,36000,0,0,0,129000,93000,36000,36000
07901P,臺股指凱基9B售04,0,0,0,0,0,0,0,0,0,35000,0,0,0,40000,5000,35000,35000
07423P,大立光元大99售33,0,0,0,0,0,0,0,0,0,35000,0,0,0,35000,0,35000,35000
065086,可成元大01購04  ,0,0,0,0,0,0,0,0,0,35000,0,0,0,85000,50000,35000,35000
065084,南亞科元大9C購08,0,0,0,0,0,0,0,0,0,35000,0,0,0,77000,42000,35000,35000
06514P,國巨凱基98售05  ,0,0,0,0,0,0,0,0,0,35000,0,0,0,35000,0,35000,35000
042116,元油2X國票97購01,0,0,0,0,0,0,0,0,0,35000,0,0,0,35000,0,35000,35000
051484,玉晶光凱基97購01,0,0,0,0,0,0,0,0,0,35000,0,0,0,35000,0,35000,35000
055490,台光電元大97購01,0,0,0,0,0,0,0,0,0,35000,0,0,0,45000,10000,35000,35000
05545P,台表科國泰98售01,0,0,0,0,0,0,0,0,0,35000,0,0,0,85000,50000,35000,35000
054539,欣興國票98購01  ,0,0,0,0,0,0,0,0,0,35000,0,0,0,35000,0,35000,35000
057242,台郡凱基98購05  ,0,0,0,0,0,0,0,0,0,35000,0,0,0,35000,0,35000,35000
056250,瑞昱兆豐97購02  ,0,0,0,0,0,0,0,0,0,35000,0,0,0,93000,58000,35000,35000
056895,技嘉元大98購01  ,0,0,0,0,0,0,0,0,0,35000,0,0,0,35000,0,35000,35000
061856,台郡國票9B購02  ,0,0,0,0,0,0,0,0,0,35000,0,0,0,35000,0,35000,35000
060880,中壽中信9C購01  ,0,0,0,0,0,0,0,0,0,35000,0,0,0,60000,25000,35000,35000
060978,國巨元大9A購13  ,0,0,0,0,0,0,0,0,0,35000,0,0,0,46000,11000,35000,35000
058225,旺宏元富99購01  ,0,0,0,0,0,0,0,0,0,35000,0,0,0,35000,0,35000,35000
061567,華通元大9A購11  ,0,0,0,0,0,0,0,0,0,35000,0,0,0,37000,2000,35000,35000
058850,華新科群益99購03,0,0,0,0,0,0,0,0,0,35000,0,0,0,65000,30000,35000,35000
062062,貿聯統一01購01  ,0,0,0,0,0,0,0,0,0,35000,0,0,0,35000,0,35000,35000
061998,緯穎元大9B購03  ,0,0,0,0,0,0,0,0,0,35000,0,0,0,66000,31000,35000,35000
061673,仁寶元大9B購01  ,0,0,0,0,0,0,0,0,0,35000,0,0,0,205000,170000,35000,35000
060621,玉晶光元大9A購05,0,0,0,0,0,0,0,0,0,35000,0,0,0,51000,16000,35000,35000
060611,同欣電凱基9A購02,0,0,0,0,0,0,0,0,0,35000,0,0,0,37000,2000,35000,35000
058294,華新科凱基9A購01,0,0,0,0,0,0,0,0,0,35000,0,0,0,35000,0,35000,35000
063088,緯穎凱基9B購04  ,0,0,0,0,0,0,0,0,0,35000,0,0,0,50000,15000,35000,35000
06254P,臺股指群益97售07,0,0,0,0,0,0,0,0,0,35000,0,0,0,435000,400000,35000,35000
063808,台表科兆豐9C購01,0,0,0,0,0,0,0,0,0,35000,0,0,0,45000,10000,35000,35000
064118,喬山元大01購01  ,0,0,0,0,0,0,0,0,0,35000,0,0,0,35000,0,35000,35000
063950,信邦元大9C購01  ,0,0,0,0,0,0,0,0,0,35000,0,0,0,147000,112000,35000,35000
064164,祥碩統一01購05  ,0,0,0,0,0,0,0,0,0,35000,0,0,0,40000,5000,35000,35000
064514,喬山群益9C購01  ,0,0,0,0,0,0,0,0,0,35000,0,0,0,54000,19000,35000,35000
065335,玉晶光台新9C購03,0,0,0,0,0,0,0,0,0,34000,0,0,0,38000,4000,34000,34000
065456,義隆元富9C購03  ,0,0,0,0,0,0,0,0,0,34000,0,0,0,34000,0,34000,34000
08455P,台積電凱基9C售05,0,0,0,0,0,0,0,0,0,34000,0,0,0,95000,61000,34000,34000
061722,健策永豐9B購03  ,0,0,0,0,0,0,0,0,0,34000,0,0,0,47000,13000,34000,34000
056169,鴻海元富97購08  ,0,0,0,0,0,0,0,0,0,34000,0,0,0,34000,0,34000,34000
056610,鴻海永豐98購01  ,0,0,0,0,0,0,0,0,0,34000,0,0,0,128000,94000,34000,34000
058191,祥碩永豐99購01  ,0,0,0,0,0,0,0,0,0,34000,0,0,0,34000,0,34000,34000
054632,緯穎凱基9A購01  ,0,0,0,0,0,0,0,0,0,34000,0,0,0,130000,96000,34000,34000
058077,超眾凱基98購02  ,0,0,0,0,0,0,0,0,0,34000,0,0,0,50000,16000,34000,34000
055933,欣興群益98購02  ,0,0,0,0,0,0,0,0,0,34000,0,0,0,95000,61000,34000,34000
055975,鴻海統一98購05  ,0,0,0,0,0,0,0,0,0,34000,0,0,0,44000,10000,34000,34000
059326,康友元大99購01  ,0,0,0,0,0,0,0,0,0,34000,0,0,0,314000,280000,34000,34000
061394,FBVIX統一9B購01 ,0,0,0,0,0,0,0,0,0,34000,0,0,0,34000,0,34000,34000
064932,緯穎統一01購04  ,0,0,0,0,0,0,0,0,0,34000,0,0,0,113000,79000,34000,34000
064919,嘉晶統一02購02  ,0,0,0,0,0,0,0,0,0,34000,0,0,0,94000,60000,34000,34000
064937,英業達元富9C購01,0,0,0,0,0,0,0,0,0,34000,0,0,0,160000,126000,34000,34000
063493,金像電富邦01購01,0,0,0,0,0,0,0,0,0,34000,0,0,0,64000,30000,34000,34000
062716,鴻海凱基9B購06  ,0,0,0,0,0,0,0,0,0,34000,0,0,0,90000,56000,34000,34000
6706,惠特            ,147000,131000,16000,0,0,0,129000,20000,109000,-91000,9000,100000,-91000,0,0,0,34000
08207P,金像電群益9B售05,0,0,0,0,0,0,0,0,0,33000,0,0,0,194000,161000,33000,33000
053913,華新國票97購01  ,0,0,0,0,0,0,0,0,0,33000,0,0,0,33000,0,33000,33000
03687C,臺股指凱基9C牛22,0,0,0,0,0,0,0,0,0,33000,0,0,0,90000,57000,33000,33000
052731,宏達電國泰98購01,0,0,0,0,0,0,0,0,0,33000,0,0,0,53000,20000,33000,33000
056870,全新日盛9A購01  ,0,0,0,0,0,0,0,0,0,33000,0,0,0,33000,0,33000,33000
061978,旺宏元大9C購01  ,0,0,0,0,0,0,0,0,0,33000,0,0,0,33000,0,33000,33000
062191,台郡元大9B購05  ,0,0,0,0,0,0,0,0,0,33000,0,0,0,44000,11000,33000,33000
062301,聯詠中信05購01  ,0,0,0,0,0,0,0,0,0,33000,0,0,0,33000,0,33000,33000
058738,FBVIX中信03購04 ,0,0,0,0,0,0,0,0,0,33000,0,0,0,38000,5000,33000,33000
058546,玉晶光富邦9B購01,0,0,0,0,0,0,0,0,0,33000,0,0,0,90000,57000,33000,33000
059732,超眾元大9A購01  ,0,0,0,0,0,0,0,0,0,33000,0,0,0,55000,22000,33000,33000
060892,超眾統一9C購01  ,0,0,0,0,0,0,0,0,0,33000,0,0,0,33000,0,33000,33000
059931,緯穎富邦9A購01  ,0,0,0,0,0,0,0,0,0,33000,0,0,0,33000,0,33000,33000
059613,泰鼎永豐99購02  ,0,0,0,0,0,0,0,0,0,33000,0,0,0,50000,17000,33000,33000
062606,聯電凱基9C購02  ,0,0,0,0,0,0,0,0,0,33000,0,0,0,263000,230000,33000,33000
062409,巨大永豐9B購02  ,0,0,0,0,0,0,0,0,0,33000,0,0,0,70000,37000,33000,33000
062437,廣達元大9B購01  ,0,0,0,0,0,0,0,0,0,33000,0,0,0,33000,0,33000,33000
063708,上銀凱基9B購06  ,0,0,0,0,0,0,0,0,0,33000,0,0,0,48000,15000,33000,33000
063221,京元電群益9B購02,0,0,0,0,0,0,0,0,0,33000,0,0,0,131000,98000,33000,33000
063929,高鐵統一02購01  ,0,0,0,0,0,0,0,0,0,33000,0,0,0,34000,1000,33000,33000
08117P,聯發科元富9B售04,0,0,0,0,0,0,0,0,0,32000,0,0,0,72000,40000,32000,32000
08367P,臺股指凱基9C售11,0,0,0,0,0,0,0,0,0,32000,0,0,0,49000,17000,32000,32000
065509,上銀群益9C購04  ,0,0,0,0,0,0,0,0,0,32000,0,0,0,67000,35000,32000,32000
065362,華通元大9C購06  ,0,0,0,0,0,0,0,0,0,32000,0,0,0,150000,118000,32000,32000
06928P,鴻海元大99售10  ,0,0,0,0,0,0,0,0,0,32000,0,0,0,32000,0,32000,32000
056551,台郡凱基98購04  ,0,0,0,0,0,0,0,0,0,32000,0,0,0,32000,0,32000,32000
057366,智邦元大98購08  ,0,0,0,0,0,0,0,0,0,32000,0,0,0,40000,8000,32000,32000
056168,鴻海元富97購07  ,0,0,0,0,0,0,0,0,0,32000,0,0,0,32000,0,32000,32000
057824,日月光元大98購01,0,0,0,0,0,0,0,0,0,32000,0,0,0,137000,105000,32000,32000
057059,易華電元大99購01,0,0,0,0,0,0,0,0,0,32000,0,0,0,32000,0,32000,32000
060398,立積國票9B購01  ,0,0,0,0,0,0,0,0,0,32000,0,0,0,32000,0,32000,32000
061205,旺宏元大9A購11  ,0,0,0,0,0,0,0,0,0,32000,0,0,0,32000,0,32000,32000
061690,旺宏群益9A購05  ,0,0,0,0,0,0,0,0,0,32000,0,0,0,39000,7000,32000,32000
061407,鴻海國票9A購07  ,0,0,0,0,0,0,0,0,0,32000,0,0,0,62000,30000,32000,32000
05952P,台積電國票97售06,0,0,0,0,0,0,0,0,0,32000,0,0,0,56000,24000,32000,32000
064498,可成元大01購03  ,0,0,0,0,0,0,0,0,0,32000,0,0,0,32000,0,32000,32000
6477,安集            ,49000,11000,38000,0,0,0,0,0,0,-6000,0,6000,-6000,0,0,0,32000
06889P,臺股指元大98售13,0,0,0,0,0,0,0,0,0,31000,0,0,0,31000,0,31000,31000
065140,國巨凱基01購02  ,0,0,0,0,0,0,0,0,0,31000,0,0,0,71000,40000,31000,31000
07939P,台積電統一9B售14,0,0,0,0,0,0,0,0,0,31000,0,0,0,31000,0,31000,31000
2402,毅嘉            ,157000,80000,77000,0,0,0,0,0,0,-46000,0,46000,-46000,0,0,0,31000
2387,精元            ,447000,408000,39000,0,0,0,0,0,0,-8000,6000,19000,-13000,5000,0,5000,31000
057121,立積康和98購01  ,0,0,0,0,0,0,0,0,0,31000,0,0,0,31000,0,31000,31000
058182,日電貿國泰9A購01,0,0,0,0,0,0,0,0,0,31000,0,0,0,36000,5000,31000,31000
057691,健策凱基99購01  ,0,0,0,0,0,0,0,0,0,31000,0,0,0,39000,8000,31000,31000
061476,大毅元大9A購02  ,0,0,0,0,0,0,0,0,0,31000,0,0,0,34000,3000,31000,31000
061020,超眾國票9A購02  ,0,0,0,0,0,0,0,0,0,31000,0,0,0,33000,2000,31000,31000
061638,國泰金元大9A購03,0,0,0,0,0,0,0,0,0,31000,0,0,0,31000,0,31000,31000
062044,健策凱基9B購02  ,0,0,0,0,0,0,0,0,0,31000,0,0,0,42000,11000,31000,31000
062184,奇鋐元大9B購02  ,0,0,0,0,0,0,0,0,0,31000,0,0,0,68000,37000,31000,31000
061987,大立光元大9B購03,0,0,0,0,0,0,0,0,0,31000,0,0,0,31000,0,31000,31000
061195,健策永豐9B購02  ,0,0,0,0,0,0,0,0,0,31000,0,0,0,40000,9000,31000,31000
060708,康友富邦9B購01  ,0,0,0,0,0,0,0,0,0,31000,0,0,0,68000,37000,31000,31000
060723,致新永豐9A購01  ,0,0,0,0,0,0,0,0,0,31000,0,0,0,41000,10000,31000,31000
063979,健鼎兆豐9C購01  ,0,0,0,0,0,0,0,0,0,31000,0,0,0,87000,56000,31000,31000
063683,大成鋼永豐9B購01,0,0,0,0,0,0,0,0,0,31000,0,0,0,68000,37000,31000,31000
063781,健策永豐9B購08  ,0,0,0,0,0,0,0,0,0,31000,0,0,0,36000,5000,31000,31000
063602,金像電凱基9B購04,0,0,0,0,0,0,0,0,0,31000,0,0,0,148000,117000,31000,31000
062881,緯創兆豐9C購01  ,0,0,0,0,0,0,0,0,0,31000,0,0,0,34000,3000,31000,31000
3653,健策            ,373000,222000,151000,0,0,0,14000,123000,-109000,-11000,6000,17000,-11000,27000,27000,0,31000
2413,環科            ,30000,0,30000,0,0,0,0,0,0,0,0,0,0,0,0,0,30000
1410,南染            ,30000,0,30000,0,0,0,0,0,0,0,0,0,0,0,0,0,30000
07955P,大成鋼群益9B售02,0,0,0,0,0,0,0,0,0,30000,0,0,0,30000,0,30000,30000
07979P,大立光凱基9B售05,0,0,0,0,0,0,0,0,0,30000,0,0,0,40000,10000,30000,30000
08221P,台表科凱基9B售05,0,0,0,0,0,0,0,0,0,30000,0,0,0,60000,30000,30000,30000
08261P,玉晶光元大9C售08,0,0,0,0,0,0,0,0,0,30000,0,0,0,30000,0,30000,30000
065477,健鼎元大9C購03  ,0,0,0,0,0,0,0,0,0,30000,0,0,0,30000,0,30000,30000
06750P,聯發科元富02售03,0,0,0,0,0,0,0,0,0,30000,0,0,0,50000,20000,30000,30000
07049P,聯發科中信99售03,0,0,0,0,0,0,0,0,0,30000,0,0,0,30000,0,30000,30000
07040P,台灣50元大9C售02,0,0,0,0,0,0,0,0,0,30000,0,0,0,40000,10000,30000,30000
07354P,臺股指國票99售22,0,0,0,0,0,0,0,0,0,30000,0,0,0,30000,0,30000,30000
07362P,聯發科元大99售35,0,0,0,0,0,0,0,0,0,30000,0,0,0,30000,0,30000,30000
07817P,同欣電群益9A售02,0,0,0,0,0,0,0,0,0,30000,0,0,0,30000,0,30000,30000
07750P,台表科凱基9A售04,0,0,0,0,0,0,0,0,0,30000,0,0,0,30000,0,30000,30000
056545,TPK凱基98購02   ,0,0,0,0,0,0,0,0,0,30000,0,0,0,30000,0,30000,30000
056763,國巨元大99購02  ,0,0,0,0,0,0,0,0,0,30000,0,0,0,74000,44000,30000,30000
056555,矽創凱基98購01  ,0,0,0,0,0,0,0,0,0,30000,0,0,0,80000,50000,30000,30000
056268,新日興統一97購01,0,0,0,0,0,0,0,0,0,30000,0,0,0,178000,148000,30000,30000
056621,宏達電永豐98購01,0,0,0,0,0,0,0,0,0,30000,0,0,0,30000,0,30000,30000
056657,華邦電元大99購01,0,0,0,0,0,0,0,0,0,30000,0,0,0,30000,0,30000,30000
056214,義隆國票99購01  ,0,0,0,0,0,0,0,0,0,30000,0,0,0,33000,3000,30000,30000
057198,智伸科統一9B購01,0,0,0,0,0,0,0,0,0,30000,0,0,0,40000,10000,30000,30000
057899,台積電永豐98購04,0,0,0,0,0,0,0,0,0,30000,0,0,0,30000,0,30000,30000
057922,華新科凱基99購01,0,0,0,0,0,0,0,0,0,30000,0,0,0,30000,0,30000,30000
058078,景碩國票99購01  ,0,0,0,0,0,0,0,0,0,30000,0,0,0,44000,14000,30000,30000
055331,國巨兆豐99購01  ,0,0,0,0,0,0,0,0,0,30000,0,0,0,158000,128000,30000,30000
055244,國巨統一98購01  ,0,0,0,0,0,0,0,0,0,30000,0,0,0,32000,2000,30000,30000
055036,中工富邦9B購01  ,0,0,0,0,0,0,0,0,0,30000,0,0,0,30000,0,30000,30000
054556,世芯凱基99購01  ,0,0,0,0,0,0,0,0,0,30000,0,0,0,71000,41000,30000,30000
054366,和大中信98購01  ,0,0,0,0,0,0,0,0,0,30000,0,0,0,30000,0,30000,30000
055426,旺宏群益99購02  ,0,0,0,0,0,0,0,0,0,30000,0,0,0,30000,0,30000,30000
056133,可成元大97購05  ,0,0,0,0,0,0,0,0,0,30000,0,0,0,118000,88000,30000,30000
052684,旺宏元大98購01  ,0,0,0,0,0,0,0,0,0,30000,0,0,0,30000,0,30000,30000
052961,國巨凱基97購02  ,0,0,0,0,0,0,0,0,0,30000,0,0,0,30000,0,30000,30000
053291,旺宏中信9A購01  ,50000,0,50000,0,0,0,0,0,0,-20000,0,0,0,0,20000,-20000,30000
053855,康友國泰98購01  ,0,0,0,0,0,0,0,0,0,30000,0,0,0,30000,0,30000,30000
056084,漢唐統一97購03  ,0,0,0,0,0,0,0,0,0,30000,0,0,0,30000,0,30000,30000
053782,京元電元大98購02,0,0,0,0,0,0,0,0,0,30000,0,0,0,180000,150000,30000,30000
051432,群創元富99購03  ,0,0,0,0,0,0,0,0,0,30000,0,0,0,40000,10000,30000,30000
050842,旺宏國票97購01  ,0,0,0,0,0,0,0,0,0,30000,0,0,0,30000,0,30000,30000
052619,茂林國泰99購01  ,0,0,0,0,0,0,0,0,0,30000,0,0,0,30000,0,30000,30000
060707,台郡富邦9A購01  ,0,0,0,0,0,0,0,0,0,30000,0,0,0,80000,50000,30000,30000
060419,漢翔永豐9A購01  ,0,0,0,0,0,0,0,0,0,30000,0,0,0,30000,0,30000,30000
060861,漢唐永豐9A購01  ,0,0,0,0,0,0,0,0,0,30000,0,0,0,30000,0,30000,30000
059664,立積元大9C購01  ,0,0,0,0,0,0,0,0,0,30000,0,0,0,30000,0,30000,30000
059236,鴻海凱基99購09  ,0,0,0,0,0,0,0,0,0,30000,0,0,0,45000,15000,30000,30000
060307,南港永豐9A購01  ,0,0,0,0,0,0,0,0,0,30000,0,0,0,30000,0,30000,30000
058861,國巨凱基9A購08  ,0,0,0,0,0,0,0,0,0,30000,0,0,0,32000,2000,30000,30000
058504,台積電元大99購07,0,0,0,0,0,0,0,0,0,30000,0,0,0,47000,17000,30000,30000
061995,超眾元大01購01  ,0,0,0,0,0,0,0,0,0,30000,0,0,0,79000,49000,30000,30000
062316,康控凱基9B購03  ,0,0,0,0,0,0,0,0,0,30000,0,0,0,30000,0,30000,30000
061709,SP黃豆凱基01購02,0,0,0,0,0,0,0,0,0,30000,0,0,0,50000,20000,30000,30000
061628,緯穎群益9A購04  ,0,0,0,0,0,0,0,0,0,30000,0,0,0,40000,10000,30000,30000
059288,旺宏元富99購03  ,0,0,0,0,0,0,0,0,0,30000,0,0,0,40000,10000,30000,30000
060646,南電永豐9A購01  ,0,0,0,0,0,0,0,0,0,30000,0,0,0,56000,26000,30000,30000
060699,華新科國泰9B購03,0,0,0,0,0,0,0,0,0,30000,0,0,0,30000,0,30000,30000
060548,友達凱基9B購03  ,0,0,0,0,0,0,0,0,0,30000,0,0,0,30000,0,30000,30000
059434,全新元大99購05  ,0,0,0,0,0,0,0,0,0,30000,0,0,0,32000,2000,30000,30000
062949,聯發科富邦01購01,0,0,0,0,0,0,0,0,0,30000,0,0,0,30000,0,30000,30000
063107,矽創群益9B購01  ,0,0,0,0,0,0,0,0,0,30000,0,0,0,40000,10000,30000,30000
063021,大立光元大9C購05,0,0,0,0,0,0,0,0,0,30000,0,0,0,45000,15000,30000,30000
063050,葡萄王統一01購01,0,0,0,0,0,0,0,0,0,30000,0,0,0,70000,40000,30000,30000
062414,臻鼎中信01購01  ,0,0,0,0,0,0,0,0,0,30000,0,0,0,41000,11000,30000,30000
062496,矽創中信9B購01  ,0,0,0,0,0,0,0,0,0,30000,0,0,0,130000,100000,30000,30000
062464,T50反1凱基9C購03,0,0,0,0,0,0,0,0,0,30000,0,0,0,40000,10000,30000,30000
062611,台灣50元大9B購18,0,0,0,0,0,0,0,0,0,30000,0,0,0,30000,0,30000,30000
062674,百和中信03購01  ,0,0,0,0,0,0,0,0,0,30000,0,0,0,45000,15000,30000,30000
062702,可成元大9C購01  ,0,0,0,0,0,0,0,0,0,30000,0,0,0,98000,68000,30000,30000
063796,鴻海凱基9C購02  ,0,0,0,0,0,0,0,0,0,30000,0,0,0,197000,167000,30000,30000
063243,聯發科元大9B購20,0,0,0,0,0,0,0,0,0,30000,0,0,0,30000,0,30000,30000
063426,茂林凱基9B購03  ,0,0,0,0,0,0,0,0,0,30000,0,0,0,60000,30000,30000,30000
063982,TPK兆豐9C購01   ,0,0,0,0,0,0,0,0,0,30000,0,0,0,30000,0,30000,30000
064017,道瓊反元大9C購03,0,0,0,0,0,0,0,0,0,30000,0,0,0,30000,0,30000,30000
063907,華通凱基9C購03  ,0,0,0,0,0,0,0,0,0,30000,0,0,0,31000,1000,30000,30000
063910,漢唐凱基9C購01  ,0,0,0,0,0,0,0,0,0,30000,0,0,0,30000,0,30000,30000
064198,超眾群益9C購01  ,0,0,0,0,0,0,0,0,0,30000,0,0,0,40000,10000,30000,30000
064748,力成國票01購01  ,0,0,0,0,0,0,0,0,0,30000,0,0,0,68000,38000,30000,30000
064605,GIS元富9C購01   ,0,0,0,0,0,0,0,0,0,30000,0,0,0,60000,30000,30000,30000
064677,金像電兆豐9C購01,0,0,0,0,0,0,0,0,0,30000,0,0,0,40000,10000,30000,30000
065455,金寶元富9C購01  ,0,0,0,0,0,0,0,0,0,29000,0,0,0,29000,0,29000,29000
065390,達新群益9C購02  ,0,0,0,0,0,0,0,0,0,29000,0,0,0,29000,0,29000,29000
08211P,台表科元富9B售03,0,0,0,0,0,0,0,0,0,29000,0,0,0,188000,159000,29000,29000
08201P,祥碩元大9B售09  ,0,0,0,0,0,0,0,0,0,29000,0,0,0,45000,16000,29000,29000
08007P,國泰金中信03售02,0,0,0,0,0,0,0,0,0,29000,0,0,0,29000,0,29000,29000
08088P,義隆凱基9B售03  ,0,0,0,0,0,0,0,0,0,29000,0,0,0,29000,0,29000,29000
00661,元大日經225     ,0,0,0,0,0,0,0,0,0,29000,0,0,0,30000,1000,29000,29000
054542,台表科國票98購01,0,0,0,0,0,0,0,0,0,29000,0,0,0,36000,7000,29000,29000
06188P,大立光元富97售01,0,0,0,0,0,0,0,0,0,29000,0,0,0,29000,0,29000,29000
057283,欣興元大98購07  ,0,0,0,0,0,0,0,0,0,29000,0,0,0,29000,0,29000,29000
057287,彩晶元大9C購03  ,0,0,0,0,0,0,0,0,0,29000,0,0,0,30000,1000,29000,29000
056209,超眾永豐97購02  ,0,0,0,0,0,0,0,0,0,29000,0,0,0,90000,61000,29000,29000
058274,世紀鋼永豐99購01,0,0,0,0,0,0,0,0,0,29000,0,0,0,30000,1000,29000,29000
062353,亞德客元大9B購01,0,0,0,0,0,0,0,0,0,29000,0,0,0,99000,70000,29000,29000
061971,力山元大9C購02  ,0,0,0,0,0,0,0,0,0,29000,0,0,0,49000,20000,29000,29000
060387,盛群凱基9A購01  ,0,0,0,0,0,0,0,0,0,29000,0,0,0,100000,71000,29000,29000
059544,創意亞東99購01  ,0,0,0,0,0,0,0,0,0,29000,0,0,0,53000,24000,29000,29000
061339,京元電元大9A購05,0,0,0,0,0,0,0,0,0,29000,0,0,0,101000,72000,29000,29000
065063,玉晶光群益02購04,0,0,0,0,0,0,0,0,0,29000,0,0,0,57000,28000,29000,29000
065036,世芯統一02購02  ,0,0,0,0,0,0,0,0,0,29000,0,0,0,173000,144000,29000,29000
064833,新光金統一02購01,0,0,0,0,0,0,0,0,0,29000,0,0,0,29000,0,29000,29000
064344,緯創元大9C購01  ,0,0,0,0,0,0,0,0,0,29000,0,0,0,29000,0,29000,29000
063988,華通永豐9C購01  ,0,0,0,0,0,0,0,0,0,29000,0,0,0,45000,16000,29000,29000
064106,國巨兆豐9C購04  ,0,0,0,0,0,0,0,0,0,29000,0,0,0,31000,2000,29000,29000
063231,台泥元大9B購01  ,0,0,0,0,0,0,0,0,0,29000,0,0,0,66000,37000,29000,29000
063205,貿聯統一9C購01  ,0,0,0,0,0,0,0,0,0,29000,0,0,0,29000,0,29000,29000
062537,聯電國泰9C購01  ,0,0,0,0,0,0,0,0,0,29000,0,0,0,234000,205000,29000,29000
062911,聯詠元大9B購03  ,0,0,0,0,0,0,0,0,0,29000,0,0,0,29000,0,29000,29000
08002P,大毅國票9B售03  ,0,0,0,0,0,0,0,0,0,28000,0,0,0,28000,0,28000,28000
08250P,GIS群益9C售02   ,0,0,0,0,0,0,0,0,0,28000,0,0,0,31000,3000,28000,28000
08340P,聯發科元富9C售01,0,0,0,0,0,0,0,0,0,28000,0,0,0,80000,52000,28000,28000
065505,健鼎永豐9C購01  ,0,0,0,0,0,0,0,0,0,28000,0,0,0,28000,0,28000,28000
07402P,瑞昱凱基99售02  ,0,0,0,0,0,0,0,0,0,28000,0,0,0,34000,6000,28000,28000
07551P,國巨元大9A售10  ,0,0,0,0,0,0,0,0,0,28000,0,0,0,28000,0,28000,28000
07084P,S&P正2元富9B售02,0,0,0,0,0,0,0,0,0,28000,0,0,0,28000,0,28000,28000
07191P,台積電元大99售32,0,0,0,0,0,0,0,0,0,28000,0,0,0,34000,6000,28000,28000
07265P,大立光元大99售16,0,0,0,0,0,0,0,0,0,28000,0,0,0,48000,20000,28000,28000
06908P,健策國泰99售02  ,0,0,0,0,0,0,0,0,0,28000,0,0,0,83000,55000,28000,28000
056479,玉晶光元大99購05,0,0,0,0,0,0,0,0,0,28000,0,0,0,40000,12000,28000,28000
057941,聯電國票99購01  ,0,0,0,0,0,0,0,0,0,28000,0,0,0,38000,10000,28000,28000
060718,中磊永豐9A購01  ,0,0,0,0,0,0,0,0,0,28000,0,0,0,90000,62000,28000,28000
061569,旺宏元大9A購14  ,0,0,0,0,0,0,0,0,0,28000,0,0,0,28000,0,28000,28000
062250,台積電元大9B購02,0,0,0,0,0,0,0,0,0,28000,0,0,0,28000,0,28000,28000
061693,華新科群益9B購02,0,0,0,0,0,0,0,0,0,28000,0,0,0,40000,12000,28000,28000
061680,崇越元大9A購01  ,0,0,0,0,0,0,0,0,0,28000,0,0,0,86000,58000,28000,28000
058598,T50反1元大99購04,0,0,0,0,0,0,0,0,0,28000,0,0,0,133000,105000,28000,28000
058711,鴻海統一9A購02  ,0,0,0,0,0,0,0,0,0,28000,0,0,0,70000,42000,28000,28000
063468,聯詠元大9B購04  ,0,0,0,0,0,0,0,0,0,28000,0,0,0,68000,40000,28000,28000
064493,南亞科元大9C購01,0,0,0,0,0,0,0,0,0,28000,0,0,0,49000,21000,28000,28000
064504,玉晶光元大01購02,0,0,0,0,0,0,0,0,0,28000,0,0,0,33000,5000,28000,28000
064510,GIS元大01購01   ,0,0,0,0,0,0,0,0,0,28000,0,0,0,50000,22000,28000,28000
064591,臻鼎永豐9C購01  ,0,0,0,0,0,0,0,0,0,28000,0,0,0,41000,13000,28000,28000
4572,駐龍            ,54000,26000,28000,0,0,0,0,0,0,0,0,0,0,0,0,0,28000
06693P,臺股指凱基98售01,0,0,0,0,0,0,0,0,0,27000,0,0,0,62000,35000,27000,27000
07976P,聯發科群益9C售02,0,0,0,0,0,0,0,0,0,27000,0,0,0,240000,213000,27000,27000
057709,電子類群益98購01,0,0,0,0,0,0,0,0,0,27000,0,0,0,77000,50000,27000,27000
057816,欣興元大98購13  ,0,0,0,0,0,0,0,0,0,27000,0,0,0,115000,88000,27000,27000
061822,和潤群益9B購01  ,0,0,0,0,0,0,0,0,0,27000,0,0,0,30000,3000,27000,27000
056506,晶豪科永豐98購02,0,0,0,0,0,0,0,0,0,27000,0,0,0,42000,15000,27000,27000
056581,超眾元大99購01  ,0,0,0,0,0,0,0,0,0,27000,0,0,0,44000,17000,27000,27000
03433B,臺股指元大9C熊01,0,0,0,0,0,0,0,0,0,27000,0,0,0,42000,15000,27000,27000
055820,矽力國票98購02  ,0,0,0,0,0,0,0,0,0,27000,0,0,0,30000,3000,27000,27000
062151,世紀鋼國票01購01,0,0,0,0,0,0,0,0,0,27000,0,0,0,27000,0,27000,27000
058314,欣興富邦9B購01  ,0,0,0,0,0,0,0,0,0,27000,0,0,0,27000,0,27000,27000
059516,TPK永豐99購01   ,0,0,0,0,0,0,0,0,0,27000,0,0,0,27000,0,27000,27000
061199,道瓊反元大9A購05,0,0,0,0,0,0,0,0,0,27000,0,0,0,27000,0,27000,27000
060033,臻鼎永豐99購01  ,0,0,0,0,0,0,0,0,0,27000,0,0,0,64000,37000,27000,27000
060406,瑞祺國泰9B購01  ,0,0,0,0,0,0,0,0,0,27000,0,0,0,31000,4000,27000,27000
063872,嘉聯益永豐9C購01,0,0,0,0,0,0,0,0,0,27000,0,0,0,101000,74000,27000,27000
06433P,大立光群益99售01,0,0,0,0,0,0,0,0,0,27000,0,0,0,27000,0,27000,27000
063230,緯穎群益9B購02  ,0,0,0,0,0,0,0,0,0,27000,0,0,0,39000,12000,27000,27000
063245,富邦金元大9B購03,0,0,0,0,0,0,0,0,0,27000,0,0,0,69000,42000,27000,27000
06294P,臺股指國票97售08,0,0,0,0,0,0,0,0,0,27000,0,0,0,45000,18000,27000,27000
3010,華立            ,82000,51000,31000,0,0,0,0,0,0,-5000,0,5000,-5000,0,0,0,26000
06603P,立積統一99售01  ,0,0,0,0,0,0,0,0,0,26000,0,0,0,26000,0,26000,26000
065446,宏達電統一9C購02,0,0,0,0,0,0,0,0,0,26000,0,0,0,26000,0,26000,26000
06794P,臺股指凱基98售04,0,0,0,0,0,0,0,0,0,26000,0,0,0,31000,5000,26000,26000
06861P,台積電國票99售08,0,0,0,0,0,0,0,0,0,26000,0,0,0,26000,0,26000,26000
055525,國巨群益98購05  ,0,0,0,0,0,0,0,0,0,26000,0,0,0,67000,41000,26000,26000
055585,國巨元大98購08  ,0,0,0,0,0,0,0,0,0,26000,0,0,0,28000,2000,26000,26000
054737,京元電凱基99購01,0,0,0,0,0,0,0,0,0,26000,0,0,0,26000,0,26000,26000
057112,立積群益99購01  ,0,0,0,0,0,0,0,0,0,26000,0,0,0,198000,172000,26000,26000
056345,嘉聯益凱基99購01,0,0,0,0,0,0,0,0,0,26000,0,0,0,55000,29000,26000,26000
057388,奇鋐永豐98購02  ,0,0,0,0,0,0,0,0,0,26000,0,0,0,49000,23000,26000,26000
057558,致新凱基98購01  ,0,0,0,0,0,0,0,0,0,26000,0,0,0,27000,1000,26000,26000
059993,上銀元富99購01  ,0,0,0,0,0,0,0,0,0,26000,0,0,0,26000,0,26000,26000
059850,日電貿永豐99購01,0,0,0,0,0,0,0,0,0,26000,0,0,0,26000,0,26000,26000
060709,緯穎富邦9B購01  ,0,0,0,0,0,0,0,0,0,26000,0,0,0,30000,4000,26000,26000
059121,瑞儀永豐99購01  ,0,0,0,0,0,0,0,0,0,26000,0,0,0,30000,4000,26000,26000
058829,華新科永豐99購04,0,0,0,0,0,0,0,0,0,26000,0,0,0,31000,5000,26000,26000
060499,鴻海元大9A購11  ,0,0,0,0,0,0,0,0,0,26000,0,0,0,27000,1000,26000,26000
062777,鴻海元大9C購03  ,0,0,0,0,0,0,0,0,0,26000,0,0,0,134000,108000,26000,26000
062532,聯詠統一9C購01  ,0,0,0,0,0,0,0,0,0,26000,0,0,0,127000,101000,26000,26000
062453,聚陽群益9C購01  ,0,0,0,0,0,0,0,0,0,26000,0,0,0,28000,2000,26000,26000
062669,微星中信03購01  ,0,0,0,0,0,0,0,0,0,26000,0,0,0,29000,3000,26000,26000
062636,聯鈞國票9B購01  ,0,0,0,0,0,0,0,0,0,26000,0,0,0,86000,60000,26000,26000
063270,喬山兆豐9C購01  ,0,0,0,0,0,0,0,0,0,26000,0,0,0,49000,23000,26000,26000
06437P,玉晶光國票99售01,0,0,0,0,0,0,0,0,0,26000,0,0,0,26000,0,26000,26000
064242,TPK統一02購01   ,0,0,0,0,0,0,0,0,0,26000,0,0,0,26000,0,26000,26000
064526,臺股指群益9C購11,0,0,0,0,0,0,0,0,0,26000,0,0,0,26000,0,26000,26000
064499,可成元大9C購07  ,0,0,0,0,0,0,0,0,0,26000,0,0,0,46000,20000,26000,26000
064461,致伸統一01購01  ,0,0,0,0,0,0,0,0,0,26000,0,0,0,68000,42000,26000,26000
064777,南亞科群益9C購01,0,0,0,0,0,0,0,0,0,26000,0,0,0,50000,24000,26000,26000
064906,台表科群益9C購02,0,0,0,0,0,0,0,0,0,26000,0,0,0,26000,0,26000,26000
064902,健策群益01購03  ,0,0,0,0,0,0,0,0,0,26000,0,0,0,115000,89000,26000,26000
064861,緯創富邦9C購01  ,0,0,0,0,0,0,0,0,0,26000,0,0,0,27000,1000,26000,26000
06761P,台積電元大99售05,0,0,0,0,0,0,0,0,0,25000,0,0,0,25000,0,25000,25000
06900P,FBVIX國票12售01 ,0,0,0,0,0,0,0,0,0,25000,0,0,0,25000,0,25000,25000
06919P,臺股指日盛98售02,0,0,0,0,0,0,0,0,0,25000,0,0,0,45000,20000,25000,25000
07217P,大立光凱基9A售05,0,0,0,0,0,0,0,0,0,25000,0,0,0,40000,15000,25000,25000
07786P,南電中信9C售01  ,0,0,0,0,0,0,0,0,0,25000,0,0,0,30000,5000,25000,25000
065442,健鼎麥證9C購01  ,0,0,0,25000,0,25000,0,0,0,25000,0,0,0,25000,0,25000,25000
06582P,可成凱基98售06  ,0,0,0,0,0,0,0,0,0,25000,0,0,0,50000,25000,25000,25000
065268,嘉澤元大9C購02  ,0,0,0,0,0,0,0,0,0,25000,0,0,0,58000,33000,25000,25000
1808,潤隆            ,78000,53000,25000,0,0,0,0,0,0,0,0,0,0,0,0,0,25000
057840,健策富邦99購01  ,0,0,0,0,0,0,0,0,0,25000,0,0,0,45000,20000,25000,25000
057343,道瓊反統一9A購01,0,0,0,0,0,0,0,0,0,25000,0,0,0,25000,0,25000,25000
055053,瑞昱永豐97購01  ,0,0,0,0,0,0,0,0,0,25000,0,0,0,25000,0,25000,25000
055311,健策群益98購02  ,0,0,0,0,0,0,0,0,0,25000,0,0,0,27000,2000,25000,25000
053153,大立光元大99購02,0,0,0,0,0,0,0,0,0,25000,0,0,0,228000,203000,25000,25000
052699,友達國票97購01  ,0,0,0,0,0,0,0,0,0,25000,0,0,0,235000,210000,25000,25000
052775,滬深2X國票99購02,0,0,0,0,0,0,0,0,0,25000,0,0,0,95000,70000,25000,25000
058321,大立光永豐99購01,0,0,0,0,0,0,0,0,0,25000,0,0,0,35000,10000,25000,25000
062035,瑞祺群益9B購01  ,0,0,0,0,0,0,0,0,0,25000,0,0,0,69000,44000,25000,25000
058746,華通凱基9A購02  ,0,0,0,0,0,0,0,0,0,25000,0,0,0,31000,6000,25000,25000
058503,鴻海元大99購14  ,0,0,0,0,0,0,0,0,0,25000,0,0,0,181000,156000,25000,25000
058429,欣興元富99購01  ,0,0,0,0,0,0,0,0,0,25000,0,0,0,39000,14000,25000,25000
061253,臺股指群益9A購04,0,0,0,0,0,0,0,0,0,25000,0,0,0,45000,20000,25000,25000
059821,美律凱基99購08  ,0,0,0,0,0,0,0,0,0,25000,0,0,0,25000,0,25000,25000
059166,友達凱基99購05  ,0,0,0,0,0,0,0,0,0,25000,0,0,0,25000,0,25000,25000
060020,康控康和99購01  ,0,0,0,0,0,0,0,0,0,25000,0,0,0,81000,56000,25000,25000
064935,寶成統一02購02  ,0,0,0,0,0,0,0,0,0,25000,0,0,0,25000,0,25000,25000
06497P,大立光凱基98售11,0,0,0,0,0,0,0,0,0,25000,0,0,0,35000,10000,25000,25000
06445P,大立光凱基98售09,0,0,0,0,0,0,0,0,0,25000,0,0,0,35000,10000,25000,25000
064601,嘉晶元富9C購03  ,0,0,0,0,0,0,0,0,0,25000,0,0,0,25000,0,25000,25000
064738,裕隆國票01購01  ,0,0,0,0,0,0,0,0,0,25000,0,0,0,25000,0,25000,25000
063915,祥碩凱基01購01  ,0,0,0,0,0,0,0,0,0,25000,0,0,0,170000,145000,25000,25000
063236,旺宏元大9B購07  ,0,0,0,0,0,0,0,0,0,25000,0,0,0,60000,35000,25000,25000
062588,國巨統一9B購14  ,0,0,0,0,0,0,0,0,0,25000,0,0,0,25000,0,25000,25000
062744,超眾國泰9C購01  ,0,0,0,0,0,0,0,0,0,25000,0,0,0,30000,5000,25000,25000
062994,祥碩群益9B購05  ,0,0,0,0,0,0,0,0,0,25000,0,0,0,46000,21000,25000,25000
1517,利奇            ,79000,41000,38000,0,0,0,0,0,0,-14000,0,14000,-14000,0,0,0,24000
3504,揚明光          ,137000,86000,51000,0,0,0,0,0,0,-27000,1000,31000,-30000,3000,0,3000,24000
08145P,台灣50群益9B售11,0,0,0,0,0,0,0,0,0,24000,0,0,0,26000,2000,24000,24000
08513P,聯發科凱基9C售08,0,0,0,0,0,0,0,0,0,24000,0,0,0,34000,10000,24000,24000
07044P,台積電元大99售13,0,0,0,0,0,0,0,0,0,24000,0,0,0,224000,200000,24000,24000
03603P,群創凱基98售04  ,0,0,0,0,0,0,0,0,0,24000,0,0,0,24000,0,24000,24000
02001L,富邦蘋果正二N   ,0,0,0,0,0,0,0,0,0,24000,0,0,0,25000,1000,24000,24000
055989,矽力元富9A購01  ,0,0,0,0,0,0,0,0,0,24000,0,0,0,24000,0,24000,24000
057805,華通元大98購06  ,0,0,0,0,0,0,0,0,0,24000,0,0,0,33000,9000,24000,24000
056377,智伸科統一9A購01,0,0,0,0,0,0,0,0,0,24000,0,0,0,24000,0,24000,24000
057470,易華電永豐98購02,0,0,0,0,0,0,0,0,0,24000,0,0,0,24000,0,24000,24000
061801,祥碩永豐9B購01  ,0,0,0,0,0,0,0,0,0,24000,0,0,0,24000,0,24000,24000
06119P,大立光凱基98售04,0,0,0,0,0,0,0,0,0,24000,0,0,0,50000,26000,24000,24000
061214,華擎元大9A購04  ,0,0,0,0,0,0,0,0,0,24000,0,0,0,24000,0,24000,24000
059078,FBVIX元大99購06 ,0,0,0,0,0,0,0,0,0,24000,0,0,0,24000,0,24000,24000
060566,聯詠富邦9C購01  ,0,0,0,0,0,0,0,0,0,24000,0,0,0,24000,0,24000,24000
060606,玉晶光凱基9A購05,0,0,0,0,0,0,0,0,0,24000,0,0,0,24000,0,24000,24000
063034,致茂凱基9B購01  ,0,0,0,0,0,0,0,0,0,24000,0,0,0,69000,45000,24000,24000
064952,國泰金凱基9C購01,0,0,0,0,0,0,0,0,0,24000,0,0,0,50000,26000,24000,24000
065033,和碩兆豐9C購01  ,0,0,0,0,0,0,0,0,0,24000,0,0,0,280000,256000,24000,24000
065217,世芯國泰02購01  ,0,0,0,0,0,0,0,0,0,23000,0,0,0,33000,10000,23000,23000
08332P,智邦台新9C售03  ,0,0,0,0,0,0,0,0,0,23000,0,0,0,23000,0,23000,23000
08127P,聯發科元大9B售21,0,0,0,0,0,0,0,0,0,23000,0,0,0,48000,25000,23000,23000
08087P,聯發科凱基9B售12,0,0,0,0,0,0,0,0,0,23000,0,0,0,23000,0,23000,23000
3004,豐達科          ,51000,28000,23000,0,0,0,0,0,0,0,0,0,0,0,0,0,23000
060155,友訊永豐9A購01  ,0,0,0,0,0,0,0,0,0,23000,0,0,0,73000,50000,23000,23000
056535,全新凱基99購02  ,0,0,0,0,0,0,0,0,0,23000,0,0,0,23000,0,23000,23000
00685L,群益臺灣加權正2 ,0,0,0,0,0,0,0,0,0,23000,0,0,0,26000,3000,23000,23000
055327,致新國票98購01  ,0,0,0,0,0,0,0,0,0,23000,0,0,0,23000,0,23000,23000
060547,瑞昱凱基9A購01  ,0,0,0,0,0,0,0,0,0,23000,0,0,0,23000,0,23000,23000
058249,緯穎元大99購04  ,0,0,0,0,0,0,0,0,0,23000,0,0,0,67000,44000,23000,23000
058567,華新科凱基9A購02,0,0,0,0,0,0,0,0,0,23000,0,0,0,73000,50000,23000,23000
062263,康控元大9B購03  ,0,0,0,0,0,0,0,0,0,23000,0,0,0,23000,0,23000,23000
061174,鴻海凱基9A購23  ,0,0,0,0,0,0,0,0,0,23000,0,0,0,44000,21000,23000,23000
064497,可成元大01購02  ,0,0,0,0,0,0,0,0,0,23000,0,0,0,36000,13000,23000,23000
063628,華通元大9B購09  ,0,0,0,0,0,0,0,0,0,23000,0,0,0,113000,90000,23000,23000
2374,佳能            ,43000,60000,-17000,0,0,0,39000,0,39000,0,0,0,0,0,0,0,22000
08173P,金像電凱基9B售02,0,0,0,0,0,0,0,0,0,22000,0,0,0,52000,30000,22000,22000
07060P,台表科國票9A售01,0,0,0,0,0,0,0,0,0,22000,0,0,0,22000,0,22000,22000
07058P,台積電凱基9A售07,0,0,0,0,0,0,0,0,0,22000,0,0,0,52000,30000,22000,22000
0061,元大寶滬深      ,0,31000,-31000,0,0,0,0,0,0,53000,0,0,0,88000,35000,53000,22000
056095,臻鼎元富9A購01  ,0,0,0,0,0,0,0,0,0,22000,0,0,0,73000,51000,22000,22000
055889,鴻海統一97購05  ,0,0,0,0,0,0,0,0,0,22000,0,0,0,67000,45000,22000,22000
056171,鴻海元富97購10  ,0,0,0,0,0,0,0,0,0,22000,0,0,0,22000,0,22000,22000
060144,全新國票9B購01  ,0,0,0,0,0,0,0,0,0,22000,0,0,0,94000,72000,22000,22000
061771,玉晶光元大9C購04,0,0,0,0,0,0,0,0,0,22000,0,0,0,61000,39000,22000,22000
058980,鴻海凱基99購06  ,0,0,0,0,0,0,0,0,0,22000,0,0,0,102000,80000,22000,22000
060333,金寶康和9A購01  ,0,0,0,0,0,0,0,0,0,22000,0,0,0,22000,0,22000,22000
058874,聯鈞國票9A購01  ,0,0,0,0,0,0,0,0,0,22000,0,0,0,62000,40000,22000,22000
059853,超眾永豐99購03  ,0,0,0,0,0,0,0,0,0,22000,0,0,0,22000,0,22000,22000
058218,緯穎群益99購01  ,0,0,0,0,0,0,0,0,0,22000,0,0,0,22000,0,22000,22000
060825,聯詠元大9A購05  ,0,0,0,0,0,0,0,0,0,22000,0,0,0,47000,25000,22000,22000
062376,中租元大9B購02  ,0,0,0,0,0,0,0,0,0,22000,0,0,0,53000,31000,22000,22000
058723,元石油國泰9A購01,0,0,0,0,0,0,0,0,0,22000,0,0,0,22000,0,22000,22000
062070,金寶元大9B購01  ,0,0,0,0,0,0,0,0,0,22000,0,0,0,22000,0,22000,22000
061433,華通麥證9A購03  ,0,0,0,60000,38000,22000,0,0,0,22000,0,0,0,60000,38000,22000,22000
063085,嘉澤凱基9C購01  ,0,0,0,0,0,0,0,0,0,22000,0,0,0,36000,14000,22000,22000
062802,宏達電統一9B購01,0,0,0,0,0,0,0,0,0,22000,0,0,0,22000,0,22000,22000
062722,京元電凱基9B購02,0,0,0,0,0,0,0,0,0,22000,0,0,0,90000,68000,22000,22000
062696,國巨元大9B購16  ,0,0,0,0,0,0,0,0,0,22000,0,0,0,23000,1000,22000,22000
064720,長榮航統一02購01,0,0,0,0,0,0,0,0,0,22000,0,0,0,48000,26000,22000,22000
064978,群創元大9C購07  ,0,0,0,0,0,0,0,0,0,22000,0,0,0,51000,29000,22000,22000
063932,世芯統一01購01  ,0,0,0,0,0,0,0,0,0,22000,0,0,0,331000,309000,22000,22000
063822,聯發科麥證01購01,0,0,0,22000,0,22000,0,0,0,22000,0,0,0,22000,0,22000,22000
064288,瀚宇博元大9C購02,0,0,0,0,0,0,0,0,0,22000,0,0,0,63000,41000,22000,22000
07013P,玉晶光群益9A售06,0,0,0,0,0,0,0,0,0,21000,0,0,0,26000,5000,21000,21000
07799P,南電國票9A售04  ,0,0,0,0,0,0,0,0,0,21000,0,0,0,21000,0,21000,21000
07358P,鴻海元大99售39  ,0,0,0,0,0,0,0,0,0,21000,0,0,0,141000,120000,21000,21000
08058P,華新科元大9B售10,0,0,0,0,0,0,0,0,0,21000,0,0,0,58000,37000,21000,21000
08027P,嘉晶元大9B售03  ,0,0,0,0,0,0,0,0,0,21000,0,0,0,128000,107000,21000,21000
08030P,臺股指元大9B售37,0,0,0,0,0,0,0,0,0,21000,0,0,0,21000,0,21000,21000
08351P,南六國票01售02  ,0,0,0,0,0,0,0,0,0,21000,0,0,0,21000,0,21000,21000
056429,華通凱基98購02  ,0,0,0,0,0,0,0,0,0,21000,0,0,0,59000,38000,21000,21000
057848,台表科永豐98購02,0,0,0,0,0,0,0,0,0,21000,0,0,0,21000,0,21000,21000
057211,鴻海群益98購05  ,0,0,0,0,0,0,0,0,0,21000,0,0,0,40000,19000,21000,21000
057243,樺漢凱基99購01  ,0,0,0,0,0,0,0,0,0,21000,0,0,0,21000,0,21000,21000
057383,玉晶光富邦9A購01,0,0,0,0,0,0,0,0,0,21000,0,0,0,26000,5000,21000,21000
053502,智伸科兆豐97購01,0,0,0,0,0,0,0,0,0,21000,0,0,0,21000,0,21000,21000
058070,華新科凱基98購07,0,0,0,0,0,0,0,0,0,21000,0,0,0,21000,0,21000,21000
058091,欣興元大99購03  ,0,0,0,0,0,0,0,0,0,21000,0,0,0,61000,40000,21000,21000
055571,鴻海統一97購03  ,0,0,0,0,0,0,0,0,0,21000,0,0,0,21000,0,21000,21000
054916,聯發科凱基98購04,0,0,0,0,0,0,0,0,0,21000,0,0,0,21000,0,21000,21000
054310,牧德凱基98購01  ,0,0,0,0,0,0,0,0,0,21000,0,0,0,21000,0,21000,21000
059349,台郡凱基99購04  ,0,0,0,0,0,0,0,0,0,21000,0,0,0,21000,0,21000,21000
060630,國巨富邦9C購03  ,0,0,0,0,0,0,0,0,0,21000,0,0,0,141000,120000,21000,21000
061415,健策群益9A購04  ,0,0,0,0,0,0,0,0,0,21000,0,0,0,23000,2000,21000,21000
061933,光寶科國票9B購01,0,0,0,0,0,0,0,0,0,21000,0,0,0,29000,8000,21000,21000
060967,鈺齊凱基9A購02  ,0,0,0,0,0,0,0,0,0,21000,0,0,0,21000,0,21000,21000
061181,牧德凱基9A購01  ,0,0,0,0,0,0,0,0,0,21000,0,0,0,25000,4000,21000,21000
064187,亞光永豐9C購01  ,0,0,0,0,0,0,0,0,0,21000,0,0,0,68000,47000,21000,21000
064127,聯發科元大9C購06,0,0,0,0,0,0,0,0,0,21000,0,0,0,45000,24000,21000,21000
064938,華新科元富9C購01,0,0,0,0,0,0,0,0,0,21000,0,0,0,21000,0,21000,21000
064789,和大國票01購01  ,0,0,0,0,0,0,0,0,0,21000,0,0,0,38000,17000,21000,21000
064830,可成統一9C購04  ,0,0,0,0,0,0,0,0,0,21000,0,0,0,24000,3000,21000,21000
062598,華通台新9B購02  ,0,0,0,0,0,0,0,0,0,21000,0,0,0,21000,0,21000,21000
062645,國巨國泰9B購08  ,0,0,0,0,0,0,0,0,0,21000,0,0,0,21000,0,21000,21000
063188,TPK凱基9B購01   ,0,0,0,0,0,0,0,0,0,21000,0,0,0,240000,219000,21000,21000
08303P,聯發科富邦9C售05,0,0,0,0,0,0,0,0,0,20000,0,0,0,20000,0,20000,20000
08428P,GIS國票01售01   ,0,0,0,0,0,0,0,0,0,20000,0,0,0,20000,0,20000,20000
08507P,臺股指國票9C售08,0,0,0,0,0,0,0,0,0,20000,0,0,0,20000,0,20000,20000
08500P,臺股指國票9C售02,0,0,0,0,0,0,0,0,0,20000,0,0,0,20000,0,20000,20000
08172P,台積電凱基03售02,0,0,0,0,0,0,0,0,0,20000,0,0,0,20000,0,20000,20000
2423,固緯            ,29000,9000,20000,0,0,0,0,0,0,0,0,0,0,0,0,0,20000
07638P,長榮航國票9A售01,0,0,0,0,0,0,0,0,0,20000,0,0,0,20000,0,20000,20000
07741P,滬深2X凱基9B售04,0,0,0,0,0,0,0,0,0,20000,0,0,0,40000,20000,20000,20000
07805P,義隆永豐9A售02  ,0,0,0,0,0,0,0,0,0,20000,0,0,0,20000,0,20000,20000
07889P,旭富國票9B售01  ,0,0,0,0,0,0,0,0,0,20000,0,0,0,120000,100000,20000,20000
07860P,臺股指麥證9A售06,0,0,0,20000,0,20000,0,0,0,20000,0,0,0,20000,0,20000,20000
06967P,台郡台新99售02  ,0,0,0,0,0,0,0,0,0,20000,0,0,0,20000,0,20000,20000
06779P,智邦元大98售12  ,0,0,0,0,0,0,0,0,0,20000,0,0,0,40000,20000,20000,20000
07088P,訊芯永豐99售02  ,0,0,0,0,0,0,0,0,0,20000,0,0,0,30000,10000,20000,20000
07129P,華新科元大99售14,0,0,0,0,0,0,0,0,0,20000,0,0,0,154000,134000,20000,20000
07187P,臺股指台新99售10,0,0,0,0,0,0,0,0,0,20000,0,0,0,40000,20000,20000,20000
065098,致伸元大9C購02  ,0,0,0,0,0,0,0,0,0,20000,0,0,0,150000,130000,20000,20000
054357,可成兆豐97購02  ,0,0,0,0,0,0,0,0,0,20000,0,0,0,170000,150000,20000,20000
05466P,旺宏富邦97售01  ,0,0,0,0,0,0,0,0,0,20000,0,0,0,20000,0,20000,20000
056126,台郡國票98購02  ,0,0,0,0,0,0,0,0,0,20000,0,0,0,20000,0,20000,20000
055417,健策富邦98購02  ,0,0,0,0,0,0,0,0,0,20000,0,0,0,20000,0,20000,20000
055744,茂林元富97購02  ,0,0,0,0,0,0,0,0,0,20000,0,0,0,120000,100000,20000,20000
054780,中石化群益99購01,0,0,0,0,0,0,0,0,0,20000,0,0,0,20000,0,20000,20000
055703,緯穎富邦98購01  ,0,0,0,0,0,0,0,0,0,20000,0,0,0,20000,0,20000,20000
058086,鴻海元大98購14  ,0,0,0,0,0,0,0,0,0,20000,0,0,0,168000,148000,20000,20000
058043,鴻海元大98購13  ,0,0,0,0,0,0,0,0,0,20000,0,0,0,66000,46000,20000,20000
055324,TPK國票98購03   ,0,0,0,0,0,0,0,0,0,20000,0,0,0,20000,0,20000,20000
057024,義隆凱基99購01  ,0,0,0,0,0,0,0,0,0,20000,0,0,0,23000,3000,20000,20000
055029,帆宣國泰99購01  ,0,0,0,0,0,0,0,0,0,20000,0,0,0,31000,11000,20000,20000
055024,興勤國泰98購01  ,0,0,0,0,0,0,0,0,0,20000,0,0,0,20000,0,20000,20000
055954,南港元大97購02  ,0,0,0,0,0,0,0,0,0,20000,0,0,0,20000,0,20000,20000
055905,可成兆豐97購03  ,0,0,0,0,0,0,0,0,0,20000,0,0,0,20000,0,20000,20000
05362P,可成富邦97售02  ,0,0,0,0,0,0,0,0,0,20000,0,0,0,30000,10000,20000,20000
054080,微星中信98購01  ,0,0,0,0,0,0,0,0,0,20000,0,0,0,20000,0,20000,20000
054060,晶技國票97購02  ,0,0,0,0,0,0,0,0,0,20000,0,0,0,20000,0,20000,20000
051756,台積電元大97購04,0,0,0,0,0,0,0,0,0,20000,0,0,0,20000,0,20000,20000
051659,力山國泰97購01  ,0,0,0,0,0,0,0,0,0,20000,0,0,0,20000,0,20000,20000
050854,世紀鋼國票97購01,0,0,0,0,0,0,0,0,0,20000,0,0,0,20000,0,20000,20000
045872,元油2X元富98購03,0,0,0,0,0,0,0,0,0,20000,0,0,0,20000,0,20000,20000
045836,群創群益98購01  ,0,0,0,0,0,0,0,0,0,20000,0,0,0,20000,0,20000,20000
053488,中石化兆豐97購01,0,0,0,0,0,0,0,0,0,20000,0,0,0,20000,0,20000,20000
053228,康友台新97購01  ,0,0,0,0,0,0,0,0,0,20000,0,0,0,20000,0,20000,20000
056749,滬深2X兆豐99購01,0,0,0,0,0,0,0,0,0,20000,0,0,0,20000,0,20000,20000
056875,亞光凱基98購03  ,0,0,0,0,0,0,0,0,0,20000,0,0,0,20000,0,20000,20000
056851,瑞儀元富98購01  ,0,0,0,0,0,0,0,0,0,20000,0,0,0,30000,10000,20000,20000
057228,友達凱基9B購01  ,0,0,0,0,0,0,0,0,0,20000,0,0,0,20000,0,20000,20000
058153,景碩統一9B購01  ,0,0,0,0,0,0,0,0,0,20000,0,0,0,114000,94000,20000,20000
056335,微星凱基98購01  ,0,0,0,0,0,0,0,0,0,20000,0,0,0,30000,10000,20000,20000
056260,鴻海統一98購07  ,0,0,0,0,0,0,0,0,0,20000,0,0,0,20000,0,20000,20000
056625,致伸永豐98購01  ,0,0,0,0,0,0,0,0,0,20000,0,0,0,20000,0,20000,20000
057838,台郡國泰99購01  ,0,0,0,0,0,0,0,0,0,20000,0,0,0,20000,0,20000,20000
057458,TPK富邦9A購01   ,0,0,0,0,0,0,0,0,0,20000,0,0,0,30000,10000,20000,20000
057403,亞光群益98購04  ,0,0,0,0,0,0,0,0,0,20000,0,0,0,20000,0,20000,20000
060246,晶相光元大9C購03,0,0,0,0,0,0,0,0,0,20000,0,0,0,54000,34000,20000,20000
060204,矽創元富9A購01  ,0,0,0,0,0,0,0,0,0,20000,0,0,0,20000,0,20000,20000
061065,神基凱基9A購01  ,0,0,0,0,0,0,0,0,0,20000,0,0,0,20000,0,20000,20000
059728,聯鈞元大99購01  ,0,0,0,0,0,0,0,0,0,20000,0,0,0,78000,58000,20000,20000
06120P,大立光凱基98售05,0,0,0,0,0,0,0,0,0,20000,0,0,0,30000,10000,20000,20000
061203,國巨元大9A購15  ,0,0,0,0,0,0,0,0,0,20000,0,0,0,22000,2000,20000,20000
059683,康控富邦9C購01  ,0,0,0,0,0,0,0,0,0,20000,0,0,0,21000,1000,20000,20000
060936,T50反1國票9A購09,0,0,0,0,0,0,0,0,0,20000,0,0,0,20000,0,20000,20000
060885,世紀鋼中信9A購01,0,0,0,0,0,0,0,0,0,20000,0,0,0,20000,0,20000,20000
060831,T50反1國票9B購03,0,0,0,0,0,0,0,0,0,20000,0,0,0,20000,0,20000,20000
060806,華新科群益9A購03,0,0,0,0,0,0,0,0,0,20000,0,0,0,20000,0,20000,20000
060737,瑞儀統一9C購01  ,0,0,0,0,0,0,0,0,0,20000,0,0,0,30000,10000,20000,20000
059869,友達凱基99購07  ,0,0,0,0,0,0,0,0,0,20000,0,0,0,20000,0,20000,20000
059958,鎧勝康和99購01  ,0,0,0,0,0,0,0,0,0,20000,0,0,0,20000,0,20000,20000
058521,日月光元大99購01,0,0,0,0,0,0,0,0,0,20000,0,0,0,20000,0,20000,20000
059824,大立光凱基99購13,0,0,0,0,0,0,0,0,0,20000,0,0,0,20000,0,20000,20000
059570,全新凱基99購04  ,0,0,0,0,0,0,0,0,0,20000,0,0,0,20000,0,20000,20000
062164,禾伸堂國泰01購01,0,0,0,0,0,0,0,0,0,20000,0,0,0,20000,0,20000,20000
062193,瑞昱第一9B購01  ,0,0,0,0,0,0,0,0,0,20000,0,0,0,42000,22000,20000,20000
062221,奇力新統一01購01,0,0,0,0,0,0,0,0,0,20000,0,0,0,20000,0,20000,20000
062023,寶成永豐9B購01  ,0,0,0,0,0,0,0,0,0,20000,0,0,0,20000,0,20000,20000
060654,大毅群益9B購01  ,0,0,0,0,0,0,0,0,0,20000,0,0,0,20000,0,20000,20000
059338,滬深2X凱基9C購02,0,0,0,0,0,0,0,0,0,20000,0,0,0,20000,0,20000,20000
058322,玉晶光永豐99購02,0,0,0,0,0,0,0,0,0,20000,0,0,0,20000,0,20000,20000
058324,嘉聯益永豐9A購01,0,0,0,0,0,0,0,0,0,20000,0,0,0,87000,67000,20000,20000
059262,致茂中信01購01  ,0,0,0,0,0,0,0,0,0,20000,0,0,0,20000,0,20000,20000
061625,聯茂群益9A購02  ,0,0,0,0,0,0,0,0,0,20000,0,0,0,20000,0,20000,20000
061668,信邦中信9B購01  ,0,0,0,0,0,0,0,0,0,20000,0,0,0,20000,0,20000,20000
060482,東元富邦9A購01  ,0,0,0,0,0,0,0,0,0,20000,0,0,0,20000,0,20000,20000
06047P,聯發科富邦99售04,0,0,0,0,0,0,0,0,0,20000,0,0,0,20000,0,20000,20000
058390,樺漢國票9A購01  ,0,0,0,0,0,0,0,0,0,20000,0,0,0,21000,1000,20000,20000
058377,茂林凱基9A購03  ,0,0,0,0,0,0,0,0,0,20000,0,0,0,52000,32000,20000,20000
063180,台塑凱基9B購01  ,0,0,0,0,0,0,0,0,0,20000,0,0,0,50000,30000,20000,20000
063222,群創群益9B購03  ,0,0,0,0,0,0,0,0,0,20000,0,0,0,100000,80000,20000,20000
063200,瑞昱統一9C購01  ,0,0,0,0,0,0,0,0,0,20000,0,0,0,212000,192000,20000,20000
063531,台表科凱基9B購04,0,0,0,0,0,0,0,0,0,20000,0,0,0,20000,0,20000,20000
06263P,燿華凱基97售04  ,0,0,0,0,0,0,0,0,0,20000,0,0,0,20000,0,20000,20000
062648,聯茂富邦9B購01  ,0,0,0,0,0,0,0,0,0,20000,0,0,0,20000,0,20000,20000
06262P,國巨凱基97售07  ,0,0,0,0,0,0,0,0,0,20000,0,0,0,20000,0,20000,20000
062552,南電永豐9B購01  ,0,0,0,0,0,0,0,0,0,20000,0,0,0,20000,0,20000,20000
062572,元金反群益9C購01,0,0,0,0,0,0,0,0,0,20000,0,0,0,20000,0,20000,20000
062832,嘉澤群益9B購02  ,0,0,0,0,0,0,0,0,0,20000,0,0,0,20000,0,20000,20000
062915,嘉澤元大9B購03  ,0,0,0,0,0,0,0,0,0,20000,0,0,0,184000,164000,20000,20000
062898,華通元大9B購05  ,0,0,0,0,0,0,0,0,0,20000,0,0,0,70000,50000,20000,20000
063149,聯發科元富05購02,0,0,0,0,0,0,0,0,0,20000,0,0,0,20000,0,20000,20000
064914,友達統一02購03  ,0,0,0,0,0,0,0,0,0,20000,0,0,0,30000,10000,20000,20000
06487P,聯發科統一99售02,0,0,0,0,0,0,0,0,0,20000,0,0,0,20000,0,20000,20000
064887,嘉晶中信9C購02  ,0,0,0,0,0,0,0,0,0,20000,0,0,0,20000,0,20000,20000
064965,臺指反元大03購02,0,0,0,0,0,0,0,0,0,20000,0,0,0,21000,1000,20000,20000
064756,友達凱基02購02  ,0,0,0,0,0,0,0,0,0,20000,0,0,0,20000,0,20000,20000
064495,南亞科元大9C購03,0,0,0,0,0,0,0,0,0,20000,0,0,0,20000,0,20000,20000
064457,禾伸堂統一01購02,0,0,0,0,0,0,0,0,0,20000,0,0,0,20000,0,20000,20000
064568,聯鈞群益9C購01  ,0,0,0,0,0,0,0,0,0,20000,0,0,0,517000,497000,20000,20000
064524,GIS群益02購01   ,0,0,0,0,0,0,0,0,0,20000,0,0,0,20000,0,20000,20000
064293,勤誠元大9C購01  ,0,0,0,0,0,0,0,0,0,20000,0,0,0,51000,31000,20000,20000
06434P,超眾群益98售02  ,0,0,0,0,0,0,0,0,0,20000,0,0,0,110000,90000,20000,20000
063821,南亞科麥證9C購01,0,0,0,20000,0,20000,0,0,0,20000,0,0,0,20000,0,20000,20000
063931,牧德統一01購02  ,0,0,0,0,0,0,0,0,0,20000,0,0,0,20000,0,20000,20000
065251,宏達電國泰02購01,0,0,0,0,0,0,0,0,0,19000,0,0,0,19000,0,19000,19000
065464,健鼎中信9C購01  ,0,0,0,0,0,0,0,0,0,19000,0,0,0,19000,0,19000,19000
057556,智易凱基99購01  ,0,0,0,0,0,0,0,0,0,19000,0,0,0,65000,46000,19000,19000
057450,國泰金元富98購01,0,0,0,0,0,0,0,0,0,19000,0,0,0,29000,10000,19000,19000
057897,華通富邦99購01  ,0,0,0,0,0,0,0,0,0,19000,0,0,0,74000,55000,19000,19000
061865,力山元大9B購01  ,0,0,0,0,0,0,0,0,0,19000,0,0,0,23000,4000,19000,19000
056644,宏達電凱基98購04,0,0,0,0,0,0,0,0,0,19000,0,0,0,46000,27000,19000,19000
056141,聯茂元大97購05  ,0,0,0,0,0,0,0,0,0,19000,0,0,0,19000,0,19000,19000
056142,超眾元大97購06  ,0,0,0,0,0,0,0,0,0,19000,0,0,0,19000,0,19000,19000
057589,超眾國票9A購01  ,0,0,0,0,0,0,0,0,0,19000,0,0,0,19000,0,19000,19000
053088,奇鋐元大98購01  ,0,0,0,0,0,0,0,0,0,19000,0,0,0,109000,90000,19000,19000
051902,T50反1元大97購01,0,0,0,0,0,0,0,0,0,19000,0,0,0,19000,0,19000,19000
055196,致新元富97購01  ,0,0,0,0,0,0,0,0,0,19000,0,0,0,96000,77000,19000,19000
057092,健策元富98購01  ,0,0,0,0,0,0,0,0,0,19000,0,0,0,29000,10000,19000,19000
054930,群電凱基98購01  ,0,0,0,0,0,0,0,0,0,19000,0,0,0,23000,4000,19000,19000
060618,玉晶光元大9A購02,0,0,0,0,0,0,0,0,0,19000,0,0,0,19000,0,19000,19000
062384,聯詠國泰9C購01  ,0,0,0,0,0,0,0,0,0,19000,0,0,0,19000,0,19000,19000
060057,欣興凱基9B購01  ,0,0,0,0,0,0,0,0,0,19000,0,0,0,19000,0,19000,19000
060430,和潤永豐9A購01  ,0,0,0,0,0,0,0,0,0,19000,0,0,0,20000,1000,19000,19000
059765,嘉聯益永豐99購02,0,0,0,0,0,0,0,0,0,19000,0,0,0,64000,45000,19000,19000
059692,聯詠永豐99購01  ,0,0,0,0,0,0,0,0,0,19000,0,0,0,20000,1000,19000,19000
064472,國巨麥證9C購03  ,0,0,0,19000,0,19000,0,0,0,19000,0,0,0,19000,0,19000,19000
063053,聯發科統一01購04,0,0,0,0,0,0,0,0,0,19000,0,0,0,144000,125000,19000,19000
063533,緯穎凱基9B購06  ,0,0,0,0,0,0,0,0,0,19000,0,0,0,19000,0,19000,19000
063814,嘉晶群益9C購01  ,0,0,0,0,0,0,0,0,0,19000,0,0,0,35000,16000,19000,19000
063420,奇力新凱基9B購03,0,0,0,0,0,0,0,0,0,19000,0,0,0,61000,42000,19000,19000
063369,聚陽永豐9B購01  ,0,0,0,0,0,0,0,0,0,19000,0,0,0,19000,0,19000,19000
6591,動力-KY         ,22000,4000,18000,0,0,0,0,0,0,1000,2000,1000,1000,0,0,0,19000
06592P,欣興元大98售04  ,0,0,0,0,0,0,0,0,0,18000,0,0,0,18000,0,18000,18000
06692P,瑞昱凱基98售03  ,0,0,0,0,0,0,0,0,0,18000,0,0,0,18000,0,18000,18000
065239,超眾凱基02購02  ,0,0,0,0,0,0,0,0,0,18000,0,0,0,83000,65000,18000,18000
065287,華新科群益01購03,0,0,0,0,0,0,0,0,0,18000,0,0,0,18000,0,18000,18000
065109,台勝科國票01購01,0,0,0,0,0,0,0,0,0,18000,0,0,0,146000,128000,18000,18000
065214,友達國泰01購01  ,0,0,0,0,0,0,0,0,0,18000,0,0,0,18000,0,18000,18000
07293P,臺股指凱基99售45,0,0,0,0,0,0,0,0,0,18000,0,0,0,18000,0,18000,18000
07046P,大立光富邦9C售03,0,0,0,0,0,0,0,0,0,18000,0,0,0,18000,0,18000,18000
08063P,立積國票9B售03  ,0,0,0,0,0,0,0,0,0,18000,0,0,0,18000,0,18000,18000
08357P,聯發科元大9C售09,0,0,0,0,0,0,0,0,0,18000,0,0,0,18000,0,18000,18000
058887,元石油元大9C購04,0,0,0,0,0,0,0,0,0,18000,0,0,0,18000,0,18000,18000
061881,緯穎元大9B購02  ,0,0,0,0,0,0,0,0,0,18000,0,0,0,40000,22000,18000,18000
05644P,大立光中信9A售03,0,0,0,0,0,0,0,0,0,18000,0,0,0,23000,5000,18000,18000
057524,旺宏元大99購04  ,0,0,0,0,0,0,0,0,0,18000,0,0,0,19000,1000,18000,18000
057501,超眾群益98購04  ,0,0,0,0,0,0,0,0,0,18000,0,0,0,18000,0,18000,18000
056360,智邦元大98購01  ,0,0,0,0,0,0,0,0,0,18000,0,0,0,32000,14000,18000,18000
058792,鴻海元大99購18  ,0,0,0,0,0,0,0,0,0,18000,0,0,0,113000,95000,18000,18000
060425,凌華永豐9A購01  ,0,4000,-4000,0,0,0,0,0,0,22000,0,0,0,65000,43000,22000,18000
061290,玉晶光統一01購04,0,0,0,0,0,0,0,0,0,18000,0,0,0,59000,41000,18000,18000
060040,康控國票99購04  ,0,0,0,0,0,0,0,0,0,18000,0,0,0,18000,0,18000,18000
062326,國巨統一9C購09  ,0,0,0,0,0,0,0,0,0,18000,0,0,0,20000,2000,18000,18000
060659,鴻海凱基9B購03  ,0,0,0,0,0,0,0,0,0,18000,0,0,0,34000,16000,18000,18000
060631,微星富邦9B購01  ,0,0,0,0,0,0,0,0,0,18000,0,0,0,40000,22000,18000,18000
063308,緯穎凱基9B購05  ,0,0,0,0,0,0,0,0,0,18000,0,0,0,18000,0,18000,18000
063311,喬山群益9B購01  ,0,0,0,0,0,0,0,0,0,18000,0,0,0,18000,0,18000,18000
063496,儒鴻永豐9B購01  ,0,0,0,0,0,0,0,0,0,18000,0,0,0,44000,26000,18000,18000
063509,超眾群益9B購03  ,0,0,0,0,0,0,0,0,0,18000,0,0,0,18000,0,18000,18000
063105,健策群益9C購01  ,0,0,0,0,0,0,0,0,0,18000,0,0,0,20000,2000,18000,18000
062633,亞光國票9B購01  ,0,0,0,0,0,0,0,0,0,18000,0,0,0,18000,0,18000,18000
062763,華擎凱基9C購02  ,0,0,0,0,0,0,0,0,0,18000,0,0,0,18000,0,18000,18000
064448,裕隆統一02購01  ,0,0,0,0,0,0,0,0,0,18000,0,0,0,18000,0,18000,18000
064985,台表科元大9C購09,0,0,0,0,0,0,0,0,0,18000,0,0,0,27000,9000,18000,18000
064956,麗豐凱基9C購01  ,0,0,0,0,0,0,0,0,0,18000,0,0,0,131000,113000,18000,18000
064827,友達統一02購02  ,0,0,0,0,0,0,0,0,0,18000,0,0,0,21000,3000,18000,18000
08048P,臺股指國票9B售13,0,0,0,0,0,0,0,0,0,17000,0,0,0,17000,0,17000,17000
2881A,富邦特          ,0,5000,-5000,0,0,0,0,0,0,22000,22000,0,22000,0,0,0,17000
07149P,健鼎元大99售03  ,0,0,0,0,0,0,0,0,0,17000,0,0,0,18000,1000,17000,17000
07652P,臺股指中信9A售07,0,0,0,0,0,0,0,0,0,17000,0,0,0,17000,0,17000,17000
07341P,台積電凱基99售18,0,0,0,0,0,0,0,0,0,17000,0,0,0,19000,2000,17000,17000
06673P,大立光群益98售01,0,0,0,0,0,0,0,0,0,17000,0,0,0,65000,48000,17000,17000
057651,矽力元大98購03  ,0,0,0,0,0,0,0,0,0,17000,0,0,0,17000,0,17000,17000
054931,緯穎凱基98購01  ,0,0,0,0,0,0,0,0,0,17000,0,0,0,18000,1000,17000,17000
053799,矽創中信9A購01  ,0,0,0,0,0,0,0,0,0,17000,0,0,0,78000,61000,17000,17000
053468,鴻海元大98購01  ,0,0,0,0,0,0,0,0,0,17000,0,0,0,17000,0,17000,17000
060619,玉晶光元大9A購03,0,0,0,0,0,0,0,0,0,17000,0,0,0,17000,0,17000,17000
062368,聯詠元大9B購01  ,0,0,0,0,0,0,0,0,0,17000,0,0,0,55000,38000,17000,17000
060788,嘉晶富邦9B購01  ,0,0,0,0,0,0,0,0,0,17000,0,0,0,44000,27000,17000,17000
060909,金像電元大9B購01,0,0,0,0,0,0,0,0,0,17000,0,0,0,80000,63000,17000,17000
061190,力山永豐9A購02  ,0,0,0,0,0,0,0,0,0,17000,0,0,0,17000,0,17000,17000
061132,志超永豐9A購01  ,0,0,0,0,0,0,0,0,0,17000,0,0,0,61000,44000,17000,17000
064782,健策群益9C購02  ,0,0,0,0,0,0,0,0,0,17000,0,0,0,20000,3000,17000,17000
064721,國泰金統一02購01,0,0,0,0,0,0,0,0,0,17000,0,0,0,59000,42000,17000,17000
062704,大毅元大9C購01  ,0,0,0,0,0,0,0,0,0,17000,0,0,0,22000,5000,17000,17000
063482,緯穎元大9B購09  ,0,0,0,0,0,0,0,0,0,17000,0,0,0,21000,4000,17000,17000
4739,康普            ,53000,36000,17000,0,0,0,0,0,0,0,0,0,0,0,0,0,17000
06644P,亞德客元大98售03,0,0,0,0,0,0,0,0,0,16000,0,0,0,26000,10000,16000,16000
065347,聯發科統一9C購15,0,0,0,0,0,0,0,0,0,16000,0,0,0,87000,71000,16000,16000
065349,玉晶光統一9C購05,0,0,0,0,0,0,0,0,0,16000,0,0,0,34000,18000,16000,16000
07904P,聯發科群益9B售05,0,0,0,0,0,0,0,0,0,16000,0,0,0,36000,20000,16000,16000
07056P,臺股指麥證99售02,0,0,0,16000,0,16000,0,0,0,16000,0,0,0,16000,0,16000,16000
07996P,亞德客凱基9B售03,0,0,0,0,0,0,0,0,0,16000,0,0,0,58000,42000,16000,16000
08271P,華通元富9C售01  ,0,0,0,0,0,0,0,0,0,16000,0,0,0,140000,124000,16000,16000
052987,華新科元大99購01,0,0,0,0,0,0,0,0,0,16000,0,0,0,16000,0,16000,16000
053582,英業達元大97購01,0,0,0,0,0,0,0,0,0,16000,0,0,0,16000,0,16000,16000
056723,國巨中信9A購01  ,0,0,0,0,0,0,0,0,0,16000,0,0,0,19000,3000,16000,16000
056366,玉晶光元大99購04,0,0,0,0,0,0,0,0,0,16000,0,0,0,77000,61000,16000,16000
061109,臻鼎元大9A購03  ,0,0,0,0,0,0,0,0,0,16000,0,0,0,78000,62000,16000,16000
058434,旺宏統一9B購01  ,0,0,0,0,0,0,0,0,0,16000,0,0,0,16000,0,16000,16000
061267,玉山金凱基9B購01,0,0,0,0,0,0,0,0,0,16000,0,0,0,16000,0,16000,16000
062128,祥碩統一01購01  ,0,0,0,0,0,0,0,0,0,16000,0,0,0,22000,6000,16000,16000
058658,瑞儀中信99購01  ,0,0,0,0,0,0,0,0,0,16000,0,0,0,16000,0,16000,16000
058374,玉晶光凱基9A購03,0,0,0,0,0,0,0,0,0,16000,0,0,0,16000,0,16000,16000
063189,臻鼎凱基9B購01  ,0,0,0,0,0,0,0,0,0,16000,0,0,0,62000,46000,16000,16000
062503,玉晶光群益01購03,0,0,0,0,0,0,0,0,0,16000,0,0,0,16000,0,16000,16000
064693,玉晶光群益01購06,0,0,0,0,0,0,0,0,0,16000,0,0,0,16000,0,16000,16000
064616,智邦元大9C購04  ,0,0,0,0,0,0,0,0,0,16000,0,0,0,126000,110000,16000,16000
064519,聯詠群益9C購01  ,0,0,0,0,0,0,0,0,0,16000,0,0,0,21000,5000,16000,16000
063969,晶豪科國票01購01,0,0,0,0,0,0,0,0,0,16000,0,0,0,16000,0,16000,16000
063832,矽創國票01購01  ,0,0,0,0,0,0,0,0,0,16000,0,0,0,16000,0,16000,16000
064031,玉晶光元大02購01,0,0,0,0,0,0,0,0,0,16000,0,0,0,57000,41000,16000,16000
064326,裕隆元大9C購01  ,0,0,0,0,0,0,0,0,0,16000,0,0,0,114000,98000,16000,16000
064239,群創統一02購01  ,0,0,0,0,0,0,0,0,0,16000,0,0,0,53000,37000,16000,16000
064217,GIS凱基02購02   ,0,0,0,0,0,0,0,0,0,16000,0,0,0,70000,54000,16000,16000
6415,矽力-KY         ,843928,804475,39453,0,0,0,18000,24000,-6000,-18000,0,18000,-18000,0,0,0,15453
08047P,臺股指國票9B售12,0,0,0,0,0,0,0,0,0,15000,0,0,0,25000,10000,15000,15000
08017P,華新科國票9B售01,0,0,0,0,0,0,0,0,0,15000,0,0,0,17000,2000,15000,15000
08081P,台灣50元大9B售20,0,0,0,0,0,0,0,0,0,15000,0,0,0,15000,0,15000,15000
08448P,台灣50中信01售05,0,0,0,0,0,0,0,0,0,15000,0,0,0,15000,0,15000,15000
08585P,台表科群益9C售04,0,0,0,0,0,0,0,0,0,15000,0,0,0,15000,0,15000,15000
2419,仲琦            ,47000,29000,18000,0,0,0,0,0,0,-3000,0,3000,-3000,0,0,0,15000
07143P,FBVIX元大99售02 ,0,0,0,0,0,0,0,0,0,15000,0,0,0,15000,0,15000,15000
06782P,大立光元大99售07,0,0,0,0,0,0,0,0,0,15000,0,0,0,56000,41000,15000,15000
06834P,訊芯群益99售02  ,0,0,0,0,0,0,0,0,0,15000,0,0,0,15000,0,15000,15000
06827P,臺股指國票98售03,0,0,0,0,0,0,0,0,0,15000,0,0,0,16000,1000,15000,15000
07016P,聯發科元大99售10,0,0,0,0,0,0,0,0,0,15000,0,0,0,15000,0,15000,15000
06999P,玉晶光國票9B售01,0,0,0,0,0,0,0,0,0,15000,0,0,0,20000,5000,15000,15000
065293,玉晶光群益01購07,0,0,0,0,0,0,0,0,0,15000,0,0,0,68000,53000,15000,15000
065260,金像電元大9C購07,0,0,0,0,0,0,0,0,0,15000,0,0,0,68000,53000,15000,15000
065180,台表科元大9C購10,0,0,0,0,0,0,0,0,0,15000,0,0,0,24000,9000,15000,15000
06654P,欣興元大98售08  ,0,0,0,0,0,0,0,0,0,15000,0,0,0,15000,0,15000,15000
06724P,台灣50國票98售01,0,0,0,0,0,0,0,0,0,15000,0,0,0,15000,0,15000,15000
057825,和碩元大98購02  ,0,0,0,0,0,0,0,0,0,15000,0,0,0,15000,0,15000,15000
057747,致新永豐98購01  ,0,0,0,0,0,0,0,0,0,15000,0,0,0,25000,10000,15000,15000
057477,智邦元大98購09  ,0,0,0,0,0,0,0,0,0,15000,0,0,0,35000,20000,15000,15000
061803,巨大永豐9B購01  ,0,0,0,0,0,0,0,0,0,15000,0,0,0,30000,15000,15000,15000
061774,T50反1國票9B購06,0,0,0,0,0,0,0,0,0,15000,0,0,0,15000,0,15000,15000
058910,泰鼎元大99購03  ,0,0,0,0,0,0,0,0,0,15000,0,0,0,15000,0,15000,15000
057222,鴻海國票99購04  ,0,0,0,0,0,0,0,0,0,15000,0,0,0,31000,16000,15000,15000
056290,正文永豐98購01  ,0,0,0,0,0,0,0,0,0,15000,0,0,0,15000,0,15000,15000
051843,聯發科富邦99購01,0,0,0,0,0,0,0,0,0,15000,0,0,0,15000,0,15000,15000
051728,道瓊反國票97購01,0,0,0,0,0,0,0,0,0,15000,0,0,0,15000,0,15000,15000
053366,樺漢國泰98購01  ,0,0,0,0,0,0,0,0,0,15000,0,0,0,18000,3000,15000,15000
0055,元大MSCI金融    ,0,0,0,0,0,0,0,0,0,15000,0,0,0,17000,2000,15000,15000
054510,S&P反1元大98購01,0,0,0,0,0,0,0,0,0,15000,0,0,0,60000,45000,15000,15000
054837,欣興第一97購01  ,0,0,0,0,0,0,0,0,0,15000,0,0,0,15000,0,15000,15000
055645,技嘉元富97購01  ,0,0,0,0,0,0,0,0,0,15000,0,0,0,15000,0,15000,15000
055579,健策統一9A購01  ,0,0,0,0,0,0,0,0,0,15000,0,0,0,15000,0,15000,15000
05709P,大立光國票97售01,0,0,0,0,0,0,0,0,0,15000,0,0,0,15000,0,15000,15000
058052,南電元大98購02  ,0,0,0,0,0,0,0,0,0,15000,0,0,0,15000,0,15000,15000
055288,日電貿元大97購02,0,0,0,0,0,0,0,0,0,15000,0,0,0,15000,0,15000,15000
055272,國巨元大98購04  ,0,0,0,0,0,0,0,0,0,15000,0,0,0,15000,0,15000,15000
060700,華新科國泰9C購01,0,0,0,0,0,0,0,0,0,15000,0,0,0,35000,20000,15000,15000
060684,同欣電元大9A購01,0,0,0,0,0,0,0,0,0,15000,0,0,0,17000,2000,15000,15000
061974,光寶科元大9B購01,0,0,0,0,0,0,0,0,0,15000,0,0,0,178000,163000,15000,15000
061344,禾伸堂元大9A購02,0,0,0,0,0,0,0,0,0,15000,0,0,0,15000,0,15000,15000
060998,華通兆豐9A購01  ,0,0,0,0,0,0,0,0,0,15000,0,0,0,15000,0,15000,15000
060815,茂林凱基9B購01  ,0,0,0,0,0,0,0,0,0,15000,0,0,0,15000,0,15000,15000
06085P,義隆台新97售01  ,0,0,0,0,0,0,0,0,0,15000,0,0,0,15000,0,15000,15000
059624,鴻海凱基01購01  ,0,0,0,0,0,0,0,0,0,15000,0,0,0,20000,5000,15000,15000
059763,華擎永豐99購03  ,0,0,0,0,0,0,0,0,0,15000,0,0,0,22000,7000,15000,15000
061063,國巨凱基9A購14  ,0,0,0,0,0,0,0,0,0,15000,0,0,0,17000,2000,15000,15000
061153,奇力新群益9A購02,0,0,0,0,0,0,0,0,0,15000,0,0,0,15000,0,15000,15000
064261,力山永豐9C購01  ,0,0,0,0,0,0,0,0,0,15000,0,0,0,20000,5000,15000,15000
064320,台灣50元大9C購39,0,0,0,0,0,0,0,0,0,15000,0,0,0,15000,0,15000,15000
064024,漢唐元大9C購01  ,0,0,0,0,0,0,0,0,0,15000,0,0,0,25000,10000,15000,15000
063891,國巨群益9C購07  ,0,0,0,0,0,0,0,0,0,15000,0,0,0,38000,23000,15000,15000
064534,京元電國票01購01,0,0,0,0,0,0,0,0,0,15000,0,0,0,15000,0,15000,15000
064543,華通凱基02購02  ,0,0,0,0,0,0,0,0,0,15000,0,0,0,18000,3000,15000,15000
06457P,玉晶光統一98售02,0,0,0,0,0,0,0,0,0,15000,0,0,0,15000,0,15000,15000
064676,聚陽兆豐9C購01  ,0,0,0,0,0,0,0,0,0,15000,0,0,0,38000,23000,15000,15000
06498P,臺股指元大9A售03,0,0,0,0,0,0,0,0,0,15000,0,0,0,15000,0,15000,15000
062583,鴻海統一9C購12  ,0,0,0,0,0,0,0,0,0,15000,0,0,0,27000,12000,15000,15000
062551,緯穎永豐9B購02  ,0,0,0,0,0,0,0,0,0,15000,0,0,0,22000,7000,15000,15000
062761,嘉晶凱基9C購01  ,0,0,0,0,0,0,0,0,0,15000,0,0,0,19000,4000,15000,15000
062767,GIS凱基9B購02   ,0,0,0,0,0,0,0,0,0,15000,0,0,0,15000,0,15000,15000
062958,長榮航麥證9B購01,0,0,0,16000,1000,15000,0,0,0,15000,0,0,0,16000,1000,15000,15000
063268,GIS中信9B購01   ,0,0,0,0,0,0,0,0,0,15000,0,0,0,19000,4000,15000,15000
063674,力山國泰01購02  ,0,0,0,0,0,0,0,0,0,15000,0,0,0,16000,1000,15000,15000
2702,華園            ,58000,44000,14000,0,0,0,0,0,0,0,0,0,0,0,0,0,14000
2867,三商壽          ,1345000,1326000,19000,0,0,0,0,0,0,-5000,0,5000,-5000,0,0,0,14000
08386P,臺股指群益9C售14,0,0,0,0,0,0,0,0,0,14000,0,0,0,129000,115000,14000,14000
07997P,上銀凱基9B售04  ,0,0,0,0,0,0,0,0,0,14000,0,0,0,54000,40000,14000,14000
057028,台郡凱基99購02  ,0,0,0,0,0,0,0,0,0,14000,0,0,0,22000,8000,14000,14000
057998,玉晶光麥證9A購01,0,0,0,14000,0,14000,0,0,0,14000,0,0,0,14000,0,14000,14000
055409,元黃金富邦01購01,0,0,0,0,0,0,0,0,0,14000,0,0,0,14000,0,14000,14000
056124,華通國票98購02  ,0,0,0,0,0,0,0,0,0,14000,0,0,0,14000,0,14000,14000
055710,亞德客元大97購03,0,0,0,0,0,0,0,0,0,14000,0,0,0,103000,89000,14000,14000
054894,GIS統一97購01   ,0,0,0,0,0,0,0,0,0,14000,0,0,0,14000,0,14000,14000
00666R,富邦恒生國企反1 ,0,3000,-3000,0,0,0,0,0,0,17000,0,0,0,99000,82000,17000,14000
055813,聯發科國票98購04,0,0,0,0,0,0,0,0,0,14000,0,0,0,14000,0,14000,14000
05610P,國巨群益98售01  ,0,0,0,0,0,0,0,0,0,14000,0,0,0,14000,0,14000,14000
057720,日電貿元富98購01,0,0,0,0,0,0,0,0,0,14000,0,0,0,300000,286000,14000,14000
061162,南電群益9A購02  ,0,0,0,0,0,0,0,0,0,14000,0,0,0,15000,1000,14000,14000
061180,華擎凱基9B購01  ,0,0,0,0,0,0,0,0,0,14000,0,0,0,14000,0,14000,14000
060245,聯陽元大9C購01  ,0,0,0,0,0,0,0,0,0,14000,0,0,0,15000,1000,14000,14000
059733,緯穎元大99購08  ,0,0,0,0,0,0,0,0,0,14000,0,0,0,16000,2000,14000,14000
060819,國巨統一9C購04  ,0,0,0,0,0,0,0,0,0,14000,0,0,0,21000,7000,14000,14000
060943,宏達電國票9B購02,0,0,0,0,0,0,0,0,0,14000,0,0,0,32000,18000,14000,14000
060762,長榮航元大9A購02,0,0,0,0,0,0,0,0,0,14000,0,0,0,14000,0,14000,14000
062314,玉晶光凱基9B購06,0,0,0,0,0,0,0,0,0,14000,0,0,0,24000,10000,14000,14000
062307,華通凱基9C購01  ,0,0,0,0,0,0,0,0,0,14000,0,0,0,51000,37000,14000,14000
062046,矽格凱基9B購01  ,0,0,0,0,0,0,0,0,0,14000,0,0,0,125000,111000,14000,14000
060678,聯詠元大9A購03  ,0,0,0,0,0,0,0,0,0,14000,0,0,0,115000,101000,14000,14000
060472,中租元大9A購02  ,0,0,0,0,0,0,0,0,0,14000,0,0,0,14000,0,14000,14000
060604,宏達電凱基9B購01,0,0,0,0,0,0,0,0,0,14000,0,0,0,107000,93000,14000,14000
060591,富邦金台新9A購01,0,0,0,0,0,0,0,0,0,14000,0,0,0,14000,0,14000,14000
063760,聯詠統一9C購02  ,0,0,0,0,0,0,0,0,0,14000,0,0,0,42000,28000,14000,14000
063263,高鐵永豐9B購01  ,0,0,0,0,0,0,0,0,0,14000,0,0,0,14000,0,14000,14000
063173,矽格中信9B購01  ,0,0,0,0,0,0,0,0,0,14000,0,0,0,58000,44000,14000,14000
062914,嘉澤元大9B購02  ,0,0,0,0,0,0,0,0,0,14000,0,0,0,32000,18000,14000,14000
063040,聯詠凱基9B購03  ,0,0,0,0,0,0,0,0,0,14000,0,0,0,17000,3000,14000,14000
064835,嘉晶統一02購01  ,0,0,0,0,0,0,0,0,0,14000,0,0,0,19000,5000,14000,14000
064877,可成兆豐9C購02  ,0,0,0,0,0,0,0,0,0,14000,0,0,0,14000,0,14000,14000
064840,彩晶統一02購01  ,0,0,0,0,0,0,0,0,0,14000,0,0,0,14000,0,14000,14000
06466P,台積電統一9B售01,0,0,0,0,0,0,0,0,0,14000,0,0,0,14000,0,14000,14000
064610,儒鴻元大9C購03  ,0,0,0,0,0,0,0,0,0,14000,0,0,0,69000,55000,14000,14000
064548,漢翔凱基9C購01  ,0,0,0,0,0,0,0,0,0,14000,0,0,0,24000,10000,14000,14000
064263,貿聯永豐9C購01  ,0,0,0,0,0,0,0,0,0,14000,0,0,0,14000,0,14000,14000
08165P,台表科永豐9B售02,0,0,0,0,0,0,0,0,0,13000,0,0,0,20000,7000,13000,13000
2233,宇隆            ,27000,14000,13000,0,0,0,0,0,0,0,0,0,0,0,0,0,13000
06578P,華新科國票98售02,0,0,0,0,0,0,0,0,0,13000,0,0,0,13000,0,13000,13000
065155,聯發科群益9C購11,0,0,0,0,0,0,0,0,0,13000,0,0,0,69000,56000,13000,13000
07742P,台積電凱基9A售25,0,0,0,0,0,0,0,0,0,13000,0,0,0,13000,0,13000,13000
07634P,金像電元大9A售01,0,0,0,0,0,0,0,0,0,13000,0,0,0,18000,5000,13000,13000
061787,華新科群益9C購01,0,0,0,0,0,0,0,0,0,13000,0,0,0,13000,0,13000,13000
053561,玉晶光國泰98購01,0,0,0,0,0,0,0,0,0,13000,0,0,0,13000,0,13000,13000
055896,南電統一97購02  ,0,0,0,0,0,0,0,0,0,13000,0,0,0,61000,48000,13000,13000
05576P,群創日盛99售02  ,0,0,0,0,0,0,0,0,0,13000,0,0,0,13000,0,13000,13000
052417,聯發科兆豐9B購01,0,0,0,0,0,0,0,0,0,13000,0,0,0,13000,0,13000,13000
051577,台積電元大97購03,0,0,0,0,0,0,0,0,0,13000,0,0,0,13000,0,13000,13000
0054,元大台商50      ,0,0,0,0,0,0,0,0,0,13000,0,0,0,31000,18000,13000,13000
00688L,國泰20年美債正2 ,9000,0,9000,0,0,0,0,0,0,4000,0,0,0,104000,100000,4000,13000
055716,致茂元大97購01  ,0,0,0,0,0,0,0,0,0,13000,0,0,0,102000,89000,13000,13000
055037,宏盛富邦99購01  ,0,0,0,0,0,0,0,0,0,13000,0,0,0,13000,0,13000,13000
060521,鴻海中信01購03  ,0,0,0,0,0,0,0,0,0,13000,0,0,0,23000,10000,13000,13000
058257,聯陽國泰9B購01  ,0,0,0,0,0,0,0,0,0,13000,0,0,0,13000,0,13000,13000
058318,致茂永豐9A購01  ,0,0,0,0,0,0,0,0,0,13000,0,0,0,25000,12000,13000,13000
062214,金寶統一01購01  ,0,0,0,0,0,0,0,0,0,13000,0,0,0,197000,184000,13000,13000
059766,同欣電永豐99購03,0,0,0,0,0,0,0,0,0,13000,0,0,0,65000,52000,13000,13000
064271,鴻海元大9C購08  ,0,0,0,0,0,0,0,0,0,13000,0,0,0,67000,54000,13000,13000
064277,可成元大9C購04  ,0,0,0,0,0,0,0,0,0,13000,0,0,0,39000,26000,13000,13000
064362,友達統一01購02  ,0,0,0,0,0,0,0,0,0,13000,0,0,0,71000,58000,13000,13000
063902,志超群益9C購01  ,0,0,0,0,0,0,0,0,0,13000,0,0,0,113000,100000,13000,13000
064082,緯創中信06購01  ,0,0,0,0,0,0,0,0,0,13000,0,0,0,25000,12000,13000,13000
065010,國巨國泰01購04  ,0,0,0,0,0,0,0,0,0,13000,0,0,0,165000,152000,13000,13000
063013,技嘉元大9B購02  ,0,0,0,0,0,0,0,0,0,13000,0,0,0,79000,66000,13000,13000
062874,微星兆豐9B購01  ,0,0,0,0,0,0,0,0,0,13000,0,0,0,23000,10000,13000,13000
062877,可成兆豐9C購01  ,0,0,0,0,0,0,0,0,0,13000,0,0,0,35000,22000,13000,13000
062782,聯發科元大9B購12,0,0,0,0,0,0,0,0,0,13000,0,0,0,45000,32000,13000,13000
062474,台表科凱基9C購01,0,0,0,0,0,0,0,0,0,13000,0,0,0,38000,25000,13000,13000
063689,可成永豐9B購04  ,0,0,0,0,0,0,0,0,0,13000,0,0,0,13000,0,13000,13000
07487P,鴻海國票9A售01  ,0,0,0,0,0,0,0,0,0,12000,0,0,0,38000,26000,12000,12000
06752P,訊芯凱基98售05  ,0,0,0,0,0,0,0,0,0,12000,0,0,0,18000,6000,12000,12000
07303P,臺股指元大9A售36,0,0,0,0,0,0,0,0,0,12000,0,0,0,12000,0,12000,12000
065441,義隆麥證9C購01  ,0,0,0,12000,0,12000,0,0,0,12000,0,0,0,12000,0,12000,12000
06549P,大立光元大98售11,0,0,0,0,0,0,0,0,0,12000,0,0,0,12000,0,12000,12000
2497,怡利電          ,0,3000,-3000,0,0,0,15000,0,15000,0,0,0,0,0,0,0,12000
08128P,聯發科元大9B售22,0,0,0,0,0,0,0,0,0,12000,0,0,0,12000,0,12000,12000
054152,漢唐國泰98購02  ,0,0,0,0,0,0,0,0,0,12000,0,0,0,12000,0,12000,12000
055855,牧德元大99購02  ,0,0,0,0,0,0,0,0,0,12000,0,0,0,12000,0,12000,12000
058946,SGBR2X群益9B購01,0,0,0,0,0,0,0,0,0,12000,0,0,0,55000,43000,12000,12000
056744,麗豐凱基9A購01  ,0,0,0,0,0,0,0,0,0,12000,0,0,0,12000,0,12000,12000
056787,健鼎群益98購01  ,0,0,0,0,0,0,0,0,0,12000,0,0,0,12000,0,12000,12000
061247,玉晶光群益9A購09,0,0,0,0,0,0,0,0,0,12000,0,0,0,45000,33000,12000,12000
058998,鴻海元大99購22  ,0,0,0,0,0,0,0,0,0,12000,0,0,0,122000,110000,12000,12000
060939,鴻海國票9A購06  ,0,0,0,0,0,0,0,0,0,12000,0,0,0,34000,22000,12000,12000
060789,禾伸堂富邦9B購02,0,0,0,0,0,0,0,0,0,12000,0,0,0,12000,0,12000,12000
062180,瑞昱元大9B購03  ,0,0,0,0,0,0,0,0,0,12000,0,0,0,12000,0,12000,12000
062254,台光電元大9B購02,0,0,0,0,0,0,0,0,0,12000,0,0,0,20000,8000,12000,12000
061701,友達國票9B購02  ,0,0,0,0,0,0,0,0,0,12000,0,0,0,12000,0,12000,12000
059340,鴻海凱基9A購12  ,0,0,0,0,0,0,0,0,0,12000,0,0,0,26000,14000,12000,12000
060633,玉晶光富邦02購01,0,0,0,0,0,0,0,0,0,12000,0,0,0,37000,25000,12000,12000
059401,牧德元富99購01  ,0,0,0,0,0,0,0,0,0,12000,0,0,0,12000,0,12000,12000
061442,玉晶光永豐9A購07,0,0,0,0,0,0,0,0,0,12000,0,0,0,12000,0,12000,12000
063626,聚陽元大9B購03  ,0,0,0,0,0,0,0,0,0,12000,0,0,0,80000,68000,12000,12000
063166,超眾永豐9B購01  ,0,0,0,0,0,0,0,0,0,12000,0,0,0,48000,36000,12000,12000
063321,泰鼎群益9B購03  ,0,0,0,0,0,0,0,0,0,12000,0,0,0,12000,0,12000,12000
063447,聯發科統一9B購12,0,0,0,0,0,0,0,0,0,12000,0,0,0,22000,10000,12000,12000
064994,南電兆豐01購01  ,0,0,0,0,0,0,0,0,0,12000,0,0,0,51000,39000,12000,12000
06481P,台積電凱基98售12,0,0,0,0,0,0,0,0,0,12000,0,0,0,22000,10000,12000,12000
064541,元黃金凱基01購02,0,0,0,0,0,0,0,0,0,12000,0,0,0,15000,3000,12000,12000
064496,聯發科元大9C購10,0,0,0,0,0,0,0,0,0,12000,0,0,0,96000,84000,12000,12000
064750,緯穎麥證9C購01  ,0,0,0,21000,9000,12000,0,0,0,12000,0,0,0,21000,9000,12000,12000
063959,GIS元大9C購02   ,0,0,0,0,0,0,0,0,0,12000,0,0,0,130000,118000,12000,12000
08162P,台灣50台新9C售06,0,0,0,0,0,0,0,0,0,11000,0,0,0,11000,0,11000,11000
07938P,國巨統一9B售10  ,0,0,0,0,0,0,0,0,0,11000,0,0,0,11000,0,11000,11000
08045P,健策國票9B售01  ,0,0,0,0,0,0,0,0,0,11000,0,0,0,11000,0,11000,11000
06736P,新日興凱基98售03,0,0,0,0,0,0,0,0,0,11000,0,0,0,14000,3000,11000,11000
07284P,大立光凱基99售10,0,0,0,0,0,0,0,0,0,11000,0,0,0,11000,0,11000,11000
06744P,嘉聯益永豐98售03,0,0,0,0,0,0,0,0,0,11000,0,0,0,110000,99000,11000,11000
056186,智原統一97購01  ,0,0,0,0,0,0,0,0,0,11000,0,0,0,11000,0,11000,11000
061816,長榮航群益9B購02,0,0,0,0,0,0,0,0,0,11000,0,0,0,64000,53000,11000,11000
061740,華新科凱基03購01,0,0,0,0,0,0,0,0,0,11000,0,0,0,13000,2000,11000,11000
057774,台光電群益99購02,0,0,0,0,0,0,0,0,0,11000,0,0,0,46000,35000,11000,11000
055874,中環元富9A購01  ,0,0,0,0,0,0,0,0,0,11000,0,0,0,11000,0,11000,11000
055569,聚陽統一98購01  ,0,0,0,0,0,0,0,0,0,11000,0,0,0,11000,0,11000,11000
055330,上銀兆豐98購02  ,0,0,0,0,0,0,0,0,0,11000,0,0,0,35000,24000,11000,11000
061486,國巨兆豐9B購02  ,0,0,0,0,0,0,0,0,0,11000,0,0,0,111000,100000,11000,11000
06148P,台積電元大97售17,0,0,0,0,0,0,0,0,0,11000,0,0,0,11000,0,11000,11000
060609,玉晶光凱基9B購01,0,0,0,0,0,0,0,0,0,11000,0,0,0,11000,0,11000,11000
059404,鴻海台新99購03  ,0,0,0,0,0,0,0,0,0,11000,0,0,0,22000,11000,11000,11000
060476,瑞祺元大9A購02  ,0,0,0,0,0,0,0,0,0,11000,0,0,0,13000,2000,11000,11000
059347,京鼎凱基99購02  ,0,0,0,0,0,0,0,0,0,11000,0,0,0,11000,0,11000,11000
058727,嘉晶富邦9A購01  ,0,0,0,0,0,0,0,0,0,11000,0,0,0,11000,0,11000,11000
059832,超眾康和99購01  ,0,0,0,0,0,0,0,0,0,11000,0,0,0,55000,44000,11000,11000
059829,超眾凱基99購05  ,0,0,0,0,0,0,0,0,0,11000,0,0,0,36000,25000,11000,11000
058989,茂林凱基99購02  ,0,0,0,0,0,0,0,0,0,11000,0,0,0,11000,0,11000,11000
061539,國巨群益9B購03  ,0,0,0,0,0,0,0,0,0,11000,0,0,0,11000,0,11000,11000
059094,臻鼎元大99購03  ,0,0,0,0,0,0,0,0,0,11000,0,0,0,79000,68000,11000,11000
061255,道瓊反凱基9C購01,0,0,0,0,0,0,0,0,0,11000,0,0,0,11000,0,11000,11000
064042,國巨統一9C購12  ,0,0,0,0,0,0,0,0,0,11000,0,0,0,36000,25000,11000,11000
064313,嘉晶群益9C購02  ,0,0,0,0,0,0,0,0,0,11000,0,0,0,111000,100000,11000,11000
064615,智邦元大01購01  ,0,0,0,0,0,0,0,0,0,11000,0,0,0,146000,135000,11000,11000
064544,國巨凱基9C購09  ,0,0,0,0,0,0,0,0,0,11000,0,0,0,79000,68000,11000,11000
063377,泰鼎永豐9B購03  ,0,0,0,0,0,0,0,0,0,11000,0,0,0,11000,0,11000,11000
063743,道瓊反國票9C購02,0,0,0,0,0,0,0,0,0,11000,0,0,0,11000,0,11000,11000
06249P,億光統一97售02  ,0,0,0,0,0,0,0,0,0,11000,0,0,0,11000,0,11000,11000
062670,瑞昱中信03購01  ,0,0,0,0,0,0,0,0,0,11000,0,0,0,12000,1000,11000,11000
07030P,鈺齊群益99售01  ,0,0,0,0,0,0,0,0,0,10000,0,0,0,10000,0,10000,10000
06949P,台表科元大99售01,0,0,0,0,0,0,0,0,0,10000,0,0,0,10000,0,10000,10000
07256P,臺股指凱基99售36,0,0,0,0,0,0,0,0,0,10000,0,0,0,10000,0,10000,10000
07260P,台灣50元大9A售01,0,0,0,0,0,0,0,0,0,10000,0,0,0,10000,0,10000,10000
07093P,台積電凱基99售07,0,0,0,0,0,0,0,0,0,10000,0,0,0,20000,10000,10000,10000
07115P,T50反1日盛9C售02,0,0,0,0,0,0,0,0,0,10000,0,0,0,10000,0,10000,10000
07509P,牧德國票9A售03  ,0,0,0,0,0,0,0,0,0,10000,0,0,0,10000,0,10000,10000
07346P,FBVIX群益99售04 ,0,0,0,0,0,0,0,0,0,10000,0,0,0,10000,0,10000,10000
07395P,台積電群益99售13,0,0,0,0,0,0,0,0,0,10000,0,0,0,10000,0,10000,10000
07517P,台積電元大9A售17,0,0,0,0,0,0,0,0,0,10000,0,0,0,10000,0,10000,10000
07519P,臺股指元大9B售10,0,0,0,0,0,0,0,0,0,10000,0,0,0,10000,0,10000,10000
07533P,臺股指中信9C售04,0,0,0,0,0,0,0,0,0,10000,0,0,0,10000,0,10000,10000
07700P,臺股指元大9A售53,0,0,0,0,0,0,0,0,0,10000,0,0,0,10000,0,10000,10000
07692P,玉晶光元大9A售11,0,0,0,0,0,0,0,0,0,10000,0,0,0,10000,0,10000,10000
07892P,臺股指國票9B售02,0,0,0,0,0,0,0,0,0,10000,0,0,0,30000,20000,10000,10000
07854P,台積電凱基9A售28,0,0,0,0,0,0,0,0,0,10000,0,0,0,20000,10000,10000,10000
06730P,祥碩元大98售07  ,0,0,0,0,0,0,0,0,0,10000,0,0,0,94000,84000,10000,10000
06634P,欣興國票98售02  ,0,0,0,0,0,0,0,0,0,10000,0,0,0,10000,0,10000,10000
06576P,台光電群益98售03,0,0,0,0,0,0,0,0,0,10000,0,0,0,10000,0,10000,10000
06595P,祥碩元大98售03  ,0,0,0,0,0,0,0,0,0,10000,0,0,0,10000,0,10000,10000
06550P,健策元大99售01  ,0,0,0,0,0,0,0,0,0,10000,0,0,0,10000,0,10000,10000
065593,達新元大9C購02  ,0,0,0,0,0,0,0,0,0,10000,0,0,0,10000,0,10000,10000
065437,台表科凱基9C購03,0,0,0,0,0,0,0,0,0,10000,0,0,0,10000,0,10000,10000
065430,可成凱基02購03  ,0,0,0,0,0,0,0,0,0,10000,0,0,0,12000,2000,10000,10000
065452,康友統一02購01  ,0,0,0,0,0,0,0,0,0,10000,0,0,0,10000,0,10000,10000
06518P,奇力新兆豐99售01,0,0,0,0,0,0,0,0,0,10000,0,0,0,10000,0,10000,10000
06527P,T50正2富邦9C售01,0,0,0,0,0,0,0,0,0,10000,0,0,0,20000,10000,10000,10000
065397,宏達電群益9C購03,0,0,0,0,0,0,0,0,0,10000,0,0,0,10000,0,10000,10000
06538P,國巨凱基98售11  ,0,0,0,0,0,0,0,0,0,10000,0,0,0,10000,0,10000,10000
07929P,旺宏統一9B售07  ,0,0,0,0,0,0,0,0,0,10000,0,0,0,10000,0,10000,10000
07953P,健策元大9B售07  ,0,0,0,0,0,0,0,0,0,10000,0,0,0,10000,0,10000,10000
08278P,玉晶光元富9C售02,0,0,0,0,0,0,0,0,0,10000,0,0,0,30000,20000,10000,10000
08401P,玉晶光元富9C售04,0,0,0,0,0,0,0,0,0,10000,0,0,0,11000,1000,10000,10000
08456P,聯發科元大9C售13,0,0,0,0,0,0,0,0,0,10000,0,0,0,10000,0,10000,10000
08459P,聯發科兆豐9C售04,0,0,0,0,0,0,0,0,0,10000,0,0,0,10000,0,10000,10000
08440P,玉晶光國票01售05,0,0,0,0,0,0,0,0,0,10000,0,0,0,25000,15000,10000,10000
08306P,台積電凱基01售04,0,0,0,0,0,0,0,0,0,10000,0,0,0,20000,10000,10000,10000
08318P,台積電台新01售01,0,0,0,0,0,0,0,0,0,10000,0,0,0,10000,0,10000,10000
08581P,臺股指元大9C售29,0,0,0,0,0,0,0,0,0,10000,0,0,0,10000,0,10000,10000
08516P,技嘉群益01售02  ,0,0,0,0,0,0,0,0,0,10000,0,0,0,10000,0,10000,10000
08511P,電子類富邦9C售02,0,0,0,0,0,0,0,0,0,10000,0,0,0,10000,0,10000,10000
1786,科妍            ,16000,6000,10000,0,0,0,0,0,0,0,0,0,0,0,0,0,10000
055319,國巨國票98購03  ,0,0,0,0,0,0,0,0,0,10000,0,0,0,10000,0,10000,10000
055369,友訊元大97購01  ,0,0,0,0,0,0,0,0,0,10000,0,0,0,10000,0,10000,10000
057000,亞德客國票99購01,0,0,0,0,0,0,0,0,0,10000,0,0,0,10000,0,10000,10000
057040,國巨元大98購12  ,0,0,0,0,0,0,0,0,0,10000,0,0,0,36000,26000,10000,10000
055124,建準兆豐97購01  ,0,0,0,0,0,0,0,0,0,10000,0,0,0,10000,0,10000,10000
055307,瑞昱群益97購02  ,0,0,0,0,0,0,0,0,0,10000,0,0,0,10000,0,10000,10000
057988,鈺齊元富98購02  ,0,0,0,0,0,0,0,0,0,10000,0,0,0,10000,0,10000,10000
058007,南電群益98購02  ,0,0,0,0,0,0,0,0,0,10000,0,0,0,12000,2000,10000,10000
057970,國巨富邦99購03  ,0,0,0,0,0,0,0,0,0,10000,0,0,0,10000,0,10000,10000
058040,FBVIX元大98購01 ,0,0,0,0,0,0,0,0,0,10000,0,0,0,10000,0,10000,10000
055584,國巨元大97購11  ,0,0,0,0,0,0,0,0,0,10000,0,0,0,10000,0,10000,10000
055588,瑞昱元大97購03  ,0,0,0,0,0,0,0,0,0,10000,0,0,0,10000,0,10000,10000
055507,樺漢元大98購02  ,0,0,0,0,0,0,0,0,0,10000,0,0,0,10000,0,10000,10000
055469,台光電凱基97購01,0,0,0,0,0,0,0,0,0,10000,0,0,0,10000,0,10000,10000
054756,世紀鋼凱基99購01,0,0,0,0,0,0,0,0,0,10000,0,0,0,10000,0,10000,10000
055640,鴻海元富97購03  ,0,0,0,0,0,0,0,0,0,10000,0,0,0,10000,0,10000,10000
055631,創意永豐98購01  ,0,0,0,0,0,0,0,0,0,10000,0,0,0,12000,2000,10000,10000
054851,樺漢兆豐97購01  ,0,0,0,0,0,0,0,0,0,10000,0,0,0,10000,0,10000,10000
054375,貿聯中信99購01  ,0,0,0,0,0,0,0,0,0,10000,0,0,0,10000,0,10000,10000
054463,瑞昱凱基97購01  ,0,0,0,0,0,0,0,0,0,10000,0,0,0,10000,0,10000,10000
054285,國巨元大98購02  ,0,0,0,0,0,0,0,0,0,10000,0,0,0,30000,20000,10000,10000
054237,茂林群益97購01  ,0,0,0,0,0,0,0,0,0,10000,0,0,0,10000,0,10000,10000
054959,禾伸堂元大98購01,0,0,0,0,0,0,0,0,0,10000,0,0,0,39000,29000,10000,10000
054633,臺股指凱基9A購02,0,0,0,0,0,0,0,0,0,10000,0,0,0,10000,0,10000,10000
054634,FB上証中信99購01,0,0,0,0,0,0,0,0,0,10000,0,0,0,10000,0,10000,10000
055854,群創元大98購04  ,0,0,0,0,0,0,0,0,0,10000,0,0,0,10000,0,10000,10000
055887,上銀統一97購03  ,0,0,0,0,0,0,0,0,0,10000,0,0,0,10000,0,10000,10000
053491,鴻海兆豐97購02  ,0,0,0,0,0,0,0,0,0,10000,0,0,0,10000,0,10000,10000
055935,創意群益97購02  ,0,0,0,0,0,0,0,0,0,10000,0,0,0,10000,0,10000,10000
055940,致新群益98購01  ,0,0,0,0,0,0,0,0,0,10000,0,0,0,10000,0,10000,10000
053527,創意中信97購01  ,0,0,0,0,0,0,0,0,0,10000,0,0,0,10000,0,10000,10000
055993,致茂國泰99購01  ,0,0,0,0,0,0,0,0,0,10000,0,0,0,10000,0,10000,10000
055999,電子類富邦99購01,0,0,0,0,0,0,0,0,0,10000,0,0,0,10000,0,10000,10000
056035,鴻海凱基97購06  ,0,0,0,0,0,0,0,0,0,10000,0,0,0,20000,10000,10000,10000
055967,臻鼎元大97購01  ,0,0,0,0,0,0,0,0,0,10000,0,0,0,10000,0,10000,10000
052331,漢唐亞東97購01  ,0,0,0,0,0,0,0,0,0,10000,0,0,0,10000,0,10000,10000
05579P,友達凱基98售03  ,0,0,0,0,0,0,0,0,0,10000,0,0,0,10000,0,10000,10000
055821,勤誠國票98購01  ,0,0,0,0,0,0,0,0,0,10000,0,0,0,10000,0,10000,10000
044247,道瓊反元富97購01,0,0,0,0,0,0,0,0,0,10000,0,0,0,10000,0,10000,10000
051268,創意富邦97購01  ,0,0,0,0,0,0,0,0,0,10000,0,0,0,10000,0,10000,10000
00684R,元大美元指數反1 ,0,0,0,0,0,0,0,0,0,10000,0,0,0,13000,3000,10000,10000
053344,嘉晶國票97購02  ,0,0,0,0,0,0,0,0,0,10000,0,0,0,10000,0,10000,10000
053292,美律中信98購01  ,0,0,0,0,0,0,0,0,0,10000,0,0,0,40000,30000,10000,10000
052785,滬深2X中信99購03,0,0,0,0,0,0,0,0,0,10000,0,0,0,10000,0,10000,10000
052809,訊芯元大97購01  ,0,0,0,0,0,0,0,0,0,10000,0,0,0,10000,0,10000,10000
053316,友達群益9A購01  ,0,0,0,0,0,0,0,0,0,10000,0,0,0,10000,0,10000,10000
057712,南亞科統一9A購01,0,0,0,0,0,0,0,0,0,10000,0,0,0,10000,0,10000,10000
057924,健策凱基98購02  ,0,0,0,0,0,0,0,0,0,10000,0,0,0,12000,2000,10000,10000
057559,可成兆豐99購02  ,0,0,0,0,0,0,0,0,0,10000,0,0,0,10000,0,10000,10000
057404,貿聯群益99購01  ,0,0,0,0,0,0,0,0,0,10000,0,0,0,10000,0,10000,10000
056414,國巨中信98購02  ,0,0,0,0,0,0,0,0,0,10000,0,0,0,10000,0,10000,10000
057467,祥碩永豐98購04  ,0,0,0,0,0,0,0,0,0,10000,0,0,0,10000,0,10000,10000
057408,台郡群益98購01  ,0,0,0,0,0,0,0,0,0,10000,0,0,0,10000,0,10000,10000
061741,新光金凱基9B購01,0,0,0,0,0,0,0,0,0,10000,0,0,0,10000,0,10000,10000
061905,上証反中信03購01,0,0,0,0,0,0,0,0,0,10000,0,0,0,10000,0,10000,10000
061916,元金2X凱基02購01,0,0,0,0,0,0,0,0,0,10000,0,0,0,10000,0,10000,10000
06187P,國巨統一97售05  ,0,0,0,0,0,0,0,0,0,10000,0,0,0,10000,0,10000,10000
061827,台灣50凱基02購01,0,0,0,0,0,0,0,0,0,10000,0,0,0,10000,0,10000,10000
061847,力山國票9B購01  ,0,0,0,0,0,0,0,0,0,10000,0,0,0,10000,0,10000,10000
061783,友達群益9B購01  ,0,0,0,0,0,0,0,0,0,10000,0,0,0,10000,0,10000,10000
061793,上銀永豐9B購01  ,0,0,0,0,0,0,0,0,0,10000,0,0,0,10000,0,10000,10000
058937,仁寶中信99購01  ,0,0,0,0,0,0,0,0,0,10000,0,0,0,20000,10000,10000,10000
060149,元金2X富邦04購01,0,0,0,0,0,0,0,0,0,10000,0,0,0,10000,0,10000,10000
056170,鴻海元富97購09  ,0,0,0,0,0,0,0,0,0,10000,0,0,0,10000,0,10000,10000
056232,瑞儀凱基98購01  ,0,0,0,0,0,0,0,0,0,10000,0,0,0,10000,0,10000,10000
058138,晶相光元大9C購01,0,0,0,0,0,0,0,0,0,10000,0,0,0,10000,0,10000,10000
058127,FBVIX元大9C購01 ,0,0,0,0,0,0,0,0,0,10000,0,0,0,10000,0,10000,10000
058128,FBVIX元大9C購02 ,0,0,0,0,0,0,0,0,0,10000,0,0,0,10000,0,10000,10000
058130,瑞昱元大99購01  ,0,0,0,0,0,0,0,0,0,10000,0,0,0,10000,0,10000,10000
058134,信邦元大99購01  ,0,0,0,0,0,0,0,0,0,10000,0,0,0,51000,41000,10000,10000
057220,鈺齊群益98購01  ,0,0,0,0,0,0,0,0,0,10000,0,0,0,10000,0,10000,10000
058167,鴻海凱基9A購03  ,0,0,0,0,0,0,0,0,0,10000,0,0,0,24000,14000,10000,10000
056286,奇鋐永豐97購01  ,0,0,0,0,0,0,0,0,0,10000,0,0,0,10000,0,10000,10000
056566,臻鼎群益98購01  ,0,0,0,0,0,0,0,0,0,10000,0,0,0,10000,0,10000,10000
056662,臺股指元大9A購09,0,0,0,0,0,0,0,0,0,10000,0,0,0,10000,0,10000,10000
056571,燿華元大98購02  ,0,0,0,0,0,0,0,0,0,10000,0,0,0,116000,106000,10000,10000
056576,晶技元大99購02  ,0,0,0,0,0,0,0,0,0,10000,0,0,0,56000,46000,10000,10000
056624,景碩永豐98購01  ,0,0,0,0,0,0,0,0,0,10000,0,0,0,10000,0,10000,10000
056842,全新元富98購01  ,0,0,0,0,0,0,0,0,0,10000,0,0,0,10000,0,10000,10000
056764,友達元大9A購03  ,0,0,0,0,0,0,0,0,0,10000,0,0,0,10000,0,10000,10000
056765,友達元大9B購05  ,0,0,0,0,0,0,0,0,0,10000,0,0,0,10000,0,10000,10000
056716,康舒永豐98購01  ,0,0,0,0,0,0,0,0,0,10000,0,0,0,10000,0,10000,10000
056488,致新元大99購01  ,0,0,0,0,0,0,0,0,0,10000,0,0,0,10000,0,10000,10000
057641,旺宏元大98購10  ,0,0,0,0,0,0,0,0,0,10000,0,0,0,10000,0,10000,10000
057582,亞光中信9A購02  ,0,0,0,0,0,0,0,0,0,10000,0,0,0,50000,40000,10000,10000
056533,友達凱基9A購02  ,0,0,0,0,0,0,0,0,0,10000,0,0,0,10000,0,10000,10000
057364,國巨元大98購18  ,0,0,0,0,0,0,0,0,0,10000,0,0,0,42000,32000,10000,10000
057321,台泥群益98購01  ,0,0,0,0,0,0,0,0,0,10000,0,0,0,10000,0,10000,10000
061242,玉晶光兆豐9B購02,0,0,0,0,0,0,0,0,0,10000,0,0,0,10000,0,10000,10000
061206,旺宏元大9A購12  ,0,0,0,0,0,0,0,0,0,10000,0,0,0,20000,10000,10000,10000
059120,致伸永豐99購01  ,0,0,0,0,0,0,0,0,0,10000,0,0,0,13000,3000,10000,10000
059128,友達中信99購02  ,0,0,0,0,0,0,0,0,0,10000,0,0,0,10000,0,10000,10000
059699,華通凱基99購04  ,0,0,0,0,0,0,0,0,0,10000,0,0,0,10000,0,10000,10000
058788,喬山元大99購01  ,0,0,0,0,0,0,0,0,0,10000,0,0,0,15000,5000,10000,10000
05851P,力山群益97售01  ,0,0,0,0,0,0,0,0,0,10000,0,0,0,10000,0,10000,10000
058455,玉晶光永豐99購03,0,0,0,0,0,0,0,0,0,10000,0,0,0,22000,12000,10000,10000
06116P,臺股指日盛97售01,0,0,0,0,0,0,0,0,0,10000,0,0,0,610000,600000,10000,10000
061151,友訊群益9A購01  ,0,0,0,0,0,0,0,0,0,10000,0,0,0,20000,10000,10000,10000
061125,億光永豐9A購01  ,0,0,0,0,0,0,0,0,0,10000,0,0,0,15000,5000,10000,10000
060230,台積電元大9A購07,0,0,0,0,0,0,0,0,0,10000,0,0,0,101000,91000,10000,10000
060209,喬山康和9A購01  ,0,0,0,0,0,0,0,0,0,10000,0,0,0,10000,0,10000,10000
060197,臻鼎元富9A購02  ,0,0,0,0,0,0,0,0,0,10000,0,0,0,12000,2000,10000,10000
061570,瑞昱元大9A購05  ,0,0,0,0,0,0,0,0,0,10000,0,0,0,10000,0,10000,10000
061571,奇力新元大9A購03,0,0,0,0,0,0,0,0,0,10000,0,0,0,10000,0,10000,10000
061108,臻鼎元大9A購02  ,0,0,0,0,0,0,0,0,0,10000,0,0,0,10000,0,10000,10000
059863,和大凱基99購01  ,0,0,0,0,0,0,0,0,0,10000,0,0,0,10000,0,10000,10000
059883,T50反1國票99購02,0,0,0,0,0,0,0,0,0,10000,0,0,0,10000,0,10000,10000
059935,國巨永豐99購07  ,0,0,0,0,0,0,0,0,0,10000,0,0,0,11000,1000,10000,10000
059826,欣興凱基99購06  ,0,0,0,0,0,0,0,0,0,10000,0,0,0,10000,0,10000,10000
059817,華通凱基99購05  ,0,0,0,0,0,0,0,0,0,10000,0,0,0,10000,0,10000,10000
059247,可成凱基99購05  ,0,0,0,0,0,0,0,0,0,10000,0,0,0,25000,15000,10000,10000
059629,友達凱基99購06  ,0,0,0,0,0,0,0,0,0,10000,0,0,0,10000,0,10000,10000
060409,味全永豐9A購01  ,0,0,0,0,0,0,0,0,0,10000,0,0,0,60000,50000,10000,10000
059665,嘉聯益元大99購06,0,0,0,0,0,0,0,0,0,10000,0,0,0,10000,0,10000,10000
060823,旺宏元大9A購05  ,0,0,0,0,0,0,0,0,0,10000,0,0,0,10000,0,10000,10000
058212,華新科群益9A購01,0,0,0,0,0,0,0,0,0,10000,0,0,0,10000,0,10000,10000
061335,國巨元大9A購19  ,0,0,0,0,0,0,0,0,0,10000,0,0,0,10000,0,10000,10000
061296,台積電國泰9C購01,0,0,0,0,0,0,0,0,0,10000,0,0,0,10000,0,10000,10000
061302,晶技永豐9A購04  ,0,0,0,0,0,0,0,0,0,10000,0,0,0,10000,0,10000,10000
062021,康控永豐9B購01  ,0,0,0,0,0,0,0,0,0,10000,0,0,0,20000,10000,10000,10000
062134,國巨群益9B購04  ,0,0,0,0,0,0,0,0,0,10000,0,0,0,16000,6000,10000,10000
062259,可成元大9B購03  ,0,0,0,0,0,0,0,0,0,10000,0,0,0,10000,0,10000,10000
062357,國巨元大9B購11  ,0,0,0,0,0,0,0,0,0,10000,0,0,0,14000,4000,10000,10000
061927,玉晶光凱基9C購01,0,0,0,0,0,0,0,0,0,10000,0,0,0,10000,0,10000,10000
061944,聯電群益9B購01  ,0,0,0,0,0,0,0,0,0,10000,0,0,0,10000,0,10000,10000
062658,聯茂第一9B購01  ,0,0,0,0,0,0,0,0,0,10000,0,0,0,10000,0,10000,10000
059261,華邦電中信01購01,0,0,0,0,0,0,0,0,0,10000,0,0,0,60000,50000,10000,10000
058267,奇鋐永豐99購01  ,0,0,0,0,0,0,0,0,0,10000,0,0,0,20000,10000,10000,10000
060638,玉晶光永豐9A購04,0,0,0,0,0,0,0,0,0,10000,0,0,0,10000,0,10000,10000
060651,瑞儀中信9B購01  ,0,0,0,0,0,0,0,0,0,10000,0,0,0,10000,0,10000,10000
060675,南亞科元大9A購02,0,0,0,0,0,0,0,0,0,10000,0,0,0,11000,1000,10000,10000
061389,華新科群益9B購01,0,0,0,0,0,0,0,0,0,10000,0,0,0,20000,10000,10000,10000
061384,T50反1群益9A購04,0,0,0,0,0,0,0,0,0,10000,0,0,0,10000,0,10000,10000
060489,世紀鋼群益9A購01,0,0,0,0,0,0,0,0,0,10000,0,0,0,10000,0,10000,10000
060455,葡萄王元大9A購02,0,0,0,0,0,0,0,0,0,10000,0,0,0,10000,0,10000,10000
058356,華邦電凱基99購01,0,0,0,0,0,0,0,0,0,10000,0,0,0,20000,10000,10000,10000
059370,玉晶光元富99購02,0,0,0,0,0,0,0,0,0,10000,0,0,0,10000,0,10000,10000
059466,國巨元大99購26  ,0,0,0,0,0,0,0,0,0,10000,0,0,0,16000,6000,10000,10000
059471,華新科元大99購17,0,0,0,0,0,0,0,0,0,10000,0,0,0,10000,0,10000,10000
060582,玉晶光群益9C購01,0,0,0,0,0,0,0,0,0,10000,0,0,0,10000,0,10000,10000
059510,華新科永豐99購07,0,0,0,0,0,0,0,0,0,10000,0,0,0,10000,0,10000,10000
061656,華新科國票9A購08,0,0,0,0,0,0,0,0,0,10000,0,0,0,10000,0,10000,10000
061452,大成鋼凱基9A購01,0,0,0,0,0,0,0,0,0,10000,0,0,0,20000,10000,10000,10000
061456,玉晶光凱基9B購05,0,0,0,0,0,0,0,0,0,10000,0,0,0,10000,0,10000,10000
062673,台新金中信03購01,0,0,0,0,0,0,0,0,0,10000,0,0,0,10000,0,10000,10000
06271P,彩晶凱基97售01  ,0,0,0,0,0,0,0,0,0,10000,0,0,0,10000,0,10000,10000
062558,義隆凱基9B購02  ,0,0,0,0,0,0,0,0,0,10000,0,0,0,26000,16000,10000,10000
062482,台表科國票9B購01,0,0,0,0,0,0,0,0,0,10000,0,0,0,10000,0,10000,10000
062835,瑞儀群益9B購01  ,0,0,0,0,0,0,0,0,0,10000,0,0,0,10000,0,10000,10000
063030,華通凱基9B購03  ,0,0,0,0,0,0,0,0,0,10000,0,0,0,12000,2000,10000,10000
063031,鴻海凱基9C購01  ,0,0,0,0,0,0,0,0,0,10000,0,0,0,67000,57000,10000,10000
063139,聯發科統一9B購07,0,0,0,0,0,0,0,0,0,10000,0,0,0,15000,5000,10000,10000
063696,T50反1群益9B購03,0,0,0,0,0,0,0,0,0,10000,0,0,0,10000,0,10000,10000
06356P,啟碁永豐97售01  ,0,0,0,0,0,0,0,0,0,10000,0,0,0,10000,0,10000,10000
063353,上銀元富9B購03  ,0,0,0,0,0,0,0,0,0,10000,0,0,0,75000,65000,10000,10000
063247,信邦元大9B購02  ,0,0,0,0,0,0,0,0,0,10000,0,0,0,20000,10000,10000,10000
063307,同欣電凱基9B購02,0,0,0,0,0,0,0,0,0,10000,0,0,0,50000,40000,10000,10000
064546,燿華凱基02購01  ,0,0,0,0,0,0,0,0,0,10000,0,0,0,31000,21000,10000,10000
064555,力山群益01購01  ,0,0,0,0,0,0,0,0,0,10000,0,0,0,10000,0,10000,10000
064462,致伸統一02購01  ,0,0,0,0,0,0,0,0,0,10000,0,0,0,10000,0,10000,10000
064678,嘉晶兆豐01購01  ,0,0,0,0,0,0,0,0,0,10000,0,0,0,10000,0,10000,10000
064741,南亞科國票01購01,0,0,0,0,0,0,0,0,0,10000,0,0,0,10000,0,10000,10000
064713,和大統一02購01  ,0,0,0,0,0,0,0,0,0,10000,0,0,0,10000,0,10000,10000
064805,金像電元大9C購04,0,0,0,0,0,0,0,0,0,10000,0,0,0,54000,44000,10000,10000
064765,緯穎凱基9C購02  ,0,0,0,0,0,0,0,0,0,10000,0,0,0,175000,165000,10000,10000
064866,義隆永豐9C購02  ,0,0,0,0,0,0,0,0,0,10000,0,0,0,20000,10000,10000,10000
064958,GIS凱基02購03   ,0,0,0,0,0,0,0,0,0,10000,0,0,0,60000,50000,10000,10000
06501P,臺股指元大9A售06,0,0,0,0,0,0,0,0,0,10000,0,0,0,10000,0,10000,10000
064346,貿聯元大01購01  ,0,0,0,0,0,0,0,0,0,10000,0,0,0,10000,0,10000,10000
064373,和大元富03購01  ,0,0,0,0,0,0,0,0,0,10000,0,0,0,10000,0,10000,10000
06413P,聯發科凱基97售11,0,0,0,0,0,0,0,0,0,10000,0,0,0,10000,0,10000,10000
064196,健策群益01購01  ,0,0,0,0,0,0,0,0,0,10000,0,0,0,33000,23000,10000,10000
064007,嘉澤凱基02購01  ,0,0,0,0,0,0,0,0,0,10000,0,0,0,10000,0,10000,10000
064069,華新科永豐9C購01,0,0,0,0,0,0,0,0,0,10000,0,0,0,10000,0,10000,10000
06389P,聯發科兆豐97售01,0,0,0,0,0,0,0,0,0,10000,0,0,0,10000,0,10000,10000
063890,正隆群益9C購01  ,0,0,0,0,0,0,0,0,0,10000,0,0,0,10000,0,10000,10000
9929,秋雨            ,10000,0,10000,0,0,0,0,0,0,0,0,0,0,0,0,0,10000
1537,廣隆            ,65000,54000,11000,0,0,0,0,2000,-2000,0,0,0,0,0,0,0,9000
1324,地球            ,11000,2000,9000,0,0,0,0,0,0,0,0,0,0,0,0,0,9000
3528,安馳            ,21000,10000,11000,0,0,0,0,0,0,-2000,0,2000,-2000,0,0,0,9000
08554P,玉晶光國票01售06,0,0,0,0,0,0,0,0,0,9000,0,0,0,138000,129000,9000,9000
07935P,臺股指國票9B售07,0,0,0,0,0,0,0,0,0,9000,0,0,0,10000,1000,9000,9000
08075P,聯電群益9C售01  ,0,0,0,0,0,0,0,0,0,9000,0,0,0,14000,5000,9000,9000
065333,冠德國票01購01  ,0,0,0,0,0,0,0,0,0,9000,0,0,0,28000,19000,9000,9000
06545P,致茂元大98售01  ,0,0,0,0,0,0,0,0,0,9000,0,0,0,9000,0,9000,9000
07107P,臺股指統一99售07,0,0,0,0,0,0,0,0,0,9000,0,0,0,9000,0,9000,9000
07051P,大立光中信99售02,0,0,0,0,0,0,0,0,0,9000,0,0,0,29000,20000,9000,9000
06932P,大立光元大98售21,0,0,0,0,0,0,0,0,0,9000,0,0,0,9000,0,9000,9000
06961P,台積電凱基99售05,0,0,0,0,0,0,0,0,0,9000,0,0,0,20000,11000,9000,9000
061782,智邦群益9B購01  ,0,0,0,0,0,0,0,0,0,9000,0,0,0,69000,60000,9000,9000
061886,力山國泰01購01  ,0,0,0,0,0,0,0,0,0,9000,0,0,0,14000,5000,9000,9000
057923,晶豪科凱基98購02,0,0,0,0,0,0,0,0,0,9000,0,0,0,69000,60000,9000,9000
057741,超眾富邦98購01  ,0,0,0,0,0,0,0,0,0,9000,0,0,0,9000,0,9000,9000
05174P,元金2X富邦9B售01,0,0,0,0,0,0,0,0,0,9000,0,0,0,9000,0,9000,9000
055964,正文元大97購02  ,0,0,0,0,0,0,0,0,0,9000,0,0,0,9000,0,9000,9000
056072,群創元大97購01  ,0,0,0,0,0,0,0,0,0,9000,0,0,0,9000,0,9000,9000
053610,矽力中信98購01  ,0,0,0,0,0,0,0,0,0,9000,0,0,0,9000,0,9000,9000
054627,義隆凱基98購01  ,0,0,0,0,0,0,0,0,0,9000,0,0,0,39000,30000,9000,9000
054926,神達凱基98購01  ,0,0,0,0,0,0,0,0,0,9000,0,0,0,22000,13000,9000,9000
058006,台郡群益98購04  ,0,0,0,0,0,0,0,0,0,9000,0,0,0,10000,1000,9000,9000
061666,友達中信01購01  ,0,0,0,0,0,0,0,0,0,9000,0,0,0,9000,0,9000,9000
060577,玉晶光中信9A購02,0,0,0,0,0,0,0,0,0,9000,0,0,0,9000,0,9000,9000
061611,南六統一01購01  ,0,0,0,0,0,0,0,0,0,9000,0,0,0,56000,47000,9000,9000
062461,智伸科群益9B購01,0,0,0,0,0,0,0,0,0,9000,0,0,0,9000,0,9000,9000
062310,南亞科凱基9B購02,0,0,0,0,0,0,0,0,0,9000,0,0,0,9000,0,9000,9000
062125,嘉晶統一9B購01  ,0,0,0,0,0,0,0,0,0,9000,0,0,0,9000,0,9000,9000
059998,華航元富99購02  ,0,0,0,0,0,0,0,0,0,9000,0,0,0,9000,0,9000,9000
059211,鴻海元大99購27  ,0,0,0,0,0,0,0,0,0,9000,0,0,0,32000,23000,9000,9000
061514,泰碩永豐9A購02  ,0,0,0,0,0,0,0,0,0,9000,0,0,0,10000,1000,9000,9000
059708,立積凱基9A購02  ,0,0,0,0,0,0,0,0,0,9000,0,0,0,38000,29000,9000,9000
063942,台積電元大01購03,0,0,0,0,0,0,0,0,0,9000,0,0,0,29000,20000,9000,9000
064028,大毅元大01購01  ,0,0,0,0,0,0,0,0,0,9000,0,0,0,12000,3000,9000,9000
064148,瑞昱統一02購01  ,0,0,0,0,0,0,0,0,0,9000,0,0,0,19000,10000,9000,9000
064400,大成鋼凱基01購01,0,0,0,0,0,0,0,0,0,9000,0,0,0,79000,70000,9000,9000
064800,鴻海元大9C購12  ,0,0,0,0,0,0,0,0,0,9000,0,0,0,23000,14000,9000,9000
063244,華新科元大9B購11,0,0,0,0,0,0,0,0,0,9000,0,0,0,100000,91000,9000,9000
063703,晶豪科群益9B購02,0,0,0,0,0,0,0,0,0,9000,0,0,0,59000,50000,9000,9000
063752,瑞祺國票9C購01  ,0,0,0,0,0,0,0,0,0,9000,0,0,0,62000,53000,9000,9000
063001,巨大國票9B購01  ,0,0,0,0,0,0,0,0,0,9000,0,0,0,14000,5000,9000,9000
062794,鴻海統一9C購15  ,0,0,0,0,0,0,0,0,0,9000,0,0,0,38000,29000,9000,9000
9136,巨騰-DR         ,10000,1000,9000,0,0,0,0,0,0,0,0,0,0,0,0,0,9000
06803P,臺股指群益98售09,0,0,0,0,0,0,0,0,0,8000,0,0,0,21000,13000,8000,8000
06804P,臺股指群益98售10,0,0,0,0,0,0,0,0,0,8000,0,0,0,8000,0,8000,8000
07317P,T50正2凱基9B售02,0,0,0,0,0,0,0,0,0,8000,0,0,0,19000,11000,8000,8000
07873P,華新科群益9B售03,0,0,0,0,0,0,0,0,0,8000,0,0,0,10000,2000,8000,8000
07730P,臺股指凱基9A售22,0,0,0,0,0,0,0,0,0,8000,0,0,0,8000,0,8000,8000
07388P,臺股指群益9C售07,0,0,0,0,0,0,0,0,0,8000,0,0,0,8000,0,8000,8000
07457P,宏達電元大9A售01,0,0,0,0,0,0,0,0,0,8000,0,0,0,25000,17000,8000,8000
08224P,臺股指凱基9B售19,0,0,0,0,0,0,0,0,0,8000,0,0,0,34000,26000,8000,8000
08549P,大立光元大9C售25,0,0,0,0,0,0,0,0,0,8000,0,0,0,67000,59000,8000,8000
3018,同開            ,11000,3000,8000,0,0,0,0,0,0,0,0,0,0,0,0,0,8000
2414,精技            ,47000,33000,14000,0,0,0,0,0,0,-6000,0,6000,-6000,0,0,0,8000
055182,京鼎統一98購01  ,0,0,0,0,0,0,0,0,0,8000,0,0,0,48000,40000,8000,8000
056068,欣興元大97購05  ,0,0,0,0,0,0,0,0,0,8000,0,0,0,65000,57000,8000,8000
055817,京鼎國票99購01  ,0,0,0,0,0,0,0,0,0,8000,0,0,0,38000,30000,8000,8000
057777,可成群益9A購03  ,0,0,0,0,0,0,0,0,0,8000,0,0,0,18000,10000,8000,8000
057916,國巨凱基98購13  ,0,0,0,0,0,0,0,0,0,8000,0,0,0,10000,2000,8000,8000
056378,欣興元富98購01  ,0,0,0,0,0,0,0,0,0,8000,0,0,0,15000,7000,8000,8000
061855,台郡國票9B購01  ,0,0,0,0,0,0,0,0,0,8000,0,0,0,8000,0,8000,8000
060169,群電永豐9A購01  ,0,0,0,0,0,0,0,0,0,8000,0,0,0,17000,9000,8000,8000
058908,貿聯元大99購03  ,0,0,0,0,0,0,0,0,0,8000,0,0,0,18000,10000,8000,8000
057595,健鼎兆豐98購01  ,0,0,0,0,0,0,0,0,0,8000,0,0,0,48000,40000,8000,8000
056332,台郡國票99購01  ,0,0,0,0,0,0,0,0,0,8000,0,0,0,18000,10000,8000,8000
058181,華新科國泰9B購01,0,0,0,0,0,0,0,0,0,8000,0,0,0,8000,0,8000,8000
056242,緯創群益9A購01  ,0,0,0,0,0,0,0,0,0,8000,0,0,0,8000,0,8000,8000
05620P,大立光富邦9B售01,0,0,0,0,0,0,0,0,0,8000,0,0,0,8000,0,8000,8000
061200,道瓊反元大9A購06,0,0,0,0,0,0,0,0,0,8000,0,0,0,8000,0,8000,8000
059207,臺指反元大9C購02,0,0,0,0,0,0,0,0,0,8000,0,0,0,8000,0,8000,8000
059189,國泰金富邦9B購01,0,0,0,0,0,0,0,0,0,8000,0,0,0,8000,0,8000,8000
060928,明泰永豐9A購01  ,0,0,0,0,0,0,0,0,0,8000,0,0,0,8000,0,8000,8000
062099,牧德永豐9B購01  ,0,0,0,0,0,0,0,0,0,8000,0,0,0,18000,10000,8000,8000
058584,百和群益9A購01  ,0,0,0,0,0,0,0,0,0,8000,0,0,0,8000,0,8000,8000
062380,巨大元大9B購01  ,0,0,0,0,0,0,0,0,0,8000,0,0,0,10000,2000,8000,8000
062226,臻鼎統一9B購01  ,0,0,0,0,0,0,0,0,0,8000,0,0,0,136000,128000,8000,8000
059384,上証2X凱基9B購01,0,0,0,0,0,0,0,0,0,8000,0,0,0,8000,0,8000,8000
062442,華新科元大9C購02,0,0,0,0,0,0,0,0,0,8000,0,0,0,10000,2000,8000,8000
062556,瑞昱凱基9B購02  ,0,0,0,0,0,0,0,0,0,8000,0,0,0,23000,15000,8000,8000
062739,嘉晶國票9B購02  ,0,0,0,0,0,0,0,0,0,8000,0,0,0,11000,3000,8000,8000
063807,超眾兆豐01購01  ,0,0,0,0,0,0,0,0,0,8000,0,0,0,54000,46000,8000,8000
063669,宏達電統一9C購01,0,0,0,0,0,0,0,0,0,8000,0,0,0,23000,15000,8000,8000
063286,嘉澤元大9B購04  ,0,0,0,0,0,0,0,0,0,8000,0,0,0,49000,41000,8000,8000
065040,燿華凱基9C購01  ,0,0,0,0,0,0,0,0,0,8000,0,0,0,72000,64000,8000,8000
064409,彩晶凱基04購01  ,0,0,0,0,0,0,0,0,0,8000,0,0,0,10000,2000,8000,8000
063818,矽創群益9C購01  ,0,0,0,0,0,0,0,0,0,8000,0,0,0,10000,2000,8000,8000
5546,永固-KY         ,8000,0,8000,0,0,0,0,0,0,0,0,0,0,0,0,0,8000
1541,錩泰            ,35000,32000,3000,0,0,0,0,0,0,4000,4000,0,4000,0,0,0,7000
08176P,國巨元大9B售20  ,0,0,0,0,0,0,0,0,0,7000,0,0,0,20000,13000,7000,7000
08043P,電子類群益9B售01,0,0,0,0,0,0,0,0,0,7000,0,0,0,9000,2000,7000,7000
07891P,臺股指國票9B售01,0,0,0,0,0,0,0,0,0,7000,0,0,0,10000,3000,7000,7000
06828P,臺股指國票98售04,0,0,0,0,0,0,0,0,0,7000,0,0,0,7000,0,7000,7000
06697P,台積電國票99售05,0,0,0,0,0,0,0,0,0,7000,0,0,0,24000,17000,7000,7000
056352,鴻海元大99購01  ,0,0,0,0,0,0,0,0,0,7000,0,0,0,52000,45000,7000,7000
056860,正崴群益98購01  ,0,0,0,0,0,0,0,0,0,7000,0,0,0,27000,20000,7000,7000
058927,勤誠元富99購02  ,0,0,0,0,0,0,0,0,0,7000,0,0,0,98000,91000,7000,7000
056419,欣興元富98購02  ,0,0,0,0,0,0,0,0,0,7000,0,0,0,27000,20000,7000,7000
051466,玉晶光富邦97購01,0,0,0,0,0,0,0,0,0,7000,0,0,0,7000,0,7000,7000
052905,潤泰全國票97購01,0,0,0,0,0,0,0,0,0,7000,0,0,0,7000,0,7000,7000
00625K,富邦上証+R      ,0,0,0,0,0,0,0,0,0,7000,0,0,0,57000,50000,7000,7000
057118,欣興日盛9A購01  ,0,0,0,0,0,0,0,0,0,7000,0,0,0,84000,77000,7000,7000
054708,華通統一97購02  ,0,0,0,0,0,0,0,0,0,7000,0,0,0,7000,0,7000,7000
059344,長榮航凱基99購01,0,0,0,0,0,0,0,0,0,7000,0,0,0,9000,2000,7000,7000
062206,緯創國票9B購01  ,0,0,0,0,0,0,0,0,0,7000,0,0,0,7000,0,7000,7000
062197,聯發科中信01購03,0,0,0,0,0,0,0,0,0,7000,0,0,0,7000,0,7000,7000
061976,國巨元大9B購01  ,0,0,0,0,0,0,0,0,0,7000,0,0,0,12000,5000,7000,7000
062392,國巨富邦02購01  ,0,0,0,0,0,0,0,0,0,7000,0,0,0,119000,112000,7000,7000
062315,健策凱基9C購01  ,0,0,0,0,0,0,0,0,0,7000,0,0,0,14000,7000,7000,7000
058649,健策永豐99購01  ,0,0,0,0,0,0,0,0,0,7000,0,0,0,15000,8000,7000,7000
060346,華新科統一01購01,0,0,0,0,0,0,0,0,0,7000,0,0,0,7000,0,7000,7000
059673,玉山金元富99購01,0,0,0,0,0,0,0,0,0,7000,0,0,0,7000,0,7000,7000
059143,國巨國票9A購04  ,0,0,0,0,0,0,0,0,0,7000,0,0,0,40000,33000,7000,7000
061501,嘉澤國票9A購01  ,0,0,0,0,0,0,0,0,0,7000,0,0,0,8000,1000,7000,7000
061502,嘉澤國票9A購02  ,0,0,0,0,0,0,0,0,0,7000,0,0,0,12000,5000,7000,7000
060280,元金2X元大9A購01,0,0,0,0,0,0,0,0,0,7000,0,0,0,7000,0,7000,7000
064166,和潤統一02購01  ,0,0,0,0,0,0,0,0,0,7000,0,0,0,88000,81000,7000,7000
064883,GIS兆豐01購01   ,0,0,0,0,0,0,0,0,0,7000,0,0,0,58000,51000,7000,7000
064884,台表科第一9C購01,0,0,0,0,0,0,0,0,0,7000,0,0,0,10000,3000,7000,7000
063288,泰鼎元大9B購02  ,0,0,0,0,0,0,0,0,0,7000,0,0,0,24000,17000,7000,7000
063258,緯穎國泰9C購01  ,0,0,0,0,0,0,0,0,0,7000,0,0,0,197000,190000,7000,7000
063393,華通群益9C購05  ,0,0,0,0,0,0,0,0,0,7000,0,0,0,37000,30000,7000,7000
062742,技嘉國泰01購01  ,0,0,0,0,0,0,0,0,0,7000,0,0,0,19000,12000,7000,7000
062727,華擎凱基9B購03  ,0,0,0,0,0,0,0,0,0,7000,0,0,0,24000,17000,7000,7000
062752,世芯中信9B購01  ,0,0,0,0,0,0,0,0,0,7000,0,0,0,7000,0,7000,7000
062576,華擎群益9B購02  ,0,0,0,0,0,0,0,0,0,7000,0,0,0,7000,0,7000,7000
062925,建準國票9B購01  ,0,0,0,0,0,0,0,0,0,7000,0,0,0,45000,38000,7000,7000
06613P,華新科富邦9A售03,0,0,0,0,0,0,0,0,0,6000,0,0,0,26000,20000,6000,6000
065575,神達群益01購01  ,0,0,0,0,0,0,0,0,0,6000,0,0,0,6000,0,6000,6000
065491,華新科國泰02購01,0,0,0,0,0,0,0,0,0,6000,0,0,0,18000,12000,6000,6000
065523,茂林群益9C購03  ,0,0,0,0,0,0,0,0,0,6000,0,0,0,6000,0,6000,6000
07045P,上銀國票9A售01  ,0,0,0,0,0,0,0,0,0,6000,0,0,0,6000,0,6000,6000
07802P,瑞昱永豐9A售03  ,0,0,0,0,0,0,0,0,0,6000,0,0,0,6000,0,6000,6000
07920P,大立光中信01售01,0,0,0,0,0,0,0,0,0,6000,0,0,0,8000,2000,6000,6000
08170P,緯穎群益9B售03  ,0,0,0,0,0,0,0,0,0,6000,0,0,0,8000,2000,6000,6000
08191P,鴻海台新9B售03  ,0,0,0,0,0,0,0,0,0,6000,0,0,0,34000,28000,6000,6000
08349P,南六元大9C售03  ,0,0,0,0,0,0,0,0,0,6000,0,0,0,41000,35000,6000,6000
08345P,大立光元大9C售14,0,0,0,0,0,0,0,0,0,6000,0,0,0,51000,45000,6000,6000
1443,立益            ,9000,3000,6000,0,0,0,0,0,0,0,0,0,0,0,0,0,6000
054201,聯詠富邦97購02  ,0,0,0,0,0,0,0,0,0,6000,0,0,0,6000,0,6000,6000
054383,傳奇群益97購01  ,0,0,0,0,0,0,0,0,0,6000,0,0,0,6000,0,6000,6000
055693,南茂凱基97購01  ,0,0,0,0,0,0,0,0,0,6000,0,0,0,6000,0,6000,6000
055681,奇鋐凱基98購03  ,0,0,0,0,0,0,0,0,0,6000,0,0,0,16000,10000,6000,6000
058095,昇陽半元大98購03,0,0,0,0,0,0,0,0,0,6000,0,0,0,145000,139000,6000,6000
058022,樺漢凱基99購02  ,0,0,0,0,0,0,0,0,0,6000,0,0,0,6000,0,6000,6000
057072,日月光永豐98購01,0,0,0,0,0,0,0,0,0,6000,0,0,0,27000,21000,6000,6000
03010X,元展10          ,0,0,0,0,0,0,0,0,0,6000,0,0,0,6000,0,6000,6000
00743,國泰中國A150    ,0,56000,-56000,0,0,0,0,0,0,62000,0,0,0,66000,4000,62000,6000
052847,漢唐統一99購01  ,0,0,0,0,0,0,0,0,0,6000,0,0,0,8000,2000,6000,6000
053345,欣興國票97購02  ,0,0,0,0,0,0,0,0,0,6000,0,0,0,6000,0,6000,6000
057444,台泥元富98購01  ,0,0,0,0,0,0,0,0,0,6000,0,0,0,56000,50000,6000,6000
057728,瑞昱國泰99購01  ,0,0,0,0,0,0,0,0,0,6000,0,0,0,6000,0,6000,6000
058923,華新科元富99購06,0,0,0,0,0,0,0,0,0,6000,0,0,0,9000,3000,6000,6000
056972,祥碩永豐98購02  ,0,0,0,0,0,0,0,0,0,6000,0,0,0,6000,0,6000,6000
056514,訊芯亞東99購01  ,0,0,0,0,0,0,0,0,0,6000,0,0,0,6000,0,6000,6000
056291,聯茂永豐97購03  ,0,0,0,0,0,0,0,0,0,6000,0,0,0,6000,0,6000,6000
056670,樺漢國票99購01  ,0,0,0,0,0,0,0,0,0,6000,0,0,0,6000,0,6000,6000
056694,欣興群益98購04  ,0,0,0,0,0,0,0,0,0,6000,0,0,0,7000,1000,6000,6000
056215,華新科國票97購03,0,0,0,0,0,0,0,0,0,6000,0,0,0,6000,0,6000,6000
060279,SP黃豆元大9A購01,0,0,0,0,0,0,0,0,0,6000,0,0,0,6000,0,6000,6000
060276,S&P反1元大9A購03,0,0,0,0,0,0,0,0,0,6000,0,0,0,6000,0,6000,6000
059064,緯穎凱基99購02  ,0,0,0,0,0,0,0,0,0,6000,0,0,0,71000,65000,6000,6000
059730,晶相光元大9C購02,0,0,0,0,0,0,0,0,0,6000,0,0,0,23000,17000,6000,6000
058506,台積電元大99購09,0,0,0,0,0,0,0,0,0,6000,0,0,0,6000,0,6000,6000
060315,易華電永豐9A購01,0,0,0,0,0,0,0,0,0,6000,0,0,0,36000,30000,6000,6000
060361,南亞科元富9A購03,0,0,0,0,0,0,0,0,0,6000,0,0,0,105000,99000,6000,6000
058769,友達兆豐99購01  ,0,0,0,0,0,0,0,0,0,6000,0,0,0,106000,100000,6000,6000
061643,嘉澤元大9A購05  ,0,0,0,0,0,0,0,0,0,6000,0,0,0,14000,8000,6000,6000
060644,泰鼎永豐9A購02  ,0,0,0,0,0,0,0,0,0,6000,0,0,0,7000,1000,6000,6000
058402,欣興元大99購04  ,0,0,0,0,0,0,0,0,0,6000,0,0,0,20000,14000,6000,6000
062775,大成鋼元大9B購02,0,0,0,0,0,0,0,0,0,6000,0,0,0,224000,218000,6000,6000
063134,裕隆統一01購01  ,0,0,0,0,0,0,0,0,0,6000,0,0,0,497000,491000,6000,6000
062688,華擎統一01購03  ,0,0,0,0,0,0,0,0,0,6000,0,0,0,15000,9000,6000,6000
062618,祥碩元大9B購04  ,0,0,0,0,0,0,0,0,0,6000,0,0,0,6000,0,6000,6000
063413,台積電麥證01購01,0,0,0,6000,0,6000,0,0,0,6000,0,0,0,6000,0,6000,6000
063434,和潤元富9B購01  ,0,0,0,0,0,0,0,0,0,6000,0,0,0,16000,10000,6000,6000
063195,訊連元富9B購01  ,0,0,0,0,0,0,0,0,0,6000,0,0,0,70000,64000,6000,6000
063702,聯發科群益9C購04,0,0,0,0,0,0,0,0,0,6000,0,0,0,11000,5000,6000,6000
063800,玉晶光凱基9C購02,0,0,0,0,0,0,0,0,0,6000,0,0,0,31000,25000,6000,6000
064896,華新科群益01購02,0,0,0,0,0,0,0,0,0,6000,0,0,0,6000,0,6000,6000
064957,台表科凱基02購02,0,0,0,0,0,0,0,0,0,6000,0,0,0,6000,0,6000,6000
064942,道瓊反凱基02購01,0,0,0,0,0,0,0,0,0,6000,0,0,0,6000,0,6000,6000
064683,台表科兆豐9C購02,0,0,0,0,0,0,0,0,0,6000,0,0,0,6000,0,6000,6000
064658,喬山元大9C購01  ,0,0,0,0,0,0,0,0,0,6000,0,0,0,6000,0,6000,6000
06424P,大成鋼永豐97售01,0,0,0,0,0,0,0,0,0,6000,0,0,0,6000,0,6000,6000
064226,TPK國票01購01   ,0,0,0,0,0,0,0,0,0,6000,0,0,0,44000,38000,6000,6000
063881,嘉晶元富9C購01  ,0,0,0,0,0,0,0,0,0,6000,0,0,0,60000,54000,6000,6000
063957,臻鼎元大9C購01  ,0,0,0,0,0,0,0,0,0,6000,0,0,0,108000,102000,6000,6000
064117,中興電元大9C購01,0,0,0,0,0,0,0,0,0,6000,0,0,0,20000,14000,6000,6000
6155,鈞寶            ,28000,27000,1000,0,0,0,0,0,0,5000,5000,0,5000,0,0,0,6000
9906,欣巴巴          ,7000,1000,6000,0,0,0,0,0,0,0,0,0,0,0,0,0,6000
1341,富林-KY         ,5000,0,5000,0,0,0,0,0,0,0,0,0,0,0,0,0,5000
2017,官田鋼          ,62000,53000,9000,0,0,0,0,0,0,-4000,3000,7000,-4000,0,0,0,5000
2009,第一銅          ,42000,36000,6000,0,0,0,0,0,0,-1000,0,1000,-1000,0,0,0,5000
2024,志聯            ,5000,0,5000,0,0,0,0,0,0,0,0,0,0,0,0,0,5000
3164,景岳            ,36000,28000,8000,0,0,0,0,0,0,-3000,0,3000,-3000,0,0,0,5000
08320P,智邦統一9C售02  ,0,0,0,0,0,0,0,0,0,5000,0,0,0,5000,0,5000,5000
08450P,台積電統一9C售14,0,0,0,0,0,0,0,0,0,5000,0,0,0,5000,0,5000,5000
08571P,台積電兆豐9C售06,0,0,0,0,0,0,0,0,0,5000,0,0,0,51000,46000,5000,5000
08197P,聯發科元大9B售24,0,0,0,0,0,0,0,0,0,5000,0,0,0,5000,0,5000,5000
08295P,長榮航元大9C售01,0,0,0,0,0,0,0,0,0,5000,0,0,0,105000,100000,5000,5000
08046P,臺股指國票9B售11,0,0,0,0,0,0,0,0,0,5000,0,0,0,5000,0,5000,5000
07444P,聯發科凱基9A售10,0,0,0,0,0,0,0,0,0,5000,0,0,0,5000,0,5000,5000
07356P,臺股指國票99售24,0,0,0,0,0,0,0,0,0,5000,0,0,0,5000,0,5000,5000
07529P,國巨凱基9A售11  ,0,0,0,0,0,0,0,0,0,5000,0,0,0,5000,0,5000,5000
07573P,國巨元大9A售11  ,0,0,0,0,0,0,0,0,0,5000,0,0,0,5000,0,5000,5000
06856P,台灣50永豐99售03,0,0,0,0,0,0,0,0,0,5000,0,0,0,7000,2000,5000,5000
06556P,臺股指元大99售08,0,0,0,0,0,0,0,0,0,5000,0,0,0,5000,0,5000,5000
06700P,臺股指統一99售05,0,0,0,0,0,0,0,0,0,5000,0,0,0,5000,0,5000,5000
06691P,臺股指群益9C售05,0,0,0,0,0,0,0,0,0,5000,0,0,0,5000,0,5000,5000
06685P,鴻海國泰9A售01  ,0,0,0,0,0,0,0,0,0,5000,0,0,0,45000,40000,5000,5000
065279,T50反1群益9C購03,0,0,0,0,0,0,0,0,0,5000,0,0,0,105000,100000,5000,5000
056252,聯發科兆豐97購03,0,0,0,0,0,0,0,0,0,5000,0,0,0,5000,0,5000,5000
056166,微星台新97購01  ,0,0,0,0,0,0,0,0,0,5000,0,0,0,5000,0,5000,5000
058111,健鼎元富98購01  ,0,0,0,0,0,0,0,0,0,5000,0,0,0,5000,0,5000,5000
056135,緯創元大98購01  ,0,0,0,0,0,0,0,0,0,5000,0,0,0,5000,0,5000,5000
058189,嘉澤永豐99購01  ,0,0,0,0,0,0,0,0,0,5000,0,0,0,10000,5000,5000,5000
057367,技嘉元大98購02  ,0,0,0,0,0,0,0,0,0,5000,0,0,0,11000,6000,5000,5000
057668,華新科元大9A購01,0,0,0,0,0,0,0,0,0,5000,0,0,0,5000,0,5000,5000
056735,國巨凱基99購02  ,0,0,0,0,0,0,0,0,0,5000,0,0,0,11000,6000,5000,5000
060160,聯陽永豐9A購01  ,0,0,0,0,0,0,0,0,0,5000,0,0,0,5000,0,5000,5000
060162,碩天永豐9A購01  ,0,0,0,0,0,0,0,0,0,5000,0,0,0,5000,0,5000,5000
060139,T50反1國票9A購04,0,0,0,0,0,0,0,0,0,5000,0,0,0,5000,0,5000,5000
060118,臺指反富邦9C購01,0,0,0,0,0,0,0,0,0,5000,0,0,0,5000,0,5000,5000
060122,亞德客永豐99購02,0,0,0,0,0,0,0,0,0,5000,0,0,0,17000,12000,5000,5000
060190,國泰金元富9A購01,0,0,0,0,0,0,0,0,0,5000,0,0,0,5000,0,5000,5000
061776,晶技國票9B購01  ,0,0,0,0,0,0,0,0,0,5000,0,0,0,5000,0,5000,5000
061872,友達元大9C購06  ,0,0,0,0,0,0,0,0,0,5000,0,0,0,109000,104000,5000,5000
05748P,臺股指群益99售02,0,0,0,0,0,0,0,0,0,5000,0,0,0,5000,0,5000,5000
057436,義隆國票99購02  ,0,0,0,0,0,0,0,0,0,5000,0,0,0,8000,3000,5000,5000
057446,旺宏元富02購01  ,0,0,0,0,0,0,0,0,0,5000,0,0,0,5000,0,5000,5000
056376,玉晶光統一98購01,0,0,0,0,0,0,0,0,0,5000,0,0,0,7000,2000,5000,5000
056357,台積電元大9A購01,0,0,0,0,0,0,0,0,0,5000,0,0,0,5000,0,5000,5000
057575,世紀鋼永豐98購02,0,0,0,0,0,0,0,0,0,5000,0,0,0,10000,5000,5000,5000
053293,聯發科中信9B購01,0,0,0,0,0,0,0,0,0,5000,0,0,0,5000,0,5000,5000
050570,聯發科中信97購02,0,0,0,0,0,0,0,0,0,5000,0,0,0,7000,2000,5000,5000
055839,瑞昱元大97購04  ,0,0,0,0,0,0,0,0,0,5000,0,0,0,23000,18000,5000,5000
051560,玉晶光國泰97購03,0,0,0,0,0,0,0,0,0,5000,0,0,0,5000,0,5000,5000
056076,超眾元大97購05  ,0,0,0,0,0,0,0,0,0,5000,0,0,0,29000,24000,5000,5000
053579,華通元大97購01  ,0,0,0,0,0,0,0,0,0,5000,0,0,0,5000,0,5000,5000
055310,聯詠群益97購02  ,0,0,0,0,0,0,0,0,0,5000,0,0,0,5000,0,5000,5000
055255,欣興統一97購02  ,0,0,0,0,0,0,0,0,0,5000,0,0,0,5000,0,5000,5000
055106,台積電凱基98購05,0,0,0,0,0,0,0,0,0,5000,0,0,0,5000,0,5000,5000
057959,欣興元大98購14  ,0,0,0,0,0,0,0,0,0,5000,0,0,0,13000,8000,5000,5000
055605,緯穎元大97購02  ,0,0,0,0,0,0,0,0,0,5000,0,0,0,5000,0,5000,5000
056127,致新國票98購02  ,0,0,0,0,0,0,0,0,0,5000,0,0,0,5000,0,5000,5000
054467,隆達凱基97購01  ,0,0,0,0,0,0,0,0,0,5000,0,0,0,5000,0,5000,5000
054135,大立光元大97購04,0,0,0,0,0,0,0,0,0,5000,0,0,0,5000,0,5000,5000
054909,福懋科康和97購01,0,0,0,0,0,0,0,0,0,5000,0,0,0,5000,0,5000,5000
05493P,華新科富邦99售02,0,0,0,0,0,0,0,0,0,5000,0,0,0,5000,0,5000,5000
054575,聯鈞元大97購01  ,0,0,0,0,0,0,0,0,0,5000,0,0,0,5000,0,5000,5000
060451,中石化元大9C購02,0,0,0,0,0,0,0,0,0,5000,0,0,0,108000,103000,5000,5000
06053P,緯穎國票97售05  ,0,0,0,0,0,0,0,0,0,5000,0,0,0,5000,0,5000,5000
061650,南電元大9A購07  ,0,0,0,0,0,0,0,0,0,5000,0,0,0,113000,108000,5000,5000
060637,玉晶光永豐9A購03,0,0,0,0,0,0,0,0,0,5000,0,0,0,28000,23000,5000,5000
06067P,華新科康和97售01,0,0,0,0,0,0,0,0,0,5000,0,0,0,5000,0,5000,5000
058309,大毅元大99購02  ,0,0,0,0,0,0,0,0,0,5000,0,0,0,5000,0,5000,5000
061924,聯發科凱基9C購01,0,0,0,0,0,0,0,0,0,5000,0,0,0,6000,1000,5000,5000
062083,健策元大9C購03  ,0,0,0,0,0,0,0,0,0,5000,0,0,0,5000,0,5000,5000
058671,旺宏群益9A購01  ,0,0,0,0,0,0,0,0,0,5000,0,0,0,5000,0,5000,5000
058586,鴻海中信01購02  ,0,0,0,0,0,0,0,0,0,5000,0,0,0,132000,127000,5000,5000
061685,道瓊反群益9A購03,0,0,0,0,0,0,0,0,0,5000,0,0,0,5000,0,5000,5000
059537,大立光凱基99購09,0,0,0,0,0,0,0,0,0,5000,0,0,0,10000,5000,5000,5000
059795,鴻海國票99購07  ,0,0,0,0,0,0,0,0,0,5000,0,0,0,5000,0,5000,5000
060976,SP黃豆元大9A購03,0,0,0,0,0,0,0,0,0,5000,0,0,0,5000,0,5000,5000
060767,世紀鋼元大9A購02,0,0,0,0,0,0,0,0,0,5000,0,0,0,15000,10000,5000,5000
060796,世芯永豐9A購03  ,0,0,0,0,0,0,0,0,0,5000,0,0,0,5000,0,5000,5000
061307,和潤永豐9A購02  ,0,0,0,0,0,0,0,0,0,5000,0,0,0,5000,0,5000,5000
060738,矽格統一9C購01  ,0,0,0,0,0,0,0,0,0,5000,0,0,0,5000,0,5000,5000
060301,國巨富邦9C購02  ,0,0,0,0,0,0,0,0,0,5000,0,0,0,5000,0,5000,5000
059077,FBVIX元大99購05 ,0,0,0,0,0,0,0,0,0,5000,0,0,0,5000,0,5000,5000
060352,滬深2X元富9A購02,0,0,0,0,0,0,0,0,0,5000,0,0,0,5000,0,5000,5000
058488,華擎國票9A購01  ,0,0,0,0,0,0,0,0,0,5000,0,0,0,5000,0,5000,5000
059768,上証2X群益9C購02,0,0,0,0,0,0,0,0,0,5000,0,0,0,5000,0,5000,5000
059081,和大元大99購01  ,0,0,0,0,0,0,0,0,0,5000,0,0,0,5000,0,5000,5000
059069,臺指反元大9C購01,0,0,0,0,0,0,0,0,0,5000,0,0,0,11000,6000,5000,5000
059042,世紀鋼群益99購02,0,0,0,0,0,0,0,0,0,5000,0,0,0,5000,0,5000,5000
061048,國巨中信9A購05  ,0,0,0,0,0,0,0,0,0,5000,0,0,0,10000,5000,5000,5000
061566,華通元大9A購10  ,0,0,0,0,0,0,0,0,0,5000,0,0,0,9000,4000,5000,5000
05901P,臺股指凱基9C售01,0,0,0,0,0,0,0,0,0,5000,0,0,0,5000,0,5000,5000
06411P,晶相光永豐97售03,0,0,0,0,0,0,0,0,0,5000,0,0,0,5000,0,5000,5000
064061,GIS麥證01購01   ,0,0,0,10000,5000,5000,0,0,0,5000,0,0,0,10000,5000,5000,5000
063947,大毅元大9C購02  ,0,0,0,0,0,0,0,0,0,5000,0,0,0,29000,24000,5000,5000
064717,台積電統一01購08,0,0,0,0,0,0,0,0,0,5000,0,0,0,10000,5000,5000,5000
064727,群創統一02購03  ,0,0,0,0,0,0,0,0,0,5000,0,0,0,5000,0,5000,5000
064588,玉晶光永豐9C購05,0,0,0,0,0,0,0,0,0,5000,0,0,0,48000,43000,5000,5000
06484P,聯發科凱基98售11,0,0,0,0,0,0,0,0,0,5000,0,0,0,5000,0,5000,5000
064776,金像電群益01購01,0,0,0,0,0,0,0,0,0,5000,0,0,0,198000,193000,5000,5000
064769,漢翔中信9C購01  ,0,0,0,0,0,0,0,0,0,5000,0,0,0,5000,0,5000,5000
063809,矽創兆豐01購01  ,0,0,0,0,0,0,0,0,0,5000,0,0,0,55000,50000,5000,5000
063784,華通中信06購01  ,0,0,0,0,0,0,0,0,0,5000,0,0,0,50000,45000,5000,5000
063715,鈺齊凱基9C購01  ,0,0,0,0,0,0,0,0,0,5000,0,0,0,30000,25000,5000,5000
063600,燿華凱基9B購04  ,0,0,0,0,0,0,0,0,0,5000,0,0,0,24000,19000,5000,5000
063267,台表科中信01購02,0,0,0,0,0,0,0,0,0,5000,0,0,0,5000,0,5000,5000
063280,燿華元大9B購05  ,0,0,0,0,0,0,0,0,0,5000,0,0,0,5000,0,5000,5000
063305,亞光凱基9B購01  ,0,0,0,0,0,0,0,0,0,5000,0,0,0,16000,11000,5000,5000
062594,祥碩統一01購02  ,0,0,0,0,0,0,0,0,0,5000,0,0,0,17000,12000,5000,5000
063118,中鋼元大9C購01  ,0,0,0,0,0,0,0,0,0,5000,0,0,0,5000,0,5000,5000
062855,嘉澤永豐9B購02  ,0,0,0,0,0,0,0,0,0,5000,0,0,0,5000,0,5000,5000
4566,時碩工業        ,10000,5000,5000,0,0,0,0,0,0,0,0,0,0,0,0,0,5000
4571,鈞興-KY         ,6000,1000,5000,0,0,0,0,0,0,0,0,0,0,0,0,0,5000
4190,佐登-KY         ,12000,6000,6000,0,0,0,0,0,0,-1000,1000,1000,0,0,1000,-1000,5000
008201,BP上證50        ,0,0,0,0,0,0,0,0,0,4800,0,0,0,4800,0,4800,4800
065364,國巨元大9C購18  ,0,0,0,0,0,0,0,0,0,4000,0,0,0,34000,30000,4000,4000
065396,微星群益01購01  ,0,0,0,0,0,0,0,0,0,4000,0,0,0,102000,98000,4000,4000
06624P,訊芯元大98售06  ,0,0,0,0,0,0,0,0,0,4000,0,0,0,4000,0,4000,4000
06925P,致茂群益9A售02  ,0,0,0,0,0,0,0,0,0,4000,0,0,0,4000,0,4000,4000
07520P,臺股指元大9B售11,0,0,0,0,0,0,0,0,0,4000,0,0,0,4000,0,4000,4000
07743P,智邦凱基9A售03  ,0,0,0,0,0,0,0,0,0,4000,0,0,0,4000,0,4000,4000
08265P,臺股指元大9C售03,0,0,0,0,0,0,0,0,0,4000,0,0,0,4000,0,4000,4000
08467P,長榮航統一9C售01,0,0,0,0,0,0,0,0,0,4000,0,0,0,4000,0,4000,4000
08445P,臺股指麥證9C售03,0,0,0,4000,0,4000,0,0,0,4000,0,0,0,4000,0,4000,4000
2468,華經            ,59000,53000,6000,0,0,0,0,0,0,-2000,0,2000,-2000,0,0,0,4000
2540,愛山林          ,11000,7000,4000,0,0,0,0,0,0,0,0,0,0,0,0,0,4000
2611,志信            ,8000,4000,4000,0,0,0,0,0,0,0,0,0,0,0,0,0,4000
1535,中宇            ,7000,3000,4000,0,0,0,0,0,0,0,0,0,0,0,0,0,4000
052624,微星亞東97購01  ,0,0,0,0,0,0,0,0,0,4000,0,0,0,4000,0,4000,4000
05306P,泰碩國泰97售01  ,0,0,0,0,0,0,0,0,0,4000,0,0,0,4000,0,4000,4000
052766,玉晶光群益9A購01,0,0,0,0,0,0,0,0,0,4000,0,0,0,8000,4000,4000,4000
052968,燿華群益98購01  ,0,0,0,0,0,0,0,0,0,4000,0,0,0,29000,25000,4000,4000
03421B,臺股指元大99熊01,0,0,0,0,0,0,0,0,0,4000,0,0,0,4000,0,4000,4000
05189P,新光金凱基97售02,0,0,0,0,0,0,0,0,0,4000,0,0,0,4000,0,4000,4000
058046,國巨元大9A購01  ,0,0,0,0,0,0,0,0,0,4000,0,0,0,18000,14000,4000,4000
055049,智邦永豐97購01  ,0,0,0,0,0,0,0,0,0,4000,0,0,0,4000,0,4000,4000
057066,緯穎富邦99購01  ,0,0,0,0,0,0,0,0,0,4000,0,0,0,4000,0,4000,4000
055377,揚明光元大98購01,0,0,0,0,0,0,0,0,0,4000,0,0,0,4000,0,4000,4000
055353,華新科凱基98購03,0,0,0,0,0,0,0,0,0,4000,0,0,0,49000,45000,4000,4000
061759,上証反元大02購01,0,0,0,0,0,0,0,0,0,4000,0,0,0,4000,0,4000,4000
061810,S&P反1群益9B購02,0,0,0,0,0,0,0,0,0,4000,0,0,0,5000,1000,4000,4000
056790,彩晶群益98購03  ,0,0,0,0,0,0,0,0,0,4000,0,0,0,4000,0,4000,4000
056818,正崴永豐98購01  ,0,0,0,0,0,0,0,0,0,4000,0,0,0,35000,31000,4000,4000
056904,大立光元大99購05,0,0,0,0,0,0,0,0,0,4000,0,0,0,4000,0,4000,4000
056534,京元電凱基98購01,0,0,0,0,0,0,0,0,0,4000,0,0,0,4000,0,4000,4000
056577,玉晶光元大99購06,0,0,0,0,0,0,0,0,0,4000,0,0,0,14000,10000,4000,4000
057225,華新凱基98購01  ,0,0,0,0,0,0,0,0,0,4000,0,0,0,7000,3000,4000,4000
057232,京元電凱基98購02,0,0,0,0,0,0,0,0,0,4000,0,0,0,29000,25000,4000,4000
059031,元石油中信03購01,0,0,0,0,0,0,0,0,0,4000,0,0,0,9000,5000,4000,4000
061143,道瓊指中信9C購04,0,0,0,0,0,0,0,0,0,4000,0,0,0,4000,0,4000,4000
059127,國巨中信99購04  ,0,0,0,0,0,0,0,0,0,4000,0,0,0,22000,18000,4000,4000
059140,大立光兆豐9A購02,0,0,0,0,0,0,0,0,0,4000,0,0,0,137000,133000,4000,4000
060293,緯創元大9A購01  ,0,0,0,0,0,0,0,0,0,4000,0,0,0,4000,0,4000,4000
060320,元金2X群益02購01,0,0,0,0,0,0,0,0,0,4000,0,0,0,4000,0,4000,4000
061303,玉晶光永豐9B購03,0,0,0,0,0,0,0,0,0,4000,0,0,0,7000,3000,4000,4000
060906,旺宏元大9A購07  ,0,0,0,0,0,0,0,0,0,4000,0,0,0,4000,0,4000,4000
059239,台積電凱基99購12,0,0,0,0,0,0,0,0,0,4000,0,0,0,4000,0,4000,4000
059148,百和國票9A購01  ,0,0,0,0,0,0,0,0,0,4000,0,0,0,4000,0,4000,4000
059914,台積電元大99購47,0,0,0,0,0,0,0,0,0,4000,0,0,0,75000,71000,4000,4000
058564,元金2X凱基9C購01,0,0,0,0,0,0,0,0,0,4000,0,0,0,4000,0,4000,4000
062309,燿華凱基9B購01  ,0,0,0,0,0,0,0,0,0,4000,0,0,0,30000,26000,4000,4000
062345,和大群益9B購01  ,0,0,0,0,0,0,0,0,0,4000,0,0,0,4000,0,4000,4000
062378,台表科元大9C購01,0,0,0,0,0,0,0,0,0,4000,0,0,0,14000,10000,4000,4000
062385,玉晶光國泰01購01,0,0,0,0,0,0,0,0,0,4000,0,0,0,20000,16000,4000,4000
062170,健策永豐9B購04  ,0,0,0,0,0,0,0,0,0,4000,0,0,0,20000,16000,4000,4000
059355,國巨富邦9B購03  ,0,0,0,0,0,0,0,0,0,4000,0,0,0,14000,10000,4000,4000
060608,玉晶光凱基9A購08,0,0,0,0,0,0,0,0,0,4000,0,0,0,4000,0,4000,4000
060480,億豐元大9A購02  ,0,0,0,0,0,0,0,0,0,4000,0,0,0,4000,0,4000,4000
059426,鴻海元大99購31  ,0,0,0,0,0,0,0,0,0,4000,0,0,0,6000,2000,4000,4000
063069,道瓊銀富邦05購01,0,0,0,0,0,0,0,0,0,4000,0,0,0,5000,1000,4000,4000
063121,友達元大9C購09  ,0,0,0,0,0,0,0,0,0,4000,0,0,0,40000,36000,4000,4000
063014,技嘉元大9B購03  ,0,0,0,0,0,0,0,0,0,4000,0,0,0,79000,75000,4000,4000
062707,致伸元大9B購01  ,0,0,0,0,0,0,0,0,0,4000,0,0,0,66000,62000,4000,4000
062577,泰鼎群益9B購01  ,0,0,0,0,0,0,0,0,0,4000,0,0,0,80000,76000,4000,4000
063276,和大元大9B購01  ,0,0,0,0,0,0,0,0,0,4000,0,0,0,48000,44000,4000,4000
063405,聯發科國票9C購03,0,0,0,0,0,0,0,0,0,4000,0,0,0,4000,0,4000,4000
063471,泰鼎元大9C購01  ,0,0,0,0,0,0,0,0,0,4000,0,0,0,159000,155000,4000,4000
063518,儒鴻凱基9B購02  ,0,0,0,0,0,0,0,0,0,4000,0,0,0,64000,60000,4000,4000
063699,國巨群益9B購07  ,0,0,0,0,0,0,0,0,0,4000,0,0,0,4000,0,4000,4000
063641,泰鼎元大9B購04  ,0,0,0,0,0,0,0,0,0,4000,0,0,0,135000,131000,4000,4000
064657,和大元大9C購02  ,0,0,0,0,0,0,0,0,0,4000,0,0,0,4000,0,4000,4000
064051,新日興統一01購01,0,0,0,0,0,0,0,0,0,4000,0,0,0,17000,13000,4000,4000
064262,玉晶光永豐9C購03,0,0,0,0,0,0,0,0,0,4000,0,0,0,24000,20000,4000,4000
064422,聯發科兆豐01購02,0,0,0,0,0,0,0,0,0,4000,0,0,0,13000,9000,4000,4000
06435P,臺股指群益98售02,0,0,0,0,0,0,0,0,0,4000,0,0,0,4000,0,4000,4000
4764,雙鍵            ,5000,1000,4000,0,0,0,0,0,0,0,0,0,0,0,0,0,4000
1615,大山            ,11000,14000,-3000,0,0,0,0,0,0,6000,6000,0,6000,0,0,0,3000
1409,新纖            ,258000,252000,6000,0,0,0,0,0,0,-3000,0,3000,-3000,0,0,0,3000
2712,遠雄來          ,11000,8000,3000,0,0,0,0,0,0,0,0,0,0,0,0,0,3000
2429,銘旺科          ,10000,5000,5000,0,0,0,0,0,0,-2000,0,2000,-2000,0,0,0,3000
2483,百容            ,7000,4000,3000,0,0,0,0,0,0,0,0,0,0,0,0,0,3000
2488,漢平            ,15000,7000,8000,0,0,0,0,0,0,-5000,0,5000,-5000,0,0,0,3000
3058,立德            ,9000,6000,3000,0,0,0,0,0,0,0,0,0,0,0,0,0,3000
2901,欣欣            ,3000,0,3000,0,0,0,0,0,0,0,0,0,0,0,0,0,3000
08434P,臺股指凱基03售02,0,0,0,0,0,0,0,0,0,3000,0,0,0,100000,97000,3000,3000
08392P,上銀群益9C售01  ,0,0,0,0,0,0,0,0,0,3000,0,0,0,3000,0,3000,3000
08126P,臺指反元大02售15,0,0,0,0,0,0,0,0,0,3000,0,0,0,3000,0,3000,3000
07928P,國巨統一9B售09  ,0,0,0,0,0,0,0,0,0,3000,0,0,0,3000,0,3000,3000
07787P,國巨凱基9A售17  ,0,0,0,0,0,0,0,0,0,3000,0,0,0,5000,2000,3000,3000
07890P,南電國票9B售01  ,0,0,0,0,0,0,0,0,0,3000,0,0,0,43000,40000,3000,3000
07609P,台灣50國票9C售04,0,0,0,0,0,0,0,0,0,3000,0,0,0,3000,0,3000,3000
07672P,南電元大9A售05  ,0,0,0,0,0,0,0,0,0,3000,0,0,0,18000,15000,3000,3000
07138P,台灣50群益9B售04,0,0,0,0,0,0,0,0,0,3000,0,0,0,3000,0,3000,3000
06599P,宏達電永豐98售02,0,0,0,0,0,0,0,0,0,3000,0,0,0,3000,0,3000,3000
06587P,國巨元大98售13  ,0,0,0,0,0,0,0,0,0,3000,0,0,0,3000,0,3000,3000
06687P,A50正2中信9A售01,0,0,0,0,0,0,0,0,0,3000,0,0,0,3000,0,3000,3000
06631P,玉晶光群益9A售03,0,0,0,0,0,0,0,0,0,3000,0,0,0,93000,90000,3000,3000
06627P,華新科元富99售01,0,0,0,0,0,0,0,0,0,3000,0,0,0,35000,32000,3000,3000
065399,新日興群益01購01,0,0,0,0,0,0,0,0,0,3000,0,0,0,3000,0,3000,3000
065381,緯穎元大9C購03  ,0,0,0,0,0,0,0,0,0,3000,0,0,0,3000,0,3000,3000
057266,TPK兆豐98購02   ,0,0,0,0,0,0,0,0,0,3000,0,0,0,33000,30000,3000,3000
057196,茂林台新98購01  ,0,0,0,0,0,0,0,0,0,3000,0,0,0,11000,8000,3000,3000
056582,易華電元大98購01,0,0,0,0,0,0,0,0,0,3000,0,0,0,3000,0,3000,3000
05625P,國巨國票97售01  ,0,0,0,0,0,0,0,0,0,3000,0,0,0,3000,0,3000,3000
061800,泰鼎永豐9B購01  ,0,0,0,0,0,0,0,0,0,3000,0,0,0,21000,18000,3000,3000
061906,統一中信9B購01  ,0,0,0,0,0,0,0,0,0,3000,0,0,0,3000,0,3000,3000
061907,裕隆中信9B購01  ,0,0,0,0,0,0,0,0,0,3000,0,0,0,3000,0,3000,3000
061745,南電凱基9B購02  ,0,0,0,0,0,0,0,0,0,3000,0,0,0,91000,88000,3000,3000
061738,聯發科凱基9B購04,0,0,0,0,0,0,0,0,0,3000,0,0,0,3000,0,3000,3000
060098,華新科元大99購24,0,0,0,0,0,0,0,0,0,3000,0,0,0,13000,10000,3000,3000
056379,玉晶光元富98購01,0,0,0,0,0,0,0,0,0,3000,0,0,0,12000,9000,3000,3000
056415,聯發科中信98購04,0,0,0,0,0,0,0,0,0,3000,0,0,0,3000,0,3000,3000
057948,嘉聯益國票99購02,0,0,0,0,0,0,0,0,0,3000,0,0,0,41000,38000,3000,3000
055342,鴻海凱基97購04  ,0,0,0,0,0,0,0,0,0,3000,0,0,0,3000,0,3000,3000
055002,群創元富99購04  ,0,0,0,0,0,0,0,0,0,3000,0,0,0,13000,10000,3000,3000
057095,祥碩元富98購02  ,0,0,0,0,0,0,0,0,0,3000,0,0,0,3000,0,3000,3000
058088,鴻海元大9A購01  ,0,0,0,0,0,0,0,0,0,3000,0,0,0,10000,7000,3000,3000
057135,立積凱基98購01  ,0,0,0,0,0,0,0,0,0,3000,0,0,0,156000,153000,3000,3000
054550,旺宏凱基98購02  ,0,0,0,0,0,0,0,0,0,3000,0,0,0,13000,10000,3000,3000
054356,可成兆豐97購01  ,0,0,0,0,0,0,0,0,0,3000,0,0,0,3000,0,3000,3000
055618,麗豐國票98購01  ,0,0,0,0,0,0,0,0,0,3000,0,0,0,41000,38000,3000,3000
045443,群創元富98購01  ,0,0,0,0,0,0,0,0,0,3000,0,0,0,3000,0,3000,3000
050142,聯發科元富9A購01,0,0,0,0,0,0,0,0,0,3000,0,0,0,13000,10000,3000,3000
053560,漢唐國泰98購01  ,0,0,0,0,0,0,0,0,0,3000,0,0,0,3000,0,3000,3000
055983,全新元富9A購02  ,0,0,0,0,0,0,0,0,0,3000,0,0,0,3000,0,3000,3000
053255,貿聯國泰97購01  ,0,0,0,0,0,0,0,0,0,3000,0,0,0,3000,0,3000,3000
00735,國泰臺韓科技    ,0,16000,-16000,0,0,0,0,0,0,19000,0,0,0,97000,78000,19000,3000
059389,國巨凱基99購14  ,0,0,0,0,0,0,0,0,0,3000,0,0,0,3000,0,3000,3000
060454,葡萄王元大9A購01,0,0,0,0,0,0,0,0,0,3000,0,0,0,23000,20000,3000,3000
060576,欣興中信9B購01  ,0,0,0,0,0,0,0,0,0,3000,0,0,0,4000,1000,3000,3000
06054P,臺股指中信9A售01,0,0,0,0,0,0,0,0,0,3000,0,0,0,5000,2000,3000,3000
058266,宏達電永豐99購01,0,0,0,0,0,0,0,0,0,3000,0,0,0,3000,0,3000,3000
060698,旺宏國泰9C購01  ,0,0,0,0,0,0,0,0,0,3000,0,0,0,3000,0,3000,3000
06069P,台積電永豐97售01,0,0,0,0,0,0,0,0,0,3000,0,0,0,3000,0,3000,3000
061364,國巨國票9A購09  ,0,0,0,0,0,0,0,0,0,3000,0,0,0,38000,35000,3000,3000
061596,健策永豐9A購03  ,0,0,0,0,0,0,0,0,0,3000,0,0,0,7000,4000,3000,3000
062142,喬山國票9B購01  ,0,0,0,0,0,0,0,0,0,3000,0,0,0,3000,0,3000,3000
062371,健策元大9B購08  ,0,0,0,0,0,0,0,0,0,3000,0,0,0,6000,3000,3000,3000
062355,華通元大9B購03  ,0,0,0,0,0,0,0,0,0,3000,0,0,0,32000,29000,3000,3000
058574,台積電群益99購03,0,0,0,0,0,0,0,0,0,3000,0,0,0,6000,3000,3000,3000
06209P,旺宏統一97售07  ,0,0,0,0,0,0,0,0,0,3000,0,0,0,3000,0,3000,3000
060010,義隆群益99購02  ,0,0,0,0,0,0,0,0,0,3000,0,0,0,3000,0,3000,3000
060781,台郡國泰9B購01  ,0,0,0,0,0,0,0,0,0,3000,0,0,0,3000,0,3000,3000
060859,鴻海永豐9A購01  ,0,0,0,0,0,0,0,0,0,3000,0,0,0,31000,28000,3000,3000
06086P,台積電康和97售01,0,0,0,0,0,0,0,0,0,3000,0,0,0,3000,0,3000,3000
061268,玉晶光凱基9B購04,0,0,0,0,0,0,0,0,0,3000,0,0,0,13000,10000,3000,3000
058459,南電永豐99購01  ,0,0,0,0,0,0,0,0,0,3000,0,0,0,3000,0,3000,3000
061171,大立光麥證9A購01,0,0,0,3000,5000,-2000,0,0,0,3000,0,0,0,8000,5000,3000,3000
061496,華新科國票9A購07,0,0,0,0,0,0,0,0,0,3000,0,0,0,40000,37000,3000,3000
064229,台表科國票01購01,0,0,0,0,0,0,0,0,0,3000,0,0,0,3000,0,3000,3000
064141,國巨統一01購08  ,0,0,0,0,0,0,0,0,0,3000,0,0,0,8000,5000,3000,3000
063909,旺宏凱基02購01  ,0,0,0,0,0,0,0,0,0,3000,0,0,0,3000,0,3000,3000
063831,帆宣國票01購01  ,0,0,0,0,0,0,0,0,0,3000,0,0,0,16000,13000,3000,3000
064536,富邦金國票01購01,0,0,0,0,0,0,0,0,0,3000,0,0,0,56000,53000,3000,3000
064443,同欣電凱基03購01,0,0,0,0,0,0,0,0,0,3000,0,0,0,57000,54000,3000,3000
064911,光寶科統一02購01,0,0,0,0,0,0,0,0,0,3000,0,0,0,80000,77000,3000,3000
06374P,台表科元大97售06,0,0,0,0,0,0,0,0,0,3000,0,0,0,3000,0,3000,3000
063543,技嘉台新9B購02  ,0,0,0,0,0,0,0,0,0,3000,0,0,0,3000,0,3000,3000
063408,茂林國票9C購02  ,0,0,0,0,0,0,0,0,0,3000,0,0,0,6000,3000,3000,3000
063458,正隆元大9B購01  ,0,0,0,0,0,0,0,0,0,3000,0,0,0,3000,0,3000,3000
063365,義隆富邦01購01  ,0,0,0,0,0,0,0,0,0,3000,0,0,0,3000,0,3000,3000
063303,聯發科凱基9B購14,0,0,0,0,0,0,0,0,0,3000,0,0,0,135000,132000,3000,3000
06256P,臺股指群益97售09,0,0,0,0,0,0,0,0,0,3000,0,0,0,3000,0,3000,3000
062784,世芯元大9B購01  ,0,0,0,0,0,0,0,0,0,3000,0,0,0,3000,0,3000,3000
4725,信昌化          ,11000,8000,3000,0,0,0,0,0,0,0,0,0,0,0,0,0,3000
3593,力銘            ,5000,2000,3000,0,0,0,0,0,0,0,0,0,0,0,0,0,3000
6184,大豐電          ,23000,20000,3000,0,0,0,0,0,0,0,0,0,0,0,0,0,3000
6598,ABC-KY          ,219000,238000,-19000,0,0,0,15000,0,15000,7000,7000,0,7000,0,0,0,3000
8103,瀚荃            ,25000,16000,9000,0,0,0,0,0,0,-6000,0,6000,-6000,0,0,0,3000
8480,泰昇-KY         ,17000,14000,3000,0,0,0,0,0,0,0,0,0,0,0,0,0,3000
065358,台灣50元大9C購48,0,0,0,0,0,0,0,0,0,2000,0,0,0,2000,0,2000,2000
065283,台積電群益01購01,0,0,0,0,0,0,0,0,0,2000,0,0,0,25000,23000,2000,2000
065124,燿華永豐9C購03  ,0,0,0,0,0,0,0,0,0,2000,0,0,0,2000,0,2000,2000
065106,S&P反1國票9C購02,0,0,0,0,0,0,0,0,0,2000,0,0,0,2000,0,2000,2000
06734P,智邦凱基98售05  ,0,0,0,0,0,0,0,0,0,2000,0,0,0,2000,0,2000,2000
065590,元黃金元大9C購01,0,0,0,0,0,0,0,0,0,2000,0,0,0,2000,0,2000,2000
07288P,台灣50凱基99售06,0,0,0,0,0,0,0,0,0,2000,0,0,0,4000,2000,2000,2000
07065P,臺股指元大9A售26,0,0,0,0,0,0,0,0,0,2000,0,0,0,21000,19000,2000,2000
06924P,台積電群益98售07,0,0,0,0,0,0,0,0,0,2000,0,0,0,2000,0,2000,2000
06927P,台灣50元大9B售03,0,0,0,0,0,0,0,0,0,2000,0,0,0,22000,20000,2000,2000
06995P,臺股指凱基99售16,0,0,0,0,0,0,0,0,0,2000,0,0,0,2000,0,2000,2000
06879P,長榮航凱基98售02,0,0,0,0,0,0,0,0,0,2000,0,0,0,22000,20000,2000,2000
06802P,緯穎群益98售03  ,0,0,0,0,0,0,0,0,0,2000,0,0,0,2000,0,2000,2000
07539P,玉山金台新9A售01,0,0,0,0,0,0,0,0,0,2000,0,0,0,2000,0,2000,2000
07349P,大立光凱基99售16,0,0,0,0,0,0,0,0,0,2000,0,0,0,2000,0,2000,2000
07359P,台積電元大99售45,0,0,0,0,0,0,0,0,0,2000,0,0,0,2000,0,2000,2000
07758P,台積電國票9A售06,0,0,0,0,0,0,0,0,0,2000,0,0,0,4000,2000,2000,2000
07981P,上銀群益9B售04  ,0,0,0,0,0,0,0,0,0,2000,0,0,0,2000,0,2000,2000
08019P,緯穎國票9B售02  ,0,0,0,0,0,0,0,0,0,2000,0,0,0,16000,14000,2000,2000
08090P,嘉澤統一9B售01  ,0,0,0,0,0,0,0,0,0,2000,0,0,0,2000,0,2000,2000
08144P,臺股指凱基02售03,0,0,0,0,0,0,0,0,0,2000,0,0,0,2000,0,2000,2000
08460P,台灣50國票9C售05,0,0,0,0,0,0,0,0,0,2000,0,0,0,10000,8000,2000,2000
08307P,台積電凱基9C售03,0,0,0,0,0,0,0,0,0,2000,0,0,0,2000,0,2000,2000
08475P,臺股指凱基9C售13,0,0,0,0,0,0,0,0,0,2000,0,0,0,2000,0,2000,2000
08567P,台勝科群益9C售01,0,0,0,0,0,0,0,0,0,2000,0,0,0,2000,0,2000,2000
1312A,國喬特          ,0,0,0,0,0,0,0,0,0,2000,2000,0,2000,0,0,0,2000
2897A,王道銀甲特      ,0,0,0,0,0,0,0,0,0,2000,2000,0,2000,0,0,0,2000
2936,客思達-KY       ,4000,2000,2000,0,0,0,0,0,0,0,0,0,0,0,0,0,2000
3543,州巧            ,27000,17000,10000,0,0,0,0,0,0,-8000,0,8000,-8000,0,0,0,2000
2002A,中鋼特          ,0,0,0,0,0,0,0,0,0,2000,3000,1000,2000,0,0,0,2000
2115,六暉-KY         ,3000,0,3000,0,0,0,0,0,0,-1000,0,1000,-1000,0,0,0,2000
03686P,大立光統一98售02,0,0,0,0,0,0,0,0,0,2000,0,0,0,2000,0,2000,2000
053930,S&P反1統一98購01,0,0,0,0,0,0,0,0,0,2000,0,0,0,2000,0,2000,2000
053565,台光電富邦98購01,0,0,0,0,0,0,0,0,0,2000,0,0,0,2000,0,2000,2000
055598,欣興元大97購03  ,0,0,0,0,0,0,0,0,0,2000,0,0,0,3000,1000,2000,2000
055722,聯鈞元大97購03  ,0,0,0,0,0,0,0,0,0,2000,0,0,0,2000,0,2000,2000
056120,聯茂群益97購02  ,0,0,0,0,0,0,0,0,0,2000,0,0,0,6000,4000,2000,2000
054975,福懋科元大97購01,0,0,0,0,0,0,0,0,0,2000,0,0,0,2000,0,2000,2000
057096,緯穎元富98購01  ,0,0,0,0,0,0,0,0,0,2000,0,0,0,57000,55000,2000,2000
055304,瑞昱第一98購01  ,0,0,0,0,0,0,0,0,0,2000,0,0,0,2000,0,2000,2000
055164,矽創元大98購01  ,0,0,0,0,0,0,0,0,0,2000,0,0,0,2000,0,2000,2000
055217,緯創凱基97購02  ,0,0,0,0,0,0,0,0,0,2000,0,0,0,2000,0,2000,2000
055337,超眾兆豐98購01  ,0,0,0,0,0,0,0,0,0,2000,0,0,0,12000,10000,2000,2000
057904,矽力永豐98購01  ,0,0,0,0,0,0,0,0,0,2000,0,0,0,8000,6000,2000,2000
057563,旭富國泰9A購01  ,0,0,0,0,0,0,0,0,0,2000,0,0,0,2000,0,2000,2000
060128,健策永豐99購06  ,0,0,0,0,0,0,0,0,0,2000,0,0,0,2000,0,2000,2000
061734,全新中信9B購02  ,0,0,0,0,0,0,0,0,0,2000,0,0,0,2000,0,2000,2000
061909,台積電中信05購02,0,0,0,0,0,0,0,0,0,2000,0,0,0,2000,0,2000,2000
061775,臺指反國票9B購04,0,0,0,0,0,0,0,0,0,2000,0,0,0,2000,0,2000,2000
056356,台積電元大99購01,0,0,0,0,0,0,0,0,0,2000,0,0,0,2000,0,2000,2000
056322,臺股指群益98購01,0,0,0,0,0,0,0,0,0,2000,0,0,0,2000,0,2000,2000
056642,旺宏凱基98購07  ,0,0,0,0,0,0,0,0,0,2000,0,0,0,43000,41000,2000,2000
057239,貿聯凱基98購05  ,0,0,0,0,0,0,0,0,0,2000,0,0,0,2000,0,2000,2000
057286,群創元大9B購05  ,0,0,0,0,0,0,0,0,0,2000,0,0,0,2000,0,2000,2000
057375,欣興元大98購09  ,0,0,0,0,0,0,0,0,0,2000,0,0,0,2000,0,2000,2000
056743,貿聯凱基98購04  ,0,0,0,0,0,0,0,0,0,2000,0,0,0,50000,48000,2000,2000
061059,世芯國票9B購01  ,0,0,0,0,0,0,0,0,0,2000,0,0,0,2000,0,2000,2000
059054,國巨凱基99購11  ,0,0,0,0,0,0,0,0,0,2000,0,0,0,11000,9000,2000,2000
060222,貿聯凱基9A購02  ,0,0,0,0,0,0,0,0,0,2000,0,0,0,2000,0,2000,2000
058798,大立光元大99購11,0,0,0,0,0,0,0,0,0,2000,0,0,0,17000,15000,2000,2000
058216,TPK群益99購01   ,0,0,0,0,0,0,0,0,0,2000,0,0,0,4000,2000,2000,2000
060846,欣興國票9A購02  ,0,0,0,0,0,0,0,0,0,2000,0,0,0,3000,1000,2000,2000
060886,國巨統一01購03  ,0,0,0,0,0,0,0,0,0,2000,0,0,0,11000,9000,2000,2000
060942,智邦國票9A購02  ,0,0,0,0,0,0,0,0,0,2000,0,0,0,32000,30000,2000,2000
060041,T50反1群益99購04,0,0,0,0,0,0,0,0,0,2000,0,0,0,2000,0,2000,2000
059923,緯穎元大99購09  ,0,0,0,0,0,0,0,0,0,2000,0,0,0,11000,9000,2000,2000
059165,南亞科凱基99購04,0,0,0,0,0,0,0,0,0,2000,0,0,0,8000,6000,2000,2000
062096,神隆永豐9B購01  ,0,0,0,0,0,0,0,0,0,2000,0,0,0,137000,135000,2000,2000
061716,瑞儀凱基9B購01  ,0,0,0,0,0,0,0,0,0,2000,0,0,0,2000,0,2000,2000
058707,泰鼎元大99購02  ,0,0,0,0,0,0,0,0,0,2000,0,0,0,6000,4000,2000,2000
062312,大立光凱基9B購03,0,0,0,0,0,0,0,0,0,2000,0,0,0,2000,0,2000,2000
062313,聯詠凱基9C購01  ,0,0,0,0,0,0,0,0,0,2000,0,0,0,2000,0,2000,2000
058278,FBVIX中信03購02 ,0,0,0,0,0,0,0,0,0,2000,0,0,0,16000,14000,2000,2000
058312,大毅國泰9B購01  ,0,0,0,0,0,0,0,0,0,2000,0,0,0,6000,4000,2000,2000
060560,欣興國泰9C購01  ,0,0,0,0,0,0,0,0,0,2000,0,0,0,2000,0,2000,2000
060620,玉晶光元大9A購04,0,0,0,0,0,0,0,0,0,2000,0,0,0,2000,0,2000,2000
061445,道瓊指中信9A購01,0,0,0,0,0,0,0,0,0,2000,0,0,0,2000,0,2000,2000
060514,南電元大9A購02  ,0,0,0,0,0,0,0,0,0,2000,0,0,0,3000,1000,2000,2000
060522,鴻海中信9A購03  ,0,0,0,0,0,0,0,0,0,2000,0,0,0,13000,11000,2000,2000
06293P,臺股指國票97售07,0,0,0,0,0,0,0,0,0,2000,0,0,0,2000,0,2000,2000
062998,泰碩國票01購01  ,0,0,0,0,0,0,0,0,0,2000,0,0,0,2000,0,2000,2000
062573,大毅群益9B購03  ,0,0,0,0,0,0,0,0,0,2000,0,0,0,38000,36000,2000,2000
062422,億光統一01購01  ,0,0,0,0,0,0,0,0,0,2000,0,0,0,2000,0,2000,2000
062690,華擎統一9B購01  ,0,0,0,0,0,0,0,0,0,2000,0,0,0,2000,0,2000,2000
062585,鴻海統一9C購14  ,0,0,0,0,0,0,0,0,0,2000,0,0,0,14000,12000,2000,2000
063211,道瓊銀國票9B購01,0,0,0,0,0,0,0,0,0,2000,0,0,0,2000,0,2000,2000
063459,華通元大9B購08  ,0,0,0,0,0,0,0,0,0,2000,0,0,0,85000,83000,2000,2000
06350P,臺股指台新99售02,0,0,0,0,0,0,0,0,0,2000,0,0,0,2000,0,2000,2000
063636,聯發科元大9B購26,0,0,0,0,0,0,0,0,0,2000,0,0,0,2000,0,2000,2000
063605,健策凱基9C購02  ,0,0,0,0,0,0,0,0,0,2000,0,0,0,23000,21000,2000,2000
064755,南亞科凱基01購02,0,0,0,0,0,0,0,0,0,2000,0,0,0,57000,55000,2000,2000
06496P,台灣50日盛98售01,0,0,0,0,0,0,0,0,0,2000,0,0,0,2000,0,2000,2000
064582,裕隆永豐9C購02  ,0,0,0,0,0,0,0,0,0,2000,0,0,0,2000,0,2000,2000
064560,技嘉群益01購01  ,0,0,0,0,0,0,0,0,0,2000,0,0,0,3000,1000,2000,2000
064631,臺股指元大9C購17,0,0,0,0,0,0,0,0,0,2000,0,0,0,2000,0,2000,2000
063833,致新國票01購01  ,0,0,0,0,0,0,0,0,0,2000,0,0,0,2000,0,2000,2000
063851,健策元大01購01  ,0,0,0,0,0,0,0,0,0,2000,0,0,0,101000,99000,2000,2000
063896,世芯群益9C購01  ,0,0,0,0,0,0,0,0,0,2000,0,0,0,2000,0,2000,2000
064041,國巨統一01購07  ,0,0,0,0,0,0,0,0,0,2000,0,0,0,9000,7000,2000,2000
064142,國巨統一9C購13  ,0,0,0,0,0,0,0,0,0,2000,0,0,0,4000,2000,2000,2000
064135,復盛元大9C購01  ,0,0,0,0,0,0,0,0,0,2000,0,0,0,12000,10000,2000,2000
064175,華通國泰02購01  ,0,0,0,0,0,0,0,0,0,2000,0,0,0,35000,33000,2000,2000
064430,鴻海凱基03購04  ,0,0,0,0,0,0,0,0,0,2000,0,0,0,66000,64000,2000,2000
6133,金橋            ,5000,3000,2000,0,0,0,0,0,0,0,0,0,0,0,0,0,2000
3686,達能            ,9000,7000,2000,0,0,0,0,0,0,0,0,0,0,0,0,0,2000
00678,群益NBI生技     ,0,0,0,0,0,0,0,0,0,1880,35000,0,35000,330000,363120,-33120,1880
1435,中福            ,3000,2000,1000,0,0,0,0,0,0,0,0,0,0,0,0,0,1000
1323,永裕            ,4000,3000,1000,0,0,0,0,0,0,0,0,0,0,0,0,0,1000
1626,艾美特-KY       ,11000,10000,1000,0,0,0,0,0,0,0,0,0,0,0,0,0,1000
1583,程泰            ,1000,0,1000,0,0,0,0,0,0,0,0,0,0,0,0,0,1000
3432,台端            ,3000,0,3000,0,0,0,0,0,0,-2000,0,2000,-2000,0,0,0,1000
3383,新世紀          ,1000,0,1000,0,0,0,0,0,0,0,0,0,0,0,0,0,1000
2882B,國泰金乙特      ,0,0,0,0,0,0,0,0,0,1000,1000,0,1000,0,0,0,1000
2891B,中信金乙特      ,0,0,0,0,0,0,0,0,0,1000,1000,0,1000,0,0,0,1000
2891C,中信金丙特      ,0,0,0,0,0,0,0,0,0,1000,1000,0,1000,0,0,0,1000
08199P,大毅元大9B售02  ,0,0,0,0,0,0,0,0,0,1000,0,0,0,14000,13000,1000,1000
08237P,台積電富邦03售01,0,0,0,0,0,0,0,0,0,1000,0,0,0,1000,0,1000,1000
08034P,台積電兆豐9B售02,0,0,0,0,0,0,0,0,0,1000,0,0,0,1000,0,1000,1000
07759P,臺股指富邦9A售04,0,0,0,0,0,0,0,0,0,1000,0,0,0,1000,0,1000,1000
07775P,國巨群益9A售10  ,0,0,0,0,0,0,0,0,0,1000,0,0,0,1000,0,1000,1000
07876P,台灣50國泰01售01,0,0,0,0,0,0,0,0,0,1000,0,0,0,1000,0,1000,1000
07373P,A50正2元大99售01,0,0,0,0,0,0,0,0,0,1000,0,0,0,1000,0,1000,1000
07413P,國巨元大99售33  ,0,0,0,0,0,0,0,0,0,1000,0,0,0,2000,1000,1000,1000
07500P,微星元大9A售01  ,0,0,0,0,0,0,0,0,0,1000,0,0,0,21000,20000,1000,1000
07570P,旺宏凱基9A售04  ,0,0,0,0,0,0,0,0,0,1000,0,0,0,1000,0,1000,1000
07666P,台灣50元大9C售32,0,0,0,0,0,0,0,0,0,1000,0,0,0,1000,0,1000,1000
07643P,禾伸堂凱基9A售02,0,0,0,0,0,0,0,0,0,1000,0,0,0,1000,0,1000,1000
06798P,臺股指凱基98售08,0,0,0,0,0,0,0,0,0,1000,0,0,0,1000,0,1000,1000
07005P,台積電統一9B售05,0,0,0,0,0,0,0,0,0,1000,0,0,0,1000,0,1000,1000
07022P,嘉晶永豐99售02  ,0,0,0,0,0,0,0,0,0,1000,0,0,0,1000,0,1000,1000
07050P,宏達電中信9B售01,0,0,0,0,0,0,0,0,0,1000,0,0,0,1000,0,1000,1000
07276P,臺股指群益99售19,0,0,0,0,0,0,0,0,0,1000,0,0,0,1000,0,1000,1000
065528,FBVIX中信04購01 ,0,0,0,0,0,0,0,0,0,1000,0,0,0,1000,0,1000,1000
065448,緯創統一9C購01  ,0,0,0,0,0,0,0,0,0,1000,0,0,0,41000,40000,1000,1000
065417,嘉晶國票01購02  ,0,0,0,0,0,0,0,0,0,1000,0,0,0,2000,1000,1000,1000
065115,臺股指國票9C購12,0,0,0,0,0,0,0,0,0,1000,0,0,0,1000,0,1000,1000
00731,FH富時高息低波  ,3000,3000,0,0,0,0,0,0,0,1000,0,0,0,1133000,1132000,1000,1000
04006P,滬深2X國票9B售01,0,0,0,0,0,0,0,0,0,1000,0,0,0,1000,0,1000,1000
053055,聯詠國票97購01  ,0,0,0,0,0,0,0,0,0,1000,0,0,0,1000,0,1000,1000
052806,玉晶光元大98購04,0,0,0,0,0,0,0,0,0,1000,0,0,0,1000,0,1000,1000
05593P,鴻海國票97售03  ,0,0,0,0,0,0,0,0,0,1000,0,0,0,1000,0,1000,1000
053861,台光電元大98購01,0,0,0,0,0,0,0,0,0,1000,0,0,0,1000,0,1000,1000
054055,全新國票99購02  ,0,0,0,0,0,0,0,0,0,1000,0,0,0,1000,0,1000,1000
056011,矽力中信99購01  ,0,0,0,0,0,0,0,0,0,1000,0,0,0,5000,4000,1000,1000
056067,智原元大97購01  ,0,0,0,0,0,0,0,0,0,1000,0,0,0,1000,0,1000,1000
052203,T50反1中信99購03,0,0,0,0,0,0,0,0,0,1000,0,0,0,105000,104000,1000,1000
051695,元金2X中信98購01,0,0,0,0,0,0,0,0,0,1000,0,0,0,1000,0,1000,1000
052594,友訊群益98購01  ,0,0,0,0,0,0,0,0,0,1000,0,0,0,1000,0,1000,1000
055373,聯詠元大97購03  ,0,0,0,0,0,0,0,0,0,1000,0,0,0,1000,0,1000,1000
057957,嘉晶元大98購01  ,0,0,0,0,0,0,0,0,0,1000,0,0,0,2000,1000,1000,1000
055290,玉晶光元大98購08,0,0,0,0,0,0,0,0,0,1000,0,0,0,1000,0,1000,1000
057110,立積群益98購01  ,0,0,0,0,0,0,0,0,0,1000,0,0,0,67000,66000,1000,1000
057148,玉晶光國票99購04,0,0,0,0,0,0,0,0,0,1000,0,0,0,1000,0,1000,1000
054551,聯發科凱基98購02,0,0,0,0,0,0,0,0,0,1000,0,0,0,1000,0,1000,1000
054532,強茂國泰98購01  ,0,0,0,0,0,0,0,0,0,1000,0,0,0,13000,12000,1000,1000
054090,瑞昱群益97購01  ,0,0,0,0,0,0,0,0,0,1000,0,0,0,1000,0,1000,1000
054826,復盛元大9A購01  ,0,0,0,0,0,0,0,0,0,1000,0,0,0,1000,0,1000,1000
055527,旺宏群益99購03  ,0,0,0,0,0,0,0,0,0,1000,0,0,0,1000,0,1000,1000
055586,旺宏元大98購06  ,0,0,0,0,0,0,0,0,0,1000,0,0,0,1000,0,1000,1000
056905,欣興元大98購03  ,0,0,0,0,0,0,0,0,0,1000,0,0,0,20000,19000,1000,1000
056867,華通麥證98購01  ,0,0,0,1000,0,1000,0,0,0,1000,0,0,0,1000,0,1000,1000
056978,技嘉群益99購01  ,0,0,0,0,0,0,0,0,0,1000,0,0,0,2000,1000,1000,1000
056511,超眾永豐98購01  ,0,0,0,0,0,0,0,0,0,1000,0,0,0,11000,10000,1000,1000
057295,可成永豐98購02  ,0,0,0,0,0,0,0,0,0,1000,0,0,0,1000,0,1000,1000
057297,新日興永豐98購01,0,0,0,0,0,0,0,0,0,1000,0,0,0,1000,0,1000,1000
056240,嘉晶群益97購02  ,0,0,0,0,0,0,0,0,0,1000,0,0,0,1000,0,1000,1000
056176,創意元富97購01  ,0,0,0,0,0,0,0,0,0,1000,0,0,0,1000,0,1000,1000
056147,鴻海日盛97購05  ,0,0,0,0,0,0,0,0,0,1000,0,0,0,1000,0,1000,1000
058110,光寶科元富98購01,0,0,0,0,0,0,0,0,0,1000,0,0,0,1000,0,1000,1000
056686,可成統一98購01  ,0,0,0,0,0,0,0,0,0,1000,0,0,0,1000,0,1000,1000
056572,義隆元大99購01  ,0,0,0,0,0,0,0,0,0,1000,0,0,0,1000,0,1000,1000
061839,華新科凱基05購04,0,0,0,0,0,0,0,0,0,1000,0,0,0,10000,9000,1000,1000
060103,聯詠元大99購01  ,0,0,0,0,0,0,0,0,0,1000,0,0,0,1000,0,1000,1000
058933,FBVIX台新9B購01 ,0,0,0,0,0,0,0,0,0,1000,0,0,0,1000,0,1000,1000
058885,元石油元大9C購02,0,0,0,0,0,0,0,0,0,1000,0,0,0,1000,0,1000,1000
057572,明泰永豐98購01  ,0,0,0,0,0,0,0,0,0,1000,0,0,0,1000,0,1000,1000
057887,智原群益98購04  ,0,0,0,0,0,0,0,0,0,1000,0,0,0,270000,269000,1000,1000
057856,聯鈞國票99購03  ,0,0,0,0,0,0,0,0,0,1000,0,0,0,65000,64000,1000,1000
057861,台積電凱基98購16,0,0,0,0,0,0,0,0,0,1000,0,0,0,1000,0,1000,1000
057745,泰鼎永豐99購01  ,0,0,0,0,0,0,0,0,0,1000,0,0,0,13000,12000,1000,1000
057812,友達元大9A購05  ,0,0,0,0,0,0,0,0,0,1000,0,0,0,101000,100000,1000,1000
060485,華新科富邦9C購04,0,0,0,0,0,0,0,0,0,1000,0,0,0,1000,0,1000,1000
061436,上銀凱基9A購07  ,0,0,0,0,0,0,0,0,0,1000,0,0,0,1000,0,1000,1000
06147P,國巨元大97售05  ,0,0,0,0,0,0,0,0,0,1000,0,0,0,1000,0,1000,1000
060598,鴻海凱基9A購20  ,0,0,0,0,0,0,0,0,0,1000,0,0,0,1000,0,1000,1000
059513,揚明光永豐99購01,0,0,0,0,0,0,0,0,0,1000,0,0,0,5000,4000,1000,1000
059275,可成元大99購05  ,0,0,0,0,0,0,0,0,0,1000,0,0,0,3000,2000,1000,1000
061422,台積電元大9A購30,0,0,0,0,0,0,0,0,0,1000,0,0,0,1000,0,1000,1000
060702,玉晶光國泰9C購02,0,0,0,0,0,0,0,0,0,1000,0,0,0,1000,0,1000,1000
062398,建準永豐9B購01  ,0,0,0,0,0,0,0,0,0,1000,0,0,0,13000,12000,1000,1000
062148,奇鋐國票9B購01  ,0,0,0,0,0,0,0,0,0,1000,0,0,0,1000,0,1000,1000
061999,臺股指元大9B購23,0,0,0,0,0,0,0,0,0,1000,0,0,0,1000,0,1000,1000
062064,台灣50元大9B購13,0,0,0,0,0,0,0,0,0,1000,0,0,0,1000,0,1000,1000
06201P,可成元大97售01  ,0,0,0,0,0,0,0,0,0,1000,0,0,0,1000,0,1000,1000
059933,台灣50永豐99購11,0,0,0,0,0,0,0,0,0,1000,0,0,0,1000,0,1000,1000
059610,上銀永豐99購02  ,0,0,0,0,0,0,0,0,0,1000,0,0,0,1000,0,1000,1000
060925,華新科永豐9A購01,0,0,0,0,0,0,0,0,0,1000,0,0,0,1000,0,1000,1000
060766,世芯元大9A購02  ,0,0,0,0,0,0,0,0,0,1000,0,0,0,1000,0,1000,1000
061337,台積電元大9A購27,0,0,0,0,0,0,0,0,0,1000,0,0,0,1000,0,1000,1000
058192,訊芯永豐99購01  ,0,0,0,0,0,0,0,0,0,1000,0,0,0,6000,5000,1000,1000
061295,台積電國泰9B購02,0,0,0,0,0,0,0,0,0,1000,0,0,0,4000,3000,1000,1000
061326,新日興凱基9B購01,0,0,0,0,0,0,0,0,0,1000,0,0,0,10000,9000,1000,1000
058830,健策永豐99購02  ,0,0,0,0,0,0,0,0,0,1000,0,0,0,1000,0,1000,1000
059700,鴻海凱基9A購16  ,0,0,0,0,0,0,0,0,0,1000,0,0,0,1000,0,1000,1000
059113,群光永豐99購01  ,0,0,0,0,0,0,0,0,0,1000,0,0,0,1000,0,1000,1000
059116,晶豪科永豐99購01,0,0,0,0,0,0,0,0,0,1000,0,0,0,7000,6000,1000,1000
059083,華通元大99購07  ,0,0,0,0,0,0,0,0,0,1000,0,0,0,26000,25000,1000,1000
061175,台積電凱基9A購19,0,0,0,0,0,0,0,0,0,1000,0,0,0,1000,0,1000,1000
061071,復盛凱基9A購01  ,0,0,0,0,0,0,0,0,0,1000,0,0,0,1000,0,1000,1000
064171,燿華元富9C購01  ,0,0,0,0,0,0,0,0,0,1000,0,0,0,1000,0,1000,1000
06426P,T50正2元大9B售01,0,0,0,0,0,0,0,0,0,1000,0,0,0,1000,0,1000,1000
063857,臺股指元大9C購10,0,0,0,0,0,0,0,0,0,1000,0,0,0,1000,0,1000,1000
063841,國巨元大01購01  ,0,0,0,0,0,0,0,0,0,1000,0,0,0,46000,45000,1000,1000
063839,華通元大9C購02  ,0,0,0,0,0,0,0,0,0,1000,0,0,0,61000,60000,1000,1000
06381P,臺股指統一98售03,0,0,0,0,0,0,0,0,0,1000,0,0,0,1000,0,1000,1000
063972,緯創國票9C購01  ,0,0,0,0,0,0,0,0,0,1000,0,0,0,3000,2000,1000,1000
064634,臺股指元大9C購20,0,0,0,0,0,0,0,0,0,1000,0,0,0,1000,0,1000,1000
064580,統一永豐9C購01  ,0,0,0,0,0,0,0,0,0,1000,0,0,0,69000,68000,1000,1000
064452,微星統一01購02  ,0,0,0,0,0,0,0,0,0,1000,0,0,0,261000,260000,1000,1000
064771,貿聯中信01購01  ,0,0,0,0,0,0,0,0,0,1000,0,0,0,1000,0,1000,1000
064810,嘉晶元大01購01  ,0,0,0,0,0,0,0,0,0,1000,0,0,0,20000,19000,1000,1000
064849,大立光元富9C購06,0,0,0,0,0,0,0,0,0,1000,0,0,0,1000,0,1000,1000
064838,旭富統一01購01  ,0,0,0,0,0,0,0,0,0,1000,0,0,0,12000,11000,1000,1000
064872,南電永豐9C購02  ,0,0,0,0,0,0,0,0,0,1000,0,0,0,25000,24000,1000,1000
063630,智邦元大9B購09  ,0,0,0,0,0,0,0,0,0,1000,0,0,0,106000,105000,1000,1000
063590,華擎永豐9B購01  ,0,0,0,0,0,0,0,0,0,1000,0,0,0,1000,0,1000,1000
063470,泰鼎元大9B購03  ,0,0,0,0,0,0,0,0,0,1000,0,0,0,22000,21000,1000,1000
063778,亞德客永豐9B購02,0,0,0,0,0,0,0,0,0,1000,0,0,0,1000,0,1000,1000
063688,建準永豐9B購03  ,0,0,0,0,0,0,0,0,0,1000,0,0,0,1000,0,1000,1000
063454,瑞儀統一9B購01  ,0,0,0,0,0,0,0,0,0,1000,0,0,0,1000,0,1000,1000
063371,南亞科永豐9B購01,0,0,0,0,0,0,0,0,0,1000,0,0,0,10000,9000,1000,1000
063214,康控國票9C購01  ,0,0,0,0,0,0,0,0,0,1000,0,0,0,35000,34000,1000,1000
062748,祥碩永豐9B購02  ,0,0,0,0,0,0,0,0,0,1000,0,0,0,2000,1000,1000,1000
062765,祥碩凱基9B購04  ,0,0,0,0,0,0,0,0,0,1000,0,0,0,3000,2000,1000,1000
062405,泰鼎永豐9B購02  ,0,0,0,0,0,0,0,0,0,1000,0,0,0,1000,0,1000,1000
062499,鴻海群益01購01  ,0,0,0,0,0,0,0,0,0,1000,0,0,0,92000,91000,1000,1000
06301P,臺股指元大97售04,0,0,0,0,0,0,0,0,0,1000,0,0,0,1000,0,1000,1000
063101,華通群益9B購07  ,0,0,0,0,0,0,0,0,0,1000,0,0,0,1000,0,1000,1000
062818,大立光兆豐9C購01,0,0,0,0,0,0,0,0,0,1000,0,0,0,1000,0,1000,1000
4562,穎漢            ,6000,5000,1000,0,0,0,0,0,0,0,0,0,0,0,0,0,1000
6464,台數科          ,2000,1000,1000,0,0,0,0,0,0,0,0,0,0,0,0,0,1000
8467,波力-KY         ,1000,0,1000,0,0,0,0,0,0,0,0,0,0,0,0,0,1000
6655,科定            ,1000,0,1000,0,0,0,0,0,0,0,0,0,0,0,0,0,1000
065141,國巨凱基9C購10  ,0,0,0,0,0,0,0,0,0,0,0,0,0,1000,1000,0,0
065081,金像電元大9C購05,0,0,0,0,0,0,0,0,0,0,0,0,0,82000,82000,0,0
065077,鴻海元大01購03  ,0,0,0,0,0,0,0,0,0,0,0,0,0,1000,1000,0,0
065173,可成元大9C購10  ,0,0,0,0,0,0,0,0,0,0,0,0,0,2000,2000,0,0
065157,世芯群益9C購02  ,0,0,0,0,0,0,0,0,0,0,0,0,0,10000,10000,0,0
065168,台積電元大02購02,0,0,0,0,0,0,0,0,0,0,0,0,0,100000,100000,0,0
065227,金像電凱基9C購01,0,0,0,0,0,0,0,0,0,0,0,0,0,50000,50000,0,0
065292,緯創群益9C購01  ,0,0,0,0,0,0,0,0,0,0,0,0,0,4000,4000,0,0
065296,國巨統一01購10  ,0,0,0,0,0,0,0,0,0,0,0,0,0,6000,6000,0,0
065264,亞光元大9C購02  ,0,0,0,0,0,0,0,0,0,0,0,0,0,10000,10000,0,0
06537P,華通凱基98售04  ,0,0,0,0,0,0,0,0,0,0,0,0,0,10000,10000,0,0
065438,緯穎凱基9C購04  ,0,0,0,0,0,0,0,0,0,0,0,0,0,13000,13000,0,0
065424,華新凱基02購01  ,0,0,0,0,0,0,0,0,0,0,0,0,0,88000,88000,0,0
065425,國巨凱基01購03  ,0,0,0,0,0,0,0,0,0,0,0,0,0,1000,1000,0,0
065410,國巨永豐9C購01  ,0,0,0,0,0,0,0,0,0,0,0,0,0,8000,8000,0,0
065569,智邦群益01購01  ,0,0,0,0,0,0,0,0,0,0,0,0,0,2000,2000,0,0
065559,超眾凱基9C購03  ,0,0,0,0,0,0,0,0,0,0,0,0,0,10000,10000,0,0
065577,超眾群益9C購02  ,0,0,0,0,0,0,0,0,0,0,0,0,0,2000,2000,0,0
065594,華通元大01購02  ,0,0,0,0,0,0,0,0,0,0,0,0,0,50000,50000,0,0
065606,可成元大01購05  ,0,0,0,0,0,0,0,0,0,0,0,0,0,89000,89000,0,0
065622,鴻海中信06購01  ,0,0,0,0,0,0,0,0,0,0,0,0,0,16000,16000,0,0
065650,旭富元大9C購07  ,0,0,0,0,0,0,0,0,0,0,0,0,0,39000,39000,0,0
065652,超眾元大01購02  ,0,0,0,0,0,0,0,0,0,0,0,0,0,12000,12000,0,0
065653,同欣電元大03購01,0,0,0,0,0,0,0,0,0,0,0,0,0,3000,3000,0,0
065654,台表科元大9C購12,0,0,0,0,0,0,0,0,0,0,0,0,0,2000,2000,0,0
065645,嘉晶元大01購02  ,0,0,0,0,0,0,0,0,0,0,0,0,0,1000,1000,0,0
065672,嘉晶凱基01購01  ,0,0,0,0,0,0,0,0,0,0,0,0,0,1000,1000,0,0
065712,緯穎群益9C購03  ,0,0,0,0,0,0,0,0,0,0,0,0,0,5000,5000,0,0
065691,國巨群益9C購16  ,0,0,0,0,0,0,0,0,0,0,0,0,0,3000,3000,0,0
065694,國巨群益9C購19  ,0,0,0,0,0,0,0,0,0,0,0,0,0,8000,8000,0,0
06594P,立積元大98售01  ,0,0,0,0,0,0,0,0,0,0,0,0,0,15000,15000,0,0
06625P,華新科統一98售03,0,0,0,0,0,0,0,0,0,0,0,0,0,1000,1000,0,0
07294P,滬深2X元富9C售08,0,0,0,0,0,0,0,0,0,0,0,0,0,200000,200000,0,0
07215P,大立光凱基99售07,0,0,0,0,0,0,0,0,0,0,0,0,0,40000,40000,0,0
07150P,和碩元大99售01  ,0,0,0,0,0,0,0,0,0,0,0,0,0,10000,10000,0,0
06767P,台積電永昌99售03,0,0,0,0,0,0,0,0,0,0,0,0,0,120000,120000,0,0
06776P,鴻海元大99售05  ,0,0,0,0,0,0,0,0,0,0,0,0,0,72000,72000,0,0
06757P,台灣50元大9B售01,0,0,0,0,0,0,0,0,0,0,0,1000,-1000,1000,0,1000,0
06758P,鴻海元大98售10  ,0,0,0,0,0,0,0,0,0,0,0,0,0,135000,135000,0,0
06876P,台灣50兆豐9B售01,0,0,0,0,0,0,0,0,0,0,0,1000,-1000,1000,0,1000,0
06888P,日月光元大98售02,0,0,0,0,0,0,0,0,0,0,0,0,0,30000,30000,0,0
06843P,鴻海元大98售11  ,0,0,0,0,0,0,0,0,0,0,0,0,0,55000,55000,0,0
06848P,聯詠元大98售04  ,0,0,0,0,0,0,0,0,0,0,0,0,0,100000,100000,0,0
07660P,聯茂凱基9A售03  ,0,0,0,0,0,0,0,0,0,0,0,0,0,50000,50000,0,0
07587P,台灣50國票9A售11,0,0,0,0,0,0,0,0,0,0,0,0,0,10000,10000,0,0
07593P,臺股指凱基9A售08,0,0,0,0,0,0,0,0,0,0,0,0,0,10000,10000,0,0
07489P,國巨國票9A售07  ,0,0,0,0,0,0,0,0,0,0,0,0,0,20000,20000,0,0
07886P,國巨國票9B售06  ,0,0,0,0,0,0,0,0,0,0,0,0,0,285000,285000,0,0
07820P,臺股指國票9A售11,0,0,0,0,0,0,0,0,0,0,0,0,0,220000,220000,0,0
07704P,台積電元大9A售25,0,0,0,0,0,0,0,0,0,0,0,0,0,150000,150000,0,0
08035P,國巨群益9C售04  ,0,0,0,0,0,0,0,0,0,0,0,0,0,179000,179000,0,0
08049P,臺股指國票9B售14,0,0,0,0,0,0,0,0,0,0,0,0,0,3000,3000,0,0
08076P,國巨群益9C售05  ,0,0,0,0,0,0,0,0,0,0,0,0,0,200000,200000,0,0
07956P,鴻海群益9B售06  ,0,0,0,0,0,0,0,0,0,0,0,0,0,10000,10000,0,0
08256P,台積電元大9C售02,0,0,0,0,0,0,0,0,0,0,0,0,0,50000,50000,0,0
1236,宏亞            ,2000,2000,0,0,0,0,0,0,0,0,0,0,0,0,0,0,0
08600P,臺股指元大9C售32,0,1000,-1000,0,0,0,0,0,0,1000,0,0,0,1000,0,1000,0
08496P,金像電國票01售02,0,0,0,0,0,0,0,0,0,0,0,0,0,35000,35000,0,0
08536P,台積電國票9C售08,0,0,0,0,0,0,0,0,0,0,0,0,0,1000,1000,0,0
08328P,國巨國票9C售07  ,0,0,0,0,0,0,0,0,0,0,0,0,0,175000,175000,0,0
08444P,臺股指麥證9C售02,0,0,0,10000,10000,0,0,0,0,0,0,0,0,10000,10000,0,0
08447P,緯穎永豐9C售02  ,0,0,0,0,0,0,0,0,0,0,0,0,0,63000,63000,0,0
08435P,台積電群益9C售11,0,0,0,0,0,0,0,0,0,0,0,0,0,50000,50000,0,0
08382P,國巨群益01售02  ,0,0,0,0,0,0,0,0,0,0,0,0,0,100000,100000,0,0
3167,大量            ,4000,4000,0,0,0,0,0,0,0,0,0,0,0,0,0,0,0
2613,中櫃            ,2000,1000,1000,0,0,0,0,0,0,-1000,0,1000,-1000,0,0,0,0
057810,技嘉元大98購06  ,0,0,0,0,0,0,0,0,0,0,0,0,0,50000,50000,0,0
057794,T50反1兆豐99購02,0,0,0,0,0,0,0,0,0,0,0,0,0,13000,13000,0,0
057852,國巨國票99購05  ,0,0,0,0,0,0,0,0,0,0,0,0,0,2000,2000,0,0
057873,義隆元大98購03  ,0,0,0,0,0,0,0,0,0,0,0,0,0,1000,1000,0,0
057826,祥碩元大98購08  ,0,0,0,0,0,0,0,0,0,0,0,0,0,3000,3000,0,0
057850,上銀兆豐99購02  ,0,0,0,0,0,0,0,0,0,0,0,0,0,651000,651000,0,0
057925,貿聯凱基99購01  ,0,0,0,0,0,0,0,0,0,0,0,0,0,70000,70000,0,0
057502,訊芯群益98購02  ,0,0,0,0,0,0,0,0,0,0,0,0,0,98000,98000,0,0
057504,技嘉麥證98購01  ,0,0,0,5000,0,5000,0,0,0,0,0,0,0,5000,5000,0,0
057523,大成鋼元大99購01,0,0,0,0,0,0,0,0,0,0,0,0,0,44000,44000,0,0
057529,嘉晶元大99購02  ,0,0,0,0,0,0,0,0,0,0,0,0,0,1000,1000,0,0
056451,可成凱基99購01  ,0,0,0,0,0,0,0,0,0,0,0,0,0,45000,45000,0,0
057465,智易永豐98購02  ,0,0,0,0,0,0,0,0,0,0,0,0,0,68000,68000,0,0
057427,華通兆豐99購01  ,0,0,0,0,0,0,0,0,0,0,0,0,0,385000,385000,0,0
061866,力山元大9C購01  ,0,0,0,0,0,0,0,0,0,0,0,0,0,10000,10000,0,0
058909,神達元大99購03  ,0,0,0,0,0,0,0,0,0,0,0,0,0,124000,124000,0,0
060115,南電元大99購06  ,0,0,0,0,0,0,0,0,0,0,0,0,0,2000,2000,0,0
061848,國巨國票9B購07  ,0,0,0,0,0,0,0,0,0,0,0,0,0,31000,31000,0,0
061849,國巨國票9B購08  ,0,0,0,0,0,0,0,0,0,0,0,0,0,31000,31000,0,0
061850,國巨國票9C購02  ,0,0,0,0,0,0,0,0,0,0,0,0,0,1000,1000,0,0
061804,國巨中信9B購02  ,0,0,0,0,0,0,0,0,0,0,0,0,0,1000,1000,0,0
061767,信邦元大9B購01  ,0,0,0,0,0,0,0,0,0,0,0,0,0,20000,20000,0,0
061721,道瓊反富邦9B購01,0,0,0,0,0,0,0,0,0,0,0,0,0,1000,1000,0,0
061725,國巨麥證9A購05  ,0,0,0,6000,3000,3000,0,0,0,0,0,0,0,9000,9000,0,0
056611,國巨永豐98購03  ,0,0,0,0,0,0,0,0,0,0,0,0,0,3000,3000,0,0
056593,台積電元富98購02,0,0,0,0,0,0,0,0,0,0,0,0,0,56000,56000,0,0
056594,台積電元富98購03,0,0,0,0,0,0,0,0,0,0,0,0,0,66000,66000,0,0
056314,力成元大97購01  ,0,0,0,0,0,0,0,0,0,0,0,0,0,68000,68000,0,0
056331,聯鈞國票99購01  ,0,0,0,0,0,0,0,0,0,0,0,0,0,7000,7000,0,0
056556,南電凱基98購01  ,0,0,0,0,0,0,0,0,0,0,0,0,0,4000,4000,0,0
056354,國巨元大98購10  ,0,0,0,0,0,0,0,0,0,0,0,0,0,23000,23000,0,0
058112,神達元富98購01  ,0,0,0,0,0,0,0,0,0,0,0,0,0,98000,98000,0,0
056139,貿聯元大97購04  ,0,0,0,0,0,0,0,0,0,0,0,0,0,68000,68000,0,0
058143,瑞儀元大99購02  ,0,0,0,0,0,0,0,0,0,0,0,0,0,43000,43000,0,0
057241,超眾凱基99購02  ,0,0,0,0,0,0,0,0,0,0,0,0,0,20000,20000,0,0
057263,可成兆豐99購01  ,0,0,0,0,0,0,0,0,0,0,0,0,0,10000,10000,0,0
058166,鴻海凱基9A購01  ,0,0,0,0,0,0,0,0,0,0,0,0,0,6000,6000,0,0
058178,國巨國泰9A購02  ,0,0,0,0,0,0,0,0,0,0,0,0,0,3000,3000,0,0
058158,台積電台新99購01,0,0,0,0,0,0,0,0,0,0,0,0,0,543000,543000,0,0
058159,健策台新9A購01  ,0,0,0,0,0,0,0,0,0,0,0,0,0,10000,10000,0,0
05815P,台積電凱基97售06,0,0,0,0,0,0,0,0,0,0,0,0,0,1000,1000,0,0
056504,國巨永豐98購02  ,0,0,0,0,0,0,0,0,0,0,0,0,0,6000,6000,0,0
057365,智邦元大98購07  ,0,0,0,0,0,0,0,0,0,0,0,0,0,25000,25000,0,0
057337,聯發科國票99購02,0,0,0,0,0,0,0,0,0,0,0,0,0,25000,25000,0,0
057363,華通元大99購02  ,0,0,0,0,0,0,0,0,0,0,0,0,0,1000,1000,0,0
057699,可成群益9A購02  ,0,0,0,0,0,0,0,0,0,0,0,0,0,20000,20000,0,0
056460,同欣電凱基99購01,0,0,0,0,0,0,0,0,0,0,0,0,0,50000,50000,0,0
056858,國巨群益99購03  ,0,0,0,0,0,0,0,0,0,0,0,0,0,10000,10000,0,0
056890,國巨元大98購11  ,0,0,0,0,0,0,0,0,0,0,0,0,0,7000,7000,0,0
056918,台積電兆豐98購01,0,0,0,0,0,0,0,0,0,0,0,0,0,225000,225000,0,0
05693P,滬深2X凱基98售02,0,0,0,0,0,0,0,0,0,0,0,0,0,200000,200000,0,0
056739,美律凱基98購04  ,0,0,0,0,0,0,0,0,0,0,0,0,0,47000,47000,0,0
056751,和大兆豐98購01  ,0,0,0,0,0,0,0,0,0,0,0,0,0,170000,170000,0,0
056713,華擎永豐98購01  ,0,0,0,0,0,0,0,0,0,0,0,0,0,12000,12000,0,0
056796,國巨麥證98購02  ,0,0,0,5000,3000,2000,0,0,0,0,0,0,0,8000,8000,0,0
056800,臺股指麥證98購01,0,0,0,30000,30000,0,0,0,0,0,0,0,0,30000,30000,0,0
056791,嘉聯益群益98購01,0,0,0,0,0,0,0,0,0,0,0,0,0,10000,10000,0,0
056771,嘉晶元大99購01  ,0,0,0,0,0,0,0,0,0,0,0,0,0,1000,1000,0,0
056843,冠德元富98購01  ,0,0,0,0,0,0,0,0,0,0,0,0,0,4000,4000,0,0
055570,華通統一98購03  ,0,0,0,0,0,0,0,0,0,0,0,0,0,70000,70000,0,0
055535,緯創群益98購01  ,0,0,0,0,0,0,0,0,0,0,0,0,0,120000,120000,0,0
055513,旺宏亞東98購01  ,0,0,0,0,0,0,0,0,0,0,0,0,0,700000,700000,0,0
056134,可成元大97購06  ,0,0,0,0,0,0,0,0,0,0,0,0,0,50000,50000,0,0
055438,鴻海國票98購01  ,0,0,0,0,0,0,0,0,0,0,0,0,0,91000,91000,0,0
055450,台積電元富97購01,0,0,0,0,0,0,0,0,0,0,0,0,0,172000,172000,0,0
054742,京鼎凱基99購01  ,0,0,0,0,0,0,0,0,0,0,0,0,0,10000,10000,0,0
054755,世紀鋼凱基98購01,0,0,0,0,0,0,0,0,0,0,0,0,0,17000,17000,0,0
054770,健策國票98購01  ,0,0,0,0,0,0,0,0,0,0,0,0,0,1000,1000,0,0
055621,國巨國泰98購03  ,0,0,0,0,0,0,0,0,0,0,0,0,0,50000,50000,0,0
055646,漢唐元富97購01  ,0,0,0,0,0,0,0,0,0,0,0,0,0,10000,10000,0,0
055707,聯鈞永豐98購01  ,0,0,0,0,0,0,0,0,0,0,0,0,0,68000,68000,0,0
054835,致新中信97購01  ,0,0,0,0,0,0,0,0,0,0,0,0,0,8000,8000,0,0
054882,台光電統一97購02,0,0,0,0,0,0,0,0,0,0,0,0,0,26000,26000,0,0
054461,台積電凱基97購09,0,0,0,0,0,0,0,0,0,0,0,0,0,1000,1000,0,0
05420P,大立光國泰97售03,0,0,0,0,0,0,0,0,0,0,0,0,0,30000,30000,0,0
054577,世芯元大98購01  ,0,0,0,0,0,0,0,0,0,0,0,0,0,19000,19000,0,0
054578,世芯元大99購01  ,0,0,0,0,0,0,0,0,0,0,0,0,0,5000,5000,0,0
05461P,台積電亞東97售01,0,0,0,0,0,0,0,0,0,0,0,0,0,45000,45000,0,0
054671,國巨國泰98購01  ,0,0,0,0,0,0,0,0,0,0,0,0,0,45000,45000,0,0
057164,國巨元大98購14  ,0,0,0,0,0,0,0,0,0,0,0,0,0,9000,9000,0,0
058061,貿聯元富9B購01  ,0,0,0,0,0,0,0,0,0,0,0,0,0,42000,42000,0,0
058068,旺宏凱基98購11  ,0,0,0,0,0,0,0,0,0,0,0,0,0,10000,10000,0,0
058051,同欣電元大98購03,0,0,0,0,0,0,0,0,0,0,0,0,0,68000,68000,0,0
058042,鴻海元大98購12  ,0,0,0,0,0,0,0,0,0,0,0,0,0,32000,32000,0,0
058019,美律凱基99購04  ,0,0,0,0,0,0,0,0,0,0,0,0,0,50000,50000,0,0
057984,聯發科台新98購01,0,0,0,0,0,0,0,0,0,0,0,0,0,110000,110000,0,0
055166,台積電統一97購05,0,0,0,0,0,0,0,0,0,0,0,0,0,108000,108000,0,0
055142,健策永豐98購01  ,0,0,0,0,0,0,0,0,0,0,0,0,0,9000,9000,0,0
055197,致新元富97購02  ,0,0,0,0,0,0,0,0,0,0,0,0,0,40000,40000,0,0
055026,健和興國泰98購01,0,0,0,0,0,0,0,0,0,0,0,0,0,15000,15000,0,0
052396,台積電凱基97購01,0,0,0,0,0,0,0,0,0,0,0,0,0,1000,1000,0,0
052618,群創國泰98購01  ,0,0,0,0,0,0,0,0,0,0,0,0,0,4000,4000,0,0
055834,國巨元大97購13  ,0,0,0,0,0,0,0,0,0,0,0,0,0,24000,24000,0,0
051911,大立光元大98購02,0,0,0,0,0,0,0,0,0,0,0,0,0,102000,102000,0,0
045055,聯發科元富98購03,0,0,0,0,0,0,0,0,0,0,0,0,0,18000,18000,0,0
046191,新光金凱基98購01,0,0,0,0,0,0,0,0,0,0,0,0,0,71000,71000,0,0
045837,群創群益98購02  ,0,0,0,0,0,0,0,0,0,0,0,0,0,10000,10000,0,0
050984,大立光國泰97購01,0,0,0,0,0,0,0,0,0,0,0,0,0,115000,115000,0,0
051382,玉晶光群益98購02,0,0,0,0,0,0,0,0,0,0,0,0,0,1000,1000,0,0
056058,建準元大97購02  ,0,0,0,0,0,0,0,0,0,0,0,0,0,100000,100000,0,0
056020,義隆群益97購01  ,0,0,0,0,0,0,0,0,0,0,0,0,0,10000,10000,0,0
056028,GIS群益97購02   ,0,0,0,0,0,0,0,0,0,0,0,0,0,10000,10000,0,0
056029,國巨麥證98購01  ,0,0,0,2000,0,2000,0,0,0,0,0,0,0,2000,2000,0,0
055979,聯鈞統一97購03  ,0,0,0,0,0,0,0,0,0,0,0,0,0,30000,30000,0,0
053889,致茂群益97購01  ,0,0,0,0,0,0,0,0,0,0,0,0,0,10000,10000,0,0
053969,瑞昱元大97購01  ,0,0,0,0,0,0,0,0,0,0,0,0,0,1000,1000,0,0
053875,GIS元大97購01   ,0,0,0,0,0,0,0,0,0,0,0,0,0,68000,68000,0,0
055956,瑞昱元大97購05  ,0,0,0,0,0,0,0,0,0,0,0,0,0,30000,30000,0,0
053761,健策國泰98購01  ,0,0,0,0,0,0,0,0,0,0,0,0,0,1000,1000,0,0
053024,國巨富邦97購02  ,0,0,0,0,0,0,0,0,0,0,0,0,0,1000,1000,0,0
053035,台表科兆豐97購01,0,0,0,0,0,0,0,0,0,0,0,0,0,10000,10000,0,0
052906,緯創國票97購01  ,0,0,0,0,0,0,0,0,0,0,0,0,0,670000,670000,0,0
053226,國巨台新97購02  ,0,0,0,0,0,0,0,0,0,0,0,0,0,1204000,1204000,0,0
053401,臺股指中信99購01,0,0,0,0,0,0,0,0,0,0,0,0,0,2000,2000,0,0
00732,國泰RMB短期報酬 ,0,0,0,0,0,0,0,0,0,0,0,0,0,100000,100000,0,0
00774B,新光中國政金綠債,7000,5000,2000,0,0,0,0,0,0,-2000,0,0,0,2000,4000,-2000,0
00775B,新光投等債15+   ,0,0,0,0,0,0,0,0,0,0,0,0,0,2000,2000,0,0
00707R,元大S&P日圓反1  ,0,0,0,0,0,0,0,0,0,0,0,0,0,1000,1000,0,0
00711B,FH彭博新興債    ,0,0,0,0,0,0,0,0,0,0,0,0,0,114000,114000,0,0
00668K,國泰美國道瓊+U  ,0,0,0,0,0,0,0,0,0,0,0,0,0,100,100,0,0
00657K,國泰日經225+U   ,0,0,0,0,0,0,0,0,0,0,0,0,0,100,100,0,0
00636K,國泰中國A50+U   ,0,0,0,0,0,0,0,0,0,0,0,0,0,100,100,0,0
0057,富邦摩台        ,0,0,0,0,0,0,0,0,0,0,0,0,0,41000,41000,0,0
061068,祥碩凱基9B購01  ,0,0,0,0,0,0,0,0,0,0,0,0,0,1000,1000,0,0
061041,南電永豐9A購03  ,0,0,0,0,0,0,0,0,0,0,0,0,0,2000,2000,0,0
061499,嘉晶國票9A購03  ,0,0,0,0,0,0,0,0,0,0,0,0,0,1000,1000,0,0
061512,國巨永豐9A購04  ,0,0,0,0,0,0,0,0,0,0,0,0,0,6000,6000,0,0
061529,國巨台新9A購02  ,0,0,0,0,0,0,0,0,0,0,0,0,0,3000,3000,0,0
059009,世紀鋼元大99購04,0,0,0,0,0,0,0,0,0,0,0,0,0,4000,4000,0,0
058979,上銀凱基99購04  ,0,0,0,0,0,0,0,0,0,0,0,0,0,10000,10000,0,0
061150,國巨群益9A購09  ,0,0,0,0,0,0,0,0,0,0,0,0,0,16000,16000,0,0
059084,鴻海元大99購24  ,0,0,0,0,0,0,0,0,0,0,0,0,0,1000,1000,0,0
059068,台虹國票9A購01  ,0,0,0,0,0,0,0,0,0,0,0,0,0,50000,50000,0,0
061119,國巨永豐9A購03  ,0,0,0,0,0,0,0,0,0,0,0,0,0,1000,1000,0,0
060339,國巨統一01購01  ,0,0,0,0,0,0,0,0,0,0,0,0,0,17000,17000,0,0
061204,國巨元大9A購16  ,0,0,0,0,0,0,0,0,0,0,0,0,0,26000,26000,0,0
061246,玉晶光群益9A購08,0,0,0,0,0,0,0,0,0,0,0,0,0,2000,2000,0,0
059723,美律元大9A購02  ,0,0,0,0,0,0,0,0,0,0,0,0,0,87000,87000,0,0
058800,健策元大99購03  ,0,0,0,0,0,0,0,0,0,0,0,0,0,2000,2000,0,0
059783,旺宏元大99購17  ,0,0,0,0,0,0,0,0,0,0,0,0,0,15000,15000,0,0
059784,台光電元大9A購01,0,0,0,0,0,0,0,0,0,0,0,0,0,24000,24000,0,0
060354,A50正2元富9A購02,0,0,0,0,0,0,0,0,0,0,0,0,0,1000,1000,0,0
058793,鴻海元大99購19  ,0,0,0,0,0,0,0,0,0,0,0,0,0,24000,24000,0,0
058794,旺宏元大99購09  ,0,0,0,0,0,0,0,0,0,0,0,0,0,4000,4000,0,0
058482,祥碩凱基99購02  ,0,0,0,0,0,0,0,0,0,0,0,0,0,2000,2000,0,0
058502,鴻海元大99購13  ,0,0,0,0,0,0,0,0,0,0,0,0,0,197000,197000,0,0
058519,嘉澤元大99購01  ,0,0,0,0,0,0,0,0,0,0,0,0,0,9000,9000,0,0
058855,台積電兆豐99購02,0,0,0,0,0,0,0,0,0,0,0,0,0,2120000,2120000,0,0
058828,大毅永豐99購01  ,0,0,0,0,0,0,0,0,0,0,0,0,0,10000,10000,0,0
061280,國巨統一9C購06  ,0,0,0,0,0,0,0,0,0,0,0,0,0,1000,1000,0,0
058231,技嘉元大99購02  ,0,0,0,0,0,0,0,0,0,0,0,0,0,1000,1000,0,0
060717,康控永豐9A購01  ,0,0,0,0,0,0,0,0,0,0,0,0,0,8000,8000,0,0
060729,國巨群益9A購05  ,0,0,0,0,0,0,0,0,0,0,0,0,0,7000,7000,0,0
060732,玉晶光群益9C購02,0,0,0,0,0,0,0,0,0,0,0,0,0,93000,93000,0,0
060769,國巨麥證9A購02  ,0,0,0,7000,5000,2000,0,0,0,0,0,0,0,12000,12000,0,0
06076P,大立光凱基98售03,0,0,0,0,0,0,0,0,0,0,0,0,0,200000,200000,0,0
060759,南亞科元大9A購03,0,0,0,0,0,0,0,0,0,0,0,0,0,1000,1000,0,0
060860,國巨永豐9A購02  ,0,0,0,0,0,0,0,0,0,0,0,0,0,1000,1000,0,0
060876,國巨中信9A購04  ,0,0,0,0,0,0,0,0,0,0,0,0,0,4000,4000,0,0
060856,健策富邦9B購02  ,0,0,0,0,0,0,0,0,0,0,0,0,0,1000,1000,0,0
060910,聯發科元大9A購05,0,0,0,0,0,0,0,0,0,0,0,0,0,2000,2000,0,0
060881,玉山金中信02購01,0,0,0,0,0,0,0,0,0,0,0,0,0,4000,4000,0,0
060984,南亞科元大9A購07,0,0,0,0,0,0,0,0,0,0,0,0,0,61000,61000,0,0
061000,旺宏兆豐9A購02  ,0,0,0,0,0,0,0,0,0,0,0,0,0,300000,300000,0,0
060993,健策元大9B購03  ,0,0,0,0,0,0,0,0,0,0,0,0,0,1000,1000,0,0
060037,鴻海國票99購10  ,0,0,0,0,0,0,0,0,0,0,0,0,0,114000,114000,0,0
060025,台積電富邦9C購06,40000,0,40000,0,0,0,0,0,0,-40000,0,0,0,0,40000,-40000,0
059990,健策元大9A購01  ,0,0,0,0,0,0,0,0,0,0,0,0,0,1000,1000,0,0
059940,微星永豐99購01  ,0,0,0,0,0,0,0,0,0,0,0,0,0,30000,30000,0,0
059925,可成國泰9B購01  ,0,0,0,0,0,0,0,0,0,0,0,0,0,3000,3000,0,0
059912,國巨元大99購28  ,0,0,0,0,0,0,0,0,0,0,0,0,0,14000,14000,0,0
059871,義隆凱基99購03  ,0,0,0,0,0,0,0,0,0,0,0,0,0,6000,6000,0,0
059160,華通凱基99購03  ,0,0,0,0,0,0,0,0,0,0,0,0,0,5000,5000,0,0
059161,鴻海凱基9A購09  ,0,0,0,0,0,0,0,0,0,0,0,0,0,14000,14000,0,0
059195,國巨永豐99購04  ,0,0,0,0,0,0,0,0,0,0,0,0,0,30000,30000,0,0
059214,國巨元大99購20  ,0,0,0,0,0,0,0,0,0,0,0,0,0,1000,1000,0,0
059237,鴻海凱基9A購10  ,0,0,0,0,0,0,0,0,0,0,0,0,0,14000,14000,0,0
059235,鴻海凱基99購08  ,0,0,0,0,0,0,0,0,0,0,0,0,0,14000,14000,0,0
059819,台積電凱基99購17,0,0,0,0,0,0,0,0,0,0,0,0,0,30000,30000,0,0
059250,大立光凱基99購06,0,0,0,0,0,0,0,0,0,0,0,0,0,10000,10000,0,0
058782,臺股指國票99購01,0,0,0,0,0,0,0,0,0,0,0,0,0,42000,42000,0,0
061919,國巨凱基9B購06  ,0,0,0,0,0,0,0,0,0,0,0,0,0,1000,1000,0,0
058743,可成康和99購01  ,0,0,0,0,0,0,0,0,0,0,0,0,0,1000,1000,0,0
058728,SP黃豆永豐99購01,0,0,0,0,0,0,0,0,0,0,0,0,0,20000,20000,0,0
058729,國巨永豐99購03  ,0,0,0,0,0,0,0,0,0,0,0,0,0,8000,8000,0,0
062085,同欣電元大9B購01,0,0,0,0,0,0,0,0,0,0,0,0,0,1000,1000,0,0
062072,國巨元大9B購05  ,0,0,0,0,0,0,0,0,0,0,0,0,0,8000,8000,0,0
062073,國巨元大9B購06  ,0,0,0,0,0,0,0,0,0,0,0,0,0,8000,8000,0,0
062054,鴻海統一9C購06  ,0,0,0,0,0,0,0,0,0,0,0,0,0,12000,12000,0,0
062033,瀚宇博群益9B購01,0,0,0,0,0,0,0,0,0,0,0,0,0,98000,98000,0,0
062105,國巨國票9C購03  ,0,0,0,0,0,0,0,0,0,0,0,0,0,2000,2000,0,0
058704,台積電元大99購17,0,0,0,0,0,0,0,0,0,0,0,0,0,100000,100000,0,0
058717,南電台新99購02  ,0,0,0,0,0,0,0,0,0,0,0,0,0,1000,1000,0,0
05862P,大立光國泰98售01,0,0,0,0,0,0,0,0,0,0,0,0,0,200000,200000,0,0
058654,鴻海中信03購01  ,0,0,0,0,0,0,0,0,0,0,0,0,0,22000,22000,0,0
058618,南電元大99購02  ,0,0,0,0,0,0,0,0,0,0,0,0,0,3000,3000,0,0
061710,國巨凱基9A購18  ,0,0,0,0,0,0,0,0,0,0,0,0,0,28000,28000,0,0
061705,健策國票9A購06  ,0,0,0,0,0,0,0,0,0,0,0,0,0,4000,4000,0,0
058569,健策凱基9A購01  ,0,0,0,0,0,0,0,0,0,0,0,0,0,2000,2000,0,0
061992,祥碩元大9B購02  ,0,0,0,0,0,0,0,0,0,0,0,0,0,4000,4000,0,0
062247,國巨元大9B購07  ,0,0,0,0,0,0,0,0,0,0,0,0,0,8000,8000,0,0
061943,上銀群益9B購02  ,0,0,0,0,0,0,0,0,0,0,0,0,0,2000,2000,0,0
062152,國巨麥證9C購01  ,0,0,0,1000,0,1000,0,0,0,0,0,0,0,1000,1000,0,0
062154,國巨凱基9C購02  ,0,0,0,0,0,0,0,0,0,0,0,0,0,1000,1000,0,0
062202,國巨國票9C購04  ,0,0,0,0,0,0,0,0,0,0,0,0,0,6000,6000,0,0
062203,燿華國票9C購01  ,0,0,0,0,0,0,0,0,0,0,0,0,0,1000,1000,0,0
062387,健策國泰01購01  ,0,0,0,0,0,0,0,0,0,0,0,0,0,6000,6000,0,0
062382,燿華國泰9C購01  ,0,0,0,0,0,0,0,0,0,0,0,0,0,3000,3000,0,0
062356,國巨元大9B購10  ,0,0,0,0,0,0,0,0,0,0,0,0,0,4000,4000,0,0
062358,國巨元大9B購12  ,0,0,0,0,0,0,0,0,0,0,0,0,0,12000,12000,0,0
062276,瑞昱群益9B購01  ,0,0,0,0,0,0,0,0,0,0,0,0,0,3000,3000,0,0
062290,聯發科富邦9C購04,0,0,0,0,0,0,0,0,0,0,0,0,0,75000,75000,0,0
060660,國巨凱基9B購04  ,0,0,0,0,0,0,0,0,0,0,0,0,0,2000,2000,0,0
060634,矽創富邦9B購01  ,0,0,0,0,0,0,0,0,0,0,0,0,0,8000,8000,0,0
061419,國巨元大9A購21  ,0,0,0,0,0,0,0,0,0,0,0,0,0,1000,1000,0,0
059265,美律中信01購01  ,0,0,0,0,0,0,0,0,0,0,0,0,0,20000,20000,0,0
059369,滬深2X元富9C購01,0,0,0,0,0,0,0,0,0,0,0,0,0,80000,80000,0,0
059327,南茂元大99購01  ,0,0,0,0,0,0,0,0,0,0,0,0,0,3000,3000,0,0
059315,鴻海元大99購30  ,0,0,0,0,0,0,0,0,0,0,0,0,0,8000,8000,0,0
059296,大立光元富99購06,0,0,0,0,0,0,0,0,0,0,0,0,0,17000,17000,0,0
058281,奇力新中信99購01,0,0,0,0,0,0,0,0,0,0,0,0,0,325000,325000,0,0
058263,大成鋼永豐99購01,0,0,0,0,0,0,0,0,0,0,0,0,0,68000,68000,0,0
060550,可成凱基9A購02  ,0,0,0,0,0,0,0,0,0,0,0,0,0,10000,10000,0,0
060543,鴻海凱基9B購02  ,0,0,0,0,0,0,0,0,0,0,0,0,0,10000,10000,0,0
060544,國巨凱基9B購03  ,0,0,0,0,0,0,0,0,0,0,0,0,0,20000,20000,0,0
060553,祥碩凱基9A購01  ,0,0,0,0,0,0,0,0,0,0,0,0,0,1000,1000,0,0
060601,技嘉凱基9A購02  ,0,0,0,0,0,0,0,0,0,0,0,0,0,1000,1000,0,0
061482,健策元大9C購01  ,0,0,0,0,0,0,0,0,0,0,0,0,0,2000,2000,0,0
061655,微星國票9A購01  ,0,0,0,0,0,0,0,0,0,0,0,0,0,38000,38000,0,0
061662,瑞儀永豐9A購02  ,0,0,0,0,0,0,0,0,0,0,0,0,0,10000,10000,0,0
061450,嘉晶中信9A購01  ,0,0,0,0,0,0,0,0,0,0,0,0,0,1000,1000,0,0
061454,國巨凱基9A購16  ,0,0,0,0,0,0,0,0,0,0,0,0,0,5000,5000,0,0
061464,瑞昱群益9A購01  ,0,0,0,0,0,0,0,0,0,0,0,0,0,10000,10000,0,0
060462,鴻海元大9A購10  ,0,0,0,0,0,0,0,0,0,0,0,0,0,15000,15000,0,0
060523,鴻海中信9C購03  ,0,0,0,0,0,0,0,0,0,0,0,0,0,10000,10000,0,0
060524,國巨中信9A購03  ,0,0,0,0,0,0,0,0,0,0,0,0,0,4000,4000,0,0
060498,華通元大9A購03  ,0,0,0,0,0,0,0,0,0,0,0,0,0,2000,2000,0,0
058358,技嘉凱基9A購01  ,0,0,0,0,0,0,0,0,0,0,0,0,0,1000,1000,0,0
058412,聯發科兆豐99購01,0,0,0,0,0,0,0,0,0,0,0,0,0,103000,103000,0,0
059430,台積電元大99購36,0,0,0,0,0,0,0,0,0,0,0,0,0,1000,1000,0,0
058416,鴻海麥證99購01  ,0,0,0,0,14000,-14000,0,0,0,0,0,0,0,14000,14000,0,0
059489,上証2X國票9A購01,0,0,0,0,0,0,0,0,0,0,0,0,0,2000,2000,0,0
062820,禾伸堂兆豐9B購01,0,0,0,0,0,0,0,0,0,0,0,0,0,30000,30000,0,0
062827,神基群益9B購01  ,0,0,0,0,0,0,0,0,0,0,0,0,0,111000,111000,0,0
062861,世芯國票9C購01  ,0,0,0,0,0,0,0,0,0,0,0,0,0,5000,5000,0,0
062778,國巨元大9B購17  ,0,0,0,0,0,0,0,0,0,0,0,0,0,18000,18000,0,0
062795,國巨統一9B購15  ,0,0,0,0,0,0,0,0,0,0,0,0,0,4000,4000,0,0
062799,聯發科統一9C購09,0,0,0,0,0,0,0,0,0,0,0,0,0,3000,3000,0,0
062801,宏達電統一01購01,0,0,0,0,0,0,0,0,0,0,0,0,0,17000,17000,0,0
062812,國巨兆豐9B購03  ,0,0,0,0,0,0,0,0,0,0,0,0,0,2000,2000,0,0
062927,同欣電國票9B購02,0,0,0,0,0,0,0,0,0,0,0,0,0,20000,20000,0,0
062935,華通凱基9C購02  ,0,0,0,0,0,0,0,0,0,0,0,0,0,2000,2000,0,0
062896,中興電元大9B購01,0,0,0,0,0,0,0,0,0,0,0,0,0,33000,33000,0,0
063084,可成凱基9C購01  ,0,0,0,0,0,0,0,0,0,0,0,0,0,1000,1000,0,0
063125,華擎元大9C購02  ,0,0,0,0,0,0,0,0,0,0,0,0,0,18000,18000,0,0
063141,聯發科統一9C購10,0,0,0,0,0,0,0,0,0,0,0,0,0,5000,5000,0,0
063000,緯穎國票9B購03  ,0,0,0,0,0,0,0,0,0,0,0,0,0,2000,2000,0,0
063010,國巨元大9C購02  ,0,0,0,0,0,0,0,0,0,0,0,0,0,11000,11000,0,0
063012,技嘉元大9B購01  ,0,0,0,0,0,0,0,0,0,0,0,0,0,10000,10000,0,0
063045,國巨兆豐9C購02  ,0,0,0,0,0,0,0,0,0,0,0,0,0,8000,8000,0,0
063052,國巨統一9C購10  ,0,0,0,0,0,0,0,0,0,0,0,0,0,1000,1000,0,0
062520,晶豪科元大9B購02,0,0,0,0,0,0,0,0,0,0,0,0,0,50000,50000,0,0
062538,台積電國泰9C購02,0,0,0,0,0,0,0,0,0,0,0,0,0,51000,51000,0,0
062584,鴻海統一9C購13  ,0,0,0,0,0,0,0,0,0,0,0,0,0,12000,12000,0,0
062559,嘉晶凱基9B購02  ,0,0,0,0,0,0,0,0,0,0,0,0,0,1000,1000,0,0
062478,牧德國票9B購03  ,0,0,0,0,0,0,0,0,0,0,0,0,0,2000,2000,0,0
062462,GIS群益9B購01   ,0,0,0,0,0,0,0,0,0,0,0,0,0,6000,6000,0,0
062467,國巨凱基9B購08  ,0,0,0,0,0,0,0,0,0,0,0,0,0,9000,9000,0,0
062446,聯詠元大9B購02  ,0,0,0,0,0,0,0,0,0,0,0,0,0,32000,32000,0,0
062448,健策元大9C購04  ,0,0,0,0,0,0,0,0,0,0,0,0,0,89000,89000,0,0
062758,國巨凱基9B購09  ,0,0,0,0,0,0,0,0,0,0,0,0,0,10000,10000,0,0
062683,可成統一9B購04  ,0,5000,-5000,0,0,0,0,0,0,5000,0,0,0,5000,0,5000,0
062711,台表科元大9B購05,0,0,0,0,0,0,0,0,0,0,0,0,0,3000,3000,0,0
062599,鴻海台新9B購01  ,0,0,0,0,0,0,0,0,0,0,0,0,0,9000,9000,0,0
062632,嘉晶國票9B購01  ,0,0,0,0,0,0,0,0,0,0,0,0,0,2000,2000,0,0
063203,華新科統一9C購04,0,0,0,0,0,0,0,0,0,0,0,0,0,13000,13000,0,0
063234,國巨元大9C購03  ,0,0,0,0,0,0,0,0,0,0,0,0,0,1000,1000,0,0
063312,台積電群益9B購07,0,0,0,0,0,0,0,0,0,0,0,0,0,12000,12000,0,0
063319,神達群益9B購01  ,0,0,0,0,0,0,0,0,0,0,0,0,0,98000,98000,0,0
063291,緯穎元大01購01  ,0,0,0,0,0,0,0,0,0,0,0,0,0,20000,20000,0,0
063370,國巨永豐9B購03  ,0,0,0,0,0,0,0,0,0,0,0,0,0,2000,2000,0,0
063382,南茂永豐9B購01  ,0,0,0,0,0,0,0,0,0,0,0,0,0,10000,10000,0,0
063345,嘉晶統一9C購02  ,0,0,0,0,0,0,0,0,0,0,0,0,0,1000,1000,0,0
063331,瑞儀國票9C購01  ,0,0,0,0,0,0,0,0,0,0,0,0,0,1000,1000,0,0
063465,友達元大9C購10  ,0,0,0,0,0,0,0,0,0,0,0,0,0,20000,20000,0,0
063421,可成凱基9C購02  ,0,0,0,0,0,0,0,0,0,0,0,0,0,4000,4000,0,0
063416,台積電凱基9B購10,0,0,0,0,0,0,0,0,0,0,0,0,0,5000,5000,0,0
063686,國巨永豐9B購04  ,0,0,0,0,0,0,0,0,0,0,0,0,0,4000,4000,0,0
063697,香港反群益9C購01,0,0,0,0,0,0,0,0,0,0,0,0,0,110000,110000,0,0
063713,麗豐凱基9B購01  ,0,0,0,0,0,0,0,0,0,0,0,0,0,53000,53000,0,0
063723,儒鴻元大9B購04  ,0,0,0,0,0,0,0,0,0,0,0,0,0,72000,72000,0,0
063647,超眾元大9B購02  ,0,0,0,0,0,0,0,0,0,0,0,0,0,50000,50000,0,0
063522,技嘉凱基9B購03  ,0,0,0,0,0,0,0,0,0,0,0,0,0,1000,1000,0,0
063601,金像電凱基01購01,0,0,0,0,0,0,0,0,0,0,0,0,0,50000,50000,0,0
063598,國巨凱基9B購14  ,0,0,0,0,0,0,0,0,0,0,0,0,0,37000,37000,0,0
063563,國巨元大9C購07  ,0,0,0,0,0,0,0,0,0,0,0,0,0,4000,4000,0,0
063567,漢唐元大9B購03  ,0,0,0,0,0,0,0,0,0,0,0,0,0,50000,50000,0,0
064912,國巨統一01購09  ,0,0,0,0,0,0,0,0,0,0,0,0,0,4000,4000,0,0
06486P,麗豐元大98售02  ,0,0,0,0,0,0,0,0,0,0,0,0,0,87000,87000,0,0
064811,華擎元大01購01  ,0,0,0,0,0,0,0,0,0,0,0,0,0,68000,68000,0,0
064802,台積電元大01購04,0,0,0,0,0,0,0,0,0,0,0,0,0,113000,113000,0,0
064766,矽創凱基9C購01  ,0,0,0,0,0,0,0,0,0,0,0,0,0,15000,15000,0,0
064934,南電統一01購02  ,0,0,0,0,0,0,0,0,0,0,0,0,0,86000,86000,0,0
065041,金像電凱基02購02,0,0,0,0,0,0,0,0,0,0,0,0,0,50000,50000,0,0
064483,瑞儀永豐9C購01  ,0,0,0,0,0,0,0,0,0,0,0,0,0,88000,88000,0,0
064471,國巨麥證9C購02  ,0,0,0,1000,0,1000,0,0,0,0,0,0,0,1000,1000,0,0
064528,國巨中信02購01  ,0,0,0,0,0,0,0,0,0,0,0,0,0,1000,1000,0,0
064530,康控中信9C購01  ,0,0,0,0,0,0,0,0,0,0,0,0,0,48000,48000,0,0
064640,和大凱基03購01  ,0,0,0,0,0,0,0,0,0,0,0,0,0,29000,29000,0,0
064625,健策元大01購02  ,0,0,0,0,0,0,0,0,0,0,0,0,0,27000,27000,0,0
064604,聯茂元富9C購01  ,0,0,0,0,0,0,0,0,0,0,0,0,0,10000,10000,0,0
064660,華通元大9C購05  ,0,0,0,0,0,0,0,0,0,0,0,0,0,50000,50000,0,0
064664,微星元大9C購04  ,0,0,0,0,0,0,0,0,0,0,0,0,0,68000,68000,0,0
064732,GIS統一01購03   ,0,0,0,0,0,0,0,0,0,0,0,0,0,1000,1000,0,0
06468P,華新科統一98售02,0,0,0,0,0,0,0,0,0,0,0,0,0,16000,16000,0,0
063952,玉晶光元大01購01,0,0,0,0,0,0,0,0,0,0,0,0,0,30000,30000,0,0
063949,大立光元大9C購10,0,0,0,0,0,0,0,0,0,0,0,0,0,5000,5000,0,0
063913,貿聯凱基02購01  ,0,0,0,0,0,0,0,0,0,0,0,0,0,58000,58000,0,0
063842,國巨元大9C購10  ,0,0,0,0,0,0,0,0,0,0,0,0,0,19000,19000,0,0
064027,義隆元大9C購01  ,0,0,0,0,0,0,0,0,0,0,0,0,0,4000,4000,0,0
064034,台表科元大9C購07,0,0,0,0,0,0,0,0,0,0,0,0,0,7000,7000,0,0
063975,台積電兆豐9C購01,0,0,0,0,0,0,0,0,0,0,0,0,0,19000,19000,0,0
064090,祥碩凱基9C購03  ,0,0,0,0,0,0,0,0,0,0,0,0,0,4000,4000,0,0
064119,上銀元大9C購06  ,0,0,0,0,0,0,0,0,0,0,0,0,0,68000,68000,0,0
064109,上銀國票01購01  ,0,0,0,0,0,0,0,0,0,0,0,0,0,5000,5000,0,0
06427P,鴻海元大97售13  ,0,0,0,0,0,0,0,0,0,0,0,0,0,15000,15000,0,0
064178,台郡國泰01購01  ,0,0,0,0,0,0,0,0,0,0,0,0,0,10000,10000,0,0
064185,裕隆永豐9C購01  ,0,0,0,0,0,0,0,0,0,0,0,0,0,68000,68000,0,0
06441P,台積電凱基98售08,0,0,0,0,0,0,0,0,0,0,0,0,0,10000,10000,0,0
064433,金像電凱基02購01,0,0,0,0,0,0,0,0,0,0,0,0,0,50000,50000,0,0
064316,貿聯群益9C購02  ,0,0,0,0,0,0,0,0,0,0,0,0,0,28000,28000,0,0
6671,三能-KY         ,2000,2000,0,0,0,0,0,0,0,0,0,0,0,0,0,0,0
6674,鋐寶科技        ,1000,1000,0,0,0,0,0,0,0,0,0,0,0,0,0,0,0
8367,建新國際        ,5000,5000,0,0,0,0,0,0,0,0,0,0,0,0,0,0,0
6152,百一            ,3000,3000,0,0,0,0,0,0,0,0,0,0,0,0,0,0,0
6172,互億            ,3000,0,3000,0,0,0,0,0,0,-3000,0,3000,-3000,0,0,0,0
6201,亞弘電          ,1000,0,1000,0,0,0,0,0,0,-1000,0,1000,-1000,0,0,0,0
2539,櫻花建          ,38000,38000,0,0,0,0,0,0,0,-1000,0,1000,-1000,0,0,0,-1000
2438,翔耀            ,3000,4000,-1000,0,0,0,0,0,0,0,0,0,0,0,0,0,-1000
2450,神腦            ,33000,8000,25000,0,0,0,0,0,0,-26000,0,26000,-26000,0,0,0,-1000
3130,一零四          ,122000,123000,-1000,0,0,0,0,0,0,0,0,0,0,0,0,0,-1000
3054,立萬利          ,0,1000,-1000,0,0,0,0,0,0,0,0,0,0,0,0,0,-1000
3021,鴻名            ,1000,2000,-1000,0,0,0,0,0,0,0,0,0,0,0,0,0,-1000
1539,巨庭            ,0,1000,-1000,0,0,0,0,0,0,0,0,0,0,0,0,0,-1000
1568,倉佑            ,2000,2000,0,0,0,0,0,0,0,-1000,0,1000,-1000,0,0,0,-1000
1727,中華化          ,0,1000,-1000,0,0,0,0,0,0,0,0,0,0,0,0,0,-1000
1724,台硝            ,0,1000,-1000,0,0,0,0,0,0,0,0,0,0,0,0,0,-1000
1464,得力            ,95000,90000,5000,0,0,0,1000,0,1000,-7000,0,8000,-8000,1000,0,1000,-1000
1465,偉全            ,12000,13000,-1000,0,0,0,0,0,0,0,2000,2000,0,0,0,0,-1000
2062,橋椿            ,103000,125000,-22000,0,0,0,22000,0,22000,-1000,0,1000,-1000,0,0,0,-1000
2069,運錩            ,0,1000,-1000,0,0,0,0,0,0,0,0,0,0,0,0,0,-1000
08408P,臺股指元大9C售14,0,0,0,0,0,0,0,0,0,-1000,0,0,0,3000,4000,-1000,-1000
08409P,臺股指元大9C售15,0,0,0,0,0,0,0,0,0,-1000,0,0,0,0,1000,-1000,-1000
08301P,台積電兆豐9C售02,0,0,0,0,0,0,0,0,0,-1000,0,0,0,4000,5000,-1000,-1000
08531P,台積電統一9C售15,0,0,0,0,0,0,0,0,0,-1000,0,0,0,0,1000,-1000,-1000
08548P,台勝科凱基9C售03,0,0,0,0,0,0,0,0,0,-1000,0,0,0,0,1000,-1000,-1000
1235,興泰            ,0,1000,-1000,0,0,0,0,0,0,0,0,0,0,0,0,0,-1000
08273P,國巨元富9C售02  ,0,0,0,0,0,0,0,0,0,-1000,0,0,0,0,1000,-1000,-1000
08061P,大毅國票9B售04  ,0,0,0,0,0,0,0,0,0,-1000,0,0,0,0,1000,-1000,-1000
07708P,玉晶光元大9A售13,0,0,0,0,0,0,0,0,0,-1000,0,0,0,9000,10000,-1000,-1000
07772P,華新科國票9A售05,0,0,0,0,0,0,0,0,0,-1000,0,0,0,15000,16000,-1000,-1000
07749P,台郡凱基9A售01  ,0,0,0,0,0,0,0,0,0,-1000,0,0,0,0,1000,-1000,-1000
07874P,長榮航群益9B售01,0,0,0,0,0,0,0,0,0,-1000,0,0,0,0,1000,-1000,-1000
07370P,南亞科凱基99售08,0,0,0,0,0,0,0,0,0,-1000,0,0,0,0,1000,-1000,-1000
07544P,大立光凱基9A售09,0,0,0,0,0,0,0,0,0,-1000,0,0,0,0,1000,-1000,-1000
07006P,旺宏統一9B售03  ,0,0,0,0,0,0,0,0,0,-1000,0,0,0,0,1000,-1000,-1000
06965P,台積電台新99售02,0,0,0,0,0,0,0,0,0,-1000,0,0,0,584000,585000,-1000,-1000
07245P,台積電凱基99售16,0,0,0,0,0,0,0,0,0,-1000,0,0,0,7000,8000,-1000,-1000
07304P,臺股指元大9A售37,0,0,0,0,0,0,0,0,0,-1000,0,0,0,20000,21000,-1000,-1000
07315P,台積電台新99售06,0,0,0,0,0,0,0,0,0,-1000,0,0,0,0,1000,-1000,-1000
065613,GIS元大9C購08   ,0,0,0,0,0,0,0,0,0,-1000,0,0,0,0,1000,-1000,-1000
06720P,智邦亞東99售01  ,0,0,0,0,0,0,0,0,0,-1000,0,0,0,0,1000,-1000,-1000
06711P,臺股指台新99售08,0,0,0,0,0,0,0,0,0,-1000,0,0,0,0,1000,-1000,-1000
06643P,大立光兆豐98售01,0,0,0,0,0,0,0,0,0,-1000,0,0,0,0,1000,-1000,-1000
06658P,台灣50富邦9C售01,0,0,0,0,0,0,0,0,0,-1000,0,0,0,19000,20000,-1000,-1000
065408,華通永豐9C購02  ,0,0,0,0,0,0,0,0,0,-1000,0,0,0,0,1000,-1000,-1000
065495,上銀富邦01購02  ,0,0,0,0,0,0,0,0,0,-1000,0,0,0,10000,11000,-1000,-1000
065475,聯發科元大01購04,0,0,0,0,0,0,0,0,0,-1000,0,0,0,21000,22000,-1000,-1000
065476,聯發科元大9C購14,0,0,0,0,0,0,0,0,0,-1000,0,0,0,10000,11000,-1000,-1000
06536P,臺股指群益98售04,0,0,0,0,0,0,0,0,0,-1000,0,0,0,0,1000,-1000,-1000
065367,技嘉元大01購01  ,0,0,0,0,0,0,0,0,0,-1000,0,0,0,6000,7000,-1000,-1000
065363,國巨元大01購04  ,0,0,0,0,0,0,0,0,0,-1000,0,0,0,2000,3000,-1000,-1000
065332,漢唐國票01購02  ,0,0,0,0,0,0,0,0,0,-1000,0,0,0,0,1000,-1000,-1000
065201,世芯元富9C購02  ,0,0,0,0,0,0,0,0,0,-1000,0,0,0,25000,26000,-1000,-1000
065192,臺股指統一9C購03,0,0,0,0,0,0,0,0,0,-1000,0,0,0,0,1000,-1000,-1000
065114,臺股指國票9C購11,0,0,0,0,0,0,0,0,0,-1000,0,0,0,0,1000,-1000,-1000
006204,永豐臺灣加權    ,0,0,0,0,0,0,0,0,0,-1000,0,0,0,58000,59000,-1000,-1000
01007T,兆豐國泰R2      ,0,1000,-1000,0,0,0,0,0,0,0,0,0,0,0,0,0,-1000
00742,新光內需收益    ,0,0,0,0,0,0,0,0,0,-1000,70000,70000,0,273000,274000,-1000,-1000
03025X,元展22          ,0,0,0,0,0,0,0,0,0,-1000,0,0,0,0,1000,-1000,-1000
03033X,元展30          ,0,0,0,0,0,0,0,0,0,-1000,0,0,0,0,1000,-1000,-1000
03039X,元展36          ,0,0,0,0,0,0,0,0,0,-1000,0,0,0,0,1000,-1000,-1000
03060X,元展55          ,0,0,0,0,0,0,0,0,0,-1000,0,0,0,0,1000,-1000,-1000
03419B,臺股指元富99熊03,0,0,0,0,0,0,0,0,0,-1000,0,0,0,0,1000,-1000,-1000
03857P,聯發科元富99售02,0,0,0,0,0,0,0,0,0,-1000,0,0,0,0,1000,-1000,-1000
03681C,台灣50凱基02牛02,0,0,0,0,0,0,0,0,0,-1000,0,0,0,0,1000,-1000,-1000
053364,友達國泰98購01  ,0,0,0,0,0,0,0,0,0,-1000,0,0,0,0,1000,-1000,-1000
053193,超眾統一97購01  ,0,0,0,0,0,0,0,0,0,-1000,0,0,0,0,1000,-1000,-1000
053040,全新凱基98購01  ,0,0,0,0,0,0,0,0,0,-1000,0,0,0,0,1000,-1000,-1000
053817,華新科群益97購02,0,0,0,0,0,0,0,0,0,-1000,0,0,0,0,1000,-1000,-1000
055974,上銀統一97購05  ,0,0,0,0,0,0,0,0,0,-1000,0,0,0,35000,36000,-1000,-1000
049636,上証反凱基9A購01,0,0,0,0,0,0,0,0,0,-1000,0,0,0,0,1000,-1000,-1000
051614,元金2X凱基97購01,0,0,0,0,0,0,0,0,0,-1000,0,0,0,0,1000,-1000,-1000
052325,高股息中信99購01,0,0,0,0,0,0,0,0,0,-1000,0,0,0,0,1000,-1000,-1000
052326,滬深反中信99購01,0,0,0,0,0,0,0,0,0,-1000,0,0,0,0,1000,-1000,-1000
055157,晶豪科元大97購01,0,0,0,0,0,0,0,0,0,-1000,0,0,0,0,1000,-1000,-1000
055333,晶豪科兆豐97購01,0,0,0,0,0,0,0,0,0,-1000,0,0,0,0,1000,-1000,-1000
057964,緯穎元大99購03  ,0,0,0,0,0,0,0,0,0,-1000,0,0,0,24000,25000,-1000,-1000
057140,宏達電兆豐98購01,0,0,0,0,0,0,0,0,0,-1000,0,0,0,0,1000,-1000,-1000
054509,上証反元大99購01,0,0,0,0,0,0,0,0,0,-1000,0,0,0,0,1000,-1000,-1000
054351,華新科國泰97購03,0,0,0,0,0,0,0,0,0,-1000,0,0,0,0,1000,-1000,-1000
055619,同欣電國票98購02,0,0,0,0,0,0,0,0,0,-1000,0,0,0,0,1000,-1000,-1000
055594,華新科元大98購02,0,0,0,0,0,0,0,0,0,-1000,0,0,0,0,1000,-1000,-1000
054768,泰碩國票99購02  ,0,0,0,0,0,0,0,0,0,-1000,0,0,0,0,1000,-1000,-1000
054735,漢唐凱基98購01  ,0,0,0,0,0,0,0,0,0,-1000,0,0,0,32000,33000,-1000,-1000
056856,華通群益9A購01  ,0,0,0,0,0,0,0,0,0,-1000,0,0,0,0,1000,-1000,-1000
056727,滬深反凱基9B購01,0,0,0,0,0,0,0,0,0,-1000,0,0,0,0,1000,-1000,-1000
056902,大立光元大98購12,0,0,0,0,0,0,0,0,0,-1000,0,0,0,0,1000,-1000,-1000
057397,茂林中信9A購01  ,0,0,0,0,0,0,0,0,0,-1000,0,0,0,0,1000,-1000,-1000
057325,可成群益9A購01  ,0,0,0,0,0,0,0,0,0,-1000,0,0,0,0,1000,-1000,-1000
056540,聯詠凱基98購02  ,0,0,0,0,0,0,0,0,0,-1000,0,0,0,0,1000,-1000,-1000
056516,晶豪科兆豐98購01,0,0,0,0,0,0,0,0,0,-1000,0,0,0,19000,20000,-1000,-1000
057279,國揚元大98購01  ,0,0,0,0,0,0,0,0,0,-1000,0,0,0,17000,18000,-1000,-1000
056264,聯發科統一98購02,0,0,0,0,0,0,0,0,0,-1000,0,0,0,0,1000,-1000,-1000
056272,嘉澤統一99購01  ,0,0,0,0,0,0,0,0,0,-1000,0,0,0,0,1000,-1000,-1000
061913,宏碁中信9B購01  ,0,0,0,0,0,0,0,0,0,-1000,0,0,0,0,1000,-1000,-1000
061899,復盛永豐9B購01  ,0,0,0,0,0,0,0,0,0,-1000,0,0,0,0,1000,-1000,-1000
061857,康友國票9B購01  ,0,0,0,0,0,0,0,0,0,-1000,0,0,0,6000,7000,-1000,-1000
058952,南茂群益99購01  ,0,0,0,0,0,0,0,0,0,-1000,0,0,0,10000,11000,-1000,-1000
057410,南電群益98購01  ,0,0,0,0,0,0,0,0,0,-1000,0,0,0,0,1000,-1000,-1000
056435,台積電凱基98購09,0,0,0,0,0,0,0,0,0,-1000,0,0,0,0,1000,-1000,-1000
056409,麗豐國票99購01  ,0,0,0,0,0,0,0,0,0,-1000,0,0,0,10000,11000,-1000,-1000
05750P,臺股指群益99售04,0,0,0,0,0,0,0,0,0,-1000,0,0,0,6000,7000,-1000,-1000
056358,友訊元大99購01  ,1000,0,1000,0,0,0,0,0,0,-2000,0,0,0,223000,225000,-2000,-1000
057927,勤誠凱基98購01  ,0,0,0,0,0,0,0,0,0,-1000,0,0,0,10000,11000,-1000,-1000
057868,大立光凱基98購18,0,0,0,0,0,0,0,0,0,-1000,0,0,0,0,1000,-1000,-1000
059493,國巨國票9B購01  ,0,0,0,0,0,0,0,0,0,-1000,0,0,0,1000,2000,-1000,-1000
059477,FBVIX群益99購01 ,0,0,0,0,0,0,0,0,0,-1000,0,0,0,0,1000,-1000,-1000
058414,大立光兆豐99購02,0,0,0,0,0,0,0,0,0,-1000,0,0,0,0,1000,-1000,-1000
060452,儒鴻元大9A購01  ,0,0,0,0,0,0,0,0,0,-1000,0,0,0,0,1000,-1000,-1000
061435,元金2X凱基9C購03,0,0,0,0,0,0,0,0,0,-1000,0,0,0,1000,2000,-1000,-1000
061637,華新科元大9A購22,0,0,0,0,0,0,0,0,0,-1000,0,0,0,0,1000,-1000,-1000
061629,FBVIX元大9A購01 ,0,0,0,0,0,0,0,0,0,-1000,0,0,0,0,1000,-1000,-1000
061632,SP黃豆元大9A購06,0,0,0,0,0,0,0,0,0,-1000,0,0,0,0,1000,-1000,-1000
059339,上銀凱基99購06  ,0,0,0,0,0,0,0,0,0,-1000,0,0,0,0,1000,-1000,-1000
059365,T50反1台新99購01,0,0,0,0,0,0,0,0,0,-1000,0,0,0,0,1000,-1000,-1000
059284,緯穎永豐99購03  ,0,0,0,0,0,0,0,0,0,-1000,0,0,0,19000,20000,-1000,-1000
06136P,華新科國泰99售02,0,0,0,0,0,0,0,0,0,-1000,0,0,0,5000,6000,-1000,-1000
061381,台灣50群益9B購07,0,0,0,0,0,0,0,0,0,-1000,0,0,0,3000,4000,-1000,-1000
062344,力山群益9B購02  ,0,0,0,0,0,0,0,0,0,-1000,0,0,0,43000,44000,-1000,-1000
062196,聯發科中信01購02,0,0,0,0,0,0,0,0,0,-1000,0,0,0,0,1000,-1000,-1000
062004,國巨國泰9C購03  ,0,0,0,0,0,0,0,0,0,-1000,0,0,0,8000,9000,-1000,-1000
058566,聯發科凱基9A購02,0,0,0,0,0,0,0,0,0,-1000,0,0,0,0,1000,-1000,-1000
05855P,滬深2X中信9C售01,0,0,0,0,0,0,0,0,0,-1000,0,0,0,0,1000,-1000,-1000
061694,玉山金群益9A購01,0,0,0,0,0,0,0,0,0,-1000,0,0,0,0,1000,-1000,-1000
058619,台灣50國票99購04,0,0,0,0,0,0,0,0,0,-1000,0,0,0,0,1000,-1000,-1000
058703,台積電元大99購16,0,0,0,0,0,0,0,0,0,-1000,0,0,0,0,1000,-1000,-1000
062045,崇越凱基9B購01  ,0,0,0,0,0,0,0,0,0,-1000,0,0,0,49000,50000,-1000,-1000
058737,鴻海第一01購01  ,0,0,0,0,0,0,0,0,0,-1000,0,0,0,42000,43000,-1000,-1000
059240,台積電凱基9A購09,0,0,0,0,0,0,0,0,0,-1000,0,0,0,26000,27000,-1000,-1000
059245,聯發科凱基9A購03,0,0,0,0,0,0,0,0,0,-1000,0,0,0,0,1000,-1000,-1000
059256,臺股指凱基99購34,0,0,0,0,0,0,0,0,0,-1000,0,0,0,2000,3000,-1000,-1000
059960,健策國票99購01  ,0,0,0,0,0,0,0,0,0,-1000,0,0,0,0,1000,-1000,-1000
059968,世紀鋼凱基99購03,0,0,0,0,0,0,0,0,0,-1000,0,0,0,0,1000,-1000,-1000
060011,臺股指群益9C購06,0,0,0,0,0,0,0,0,0,-1000,0,0,0,3000,4000,-1000,-1000
060013,S&P正2康和99購01,0,0,0,0,0,0,0,0,0,-1000,0,0,0,0,1000,-1000,-1000
060039,大立光國票99購04,0,0,0,0,0,0,0,0,0,-1000,0,0,0,0,1000,-1000,-1000
05959P,聯發科國票98售01,0,0,0,0,0,0,0,0,0,-1000,0,0,0,15000,16000,-1000,-1000
05961P,鴻海群益97售01  ,0,0,0,0,0,0,0,0,0,-1000,0,0,0,0,1000,-1000,-1000
059645,祥碩凱基99購05  ,0,0,0,0,0,0,0,0,0,-1000,0,0,0,0,1000,-1000,-1000
060728,上証2X群益9C購05,0,0,0,0,0,0,0,0,0,-1000,0,0,0,0,1000,-1000,-1000
060751,高股息元大9B購01,0,0,0,0,0,0,0,0,0,-1000,0,0,0,0,1000,-1000,-1000
061269,嘉澤凱基9A購01  ,0,0,0,0,0,0,0,0,0,-1000,0,0,0,84000,85000,-1000,-1000
061313,滬深2X凱基9B購05,0,0,0,0,0,0,0,0,0,-1000,0,0,0,0,1000,-1000,-1000
058443,T50正2富邦01購01,0,0,0,0,0,0,0,0,0,-1000,0,0,0,0,1000,-1000,-1000
058464,矽創兆豐9A購01  ,0,0,0,0,0,0,0,0,0,-1000,0,0,0,0,1000,-1000,-1000
059727,大立光元大9A購01,0,0,0,0,0,0,0,0,0,-1000,0,0,0,0,1000,-1000,-1000
059689,南亞科永豐99購02,0,0,0,0,0,0,0,0,0,-1000,0,0,0,0,1000,-1000,-1000
059770,A50正2群益9C購01,0,0,0,0,0,0,0,0,0,-1000,0,0,0,0,1000,-1000,-1000
059742,富邦金元富99購01,0,0,0,0,0,0,0,0,0,-1000,0,0,0,51000,52000,-1000,-1000
061202,和大元大9A購02  ,0,0,0,0,0,0,0,0,0,-1000,0,0,0,15000,16000,-1000,-1000
061209,聯發科元大9A購10,0,0,0,0,0,0,0,0,0,-1000,0,0,0,0,1000,-1000,-1000
061222,台灣50中信9A購02,0,0,0,0,0,0,0,0,0,-1000,0,0,0,0,1000,-1000,-1000
060317,台灣50群益02購01,0,0,0,0,0,0,0,0,0,-1000,0,0,0,0,1000,-1000,-1000
060314,元翎永豐9A購01  ,0,0,0,0,0,0,0,0,0,-1000,0,0,0,14000,15000,-1000,-1000
059099,元油2X統一9C購01,0,0,0,0,0,0,0,0,0,-1000,0,0,0,0,1000,-1000,-1000
060264,華新科國票9A購02,0,0,0,0,0,0,0,0,0,-1000,0,0,0,0,1000,-1000,-1000
060252,緯穎元大9A購02  ,0,0,0,0,0,0,0,0,0,-1000,0,0,0,42000,43000,-1000,-1000
059050,元油2X凱基9B購08,0,0,0,0,0,0,0,0,0,-1000,0,0,0,0,1000,-1000,-1000
060211,智邦康和9A購01  ,0,0,0,0,0,0,0,0,0,-1000,0,0,0,0,1000,-1000,-1000
061573,義隆元大9A購02  ,0,0,0,0,0,0,0,0,0,-1000,0,0,0,1000,2000,-1000,-1000
058986,華新科凱基9A購03,0,0,0,0,0,0,0,0,0,-1000,0,0,0,10000,11000,-1000,-1000
061504,祥碩國票9A購02  ,0,0,0,0,0,0,0,0,0,-1000,0,0,0,0,1000,-1000,-1000
064347,貿聯元大9C購03  ,0,0,0,0,0,0,0,0,0,-1000,0,0,0,47000,48000,-1000,-1000
064302,美律兆豐01購01  ,0,0,0,0,0,0,0,0,0,-1000,0,0,0,14000,15000,-1000,-1000
064272,鴻海元大9C購09  ,0,0,0,0,0,0,0,0,0,-1000,0,0,0,124000,125000,-1000,-1000
064233,燿華統一9C購02  ,0,0,0,0,0,0,0,0,0,-1000,0,0,0,0,1000,-1000,-1000
064116,T50反1元大9C購03,0,0,0,0,0,0,0,0,0,-1000,0,0,0,0,1000,-1000,-1000
064633,臺股指元大9C購19,0,0,0,0,0,0,0,0,0,-1000,0,0,0,0,1000,-1000,-1000
064559,旺宏群益01購02  ,0,0,0,0,0,0,0,0,0,-1000,0,0,0,0,1000,-1000,-1000
064455,美食統一01購03  ,0,0,0,0,0,0,0,0,0,-1000,0,0,0,0,1000,-1000,-1000
064490,金像電元大9C購02,0,0,0,0,0,0,0,0,0,-1000,0,0,0,20000,21000,-1000,-1000
063542,泰鼎元富9B購02  ,0,0,0,0,0,0,0,0,0,-1000,0,0,0,0,1000,-1000,-1000
063424,新日興凱基01購01,0,0,0,0,0,0,0,0,0,-1000,0,0,0,0,1000,-1000,-1000
063386,國巨兆豐9B購04  ,0,0,0,0,0,0,0,0,0,-1000,0,0,0,0,1000,-1000,-1000
063298,統一凱基9B購01  ,0,0,0,0,0,0,0,0,0,-1000,0,0,0,1000,2000,-1000,-1000
063302,國巨凱基9C購05  ,0,0,0,0,0,0,0,0,0,-1000,0,0,0,37000,38000,-1000,-1000
063235,台積電元大9B購06,0,0,0,0,0,0,0,0,0,-1000,0,0,0,0,1000,-1000,-1000
062634,玉晶光國票9B購03,0,0,0,0,0,0,0,0,0,-1000,0,0,0,0,1000,-1000,-1000
062697,國巨元大9C購01  ,0,0,0,0,0,0,0,0,0,-1000,0,0,0,11000,12000,-1000,-1000
062469,旺宏凱基9B購05  ,0,0,0,0,0,0,0,0,0,-1000,0,0,0,0,1000,-1000,-1000
062477,聯詠國票9B購01  ,0,0,0,0,0,0,0,0,0,-1000,0,0,0,1000,2000,-1000,-1000
062522,同欣電元大9B購02,0,0,0,0,0,0,0,0,0,-1000,0,0,0,16000,17000,-1000,-1000
063066,同欣電麥證9B購01,0,0,0,0,1000,-1000,0,0,0,-1000,0,0,0,0,1000,-1000,-1000
062981,祥碩元富9B購01  ,0,0,0,0,0,0,0,0,0,-1000,0,0,0,0,1000,-1000,-1000
062805,台勝科統一9C購01,0,0,0,0,0,0,0,0,0,-1000,0,0,0,281000,282000,-1000,-1000
062840,臺股指群益9B購07,0,0,0,0,0,0,0,0,0,-1000,0,0,0,0,1000,-1000,-1000
6136,富爾特          ,13000,3000,10000,0,0,0,0,0,0,-11000,0,11000,-11000,0,0,0,-1000
8442,威宏-KY         ,1000,2000,-1000,0,0,0,0,0,0,0,0,0,0,0,0,0,-1000
8443,阿瘦            ,0,1000,-1000,0,0,0,0,0,0,0,0,0,0,0,0,0,-1000
8481,政伸            ,0,1000,-1000,0,0,0,0,0,0,0,0,0,0,0,0,0,-1000
8478,東哥遊艇        ,0,1000,-1000,0,0,0,0,0,0,0,0,0,0,0,0,0,-1000
5284,jpp-KY          ,0,1000,-1000,0,0,0,0,0,0,0,0,0,0,0,0,0,-1000
910861,神州-DR         ,0,1000,-1000,0,0,0,0,0,0,0,0,0,0,0,0,0,-1000
065151,國巨群益9C購13  ,0,0,0,0,0,0,0,0,0,-2000,0,0,0,9000,11000,-2000,-2000
065326,華擎凱基02購01  ,0,0,0,0,0,0,0,0,0,-2000,0,0,0,0,2000,-2000,-2000
06656P,GIS元大98售02   ,0,0,0,0,0,0,0,0,0,-2000,0,0,0,2000,4000,-2000,-2000
06690P,玉晶光群益9A售05,0,0,0,0,0,0,0,0,0,-2000,0,0,0,77000,79000,-2000,-2000
06723P,台灣50麥證99售01,0,0,0,0,2000,-2000,0,0,0,-2000,0,0,0,0,2000,-2000,-2000
065610,牧德元大02購01  ,0,0,0,0,0,0,0,0,0,-2000,0,0,0,0,2000,-2000,-2000
07190P,臺股指富邦9C售02,0,0,0,0,0,0,0,0,0,-2000,0,0,0,0,2000,-2000,-2000
07091P,SGBR2X凱基9A售02,0,0,0,0,0,0,0,0,0,-2000,0,0,0,0,2000,-2000,-2000
07083P,台積電統一9A售06,0,0,0,0,0,0,0,0,0,-2000,0,0,0,0,2000,-2000,-2000
07556P,玉晶光元大9A售08,0,0,0,0,0,0,0,0,0,-2000,0,0,0,0,2000,-2000,-2000
07611P,大立光國票9A售05,0,0,0,0,0,0,0,0,0,-2000,0,0,0,8000,10000,-2000,-2000
07334P,臺股指國票99售19,0,0,0,0,0,0,0,0,0,-2000,0,0,0,73000,75000,-2000,-2000
07363P,大立光元大99售26,0,0,0,0,0,0,0,0,0,-2000,0,0,0,1000,3000,-2000,-2000
07428P,華新科國票9A售01,0,0,0,0,0,0,0,0,0,-2000,0,0,0,0,2000,-2000,-2000
07715P,台灣50群益9A售14,0,0,0,0,0,0,0,0,0,-2000,0,0,0,19000,21000,-2000,-2000
07923P,元金2X凱基02售02,0,0,0,0,0,0,0,0,0,-2000,0,0,0,0,2000,-2000,-2000
08235P,南電國泰9C售03  ,0,0,0,0,0,0,0,0,0,-2000,0,0,0,0,2000,-2000,-2000
08613P,同欣電凱基9C售04,0,0,0,0,0,0,0,0,0,-2000,0,0,0,0,2000,-2000,-2000
08590P,智邦凱基9C售04  ,0,0,0,0,0,0,0,0,0,-2000,0,0,0,0,2000,-2000,-2000
08480P,臺股指凱基9C售18,0,0,0,0,0,0,0,0,0,-2000,0,0,0,0,2000,-2000,-2000
08415P,台灣50元大9C售42,0,0,0,0,0,0,0,0,0,-2000,0,0,0,0,2000,-2000,-2000
1805,寶徠            ,0,2000,-2000,0,0,0,0,0,0,0,0,0,0,0,0,0,-2000
2032,新鋼            ,0,2000,-2000,0,0,0,0,0,0,0,0,0,0,0,0,0,-2000
2033,佳大            ,0,0,0,0,0,0,0,0,0,-2000,0,2000,-2000,0,0,0,-2000
1525,江申            ,0,2000,-2000,0,0,0,0,0,0,0,0,0,0,0,0,0,-2000
1713,國化            ,0,5000,-5000,0,0,0,0,0,0,3000,3000,0,3000,0,0,0,-2000
1735,日勝化          ,0,2000,-2000,0,0,0,0,0,0,0,0,0,0,0,0,0,-2000
1617,榮星            ,0,2000,-2000,0,0,0,0,0,0,0,0,0,0,0,0,0,-2000
3046,建碁            ,0,1000,-1000,0,0,0,0,0,0,-1000,0,1000,-1000,0,0,0,-2000
3308,聯德            ,0,2000,-2000,0,0,0,0,0,0,0,0,0,0,0,0,0,-2000
2491,吉祥全          ,1000,1000,0,0,0,0,0,0,0,-2000,0,2000,-2000,0,0,0,-2000
2493,揚博            ,50000,53000,-3000,0,0,0,0,0,0,1000,2000,1000,1000,0,0,0,-2000
2630,亞航            ,0,2000,-2000,0,0,0,0,0,0,0,0,0,0,0,0,0,-2000
057855,晶技國票99購01  ,0,0,0,0,0,0,0,0,0,-2000,0,0,0,0,2000,-2000,-2000
057893,亞德客元富98購03,0,0,0,0,0,0,0,0,0,-2000,0,0,0,0,2000,-2000,-2000
057944,新日興國票99購02,0,0,0,0,0,0,0,0,0,-2000,0,0,0,0,2000,-2000,-2000
057406,茂林群益98購03  ,0,0,0,0,0,0,0,0,0,-2000,0,0,0,0,2000,-2000,-2000
056457,嘉澤凱基98購01  ,0,0,0,0,0,0,0,0,0,-2000,0,0,0,12000,14000,-2000,-2000
057449,華新科元富99購02,0,0,0,0,0,0,0,0,0,-2000,0,0,0,0,2000,-2000,-2000
058150,中502X統一9B購01,0,0,0,0,0,0,0,0,0,-2000,0,0,0,0,2000,-2000,-2000
056537,冠德凱基98購01  ,0,0,0,0,0,0,0,0,0,-2000,0,0,0,28000,30000,-2000,-2000
056542,緯創凱基98購01  ,0,0,0,0,0,0,0,0,0,-2000,0,0,0,0,2000,-2000,-2000
05729P,臺股指凱基97售02,0,0,0,0,0,0,0,0,0,-2000,0,0,0,18000,20000,-2000,-2000
057630,茂林永豐98購01  ,0,0,0,0,0,0,0,0,0,-2000,0,0,0,0,2000,-2000,-2000
054739,義隆凱基98購02  ,0,0,0,0,0,0,0,0,0,-2000,0,0,0,47000,49000,-2000,-2000
054751,GIS凱基98購01   ,0,0,0,0,0,0,0,0,0,-2000,0,0,0,17000,19000,-2000,-2000
055455,健策國泰98購02  ,0,0,0,0,0,0,0,0,0,-2000,0,0,0,0,2000,-2000,-2000
054527,國巨統一97購03  ,0,0,0,0,0,0,0,0,0,-2000,0,0,0,15000,17000,-2000,-2000
055251,華新科統一99購01,0,0,0,0,0,0,0,0,0,-2000,0,0,0,0,2000,-2000,-2000
053827,漢唐麥證9A購01  ,0,0,0,0,2000,-2000,0,0,0,-2000,0,0,0,0,2000,-2000,-2000
055926,國巨群益98購06  ,0,0,0,0,0,0,0,0,0,-2000,0,0,0,17000,19000,-2000,-2000
03688C,T50反1凱基03牛02,0,0,0,0,0,0,0,0,0,-2000,0,0,0,0,2000,-2000,-2000
03674C,臺股指元富9C牛02,0,0,0,0,0,0,0,0,0,-2000,0,0,0,0,2000,-2000,-2000
03679C,臺股指元大04牛04,0,0,0,0,0,0,0,0,0,-2000,0,0,0,0,2000,-2000,-2000
00689R,國泰20年美債反1 ,0,0,0,0,0,0,0,0,0,-2000,0,0,0,100000,102000,-2000,-2000
020000,富邦特選蘋果N   ,0,0,0,0,0,0,0,0,0,-2000,0,0,0,0,2000,-2000,-2000
061497,大立光國票9A購09,0,0,0,0,0,0,0,0,0,-2000,0,0,0,0,2000,-2000,-2000
059000,台積電元大99購25,0,0,0,0,0,0,0,0,0,-2000,0,0,0,0,2000,-2000,-2000
060200,同欣電元富9A購01,0,0,0,0,0,0,0,0,0,-2000,0,0,0,0,2000,-2000,-2000
061148,道瓊反群益9A購02,0,0,0,0,0,0,0,0,0,-2000,0,0,0,0,2000,-2000,-2000
059114,華新科永豐99購05,0,0,0,0,0,0,0,0,0,-2000,0,0,0,0,2000,-2000,-2000
061234,國巨元大9A購18  ,0,0,0,0,0,0,0,0,0,-2000,0,0,0,17000,19000,-2000,-2000
059681,華新科國泰9B購02,0,0,0,0,0,0,0,0,0,-2000,0,0,0,0,2000,-2000,-2000
061257,上銀凱基9A購06  ,0,0,0,0,0,0,0,0,0,-2000,0,0,0,0,2000,-2000,-2000
061258,華通凱基9A購06  ,0,0,0,0,0,0,0,0,0,-2000,0,0,0,2000,4000,-2000,-2000
059716,鴻海元大99購35  ,0,0,0,0,0,0,0,0,0,-2000,0,0,0,31000,33000,-2000,-2000
059717,國巨元大99購21  ,0,0,0,0,0,0,0,0,0,-2000,0,0,0,34000,36000,-2000,-2000
058433,台積電統一9B購04,0,0,0,0,0,0,0,0,0,-2000,0,0,0,2000,4000,-2000,-2000
060417,正隆永豐9A購01  ,0,0,0,0,0,0,0,0,0,-2000,0,0,0,11000,13000,-2000,-2000
060418,中橡永豐9A購01  ,0,0,0,0,0,0,0,0,0,-2000,0,0,0,0,2000,-2000,-2000
060843,大立光國票9A購06,0,0,0,0,0,0,0,0,0,-2000,0,0,0,0,2000,-2000,-2000
059659,旺宏元大9A購03  ,0,0,0,0,0,0,0,0,0,-2000,0,0,0,0,2000,-2000,-2000
059617,A50正2群益01購02,0,0,0,0,0,0,0,0,0,-2000,0,0,0,0,2000,-2000,-2000
060400,南電國票9A購03  ,0,0,0,0,0,0,0,0,0,-2000,0,0,0,7000,9000,-2000,-2000
059973,A50正2元大99購02,0,0,0,0,0,0,0,0,0,-2000,0,0,0,0,2000,-2000,-2000
059976,道瓊銀元大99購01,0,0,0,0,0,0,0,0,0,-2000,0,0,0,8000,10000,-2000,-2000
059886,可成國票99購04  ,0,0,0,0,0,0,0,0,0,-2000,0,0,0,10000,12000,-2000,-2000
059889,華新科國票99購04,0,0,0,0,0,0,0,0,0,-2000,0,0,0,0,2000,-2000,-2000
059215,台積電元大99購28,0,0,0,0,0,0,0,0,0,-2000,0,0,0,0,2000,-2000,-2000
059200,京鼎永豐99購02  ,0,0,0,0,0,0,0,0,0,-2000,0,0,0,0,2000,-2000,-2000
062018,台勝科永豐9B購01,0,0,0,0,0,0,0,0,0,-2000,0,0,0,0,2000,-2000,-2000
058631,鈺齊國票9A購01  ,0,0,0,0,0,0,0,0,0,-2000,0,0,0,0,2000,-2000,-2000
061940,世紀鋼國票9C購01,0,0,0,0,0,0,0,0,0,-2000,0,0,0,0,2000,-2000,-2000
062168,大毅永豐9B購01  ,0,0,0,0,0,0,0,0,0,-2000,0,0,0,0,2000,-2000,-2000
062318,台郡凱基9B購01  ,0,0,0,0,0,0,0,0,0,-2000,0,0,0,48000,50000,-2000,-2000
062261,嘉晶元大9B購02  ,0,0,0,0,0,0,0,0,0,-2000,0,0,0,1000,3000,-2000,-2000
061429,南六元大9A購02  ,0,0,0,0,0,0,0,0,0,-2000,0,0,0,9000,11000,-2000,-2000
061431,鈺齊元大9A購01  ,0,0,0,0,0,0,0,0,0,-2000,0,0,0,69000,71000,-2000,-2000
060528,友達中信9C購01  ,0,0,0,0,0,0,0,0,0,-2000,0,0,0,18000,20000,-2000,-2000
059415,台灣50元大9A購03,0,0,0,0,0,0,0,0,0,-2000,0,0,0,0,2000,-2000,-2000
06284P,台積電國票98售03,0,0,0,0,0,0,0,0,0,-2000,0,0,0,19000,21000,-2000,-2000
06285P,台積電國票98售04,0,0,0,0,0,0,0,0,0,-2000,0,0,0,34000,36000,-2000,-2000
062891,台汽電群益9B購01,0,0,0,0,0,0,0,0,0,-2000,0,0,0,0,2000,-2000,-2000
063028,巨大元大9B購02  ,0,0,0,0,0,0,0,0,0,-2000,0,0,0,4000,6000,-2000,-2000
063144,超眾統一9C購02  ,0,0,0,0,0,0,0,0,0,-2000,0,0,0,181000,183000,-2000,-2000
063094,玉晶光國票01購03,0,0,0,0,0,0,0,0,0,-2000,0,0,0,0,2000,-2000,-2000
063119,華通元大9B購07  ,0,0,0,0,0,0,0,0,0,-2000,0,0,0,44000,46000,-2000,-2000
062554,台積電凱基9B購08,0,0,0,0,0,0,0,0,0,-2000,0,0,0,1000,3000,-2000,-2000
06257P,臺股指群益97售10,0,0,0,0,0,0,0,0,0,-2000,0,0,0,2000,4000,-2000,-2000
062418,台積電統一01購06,0,0,0,0,0,0,0,0,0,-2000,0,0,0,0,2000,-2000,-2000
062420,台積電統一9C購08,0,0,0,0,0,0,0,0,0,-2000,0,0,0,0,2000,-2000,-2000
062718,技嘉凱基9B購01  ,0,0,0,0,0,0,0,0,0,-2000,0,0,0,4000,6000,-2000,-2000
06258P,臺股指群益97售11,0,0,0,0,0,0,0,0,0,-2000,0,0,0,0,2000,-2000,-2000
063164,聯發科永豐9B購03,0,0,0,0,0,0,0,0,0,-2000,0,0,0,0,2000,-2000,-2000
063278,國巨元大9C購04  ,0,0,0,0,0,0,0,0,0,-2000,0,0,0,7000,9000,-2000,-2000
06327P,台積電中信01售01,0,0,0,0,0,0,0,0,0,-2000,0,0,0,1000,3000,-2000,-2000
063329,健策國票9C購01  ,0,0,0,0,0,0,0,0,0,-2000,0,0,0,0,2000,-2000,-2000
063422,奇鋐凱基9B購04  ,0,0,0,0,0,0,0,0,0,-2000,0,0,0,36000,38000,-2000,-2000
06345P,臺股指統一9A售01,0,0,0,0,0,0,0,0,0,-2000,0,0,0,0,2000,-2000,-2000
063714,超眾凱基9B購03  ,0,0,0,0,0,0,0,0,0,-2000,0,0,0,38000,40000,-2000,-2000
064545,智邦凱基9C購02  ,0,0,0,0,0,0,0,0,0,-2000,0,0,0,61000,63000,-2000,-2000
064636,臺股指元大9C購22,0,0,0,0,0,0,0,0,0,-2000,0,0,0,0,2000,-2000,-2000
064694,玉晶光群益02購02,0,0,0,0,0,0,0,0,0,-2000,0,0,0,1000,3000,-2000,-2000
06469P,臺股指凱基99售09,0,0,0,0,0,0,0,0,0,-2000,0,0,0,0,2000,-2000,-2000
064739,智邦國票01購01  ,0,0,0,0,0,0,0,0,0,-2000,0,0,0,2000,4000,-2000,-2000
065039,國巨凱基02購02  ,0,0,0,0,0,0,0,0,0,-2000,0,0,0,1000,3000,-2000,-2000
065012,燿華國泰02購01  ,0,0,0,0,0,0,0,0,0,-2000,0,0,0,37000,39000,-2000,-2000
064781,嘉晶群益9C購04  ,0,0,0,0,0,0,0,0,0,-2000,0,0,0,0,2000,-2000,-2000
064101,可成群益01購01  ,0,0,0,0,0,0,0,0,0,-2000,0,0,0,2000,4000,-2000,-2000
063911,大立光凱基9C購03,0,0,0,0,0,0,0,0,0,-2000,0,0,0,5000,7000,-2000,-2000
063946,聯發科元大9C購04,0,0,0,0,0,0,0,0,0,-2000,0,0,0,21000,23000,-2000,-2000
064177,立積國泰01購01  ,0,0,0,0,0,0,0,0,0,-2000,0,0,0,432000,434000,-2000,-2000
064189,TPK永豐9C購01   ,0,0,0,0,0,0,0,0,0,-2000,0,0,0,20000,22000,-2000,-2000
064341,聯詠元大9C購01  ,0,0,0,0,0,0,0,0,0,-2000,0,0,0,32000,34000,-2000,-2000
064385,台積電富邦03購02,0,0,0,0,0,0,0,0,0,-2000,0,0,0,0,2000,-2000,-2000
4807,日成-KY         ,0,2000,-2000,0,0,0,0,0,0,0,0,0,0,0,0,0,-2000
4912,聯德控股-KY     ,1000,3000,-2000,0,0,0,0,0,0,0,0,0,0,0,0,0,-2000
8940,新天地          ,3000,5000,-2000,0,0,0,0,0,0,0,0,0,0,0,0,0,-2000
8488,吉源-KY         ,0,2000,-2000,0,0,0,0,0,0,0,0,0,0,0,0,0,-2000
6442,光聖            ,1000,2000,-1000,0,0,0,0,0,0,-1000,0,1000,-1000,0,0,0,-2000
6243,迅杰            ,4000,6000,-2000,0,0,0,0,0,0,0,0,0,0,0,0,0,-2000
2701,萬企            ,18000,20000,-2000,0,0,0,0,0,0,-1000,0,1000,-1000,0,0,0,-3000
2440,太空梭          ,0,3000,-3000,0,0,0,0,0,0,0,0,0,0,0,0,0,-3000
2443,億麗            ,0,3000,-3000,0,0,0,0,0,0,0,0,0,0,0,0,0,-3000
1524,耿鼎            ,7000,4000,3000,0,0,0,0,0,0,-6000,0,6000,-6000,0,0,0,-3000
1529,樂士            ,15000,19000,-4000,0,0,0,0,0,0,1000,1000,0,1000,0,0,0,-3000
1413,宏洲            ,0,3000,-3000,0,0,0,0,0,0,0,0,0,0,0,0,0,-3000
1445,大宇            ,4000,5000,-1000,0,0,0,0,0,0,-2000,0,2000,-2000,0,0,0,-3000
2302,麗正            ,0,3000,-3000,0,0,0,0,0,0,0,0,0,0,0,0,0,-3000
2380,虹光            ,3000,6000,-3000,0,0,0,0,0,0,0,0,0,0,0,0,0,-3000
08394P,大立光群益9C售05,0,0,0,0,0,0,0,0,0,-3000,0,0,0,115000,118000,-3000,-3000
08530P,鴻海統一9C售19  ,0,0,0,0,0,0,0,0,0,-3000,0,0,0,0,3000,-3000,-3000
08593P,聯發科凱基9C售13,0,0,0,0,0,0,0,0,0,-3000,0,0,0,0,3000,-3000,-3000
1110,東泥            ,18000,21000,-3000,0,0,0,0,0,0,0,0,0,0,0,0,0,-3000
08213P,台光電統一9B售03,0,0,0,0,0,0,0,0,0,-3000,0,0,0,40000,43000,-3000,-3000
07980P,臺股指凱基02售01,0,0,0,0,0,0,0,0,0,-3000,0,0,0,0,3000,-3000,-3000
07780P,美律凱基9A售02  ,0,0,0,0,0,0,0,0,0,-3000,0,0,0,15000,18000,-3000,-3000
07811P,華新科統一9A售02,0,0,0,0,0,0,0,0,0,-3000,0,0,0,18000,21000,-3000,-3000
07851P,聯發科國票9A售05,0,0,0,0,0,0,0,0,0,-3000,0,0,0,50000,53000,-3000,-3000
07503P,禾伸堂元大9A售01,0,0,0,0,0,0,0,0,0,-3000,0,0,0,0,3000,-3000,-3000
07407P,欣興凱基99售07  ,0,0,0,0,0,0,0,0,0,-3000,0,0,0,9000,12000,-3000,-3000
07218P,臺股指凱基99售31,0,0,0,0,0,0,0,0,0,-3000,0,0,0,170000,173000,-3000,-3000
065605,義隆元大01購02  ,0,0,0,0,0,0,0,0,0,-3000,0,0,0,0,3000,-3000,-3000
065666,旺宏凱基9C購03  ,0,0,0,0,0,0,0,0,0,-3000,0,0,0,0,3000,-3000,-3000
06698P,玉晶光國票99售05,0,0,0,0,0,0,0,0,0,-3000,0,0,0,38000,41000,-3000,-3000
065413,玉晶光永豐9C購10,0,0,0,0,0,0,0,0,0,-3000,0,0,0,23000,26000,-3000,-3000
065501,旭富富邦9C購01  ,0,0,0,0,0,0,0,0,0,-3000,0,0,0,0,3000,-3000,-3000
065116,臺股指國票9C購13,0,0,0,0,0,0,0,0,0,-3000,0,0,0,16000,19000,-3000,-3000
065215,義隆國泰02購02  ,0,0,0,0,0,0,0,0,0,-3000,0,0,0,18000,21000,-3000,-3000
020008,元大特股高息N   ,0,0,0,0,0,0,0,0,0,-3000,0,0,0,119000,122000,-3000,-3000
03052X,元展49          ,0,0,0,0,0,0,0,0,0,-3000,0,0,0,0,3000,-3000,-3000
03022X,富展01          ,0,0,0,0,0,0,0,0,0,-3000,0,0,0,0,3000,-3000,-3000
053732,S&P反1中信9C購01,0,0,0,0,0,0,0,0,0,-3000,0,0,0,0,3000,-3000,-3000
04454P,大立光富邦98售02,0,0,0,0,0,0,0,0,0,-3000,0,0,0,0,3000,-3000,-3000
051486,玉晶光凱基97購03,0,0,0,0,0,0,0,0,0,-3000,0,0,0,1000,4000,-3000,-3000
058055,華擎統一9A購01  ,0,0,0,0,0,0,0,0,0,-3000,0,0,0,0,3000,-3000,-3000
057624,新日興國泰99購01,0,0,0,0,0,0,0,0,0,-3000,0,0,0,0,3000,-3000,-3000
057320,玉晶光凱基98購01,0,0,0,0,0,0,0,0,0,-3000,0,0,0,197000,200000,-3000,-3000
057289,力成元大98購03  ,0,0,0,0,0,0,0,0,0,-3000,0,0,0,68000,71000,-3000,-3000
057415,和碩日盛98購01  ,0,0,0,0,0,0,0,0,0,-3000,0,0,0,0,3000,-3000,-3000
057784,台積電國票9B購01,0,0,0,0,0,0,0,0,0,-3000,0,0,0,0,3000,-3000,-3000
057707,臺股指群益98購07,0,0,0,0,0,0,0,0,0,-3000,0,0,0,0,3000,-3000,-3000
061861,臺股指國票9B購05,0,0,0,0,0,0,0,0,0,-3000,0,0,0,0,3000,-3000,-3000
061781,台積電群益9C購01,0,0,0,0,0,0,0,0,0,-3000,0,0,0,0,3000,-3000,-3000
058347,玉晶光群益9B購01,0,0,0,0,0,0,0,0,0,-3000,0,0,0,10000,13000,-3000,-3000
060519,S&P500中信01購01,0,0,0,0,0,0,0,0,0,-3000,0,0,0,0,3000,-3000,-3000
060520,臺指2X中信01購02,0,0,0,0,0,0,0,0,0,-3000,0,0,0,0,3000,-3000,-3000
060534,友達麥證9A購01  ,0,0,0,95000,98000,-3000,0,0,0,-3000,0,0,0,95000,98000,-3000,-3000
061363,儒鴻國票9B購01  ,0,0,0,0,0,0,0,0,0,-3000,0,0,0,0,3000,-3000,-3000
061607,台表科凱基9B購02,0,0,0,0,0,0,0,0,0,-3000,0,0,0,44000,47000,-3000,-3000
059348,日月光凱基99購01,0,0,0,0,0,0,0,0,0,-3000,0,0,0,1000,4000,-3000,-3000
058253,臺股指元大9A購17,0,0,0,0,0,0,0,0,0,-3000,0,0,0,0,3000,-3000,-3000
062393,智邦富邦9B購01  ,0,0,0,0,0,0,0,0,0,-3000,0,0,0,0,3000,-3000,-3000
058601,台積電元大99購10,0,0,0,0,0,0,0,0,0,-3000,0,0,0,0,3000,-3000,-3000
059151,臺股指國票99購14,0,0,0,0,0,0,0,0,0,-3000,0,0,0,0,3000,-3000,-3000
060042,台積電群益99購12,0,0,0,0,0,0,0,0,0,-3000,0,0,0,10000,13000,-3000,-3000
060364,奇力新元富9A購01,0,0,0,0,0,0,0,0,0,-3000,0,0,0,0,3000,-3000,-3000
059567,台積電凱基9A購12,0,0,0,0,0,0,0,0,0,-3000,0,0,0,0,3000,-3000,-3000
061282,台積電統一9C購06,0,0,0,0,0,0,0,0,0,-3000,0,0,0,0,3000,-3000,-3000
059747,台達電台新99購01,0,0,0,0,0,0,0,0,0,-3000,0,0,0,5000,8000,-3000,-3000
05905P,晶技統一97售01  ,0,0,0,0,0,0,0,0,0,-3000,0,0,0,31000,34000,-3000,-3000
06118P,上証2X凱基98售03,0,0,0,0,0,0,0,0,0,-3000,0,0,0,0,3000,-3000,-3000
060239,國揚元大9C購01  ,0,0,0,0,0,0,0,0,0,-3000,0,0,0,13000,16000,-3000,-3000
060254,世紀鋼元大9A購01,0,0,0,0,0,0,0,0,0,-3000,0,0,0,0,3000,-3000,-3000
060262,臺股指凱基9B購02,0,0,0,0,0,0,0,0,0,-3000,0,0,0,0,3000,-3000,-3000
061522,元黃金凱基01購01,0,0,0,0,0,0,0,0,0,-3000,0,0,0,0,3000,-3000,-3000
061072,南電凱基9B購01  ,0,0,0,0,0,0,0,0,0,-3000,0,0,0,13000,16000,-3000,-3000
064182,臻鼎富邦01購01  ,0,0,0,0,0,0,0,0,0,-3000,0,0,0,0,3000,-3000,-3000
063827,國巨國票02購01  ,0,0,0,0,0,0,0,0,0,-3000,0,0,0,37000,40000,-3000,-3000
064123,台積電元大9C購09,0,0,0,0,0,0,0,0,0,-3000,0,0,0,0,3000,-3000,-3000
064913,燿華統一02購01  ,0,0,0,0,0,0,0,0,0,-3000,0,0,0,5000,8000,-3000,-3000
064854,祥碩麥證9C購01  ,0,0,0,0,3000,-3000,0,0,0,-3000,0,0,0,0,3000,-3000,-3000
065019,華邦電富邦9C購01,0,0,0,0,0,0,0,0,0,-3000,0,0,0,1000,4000,-3000,-3000
064972,台積電元大9C購11,0,0,0,0,0,0,0,0,0,-3000,0,0,0,4000,7000,-3000,-3000
064984,同欣電元大9C購06,0,0,0,0,0,0,0,0,0,-3000,0,0,0,52000,55000,-3000,-3000
064688,國巨群益9C購11  ,0,0,0,0,0,0,0,0,0,-3000,0,0,0,7000,10000,-3000,-3000
064666,華新科元大02購01,0,0,0,0,0,0,0,0,0,-3000,0,0,0,0,3000,-3000,-3000
06367P,台積電凱基97售14,0,0,0,0,0,0,0,0,0,-3000,0,0,0,0,3000,-3000,-3000
063745,喬山國票9C購01  ,0,0,0,0,0,0,0,0,0,-3000,0,0,0,36000,39000,-3000,-3000
063492,台積電富邦02購02,0,0,0,0,0,0,0,0,0,-3000,0,0,0,0,3000,-3000,-3000
063635,漢唐元大9B購04  ,0,0,0,0,0,0,0,0,0,-3000,0,0,0,0,3000,-3000,-3000
063284,大立光元大9B購07,0,0,0,0,0,0,0,0,0,-3000,0,0,0,5000,8000,-3000,-3000
062684,華新科統一01購02,0,0,0,0,0,0,0,0,0,-3000,0,0,0,0,3000,-3000,-3000
062495,友達中信01購02  ,0,0,0,0,0,0,0,0,0,-3000,0,0,0,45000,48000,-3000,-3000
062581,鴻海統一01購02  ,0,0,0,0,0,0,0,0,0,-3000,0,0,0,12000,15000,-3000,-3000
063065,聯發科麥證9C購01,0,0,0,0,3000,-3000,0,0,0,-3000,0,0,0,0,3000,-3000,-3000
062948,台積電富邦01購02,0,0,0,0,0,0,0,0,0,-3000,0,0,0,122000,125000,-3000,-3000
062864,臺股指國票9B購21,0,0,0,0,0,0,0,0,0,-3000,0,0,0,0,3000,-3000,-3000
062779,台積電元大9B購03,0,0,0,0,0,0,0,0,0,-3000,0,0,0,0,3000,-3000,-3000
6405,悅城            ,1000,1000,0,0,0,0,0,0,0,-3000,0,3000,-3000,0,0,0,-3000
8482,商億-KY         ,0,3000,-3000,0,0,0,0,0,0,0,0,0,0,0,0,0,-3000
8114,振樺電          ,0,2000,-2000,0,0,0,0,0,0,-1000,0,1000,-1000,0,0,0,-3000
4545,銘鈺            ,10000,8000,2000,0,0,0,0,0,0,-5000,0,5000,-5000,0,0,0,-3000
4581,光隆精密-KY     ,2000,5000,-3000,0,0,0,0,0,0,0,0,0,0,0,0,0,-3000
9911,櫻花            ,145000,152000,-7000,0,0,0,1000,0,1000,3000,6000,3000,3000,0,0,0,-3000
06509P,鴻海群益98售03  ,0,0,0,0,0,0,0,0,0,-4000,0,0,0,21000,25000,-4000,-4000
065372,漢唐元大9C購02  ,0,0,0,0,0,0,0,0,0,-4000,0,0,0,0,4000,-4000,-4000
065243,聯發科兆豐01購03,0,0,0,0,0,0,0,0,0,-4000,0,0,0,12000,16000,-4000,-4000
065558,嘉聯益凱基9C購02,0,0,0,0,0,0,0,0,0,-4000,0,0,0,1000,5000,-4000,-4000
06615P,鴻海元大9C售02  ,0,0,0,0,0,0,0,0,0,-4000,0,0,0,0,4000,-4000,-4000
065692,國巨群益9C購17  ,0,0,0,0,0,0,0,0,0,-4000,0,0,0,6000,10000,-4000,-4000
065693,國巨群益9C購18  ,0,0,0,0,0,0,0,0,0,-4000,0,0,0,8000,12000,-4000,-4000
07206P,鴻海凱基9A售11  ,0,0,0,0,0,0,0,0,0,-4000,0,0,0,0,4000,-4000,-4000
07808P,超眾永豐9A售04  ,0,0,0,0,0,0,0,0,0,-4000,0,0,0,1000,5000,-4000,-4000
07674P,金融類元大9A售01,0,0,0,0,0,0,0,0,0,-4000,0,0,0,0,4000,-4000,-4000
08114P,國巨凱基9B售11  ,0,0,0,0,0,0,0,0,0,-4000,0,0,0,20000,24000,-4000,-4000
08481P,臺股指凱基9C售19,0,0,0,0,0,0,0,0,0,-4000,0,0,0,6000,10000,-4000,-4000
08478P,臺股指凱基9C售16,0,0,0,0,0,0,0,0,0,-4000,0,0,0,16000,20000,-4000,-4000
2358,廷鑫            ,11000,15000,-4000,0,0,0,0,0,0,0,0,0,0,0,0,0,-4000
2007,燁興            ,0,4000,-4000,0,0,0,0,0,0,0,0,0,0,0,0,0,-4000
1516,川飛            ,3000,4000,-1000,0,0,0,0,0,0,-3000,0,3000,-3000,0,0,0,-4000
061743,祥碩凱基9B購02  ,0,0,0,0,0,0,0,0,0,-4000,0,0,0,4000,8000,-4000,-4000
058953,S&P反1國票03購01,0,0,0,0,0,0,0,0,0,-4000,0,0,0,0,4000,-4000,-4000
05894P,友達群益98售02  ,0,0,0,0,0,0,0,0,0,-4000,0,0,0,25000,29000,-4000,-4000
057437,可成國票99購01  ,0,0,0,0,0,0,0,0,0,-4000,0,0,0,0,4000,-4000,-4000
057511,健策統一98購02  ,0,0,0,0,0,0,0,0,0,-4000,0,0,0,0,4000,-4000,-4000
058180,華新科國泰9A購01,0,0,0,0,0,0,0,0,0,-4000,0,0,0,1000,5000,-4000,-4000
056271,嘉澤統一97購01  ,0,0,0,0,0,0,0,0,0,-4000,0,0,0,49000,53000,-4000,-4000
056789,和碩群益98購01  ,0,0,0,0,0,0,0,0,0,-4000,0,0,0,0,4000,-4000,-4000
057962,超眾元大99購03  ,0,0,0,0,0,0,0,0,0,-4000,0,0,0,34000,38000,-4000,-4000
055271,鴻海元大98購03  ,0,0,0,0,0,0,0,0,0,-4000,0,0,0,169000,173000,-4000,-4000
055114,新日興凱基98購01,0,0,0,0,0,0,0,0,0,-4000,0,0,0,0,4000,-4000,-4000
054470,緯穎國票97購04  ,0,0,0,0,0,0,0,0,0,-4000,0,0,0,0,4000,-4000,-4000
055486,國巨元大98購06  ,0,0,0,0,0,0,0,0,0,-4000,0,0,0,40000,44000,-4000,-4000
053186,健策中信9C購01  ,0,0,0,0,0,0,0,0,0,-4000,0,0,0,10000,14000,-4000,-4000
020004,兆豐電菁英30N   ,0,0,0,0,0,0,0,0,0,-4000,0,0,0,0,4000,-4000,-4000
006203,元大MSCI台灣    ,0,0,0,0,0,0,0,0,0,-4000,0,0,0,0,4000,-4000,-4000
061081,宏碁兆豐9A購01  ,0,0,0,0,0,0,0,0,0,-4000,0,0,0,182000,186000,-4000,-4000
061572,奇力新元大9A購04,0,0,0,0,0,0,0,0,0,-4000,0,0,0,0,4000,-4000,-4000
059073,元油2X元大9C購14,0,0,0,0,0,0,0,0,0,-4000,0,0,0,0,4000,-4000,-4000
061213,群創元大9A購05  ,0,0,0,0,0,0,0,0,0,-4000,0,0,0,1000,5000,-4000,-4000
060295,貿聯元大9A購03  ,0,0,0,0,0,0,0,0,0,-4000,0,0,0,2000,6000,-4000,-4000
060429,南六永豐9A購01  ,0,0,0,0,0,0,0,0,0,-4000,0,0,0,0,4000,-4000,-4000
061304,創意永豐9A購02  ,0,0,0,0,0,0,0,0,0,-4000,0,0,0,112000,116000,-4000,-4000
06074P,台積電凱基98售04,0,0,0,0,0,0,0,0,0,-4000,0,0,0,0,4000,-4000,-4000
059540,新光金日盛99購01,0,0,0,0,0,0,0,0,0,-4000,0,0,0,16000,20000,-4000,-4000
062082,嘉晶元大9B購01  ,0,0,0,0,0,0,0,0,0,-4000,0,0,0,0,4000,-4000,-4000
062350,台表科群益9B購01,0,0,0,0,0,0,0,0,0,-4000,0,0,0,1000,5000,-4000,-4000
062149,牧德國票9B購01  ,0,0,0,0,0,0,0,0,0,-4000,0,0,0,20000,24000,-4000,-4000
062003,國巨國泰01購01  ,0,0,0,0,0,0,0,0,0,-4000,0,0,0,2000,6000,-4000,-4000
061956,和大統一01購01  ,0,0,0,0,0,0,0,0,0,-4000,0,0,0,146000,150000,-4000,-4000
061410,緯穎國票9A購03  ,0,0,0,0,0,0,0,0,0,-4000,0,0,0,8000,12000,-4000,-4000
060530,聯發科中信9C購03,0,0,0,0,0,0,0,0,0,-4000,0,0,0,0,4000,-4000,-4000
060502,國巨元大9A購07  ,0,0,0,0,0,0,0,0,0,-4000,0,0,0,5000,9000,-4000,-4000
059509,奇力新永豐99購02,0,0,0,0,0,0,0,0,0,-4000,0,0,0,0,4000,-4000,-4000
063241,聯發科元大9B購18,0,0,0,0,0,0,0,0,0,-4000,0,0,0,42000,46000,-4000,-4000
063756,鴻海統一9B購09  ,0,0,0,0,0,0,0,0,0,-4000,0,0,0,38000,42000,-4000,-4000
064964,T50反1元大9C購10,0,0,0,0,0,0,0,0,0,-4000,0,0,0,0,4000,-4000,-4000
063887,香港2X中信02購01,0,0,0,0,0,0,0,0,0,-4000,0,0,0,1000,5000,-4000,-4000
063961,世紀鋼元大9C購05,0,0,0,0,0,0,0,0,0,-4000,0,0,0,0,4000,-4000,-4000
064181,景碩富邦9C購01  ,0,0,0,0,0,0,0,0,0,-4000,0,0,0,11000,15000,-4000,-4000
064149,美律統一02購01  ,0,0,0,0,0,0,0,0,0,-4000,0,0,0,157000,161000,-4000,-4000
064402,宏碁凱基01購01  ,0,0,0,0,0,0,0,0,0,-4000,0,0,0,6000,10000,-4000,-4000
9902,台火            ,0,1000,-1000,0,0,0,0,0,0,-3000,0,3000,-3000,0,0,0,-4000
9918,欣天然          ,0,2000,-2000,0,0,0,0,0,0,-2000,0,2000,-2000,0,0,0,-4000
5608,四維航          ,27000,30000,-3000,0,0,0,0,0,0,-1000,2000,3000,-1000,0,0,0,-4000
6117,迎廣            ,0,3000,-3000,0,0,0,0,0,0,-1000,0,1000,-1000,0,0,0,-4000
8222,寶一            ,2000,6000,-4000,0,0,0,0,0,0,0,0,0,0,0,0,0,-4000
6581,鋼聯            ,4000,8000,-4000,0,0,0,0,0,0,0,0,0,0,0,0,0,-4000
6189,豐藝            ,20000,26000,-6000,0,0,0,0,0,0,2000,4000,2000,2000,0,0,0,-4000
2722,夏都            ,59000,62000,-3000,0,0,0,0,0,0,-2000,0,2000,-2000,0,0,0,-5000
2543,皇昌            ,0,5000,-5000,0,0,0,0,0,0,0,0,0,0,0,0,0,-5000
2597,潤弘            ,10000,16000,-6000,0,0,0,0,0,0,1000,1000,0,1000,0,0,0,-5000
3266,昇陽            ,16000,11000,5000,0,0,0,0,0,0,-10000,0,10000,-10000,0,0,0,-5000
3050,鈺德            ,2000,12000,-10000,0,0,0,0,0,0,5000,5000,0,5000,0,0,0,-5000
08577P,臺指2X中信03售01,0,0,0,0,0,0,0,0,0,-5000,0,0,0,0,5000,-5000,-5000
08461P,長榮航國票9C售01,0,0,0,0,0,0,0,0,0,-5000,0,0,0,20000,25000,-5000,-5000
08108P,聯發科元富9B售03,0,0,0,0,0,0,0,0,0,-5000,0,0,0,55000,60000,-5000,-5000
08010P,大成鋼元大9B售01,0,0,0,0,0,0,0,0,0,-5000,0,0,0,0,5000,-5000,-5000
07930P,聯發科統一9B售06,0,0,0,0,0,0,0,0,0,-5000,0,0,0,0,5000,-5000,-5000
08279P,南電元富9C售02  ,0,0,0,0,0,0,0,0,0,-5000,0,0,0,0,5000,-5000,-5000
08249P,聯發科群益9C售06,0,0,0,0,0,0,0,0,0,-5000,0,0,0,15000,20000,-5000,-5000
08120P,南亞科國票9C售01,0,0,0,0,0,0,0,0,0,-5000,0,0,0,0,5000,-5000,-5000
07619P,鴻海統一9A售03  ,0,0,0,0,0,0,0,0,0,-5000,0,0,0,205000,210000,-5000,-5000
07521P,台積電中信01售05,0,0,0,0,0,0,0,0,0,-5000,0,0,0,0,5000,-5000,-5000
07253P,台灣50凱基9A售05,0,0,0,0,0,0,0,0,0,-5000,0,0,0,0,5000,-5000,-5000
07147P,高鐵元大99售01  ,0,0,0,0,0,0,0,0,0,-5000,0,0,0,0,5000,-5000,-5000
07010P,T50正2凱基9C售01,0,0,0,0,0,0,0,0,0,-5000,0,0,0,0,5000,-5000,-5000
06953P,景碩統一9A售01  ,0,0,0,0,0,0,0,0,0,-5000,0,0,0,0,5000,-5000,-5000
06923P,鴻海群益98售09  ,0,0,0,0,0,0,0,0,0,-5000,0,0,0,0,5000,-5000,-5000
06777P,鴻海元大99售06  ,0,0,0,0,0,0,0,0,0,-5000,0,0,0,129000,134000,-5000,-5000
06598P,奇力新永豐98售02,0,0,0,0,0,0,0,0,0,-5000,0,0,0,0,5000,-5000,-5000
065586,嘉聯益富邦03購01,0,0,0,0,0,0,0,0,0,-5000,0,0,0,0,5000,-5000,-5000
065248,聯發科麥證9C購03,0,0,0,0,5000,-5000,0,0,0,-5000,0,0,0,0,5000,-5000,-5000
065373,聯發科元大01購03,0,0,0,0,0,0,0,0,0,-5000,0,0,0,0,5000,-5000,-5000
065088,可成元大9C購09  ,0,0,0,0,0,0,0,0,0,-5000,0,0,0,0,5000,-5000,-5000
065080,燿華元大01購01  ,0,0,0,0,0,0,0,0,0,-5000,0,0,0,68000,73000,-5000,-5000
065223,旺宏中信01購01  ,0,0,0,0,0,0,0,0,0,-5000,0,0,0,0,5000,-5000,-5000
03680C,臺股指凱基9A牛26,0,0,0,0,0,0,0,0,0,-5000,0,0,0,67000,72000,-5000,-5000
03451B,臺股指凱基9C熊23,0,0,0,0,0,0,0,0,0,-5000,0,0,0,0,5000,-5000,-5000
03810P,大立光富邦98售01,0,0,0,0,0,0,0,0,0,-5000,0,0,0,0,5000,-5000,-5000
042792,T50反1台新9C購01,0,0,0,0,0,0,0,0,0,-5000,0,0,0,0,5000,-5000,-5000
050754,元金2X元富9B購01,0,0,0,0,0,0,0,0,0,-5000,0,0,0,5000,10000,-5000,-5000
050758,聯發科元富9B購01,0,0,0,0,0,0,0,0,0,-5000,0,0,0,184000,189000,-5000,-5000
049759,元黃金富邦9A購01,0,0,0,0,0,0,0,0,0,-5000,0,0,0,0,5000,-5000,-5000
048070,聯發科元富99購03,0,0,0,0,0,0,0,0,0,-5000,0,0,0,452000,457000,-5000,-5000
056034,華通凱基98購01  ,0,0,0,0,0,0,0,0,0,-5000,0,0,0,0,5000,-5000,-5000
056079,世紀鋼元大97購02,0,0,0,0,0,0,0,0,0,-5000,0,0,0,0,5000,-5000,-5000
055460,華擎永豐97購01  ,0,0,0,0,0,0,0,0,0,-5000,0,0,0,0,5000,-5000,-5000
054526,道瓊反統一98購01,0,0,0,0,0,0,0,0,0,-5000,0,0,0,0,5000,-5000,-5000
054538,台光電國票98購01,0,0,0,0,0,0,0,0,0,-5000,0,0,0,0,5000,-5000,-5000
055038,華航富邦99購01  ,0,0,0,0,0,0,0,0,0,-5000,0,0,0,0,5000,-5000,-5000
058001,FBVIX群益9B購02 ,0,0,0,0,0,0,0,0,0,-5000,0,0,0,0,5000,-5000,-5000
056947,國巨統一9A購01  ,0,0,0,0,0,0,0,0,0,-5000,0,0,0,8000,13000,-5000,-5000
056892,旺宏元大9A購02  ,0,0,0,0,0,0,0,0,0,-5000,0,0,0,0,5000,-5000,-5000
057697,國巨群益98購09  ,0,0,0,0,0,0,0,0,0,-5000,0,0,0,0,5000,-5000,-5000
057385,光罩永豐99購01  ,0,0,0,0,0,0,0,0,0,-5000,0,0,0,0,5000,-5000,-5000
056683,台積電統一98購05,0,0,0,0,0,0,0,0,0,-5000,0,0,0,0,5000,-5000,-5000
058174,台積電凱基9A購05,0,0,0,0,0,0,0,0,0,-5000,0,0,0,5000,10000,-5000,-5000
057464,大立光永豐98購02,0,0,0,0,0,0,0,0,0,-5000,0,0,0,0,5000,-5000,-5000
057949,南電國票99購01  ,0,0,0,0,0,0,0,0,0,-5000,0,0,0,22000,27000,-5000,-5000
060120,聯電富邦9B購01  ,0,0,0,0,0,0,0,0,0,-5000,0,0,0,0,5000,-5000,-5000
060187,華新科元富9A購02,0,0,0,0,0,0,0,0,0,-5000,0,0,0,0,5000,-5000,-5000
057480,技嘉元大98購03  ,0,0,0,0,0,0,0,0,0,-5000,0,0,0,7000,12000,-5000,-5000
057492,大立光元大98購18,0,0,0,0,0,0,0,0,0,-5000,0,0,0,0,5000,-5000,-5000
060616,宏碁元大9A購02  ,0,0,0,0,0,0,0,0,0,-5000,0,0,0,0,5000,-5000,-5000
060590,台積電台新9C購02,0,0,0,0,0,0,0,0,0,-5000,0,0,0,0,5000,-5000,-5000
06158P,玉晶光元富97售08,0,0,0,0,0,0,0,0,0,-5000,0,0,0,0,5000,-5000,-5000
058245,訊連元大99購01  ,0,0,0,0,0,0,0,0,0,-5000,0,0,0,0,5000,-5000,-5000
058276,道瓊指中信9C購01,0,0,0,0,0,0,0,0,0,-5000,0,0,0,0,5000,-5000,-5000
061615,鴻海群益9A購06  ,0,0,0,0,0,0,0,0,0,-5000,0,0,0,0,5000,-5000,-5000
058238,奇鋐元大99購02  ,0,0,0,0,0,0,0,0,0,-5000,0,0,0,0,5000,-5000,-5000
058304,鴻海元大99購12  ,0,0,0,0,0,0,0,0,0,-5000,0,0,0,0,5000,-5000,-5000
061930,臺股指凱基9B購05,0,0,0,0,0,0,0,0,0,-5000,0,0,0,25000,30000,-5000,-5000
061929,嘉澤凱基9B購01  ,0,0,0,0,0,0,0,0,0,-5000,0,0,0,20000,25000,-5000,-5000
062299,台積電第一9B購01,0,0,0,0,0,0,0,0,0,-5000,0,0,0,0,5000,-5000,-5000
062395,台表科富邦9C購01,0,0,0,0,0,0,0,0,0,-5000,0,0,0,4000,9000,-5000,-5000
062348,聯發科群益9B購06,0,0,0,0,0,0,0,0,0,-5000,0,0,0,3000,8000,-5000,-5000
062088,緯穎元大9B購04  ,0,0,0,0,0,0,0,0,0,-5000,0,0,0,50000,55000,-5000,-5000
062127,台勝科統一01購02,0,0,0,0,0,0,0,0,0,-5000,0,0,0,45000,50000,-5000,-5000
06168P,台表科國票97售06,0,0,0,0,0,0,0,0,0,-5000,0,0,0,0,5000,-5000,-5000
061699,燿華國票9A購01  ,0,0,0,0,0,0,0,0,0,-5000,0,0,0,0,5000,-5000,-5000
061683,台灣50群益9B購09,0,0,0,0,0,0,0,0,0,-5000,0,0,0,0,5000,-5000,-5000
058590,南電中信9A購02  ,0,0,0,0,0,0,0,0,0,-5000,0,0,0,68000,73000,-5000,-5000
060022,勤誠康和99購01  ,0,0,0,0,0,0,0,0,0,-5000,0,0,0,11000,16000,-5000,-5000
059619,台積電日盛9A購04,0,0,0,0,0,0,0,0,0,-5000,0,0,0,2000,7000,-5000,-5000
059187,國巨富邦9B購02  ,0,0,0,0,0,0,0,0,0,-5000,0,0,0,1000,6000,-5000,-5000
059254,台表科凱基9A購02,0,0,0,0,0,0,0,0,0,-5000,0,0,0,0,5000,-5000,-5000
059873,華新科凱基99購09,0,0,0,0,0,0,0,0,0,-5000,0,0,0,0,5000,-5000,-5000
059966,台積電凱基99購19,0,0,0,0,0,0,0,0,0,-5000,0,0,0,0,5000,-5000,-5000
059967,聯發科凱基99購20,0,0,0,0,0,0,0,0,0,-5000,0,0,0,0,5000,-5000,-5000
060731,奇力新群益9A購01,0,0,0,0,0,0,0,0,0,-5000,0,0,0,5000,10000,-5000,-5000
060736,旺宏統一01購01  ,0,0,0,0,0,0,0,0,0,-5000,0,0,0,0,5000,-5000,-5000
061318,智邦凱基9B購01  ,0,0,0,0,0,0,0,0,0,-5000,0,0,0,156000,161000,-5000,-5000
060421,華擎永豐9A購01  ,0,0,0,0,0,0,0,0,0,-5000,0,0,0,5000,10000,-5000,-5000
060793,微星永豐9A購01  ,0,0,0,0,0,0,0,0,0,-5000,0,0,0,62000,67000,-5000,-5000
060894,奇力新凱基9A購03,0,0,0,0,0,0,0,0,0,-5000,0,0,0,0,5000,-5000,-5000
060324,台積電群益9B購02,0,0,0,0,0,0,0,0,0,-5000,0,0,0,0,5000,-5000,-5000
059124,台積電第一03購01,0,0,0,0,0,0,0,0,0,-5000,0,0,0,0,5000,-5000,-5000
059138,台積電兆豐99購04,0,0,0,0,0,0,0,0,0,-5000,0,0,0,0,5000,-5000,-5000
059756,奇力新富邦9C購01,0,0,0,0,0,0,0,0,0,-5000,0,0,0,0,5000,-5000,-5000
059761,國巨永豐99購06  ,0,0,0,0,0,0,0,0,0,-5000,0,0,0,6000,11000,-5000,-5000
058810,國巨統一9B購04  ,0,0,0,0,0,0,0,0,0,-5000,0,0,0,0,5000,-5000,-5000
059082,華通元大99購06  ,0,0,0,0,0,0,0,0,0,-5000,0,0,0,0,5000,-5000,-5000
061177,大立光凱基9A購10,0,0,0,0,0,0,0,0,0,-5000,0,0,0,0,5000,-5000,-5000
061540,台積電群益9A購07,0,0,0,0,0,0,0,0,0,-5000,0,0,0,0,5000,-5000,-5000
059005,嘉晶元大99購06  ,0,0,0,0,0,0,0,0,0,-5000,0,0,0,0,5000,-5000,-5000
058988,大立光凱基9A購02,0,0,0,0,0,0,0,0,0,-5000,0,0,0,0,5000,-5000,-5000
061078,台積電兆豐9A購01,0,0,0,0,0,0,0,0,0,-5000,0,0,0,0,5000,-5000,-5000
064437,可成凱基02購01  ,0,0,0,0,0,0,0,0,0,-5000,0,0,0,1000,6000,-5000,-5000
064306,和潤兆豐01購01  ,0,0,0,0,0,0,0,0,0,-5000,0,0,0,0,5000,-5000,-5000
06423P,亞光台新97售01  ,0,0,0,0,0,0,0,0,0,-5000,0,0,0,0,5000,-5000,-5000
064276,聯發科元大9C購07,0,0,0,0,0,0,0,0,0,-5000,0,0,0,20000,25000,-5000,-5000
064248,億光元富9C購01  ,0,0,0,0,0,0,0,0,0,-5000,0,0,0,0,5000,-5000,-5000
064124,台積電元大9C購10,0,0,0,0,0,0,0,0,0,-5000,0,0,0,0,5000,-5000,-5000
063996,貿聯群益9C購01  ,0,0,0,0,0,0,0,0,0,-5000,0,0,0,28000,33000,-5000,-5000
063992,大立光中信9C購03,0,0,0,0,0,0,0,0,0,-5000,0,0,0,10000,15000,-5000,-5000
064022,台積電元大9C購07,0,0,0,0,0,0,0,0,0,-5000,0,0,0,0,5000,-5000,-5000
064949,南亞科凱基9C購01,0,0,0,0,0,0,0,0,0,-5000,0,0,0,3000,8000,-5000,-5000
065062,亞光群益9C購01  ,0,0,0,0,0,0,0,0,0,-5000,0,0,0,0,5000,-5000,-5000
064871,緯穎永豐9C購03  ,0,0,0,0,0,0,0,0,0,-5000,0,0,0,0,5000,-5000,-5000
06448P,華通元大99售01  ,0,0,0,0,0,0,0,0,0,-5000,0,0,0,35000,40000,-5000,-5000
063654,上銀元富9B購05  ,0,0,0,0,0,0,0,0,0,-5000,0,0,0,81000,86000,-5000,-5000
063279,國巨元大9C購05  ,0,0,0,0,0,0,0,0,0,-5000,0,0,0,2000,7000,-5000,-5000
063240,聯發科元大9B購17,0,0,0,0,0,0,0,0,0,-5000,0,0,0,0,5000,-5000,-5000
063199,台積電統一01購07,0,0,0,0,0,0,0,0,0,-5000,0,0,0,5000,10000,-5000,-5000
063381,和潤永豐9B購01  ,0,0,0,0,0,0,0,0,0,-5000,0,0,0,15000,20000,-5000,-5000
062885,臻鼎兆豐9C購01  ,0,0,0,0,0,0,0,0,0,-5000,0,0,0,332000,337000,-5000,-5000
063019,聯發科元大9C購01,0,0,0,0,0,0,0,0,0,-5000,0,0,0,30000,35000,-5000,-5000
063115,台積電麥證9B購02,0,0,0,0,5000,-5000,0,0,0,-5000,0,0,0,0,5000,-5000,-5000
063132,台表科元大9C購02,0,0,0,0,0,0,0,0,0,-5000,0,0,0,40000,45000,-5000,-5000
062535,台積電麥證02購01,0,0,0,0,5000,-5000,0,0,0,-5000,0,0,0,0,5000,-5000,-5000
062432,上銀元大9B購04  ,0,0,0,0,0,0,0,0,0,-5000,0,0,0,0,5000,-5000,-5000
062749,元金2X中信9B購01,0,0,0,0,0,0,0,0,0,-5000,0,0,0,0,5000,-5000,-5000
6666,羅麗芬-KY       ,4000,9000,-5000,0,0,0,0,0,0,0,0,0,0,0,0,0,-5000
8463,潤泰材          ,10000,15000,-5000,0,0,0,0,0,0,0,0,0,0,0,0,0,-5000
5283,禾聯碩          ,2000,8000,-6000,0,0,0,0,0,0,1000,1000,0,1000,0,0,0,-5000
3701,大眾控          ,0,5000,-5000,0,0,0,0,0,0,0,0,0,0,0,0,0,-5000
3622,洋華            ,4000,13000,-9000,0,0,0,0,0,0,4000,6000,2000,4000,0,0,0,-5000
912000,晨訊科-DR       ,0,5000,-5000,0,0,0,0,0,0,0,0,0,0,0,0,0,-5000
065637,台灣50元大9C購50,0,0,0,0,0,0,0,0,0,-6000,0,0,0,0,6000,-6000,-6000
06638P,鴻海統一99售02  ,0,0,0,0,0,0,0,0,0,-6000,0,0,0,0,6000,-6000,-6000
07389P,臺股指群益9C售08,0,0,0,0,0,0,0,0,0,-6000,0,0,0,0,6000,-6000,-6000
08077P,亞德客國票9B售02,0,0,0,0,0,0,0,0,0,-6000,0,0,0,24000,30000,-6000,-6000
08406P,緯穎元大9C售01  ,0,0,0,0,0,0,0,0,0,-6000,0,0,0,96000,102000,-6000,-6000
1220,台榮            ,0,6000,-6000,0,0,0,0,0,0,0,0,0,0,0,0,0,-6000
2748,雲品            ,7000,13000,-6000,0,0,0,0,0,0,0,0,0,0,0,0,0,-6000
2482,連宇            ,0,4000,-4000,0,0,0,0,0,0,-2000,0,2000,-2000,0,0,0,-6000
2485,兆赫            ,153000,170000,-17000,0,0,0,18000,0,18000,-7000,8000,14000,-6000,0,1000,-1000,-6000
1521,大億            ,4000,10000,-6000,0,0,0,0,0,0,0,0,0,0,0,0,0,-6000
1456,怡華            ,1000,7000,-6000,0,0,0,0,0,0,0,0,0,0,0,0,0,-6000
1533,車王電          ,3000,9000,-6000,0,0,0,0,0,0,0,0,0,0,0,0,0,-6000
061719,緯穎凱基9A購06  ,0,0,0,0,0,0,0,0,0,-6000,0,0,0,16000,22000,-6000,-6000
061809,聯發科統一9C購05,0,0,0,0,0,0,0,0,0,-6000,0,0,0,0,6000,-6000,-6000
057742,喬山永豐98購02  ,0,0,0,0,0,0,0,0,0,-6000,0,0,0,0,6000,-6000,-6000
056412,上証2X中信9A購02,0,0,0,0,0,0,0,0,0,-6000,0,0,0,0,6000,-6000,-6000
056302,大立光元大97購17,0,0,0,0,0,0,0,0,0,-6000,0,0,0,0,6000,-6000,-6000
056561,台光電群益98購02,0,0,0,0,0,0,0,0,0,-6000,0,0,0,0,6000,-6000,-6000
057599,技嘉群益9A購01  ,0,0,0,0,0,0,0,0,0,-6000,0,0,0,15000,21000,-6000,-6000
057648,和碩元大98購01  ,0,0,0,0,0,0,0,0,0,-6000,0,0,0,0,6000,-6000,-6000
056783,國巨群益99購01  ,0,0,0,0,0,0,0,0,0,-6000,0,0,0,36000,42000,-6000,-6000
055159,玉晶光元大98購05,0,0,0,0,0,0,0,0,0,-6000,0,0,0,4000,10000,-6000,-6000
05175P,TPK富邦99售01   ,0,0,0,0,0,0,0,0,0,-6000,0,0,0,0,6000,-6000,-6000
03684C,臺股指元大06牛01,0,0,0,0,0,0,0,0,0,-6000,0,0,0,1000,7000,-6000,-6000
03446B,臺股指元大9B熊26,0,0,0,0,0,0,0,0,0,-6000,0,0,0,96000,102000,-6000,-6000
006206,元大上證50      ,5000,470000,-465000,0,0,0,0,0,0,459000,0,0,0,749000,290000,459000,-6000
0051,元大中型100     ,0,0,0,0,0,0,0,0,0,-6000,0,0,0,0,6000,-6000,-6000
00682U,元大美元指數    ,0,0,0,0,0,0,0,0,0,-6000,0,0,0,1000,7000,-6000,-6000
061520,健策中信9A購01  ,0,0,0,0,0,0,0,0,0,-6000,0,0,0,0,6000,-6000,-6000
059007,南電元大99購05  ,0,0,0,0,0,0,0,0,0,-6000,0,0,0,2000,8000,-6000,-6000
061123,燿華永豐9A購01  ,0,0,0,0,0,0,0,0,0,-6000,0,0,0,22000,28000,-6000,-6000
060214,茂林康和9A購01  ,0,0,0,0,0,0,0,0,0,-6000,0,0,0,0,6000,-6000,-6000
060227,和大元大9A購01  ,0,0,0,0,0,0,0,0,0,-6000,0,0,0,2000,8000,-6000,-6000
059693,智原永豐99購01  ,0,0,0,0,0,0,0,0,0,-6000,0,0,0,82000,88000,-6000,-6000
058864,欣興凱基99購04  ,0,0,0,0,0,0,0,0,0,-6000,0,0,0,0,6000,-6000,-6000
060882,大立光中信9A購05,0,0,0,0,0,0,0,0,0,-6000,0,0,0,0,6000,-6000,-6000
060911,大毅元大9A購01  ,0,0,0,0,0,0,0,0,0,-6000,0,0,0,12000,18000,-6000,-6000
060940,國巨國票9B購03  ,0,0,0,0,0,0,0,0,0,-6000,0,0,0,43000,49000,-6000,-6000
060776,世芯凱基9B購01  ,0,0,0,0,0,0,0,0,0,-6000,0,0,0,16000,22000,-6000,-6000
060844,大立光國票9A購07,0,0,0,0,0,0,0,0,0,-6000,0,0,0,0,6000,-6000,-6000
060847,康控國票9A購01  ,0,0,0,0,0,0,0,0,0,-6000,0,0,0,32000,38000,-6000,-6000
061316,台積電凱基9A購24,0,0,0,0,0,0,0,0,0,-6000,0,0,0,0,6000,-6000,-6000
059257,臺股指凱基99購35,0,0,0,0,0,0,0,0,0,-6000,0,0,0,0,6000,-6000,-6000
059597,大立光元大99購21,0,0,0,0,0,0,0,0,0,-6000,0,0,0,0,6000,-6000,-6000
059643,日月光凱基99購02,0,0,0,0,0,0,0,0,0,-6000,0,0,0,25000,31000,-6000,-6000
060023,T50反1國泰9A購03,0,0,0,0,0,0,0,0,0,-6000,0,0,0,8000,14000,-6000,-6000
058669,上銀群益99購01  ,0,0,0,0,0,0,0,0,0,-6000,0,0,0,0,6000,-6000,-6000
062218,燿華統一01購01  ,0,0,0,0,0,0,0,0,0,-6000,0,0,0,214000,220000,-6000,-6000
062181,義隆元大9B購03  ,0,0,0,0,0,0,0,0,0,-6000,0,0,0,0,6000,-6000,-6000
061975,華通元大9B購01  ,0,0,0,0,0,0,0,0,0,-6000,0,0,0,41000,47000,-6000,-6000
058310,大立光元大99購10,0,0,0,0,0,0,0,0,0,-6000,0,0,0,0,6000,-6000,-6000
059317,台積電元大99購34,0,0,0,0,0,0,0,0,0,-6000,0,0,0,0,6000,-6000,-6000
058273,同欣電永豐99購01,0,0,0,0,0,0,0,0,0,-6000,0,0,0,200000,206000,-6000,-6000
061400,可成兆豐9B購02  ,0,0,0,0,0,0,0,0,0,-6000,0,0,0,0,6000,-6000,-6000
061437,燿華凱基9A購01  ,0,0,0,0,0,0,0,0,0,-6000,0,0,0,50000,56000,-6000,-6000
060479,億豐元大9A購01  ,0,0,0,0,0,0,0,0,0,-6000,0,0,0,0,6000,-6000,-6000
062701,漢唐元大9B購01  ,0,0,0,0,0,0,0,0,0,-6000,0,0,0,0,6000,-6000,-6000
062483,致新國票9B購01  ,0,0,0,0,0,0,0,0,0,-6000,0,0,0,10000,16000,-6000,-6000
062813,台積電兆豐9B購01,0,0,0,0,0,0,0,0,0,-6000,0,0,0,0,6000,-6000,-6000
063233,國巨元大9B購19  ,0,0,0,0,0,0,0,0,0,-6000,0,0,0,36000,42000,-6000,-6000
063261,康控富邦03購01  ,0,0,0,0,0,0,0,0,0,-6000,0,0,0,87000,93000,-6000,-6000
063691,聯鈞永豐9B購01  ,0,0,0,0,0,0,0,0,0,-6000,0,0,0,156000,162000,-6000,-6000
06368P,台積電凱基97售15,0,0,0,0,0,0,0,0,0,-6000,0,0,0,4000,10000,-6000,-6000
064578,TPK國泰02購01   ,0,0,0,0,0,0,0,0,0,-6000,0,0,0,7000,13000,-6000,-6000
064673,南茂元大9C購01  ,0,0,0,0,0,0,0,0,0,-6000,0,0,0,60000,66000,-6000,-6000
064716,國巨統一9C購14  ,0,0,0,0,0,0,0,0,0,-6000,0,0,0,0,6000,-6000,-6000
065038,上銀凱基9C購02  ,0,0,0,0,0,0,0,0,0,-6000,0,0,0,10000,16000,-6000,-6000
064268,緯穎永豐9C購01  ,0,0,0,0,0,0,0,0,0,-6000,0,0,0,4000,10000,-6000,-6000
064414,臺股指凱基9C購10,0,0,0,0,0,0,0,0,0,-6000,0,0,0,10000,16000,-6000,-6000
4755,三福化          ,1000,7000,-6000,0,0,0,0,0,0,0,0,0,0,0,0,0,-6000
1540,喬福            ,3000,10000,-7000,0,0,0,0,0,0,0,0,0,0,0,0,0,-7000
2528,皇普            ,4000,11000,-7000,0,0,0,0,0,0,0,0,0,0,0,0,0,-7000
3550,聯穎            ,0,0,0,0,0,0,0,0,0,-7000,0,7000,-7000,0,0,0,-7000
08520P,和大元大9C售04  ,0,0,0,0,0,0,0,0,0,-7000,0,0,0,105000,112000,-7000,-7000
08433P,臺股指凱基03售01,0,0,0,0,0,0,0,0,0,-7000,0,0,0,3000,10000,-7000,-7000
06826P,臺股指國票98售02,0,0,0,0,0,0,0,0,0,-7000,0,0,0,8000,15000,-7000,-7000
07274P,上証2X群益01售01,0,0,0,0,0,0,0,0,0,-7000,0,0,0,3000,10000,-7000,-7000
065331,亞德客國票01購01,0,0,0,0,0,0,0,0,0,-7000,0,0,0,0,7000,-7000,-7000
065255,上銀元大01購01  ,0,0,0,0,0,0,0,0,0,-7000,0,0,0,0,7000,-7000,-7000
01001T,土銀富邦R1      ,0,7000,-7000,0,0,0,0,0,0,0,0,0,0,0,0,0,-7000
056852,矽格元富98購01  ,0,0,0,0,0,0,0,0,0,-7000,0,0,0,336000,343000,-7000,-7000
056632,鴻海永昌98購01  ,0,0,0,0,0,0,0,0,0,-7000,0,0,0,4000,11000,-7000,-7000
061897,泰碩永豐9B購01  ,0,0,0,0,0,0,0,0,0,-7000,0,0,0,5000,12000,-7000,-7000
060077,台積電台新9B購01,0,0,0,0,0,0,0,0,0,-7000,0,0,0,0,7000,-7000,-7000
060574,高股息中信9C購01,0,0,0,0,0,0,0,0,0,-7000,0,0,0,0,7000,-7000,-7000
060664,聯詠凱基9A購01  ,0,0,0,0,0,0,0,0,0,-7000,0,0,0,0,7000,-7000,-7000
059286,S&P正2元富01購03,0,0,0,0,0,0,0,0,0,-7000,0,0,0,0,7000,-7000,-7000
059292,華新科元富9B購02,0,0,0,0,0,0,0,0,0,-7000,0,0,0,10000,17000,-7000,-7000
061964,台積電統一01購05,0,0,0,0,0,0,0,0,0,-7000,0,0,0,24000,31000,-7000,-7000
059591,台積電元大9A購04,0,0,0,0,0,0,0,0,0,-7000,0,0,0,0,7000,-7000,-7000
059238,台積電凱基99購11,0,0,0,0,0,0,0,0,0,-7000,0,0,0,0,7000,-7000,-7000
060979,國巨元大9A購14  ,0,0,0,0,0,0,0,0,0,-7000,0,0,0,13000,20000,-7000,-7000
058516,健鼎元大99購02  ,0,0,0,0,0,0,0,0,0,-7000,0,0,0,2000,9000,-7000,-7000
060344,聯發科統一01購01,0,0,0,0,0,0,0,0,0,-7000,0,0,0,0,7000,-7000,-7000
060203,緯穎元富9A購01  ,0,0,0,0,0,0,0,0,0,-7000,0,0,0,38000,45000,-7000,-7000
061043,百和永豐9A購01  ,0,0,0,0,0,0,0,0,0,-7000,0,0,0,0,7000,-7000,-7000
063848,大立光元大9C購09,0,0,0,0,0,0,0,0,0,-7000,0,0,0,5000,12000,-7000,-7000
064712,聚陽統一02購03  ,0,0,0,0,0,0,0,0,0,-7000,0,0,0,3000,10000,-7000,-7000
064637,元金2X凱基01購02,0,0,0,0,0,0,0,0,0,-7000,0,0,0,0,7000,-7000,-7000
064629,和潤元大9C購01  ,0,0,0,0,0,0,0,0,0,-7000,0,0,0,0,7000,-7000,-7000
064523,聯茂群益9C購01  ,0,0,0,0,0,0,0,0,0,-7000,0,0,0,0,7000,-7000,-7000
062988,儒鴻群益9B購01  ,0,0,0,0,0,0,0,0,0,-7000,0,0,0,47000,54000,-7000,-7000
062492,牧德第一9B購01  ,0,0,0,0,0,0,0,0,0,-7000,0,0,0,0,7000,-7000,-7000
062638,茂林國票9C購01  ,0,0,0,0,0,0,0,0,0,-7000,0,0,0,0,7000,-7000,-7000
6579,研揚            ,1000,7000,-6000,0,0,0,0,0,0,-1000,0,1000,-1000,0,0,0,-7000
9926,新海            ,0,7000,-7000,0,0,0,0,0,0,0,0,0,0,0,0,0,-7000
9942,茂順            ,2000,9000,-7000,0,0,0,0,0,0,0,0,0,0,0,0,0,-7000
065318,聯電凱基9C購03  ,0,0,0,0,0,0,0,0,0,-8000,0,0,0,128000,136000,-8000,-8000
065291,日電貿群益01購01,0,0,0,0,0,0,0,0,0,-8000,0,0,0,40000,48000,-8000,-8000
065484,康友元大9C購01  ,0,0,0,0,0,0,0,0,0,-8000,0,0,0,0,8000,-8000,-8000
065527,巨大群益9C購03  ,0,0,0,0,0,0,0,0,0,-8000,0,0,0,0,8000,-8000,-8000
07266P,大立光元大99售19,0,0,0,0,0,0,0,0,0,-8000,0,0,0,7000,15000,-8000,-8000
07557P,玉晶光元大9A售09,0,0,0,0,0,0,0,0,0,-8000,0,0,0,2000,10000,-8000,-8000
08532P,國巨元富06售02  ,0,0,0,0,0,0,0,0,0,-8000,0,0,0,58000,66000,-8000,-8000
08504P,臺股指國票9C售06,0,0,0,0,0,0,0,0,0,-8000,0,0,0,5000,13000,-8000,-8000
1256,鮮活果汁-KY     ,5000,13000,-8000,0,0,0,0,0,0,0,0,0,0,0,0,0,-8000
3209,全科            ,38000,45000,-7000,0,0,0,0,0,0,-1000,5000,6000,-1000,0,0,0,-8000
2608,嘉里大榮        ,41000,47000,-6000,0,0,0,0,0,0,-2000,0,2000,-2000,0,0,0,-8000
2427,三商電          ,0,2000,-2000,0,0,0,0,0,0,-6000,0,6000,-6000,0,0,0,-8000
2465,麗臺            ,0,8000,-8000,0,0,0,0,0,0,0,0,0,0,0,0,0,-8000
2460,建通            ,0,7000,-7000,0,0,0,0,0,0,-1000,0,1000,-1000,0,0,0,-8000
1463,強盛            ,1000,9000,-8000,0,0,0,0,0,0,0,0,0,0,0,0,0,-8000
1806,冠軍            ,9000,16000,-7000,0,0,0,0,0,0,-1000,0,1000,-1000,0,0,0,-8000
058912,祥碩元大99購01  ,0,0,0,0,0,0,0,0,0,-8000,0,0,0,0,8000,-8000,-8000
057719,欣興元富02購01  ,0,0,0,0,0,0,0,0,0,-8000,0,0,0,216000,224000,-8000,-8000
057790,台積電統一99購04,0,0,0,0,0,0,0,0,0,-8000,0,0,0,0,8000,-8000,-8000
057936,健策群益99購01  ,0,0,0,0,0,0,0,0,0,-8000,0,0,0,58000,66000,-8000,-8000
056588,聯發科統一9A購02,0,0,0,0,0,0,0,0,0,-8000,0,0,0,0,8000,-8000,-8000
056144,GIS元大98購01   ,0,0,0,0,0,0,0,0,0,-8000,0,0,0,0,8000,-8000,-8000
00657,國泰日經225     ,0,7000,-7000,0,0,0,0,0,0,-1000,0,0,0,148000,149000,-1000,-8000
054421,臺股指元大99購03,0,0,0,0,0,0,0,0,0,-8000,0,0,0,2000,10000,-8000,-8000
054308,嘉晶凱基98購01  ,0,0,0,0,0,0,0,0,0,-8000,0,0,0,1000,9000,-8000,-8000
06117P,臺股指日盛97售02,0,0,0,0,0,0,0,0,0,-8000,0,0,0,206000,214000,-8000,-8000
061169,GIS兆豐9A購01   ,0,0,0,0,0,0,0,0,0,-8000,0,0,0,0,8000,-8000,-8000
058876,南電國票9A購02  ,0,0,0,0,0,0,0,0,0,-8000,0,0,0,19000,27000,-8000,-8000
061331,T50反1元大9A購15,0,0,0,0,0,0,0,0,0,-8000,0,0,0,0,8000,-8000,-8000
059224,大立光元大99購15,0,0,0,0,0,0,0,0,0,-8000,0,0,0,20000,28000,-8000,-8000
060017,全新康和99購01  ,0,0,0,0,0,0,0,0,0,-8000,0,0,0,0,8000,-8000,-8000
058540,嘉聯益國泰9A購02,0,0,0,0,0,0,0,0,0,-8000,0,0,0,90000,98000,-8000,-8000
059267,群創中信01購02  ,0,0,0,0,0,0,0,0,0,-8000,0,0,0,0,8000,-8000,-8000
060681,華擎元大9A購02  ,0,0,0,0,0,0,0,0,0,-8000,0,0,0,0,8000,-8000,-8000
061580,華擎元大9A購06  ,0,0,0,0,0,0,0,0,0,-8000,0,0,0,50000,58000,-8000,-8000
059532,華新科凱基9B購03,0,0,0,0,0,0,0,0,0,-8000,0,0,0,0,8000,-8000,-8000
061471,台積電元大9A購31,0,0,0,0,0,0,0,0,0,-8000,0,0,0,0,8000,-8000,-8000
062529,可成統一9C購03  ,0,0,0,0,0,0,0,0,0,-8000,0,0,0,0,8000,-8000,-8000
063068,聯發科國泰01購03,0,0,0,0,0,0,0,0,0,-8000,0,0,0,0,8000,-8000,-8000
063043,台灣50兆豐9B購02,0,0,0,0,0,0,0,0,0,-8000,0,0,0,20000,28000,-8000,-8000
062789,臺股指元大9B購32,0,0,0,0,0,0,0,0,0,-8000,0,0,0,0,8000,-8000,-8000
062824,國巨群益9C購03  ,0,0,0,0,0,0,0,0,0,-8000,0,0,0,3000,11000,-8000,-8000
063786,瑞昱中信06購01  ,0,0,0,0,0,0,0,0,0,-8000,0,0,0,60000,68000,-8000,-8000
063437,聚陽統一01購01  ,0,0,0,0,0,0,0,0,0,-8000,0,0,0,155000,163000,-8000,-8000
063826,中興電國票01購01,0,0,0,0,0,0,0,0,0,-8000,0,0,0,36000,44000,-8000,-8000
063877,鴻海元富9C購01  ,0,0,0,0,0,0,0,0,0,-8000,0,0,0,87000,95000,-8000,-8000
4148,全宇生技-KY     ,23000,31000,-8000,0,0,0,0,0,0,0,0,0,0,0,0,0,-8000
4766,南寶            ,43000,17000,26000,0,0,0,0,35000,-35000,1000,0,0,0,1000,0,1000,-8000
1454,台富            ,3000,12000,-9000,0,0,0,0,0,0,0,0,0,0,0,0,0,-9000
3494,誠研            ,0,9000,-9000,0,0,0,0,0,0,0,0,0,0,0,0,0,-9000
1101B,台泥乙特        ,0,0,0,0,0,0,0,0,0,-9000,7000,16000,-9000,0,0,0,-9000
07172P,臺股指國票99售09,0,0,0,0,0,0,0,0,0,-9000,0,0,0,3000,12000,-9000,-9000
07125P,台積電元大99售22,0,0,0,0,0,0,0,0,0,-9000,0,0,0,0,9000,-9000,-9000
065416,華通國票01購02  ,0,0,0,0,0,0,0,0,0,-9000,0,0,0,0,9000,-9000,-9000
065216,群創國泰01購02  ,0,0,0,0,0,0,0,0,0,-9000,0,0,0,117000,126000,-9000,-9000
057003,立積國票98購01  ,0,0,0,0,0,0,0,0,0,-9000,0,0,0,0,9000,-9000,-9000
057152,緯穎國票99購03  ,0,0,0,0,0,0,0,0,0,-9000,0,0,0,0,9000,-9000,-9000
0053,元大電子        ,0,0,0,0,0,0,0,0,0,-9000,0,0,0,1000,10000,-9000,-9000
00706L,元大S&P日圓正2  ,0,0,0,0,0,0,0,0,0,-9000,0,0,0,1000,10000,-9000,-9000
03449B,臺股指元大01熊01,0,0,0,0,0,0,0,0,0,-9000,0,0,0,1000,10000,-9000,-9000
050992,台積電元大97購01,0,0,0,0,0,0,0,0,0,-9000,0,0,0,1000,10000,-9000,-9000
053723,奇鋐凱基98購01  ,0,0,0,0,0,0,0,0,0,-9000,0,0,0,1000,10000,-9000,-9000
057195,南茂元大98購01  ,0,0,0,0,0,0,0,0,0,-9000,0,0,0,24000,33000,-9000,-9000
058118,瑞昱群益99購01  ,0,0,0,0,0,0,0,0,0,-9000,0,0,0,0,9000,-9000,-9000
057260,微星兆豐98購01  ,0,0,0,0,0,0,0,0,0,-9000,0,0,0,20000,29000,-9000,-9000
056820,欣興永豐98購02  ,0,0,0,0,0,0,0,0,0,-9000,0,0,0,10000,19000,-9000,-9000
056969,智易永豐98購01  ,0,0,0,0,0,0,0,0,0,-9000,0,0,0,1000,10000,-9000,-9000
057807,友訊元大98購02  ,0,0,0,0,0,0,0,0,0,-9000,0,0,0,1000,10000,-9000,-9000
061840,長榮航凱基9C購01,0,0,0,0,0,0,0,0,0,-9000,0,0,0,0,9000,-9000,-9000
061469,瑞祺群益9A購02  ,0,0,0,0,0,0,0,0,0,-9000,0,0,0,176000,185000,-9000,-9000
061485,鴻海兆豐9A購01  ,0,0,0,0,0,0,0,0,0,-9000,0,0,0,0,9000,-9000,-9000
059530,華新科凱基9A購05,0,0,0,0,0,0,0,0,0,-9000,0,0,0,0,9000,-9000,-9000
058296,明泰凱基99購01  ,0,0,0,0,0,0,0,0,0,-9000,0,0,0,20000,29000,-9000,-9000
058290,南電國票9A購01  ,0,0,0,0,0,0,0,0,0,-9000,0,0,0,11000,20000,-9000,-9000
058293,光寶科凱基9A購01,0,0,0,0,0,0,0,0,0,-9000,0,0,0,34000,43000,-9000,-9000
058589,群創中信01購01  ,0,0,0,0,0,0,0,0,0,-9000,0,0,0,0,9000,-9000,-9000
058685,TPK凱基99購01   ,0,0,0,0,0,0,0,0,0,-9000,0,0,0,41000,50000,-9000,-9000
060408,和潤國泰9C購01  ,0,0,0,0,0,0,0,0,0,-9000,0,0,0,0,9000,-9000,-9000
060864,可成永豐9A購01  ,0,0,0,0,0,0,0,0,0,-9000,0,0,0,0,9000,-9000,-9000
060779,臺股指凱基9A購07,0,0,0,0,0,0,0,0,0,-9000,0,0,0,8000,17000,-9000,-9000
061191,可成永豐9A購02  ,0,0,0,0,0,0,0,0,0,-9000,0,0,0,1000,10000,-9000,-9000
061145,臻鼎中信9A購02  ,0,0,0,0,0,0,0,0,0,-9000,0,0,0,4000,13000,-9000,-9000
061047,大立光第一9A購01,0,0,0,0,0,0,0,0,0,-9000,0,0,0,10000,19000,-9000,-9000
058972,新日興永豐9A購01,0,0,0,0,0,0,0,0,0,-9000,0,0,0,1000,10000,-9000,-9000
063940,國巨元大01購02  ,0,0,0,0,0,0,0,0,0,-9000,0,0,0,44000,53000,-9000,-9000
064032,群創元大9C購06  ,0,0,0,0,0,0,0,0,0,-9000,0,0,0,0,9000,-9000,-9000
064407,貿聯凱基02購02  ,0,0,0,0,0,0,0,0,0,-9000,0,0,0,58000,67000,-9000,-9000
064360,台積電統一9C購12,0,0,0,0,0,0,0,0,0,-9000,0,0,0,0,9000,-9000,-9000
063418,京元電凱基9B購03,0,0,0,0,0,0,0,0,0,-9000,0,0,0,51000,60000,-9000,-9000
063419,聯發科凱基03購01,0,0,0,0,0,0,0,0,0,-9000,0,0,0,0,9000,-9000,-9000
063338,國巨統一9C購11  ,0,0,0,0,0,0,0,0,0,-9000,0,0,0,1000,10000,-9000,-9000
062937,旺宏凱基9B購08  ,0,0,0,0,0,0,0,0,0,-9000,0,0,0,19000,28000,-9000,-9000
062621,緯穎元大9B購05  ,0,0,0,0,0,0,0,0,0,-9000,0,0,0,44000,53000,-9000,-9000
062724,可成凱基9B購04  ,0,0,0,0,0,0,0,0,0,-9000,0,0,0,1000,10000,-9000,-9000
6128,上福            ,2000,9000,-7000,0,0,0,0,0,0,-2000,0,2000,-2000,0,0,0,-9000
8033,雷虎            ,16000,28000,-12000,0,0,0,0,0,0,3000,3000,0,3000,0,0,0,-9000
8466,美吉吉-KY       ,7000,16000,-9000,0,0,0,0,0,0,0,0,0,0,0,0,0,-9000
065159,臻鼎群益9C購02  ,0,0,0,0,0,0,0,0,0,-10000,0,0,0,0,10000,-10000,-10000
065107,道瓊反國票9C購03,0,0,0,0,0,0,0,0,0,-10000,0,0,0,5000,15000,-10000,-10000
065111,瀚宇博國票01購01,0,0,0,0,0,0,0,0,0,-10000,0,0,0,43000,53000,-10000,-10000
065139,華通凱基03購01  ,0,0,0,0,0,0,0,0,0,-10000,0,0,0,2000,12000,-10000,-10000
065300,燿華元富9C購03  ,0,0,0,0,0,0,0,0,0,-10000,0,0,0,0,10000,-10000,-10000
065256,上銀元大9C購10  ,0,0,0,0,0,0,0,0,0,-10000,0,0,0,0,10000,-10000,-10000
065380,緯穎元大9C購02  ,0,0,0,0,0,0,0,0,0,-10000,0,0,0,0,10000,-10000,-10000
065496,裕隆富邦9C購01  ,0,0,0,0,0,0,0,0,0,-10000,0,0,0,0,10000,-10000,-10000
065551,聯發科凱基9C購11,0,0,0,0,0,0,0,0,0,-10000,0,0,0,0,10000,-10000,-10000
065552,聯發科凱基9C購12,0,0,0,0,0,0,0,0,0,-10000,0,0,0,0,10000,-10000,-10000
06650P,聯發科元大98售09,0,0,0,0,0,0,0,0,0,-10000,0,0,0,0,10000,-10000,-10000
06667P,鴻海凱基98售11  ,0,0,0,0,0,0,0,0,0,-10000,0,0,0,0,10000,-10000,-10000
06668P,祥碩凱基98售02  ,0,0,0,0,0,0,0,0,0,-10000,0,0,0,0,10000,-10000,-10000
065647,健鼎元大9C購05  ,0,0,0,0,0,0,0,0,0,-10000,0,0,0,0,10000,-10000,-10000
065634,聯發科國票9C購06,0,0,0,0,0,0,0,0,0,-10000,0,0,0,0,10000,-10000,-10000
065700,京元電群益9C購01,0,0,0,0,0,0,0,0,0,-10000,0,0,0,0,10000,-10000,-10000
07101P,台郡元大99售06  ,0,0,0,0,0,0,0,0,0,-10000,0,0,0,0,10000,-10000,-10000
07166P,台灣50兆豐03售01,0,0,0,0,0,0,0,0,0,-10000,0,0,0,0,10000,-10000,-10000
07161P,臺股指群益99售12,0,0,0,0,0,0,0,0,0,-10000,0,0,0,0,10000,-10000,-10000
07141P,台灣50國票9A售03,0,0,0,0,0,0,0,0,0,-10000,0,0,0,40000,50000,-10000,-10000
07182P,臺股指凱基99售24,0,0,0,0,0,0,0,0,0,-10000,0,0,0,0,10000,-10000,-10000
07209P,台積電凱基9A售10,0,0,0,0,0,0,0,0,0,-10000,0,0,0,0,10000,-10000,-10000
07224P,鴻海元大9A售02  ,0,0,0,0,0,0,0,0,0,-10000,0,0,0,0,10000,-10000,-10000
07242P,台灣50凱基9A售03,0,0,0,0,0,0,0,0,0,-10000,0,0,0,0,10000,-10000,-10000
06885P,國巨國票99售06  ,0,0,0,0,0,0,0,0,0,-10000,0,0,0,25000,35000,-10000,-10000
06865P,亞德客元大98售04,0,0,0,0,0,0,0,0,0,-10000,0,0,0,0,10000,-10000,-10000
06749P,技嘉元富98售03  ,0,0,0,0,0,0,0,0,0,-10000,0,0,0,0,10000,-10000,-10000
06901P,亞德客凱基98售02,0,0,0,0,0,0,0,0,0,-10000,0,0,0,0,10000,-10000,-10000
06978P,聯發科富邦9B售02,0,0,0,0,0,0,0,0,0,-10000,0,0,0,0,10000,-10000,-10000
07562P,台灣50第一9A售01,0,0,0,0,0,0,0,0,0,-10000,0,0,0,0,10000,-10000,-10000
07618P,大立光中信9A售06,0,0,0,0,0,0,0,0,0,-10000,0,0,0,0,10000,-10000,-10000
07651P,道瓊指中信01售01,0,0,0,0,0,0,0,0,0,-10000,0,0,0,0,10000,-10000,-10000
07455P,聯發科元大9A售01,0,0,0,0,0,0,0,0,0,-10000,0,0,0,0,10000,-10000,-10000
07369P,台積電凱基99售20,0,0,0,0,0,0,0,0,0,-10000,0,0,0,0,10000,-10000,-10000
07737P,華通永豐9A售01  ,0,0,0,0,0,0,0,0,0,-10000,0,0,0,0,10000,-10000,-10000
07785P,鴻海中信04售03  ,0,0,0,0,0,0,0,0,0,-10000,0,0,0,0,10000,-10000,-10000
07790P,台灣50元大9A售19,0,0,0,0,0,0,0,0,0,-10000,0,0,0,0,10000,-10000,-10000
07875P,祥碩群益9B售01  ,0,0,0,0,0,0,0,0,0,-10000,0,0,0,10000,20000,-10000,-10000
08573P,台積電凱基9C售06,0,0,0,0,0,0,0,0,0,-10000,0,0,0,0,10000,-10000,-10000
08614P,聯發科統一9C售18,0,0,0,0,0,0,0,0,0,-10000,0,0,0,0,10000,-10000,-10000
08604P,金融類元大9C售01,0,0,0,0,0,0,0,0,0,-10000,0,0,0,0,10000,-10000,-10000
08509P,臺股指國票9C售10,0,0,0,0,0,0,0,0,0,-10000,0,0,0,0,10000,-10000,-10000
08541P,景碩國票01售02  ,0,0,0,0,0,0,0,0,0,-10000,0,0,0,21000,31000,-10000,-10000
08412P,群創凱基01售03  ,0,0,0,0,0,0,0,0,0,-10000,0,0,0,0,10000,-10000,-10000
08072P,祥碩永豐9B售03  ,0,0,0,0,0,0,0,0,0,-10000,0,0,0,0,10000,-10000,-10000
08016P,臺股指凱基02售02,0,0,0,0,0,0,0,0,0,-10000,0,0,0,0,10000,-10000,-10000
07925P,台積電凱基9B售05,0,0,0,0,0,0,0,0,0,-10000,0,0,0,52000,62000,-10000,-10000
07974P,上証2X元大9B售02,0,0,0,0,0,0,0,0,0,-10000,0,0,0,0,10000,-10000,-10000
08175P,金像電統一9B售02,0,0,0,0,0,0,0,0,0,-10000,0,0,0,5000,15000,-10000,-10000
08291P,智邦台新9C售02  ,0,0,0,0,0,0,0,0,0,-10000,0,0,0,0,10000,-10000,-10000
08239P,南六永豐9B售03  ,0,0,0,0,0,0,0,0,0,-10000,0,0,0,0,10000,-10000,-10000
3419,譁裕            ,9000,17000,-8000,0,0,0,0,0,0,-2000,0,2000,-2000,0,0,0,-10000
2906,高林            ,112000,122000,-10000,0,0,0,0,0,0,0,0,0,0,0,0,0,-10000
2462,良得電          ,1000,9000,-8000,0,0,0,0,0,0,-2000,0,2000,-2000,0,0,0,-10000
2509,全坤建          ,0,10000,-10000,0,0,0,0,0,0,0,0,0,0,0,0,0,-10000
2546,根基            ,22000,32000,-10000,0,0,0,0,0,0,0,0,0,0,0,0,0,-10000
1436,華友聯          ,0,10000,-10000,0,0,0,0,0,0,0,0,0,0,0,0,0,-10000
1316,上曜            ,28000,29000,-1000,0,0,0,0,0,0,-9000,0,9000,-9000,0,0,0,-10000
1618,合機            ,0,10000,-10000,0,0,0,0,0,0,0,0,0,0,0,0,0,-10000
2420,新巨            ,9000,17000,-8000,0,0,0,0,0,0,-2000,0,2000,-2000,0,0,0,-10000
061838,華新科凱基05購03,0,0,0,0,0,0,0,0,0,-10000,0,0,0,0,10000,-10000,-10000
061831,智邦凱基9B購02  ,0,0,0,0,0,0,0,0,0,-10000,0,0,0,50000,60000,-10000,-10000
061833,華新科凱基02購01,0,0,0,0,0,0,0,0,0,-10000,0,0,0,10000,20000,-10000,-10000
06182P,群創兆豐97售03  ,0,0,0,0,0,0,0,0,0,-10000,0,0,0,0,10000,-10000,-10000
061789,群創群益9B購01  ,0,0,0,0,0,0,0,0,0,-10000,0,0,0,0,10000,-10000,-10000
061758,T50反1元大9B購02,0,0,0,0,0,0,0,0,0,-10000,0,0,0,0,10000,-10000,-10000
061778,元金2X群益9B購02,0,0,0,0,0,0,0,0,0,-10000,0,0,0,0,10000,-10000,-10000
06177P,玉晶光元大98售07,0,0,0,0,0,0,0,0,0,-10000,0,0,0,40000,50000,-10000,-10000
061891,力山永豐9B購01  ,0,0,0,0,0,0,0,0,0,-10000,0,0,0,0,10000,-10000,-10000
061902,百和永豐9B購01  ,0,0,0,0,0,0,0,0,0,-10000,0,0,0,0,10000,-10000,-10000
058919,SGBR2X元富99購05,0,0,0,0,0,0,0,0,0,-10000,0,0,0,0,10000,-10000,-10000
060104,新日興元大99購03,0,0,0,0,0,0,0,0,0,-10000,0,0,0,4000,14000,-10000,-10000
058951,南電群益99購01  ,0,0,0,0,0,0,0,0,0,-10000,0,0,0,0,10000,-10000,-10000
058939,台積電中信9B購01,0,0,0,0,0,0,0,0,0,-10000,0,0,0,0,10000,-10000,-10000
058942,南茂中信99購01  ,0,0,0,0,0,0,0,0,0,-10000,0,0,0,0,10000,-10000,-10000
060193,群創元富9A購01  ,0,0,0,0,0,0,0,0,0,-10000,0,0,0,0,10000,-10000,-10000
057934,華新科群益98購07,0,0,0,0,0,0,0,0,0,-10000,0,0,0,0,10000,-10000,-10000
056422,全新統一98購02  ,0,0,0,0,0,0,0,0,0,-10000,0,0,0,0,10000,-10000,-10000
057453,矽創元富98購01  ,0,0,0,0,0,0,0,0,0,-10000,0,0,0,0,10000,-10000,-10000
057438,禾伸堂國票99購01,0,0,0,0,0,0,0,0,0,-10000,0,0,0,0,10000,-10000,-10000
057429,華新科兆豐98購03,0,0,0,0,0,0,0,0,0,-10000,0,0,0,0,10000,-10000,-10000
057526,智邦元大98購10  ,0,0,0,0,0,0,0,0,0,-10000,0,0,0,6000,16000,-10000,-10000
056371,樺漢元大98購03  ,0,0,0,0,0,0,0,0,0,-10000,0,0,0,0,10000,-10000,-10000
056970,TPK永豐98購01   ,0,0,0,0,0,0,0,0,0,-10000,0,0,0,22000,32000,-10000,-10000
056958,喬山永豐98購01  ,0,0,0,0,0,0,0,0,0,-10000,0,0,0,0,10000,-10000,-10000
056984,嘉晶群益98購01  ,0,0,0,0,0,0,0,0,0,-10000,0,0,0,2000,12000,-10000,-10000
056466,臺股指凱基99購08,0,0,0,0,0,0,0,0,0,-10000,0,0,0,0,10000,-10000,-10000
056844,欣興元富98購03  ,0,0,0,0,0,0,0,0,0,-10000,0,0,0,0,10000,-10000,-10000
056753,群創兆豐98購02  ,0,0,0,0,0,0,0,0,0,-10000,0,0,0,0,10000,-10000,-10000
057639,國巨元大99購07  ,0,0,0,0,0,0,0,0,0,-10000,0,0,0,1000,11000,-10000,-10000
057664,台積電元大9A購03,0,0,0,0,0,0,0,0,0,-10000,0,0,0,0,10000,-10000,-10000
057596,聯茂兆豐99購01  ,0,0,0,0,0,0,0,0,0,-10000,0,0,0,0,10000,-10000,-10000
057396,健鼎中信99購01  ,0,0,0,0,0,0,0,0,0,-10000,0,0,0,0,10000,-10000,-10000
057303,喬山兆豐99購01  ,0,0,0,0,0,0,0,0,0,-10000,0,0,0,0,10000,-10000,-10000
057304,為升兆豐99購02  ,0,0,0,0,0,0,0,0,0,-10000,0,0,0,0,10000,-10000,-10000
057262,友達兆豐98購03  ,0,0,0,0,0,0,0,0,0,-10000,0,0,0,0,10000,-10000,-10000
057264,新光金兆豐98購01,0,0,0,0,0,0,0,0,0,-10000,0,0,0,0,10000,-10000,-10000
057268,臻鼎兆豐99購01  ,0,0,0,0,0,0,0,0,0,-10000,0,0,0,0,10000,-10000,-10000
057201,華擎元富98購01  ,0,0,0,0,0,0,0,0,0,-10000,0,0,0,11000,21000,-10000,-10000
058151,台積電統一9A購04,0,0,0,0,0,0,0,0,0,-10000,0,0,0,0,10000,-10000,-10000
056623,禾伸堂永豐98購01,0,0,0,0,0,0,0,0,0,-10000,0,0,0,0,10000,-10000,-10000
056665,上証2X國票99購02,0,0,0,0,0,0,0,0,0,-10000,0,0,0,0,10000,-10000,-10000
05629P,聯發科永昌99售02,0,0,0,0,0,0,0,0,0,-10000,0,0,0,0,10000,-10000,-10000
056104,義隆永豐97購01  ,0,0,0,0,0,0,0,0,0,-10000,0,0,0,0,10000,-10000,-10000
056026,智易群益97購01  ,0,0,0,0,0,0,0,0,0,-10000,0,0,0,0,10000,-10000,-10000
053854,聯茂國泰97購02  ,0,0,0,0,0,0,0,0,0,-10000,0,0,0,0,10000,-10000,-10000
053997,健策群益97購02  ,0,0,0,0,0,0,0,0,0,-10000,0,0,0,0,10000,-10000,-10000
047482,新光金凱基99購03,0,0,0,0,0,0,0,0,0,-10000,0,0,0,0,10000,-10000,-10000
049200,元黃金群益98購01,0,0,0,0,0,0,0,0,0,-10000,0,0,0,0,10000,-10000,-10000
046937,聯電元大99購01  ,0,0,0,0,0,0,0,0,0,-10000,0,0,0,0,10000,-10000,-10000
051536,玉晶光國票97購01,0,0,0,0,0,0,0,0,0,-10000,0,0,0,0,10000,-10000,-10000
052049,緯創凱基97購01  ,0,0,0,0,0,0,0,0,0,-10000,0,0,0,20000,30000,-10000,-10000
052083,S&P反1元大97購02,0,0,0,0,0,0,0,0,0,-10000,0,0,0,0,10000,-10000,-10000
03050X,元展47          ,0,0,0,0,0,0,0,0,0,-10000,0,0,0,0,10000,-10000,-10000
053398,和鑫中信99購01  ,0,0,0,0,0,0,0,0,0,-10000,0,0,0,0,10000,-10000,-10000
053221,彩晶凱基98購01  ,0,0,0,0,0,0,0,0,0,-10000,0,0,0,0,10000,-10000,-10000
053355,超眾兆豐97購01  ,0,0,0,0,0,0,0,0,0,-10000,0,0,0,0,10000,-10000,-10000
05272P,臻鼎中信97售03  ,0,0,0,0,0,0,0,0,0,-10000,0,0,0,0,10000,-10000,-10000
057171,台光電元大9B購01,0,0,0,0,0,0,0,0,0,-10000,0,0,0,1000,11000,-10000,-10000
057142,力成兆豐98購01  ,0,0,0,0,0,0,0,0,0,-10000,0,0,0,0,10000,-10000,-10000
058080,台積電群益98購06,0,0,0,0,0,0,0,0,0,-10000,0,0,0,2000,12000,-10000,-10000
057078,國巨統一9A購02  ,0,0,0,0,0,0,0,0,0,-10000,0,0,0,0,10000,-10000,-10000
057035,元油2X元大9B購03,0,0,0,0,0,0,0,0,0,-10000,0,0,0,0,10000,-10000,-10000
055023,億光國泰98購01  ,0,0,0,0,0,0,0,0,0,-10000,0,0,0,0,10000,-10000,-10000
055258,玉晶光統一97購03,0,0,0,0,0,0,0,0,0,-10000,0,0,0,0,10000,-10000,-10000
055207,致新中信99購01  ,0,0,0,0,0,0,0,0,0,-10000,0,0,0,14000,24000,-10000,-10000
054354,技嘉富邦97購01  ,0,0,0,0,0,0,0,0,0,-10000,0,0,0,0,10000,-10000,-10000
054935,華通元大98購03  ,0,0,0,0,0,0,0,0,0,-10000,0,0,0,0,10000,-10000,-10000
055388,華通統一97購03  ,0,0,0,0,0,0,0,0,0,-10000,0,0,0,0,10000,-10000,-10000
055515,聚陽中信9A購01  ,0,0,0,0,0,0,0,0,0,-10000,0,0,0,0,10000,-10000,-10000
055576,嘉晶統一98購01  ,0,0,0,0,0,0,0,0,0,-10000,0,0,0,0,10000,-10000,-10000
055741,健策元富97購01  ,0,0,0,0,0,0,0,0,0,-10000,0,0,0,0,10000,-10000,-10000
061568,國巨元大9A購25  ,0,0,0,0,0,0,0,0,0,-10000,0,0,0,15000,25000,-10000,-10000
061525,華新科凱基9A購13,0,0,0,0,0,0,0,0,0,-10000,0,0,0,0,10000,-10000,-10000
058987,華新科凱基9B購01,0,0,0,0,0,0,0,0,0,-10000,0,0,0,0,10000,-10000,-10000
059079,SGBR2X元大99購01,0,0,0,0,0,0,0,0,0,-10000,0,0,0,0,10000,-10000,-10000
059049,元油2X凱基9A購12,0,0,0,0,0,0,0,0,0,-10000,0,0,0,0,10000,-10000,-10000
060243,潤泰全元大9C購02,0,0,0,0,0,0,0,0,0,-10000,0,0,0,0,10000,-10000,-10000
060266,潤泰全國票9A購01,0,0,0,0,0,0,0,0,0,-10000,0,0,0,0,10000,-10000,-10000
061192,奇鋐永豐9A購01  ,0,0,0,0,0,0,0,0,0,-10000,0,0,0,0,10000,-10000,-10000
060311,盟立永豐9A購01  ,0,0,0,0,0,0,0,0,0,-10000,0,0,0,0,10000,-10000,-10000
060292,聯詠元大9A購01  ,0,0,0,0,0,0,0,0,0,-10000,0,0,0,0,10000,-10000,-10000
058448,滬深2X永豐9A購01,0,0,0,0,0,0,0,0,0,-10000,0,0,0,0,10000,-10000,-10000
058843,元油2X群益9C購02,0,0,0,0,0,0,0,0,0,-10000,0,0,0,0,10000,-10000,-10000
058833,台表科永豐99購01,0,0,0,0,0,0,0,0,0,-10000,0,0,0,0,10000,-10000,-10000
059691,大立光永豐99購02,0,0,0,0,0,0,0,0,0,-10000,0,0,0,0,10000,-10000,-10000
059707,健策凱基9A購03  ,0,0,0,0,0,0,0,0,0,-10000,0,0,0,0,10000,-10000,-10000
060800,華新科第一9A購01,0,0,0,0,0,0,0,0,0,-10000,0,0,0,0,10000,-10000,-10000
060805,國巨群益9A購06  ,0,0,0,0,0,0,0,0,0,-10000,0,0,0,0,10000,-10000,-10000
060817,華邦電台新9A購01,0,0,0,0,0,0,0,0,0,-10000,0,0,0,0,10000,-10000,-10000
060848,聯茂國票9A購02  ,0,0,0,0,0,0,0,0,0,-10000,0,0,0,0,10000,-10000,-10000
061288,大立光統一9C購01,0,0,0,0,0,0,0,0,0,-10000,0,0,0,0,10000,-10000,-10000
060427,聯茂永豐9A購01  ,0,0,0,0,0,0,0,0,0,-10000,0,0,0,0,10000,-10000,-10000
060734,華通統一9C購01  ,0,0,0,0,0,0,0,0,0,-10000,0,0,0,1000,11000,-10000,-10000
060710,上銀永豐9A購01  ,0,0,0,0,0,0,0,0,0,-10000,0,0,0,0,10000,-10000,-10000
058201,華通凱基9A購01  ,0,0,0,0,0,0,0,0,0,-10000,0,0,0,0,10000,-10000,-10000
06037P,超眾國票98售02  ,0,0,0,0,0,0,0,0,0,-10000,0,0,0,0,10000,-10000,-10000
059588,鴻海元大99購32  ,0,0,0,0,0,0,0,0,0,-10000,0,0,0,8000,18000,-10000,-10000
059600,緯穎元大99購07  ,0,0,0,0,0,0,0,0,0,-10000,0,0,0,6000,16000,-10000,-10000
059637,大立光凱基01購01,0,0,0,0,0,0,0,0,0,-10000,0,0,0,0,10000,-10000,-10000
059543,可成亞東99購02  ,0,0,0,0,0,0,0,0,0,-10000,0,0,0,0,10000,-10000,-10000
05953P,台積電國票98售02,0,0,0,0,0,0,0,0,0,-10000,0,0,0,1000,11000,-10000,-10000
060064,華新科兆豐99購07,0,0,0,0,0,0,0,0,0,-10000,0,0,0,0,10000,-10000,-10000
060055,宏達電凱基99購06,0,0,0,0,0,0,0,0,0,-10000,0,0,0,0,10000,-10000,-10000
059796,台積電國票99購10,0,0,0,0,0,0,0,0,0,-10000,0,0,0,0,10000,-10000,-10000
059248,華新科凱基99購04,0,0,0,0,0,0,0,0,0,-10000,0,0,0,0,10000,-10000,-10000
059162,國巨凱基99購12  ,0,0,0,0,0,0,0,0,0,-10000,0,0,0,62000,72000,-10000,-10000
059860,台積電群益9A購02,0,0,0,0,0,0,0,0,0,-10000,0,0,0,5000,15000,-10000,-10000
059885,台積電國票99購12,0,0,0,0,0,0,0,0,0,-10000,0,0,0,1000,11000,-10000,-10000
059876,智易凱基99購02  ,0,0,0,0,0,0,0,0,0,-10000,0,0,0,0,10000,-10000,-10000
05867P,友達兆豐97售02  ,0,0,0,0,0,0,0,0,0,-10000,0,0,0,0,10000,-10000,-10000
058663,瑞儀兆豐9A購01  ,0,0,0,0,0,0,0,0,0,-10000,0,0,0,0,10000,-10000,-10000
058612,健策元大99購02  ,0,0,0,0,0,0,0,0,0,-10000,0,0,0,3000,13000,-10000,-10000
058659,力成中信99購01  ,0,0,0,0,0,0,0,0,0,-10000,0,0,0,0,10000,-10000,-10000
061695,群創群益9A購01  ,0,0,0,0,0,0,0,0,0,-10000,0,0,0,0,10000,-10000,-10000
061714,華新科凱基9A購15,0,0,0,0,0,0,0,0,0,-10000,0,0,0,0,10000,-10000,-10000
062137,華新科群益9B購04,0,0,0,0,0,0,0,0,0,-10000,0,0,0,0,10000,-10000,-10000
062063,世紀鋼統一9C購01,0,0,0,0,0,0,0,0,0,-10000,0,0,0,0,10000,-10000,-10000
062060,奇鋐統一9C購01  ,0,0,0,0,0,0,0,0,0,-10000,0,0,0,0,10000,-10000,-10000
062050,亞德客統一9C購01,0,0,0,0,0,0,0,0,0,-10000,0,0,0,10000,20000,-10000,-10000
06202P,大立光元大98售06,0,0,0,0,0,0,0,0,0,-10000,0,0,0,0,10000,-10000,-10000
061918,上銀凱基9B購02  ,0,0,0,0,0,0,0,0,0,-10000,0,0,0,0,10000,-10000,-10000
061926,晶技凱基9B購02  ,0,0,0,0,0,0,0,0,0,-10000,0,0,0,0,10000,-10000,-10000
058741,欣興日盛99購01  ,0,0,0,0,0,0,0,0,0,-10000,0,0,0,6000,16000,-10000,-10000
058742,鴻海康和99購01  ,0,0,0,0,0,0,0,0,0,-10000,0,0,0,20000,30000,-10000,-10000
058734,康友永豐99購01  ,0,0,0,0,0,0,0,0,0,-10000,0,0,0,0,10000,-10000,-10000
058764,康友群益99購01  ,0,0,0,0,0,0,0,0,0,-10000,0,0,0,0,10000,-10000,-10000
058767,亞德客兆豐99購01,0,0,0,0,0,0,0,0,0,-10000,0,0,0,10000,20000,-10000,-10000
062282,禾伸堂群益9B購01,0,0,0,0,0,0,0,0,0,-10000,0,0,0,0,10000,-10000,-10000
062267,滬深2X群益01購05,0,0,0,0,0,0,0,0,0,-10000,0,0,0,0,10000,-10000,-10000
062260,華新科元大9B購09,0,0,0,0,0,0,0,0,0,-10000,0,0,0,0,10000,-10000,-10000
058255,臺股指元大9A購19,0,0,0,0,0,0,0,0,0,-10000,0,0,0,0,10000,-10000,-10000
061633,統一元大9A購01  ,0,0,0,0,0,0,0,0,0,-10000,0,0,0,0,10000,-10000,-10000
058323,泰鼎永豐9A購01  ,0,0,0,0,0,0,0,0,0,-10000,0,0,0,52000,62000,-10000,-10000
059324,智易元大99購04  ,0,0,0,0,0,0,0,0,0,-10000,0,0,0,0,10000,-10000,-10000
059368,T50正2元富99購02,0,0,0,0,0,0,0,0,0,-10000,0,0,0,0,10000,-10000,-10000
059363,超眾永豐99購02  ,0,0,0,0,0,0,0,0,0,-10000,0,0,0,3000,13000,-10000,-10000
061575,華新科元大9A購20,0,0,0,0,0,0,0,0,0,-10000,0,0,0,0,10000,-10000,-10000
061609,華新科統一9C購01,0,0,0,0,0,0,0,0,0,-10000,0,0,0,0,10000,-10000,-10000
06139P,台積電中信99售02,0,0,0,0,0,0,0,0,0,-10000,0,0,0,5000,15000,-10000,-10000
061402,矽創兆豐9B購01  ,0,0,0,0,0,0,0,0,0,-10000,0,0,0,0,10000,-10000,-10000
061416,聯茂群益9A購01  ,0,0,0,0,0,0,0,0,0,-10000,0,0,0,0,10000,-10000,-10000
061373,華通富邦9A購02  ,0,0,0,0,0,0,0,0,0,-10000,0,0,0,0,10000,-10000,-10000
060645,台表科永豐9A購02,0,0,0,0,0,0,0,0,0,-10000,0,0,0,0,10000,-10000,-10000
061660,禾伸堂永豐9A購01,0,0,0,0,0,0,0,0,0,-10000,0,0,0,0,10000,-10000,-10000
059469,智邦元大99購03  ,0,0,0,0,0,0,0,0,0,-10000,0,0,0,74000,84000,-10000,-10000
059391,立積凱基9A購01  ,0,0,0,0,0,0,0,0,0,-10000,0,0,0,10000,20000,-10000,-10000
058378,南電凱基99購01  ,0,0,0,0,0,0,0,0,0,-10000,0,0,0,0,10000,-10000,-10000
058372,欣興凱基99購03  ,0,0,0,0,0,0,0,0,0,-10000,0,0,0,0,10000,-10000,-10000
062769,臺股指凱基9B購13,0,0,0,0,0,0,0,0,0,-10000,0,0,0,0,10000,-10000,-10000
062717,華邦電凱基9C購01,0,0,0,0,0,0,0,0,0,-10000,0,0,0,30000,40000,-10000,-10000
062541,臻鼎國泰01購01  ,0,0,0,0,0,0,0,0,0,-10000,0,0,0,0,10000,-10000,-10000
062490,聯茂永豐9B購01  ,0,0,0,0,0,0,0,0,0,-10000,0,0,0,0,10000,-10000,-10000
062430,A50正2元大9B購02,0,0,0,0,0,0,0,0,0,-10000,0,0,0,0,10000,-10000,-10000
062883,智易兆豐9C購01  ,0,0,0,0,0,0,0,0,0,-10000,0,0,0,0,10000,-10000,-10000
062903,燿華元大9B購04  ,0,0,0,0,0,0,0,0,0,-10000,0,0,0,0,10000,-10000,-10000
06303P,臺股指元大97售09,0,0,0,0,0,0,0,0,0,-10000,0,0,0,0,10000,-10000,-10000
062979,茂林元富9B購01  ,0,0,0,0,0,0,0,0,0,-10000,0,0,0,14000,24000,-10000,-10000
063079,儒鴻凱基9B購01  ,0,0,0,0,0,0,0,0,0,-10000,0,0,0,0,10000,-10000,-10000
063390,嘉晶兆豐9B購01  ,0,0,0,0,0,0,0,0,0,-10000,0,0,0,1000,11000,-10000,-10000
063438,聚陽統一9C購01  ,0,0,0,0,0,0,0,0,0,-10000,0,0,0,0,10000,-10000,-10000
06330P,南亞科群益97售03,0,0,0,0,0,0,0,0,0,-10000,0,0,0,0,10000,-10000,-10000
06331P,南亞科群益97售04,0,0,0,0,0,0,0,0,0,-10000,0,0,0,0,10000,-10000,-10000
063320,旭富群益9B購03  ,0,0,0,0,0,0,0,0,0,-10000,0,0,0,0,10000,-10000,-10000
063217,元金2X群益9B購03,0,0,0,0,0,0,0,0,0,-10000,0,0,0,0,10000,-10000,-10000
063177,友達兆豐9B購01  ,0,0,0,0,0,0,0,0,0,-10000,0,0,0,0,10000,-10000,-10000
063769,玉晶光國泰02購01,0,0,0,0,0,0,0,0,0,-10000,0,0,0,59000,69000,-10000,-10000
063701,燿華群益9B購02  ,0,0,0,0,0,0,0,0,0,-10000,0,0,0,31000,41000,-10000,-10000
063609,南電凱基9B購05  ,0,0,0,0,0,0,0,0,0,-10000,0,0,0,0,10000,-10000,-10000
064294,和大中信9C購01  ,0,0,0,0,0,0,0,0,0,-10000,0,0,0,0,10000,-10000,-10000
064406,健策凱基03購01  ,0,0,0,0,0,0,0,0,0,-10000,0,0,0,0,10000,-10000,-10000
06443P,台積電凱基99售01,0,0,0,0,0,0,0,0,0,-10000,0,0,0,0,10000,-10000,-10000
064392,喬山永豐9C購01  ,0,0,0,0,0,0,0,0,0,-10000,0,0,0,0,10000,-10000,-10000
064365,美食統一01購02  ,0,0,0,0,0,0,0,0,0,-10000,0,0,0,0,10000,-10000,-10000
064143,旺宏統一01購05  ,0,0,0,0,0,0,0,0,0,-10000,0,0,0,0,10000,-10000,-10000
064059,新日興麥證01購01,0,0,0,0,10000,-10000,0,0,0,-10000,0,0,0,0,10000,-10000,-10000
063998,聯發科兆豐9C購02,0,0,0,0,0,0,0,0,0,-10000,0,0,0,41000,51000,-10000,-10000
064115,高股息元大9C購01,0,0,0,0,0,0,0,0,0,-10000,0,0,0,0,10000,-10000,-10000
064111,國巨國票02購02  ,0,0,0,0,0,0,0,0,0,-10000,0,0,0,12000,22000,-10000,-10000
064085,儒鴻凱基9C購02  ,0,0,0,0,0,0,0,0,0,-10000,0,0,0,0,10000,-10000,-10000
063977,義隆兆豐9C購01  ,0,0,0,0,0,0,0,0,0,-10000,0,0,0,0,10000,-10000,-10000
063918,復盛凱基9C購01  ,0,0,0,0,0,0,0,0,0,-10000,0,0,0,0,10000,-10000,-10000
064549,神基凱基9C購01  ,0,0,0,0,0,0,0,0,0,-10000,0,0,0,0,10000,-10000,-10000
064533,技嘉國票01購01  ,0,0,0,0,0,0,0,0,0,-10000,0,0,0,6000,16000,-10000,-10000
06452P,大立光元大98售08,0,0,0,0,0,0,0,0,0,-10000,0,0,0,0,10000,-10000,-10000
064665,南亞科元大9C購06,0,0,0,0,0,0,0,0,0,-10000,0,0,0,0,10000,-10000,-10000
065015,上証2X富邦01購01,0,0,0,0,0,0,0,0,0,-10000,0,0,0,0,10000,-10000,-10000
06492P,上銀永豐98售01  ,0,0,0,0,0,0,0,0,0,-10000,0,0,0,22000,32000,-10000,-10000
064885,T50反1中信04購01,0,0,0,0,0,0,0,0,0,-10000,0,0,0,2000,12000,-10000,-10000
064774,聚陽群益9C購04  ,0,0,0,0,0,0,0,0,0,-10000,0,0,0,88000,98000,-10000,-10000
6605,帝寶            ,3000,13000,-10000,0,0,0,0,0,0,0,0,0,0,0,0,0,-10000
6216,居易            ,3000,10000,-7000,0,0,0,0,0,0,-3000,0,3000,-3000,0,0,0,-10000
2348,海悅            ,85000,112000,-27000,0,0,0,0,0,0,16000,20000,4000,16000,0,0,0,-11000
2059,川湖            ,10000,13000,-3000,0,0,0,0,2000,-2000,-6000,0,6000,-6000,0,0,0,-11000
1339,昭輝            ,13000,25000,-12000,0,0,0,0,0,0,1000,1000,0,1000,0,0,0,-11000
1453,大將            ,0,11000,-11000,0,0,0,0,0,0,0,0,0,0,0,0,0,-11000
1506,正道            ,6000,17000,-11000,0,0,0,0,0,0,0,0,0,0,0,0,0,-11000
2911,麗嬰房          ,0,11000,-11000,0,0,0,0,0,0,0,0,0,0,0,0,0,-11000
3002,歐格            ,3000,11000,-8000,0,0,0,0,0,0,-3000,0,3000,-3000,0,0,0,-11000
3356,奇偶            ,19000,27000,-8000,0,0,0,0,0,0,-3000,0,3000,-3000,0,0,0,-11000
08558P,香港2X國票9C售01,0,0,0,0,0,0,0,0,0,-11000,0,0,0,0,11000,-11000,-11000
07574P,國巨元大9A售12  ,0,0,0,0,0,0,0,0,0,-11000,0,0,0,0,11000,-11000,-11000
06912P,台光電元大99售02,0,0,0,0,0,0,0,0,0,-11000,0,0,0,0,11000,-11000,-11000
06934P,聯鈞元大98售03  ,0,0,0,0,0,0,0,0,0,-11000,0,0,0,0,11000,-11000,-11000
065713,緯穎群益9C購04  ,0,0,0,0,0,0,0,0,0,-11000,0,0,0,6000,17000,-11000,-11000
065643,聯發科元大01購06,0,0,0,0,0,0,0,0,0,-11000,0,0,0,0,11000,-11000,-11000
065531,聯電統一01購01  ,0,0,0,0,0,0,0,0,0,-11000,0,0,0,0,11000,-11000,-11000
057163,上銀元大98購04  ,0,0,0,0,0,0,0,0,0,-11000,0,0,0,100000,111000,-11000,-11000
055923,矽力凱基98購01  ,0,0,0,0,0,0,0,0,0,-11000,0,0,0,16000,27000,-11000,-11000
057278,可成元大98購06  ,0,0,0,0,0,0,0,0,0,-11000,0,0,0,0,11000,-11000,-11000
057206,立積元富98購01  ,0,0,0,0,0,0,0,0,0,-11000,0,0,0,526000,537000,-11000,-11000
058938,台積電中信01購03,0,0,0,0,0,0,0,0,0,-11000,0,0,0,9000,20000,-11000,-11000
057481,技嘉元大98購04  ,0,0,0,0,0,0,0,0,0,-11000,0,0,0,0,11000,-11000,-11000
058373,晶技凱基99購02  ,0,0,0,0,0,0,0,0,0,-11000,0,0,0,0,11000,-11000,-11000
058339,康友元富99購02  ,0,0,0,0,0,0,0,0,0,-11000,0,0,0,0,11000,-11000,-11000
060556,緯穎凱基9A購04  ,0,0,0,0,0,0,0,0,0,-11000,0,0,0,94000,105000,-11000,-11000
058289,奇鋐國票9A購01  ,0,0,0,0,0,0,0,0,0,-11000,0,0,0,0,11000,-11000,-11000
062268,力山群益9B購01  ,0,0,0,0,0,0,0,0,0,-11000,0,0,0,15000,26000,-11000,-11000
062324,上銀統一9B購04  ,0,0,0,0,0,0,0,0,0,-11000,0,0,0,0,11000,-11000,-11000
061984,華新科元大9B購05,0,0,0,0,0,0,0,0,0,-11000,0,0,0,17000,28000,-11000,-11000
062194,遠東新中信9C購01,0,0,0,0,0,0,0,0,0,-11000,0,0,0,49000,60000,-11000,-11000
058684,健策凱基99購02  ,0,0,0,0,0,0,0,0,0,-11000,0,0,0,4000,15000,-11000,-11000
058194,勤誠永豐99購01  ,0,0,0,0,0,0,0,0,0,-11000,0,0,0,0,11000,-11000,-11000
060412,儒鴻永豐9A購01  ,0,0,0,0,0,0,0,0,0,-11000,0,0,0,10000,21000,-11000,-11000
061297,台積電富邦9C購09,0,0,0,0,0,0,0,0,0,-11000,0,0,0,0,11000,-11000,-11000
06083P,華通統一98售02  ,0,0,0,0,0,0,0,0,0,-11000,0,0,0,0,11000,-11000,-11000
058796,可成元大99購04  ,0,0,0,0,0,0,0,0,0,-11000,0,0,0,70000,81000,-11000,-11000
059107,南茂國泰9A購01  ,0,0,0,0,0,0,0,0,0,-11000,0,0,0,15000,26000,-11000,-11000
061211,玉晶光元大9A購12,0,0,0,0,0,0,0,0,0,-11000,0,0,0,20000,31000,-11000,-11000
061563,群創國票9B購02  ,0,0,0,0,0,0,0,0,0,-11000,0,0,0,0,11000,-11000,-11000
064852,智邦台新9C購04  ,0,0,0,0,0,0,0,0,0,-11000,0,0,0,35000,46000,-11000,-11000
064953,嘉晶凱基9C購02  ,0,0,0,0,0,0,0,0,0,-11000,0,0,0,39000,50000,-11000,-11000
065076,中橡元大9C購01  ,0,0,0,0,0,0,0,0,0,-11000,0,0,0,0,11000,-11000,-11000
064501,大立光元大01購02,0,0,0,0,0,0,0,0,0,-11000,0,0,0,0,11000,-11000,-11000
064122,國巨元大9C購17  ,0,0,0,0,0,0,0,0,0,-11000,0,0,0,142000,153000,-11000,-11000
063994,台光電群益9C購01,0,0,0,0,0,0,0,0,0,-11000,0,0,0,105000,116000,-11000,-11000
064415,群創麥證9C購01  ,0,0,0,0,11000,-11000,0,0,0,-11000,0,0,0,0,11000,-11000,-11000
063485,巨大元大9B購04  ,0,0,0,0,0,0,0,0,0,-11000,0,0,0,62000,73000,-11000,-11000
063650,矽創元大9B購03  ,0,0,0,0,0,0,0,0,0,-11000,0,0,0,32000,43000,-11000,-11000
063729,國巨元大9C購08  ,0,0,0,0,0,0,0,0,0,-11000,0,0,0,25000,36000,-11000,-11000
063289,台表科元大9B購07,0,0,0,0,0,0,0,0,0,-11000,0,0,0,7000,18000,-11000,-11000
063242,聯發科元大9B購19,0,0,0,0,0,0,0,0,0,-11000,0,0,0,56000,67000,-11000,-11000
063380,台表科永豐9B購03,0,0,0,0,0,0,0,0,0,-11000,0,0,0,1000,12000,-11000,-11000
062940,華新科凱基9C購02,0,0,0,0,0,0,0,0,0,-11000,0,0,0,0,11000,-11000,-11000
062681,全新統一01購01  ,0,0,0,0,0,0,0,0,0,-11000,0,0,0,0,11000,-11000,-11000
8374,羅昇            ,1000,12000,-11000,0,0,0,0,0,0,0,0,0,0,0,0,0,-11000
4555,氣立            ,23000,34000,-11000,0,0,0,0,0,0,0,0,0,0,0,0,0,-11000
065587,亞德客永豐9C購02,0,0,0,0,0,0,0,0,0,-12000,0,0,0,0,12000,-12000,-12000
065679,聯發科統一03購01,0,0,0,0,0,0,0,0,0,-12000,0,0,0,0,12000,-12000,-12000
06716P,台積電元大9A售02,0,0,0,0,0,0,0,0,0,-12000,0,0,0,22000,34000,-12000,-12000
065356,聯發科元富03購06,0,0,0,0,0,0,0,0,0,-12000,0,0,0,35000,47000,-12000,-12000
065138,上銀凱基02購01  ,0,0,0,0,0,0,0,0,0,-12000,0,0,0,0,12000,-12000,-12000
07671P,超眾元大9A售04  ,0,0,0,0,0,0,0,0,0,-12000,0,0,0,0,12000,-12000,-12000
08563P,金像電元富9C售03,0,0,0,0,0,0,0,0,0,-12000,0,0,0,0,12000,-12000,-12000
08346P,大立光元大9C售15,0,0,0,0,0,0,0,0,0,-12000,0,0,0,25000,37000,-12000,-12000
08293P,國巨元大9C售13  ,0,0,0,0,0,0,0,0,0,-12000,0,0,0,0,12000,-12000,-12000
07968P,國巨元大9B售09  ,0,0,0,0,0,0,0,0,0,-12000,0,0,0,0,12000,-12000,-12000
07998P,聯電凱基9C售01  ,0,0,0,0,0,0,0,0,0,-12000,0,0,0,6000,18000,-12000,-12000
3032,偉訓            ,7000,19000,-12000,0,0,0,0,0,0,0,0,0,0,0,0,0,-12000
2706,第一店          ,0,11000,-11000,0,0,0,0,0,0,-1000,0,1000,-1000,0,0,0,-12000
2457,飛宏            ,225000,237000,-12000,0,0,0,0,0,0,0,0,0,0,0,0,0,-12000
1432,大魯閣          ,0,12000,-12000,0,0,0,0,0,0,0,0,0,0,0,0,0,-12000
1528,恩德            ,9000,21000,-12000,0,0,0,0,0,0,0,0,0,0,0,0,0,-12000
1614,三洋電          ,13000,25000,-12000,0,0,0,0,0,0,0,0,0,0,0,0,0,-12000
1726,永記            ,0,12000,-12000,0,0,0,0,0,0,0,0,0,0,0,0,0,-12000
2316,楠梓電          ,451000,320000,131000,0,0,0,0,0,0,-143000,2000,108000,-106000,20000,57000,-37000,-12000
058897,國巨元大99購17  ,0,0,0,0,0,0,0,0,0,-12000,0,0,0,14000,26000,-12000,-12000
057577,廣宇中信9A購01  ,0,0,0,0,0,0,0,0,0,-12000,0,0,0,7000,19000,-12000,-12000
057828,緯穎元大99購02  ,0,0,0,0,0,0,0,0,0,-12000,0,0,0,100000,112000,-12000,-12000
057604,鴻海統一9C購01  ,0,0,0,0,0,0,0,0,0,-12000,0,0,0,23000,35000,-12000,-12000
053573,臺股指統一99購01,0,0,0,0,0,0,0,0,0,-12000,0,0,0,10000,22000,-12000,-12000
036628,統一台新99購01  ,0,0,0,0,0,0,0,0,0,-12000,0,0,0,0,12000,-12000,-12000
057162,上銀元大98購03  ,0,0,0,0,0,0,0,0,0,-12000,0,0,0,0,12000,-12000,-12000
055259,玉晶光統一9A購01,0,0,0,0,0,0,0,0,0,-12000,0,0,0,166000,178000,-12000,-12000
055615,宏達電國票99購02,0,0,0,0,0,0,0,0,0,-12000,0,0,0,0,12000,-12000,-12000
059036,可成群益9B購03  ,0,0,0,0,0,0,0,0,0,-12000,0,0,0,0,12000,-12000,-12000
059688,燿華永豐99購01  ,0,0,0,0,0,0,0,0,0,-12000,0,0,0,0,12000,-12000,-12000
060337,FBVIX統一9A購01 ,0,0,0,0,0,0,0,0,0,-12000,0,0,0,20000,32000,-12000,-12000
059705,華新科凱基9A購07,0,0,0,0,0,0,0,0,0,-12000,0,0,0,0,12000,-12000,-12000
058875,台表科國票9A購02,0,0,0,0,0,0,0,0,0,-12000,0,0,0,0,12000,-12000,-12000
058514,潤泰全元大99購01,0,0,0,0,0,0,0,0,0,-12000,0,0,0,0,12000,-12000,-12000
059936,台積電永豐99購06,0,0,0,0,0,0,0,0,0,-12000,0,0,0,0,12000,-12000,-12000
059803,S&P正2元富9B購03,0,0,0,0,0,0,0,0,0,-12000,0,0,0,0,12000,-12000,-12000
058709,臺股指元大9A購22,0,0,0,0,0,0,0,0,0,-12000,0,0,0,0,12000,-12000,-12000
058712,鴻海統一9B購03  ,0,0,0,0,0,0,0,0,0,-12000,0,0,0,27000,39000,-12000,-12000
062040,玉晶光凱基01購01,0,0,0,0,0,0,0,0,0,-12000,0,0,0,3000,15000,-12000,-12000
062183,奇鋐元大9B購01  ,0,0,0,0,0,0,0,0,0,-12000,0,0,0,194000,206000,-12000,-12000
058410,國巨兆豐99購03  ,0,0,0,0,0,0,0,0,0,-12000,0,0,0,6000,18000,-12000,-12000
062513,玉晶光國票9C購01,0,0,0,0,0,0,0,0,0,-12000,0,0,0,2000,14000,-12000,-12000
062996,致茂國票9C購01  ,0,0,0,0,0,0,0,0,0,-12000,0,0,0,0,12000,-12000,-12000
063273,緯穎兆豐9C購01  ,0,0,0,0,0,0,0,0,0,-12000,0,0,0,30000,42000,-12000,-12000
063285,華擎元大9B購03  ,0,0,0,0,0,0,0,0,0,-12000,0,0,0,20000,32000,-12000,-12000
063178,聯發科兆豐9B購04,0,0,0,0,0,0,0,0,0,-12000,0,0,0,3000,15000,-12000,-12000
063804,華邦電兆豐01購01,0,0,0,0,0,0,0,0,0,-12000,0,0,0,38000,50000,-12000,-12000
063629,台積電元大9B購08,0,0,0,0,0,0,0,0,0,-12000,0,0,0,0,12000,-12000,-12000
064368,日月光統一01購01,0,0,0,0,0,0,0,0,0,-12000,0,0,0,0,12000,-12000,-12000
064225,健策國票01購02  ,0,0,0,0,0,0,0,0,0,-12000,0,0,0,8000,20000,-12000,-12000
064209,燿華凱基01購01  ,0,0,0,0,0,0,0,0,0,-12000,0,0,0,1000,13000,-12000,-12000
064020,華通元大01購01  ,0,0,0,0,0,0,0,0,0,-12000,0,0,0,106000,118000,-12000,-12000
064096,台積電群益9C購07,0,0,0,0,0,0,0,0,0,-12000,0,0,0,0,12000,-12000,-12000
064742,奇鋐國票01購02  ,0,0,0,0,0,0,0,0,0,-12000,0,0,0,0,12000,-12000,-12000
064973,智邦元大9C購06  ,0,0,0,0,0,0,0,0,0,-12000,0,0,0,81000,93000,-12000,-12000
2305,全友            ,8000,19000,-11000,0,0,0,0,0,0,-2000,0,2000,-2000,0,0,0,-13000
08389P,技嘉國票9C售01  ,0,0,0,0,0,0,0,0,0,-13000,0,0,0,18000,31000,-13000,-13000
07350P,台灣50國票99售11,0,0,0,0,0,0,0,0,0,-13000,0,0,0,100000,113000,-13000,-13000
07128P,大毅元大99售04  ,0,0,0,0,0,0,0,0,0,-13000,0,0,0,7000,20000,-13000,-13000
065354,金像電元富03購01,0,0,0,0,0,0,0,0,0,-13000,0,0,0,0,13000,-13000,-13000
065322,聯發科凱基01購05,0,0,0,0,0,0,0,0,0,-13000,0,0,0,1000,14000,-13000,-13000
065614,緯穎元大01購02  ,0,0,0,0,0,0,0,0,0,-13000,0,0,0,19000,32000,-13000,-13000
055381,茂林元大97購02  ,0,0,0,0,0,0,0,0,0,-13000,0,0,0,0,13000,-13000,-13000
054590,嘉聯益國泰98購01,0,0,0,0,0,0,0,0,0,-13000,0,0,0,60000,73000,-13000,-13000
055220,緯穎凱基98購02  ,0,0,0,0,0,0,0,0,0,-13000,0,0,0,7000,20000,-13000,-13000
058084,大立光群益98購04,0,0,0,0,0,0,0,0,0,-13000,0,0,0,0,13000,-13000,-13000
058079,鴻海群益98購08  ,0,0,0,0,0,0,0,0,0,-13000,0,0,0,20000,33000,-13000,-13000
053058,台光電永昌99購01,0,0,0,0,0,0,0,0,0,-13000,0,0,0,3000,16000,-13000,-13000
057667,可成元大99購01  ,0,0,0,0,0,0,0,0,0,-13000,0,0,0,68000,81000,-13000,-13000
058156,超眾統一9A購02  ,0,0,0,0,0,0,0,0,0,-13000,0,0,0,463000,476000,-13000,-13000
058904,晶技元大99購05  ,0,0,0,0,0,0,0,0,0,-13000,0,0,0,0,13000,-13000,-13000
058959,南茂國票9A購01  ,0,0,0,0,0,0,0,0,0,-13000,0,0,0,0,13000,-13000,-13000
059488,大立光兆豐99購03,0,0,0,0,0,0,0,0,0,-13000,0,0,0,0,13000,-13000,-13000
061594,玉晶光永豐9A購08,0,0,0,0,0,0,0,0,0,-13000,0,0,0,3000,16000,-13000,-13000
058766,力山兆豐99購01  ,0,0,0,0,0,0,0,0,0,-13000,0,0,0,10000,23000,-13000,-13000
059177,臺股指凱基99購28,0,0,0,0,0,0,0,0,0,-13000,0,0,0,1000,14000,-13000,-13000
060871,台灣50中信01購03,0,0,0,0,0,0,0,0,0,-13000,0,0,0,0,13000,-13000,-13000
060798,旭富永豐9A購01  ,0,0,0,0,0,0,0,0,0,-13000,0,0,0,0,13000,-13000,-13000
060995,泰鼎元大9A購03  ,0,0,0,0,0,0,0,0,0,-13000,0,0,0,0,13000,-13000,-13000
059720,台積電元大99購43,0,0,0,0,0,0,0,0,0,-13000,0,0,0,0,13000,-13000,-13000
059055,旺宏凱基9B購02  ,0,0,0,0,0,0,0,0,0,-13000,0,0,0,13000,26000,-13000,-13000
064092,世紀鋼凱基9C購03,0,0,0,0,0,0,0,0,0,-13000,0,0,0,0,13000,-13000,-13000
064251,緯創元富9C購01  ,0,0,0,0,0,0,0,0,0,-13000,0,0,0,159000,172000,-13000,-13000
063766,南茂元富9B購01  ,0,0,0,0,0,0,0,0,0,-13000,0,0,0,0,13000,-13000,-13000
063334,復盛國票9B購01  ,0,0,0,0,0,0,0,0,0,-13000,0,0,0,0,13000,-13000,-13000
062808,祥碩統一9C購01  ,0,0,0,0,0,0,0,0,0,-13000,0,0,0,0,13000,-13000,-13000
4763,材料-KY         ,19000,18000,1000,0,0,0,0,20000,-20000,6000,6000,0,6000,0,0,0,-13000
4999,鑫禾            ,2000,14000,-12000,0,0,0,0,0,0,-1000,0,1000,-1000,0,0,0,-13000
6141,柏承            ,24000,37000,-13000,0,0,0,0,0,0,0,0,0,0,0,0,0,-13000
6168,宏齊            ,28000,31000,-3000,0,0,0,0,0,0,-10000,0,10000,-10000,0,0,0,-13000
06579P,臺股指麥證98售03,0,0,0,1000,15000,-14000,0,0,0,-14000,0,0,0,1000,15000,-14000,-14000
06712P,臺股指台新99售09,0,0,0,0,0,0,0,0,0,-14000,0,0,0,0,14000,-14000,-14000
07011P,宏達電凱基99售02,0,0,0,0,0,0,0,0,0,-14000,0,0,0,0,14000,-14000,-14000
07352P,台積電國票99售11,0,0,0,0,0,0,0,0,0,-14000,0,0,0,20000,34000,-14000,-14000
07670P,茂林元大9A售02  ,0,0,0,0,0,0,0,0,0,-14000,0,0,0,0,14000,-14000,-14000
1441,大東            ,1000,15000,-14000,0,0,0,0,0,0,0,0,0,0,0,0,0,-14000
3025,星通            ,2000,15000,-13000,0,0,0,0,0,0,-1000,0,1000,-1000,0,0,0,-14000
3501,維熹            ,9000,22000,-13000,0,0,0,0,0,0,-1000,0,1000,-1000,0,0,0,-14000
061747,南亞科統一01購01,0,0,0,0,0,0,0,0,0,-14000,0,0,0,95000,109000,-14000,-14000
057431,京鼎兆豐98購02  ,0,0,0,0,0,0,0,0,0,-14000,0,0,0,16000,30000,-14000,-14000
056721,台灣50永昌9A購01,0,0,0,0,0,0,0,0,0,-14000,0,0,0,17000,31000,-14000,-14000
03019X,元展19          ,0,0,0,0,0,0,0,0,0,-14000,0,0,0,0,14000,-14000,-14000
053449,超眾凱基98購01  ,0,0,0,0,0,0,0,0,0,-14000,0,0,0,15000,29000,-14000,-14000
061564,華擎國票9A購02  ,0,0,0,0,0,0,0,0,0,-14000,0,0,0,0,14000,-14000,-14000
061050,康友中信9A購01  ,0,0,0,0,0,0,0,0,0,-14000,0,0,0,79000,93000,-14000,-14000
061243,麗豐兆豐9A購01  ,0,0,0,0,0,0,0,0,0,-14000,0,0,0,0,14000,-14000,-14000
060888,金像電統一9C購01,0,0,0,0,0,0,0,0,0,-14000,0,0,0,61000,75000,-14000,-14000
060016,廣達康和99購01  ,0,0,0,0,0,0,0,0,0,-14000,0,0,0,130000,144000,-14000,-14000
058693,旭富國票9A購01  ,0,0,0,0,0,0,0,0,0,-14000,0,0,0,0,14000,-14000,-14000
062166,致新國泰01購01  ,0,0,0,0,0,0,0,0,0,-14000,0,0,0,12000,26000,-14000,-14000
061953,台積電台新9B購04,0,0,0,0,0,0,0,0,0,-14000,0,0,0,0,14000,-14000,-14000
062273,國巨群益9C購02  ,0,0,0,0,0,0,0,0,0,-14000,0,0,0,23000,37000,-14000,-14000
061589,世紀鋼富邦9B購01,0,0,0,0,0,0,0,0,0,-14000,0,0,0,0,14000,-14000,-14000
061405,亞德客國票9B購01,0,0,0,0,0,0,0,0,0,-14000,0,0,0,6000,20000,-14000,-14000
061353,康控元大9A購01  ,0,0,0,0,0,0,0,0,0,-14000,0,0,0,20000,34000,-14000,-14000
063816,TPK群益9C購01   ,0,0,0,0,0,0,0,0,0,-14000,0,0,0,50000,64000,-14000,-14000
064337,大毅元大01購02  ,0,0,0,0,0,0,0,0,0,-14000,0,0,0,0,14000,-14000,-14000
063926,南亞科統一03購01,0,0,0,0,0,0,0,0,0,-14000,0,0,0,0,14000,-14000,-14000
064806,微星元大01購01  ,0,0,0,0,0,0,0,0,0,-14000,0,0,0,10000,24000,-14000,-14000
064441,嘉澤凱基9C購02  ,0,0,0,0,0,0,0,0,0,-14000,0,0,0,2000,16000,-14000,-14000
6197,佳必琪          ,139000,153000,-14000,0,0,0,0,0,0,0,0,0,0,0,0,0,-14000
4557,永新-KY         ,0,14000,-14000,0,0,0,0,0,0,0,0,0,0,0,0,0,-14000
4144,康聯-KY         ,84000,90000,-6000,0,0,0,0,0,0,-8000,0,8000,-8000,0,0,0,-14000
9937,全國            ,0,14000,-14000,0,0,0,0,0,0,0,0,0,0,0,0,0,-14000
3416,融程電          ,7000,21000,-14000,0,0,0,0,0,0,-1000,0,1000,-1000,0,0,0,-15000
3013,晟銘電          ,4000,20000,-16000,0,0,0,0,0,0,1000,1000,0,1000,0,0,0,-15000
1708,東鹼            ,209000,216000,-7000,0,0,0,0,0,0,-8000,0,8000,-8000,0,0,0,-15000
1589,永冠-KY         ,16000,32000,-16000,0,0,0,0,0,0,1000,0,1000,-1000,2000,0,2000,-15000
1598,岱宇            ,259000,269000,-10000,0,0,0,0,0,0,-5000,4000,9000,-5000,0,0,0,-15000
08436P,TPK群益9C售04   ,0,0,0,0,0,0,0,0,0,-15000,0,0,0,0,15000,-15000,-15000
08430P,友達凱基01售01  ,0,0,0,0,0,0,0,0,0,-15000,0,0,0,0,15000,-15000,-15000
08305P,茂林群益9C售01  ,0,0,0,0,0,0,0,0,0,-15000,0,0,0,5000,20000,-15000,-15000
08583P,鴻海群益01售05  ,0,0,0,0,0,0,0,0,0,-15000,0,0,0,0,15000,-15000,-15000
08538P,聯發科國票01售01,0,0,0,0,0,0,0,0,0,-15000,0,0,0,35000,50000,-15000,-15000
08003P,國巨國泰9B售07  ,0,0,0,0,0,0,0,0,0,-15000,0,0,0,44000,59000,-15000,-15000
07948P,大成鋼凱基9B售01,0,0,0,0,0,0,0,0,0,-15000,0,0,0,53000,68000,-15000,-15000
08028P,臺股指元大9B售30,0,0,0,0,0,0,0,0,0,-15000,0,0,0,0,15000,-15000,-15000
08190P,宏達電元富9B售04,0,0,0,0,0,0,0,0,0,-15000,0,0,0,1000,16000,-15000,-15000
07825P,健策國泰9B售04  ,0,0,0,0,0,0,0,0,0,-15000,0,0,0,0,15000,-15000,-15000
07800P,華新科國泰9B售04,0,0,0,0,0,0,0,0,0,-15000,0,0,0,57000,72000,-15000,-15000
07014P,華通元大99售04  ,0,0,0,0,0,0,0,0,0,-15000,0,0,0,10000,25000,-15000,-15000
07283P,華新科凱基99售07,0,0,0,0,0,0,0,0,0,-15000,0,0,0,0,15000,-15000,-15000
07328P,FBVIX國泰9B售01 ,0,0,0,0,0,0,0,0,0,-15000,0,0,0,15000,30000,-15000,-15000
06729P,聯詠元大98售03  ,0,0,0,0,0,0,0,0,0,-15000,0,0,0,0,15000,-15000,-15000
065611,嘉聯益元大9C購02,0,0,0,0,0,0,0,0,0,-15000,0,0,0,0,15000,-15000,-15000
065608,緯創元大9C購04  ,0,0,0,0,0,0,0,0,0,-15000,0,0,0,3000,18000,-15000,-15000
065538,健鼎統一9C購01  ,0,0,0,0,0,0,0,0,0,-15000,0,0,0,0,15000,-15000,-15000
065492,台灣50富邦03購02,0,0,0,0,0,0,0,0,0,-15000,0,0,0,0,15000,-15000,-15000
065474,旺宏元大9C購06  ,0,0,0,0,0,0,0,0,0,-15000,0,0,0,0,15000,-15000,-15000
065374,義隆元大9C購07  ,0,0,0,0,0,0,0,0,0,-15000,0,0,0,24000,39000,-15000,-15000
052937,國巨兆豐97購01  ,0,0,0,0,0,0,0,0,0,-15000,0,0,0,15000,30000,-15000,-15000
00710B,FH彭博高收益債  ,0,0,0,0,0,0,0,0,0,-15000,0,0,0,83000,98000,-15000,-15000
00645,富邦日本        ,0,0,0,0,0,0,0,0,0,-15000,0,0,0,74000,89000,-15000,-15000
055904,貿聯亞東99購01  ,0,0,0,0,0,0,0,0,0,-15000,0,0,0,0,15000,-15000,-15000
054977,SP黃豆元富9B購01,0,0,0,0,0,0,0,0,0,-15000,0,0,0,0,15000,-15000,-15000
057023,美律凱基99購02  ,0,0,0,0,0,0,0,0,0,-15000,0,0,0,97000,112000,-15000,-15000
054558,劍麟群益99購01  ,0,0,0,0,0,0,0,0,0,-15000,0,0,0,0,15000,-15000,-15000
054154,智易國泰97購01  ,0,0,0,0,0,0,0,0,0,-15000,0,0,0,0,15000,-15000,-15000
055604,訊芯元大98購02  ,0,0,0,0,0,0,0,0,0,-15000,0,0,0,5000,20000,-15000,-15000
055713,國巨元大98購09  ,0,0,0,0,0,0,0,0,0,-15000,0,0,0,36000,51000,-15000,-15000
054749,聯茂凱基98購01  ,0,0,0,0,0,0,0,0,0,-15000,0,0,0,0,15000,-15000,-15000
054776,矽創國票98購01  ,0,0,0,0,0,0,0,0,0,-15000,0,0,0,0,15000,-15000,-15000
056746,超眾凱基99購01  ,0,0,0,0,0,0,0,0,0,-15000,0,0,0,44000,59000,-15000,-15000
057230,建準凱基98購02  ,0,0,0,0,0,0,0,0,0,-15000,0,0,0,0,15000,-15000,-15000
056279,新日興富邦99購01,0,0,0,0,0,0,0,0,0,-15000,0,0,0,2000,17000,-15000,-15000
056615,燿華永豐98購02  ,0,0,0,0,0,0,0,0,0,-15000,0,0,0,5000,20000,-15000,-15000
056385,創意國泰99購01  ,0,0,0,0,0,0,0,0,0,-15000,0,0,0,89000,104000,-15000,-15000
057890,滬深反統一98購01,0,0,0,0,0,0,0,0,0,-15000,0,0,0,0,15000,-15000,-15000
057738,旺宏富邦9A購01  ,0,0,0,0,0,0,0,0,0,-15000,0,0,0,0,15000,-15000,-15000
061901,柏文永豐9B購01  ,0,0,0,0,0,0,0,0,0,-15000,0,0,0,24000,39000,-15000,-15000
061870,智邦元大9B購02  ,0,0,0,0,0,0,0,0,0,-15000,0,0,0,100000,115000,-15000,-15000
060090,台積電元大99購55,0,0,0,0,0,0,0,0,0,-15000,0,0,0,0,15000,-15000,-15000
061397,上銀台新9A購01  ,0,0,0,0,0,0,0,0,0,-15000,0,0,0,0,15000,-15000,-15000
061392,泰鼎群益9A購02  ,0,0,0,0,0,0,0,0,0,-15000,0,0,0,0,15000,-15000,-15000
059323,新日興元大99購02,0,0,0,0,0,0,0,0,0,-15000,0,0,0,0,15000,-15000,-15000
059264,台光電中信99購02,0,0,0,0,0,0,0,0,0,-15000,0,0,0,26000,41000,-15000,-15000
058399,美律元大99購05  ,0,0,0,0,0,0,0,0,0,-15000,0,0,0,100000,115000,-15000,-15000
058368,奇鋐凱基9A購01  ,0,0,0,0,0,0,0,0,0,-15000,0,0,0,20000,35000,-15000,-15000
060496,滬深2X元大9A購05,0,0,0,0,0,0,0,0,0,-15000,0,0,0,0,15000,-15000,-15000
062265,南茂元大9B購01  ,0,0,0,0,0,0,0,0,0,-15000,0,0,0,59000,74000,-15000,-15000
062354,台達電元大9B購01,0,0,0,0,0,0,0,0,0,-15000,0,0,0,34000,49000,-15000,-15000
062377,力成元大9B購01  ,0,0,0,0,0,0,0,0,0,-15000,0,0,0,72000,87000,-15000,-15000
062160,南六凱基9B購01  ,0,0,0,0,0,0,0,0,0,-15000,0,0,0,72000,87000,-15000,-15000
058622,國巨國票99購07  ,0,0,0,0,0,0,0,0,0,-15000,0,0,0,45000,60000,-15000,-15000
062094,台積電富邦9C購12,0,0,0,0,0,0,0,0,0,-15000,0,0,0,0,15000,-15000,-15000
059198,華新科永豐99購06,0,0,0,0,0,0,0,0,0,-15000,0,0,0,15000,30000,-15000,-15000
059219,旺宏元大99購12  ,0,0,0,0,0,0,0,0,0,-15000,0,0,0,0,15000,-15000,-15000
059147,矽創國票99購01  ,0,0,0,0,0,0,0,0,0,-15000,0,0,0,0,15000,-15000,-15000
059929,華新科富邦9C購03,0,0,0,0,0,0,0,0,0,-15000,0,0,0,0,15000,-15000,-15000
059908,元金2X元大99購01,0,0,0,0,0,0,0,0,0,-15000,0,0,0,15000,30000,-15000,-15000
060929,健策永豐9A購01  ,0,0,0,0,0,0,0,0,0,-15000,0,0,0,7000,22000,-15000,-15000
060874,中鋼中信02購01  ,0,0,0,0,0,0,0,0,0,-15000,0,0,0,5000,20000,-15000,-15000
060341,國巨統一9C購02  ,0,0,0,0,0,0,0,0,0,-15000,0,0,0,1000,16000,-15000,-15000
058877,T50反1國泰9B購01,0,0,0,0,0,0,0,0,0,-15000,0,0,0,15000,30000,-15000,-15000
058977,SGBR2X凱基03購01,0,0,0,0,0,0,0,0,0,-15000,0,0,0,0,15000,-15000,-15000
059012,臺股指元大9A購31,0,0,0,0,0,0,0,0,0,-15000,0,0,0,0,15000,-15000,-15000
059004,嘉晶元大99購05  ,0,0,0,0,0,0,0,0,0,-15000,0,0,0,23000,38000,-15000,-15000
063919,大立光元富03購01,0,0,0,0,0,0,0,0,0,-15000,0,0,0,0,15000,-15000,-15000
064125,聯發科元大02購01,0,0,0,0,0,0,0,0,0,-15000,0,0,0,0,15000,-15000,-15000
064113,新日興國票01購01,0,0,0,0,0,0,0,0,0,-15000,0,0,0,0,15000,-15000,-15000
063984,華邦電國泰02購01,0,0,0,0,0,0,0,0,0,-15000,0,0,0,0,15000,-15000,-15000
064046,聯發科統一9C購12,0,0,0,0,0,0,0,0,0,-15000,0,0,0,15000,30000,-15000,-15000
064305,健鼎兆豐9C購02  ,0,0,0,0,0,0,0,0,0,-15000,0,0,0,15000,30000,-15000,-15000
064222,玉山金國票01購01,0,0,0,0,0,0,0,0,0,-15000,0,0,0,48000,63000,-15000,-15000
064220,力山國票01購01  ,0,0,0,0,0,0,0,0,0,-15000,0,0,0,0,15000,-15000,-15000
06376P,上銀統一99售01  ,0,0,0,0,0,0,0,0,0,-15000,0,0,0,7000,22000,-15000,-15000
063750,和鑫國票9B購01  ,0,0,0,0,0,0,0,0,0,-15000,0,0,0,0,15000,-15000,-15000
063325,SP黃豆國票9C購02,0,0,0,0,0,0,0,0,0,-15000,0,0,0,0,15000,-15000,-15000
063359,泰鼎國泰01購01  ,0,0,0,0,0,0,0,0,0,-15000,0,0,0,83000,98000,-15000,-15000
06326P,鴻海中信01售01  ,0,0,0,0,0,0,0,0,0,-15000,0,0,0,738000,753000,-15000,-15000
062990,台積電群益9B購06,0,0,0,0,0,0,0,0,0,-15000,0,0,0,37000,52000,-15000,-15000
063041,貿聯凱基9B購01  ,0,0,0,0,0,0,0,0,0,-15000,0,0,0,0,15000,-15000,-15000
063113,聯茂兆豐9B購01  ,0,0,0,0,0,0,0,0,0,-15000,0,0,0,0,15000,-15000,-15000
062753,台積電麥證9B購01,0,0,0,0,15000,-15000,0,0,0,-15000,0,0,0,0,15000,-15000,-15000
062738,可成國票9B購02  ,0,0,0,0,0,0,0,0,0,-15000,0,0,0,0,15000,-15000,-15000
062643,緯穎國票9B購01  ,0,0,0,0,0,0,0,0,0,-15000,0,0,0,1000,16000,-15000,-15000
9927,泰銘            ,4000,19000,-15000,0,0,0,0,0,0,0,0,0,0,0,0,0,-15000
6166,凌華            ,163000,179000,-16000,0,0,0,0,0,0,1000,3000,2000,1000,0,0,0,-15000
8201,無敵            ,7000,20000,-13000,0,0,0,0,0,0,-2000,0,2000,-2000,0,0,0,-15000
07233P,台灣50元大99售04,0,0,0,0,0,0,0,0,0,-16000,0,0,0,74000,90000,-16000,-16000
06788P,臺股指元大98售05,0,0,0,0,0,0,0,0,0,-16000,0,0,0,100000,116000,-16000,-16000
07374P,鴻海元大99售41  ,0,0,0,0,0,0,0,0,0,-16000,0,0,0,3000,19000,-16000,-16000
08150P,立積國票9C售01  ,0,0,0,0,0,0,0,0,0,-16000,0,0,0,0,16000,-16000,-16000
08468P,台郡統一9C售02  ,0,0,0,0,0,0,0,0,0,-16000,0,0,0,20000,36000,-16000,-16000
060088,國巨元大99購30  ,0,0,0,0,0,0,0,0,0,-16000,0,0,0,1000,17000,-16000,-16000
060125,強茂永豐99購01  ,0,0,0,0,0,0,0,0,0,-16000,0,0,0,0,16000,-16000,-16000
057907,台達電亞東99購01,0,0,0,0,0,0,0,0,0,-16000,0,0,0,0,16000,-16000,-16000
057865,富邦金凱基98購01,0,0,0,0,0,0,0,0,0,-16000,0,0,0,119000,135000,-16000,-16000
056592,台積電元富98購01,0,0,0,0,0,0,0,0,0,-16000,0,0,0,1315000,1331000,-16000,-16000
058115,台光電中信99購01,0,0,0,0,0,0,0,0,0,-16000,0,0,0,0,16000,-16000,-16000
056772,欣興元大99購01  ,0,0,0,0,0,0,0,0,0,-16000,0,0,0,21000,37000,-16000,-16000
056523,光寶科中信98購01,0,0,0,0,0,0,0,0,0,-16000,0,0,0,42000,58000,-16000,-16000
055700,緯穎國泰98購02  ,0,0,0,0,0,0,0,0,0,-16000,0,0,0,0,16000,-16000,-16000
054845,智邦兆豐98購01  ,0,0,0,0,0,0,0,0,0,-16000,0,0,0,10000,26000,-16000,-16000
057022,智邦凱基98購04  ,0,0,0,0,0,0,0,0,0,-16000,0,0,0,0,16000,-16000,-16000
055167,友訊統一97購01  ,0,0,0,0,0,0,0,0,0,-16000,0,0,0,0,16000,-16000,-16000
053115,滬深2X中信97購01,0,0,0,0,0,0,0,0,0,-16000,0,0,0,0,16000,-16000,-16000
03450B,臺股指元大9C熊23,0,0,0,0,0,0,0,0,0,-16000,0,0,0,4000,20000,-16000,-16000
058996,台達電元大99購02,0,0,0,0,0,0,0,0,0,-16000,0,0,0,5000,21000,-16000,-16000
059085,鴻海元大99購25  ,0,0,0,0,0,0,0,0,0,-16000,0,0,0,33000,49000,-16000,-16000
059934,華通永豐99購02  ,0,0,0,0,0,0,0,0,0,-16000,0,0,0,10000,26000,-16000,-16000
062195,聚陽中信9C購01  ,0,0,0,0,0,0,0,0,0,-16000,0,0,0,0,16000,-16000,-16000
059438,群創元大99購06  ,0,0,0,0,0,0,0,0,0,-16000,0,0,0,0,16000,-16000,-16000
062728,健策凱基9B購04  ,0,0,0,0,0,0,0,0,0,-16000,0,0,0,1000,17000,-16000,-16000
063103,技嘉群益9B購01  ,0,0,0,0,0,0,0,0,0,-16000,0,0,0,95000,111000,-16000,-16000
063150,聯發科元富05購03,0,0,0,0,0,0,0,0,0,-16000,0,0,0,0,16000,-16000,-16000
062923,緯穎元大9B購06  ,0,0,0,0,0,0,0,0,0,-16000,0,0,0,20000,36000,-16000,-16000
062907,可成元大9C購03  ,0,0,0,0,0,0,0,0,0,-16000,0,0,0,64000,80000,-16000,-16000
063352,上銀元富9B購02  ,0,0,0,0,0,0,0,0,0,-16000,0,0,0,74000,90000,-16000,-16000
063429,南電凱基01購01  ,0,0,0,0,0,0,0,0,0,-16000,0,0,0,0,16000,-16000,-16000
063535,聯發科統一9B購13,0,0,0,0,0,0,0,0,0,-16000,0,0,0,11000,27000,-16000,-16000
064155,大立光統一01購05,0,0,0,0,0,0,0,0,0,-16000,0,0,0,0,16000,-16000,-16000
064331,微星元大9C購03  ,0,0,0,0,0,0,0,0,0,-16000,0,0,0,20000,36000,-16000,-16000
064126,聯發科元大9C購05,0,0,0,0,0,0,0,0,0,-16000,0,0,0,28000,44000,-16000,-16000
064987,勤誠元大9C購02  ,0,0,0,0,0,0,0,0,0,-16000,0,0,0,0,16000,-16000,-16000
8072,陞泰            ,9000,25000,-16000,0,0,0,0,0,0,0,0,0,0,0,0,0,-16000
3583,辛耘            ,27000,43000,-16000,0,0,0,0,0,0,0,0,0,0,0,0,0,-16000
08557P,臺股指中信01售09,0,0,0,0,0,0,0,0,0,-17000,0,0,0,1000,18000,-17000,-17000
08599P,台表科元大9C售11,0,0,0,0,0,0,0,0,0,-17000,0,0,0,0,17000,-17000,-17000
08610P,鴻海凱基9C售05  ,0,0,0,0,0,0,0,0,0,-17000,0,0,0,0,17000,-17000,-17000
08026P,臺股指凱基9B售12,0,0,0,0,0,0,0,0,0,-17000,0,0,0,3000,20000,-17000,-17000
07941P,國巨凱基9B售07  ,0,0,0,0,0,0,0,0,0,-17000,0,0,0,40000,57000,-17000,-17000
08014P,微星凱基9B售02  ,0,0,0,0,0,0,0,0,0,-17000,0,0,0,3000,20000,-17000,-17000
1709,和益            ,29000,45000,-16000,0,0,0,0,0,0,-1000,0,1000,-1000,0,0,0,-17000
2373,震旦行          ,0,15000,-15000,0,0,0,0,0,0,-2000,0,2000,-2000,0,0,0,-17000
1906,寶隆            ,0,17000,-17000,0,0,0,0,0,0,0,0,0,0,0,0,0,-17000
3015,全漢            ,54000,53000,1000,0,0,0,0,0,0,-18000,0,18000,-18000,0,0,0,-17000
06551P,貿聯元大98售05  ,0,0,0,0,0,0,0,0,0,-17000,0,0,0,0,17000,-17000,-17000
065556,旭富凱基9C購02  ,0,0,0,0,0,0,0,0,0,-17000,0,0,0,0,17000,-17000,-17000
053378,台積電元大98購02,0,0,0,0,0,0,0,0,0,-17000,0,0,0,10000,27000,-17000,-17000
00866,新光Shiller CAPE,0,0,0,0,0,0,0,0,0,-17000,0,0,0,26000,43000,-17000,-17000
057043,台積電元大99購02,0,0,0,0,0,0,0,0,0,-17000,0,0,0,127000,144000,-17000,-17000
057353,玉晶光統一99購01,0,0,0,0,0,0,0,0,0,-17000,0,0,0,22000,39000,-17000,-17000
056237,智邦群益97購02  ,0,0,0,0,0,0,0,0,0,-17000,0,0,0,0,17000,-17000,-17000
056558,台達電群益98購01,0,0,0,0,0,0,0,0,0,-17000,0,0,0,33000,50000,-17000,-17000
056428,台達電凱基99購01,0,0,0,0,0,0,0,0,0,-17000,0,0,0,19000,36000,-17000,-17000
058367,大立光凱基9A購01,0,0,0,0,0,0,0,0,0,-17000,0,0,0,3000,20000,-17000,-17000
060545,台積電凱基9B購02,0,0,0,0,0,0,0,0,0,-17000,0,0,0,73000,90000,-17000,-17000
059268,鎧勝中信01購01  ,0,0,0,0,0,0,0,0,0,-17000,0,0,0,0,17000,-17000,-17000
061420,國巨元大9A購22  ,0,0,0,0,0,0,0,0,0,-17000,0,0,0,4000,21000,-17000,-17000
061696,南茂群益9A購01  ,0,0,0,0,0,0,0,0,0,-17000,0,0,0,5000,22000,-17000,-17000
060065,大立光兆豐9B購01,0,0,0,0,0,0,0,0,0,-17000,0,0,0,0,17000,-17000,-17000
06444P,大立光凱基98售08,0,0,0,0,0,0,0,0,0,-17000,0,0,0,10000,27000,-17000,-17000
064753,英業達凱基9C購01,0,0,0,0,0,0,0,0,0,-17000,0,0,0,10000,27000,-17000,-17000
063274,鈺齊兆豐9B購01  ,0,0,0,0,0,0,0,0,0,-17000,0,0,0,53000,70000,-17000,-17000
4438,廣越            ,5000,21000,-16000,0,0,0,0,0,0,-1000,0,1000,-1000,0,0,0,-17000
5234,達興材料        ,4000,20000,-16000,0,0,0,0,0,0,-1000,0,1000,-1000,0,0,0,-17000
6115,鎰勝            ,12000,27000,-15000,0,0,0,0,0,0,-2000,0,2000,-2000,0,0,0,-17000
8411,福貞-KY         ,0,10000,-10000,0,0,0,0,0,0,-7000,0,7000,-7000,0,0,0,-17000
065542,緯穎統一01購05  ,0,0,0,0,0,0,0,0,0,-18000,0,0,0,0,18000,-18000,-18000
06683P,訊芯元大98售07  ,0,0,0,0,0,0,0,0,0,-18000,0,0,0,0,18000,-18000,-18000
3028,增你強          ,5000,22000,-17000,0,0,0,0,0,0,-1000,0,1000,-1000,0,0,0,-18000
2516,新建            ,9000,27000,-18000,0,0,0,0,0,0,0,0,0,0,0,0,0,-18000
08325P,臺股指凱基9C售08,0,0,0,0,0,0,0,0,0,-18000,0,0,0,53000,71000,-18000,-18000
057548,微星凱基99購01  ,0,0,0,0,0,0,0,0,0,-18000,0,0,0,222000,240000,-18000,-18000
057314,全新麥證98購01  ,0,0,0,0,18000,-18000,0,0,0,-18000,0,0,0,0,18000,-18000,-18000
01002T,土銀國泰R1      ,0,18000,-18000,0,0,0,0,0,0,0,0,0,0,0,0,0,-18000
053654,聯發科凱基98購01,0,0,0,0,0,0,0,0,0,-18000,0,0,0,0,18000,-18000,-18000
053630,奇鋐兆豐97購01  ,0,0,0,0,0,0,0,0,0,-18000,0,0,0,22000,40000,-18000,-18000
060963,禾伸堂凱基9A購01,0,0,0,0,0,0,0,0,0,-18000,0,0,0,0,18000,-18000,-18000
061067,貿聯凱基9A購03  ,0,0,0,0,0,0,0,0,0,-18000,0,0,0,68000,86000,-18000,-18000
058439,玉晶光統一01購02,0,0,0,0,0,0,0,0,0,-18000,0,0,0,0,18000,-18000,-18000
060334,群光康和9A購01  ,0,0,0,0,0,0,0,0,0,-18000,0,0,0,10000,28000,-18000,-18000
059115,美食永豐99購01  ,0,0,0,0,0,0,0,0,0,-18000,0,0,0,0,18000,-18000,-18000
062150,南六國票9B購01  ,0,0,0,0,0,0,0,0,0,-18000,0,0,0,0,18000,-18000,-18000
062391,台達電富邦9C購01,0,0,0,0,0,0,0,0,0,-18000,0,0,0,70000,88000,-18000,-18000
06239P,奇力新元大97售08,0,0,0,0,0,0,0,0,0,-18000,0,0,0,35000,53000,-18000,-18000
062281,奇鋐群益9B購01  ,0,0,0,0,0,0,0,0,0,-18000,0,0,0,29000,47000,-18000,-18000
061374,力山永豐9A購04  ,0,0,0,0,0,0,0,0,0,-18000,0,0,0,12000,30000,-18000,-18000
060665,康控凱基9A購01  ,0,0,0,0,0,0,0,0,0,-18000,0,0,0,55000,73000,-18000,-18000
063614,美食群益9B購03  ,0,0,0,0,0,0,0,0,0,-18000,0,0,0,0,18000,-18000,-18000
062546,新日興永豐9B購01,0,0,0,0,0,0,0,0,0,-18000,0,0,0,5000,23000,-18000,-18000
064939,健策元富9C購03  ,0,0,0,0,0,0,0,0,0,-18000,0,0,0,41000,59000,-18000,-18000
065064,創意群益9C購02  ,0,0,0,0,0,0,0,0,0,-18000,0,0,0,20000,38000,-18000,-18000
063899,同欣電群益9C購01,0,0,0,0,0,0,0,0,0,-18000,0,0,0,10000,28000,-18000,-18000
8473,山林水          ,0,17000,-17000,0,0,0,0,0,0,-1000,0,1000,-1000,0,0,0,-18000
6698,旭暉應材        ,5000,23000,-18000,0,0,0,0,0,0,0,0,0,0,0,0,0,-18000
08330P,聯發科統一9C售13,0,0,0,0,0,0,0,0,0,-19000,0,0,0,1000,20000,-19000,-19000
1225,福懋油          ,4000,31000,-27000,0,0,0,8000,0,8000,0,0,0,0,0,0,0,-19000
08098P,大立光凱基9B售09,0,0,0,0,0,0,0,0,0,-19000,0,0,0,21000,40000,-19000,-19000
08264P,南電元大9C售02  ,0,0,0,0,0,0,0,0,0,-19000,0,0,0,3000,22000,-19000,-19000
08229P,祥碩國票9B售04  ,0,0,0,0,0,0,0,0,0,-19000,0,0,0,31000,50000,-19000,-19000
3305,昇貿            ,9000,26000,-17000,0,0,0,0,0,0,-2000,0,2000,-2000,0,0,0,-19000
2397,友通            ,3000,16000,-13000,0,0,0,0,0,0,-6000,0,6000,-6000,0,0,0,-19000
065420,中租國票01購01  ,0,0,0,0,0,0,0,0,0,-19000,0,0,0,0,19000,-19000,-19000
065211,世芯國票01購03  ,0,0,0,0,0,0,0,0,0,-19000,0,0,0,73000,92000,-19000,-19000
054072,台積電富邦98購02,0,0,0,0,0,0,0,0,0,-19000,0,0,0,0,19000,-19000,-19000
00733,富邦臺灣中小    ,0,0,0,0,0,0,0,0,0,-19000,0,0,0,229000,248000,-19000,-19000
053390,彩晶元大9A購01  ,0,0,0,0,0,0,0,0,0,-19000,0,0,0,0,19000,-19000,-19000
058010,帆宣國票98購01  ,0,0,0,0,0,0,0,0,0,-19000,0,0,0,18000,37000,-19000,-19000
057335,技嘉國票99購01  ,0,0,0,0,0,0,0,0,0,-19000,0,0,0,65000,84000,-19000,-19000
057508,康控國票99購03  ,0,0,0,0,0,0,0,0,0,-19000,0,0,0,9000,28000,-19000,-19000
057483,微星元大98購04  ,0,0,0,0,0,0,0,0,0,-19000,0,0,0,1000,20000,-19000,-19000
061365,國巨國票9B購05  ,0,0,0,0,0,0,0,0,0,-19000,0,0,0,63000,82000,-19000,-19000
062208,旭富國票9C購01  ,0,0,0,0,0,0,0,0,0,-19000,0,0,0,0,19000,-19000,-19000
061994,瑞儀元大9B購01  ,0,0,0,0,0,0,0,0,0,-19000,0,0,0,0,19000,-19000,-19000
062055,鴻海統一9C購07  ,0,0,0,0,0,0,0,0,0,-19000,0,0,0,49000,68000,-19000,-19000
061498,大立光國票9A購10,0,0,0,0,0,0,0,0,0,-19000,0,0,0,0,19000,-19000,-19000
059559,T50反1凱基99購07,0,0,0,0,0,0,0,0,0,-19000,0,0,0,0,19000,-19000,-19000
060367,緯穎元富9A購02  ,0,0,0,0,0,0,0,0,0,-19000,0,0,0,66000,85000,-19000,-19000
060368,緯穎元富9A購03  ,0,0,0,0,0,0,0,0,0,-19000,0,0,0,4000,23000,-19000,-19000
059663,旭富元大9C購02  ,0,0,0,0,0,0,0,0,0,-19000,0,0,0,26000,45000,-19000,-19000
059199,欣興永豐99購02  ,0,0,0,0,0,0,0,0,0,-19000,0,0,0,2000,21000,-19000,-19000
059241,旺宏凱基99購07  ,0,0,0,0,0,0,0,0,0,-19000,0,0,0,2000,21000,-19000,-19000
062543,華通富邦9C購01  ,0,0,0,0,0,0,0,0,0,-19000,0,0,0,36000,55000,-19000,-19000
062423,聯發科統一9C購07,0,0,0,0,0,0,0,0,0,-19000,0,0,0,35000,54000,-19000,-19000
062857,SP黃豆國票9C購01,0,0,0,0,0,0,0,0,0,-19000,0,0,0,0,19000,-19000,-19000
063616,上銀兆豐9C購01  ,0,0,0,0,0,0,0,0,0,-19000,0,0,0,0,19000,-19000,-19000
063385,可成中信9C購01  ,0,0,0,0,0,0,0,0,0,-19000,0,0,0,3000,22000,-19000,-19000
9908,大台北          ,45000,45000,0,0,0,0,0,0,0,-19000,0,19000,-19000,0,0,0,-19000
065117,臺股指國票9C購14,0,0,0,0,0,0,0,0,0,-20000,0,0,0,0,20000,-20000,-20000
065320,技嘉凱基9C購02  ,0,0,0,0,0,0,0,0,0,-20000,0,0,0,30000,50000,-20000,-20000
065261,技嘉元大9C購03  ,0,0,0,0,0,0,0,0,0,-20000,0,0,0,8000,28000,-20000,-20000
065440,台積電麥證9C購02,0,0,0,0,20000,-20000,0,0,0,-20000,0,0,0,0,20000,-20000,-20000
065536,健鼎統一02購04  ,0,0,0,0,0,0,0,0,0,-20000,0,0,0,0,20000,-20000,-20000
06718P,聯詠元大98售01  ,0,0,0,0,0,0,0,0,0,-20000,0,0,0,0,20000,-20000,-20000
06675P,國巨國票99售02  ,0,0,0,0,0,0,0,0,0,-20000,0,0,0,0,20000,-20000,-20000
06633P,國巨國票99售01  ,0,0,0,0,0,0,0,0,0,-20000,0,0,0,336000,356000,-20000,-20000
06630P,國巨群益98售08  ,0,0,0,0,0,0,0,0,0,-20000,0,0,0,100000,120000,-20000,-20000
065607,聯詠元大9C購02  ,0,0,0,0,0,0,0,0,0,-20000,0,0,0,29000,49000,-20000,-20000
065686,同欣電統一03購01,0,0,0,0,0,0,0,0,0,-20000,0,0,0,0,20000,-20000,-20000
065641,台積電元大9C購12,0,0,0,0,0,0,0,0,0,-20000,0,0,0,0,20000,-20000,-20000
07515P,台積電元大9A售15,0,0,0,0,0,0,0,0,0,-20000,0,0,0,0,20000,-20000,-20000
07684P,大立光凱基9A售11,0,0,0,0,0,0,0,0,0,-20000,0,0,0,0,20000,-20000,-20000
07009P,臺股指中信9B售01,0,0,0,0,0,0,0,0,0,-20000,0,0,0,0,20000,-20000,-20000
06917P,聯電亞東99售01  ,0,0,0,0,0,0,0,0,0,-20000,0,0,0,0,20000,-20000,-20000
07300P,臺股指元大9A售33,0,0,0,0,0,0,0,0,0,-20000,0,0,0,0,20000,-20000,-20000
07169P,臺股指國票99售06,0,0,0,0,0,0,0,0,0,-20000,0,0,0,0,20000,-20000,-20000
1587,吉茂            ,33000,53000,-20000,0,0,0,0,0,0,0,0,0,0,0,0,0,-20000
1612,宏泰            ,17000,36000,-19000,0,0,0,0,0,0,-1000,0,1000,-1000,0,0,0,-20000
2904,匯僑            ,0,18000,-18000,0,0,0,0,0,0,-2000,0,2000,-2000,0,0,0,-20000
2882A,國泰特          ,0,0,0,0,0,0,0,0,0,-20000,44000,64000,-20000,0,0,0,-20000
08292P,華新科台新9C售01,0,0,0,0,0,0,0,0,0,-20000,0,0,0,0,20000,-20000,-20000
08155P,聯發科元富9B售05,0,0,0,0,0,0,0,0,0,-20000,0,0,0,20000,40000,-20000,-20000
08193P,同欣電國票9C售02,0,0,0,0,0,0,0,0,0,-20000,0,0,0,0,20000,-20000,-20000
08105P,景碩元大9B售01  ,0,0,0,0,0,0,0,0,0,-20000,0,0,0,100000,120000,-20000,-20000
08561P,台表科國票01售02,0,0,0,0,0,0,0,0,0,-20000,0,0,0,0,20000,-20000,-20000
08526P,義隆元大9C售04  ,0,0,0,0,0,0,0,0,0,-20000,0,0,0,3000,23000,-20000,-20000
08427P,義隆國票9C售01  ,0,0,0,0,0,0,0,0,0,-20000,0,0,0,0,20000,-20000,-20000
08424P,群創元富9C售03  ,0,0,0,0,0,0,0,0,0,-20000,0,0,0,0,20000,-20000,-20000
08385P,臺股指群益9C售13,0,0,0,0,0,0,0,0,0,-20000,0,0,0,0,20000,-20000,-20000
08403P,上銀元大9C售07  ,0,0,0,0,0,0,0,0,0,-20000,0,0,0,0,20000,-20000,-20000
061750,台達電台新9B購01,0,0,0,0,0,0,0,0,0,-20000,0,0,0,5000,25000,-20000,-20000
058969,亞德客永豐99購01,0,0,0,0,0,0,0,0,0,-20000,0,0,0,11000,31000,-20000,-20000
058948,道瓊銀群益9C購01,0,0,0,0,0,0,0,0,0,-20000,0,0,0,0,20000,-20000,-20000
058941,華新科中信99購03,0,0,0,0,0,0,0,0,0,-20000,0,0,0,0,20000,-20000,-20000
061867,旺宏元大9B購02  ,0,0,0,0,0,0,0,0,0,-20000,0,0,0,0,20000,-20000,-20000
057527,億光元大98購01  ,0,0,0,0,0,0,0,0,0,-20000,0,0,0,0,20000,-20000,-20000
057513,智邦台新98購01  ,0,0,0,0,0,0,0,0,0,-20000,0,0,0,0,20000,-20000,-20000
056382,道瓊反國泰9A購01,0,0,0,0,0,0,0,0,0,-20000,0,0,0,0,20000,-20000,-20000
056364,亞光元大99購02  ,0,0,0,0,0,0,0,0,0,-20000,0,0,0,100000,120000,-20000,-20000
057851,鴻海國票99購06  ,0,0,0,0,0,0,0,0,0,-20000,0,0,0,0,20000,-20000,-20000
057842,緯穎富邦99購02  ,0,0,0,0,0,0,0,0,0,-20000,0,0,0,0,20000,-20000,-20000
057930,旺宏群益99購04  ,0,0,0,0,0,0,0,0,0,-20000,0,0,0,0,20000,-20000,-20000
057672,茂林元大98購02  ,0,0,0,0,0,0,0,0,0,-20000,0,0,0,0,20000,-20000,-20000
057785,智邦國票99購02  ,0,0,0,0,0,0,0,0,0,-20000,0,0,0,0,20000,-20000,-20000
057763,康控凱基99購02  ,0,0,0,0,0,0,0,0,0,-20000,0,0,0,0,20000,-20000,-20000
057355,彩晶統一98購03  ,0,0,0,0,0,0,0,0,0,-20000,0,0,0,0,20000,-20000,-20000
057323,智邦群益98購01  ,0,0,0,0,0,0,0,0,0,-20000,0,0,0,0,20000,-20000,-20000
056794,上銀麥證98購01  ,0,0,0,52000,72000,-20000,0,0,0,-20000,0,0,0,52000,72000,-20000,-20000
056734,國巨凱基99購01  ,0,0,0,0,0,0,0,0,0,-20000,0,0,0,0,20000,-20000,-20000
056919,英業達兆豐98購01,0,0,0,0,0,0,0,0,0,-20000,0,0,0,0,20000,-20000,-20000
056602,嘉澤國泰99購01  ,0,0,0,0,0,0,0,0,0,-20000,0,0,0,0,20000,-20000,-20000
056691,元油2X群益9B購01,0,0,0,0,0,0,0,0,0,-20000,0,0,0,0,20000,-20000,-20000
056664,上証反中信9B購01,0,0,0,0,0,0,0,0,0,-20000,0,0,0,0,20000,-20000,-20000
056164,聯茂凱基98購03  ,0,0,0,0,0,0,0,0,0,-20000,0,0,0,0,20000,-20000,-20000
05721P,全新群益98售02  ,0,0,0,0,0,0,0,0,0,-20000,0,0,0,0,20000,-20000,-20000
058172,國巨凱基9B購02  ,0,0,0,0,0,0,0,0,0,-20000,0,0,0,0,20000,-20000,-20000
058069,美律凱基99購05  ,0,0,0,0,0,0,0,0,0,-20000,0,0,0,20000,40000,-20000,-20000
055131,茂林康和97購01  ,0,0,0,0,0,0,0,0,0,-20000,0,0,0,170000,190000,-20000,-20000
055080,正崴中信99購01  ,0,0,0,0,0,0,0,0,0,-20000,0,0,0,0,20000,-20000,-20000
054846,瑞昱兆豐97購01  ,0,0,0,0,0,0,0,0,0,-20000,0,0,0,0,20000,-20000,-20000
054446,美食兆豐97購01  ,0,0,0,0,0,0,0,0,0,-20000,0,0,0,0,20000,-20000,-20000
054269,台光電亞東98購01,0,0,0,0,0,0,0,0,0,-20000,0,0,0,0,20000,-20000,-20000
054555,欣興凱基98購01  ,0,0,0,0,0,0,0,0,0,-20000,0,0,0,10000,30000,-20000,-20000
054924,景碩凱基98購01  ,0,0,0,0,0,0,0,0,0,-20000,0,0,0,0,20000,-20000,-20000
054758,南亞國票9A購01  ,0,0,0,0,0,0,0,0,0,-20000,0,0,0,0,20000,-20000,-20000
03020X,元展20          ,0,0,0,0,0,0,0,0,0,-20000,0,0,0,0,20000,-20000,-20000
03686C,臺股指元大04牛05,0,0,0,0,0,0,0,0,0,-20000,0,0,0,7000,27000,-20000,-20000
052694,開發金中信98購01,0,0,0,0,0,0,0,0,0,-20000,0,0,0,0,20000,-20000,-20000
00660,元大歐洲50      ,0,0,0,0,0,0,0,0,0,-20000,0,0,0,14000,34000,-20000,-20000
053811,國巨群益98購02  ,0,0,0,0,0,0,0,0,0,-20000,0,0,0,0,20000,-20000,-20000
056006,義隆亞東97購01  ,0,0,0,0,0,0,0,0,0,-20000,0,0,0,10000,30000,-20000,-20000
053609,華新中信9A購01  ,0,0,0,0,0,0,0,0,0,-20000,0,0,0,0,20000,-20000,-20000
053727,麗豐凱基97購01  ,0,0,0,0,0,0,0,0,0,-20000,0,0,0,20000,40000,-20000,-20000
053798,台積電中信98購02,0,0,0,0,0,0,0,0,0,-20000,0,0,0,0,20000,-20000,-20000
053768,S&P反1元大99購01,0,0,0,0,0,0,0,0,0,-20000,0,0,0,0,20000,-20000,-20000
055894,欣興統一97購03  ,0,0,0,0,0,0,0,0,0,-20000,0,0,0,5000,25000,-20000,-20000
052112,滬深2X中信99購01,0,0,0,0,0,0,0,0,0,-20000,0,0,0,0,20000,-20000,-20000
055787,聯茂凱基99購01  ,0,0,0,0,0,0,0,0,0,-20000,0,0,0,1000,21000,-20000,-20000
050915,健策中信98購01  ,0,0,0,0,0,0,0,0,0,-20000,0,0,0,0,20000,-20000,-20000
050797,聯發科中信99購01,0,0,0,0,0,0,0,0,0,-20000,0,0,0,1101000,1121000,-20000,-20000
051431,群創元富99購02  ,0,0,0,0,0,0,0,0,0,-20000,0,0,0,0,20000,-20000,-20000
059949,啟碁永豐99購01  ,0,0,0,0,0,0,0,0,0,-20000,0,0,0,0,20000,-20000,-20000
05957P,友達國票97售04  ,0,0,0,0,0,0,0,0,0,-20000,0,0,0,0,20000,-20000,-20000
060063,可成兆豐9B購01  ,0,0,0,0,0,0,0,0,0,-20000,0,0,0,0,20000,-20000,-20000
060015,國巨康和99購03  ,0,0,0,0,0,0,0,0,0,-20000,0,0,0,4000,24000,-20000,-20000
059987,大立光元大99購28,0,0,0,0,0,0,0,0,0,-20000,0,0,0,0,20000,-20000,-20000
060878,奇力新中信9C購01,0,0,0,0,0,0,0,0,0,-20000,0,0,0,0,20000,-20000,-20000
060774,南亞科凱基9A購01,0,0,0,0,0,0,0,0,0,-20000,0,0,0,0,20000,-20000,-20000
061271,聯茂凱基9A購04  ,0,0,0,0,0,0,0,0,0,-20000,0,0,0,0,20000,-20000,-20000
060742,臺指反國票9B購02,0,0,0,0,0,0,0,0,0,-20000,0,0,0,0,20000,-20000,-20000
061507,南電國票9A購05  ,0,0,0,0,0,0,0,0,0,-20000,0,0,0,34000,54000,-20000,-20000
061102,台積電元大9A購22,0,0,0,0,0,0,0,0,0,-20000,0,0,0,0,20000,-20000,-20000
061519,T50反1中信03購01,0,0,0,0,0,0,0,0,0,-20000,0,0,0,0,20000,-20000,-20000
059017,台灣50統一9B購03,0,0,0,0,0,0,0,0,0,-20000,0,0,0,0,20000,-20000,-20000
059028,嘉聯益台新99購02,0,0,0,0,0,0,0,0,0,-20000,0,0,0,0,20000,-20000,-20000
058994,道瓊指元大99購01,0,0,0,0,0,0,0,0,0,-20000,0,0,0,20000,40000,-20000,-20000
061136,可成統一9A購01  ,0,0,0,0,0,0,0,0,0,-20000,0,0,0,0,20000,-20000,-20000
060202,康友元富9A購01  ,0,0,0,0,0,0,0,0,0,-20000,0,0,0,10000,30000,-20000,-20000
060275,元黃金元大9A購01,0,0,0,0,0,0,0,0,0,-20000,0,0,0,0,20000,-20000,-20000
060242,潤泰全元大9C購01,0,0,0,0,0,0,0,0,0,-20000,0,0,0,0,20000,-20000,-20000
059129,麗豐中信99購01  ,0,0,0,0,0,0,0,0,0,-20000,0,0,0,0,20000,-20000,-20000
061215,健策元大9A購06  ,0,0,0,0,0,0,0,0,0,-20000,0,0,0,31000,51000,-20000,-20000
060350,元黃金元富9B購01,0,0,0,0,0,0,0,0,0,-20000,0,0,0,0,20000,-20000,-20000
058485,智邦國票9A購01  ,0,0,0,0,0,0,0,0,0,-20000,0,0,0,8000,28000,-20000,-20000
058486,大立光國票9A購01,0,0,0,0,0,0,0,0,0,-20000,0,0,0,0,20000,-20000,-20000
06213P,大立光元大98售07,0,0,0,0,0,0,0,0,0,-20000,0,0,0,0,20000,-20000,-20000
062114,GIS國票9C購01   ,0,0,0,0,0,0,0,0,0,-20000,0,0,0,180000,200000,-20000,-20000
062015,喬山永豐9B購01  ,0,0,0,0,0,0,0,0,0,-20000,0,0,0,0,20000,-20000,-20000
061698,智邦國票9A購04  ,0,0,0,0,0,0,0,0,0,-20000,0,0,0,0,20000,-20000,-20000
058571,緯穎凱基9A購02  ,0,0,0,0,0,0,0,0,0,-20000,0,0,0,47000,67000,-20000,-20000
061960,國巨統一01購05  ,0,0,0,0,0,0,0,0,0,-20000,0,0,0,10000,30000,-20000,-20000
062270,上銀群益9B購03  ,0,0,0,0,0,0,0,0,0,-20000,0,0,0,0,20000,-20000,-20000
061586,智邦富邦9A購02  ,0,0,0,0,0,0,0,0,0,-20000,0,0,0,0,20000,-20000,-20000
060435,鈺齊永豐9A購01  ,0,0,0,0,0,0,0,0,0,-20000,0,0,0,11000,31000,-20000,-20000
060557,南電凱基9A購02  ,0,0,0,0,0,0,0,0,0,-20000,0,0,0,0,20000,-20000,-20000
059397,T50反1元富99購05,0,0,0,0,0,0,0,0,0,-20000,0,0,0,0,20000,-20000,-20000
060492,元黃金元富9A購01,0,0,0,0,0,0,0,0,0,-20000,0,0,0,0,20000,-20000,-20000
063462,金像電元大9C購01,0,0,0,0,0,0,0,0,0,-20000,0,0,0,50000,70000,-20000,-20000
063428,矽創凱基9B購02  ,0,0,0,0,0,0,0,0,0,-20000,0,0,0,0,20000,-20000,-20000
063190,聯茂凱基9B購01  ,0,0,0,0,0,0,0,0,0,-20000,0,0,0,0,20000,-20000,-20000
063237,微星元大9B購02  ,0,0,0,0,0,0,0,0,0,-20000,0,0,0,0,20000,-20000,-20000
063565,旺宏元大9B購08  ,0,0,0,0,0,0,0,0,0,-20000,0,0,0,0,20000,-20000,-20000
063534,鴻海統一9B購07  ,0,0,0,0,0,0,0,0,0,-20000,0,0,0,33000,53000,-20000,-20000
063529,聯茂凱基9B購02  ,0,0,0,0,0,0,0,0,0,-20000,0,0,0,0,20000,-20000,-20000
063546,國巨兆豐9C購03  ,0,0,0,0,0,0,0,0,0,-20000,0,0,0,20000,40000,-20000,-20000
063553,同欣電國票9B購03,0,0,0,0,0,0,0,0,0,-20000,0,0,0,0,20000,-20000,-20000
063487,國巨國泰01購02  ,0,0,0,0,0,0,0,0,0,-20000,0,0,0,15000,35000,-20000,-20000
063508,緯創群益9B購01  ,0,0,0,0,0,0,0,0,0,-20000,0,0,0,81000,101000,-20000,-20000
063498,金像電永豐9B購02,0,0,0,0,0,0,0,0,0,-20000,0,0,0,0,20000,-20000,-20000
063727,鴻海元大9C購05  ,0,0,0,0,0,0,0,0,0,-20000,0,0,0,169000,189000,-20000,-20000
063737,大立光元大9C購07,0,0,0,0,0,0,0,0,0,-20000,0,0,0,0,20000,-20000,-20000
063789,智邦台新9C購01  ,0,0,0,0,0,0,0,0,0,-20000,0,0,0,2000,22000,-20000,-20000
06378P,國巨統一97售08  ,0,0,0,0,0,0,0,0,0,-20000,0,0,0,0,20000,-20000,-20000
063664,漢唐統一9C購01  ,0,0,0,0,0,0,0,0,0,-20000,0,0,0,0,20000,-20000,-20000
062809,同欣電統一9C購01,0,0,0,0,0,0,0,0,0,-20000,0,0,0,120000,140000,-20000,-20000
062810,華通兆豐9B購02  ,0,0,0,0,0,0,0,0,0,-20000,0,0,0,0,20000,-20000,-20000
063092,聯發科中信9B購03,0,0,0,0,0,0,0,0,0,-20000,0,0,0,10000,30000,-20000,-20000
062444,大立光元大9C購01,0,0,0,0,0,0,0,0,0,-20000,0,0,0,5000,25000,-20000,-20000
062459,聯詠群益9B購01  ,0,0,0,0,0,0,0,0,0,-20000,0,0,0,26000,46000,-20000,-20000
062671,國泰金中信03購01,0,0,0,0,0,0,0,0,0,-20000,0,0,0,10000,30000,-20000,-20000
06260P,臺股指群益97售13,0,0,0,0,0,0,0,0,0,-20000,0,0,0,0,20000,-20000,-20000
062586,國巨統一01購06  ,0,0,0,0,0,0,0,0,0,-20000,0,0,0,3000,23000,-20000,-20000
063951,新日興元大9C購01,0,0,0,0,0,0,0,0,0,-20000,0,0,0,30000,50000,-20000,-20000
064005,義隆凱基01購01  ,0,0,0,0,0,0,0,0,0,-20000,0,0,0,12000,32000,-20000,-20000
064428,裕隆凱基02購01  ,0,0,0,0,0,0,0,0,0,-20000,0,0,0,4000,24000,-20000,-20000
065061,聯發科群益9C購08,0,0,0,0,0,0,0,0,0,-20000,0,0,0,0,20000,-20000,-20000
06479P,聯發科中信99售02,0,0,0,0,0,0,0,0,0,-20000,0,0,0,0,20000,-20000,-20000
064915,美律統一02購02  ,0,0,0,0,0,0,0,0,0,-20000,0,0,0,173000,193000,-20000,-20000
064696,群創群益9C購02  ,0,0,0,0,0,0,0,0,0,-20000,0,0,0,0,20000,-20000,-20000
064551,鈺齊凱基9C購02  ,0,0,0,0,0,0,0,0,0,-20000,0,0,0,138000,158000,-20000,-20000
9905,大華            ,41000,55000,-14000,0,0,0,0,0,0,-6000,0,6000,-6000,0,0,0,-20000
5706,鳳凰            ,5000,25000,-20000,0,0,0,0,0,0,0,0,0,0,0,0,0,-20000
4967,十銓            ,146000,165000,-19000,0,0,0,0,0,0,-1000,1000,2000,-1000,0,0,0,-20000
08514P,華新科凱基9C售05,0,0,0,0,0,0,0,0,0,-21000,0,0,0,109000,130000,-21000,-21000
2496,卓越            ,0,22000,-22000,0,0,0,0,0,0,1000,1000,0,1000,0,0,0,-21000
06867P,訊芯元大98售08  ,0,0,0,0,0,0,0,0,0,-21000,0,0,0,0,21000,-21000,-21000
065667,台光電凱基01購01,0,0,0,0,0,0,0,0,0,-21000,0,0,0,0,21000,-21000,-21000
06671P,台積電群益98售04,0,0,0,0,0,0,0,0,0,-21000,0,0,0,29000,50000,-21000,-21000
06725P,聯電元富98售01  ,0,0,0,0,0,0,0,0,0,-21000,0,0,0,61000,82000,-21000,-21000
065213,南六國票01購03  ,0,0,0,0,0,0,0,0,0,-21000,0,0,0,0,21000,-21000,-21000
053489,上銀兆豐97購01  ,0,0,0,0,0,0,0,0,0,-21000,0,0,0,0,21000,-21000,-21000
055485,國巨元大97購09  ,0,0,0,0,0,0,0,0,0,-21000,0,0,0,0,21000,-21000,-21000
057167,台積電元大99購03,0,0,0,0,0,0,0,0,0,-21000,0,0,0,0,21000,-21000,-21000
057176,全新元大99購02  ,0,0,0,0,0,0,0,0,0,-21000,0,0,0,89000,110000,-21000,-21000
058122,美律國票9A購01  ,0,0,0,0,0,0,0,0,0,-21000,0,0,0,57000,78000,-21000,-21000
056343,高鐵凱基98購02  ,0,0,0,0,0,0,0,0,0,-21000,0,0,0,1000,22000,-21000,-21000
061490,茂林兆豐9B購01  ,0,0,0,0,0,0,0,0,0,-21000,0,0,0,0,21000,-21000,-21000
062320,南電凱基9B購03  ,0,0,0,0,0,0,0,0,0,-21000,0,0,0,56000,77000,-21000,-21000
058592,聯發科統一9C購01,0,0,0,0,0,0,0,0,0,-21000,0,0,0,22000,43000,-21000,-21000
058699,楠梓電元大99購02,0,0,0,0,0,0,0,0,0,-21000,0,0,0,84000,105000,-21000,-21000
061084,京元電兆豐9A購02,0,0,0,0,0,0,0,0,0,-21000,0,0,0,0,21000,-21000,-21000
061062,和大凱基9A購02  ,0,0,0,0,0,0,0,0,0,-21000,0,0,0,0,21000,-21000,-21000
059639,大立光凱基9A購06,0,0,0,0,0,0,0,0,0,-21000,0,0,0,5000,26000,-21000,-21000
060379,T50反1凱基9A購07,0,0,0,0,0,0,0,0,0,-21000,0,0,0,0,21000,-21000,-21000
064537,健鼎國票01購02  ,0,0,0,0,0,0,0,0,0,-21000,0,0,0,75000,96000,-21000,-21000
065014,南電國泰01購01  ,0,0,0,0,0,0,0,0,0,-21000,0,0,0,79000,100000,-21000,-21000
065029,微星兆豐9C購01  ,0,0,0,0,0,0,0,0,0,-21000,0,0,0,60000,81000,-21000,-21000
064948,致茂凱基01購01  ,0,0,0,0,0,0,0,0,0,-21000,0,0,0,0,21000,-21000,-21000
062620,台表科元大9B購04,0,0,0,0,0,0,0,0,0,-21000,0,0,0,78000,99000,-21000,-21000
063046,聯發科兆豐9C購01,0,0,0,0,0,0,0,0,0,-21000,0,0,0,6000,27000,-21000,-21000
063711,高鐵凱基9B購01  ,0,0,0,0,0,0,0,0,0,-21000,0,0,0,39000,60000,-21000,-21000
063577,台表科元大9C購04,0,0,0,0,0,0,0,0,0,-21000,0,0,0,9000,30000,-21000,-21000
063256,鴻海國泰01購02  ,0,0,0,0,0,0,0,0,0,-21000,0,0,0,101000,122000,-21000,-21000
063362,台表科國泰01購03,0,0,0,0,0,0,0,0,0,-21000,0,0,0,0,21000,-21000,-21000
3591,艾笛森          ,6000,25000,-19000,0,0,0,0,0,0,-2000,0,2000,-2000,0,0,0,-21000
4141,龍燈-KY         ,158000,179000,-21000,0,0,0,0,0,0,0,0,0,0,0,0,0,-21000
9188,精熙-DR         ,1000,22000,-21000,0,0,0,0,0,0,0,0,0,0,0,0,0,-21000
065198,玉晶光元富06購01,0,0,0,0,0,0,0,0,0,-22000,0,0,0,314000,336000,-22000,-22000
065188,玉晶光統一02購01,0,0,0,0,0,0,0,0,0,-22000,0,0,0,4000,26000,-22000,-22000
065658,聯發科富邦03購03,0,0,0,0,0,0,0,0,0,-22000,0,0,0,0,22000,-22000,-22000
06778P,台積電元大99售06,0,0,0,0,0,0,0,0,0,-22000,0,0,0,98000,120000,-22000,-22000
07121P,華新科凱基99售03,0,0,0,0,0,0,0,0,0,-22000,0,0,0,10000,32000,-22000,-22000
1737,臺鹽            ,21000,32000,-11000,0,0,0,0,0,0,-11000,0,11000,-11000,0,0,0,-22000
1446,宏和            ,4000,26000,-22000,0,0,0,0,0,0,0,0,0,0,0,0,0,-22000
1109,信大            ,9000,31000,-22000,0,0,0,0,0,0,0,0,0,0,0,0,0,-22000
08596P,聯發科國泰02售02,0,0,0,0,0,0,0,0,0,-22000,0,0,0,0,22000,-22000,-22000
08059P,京鼎元大9B售02  ,0,0,0,0,0,0,0,0,0,-22000,0,0,0,0,22000,-22000,-22000
056212,台光電國票98購03,0,0,0,0,0,0,0,0,0,-22000,0,0,0,0,22000,-22000,-22000
056945,鴻海統一98購12  ,0,0,0,0,0,0,0,0,0,-22000,0,0,0,615000,637000,-22000,-22000
056959,鴻海永豐98購03  ,0,0,0,0,0,0,0,0,0,-22000,0,0,0,0,22000,-22000,-22000
057683,技嘉日盛98購01  ,0,0,0,0,0,0,0,0,0,-22000,0,0,0,0,22000,-22000,-22000
049406,T50反1日盛97購01,0,0,0,0,0,0,0,0,0,-22000,0,0,0,0,22000,-22000,-22000
058440,玉晶光統一99購02,0,0,0,0,0,0,0,0,0,-22000,0,0,0,0,22000,-22000,-22000
061254,道瓊反凱基9A購02,0,0,0,0,0,0,0,0,0,-22000,0,0,0,0,22000,-22000,-22000
062248,國巨元大9B購08  ,0,0,0,0,0,0,0,0,0,-22000,0,0,0,9000,31000,-22000,-22000
060554,中租凱基9A購01  ,0,0,0,0,0,0,0,0,0,-22000,0,0,0,0,22000,-22000,-22000
060551,大立光凱基9B購02,0,0,0,0,0,0,0,0,0,-22000,0,0,0,0,22000,-22000,-22000
059424,SGBR2X元大9A購01,0,0,0,0,0,0,0,0,0,-22000,0,0,0,75000,97000,-22000,-22000
059403,T50反1台新03購03,0,0,0,0,0,0,0,0,0,-22000,0,0,0,0,22000,-22000,-22000
061626,超眾群益9A購02  ,0,0,0,0,0,0,0,0,0,-22000,0,0,0,70000,92000,-22000,-22000
061584,勤誠元大9A購01  ,0,0,0,0,0,0,0,0,0,-22000,0,0,0,39000,61000,-22000,-22000
063186,聯發科凱基9C購04,0,0,0,0,0,0,0,0,0,-22000,0,0,0,25000,47000,-22000,-22000
063170,智邦第一9B購01  ,0,0,0,0,0,0,0,0,0,-22000,0,0,0,3000,25000,-22000,-22000
063735,華新科元大9B購15,5000,0,5000,0,0,0,0,0,0,-27000,0,0,0,0,27000,-27000,-22000
062909,大立光元大9C購04,0,0,0,0,0,0,0,0,0,-22000,0,0,0,0,22000,-22000,-22000
062619,台表科元大9B購03,0,0,0,0,0,0,0,0,0,-22000,0,0,0,28000,50000,-22000,-22000
062417,鴻海統一9C購08  ,0,0,0,0,0,0,0,0,0,-22000,0,0,0,12000,34000,-22000,-22000
062540,茂林國泰9C購01  ,0,0,0,0,0,0,0,0,0,-22000,0,0,0,0,22000,-22000,-22000
064995,世紀鋼兆豐9C購01,0,0,0,0,0,0,0,0,0,-22000,0,0,0,0,22000,-22000,-22000
064589,聯鈞永豐9C購01  ,0,0,0,0,0,0,0,0,0,-22000,0,0,0,8000,30000,-22000,-22000
064224,玉晶光國票01購04,0,0,0,0,0,0,0,0,0,-22000,0,0,0,18000,40000,-22000,-22000
063921,大立光元富9C購03,0,0,0,0,0,0,0,0,0,-22000,0,0,0,13000,35000,-22000,-22000
4989,榮科            ,7000,24000,-17000,0,0,0,0,0,0,-5000,0,5000,-5000,0,0,0,-22000
08171P,嘉澤國票9C售01  ,0,0,0,0,0,0,0,0,0,-23000,0,0,0,0,23000,-23000,-23000
1603,華電            ,3000,26000,-23000,0,0,0,0,0,0,0,0,0,0,0,0,0,-23000
2486,一詮            ,43000,61000,-18000,0,0,0,0,0,0,-5000,0,5000,-5000,0,0,0,-23000
3454,晶睿            ,3000,29000,-26000,0,0,0,0,0,0,3000,4000,1000,3000,0,0,0,-23000
07751P,世紀鋼凱基9A售02,0,0,0,0,0,0,0,0,0,-23000,0,0,0,0,23000,-23000,-23000
065665,鴻海凱基9C購04  ,0,0,0,0,0,0,0,0,0,-23000,0,0,0,26000,49000,-23000,-23000
06688P,鴻海中信02售01  ,0,0,0,0,0,0,0,0,0,-23000,0,0,0,28000,51000,-23000,-23000
06553P,訊芯元大98售05  ,0,0,0,0,0,0,0,0,0,-23000,0,0,0,0,23000,-23000,-23000
03678C,臺股指凱基01牛02,0,0,0,0,0,0,0,0,0,-23000,0,0,0,4000,27000,-23000,-23000
057226,上銀凱基98購06  ,0,0,0,0,0,0,0,0,0,-23000,0,0,0,26000,49000,-23000,-23000
057929,上銀群益98購02  ,0,0,0,0,0,0,0,0,0,-23000,0,0,0,75000,98000,-23000,-23000
061658,聯茂富邦9A購03  ,0,0,0,0,0,0,0,0,0,-23000,0,0,0,0,23000,-23000,-23000
058687,聯茂凱基9A購01  ,0,0,0,0,0,0,0,0,0,-23000,0,0,0,57000,80000,-23000,-23000
061054,台積電群益9A購04,0,0,0,0,0,0,0,0,0,-23000,0,0,0,2000,25000,-23000,-23000
060215,柏文康和9A購01  ,0,0,0,0,0,0,0,0,0,-23000,0,0,0,2000,25000,-23000,-23000
059176,臺股指凱基99購27,0,0,0,0,0,0,0,0,0,-23000,0,0,0,0,23000,-23000,-23000
064100,義隆群益9C購01  ,0,0,0,0,0,0,0,0,0,-23000,0,0,0,12000,35000,-23000,-23000
064223,日電貿國票01購01,0,0,0,0,0,0,0,0,0,-23000,0,0,0,14000,37000,-23000,-23000
064663,鴻海元大9C購11  ,0,0,0,0,0,0,0,0,0,-23000,0,0,0,68000,91000,-23000,-23000
062500,國巨群益01購01  ,0,0,0,0,0,0,0,0,0,-23000,0,0,0,18000,41000,-23000,-23000
063300,華通凱基9B購05  ,0,0,0,0,0,0,0,0,0,-23000,0,0,0,4000,27000,-23000,-23000
5243,乙盛-KY         ,65000,84000,-19000,0,0,0,0,0,0,-4000,0,4000,-4000,0,0,0,-23000
4930,燦星網          ,2000,25000,-23000,0,0,0,0,0,0,0,0,0,0,0,0,0,-23000
4560,強信-KY         ,178000,201000,-23000,0,0,0,0,0,0,0,0,0,0,0,0,0,-23000
065516,健鼎群益9C購02  ,0,0,0,0,0,0,0,0,0,-24000,0,0,0,36000,60000,-24000,-24000
06568P,國巨永豐98售05  ,0,0,0,0,0,0,0,0,0,-24000,0,0,0,0,24000,-24000,-24000
06581P,南亞科凱基98售04,0,0,0,0,0,0,0,0,0,-24000,0,0,0,0,24000,-24000,-24000
065220,義隆富邦01購02  ,0,0,0,0,0,0,0,0,0,-24000,0,0,0,40000,64000,-24000,-24000
3026,禾伸堂          ,263000,291000,-28000,0,0,0,0,0,0,4000,1000,2000,-1000,14000,9000,5000,-24000
3011,今皓            ,1000,25000,-24000,0,0,0,0,0,0,0,0,0,0,0,0,0,-24000
2415,錩新            ,5000,28000,-23000,0,0,0,0,0,0,-1000,0,1000,-1000,0,0,0,-24000
08294P,台積電元大9C售06,0,0,0,0,0,0,0,0,0,-24000,0,0,0,76000,100000,-24000,-24000
08617P,緯創元富9C售03  ,0,0,0,0,0,0,0,0,0,-24000,0,0,0,0,24000,-24000,-24000
08368P,台積電兆豐9C售04,0,0,0,0,0,0,0,0,0,-24000,0,0,0,1000,25000,-24000,-24000
057789,上銀統一9A購01  ,0,0,0,0,0,0,0,0,0,-24000,0,0,0,0,24000,-24000,-24000
056702,欣興國泰9A購01  ,0,0,0,0,0,0,0,0,0,-24000,0,0,0,98000,122000,-24000,-24000
00709,富邦歐洲        ,0,0,0,0,0,0,0,0,0,-24000,0,0,0,100000,124000,-24000,-24000
055899,群創中信99購01  ,0,0,0,0,0,0,0,0,0,-24000,0,0,0,0,24000,-24000,-24000
058027,鴻海富邦98購04  ,0,0,0,0,0,0,0,0,0,-24000,0,0,0,0,24000,-24000,-24000
057086,立積統一9C購01  ,0,0,0,0,0,0,0,0,0,-24000,0,0,0,6000,30000,-24000,-24000
059533,富邦金凱基99購01,0,0,0,0,0,0,0,0,0,-24000,0,0,0,28000,52000,-24000,-24000
061336,國巨元大9A購20  ,0,0,0,0,0,0,0,0,0,-24000,0,0,0,18000,42000,-24000,-24000
058983,旺宏凱基99購05  ,10000,250000,-240000,0,0,0,0,0,0,216000,0,0,0,250000,34000,216000,-24000
058456,京鼎永豐99購01  ,0,0,0,0,0,0,0,0,0,-24000,0,0,0,0,24000,-24000,-24000
058603,台積電元大99購12,0,0,0,0,0,0,0,0,0,-24000,0,0,0,0,24000,-24000,-24000
058610,欣興元大99購05  ,0,0,0,0,0,0,0,0,0,-24000,0,0,0,21000,45000,-24000,-24000
062047,緯穎凱基9B購01  ,0,0,0,0,0,0,0,0,0,-24000,0,0,0,116000,140000,-24000,-24000
059476,道瓊指群益9C購01,0,0,0,0,0,0,0,0,0,-24000,0,0,0,1000,25000,-24000,-24000
06138P,台積電中信99售01,0,0,0,0,0,0,0,0,0,-24000,0,0,0,12000,36000,-24000,-24000
061019,大毅國票9A購01  ,0,0,0,0,0,0,0,0,0,-24000,0,0,0,38000,62000,-24000,-24000
063475,同欣電元大9C購01,0,0,0,0,0,0,0,0,0,-24000,0,0,0,30000,54000,-24000,-24000
063530,同欣電凱基9C購02,0,0,0,0,0,0,0,0,0,-24000,0,0,0,0,24000,-24000,-24000
062564,矽創凱基9B購01  ,0,0,0,0,0,0,0,0,0,-24000,0,0,0,38000,62000,-24000,-24000
064786,GIS群益9C購04   ,0,0,0,0,0,0,0,0,0,-24000,0,0,0,150000,174000,-24000,-24000
064801,鴻海元大9C購13  ,0,0,0,0,0,0,0,0,0,-24000,0,0,0,54000,78000,-24000,-24000
063990,世芯永豐01購01  ,0,0,0,0,0,0,0,0,0,-24000,0,0,0,17000,41000,-24000,-24000
5258,虹堡            ,13000,39000,-26000,0,0,0,0,0,0,2000,6000,4000,2000,0,0,0,-24000
08186P,泰碩永豐9B售03  ,0,0,0,0,0,0,0,0,0,-25000,0,0,0,5000,30000,-25000,-25000
08000P,奇鋐凱基9B售03  ,0,0,0,0,0,0,0,0,0,-25000,0,0,0,39000,64000,-25000,-25000
1416,廣豐            ,15000,62000,-47000,0,0,0,25000,0,25000,-3000,0,3000,-3000,0,0,0,-25000
1452,宏益            ,12000,26000,-14000,0,0,0,0,0,0,-11000,0,11000,-11000,0,0,0,-25000
2939,凱羿-KY         ,23000,48000,-25000,0,0,0,0,0,0,0,0,0,0,0,0,0,-25000
2527,宏璟            ,5000,24000,-19000,0,0,0,0,0,0,-6000,0,6000,-6000,0,0,0,-25000
065545,華通兆豐9C購03  ,0,0,0,0,0,0,0,0,0,-25000,0,0,0,35000,60000,-25000,-25000
07837P,華邦電元大9A售01,0,0,0,0,0,0,0,0,0,-25000,0,0,0,229000,254000,-25000,-25000
056114,台達電群益97購02,0,0,0,0,0,0,0,0,0,-25000,0,0,0,50000,75000,-25000,-25000
054563,泰碩群益99購01  ,0,0,0,0,0,0,0,0,0,-25000,0,0,0,0,25000,-25000,-25000
00683L,元大美元指數正2 ,0,0,0,0,0,0,0,0,0,-25000,0,0,0,24000,49000,-25000,-25000
057399,滬深反群益9C購01,0,0,0,0,0,0,0,0,0,-25000,0,0,0,0,25000,-25000,-25000
056549,嘉聯益凱基98購04,0,0,0,0,0,0,0,0,0,-25000,0,0,0,0,25000,-25000,-25000
057739,新日興富邦9B購01,0,0,0,0,0,0,0,0,0,-25000,0,0,0,5000,30000,-25000,-25000
057917,台積電凱基98購17,0,0,0,0,0,0,0,0,0,-25000,0,0,0,10000,35000,-25000,-25000
056383,上銀國泰99購01  ,0,0,0,0,0,0,0,0,0,-25000,0,0,0,0,25000,-25000,-25000
061893,鴻海永豐9B購01  ,0,0,0,0,0,0,0,0,0,-25000,0,0,0,0,25000,-25000,-25000
060680,玉晶光元大9C購03,0,0,0,0,0,0,0,0,0,-25000,0,0,0,8000,33000,-25000,-25000
058241,景碩元大99購05  ,0,0,0,0,0,0,0,0,0,-25000,0,0,0,5000,30000,-25000,-25000
059334,A50正2國票9A購02,0,0,0,0,0,0,0,0,0,-25000,0,0,0,0,25000,-25000,-25000
061676,新光金元大9A購03,0,0,0,0,0,0,0,0,0,-25000,0,0,0,0,25000,-25000,-25000
062048,義隆台新9B購01  ,0,0,0,0,0,0,0,0,0,-25000,0,0,0,0,25000,-25000,-25000
061973,上銀元大9B購01  ,0,0,0,0,0,0,0,0,0,-25000,0,0,0,14000,39000,-25000,-25000
062225,華擎統一01購01  ,0,0,0,0,0,0,0,0,0,-25000,0,0,0,125000,150000,-25000,-25000
062289,緯穎群益9B購01  ,0,0,0,0,0,0,0,0,0,-25000,0,0,0,38000,63000,-25000,-25000
059719,台積電元大99購42,0,0,0,0,0,0,0,0,0,-25000,0,0,0,0,25000,-25000,-25000
061142,南電統一9A購01  ,0,0,0,0,0,0,0,0,0,-25000,0,0,0,115000,140000,-25000,-25000
059062,群創凱基99購05  ,0,0,0,0,0,0,0,0,0,-25000,0,0,0,25000,50000,-25000,-25000
060899,超眾凱基9A購01  ,0,0,0,0,0,0,0,0,0,-25000,0,0,0,25000,50000,-25000,-25000
059944,欣興永豐99購03  ,0,0,0,0,0,0,0,0,0,-25000,0,0,0,9000,34000,-25000,-25000
059913,台積電元大99購44,0,0,0,0,0,0,0,0,0,-25000,0,0,0,0,25000,-25000,-25000
059867,華邦電凱基99購02,0,0,0,0,0,0,0,0,0,-25000,0,0,0,0,25000,-25000,-25000
064016,南六國票01購01  ,0,0,0,0,0,0,0,0,0,-25000,0,0,0,0,25000,-25000,-25000
063927,奇力新統一02購01,0,0,0,0,0,0,0,0,0,-25000,0,0,0,0,25000,-25000,-25000
063869,玉晶光永豐9C購01,0,0,0,0,0,0,0,0,0,-25000,0,0,0,0,25000,-25000,-25000
064928,同欣電統一01購02,0,0,0,0,0,0,0,0,0,-25000,0,0,0,59000,84000,-25000,-25000
064500,國泰金元大9C購01,0,0,0,0,0,0,0,0,0,-25000,0,0,0,90000,115000,-25000,-25000
062610,啟碁凱基9B購01  ,0,0,0,0,0,0,0,0,0,-25000,0,0,0,65000,90000,-25000,-25000
063523,微星凱基9B購03  ,0,0,0,0,0,0,0,0,0,-25000,0,0,0,0,25000,-25000,-25000
063415,台積電凱基03購01,0,0,0,0,0,0,0,0,0,-25000,0,0,0,0,25000,-25000,-25000
063374,嘉澤永豐9B購04  ,0,0,0,0,0,0,0,0,0,-25000,0,0,0,0,25000,-25000,-25000
063196,力成元富9B購01  ,0,0,0,0,0,0,0,0,0,-25000,0,0,0,57000,82000,-25000,-25000
4564,元翎            ,50000,75000,-25000,0,0,0,0,0,0,0,0,0,0,0,0,0,-25000
065210,健策國票01購03  ,0,0,0,0,0,0,0,0,0,-26000,0,0,0,2000,28000,-26000,-26000
065175,大立光元大01購05,0,0,0,0,0,0,0,0,0,-26000,0,0,0,0,26000,-26000,-26000
065368,技嘉元大9C購04  ,0,0,0,0,0,0,0,0,0,-26000,0,0,0,1000,27000,-26000,-26000
065324,聯發科凱基9C購10,0,0,0,0,0,0,0,0,0,-26000,0,0,0,0,26000,-26000,-26000
2832,台產            ,23000,49000,-26000,0,0,0,0,0,0,0,0,0,0,0,0,0,-26000
2477,美隆電          ,2000,25000,-23000,0,0,0,0,0,0,-3000,0,3000,-3000,0,0,0,-26000
07922P,大立光群益9B售05,0,0,0,0,0,0,0,0,0,-26000,0,0,0,0,26000,-26000,-26000
056637,台光電日盛9A購01,0,0,0,0,0,0,0,0,0,-26000,0,0,0,0,26000,-26000,-26000
055336,茂林兆豐98購01  ,0,0,0,0,0,0,0,0,0,-26000,0,0,0,15000,41000,-26000,-26000
061106,群創元大9B購09  ,0,0,0,0,0,0,0,0,0,-26000,0,0,0,95000,121000,-26000,-26000
060305,得力永豐9A購01  ,0,0,0,0,0,0,0,0,0,-26000,0,0,0,4000,30000,-26000,-26000
061947,旺宏群益9B購02  ,0,0,0,0,0,0,0,0,0,-26000,0,0,0,55000,81000,-26000,-26000
062071,華通元大9B購02  ,0,0,0,0,0,0,0,0,0,-26000,0,0,0,22000,48000,-26000,-26000
058777,台光電國票9A購01,0,0,0,0,0,0,0,0,0,-26000,0,0,0,0,26000,-26000,-26000
063464,廣達元大9B購02  ,0,0,0,0,0,0,0,0,0,-26000,0,0,0,24000,50000,-26000,-26000
062793,鴻海統一9B購06  ,0,0,0,0,0,0,0,0,0,-26000,0,0,0,12000,38000,-26000,-26000
064423,義隆兆豐9C購02  ,0,0,0,0,0,0,0,0,0,-26000,0,0,0,2000,28000,-26000,-26000
6183,關貿            ,53000,77000,-24000,0,0,0,0,0,0,-2000,1000,3000,-2000,0,0,0,-26000
08068P,宏達電國泰9C售01,0,0,0,0,0,0,0,0,0,-27000,0,0,0,0,27000,-27000,-27000
08209P,上銀元富9B售06  ,0,0,0,0,0,0,0,0,0,-27000,0,0,0,103000,130000,-27000,-27000
08246P,亞德客群益01售01,0,0,0,0,0,0,0,0,0,-27000,0,0,0,30000,57000,-27000,-27000
08309P,GIS凱基9C售01   ,0,0,0,0,0,0,0,0,0,-27000,0,0,0,20000,47000,-27000,-27000
1219,福壽            ,6000,33000,-27000,0,0,0,0,0,0,0,0,0,0,0,0,0,-27000
1810,和成            ,0,26000,-26000,0,0,0,0,0,0,-1000,0,1000,-1000,0,0,0,-27000
1817,凱撒衛          ,2000,27000,-25000,0,0,0,0,0,0,-2000,0,2000,-2000,0,0,0,-27000
2109,華豐            ,7000,34000,-27000,0,0,0,0,0,0,0,0,0,0,0,0,0,-27000
06661P,玉晶光永豐98售05,0,0,0,0,0,0,0,0,0,-27000,0,0,0,0,27000,-27000,-27000
00681R,元大美債20反1   ,0,13000,-13000,0,0,0,0,0,0,-14000,0,0,0,4000,18000,-14000,-27000
058135,景碩元大99購01  ,0,0,0,0,0,0,0,0,0,-27000,0,0,0,43000,70000,-27000,-27000
056755,聯茂兆豐98購01  ,0,0,0,0,0,0,0,0,0,-27000,0,0,0,0,27000,-27000,-27000
057730,聯鈞國泰9A購01  ,0,0,0,0,0,0,0,0,0,-27000,0,0,0,323000,350000,-27000,-27000
059507,鴻海永豐99購03  ,0,0,0,0,0,0,0,0,0,-27000,0,0,0,81000,108000,-27000,-27000
058337,日月光元富99購01,0,0,0,0,0,0,0,0,0,-27000,0,0,0,148000,175000,-27000,-27000
061361,世紀鋼兆豐9A購01,0,0,0,0,0,0,0,0,0,-27000,0,0,0,0,27000,-27000,-27000
061582,麗豐元大9A購01  ,0,0,0,0,0,0,0,0,0,-27000,0,0,0,19000,46000,-27000,-27000
060326,群光群益9A購01  ,0,0,0,0,0,0,0,0,0,-27000,0,0,0,23000,50000,-27000,-27000
061532,和大統一9C購02  ,0,0,0,0,0,0,0,0,0,-27000,0,0,0,0,27000,-27000,-27000
059868,台光電凱基99購03,0,0,0,0,0,0,0,0,0,-27000,0,0,0,5000,32000,-27000,-27000
060355,元金2X元富9C購01,0,0,0,0,0,0,0,0,0,-27000,0,0,0,0,27000,-27000,-27000
064308,國巨群益9C購09  ,0,0,0,0,0,0,0,0,0,-27000,0,0,0,80000,107000,-27000,-27000
064160,新日興統一01購03,0,0,0,0,0,0,0,0,0,-27000,0,0,0,3000,30000,-27000,-27000
064661,鴻海元大01購02  ,0,0,0,0,0,0,0,0,0,-27000,0,0,0,14000,41000,-27000,-27000
064749,巨大國票01購01  ,0,0,0,0,0,0,0,0,0,-27000,0,0,0,11000,38000,-27000,-27000
062947,國巨富邦01購01  ,0,0,0,0,0,0,0,0,0,-27000,0,0,0,35000,62000,-27000,-27000
063494,金像電富邦9B購01,0,0,0,0,0,0,0,0,0,-27000,0,0,0,21000,48000,-27000,-27000
3694,海華            ,2000,29000,-27000,0,0,0,0,0,0,0,1000,1000,0,0,0,0,-27000
5007,三星            ,17000,44000,-27000,0,0,0,0,0,0,0,0,0,0,0,0,0,-27000
5525,順天            ,2000,29000,-27000,0,0,0,0,0,0,0,0,0,0,0,0,0,-27000
065250,同欣電麥證9C購01,0,0,0,0,65000,-65000,0,0,0,-28000,0,0,0,37000,65000,-28000,-28000
07815P,美律群益9A售04  ,0,0,0,0,0,0,0,0,0,-28000,0,0,0,0,28000,-28000,-28000
07470P,國巨元大9A售06  ,0,0,0,0,0,0,0,0,0,-28000,0,0,0,0,28000,-28000,-28000
2013,中鋼構          ,30000,57000,-27000,0,0,0,0,0,0,-1000,0,1000,-1000,0,0,0,-28000
1503,士電            ,20000,44000,-24000,0,0,0,0,0,0,-4000,0,4000,-4000,0,0,0,-28000
3055,蔚華科          ,4000,32000,-28000,0,0,0,0,0,0,0,0,0,0,0,0,0,-28000
08319P,台積電統一9C售11,0,0,0,0,0,0,0,0,0,-28000,0,0,0,0,28000,-28000,-28000
056839,台光電元富98購02,0,0,0,0,0,0,0,0,0,-28000,0,0,0,0,28000,-28000,-28000
056641,華通凱基98購03  ,0,0,0,0,0,0,0,0,0,-28000,0,0,0,10000,38000,-28000,-28000
053506,南茂兆豐97購01  ,0,0,0,0,0,0,0,0,0,-28000,0,0,0,0,28000,-28000,-28000
052313,聯電元大98購01  ,0,0,0,0,0,0,0,0,0,-28000,0,0,0,96000,124000,-28000,-28000
055589,台光電元大98購04,0,0,0,0,0,0,0,0,0,-28000,0,0,0,0,28000,-28000,-28000
059907,道瓊指元大99購03,0,0,0,0,0,0,0,0,0,-28000,0,0,0,0,28000,-28000,-28000
061095,台積電台新9B購03,0,0,0,0,0,0,0,0,0,-28000,0,0,0,0,28000,-28000,-28000
060287,燿華元大9A購01  ,0,0,0,0,0,0,0,0,0,-28000,0,0,0,12000,40000,-28000,-28000
059101,康控統一9A購01  ,0,0,0,0,0,0,0,0,0,-28000,0,0,0,50000,78000,-28000,-28000
059791,超眾元大99購06  ,0,0,0,0,0,0,0,0,0,-28000,0,0,0,26000,54000,-28000,-28000
058481,玉晶光凱基9A購04,0,0,0,0,0,0,0,0,0,-28000,0,0,0,14000,42000,-28000,-28000
058835,元油2X中信9C購02,0,0,0,0,0,0,0,0,0,-28000,0,0,0,0,28000,-28000,-28000
059474,元石油群益99購01,0,0,0,0,0,0,0,0,0,-28000,0,0,0,0,28000,-28000,-28000
061689,國巨群益9A購12  ,0,0,0,0,0,0,0,0,0,-28000,0,0,0,21000,49000,-28000,-28000
062153,智邦麥證9B購01  ,0,0,0,76000,104000,-28000,0,0,0,-28000,0,0,0,76000,104000,-28000,-28000
062171,中磊永豐9B購01  ,0,0,0,0,0,0,0,0,0,-28000,0,0,0,0,28000,-28000,-28000
063554,GIS國票9C購03   ,0,0,0,0,0,0,0,0,0,-28000,0,0,0,0,28000,-28000,-28000
063580,立積國泰9C購01  ,0,0,0,0,0,0,0,0,0,-28000,0,0,0,300000,328000,-28000,-28000
063114,南電兆豐9B購01  ,0,0,0,0,0,0,0,0,0,-28000,0,0,0,8000,36000,-28000,-28000
063138,聯發科統一01購05,0,0,0,0,0,0,0,0,0,-28000,0,0,0,169000,197000,-28000,-28000
064564,義隆群益9C購02  ,0,0,0,0,0,0,0,0,0,-28000,0,0,0,89000,117000,-28000,-28000
064023,智邦元大9C購02  ,0,0,0,0,0,0,0,0,0,-28000,0,0,0,143000,171000,-28000,-28000
5305,敦南            ,70000,96000,-26000,0,0,0,0,0,0,-2000,0,2000,-2000,0,0,0,-28000
6177,達麗            ,77000,105000,-28000,0,0,0,0,0,0,0,0,0,0,0,0,0,-28000
6449,鈺邦            ,7000,36000,-29000,0,0,0,0,0,0,1000,3000,2000,1000,0,0,0,-28000
6672,騰輝電子-KY     ,44000,71000,-27000,0,0,0,0,0,0,-1000,3000,4000,-1000,0,0,0,-28000
2395,研華            ,914769,911960,2809,0,0,0,1000,22000,-21000,-10000,0,10000,-10000,0,0,0,-28191
2612,中航            ,7000,36000,-29000,0,0,0,0,0,0,0,0,0,0,0,0,0,-29000
1423,利華            ,0,29000,-29000,0,0,0,0,0,0,0,0,0,0,0,0,0,-29000
08611P,聯發科凱基01售08,0,0,0,0,0,0,0,0,0,-29000,0,0,0,0,29000,-29000,-29000
08584P,立積群益9C售02  ,0,0,0,0,0,0,0,0,0,-29000,0,0,0,0,29000,-29000,-29000
08228P,華擎國票9C售01  ,0,0,0,0,0,0,0,0,0,-29000,0,0,0,109000,138000,-29000,-29000
07575P,瑞昱元大9A售02  ,0,0,0,0,0,0,0,0,0,-29000,0,0,0,14000,43000,-29000,-29000
065305,泰鼎元富9C購01  ,0,0,0,0,0,0,0,0,0,-29000,0,0,0,0,29000,-29000,-29000
065212,瑞儀國票01購01  ,0,0,0,0,0,0,0,0,0,-29000,0,0,0,0,29000,-29000,-29000
065196,技嘉元富06購01  ,0,0,0,0,0,0,0,0,0,-29000,0,0,0,27000,56000,-29000,-29000
06590P,大立光元大98售13,0,0,0,0,0,0,0,0,0,-29000,0,0,0,1000,30000,-29000,-29000
054565,玉晶光群益99購02,0,0,0,0,0,0,0,0,0,-29000,0,0,0,0,29000,-29000,-29000
057029,緯穎凱基98購04  ,0,0,0,0,0,0,0,0,0,-29000,0,0,0,15000,44000,-29000,-29000
057991,健策統一9C購01  ,0,0,0,0,0,0,0,0,0,-29000,0,0,0,0,29000,-29000,-29000
057166,國巨元大99購06  ,0,0,0,0,0,0,0,0,0,-29000,0,0,0,72000,101000,-29000,-29000
00700,富邦恒生國企    ,0,0,0,0,0,0,0,0,0,-29000,0,0,0,101000,130000,-29000,-29000
058190,貿聯永豐99購01  ,0,0,0,0,0,0,0,0,0,-29000,0,0,0,39000,68000,-29000,-29000
057744,健策永豐98購02  ,0,0,0,0,0,0,0,0,0,-29000,0,0,0,3000,32000,-29000,-29000
062176,元金2X元大9B購01,0,0,0,0,0,0,0,0,0,-29000,0,0,0,0,29000,-29000,-29000
062159,聯詠凱基9B購01  ,0,0,0,0,0,0,0,0,0,-29000,0,0,0,34000,63000,-29000,-29000
06057P,大立光凱基98售01,0,0,0,0,0,0,0,0,0,-29000,0,0,0,37000,66000,-29000,-29000
060312,潤泰全永豐9A購01,0,0,0,0,0,0,0,0,0,-29000,0,0,0,0,29000,-29000,-29000
063971,健鼎國票01購01  ,0,0,0,0,0,0,0,0,0,-29000,0,0,0,46000,75000,-29000,-29000
064216,矽格凱基01購01  ,1000,0,1000,0,0,0,0,0,0,-30000,0,0,0,115000,145000,-30000,-29000
064624,群創元大02購01  ,0,0,0,0,0,0,0,0,0,-29000,0,0,0,0,29000,-29000,-29000
063076,柏文永豐9B購02  ,0,0,0,0,0,0,0,0,0,-29000,0,0,0,130000,159000,-29000,-29000
063024,祥碩元大9B購05  ,0,0,0,0,0,0,0,0,0,-29000,0,0,0,27000,56000,-29000,-29000
062654,技嘉永豐9B購01  ,0,0,0,0,0,0,0,0,0,-29000,0,0,0,3000,32000,-29000,-29000
062741,立積國票9B購02  ,0,0,0,0,0,0,0,0,0,-29000,0,0,0,104000,133000,-29000,-29000
062435,國巨元大9B購13  ,0,0,0,0,0,0,0,0,0,-29000,0,0,0,34000,63000,-29000,-29000
9935,慶豐富          ,217000,245000,-28000,0,0,0,0,0,0,-1000,1000,2000,-1000,0,0,0,-29000
1232,大統益          ,10000,39533,-29533,0,0,0,0,0,0,0,0,0,0,0,0,0,-29533
08582P,臺股指元大9C售30,0,0,0,0,0,0,0,0,0,-30000,0,0,0,0,30000,-30000,-30000
08606P,聯發科國票9C售05,0,0,0,0,0,0,0,0,0,-30000,0,0,0,0,30000,-30000,-30000
08335P,香港2X中信03售01,0,0,0,0,0,0,0,0,0,-30000,0,0,0,0,30000,-30000,-30000
08238P,嘉晶永豐9B售03  ,0,0,0,0,0,0,0,0,0,-30000,0,0,0,0,30000,-30000,-30000
08288P,鴻海統一9C售17  ,0,0,0,0,0,0,0,0,0,-30000,0,0,0,0,30000,-30000,-30000
07913P,友達元大01售01  ,0,0,0,0,0,0,0,0,0,-30000,0,0,0,0,30000,-30000,-30000
1419,新紡            ,5000,33000,-28000,0,0,0,0,0,0,-2000,0,2000,-2000,0,0,0,-30000
2739,寒舍            ,0,30000,-30000,0,0,0,0,0,0,0,0,0,0,0,0,0,-30000
06569P,可成永豐98售01  ,0,0,0,0,0,0,0,0,0,-30000,0,0,0,0,30000,-30000,-30000
06659P,T50正2富邦9A售01,0,0,0,0,0,0,0,0,0,-30000,0,0,0,0,30000,-30000,-30000
06735P,奇力新凱基98售07,0,0,0,0,0,0,0,0,0,-30000,0,0,0,0,30000,-30000,-30000
065555,旭富凱基01購02  ,0,0,0,0,0,0,0,0,0,-30000,0,0,0,0,30000,-30000,-30000
065199,華擎元富03購01  ,10000,0,10000,0,0,0,0,0,0,-40000,0,0,0,0,40000,-40000,-30000
065172,義隆元大9C購05  ,0,0,0,0,0,0,0,0,0,-30000,0,0,0,20000,50000,-30000,-30000
065247,聯發科麥證9C購02,0,0,0,0,30000,-30000,0,0,0,-30000,0,0,0,0,30000,-30000,-30000
07645P,華通元大9A售06  ,0,0,0,0,0,0,0,0,0,-30000,0,0,0,0,30000,-30000,-30000
07396P,聯發科群益9B售01,0,0,0,0,0,0,0,0,0,-30000,0,0,0,0,30000,-30000,-30000
07752P,台灣50元大9C售33,0,0,0,0,0,0,0,0,0,-30000,0,0,0,0,30000,-30000,-30000
07122P,欣興凱基99售05  ,0,0,0,0,0,0,0,0,0,-30000,0,0,0,180000,210000,-30000,-30000
07110P,台灣50群益9B售03,0,0,0,0,0,0,0,0,0,-30000,0,0,0,0,30000,-30000,-30000
07106P,國巨統一9B售05  ,0,0,0,0,0,0,0,0,0,-30000,0,0,0,10000,40000,-30000,-30000
07090P,台灣50凱基01售01,0,0,0,0,0,0,0,0,0,-30000,0,0,0,0,30000,-30000,-30000
07270P,台灣50元大01售09,0,0,0,0,0,0,0,0,0,-30000,0,0,0,0,30000,-30000,-30000
07211P,南亞科凱基99售05,0,0,0,0,0,0,0,0,0,-30000,0,0,0,0,30000,-30000,-30000
06904P,TPK凱基98售03   ,0,0,0,0,0,0,0,0,0,-30000,0,0,0,0,30000,-30000,-30000
06929P,鴻海元大99售11  ,0,0,0,0,0,0,0,0,0,-30000,0,0,0,0,30000,-30000,-30000
057749,華新科國票99購01,0,0,0,0,0,0,0,0,0,-30000,0,0,0,0,30000,-30000,-30000
057725,台達電國泰9A購01,0,0,0,0,0,0,0,0,0,-30000,0,0,0,0,30000,-30000,-30000
057574,中磊永豐98購01  ,0,0,0,0,0,0,0,0,0,-30000,0,0,0,20000,50000,-30000,-30000
057476,國巨元大98購19  ,0,0,0,0,0,0,0,0,0,-30000,0,0,0,0,30000,-30000,-30000
058934,台灣50中信03購03,0,0,0,0,0,0,0,0,0,-30000,0,0,0,10000,40000,-30000,-30000
056659,泰碩元大99購01  ,0,0,0,0,0,0,0,0,0,-30000,0,0,0,0,30000,-30000,-30000
056253,京鼎兆豐98購01  ,0,0,0,0,0,0,0,0,0,-30000,0,0,0,0,30000,-30000,-30000
056196,聯茂富邦98購02  ,0,0,0,0,0,0,0,0,0,-30000,0,0,0,0,30000,-30000,-30000
056782,鴻海群益98購04  ,0,0,0,0,0,0,0,0,0,-30000,0,0,0,20000,50000,-30000,-30000
056767,大毅元大99購01  ,0,0,0,0,0,0,0,0,0,-30000,0,0,0,46000,76000,-30000,-30000
056745,聯茂凱基99購03  ,0,0,0,0,0,0,0,0,0,-30000,0,0,0,6000,36000,-30000,-30000
056986,超眾群益98購03  ,0,0,0,0,0,0,0,0,0,-30000,0,0,0,36000,66000,-30000,-30000
056550,瑞儀凱基99購01  ,0,0,0,0,0,0,0,0,0,-30000,0,0,0,0,30000,-30000,-30000
057617,國巨凱基99購06  ,0,0,0,0,0,0,0,0,0,-30000,0,0,0,0,30000,-30000,-30000
03017X,元展17          ,0,0,0,0,0,0,0,0,0,-30000,0,0,0,0,30000,-30000,-30000
053381,友達元大9A購02  ,0,0,0,0,0,0,0,0,0,-30000,0,0,0,130000,160000,-30000,-30000
053342,全新國票99購01  ,0,0,0,0,0,0,0,0,0,-30000,0,0,0,0,30000,-30000,-30000
055795,茂林國泰98購01  ,0,0,0,0,0,0,0,0,0,-30000,0,0,0,0,30000,-30000,-30000
052077,可成元富98購02  ,0,0,0,0,0,0,0,0,0,-30000,0,0,0,0,30000,-30000,-30000
053805,奇鋐凱基98購02  ,0,0,0,0,0,0,0,0,0,-30000,0,0,0,0,30000,-30000,-30000
053730,樺漢凱基98購01  ,0,0,0,0,0,0,0,0,0,-30000,0,0,0,20000,50000,-30000,-30000
05588P,群創兆豐97售02  ,0,0,0,0,0,0,0,0,0,-30000,0,0,0,0,30000,-30000,-30000
056012,勤誠中信99購01  ,0,0,0,0,0,0,0,0,0,-30000,0,0,0,0,30000,-30000,-30000
05714P,群創統一97售03  ,0,0,0,0,0,0,0,0,0,-30000,0,0,0,0,30000,-30000,-30000
057961,茂林元大9A購01  ,0,0,0,0,0,0,0,0,0,-30000,0,0,0,10000,40000,-30000,-30000
058037,台灣50元大9B購02,0,0,0,0,0,0,0,0,0,-30000,0,0,0,0,30000,-30000,-30000
057019,台積電凱基98購14,0,0,0,0,0,0,0,0,0,-30000,0,0,0,0,30000,-30000,-30000
054427,潤泰全富邦97購01,0,0,0,0,0,0,0,0,0,-30000,0,0,0,220000,250000,-30000,-30000
054841,亞德客兆豐97購01,0,0,0,0,0,0,0,0,0,-30000,0,0,0,10000,40000,-30000,-30000
054811,裕隆元大9A購01  ,0,0,0,0,0,0,0,0,0,-30000,0,0,0,0,30000,-30000,-30000
054166,日電貿凱基98購01,0,0,0,0,0,0,0,0,0,-30000,0,0,0,20000,50000,-30000,-30000
055726,台表科元大98購03,0,0,0,0,0,0,0,0,0,-30000,0,0,0,5000,35000,-30000,-30000
059782,A50正2元大9C購04,0,0,0,0,0,0,0,0,0,-30000,0,0,0,0,30000,-30000,-30000
061040,康友永豐9A購01  ,0,0,0,0,0,0,0,0,0,-30000,0,0,0,0,30000,-30000,-30000
061138,晶技統一9C購01  ,0,0,0,0,0,0,0,0,0,-30000,0,0,0,0,30000,-30000,-30000
059957,中信金康和99購01,0,0,0,0,0,0,0,0,0,-30000,0,0,0,0,30000,-30000,-30000
059212,鴻海元大99購28  ,0,0,0,0,0,0,0,0,0,-30000,0,0,0,1000,31000,-30000,-30000
059155,台表科日盛99購01,0,0,0,0,0,0,0,0,0,-30000,0,0,0,0,30000,-30000,-30000
059249,大立光凱基99購05,0,0,0,0,0,0,0,0,0,-30000,0,0,0,0,30000,-30000,-30000
060048,元金2X凱基99購03,0,0,0,0,0,0,0,0,0,-30000,0,0,0,0,30000,-30000,-30000
060996,臻鼎元大9A購01  ,0,0,0,0,0,0,0,0,0,-30000,0,0,0,0,30000,-30000,-30000
060420,神基永豐9A購01  ,0,0,0,0,0,0,0,0,0,-30000,0,0,0,0,30000,-30000,-30000
06143P,鴻海永豐97售02  ,0,0,0,0,0,0,0,0,0,-30000,0,0,0,0,30000,-30000,-30000
061462,國巨群益9A購11  ,0,0,0,0,0,0,0,0,0,-30000,0,0,0,1000,31000,-30000,-30000
061443,大立光統一9C購02,0,0,0,0,0,0,0,0,0,-30000,0,0,0,5000,35000,-30000,-30000
059358,旺宏永豐99購02  ,0,0,0,0,0,0,0,0,0,-30000,0,0,0,5000,35000,-30000,-30000
062143,大成鋼國票9B購01,0,0,0,0,0,0,0,0,0,-30000,0,0,0,10000,40000,-30000,-30000
062331,大立光統一9B購10,0,0,0,0,0,0,0,0,0,-30000,0,0,0,0,30000,-30000,-30000
062359,旺宏元大9C購02  ,0,0,0,0,0,0,0,0,0,-30000,0,0,0,0,30000,-30000,-30000
058528,世紀鋼元大99購02,0,0,0,0,0,0,0,0,0,-30000,0,0,0,0,30000,-30000,-30000
062504,旭富群益9B購02  ,0,0,0,0,0,0,0,0,0,-30000,0,0,0,0,30000,-30000,-30000
062628,廣達國票9B購01  ,0,0,0,0,0,0,0,0,0,-30000,0,0,0,38000,68000,-30000,-30000
062919,聯茂元大9B購01  ,0,0,0,0,0,0,0,0,0,-30000,0,0,0,43000,73000,-30000,-30000
062873,國巨兆豐9C購01  ,0,0,0,0,0,0,0,0,0,-30000,0,0,0,1000,31000,-30000,-30000
063619,聯發科兆豐01購01,0,0,0,0,0,0,0,0,0,-30000,0,0,0,0,30000,-30000,-30000
063622,健策兆豐9B購01  ,0,0,0,0,0,0,0,0,0,-30000,0,0,0,0,30000,-30000,-30000
063603,友達凱基9B購05  ,0,0,0,0,0,0,0,0,0,-30000,0,0,0,20000,50000,-30000,-30000
063604,群創凱基01購02  ,0,0,0,0,0,0,0,0,0,-30000,0,0,0,0,30000,-30000,-30000
063662,上銀統一01購03  ,0,0,0,0,0,0,0,0,0,-30000,0,0,0,0,30000,-30000,-30000
063224,泰鼎群益9B購02  ,0,0,0,0,0,0,0,0,0,-30000,0,0,0,0,30000,-30000,-30000
064754,漢唐凱基02購01  ,0,0,0,0,0,0,0,0,0,-30000,0,0,0,0,30000,-30000,-30000
064757,義隆凱基01購02  ,0,0,0,0,0,0,0,0,0,-30000,0,0,0,0,30000,-30000,-30000
064737,中石化國票01購01,0,0,0,0,0,0,0,0,0,-30000,0,0,0,0,30000,-30000,-30000
06505P,康控國票99售02  ,0,0,0,0,0,0,0,0,0,-30000,0,0,0,0,30000,-30000,-30000
064410,超眾凱基02購01  ,0,0,0,0,0,0,0,0,0,-30000,0,0,0,130000,160000,-30000,-30000
063941,國巨元大9C購12  ,0,0,0,0,0,0,0,0,0,-30000,0,0,0,17000,47000,-30000,-30000
064110,國巨國票01購01  ,0,0,0,0,0,0,0,0,0,-30000,0,0,0,46000,76000,-30000,-30000
4722,國精化          ,5000,34000,-29000,0,0,0,0,0,0,-1000,0,1000,-1000,0,0,0,-30000
06930P,台積電元大98售19,0,0,0,0,0,0,0,0,0,-31000,0,0,0,29000,60000,-31000,-31000
07085P,超眾元富9C售01  ,0,0,0,0,0,0,0,0,0,-31000,0,0,0,63000,94000,-31000,-31000
065570,台光電群益01購01,0,0,0,0,0,0,0,0,0,-31000,0,0,0,0,31000,-31000,-31000
2228,劍麟            ,37000,70000,-33000,0,0,0,0,0,0,2000,1000,0,1000,1000,0,1000,-31000
1234,黑松            ,5000,34000,-29000,0,0,0,0,0,0,-2000,0,2000,-2000,0,0,0,-31000
1203,味王            ,5000,36000,-31000,0,0,0,0,0,0,0,0,0,0,0,0,0,-31000
054665,華通元富97購02  ,0,0,0,0,0,0,0,0,0,-31000,0,0,0,0,31000,-31000,-31000
052890,FB上証群益9B購01,0,0,0,0,0,0,0,0,0,-31000,0,0,0,1000,32000,-31000,-31000
057236,聯詠凱基98購03  ,0,0,0,0,0,0,0,0,0,-31000,0,0,0,18000,49000,-31000,-31000
057839,台積電富邦9A購02,0,0,0,0,0,0,0,0,0,-31000,0,0,0,0,31000,-31000,-31000
060685,康友元大9A購01  ,0,0,0,0,0,0,0,0,0,-31000,0,0,0,2000,33000,-31000,-31000
058380,臺股指凱基99購15,0,0,0,0,0,0,0,0,0,-31000,0,0,0,333000,364000,-31000,-31000
060051,台積電凱基9B購01,0,0,0,0,0,0,0,0,0,-31000,0,0,0,12000,43000,-31000,-31000
059661,大立光元大99購22,0,0,0,0,0,0,0,0,0,-31000,0,0,0,5000,36000,-31000,-31000
061263,微星凱基9A購01  ,0,0,0,0,0,0,0,0,0,-31000,0,0,0,2000,33000,-31000,-31000
058791,鴻海元大99購17  ,0,0,0,0,0,0,0,0,0,-31000,0,0,0,20000,51000,-31000,-31000
063905,健策麥證02購01  ,0,0,0,1000,32000,-31000,0,0,0,-31000,0,0,0,1000,32000,-31000,-31000
063502,南電永豐9B購02  ,0,0,0,0,0,0,0,0,0,-31000,0,0,0,8000,39000,-31000,-31000
062920,康友元大9B購01  ,0,0,0,0,0,0,0,0,0,-31000,0,0,0,0,31000,-31000,-31000
062575,景碩群益9B購01  ,0,0,0,0,0,0,0,0,0,-31000,0,0,0,161000,192000,-31000,-31000
062466,FBVIX凱基9B購01 ,0,0,0,0,0,0,0,0,0,-31000,0,0,0,197000,228000,-31000,-31000
08056P,華通群益9B售06  ,0,0,0,0,0,0,0,0,0,-32000,0,0,0,0,32000,-32000,-32000
08236P,國巨富邦03售01  ,0,0,0,0,0,0,0,0,0,-32000,0,0,0,358000,390000,-32000,-32000
065502,康友富邦03購01  ,0,0,0,0,0,0,0,0,0,-32000,0,0,0,20000,52000,-32000,-32000
06737P,台郡凱基98售07  ,0,0,0,0,0,0,0,0,0,-32000,0,0,0,0,32000,-32000,-32000
056394,晶豪科永豐98購01,0,0,0,0,0,0,0,0,0,-32000,0,0,0,7000,39000,-32000,-32000
061914,台光電中信9B購01,0,0,0,0,0,0,0,0,0,-32000,0,0,0,0,32000,-32000,-32000
061735,上銀凱基9B購01  ,0,0,0,0,0,0,0,0,0,-32000,0,0,0,0,32000,-32000,-32000
057700,新日興群益9A購01,0,0,0,0,0,0,0,0,0,-32000,0,0,0,0,32000,-32000,-32000
054552,聯發科凱基98購03,0,0,0,0,0,0,0,0,0,-32000,0,0,0,0,32000,-32000,-32000
059786,全新元大99購06  ,0,0,0,0,0,0,0,0,0,-32000,0,0,0,136000,168000,-32000,-32000
058431,國巨統一9B購01  ,0,0,0,0,0,0,0,0,0,-32000,0,0,0,546000,578000,-32000,-32000
060032,利勤永豐99購01  ,0,0,0,0,0,0,0,0,0,-32000,0,0,0,0,32000,-32000,-32000
059145,創意國票99購02  ,0,0,0,0,0,0,0,0,0,-32000,0,0,0,13000,45000,-32000,-32000
061277,智邦台新9A購01  ,0,0,0,0,0,0,0,0,0,-32000,0,0,0,2000,34000,-32000,-32000
060790,日月光富邦9A購01,0,0,0,0,0,0,0,0,0,-32000,0,0,0,110000,142000,-32000,-32000
060791,聯茂富邦9A購02  ,0,0,0,0,0,0,0,0,0,-32000,0,0,0,0,32000,-32000,-32000
058360,台光電凱基9A購02,0,0,0,0,0,0,0,0,0,-32000,0,0,0,5000,37000,-32000,-32000
062631,奇力新國票9B購01,0,0,0,0,0,0,0,0,0,-32000,0,0,0,6000,38000,-32000,-32000
062870,亞德客兆豐9C購01,0,0,0,0,0,0,0,0,0,-32000,0,0,0,0,32000,-32000,-32000
063868,嘉晶永豐9C購01  ,0,0,0,0,0,0,0,0,0,-32000,0,0,0,10000,42000,-32000,-32000
064647,致伸凱基9C購01  ,0,0,0,0,0,0,0,0,0,-32000,0,0,0,36000,68000,-32000,-32000
4576,大銀微系統      ,24000,56000,-32000,0,0,0,0,0,0,0,0,0,0,0,0,0,-32000
4426,利勤            ,81000,111000,-30000,0,0,0,0,0,0,-2000,0,2000,-2000,0,0,0,-32000
3617,碩天            ,23000,38000,-15000,0,0,0,0,17000,-17000,0,1000,1000,0,0,0,0,-32000
6283,淳安            ,46000,97000,-51000,0,0,0,11000,0,11000,8000,9000,1000,8000,0,0,0,-32000
9930,中聯資源        ,11000,43000,-32000,0,0,0,0,0,0,0,0,0,0,0,0,0,-32000
07081P,南電群益9A售01  ,0,0,0,0,0,0,0,0,0,-33000,0,0,0,0,33000,-33000,-33000
07008P,台郡中信99售02  ,0,0,0,0,0,0,0,0,0,-33000,0,0,0,20000,53000,-33000,-33000
3229,晟鈦            ,5000,23000,-18000,0,0,0,0,0,0,-15000,0,15000,-15000,0,0,0,-33000
03658C,T50反1元大9A牛02,0,0,0,0,0,0,0,0,0,-33000,0,0,0,26000,59000,-33000,-33000
00771,元大US高息特別股,0,0,0,0,0,0,0,0,0,-33000,0,0,0,4000,37000,-33000,-33000
062325,鴻海統一9B購05  ,0,0,0,0,0,0,0,0,0,-33000,0,0,0,364000,397000,-33000,-33000
062306,華通凱基9B購01  ,0,0,0,0,0,0,0,0,0,-33000,0,0,0,13000,46000,-33000,-33000
062163,大毅國泰01購01  ,0,0,0,0,0,0,0,0,0,-33000,0,0,0,17000,50000,-33000,-33000
061309,鴻海統一9C購05  ,0,0,0,0,0,0,0,0,0,-33000,0,0,0,20000,53000,-33000,-33000
060234,凱美元大9C購01  ,0,0,0,0,0,0,0,0,0,-33000,0,0,0,0,33000,-33000,-33000
061039,台表科永豐9A購03,0,0,0,0,0,0,0,0,0,-33000,0,0,0,17000,50000,-33000,-33000
064836,群創統一9C購04  ,0,0,0,0,0,0,0,0,0,-33000,0,0,0,0,33000,-33000,-33000
064099,億光群益9C購01  ,0,0,0,0,0,0,0,0,0,-33000,0,0,0,65000,98000,-33000,-33000
064299,宏碁兆豐9C購01  ,0,0,0,0,0,0,0,0,0,-33000,0,0,0,38000,71000,-33000,-33000
063758,聯發科統一9B購14,0,0,0,0,0,0,0,0,0,-33000,0,0,0,0,33000,-33000,-33000
8104,錸寶            ,47000,76000,-29000,0,0,0,0,0,0,-4000,0,4000,-4000,0,0,0,-33000
1437,勤益控          ,23000,57000,-34000,0,0,0,0,0,0,0,0,0,0,0,0,0,-34000
1721,三晃            ,0,34000,-34000,0,0,0,0,0,0,0,0,0,0,0,0,0,-34000
08015P,可成凱基9B售05  ,0,0,0,0,0,0,0,0,0,-34000,0,0,0,60000,94000,-34000,-34000
07235P,T50正2元大9C售02,0,0,0,0,0,0,0,0,0,-34000,0,0,0,0,34000,-34000,-34000
065603,聯發科元大9C購16,0,0,0,0,0,0,0,0,0,-34000,0,0,0,0,34000,-34000,-34000
065132,臻鼎兆豐01購01  ,0,0,0,0,0,0,0,0,0,-34000,0,0,0,66000,100000,-34000,-34000
065091,亞光元大9C購01  ,0,0,0,0,0,0,0,0,0,-34000,0,0,0,25000,59000,-34000,-34000
055966,茂林元大99購01  ,0,0,0,0,0,0,0,0,0,-34000,0,0,0,0,34000,-34000,-34000
054923,晶技凱基98購01  ,0,0,0,0,0,0,0,0,0,-34000,0,0,0,25000,59000,-34000,-34000
055519,茂林中信99購01  ,0,0,0,0,0,0,0,0,0,-34000,0,0,0,16000,50000,-34000,-34000
058053,上銀統一9B購01  ,0,0,0,0,0,0,0,0,0,-34000,0,0,0,111000,145000,-34000,-34000
057778,大立光群益98購02,0,0,0,0,0,0,0,0,0,-34000,0,0,0,0,34000,-34000,-34000
059771,台積電群益99購11,0,0,0,0,0,0,0,0,0,-34000,0,0,0,0,34000,-34000,-34000
060956,超眾群益9A購01  ,0,0,0,0,0,0,0,0,0,-34000,0,0,0,56000,90000,-34000,-34000
060933,南電永豐9A購02  ,0,0,0,0,0,0,0,0,0,-34000,0,0,0,0,34000,-34000,-34000
059183,T50反1台新03購02,0,0,0,0,0,0,0,0,0,-34000,0,0,0,0,34000,-34000,-34000
059844,大立光富邦9C購04,0,0,0,0,0,0,0,0,0,-34000,0,0,0,0,34000,-34000,-34000
058342,鴻海群益9A購01  ,0,0,0,0,0,0,0,0,0,-34000,0,0,0,78000,112000,-34000,-34000
060493,美律元富01購01  ,0,0,0,0,0,0,0,0,0,-34000,0,0,0,128000,162000,-34000,-34000
060599,國巨凱基9C購01  ,0,0,0,0,0,0,0,0,0,-34000,0,0,0,0,34000,-34000,-34000
059359,精元永豐99購01  ,0,0,0,0,0,0,0,0,0,-34000,0,0,0,0,34000,-34000,-34000
063478,GIS元大9B購03   ,0,0,0,0,0,0,0,0,0,-34000,0,0,0,14000,48000,-34000,-34000
063607,中租凱基9B購02  ,0,0,0,0,0,0,0,0,0,-34000,0,0,0,28000,62000,-34000,-34000
062615,亞德客元大9B購02,0,0,0,0,0,0,0,0,0,-34000,0,0,0,71000,105000,-34000,-34000
062730,致伸凱基9B購01  ,0,0,0,0,0,0,0,0,0,-34000,0,0,0,97000,131000,-34000,-34000
064144,智邦統一01購02  ,0,0,0,0,0,0,0,0,0,-34000,0,0,0,52000,86000,-34000,-34000
065060,上銀群益9C購02  ,0,0,0,0,0,0,0,0,0,-34000,0,0,0,5000,39000,-34000,-34000
6431,光麗-KY         ,1000,35000,-34000,0,0,0,0,0,0,0,0,0,0,0,0,0,-34000
4306,炎洲            ,106000,132000,-26000,0,0,0,0,0,0,-8000,0,8000,-8000,0,0,0,-34000
065583,超眾國泰02購01  ,0,0,0,0,0,0,0,0,0,-35000,0,0,0,15000,50000,-35000,-35000
06763P,技嘉元大98售05  ,0,0,0,0,0,0,0,0,0,-35000,0,0,0,26000,61000,-35000,-35000
06825P,臺股指國票98售01,0,0,0,0,0,0,0,0,0,-35000,0,0,0,0,35000,-35000,-35000
07342P,大立光凱基99售14,0,0,0,0,0,0,0,0,0,-35000,0,0,0,0,35000,-35000,-35000
07443P,鴻海凱基9A售18  ,0,0,0,0,0,0,0,0,0,-35000,0,0,0,0,35000,-35000,-35000
08477P,臺股指凱基9C售15,0,0,0,0,0,0,0,0,0,-35000,0,0,0,0,35000,-35000,-35000
08341P,國泰金台新9C售01,0,0,0,0,0,0,0,0,0,-35000,0,0,0,152000,187000,-35000,-35000
2431,聯昌            ,5000,38000,-33000,0,0,0,0,0,0,-2000,0,2000,-2000,0,0,0,-35000
056390,台積電富邦9B購01,0,0,0,0,0,0,0,0,0,-35000,0,0,0,0,35000,-35000,-35000
058936,國喬中信99購01  ,0,0,0,0,0,0,0,0,0,-35000,0,0,0,5000,40000,-35000,-35000
056347,GIS凱基9A購01   ,0,0,0,0,0,0,0,0,0,-35000,0,0,0,67000,102000,-35000,-35000
058044,鴻海元大99購07  ,0,0,0,0,0,0,0,0,0,-35000,0,0,0,36000,71000,-35000,-35000
061453,台達電凱基9B購01,0,0,0,0,0,0,0,0,0,-35000,0,0,0,11000,46000,-35000,-35000
058740,T50反1日盛9B購02,0,0,0,0,0,0,0,0,0,-35000,0,0,0,0,35000,-35000,-35000
061925,禾伸堂凱基9C購01,0,0,0,0,0,0,0,0,0,-35000,0,0,0,65000,100000,-35000,-35000
059635,華新科凱基9A購06,0,0,0,0,0,0,0,0,0,-35000,0,0,0,0,35000,-35000,-35000
058799,晶技元大99購04  ,0,0,0,0,0,0,0,0,0,-35000,0,0,0,13000,48000,-35000,-35000
064862,創意富邦03購01  ,0,0,0,0,0,0,0,0,0,-35000,0,0,0,105000,140000,-35000,-35000
064689,台積電群益9C購09,0,0,0,0,0,0,0,0,0,-35000,0,0,0,0,35000,-35000,-35000
064382,台積電國泰01購01,0,0,0,0,0,0,0,0,0,-35000,0,0,0,0,35000,-35000,-35000
062410,台積電第一9B購02,0,0,0,0,0,0,0,0,0,-35000,0,0,0,20000,55000,-35000,-35000
063788,矽創統一02購01  ,0,0,0,0,0,0,0,0,0,-35000,0,0,0,24000,59000,-35000,-35000
2433,互盛電          ,7000,41000,-34000,0,0,0,0,0,0,-2000,0,2000,-2000,0,0,0,-36000
08545P,南電國泰01售02  ,0,0,0,0,0,0,0,0,0,-36000,0,0,0,0,36000,-36000,-36000
08065P,瑞昱凱基9B售03  ,0,0,0,0,0,0,0,0,0,-36000,0,0,0,0,36000,-36000,-36000
08093P,英業達元富9B售02,0,0,0,0,0,0,0,0,0,-36000,0,0,0,1000,37000,-36000,-36000
07637P,國巨國票9A售08  ,0,0,0,0,0,0,0,0,0,-36000,0,0,0,14000,50000,-36000,-36000
056275,國巨國泰98購04  ,0,0,0,0,0,0,0,0,0,-36000,0,0,0,2000,38000,-36000,-36000
057633,緯穎永豐98購02  ,0,0,0,0,0,0,0,0,0,-36000,0,0,0,0,36000,-36000,-36000
056475,宏達電元大99購02,0,0,0,0,0,0,0,0,0,-36000,0,0,0,519000,555000,-36000,-36000
056395,玉晶光永豐9B購01,0,0,0,0,0,0,0,0,0,-36000,0,0,0,21000,57000,-36000,-36000
057954,宏碁元大99購01  ,0,0,0,0,0,0,0,0,0,-36000,0,0,0,4000,40000,-36000,-36000
060018,國產康和99購01  ,0,0,0,0,0,0,0,0,0,-36000,0,0,0,0,36000,-36000,-36000
059163,台積電凱基99購10,0,0,0,0,0,0,0,0,0,-36000,0,0,0,0,36000,-36000,-36000
062363,燿華元大9B購03  ,0,0,0,0,0,0,0,0,0,-36000,0,0,0,50000,86000,-36000,-36000
061644,健策元大9C購02  ,0,0,0,0,0,0,0,0,0,-36000,0,0,0,42000,78000,-36000,-36000
063698,上銀群益9B購05  ,0,0,0,0,0,0,0,0,0,-36000,0,0,0,0,36000,-36000,-36000
06386P,欣興永豐97售03  ,0,0,0,0,0,0,0,0,0,-36000,0,0,0,0,36000,-36000,-36000
063914,和碩凱基9C購01  ,0,0,0,0,0,0,0,0,0,-36000,0,0,0,233000,269000,-36000,-36000
07894P,燿華元大9B售01  ,0,0,0,0,0,0,0,0,0,-37000,0,0,0,0,37000,-37000,-37000
065252,玉晶光永豐9C購08,0,0,0,0,0,0,0,0,0,-37000,0,0,0,9000,46000,-37000,-37000
065285,宏碁群益01購01  ,0,0,0,0,0,0,0,0,0,-37000,0,0,0,0,37000,-37000,-37000
07988P,台積電台新9C售03,0,0,0,0,0,0,0,0,0,-37000,0,0,0,13000,50000,-37000,-37000
08560P,茂林國票01售01  ,0,0,0,0,0,0,0,0,0,-37000,0,0,0,0,37000,-37000,-37000
3149,正達            ,10000,47000,-37000,0,0,0,0,0,0,0,0,0,0,0,0,0,-37000
1507,永大            ,16000,52000,-36000,0,0,0,0,0,0,-1000,0,1000,-1000,0,0,0,-37000
2038,海光            ,3000,39000,-36000,0,0,0,0,0,0,-1000,0,1000,-1000,0,0,0,-37000
057706,臺股指群益98購06,0,0,0,0,0,0,0,0,0,-37000,0,0,0,0,37000,-37000,-37000
056386,TPK國泰99購01   ,0,0,0,0,0,0,0,0,0,-37000,0,0,0,86000,123000,-37000,-37000
056649,智易凱基98購01  ,0,0,0,0,0,0,0,0,0,-37000,0,0,0,45000,82000,-37000,-37000
057151,易華電國票99購01,0,0,0,0,0,0,0,0,0,-37000,0,0,0,135000,172000,-37000,-37000
053882,聯發科中信98購02,0,0,0,0,0,0,0,0,0,-37000,0,0,0,63000,100000,-37000,-37000
020011,統一微波高息20N ,0,0,0,0,0,0,0,0,0,-37000,0,0,0,2000,39000,-37000,-37000
061075,亞德客兆豐9A購01,0,0,0,0,0,0,0,0,0,-37000,0,0,0,90000,127000,-37000,-37000
061535,群創統一9C購01  ,0,0,0,0,0,0,0,0,0,-37000,0,0,0,0,37000,-37000,-37000
059056,技嘉凱基99購02  ,0,0,0,0,0,0,0,0,0,-37000,0,0,0,4000,41000,-37000,-37000
063863,儒鴻富邦02購01  ,0,0,0,0,0,0,0,0,0,-37000,0,0,0,115000,152000,-37000,-37000
063648,台表科元大9C購05,0,0,0,0,0,0,0,0,0,-37000,0,0,0,20000,57000,-37000,-37000
2029,盛餘            ,3000,28000,-25000,0,0,0,0,0,0,-13000,0,13000,-13000,0,0,0,-38000
1321,大洋            ,5000,43000,-38000,0,0,0,0,0,0,0,1000,1000,0,0,0,0,-38000
08559P,瑞昱國票9C售01  ,0,0,0,0,0,0,0,0,0,-38000,0,0,0,0,38000,-38000,-38000
08442P,臺股指麥證01售01,0,0,0,0,38000,-38000,0,0,0,-38000,0,0,0,0,38000,-38000,-38000
08262P,茂林元大9C售01  ,0,0,0,0,0,0,0,0,0,-38000,0,0,0,20000,58000,-38000,-38000
065150,上銀群益9C購03  ,0,0,0,0,0,0,0,0,0,-38000,0,0,0,0,38000,-38000,-38000
07690P,華新科元大9A售15,0,0,0,0,0,0,0,0,0,-38000,0,0,0,17000,55000,-38000,-38000
056578,智易元大99購02  ,0,0,0,0,0,0,0,0,0,-38000,0,0,0,62000,100000,-38000,-38000
056165,矽力凱基98購02  ,0,0,0,0,0,0,0,0,0,-38000,0,0,0,12000,50000,-38000,-38000
056518,美律國票99購01  ,0,0,0,0,0,0,0,0,0,-38000,0,0,0,0,38000,-38000,-38000
057357,超眾統一98購01  ,0,0,0,0,0,0,0,0,0,-38000,0,0,0,2000,40000,-38000,-38000
056410,康控國票99購01  ,0,0,0,0,0,0,0,0,0,-38000,0,0,0,0,38000,-38000,-38000
061159,同欣電群益9A購01,0,0,0,0,0,0,0,0,0,-38000,0,0,0,30000,68000,-38000,-38000
061587,美律富邦9A購02  ,0,0,0,0,0,0,0,0,0,-38000,0,0,0,5000,43000,-38000,-38000
062302,聯詠中信05購02  ,0,0,0,0,0,0,0,0,0,-38000,0,0,0,0,38000,-38000,-38000
058625,旺宏國票9A購01  ,0,0,0,0,0,0,0,0,0,-38000,0,0,0,0,38000,-38000,-38000
063753,矽創國票9C購01  ,0,0,0,0,0,0,0,0,0,-38000,0,0,0,0,38000,-38000,-38000
063410,南六國票9C購01  ,0,0,0,0,0,0,0,0,0,-38000,0,0,0,0,38000,-38000,-38000
063064,台表科元富9B購01,0,0,0,0,0,0,0,0,0,-38000,0,0,0,47000,85000,-38000,-38000
064086,旺宏凱基9C購01  ,0,0,0,0,0,0,0,0,0,-38000,0,0,0,38000,76000,-38000,-38000
064481,技嘉永豐9C購01  ,0,0,0,0,0,0,0,0,0,-38000,0,0,0,8000,46000,-38000,-38000
064488,台達電元大9C購01,0,0,0,0,0,0,0,0,0,-38000,0,0,0,36000,74000,-38000,-38000
065002,致茂國票01購01  ,0,0,0,0,0,0,0,0,0,-38000,0,0,0,0,38000,-38000,-38000
5288,豐祥-KY         ,11000,47000,-36000,0,0,0,0,0,0,-2000,0,2000,-2000,0,0,0,-38000
07195P,大立光元大99售12,0,0,0,0,0,0,0,0,0,-39000,0,0,0,0,39000,-39000,-39000
065120,臺股指富邦9C購03,0,0,0,0,0,0,0,0,0,-39000,0,0,0,0,39000,-39000,-39000
065314,矽創國票01購02  ,0,0,0,0,0,0,0,0,0,-39000,0,0,0,0,39000,-39000,-39000
08178P,南亞科元大9B售01,0,0,0,0,0,0,0,0,0,-39000,0,0,0,11000,50000,-39000,-39000
2028,威致            ,1000,40000,-39000,0,0,0,0,0,0,0,0,0,0,0,0,0,-39000
2444,兆勁            ,4000,43000,-39000,0,0,0,0,0,0,0,0,0,0,0,0,0,-39000
057862,智邦凱基99購01  ,0,0,0,0,0,0,0,0,0,-39000,0,0,0,26000,65000,-39000,-39000
060106,旭富元大99購02  ,0,0,0,0,0,0,0,0,0,-39000,0,0,0,0,39000,-39000,-39000
055850,聯詠元大97購06  ,0,0,0,0,0,0,0,0,0,-39000,0,0,0,54000,93000,-39000,-39000
057083,立積統一98購01  ,0,0,0,0,0,0,0,0,0,-39000,0,0,0,95000,134000,-39000,-39000
054740,強茂凱基99購01  ,0,0,0,0,0,0,0,0,0,-39000,0,0,0,6000,45000,-39000,-39000
058240,景碩元大99購04  ,0,0,0,0,0,0,0,0,0,-39000,0,0,0,11000,50000,-39000,-39000
059283,康友永豐99購02  ,0,0,0,0,0,0,0,0,0,-39000,0,0,0,29000,68000,-39000,-39000
058369,亞光凱基99購02  ,0,0,0,0,0,0,0,0,0,-39000,0,0,0,10000,49000,-39000,-39000
060414,中興電永豐9A購01,0,0,0,0,0,0,0,0,0,-39000,0,0,0,19000,58000,-39000,-39000
065074,亞德客元大9C購03,0,0,0,0,0,0,0,0,0,-39000,0,0,0,73000,112000,-39000,-39000
06449P,台積電元大98售09,0,0,0,0,0,0,0,0,0,-39000,0,0,0,20000,59000,-39000,-39000
064468,健策元富9C購02  ,0,0,0,0,0,0,0,0,0,-39000,0,0,0,89000,128000,-39000,-39000
063864,健策富邦01購01  ,0,0,0,0,0,0,0,0,0,-39000,0,0,0,155000,194000,-39000,-39000
064397,旭富永豐9C購01  ,0,0,0,0,0,0,0,0,0,-39000,0,0,0,0,39000,-39000,-39000
063100,聚陽群益9C購02  ,0,0,0,0,0,0,0,0,0,-39000,0,0,0,61000,100000,-39000,-39000
063157,鴻海台新9B購02  ,0,0,0,0,0,0,0,0,0,-39000,0,0,0,0,39000,-39000,-39000
063693,智易永豐9B購02  ,0,0,0,0,0,0,0,0,0,-39000,0,0,0,16000,55000,-39000,-39000
3030,德律            ,91000,125000,-34000,0,0,0,0,1000,-1000,-5000,1000,6000,-5000,0,0,0,-40000
08272P,鴻海元富9C售02  ,0,0,0,0,0,0,0,0,0,-40000,0,0,0,0,40000,-40000,-40000
08489P,臺股指群益9C售20,0,0,0,0,0,0,0,0,0,-40000,0,0,0,0,40000,-40000,-40000
065316,大成鋼凱基9C購01,0,0,0,0,0,0,0,0,0,-40000,0,0,0,60000,100000,-40000,-40000
06532P,友達元富98售04  ,0,0,0,0,0,0,0,0,0,-40000,0,0,0,0,40000,-40000,-40000
065548,台達電凱基01購02,0,0,0,0,0,0,0,0,0,-40000,0,0,0,0,40000,-40000,-40000
065511,台積電群益01購02,0,0,0,0,0,0,0,0,0,-40000,0,0,0,0,40000,-40000,-40000
06636P,可成凱基98售08  ,0,0,0,0,0,0,0,0,0,-40000,0,0,0,80000,120000,-40000,-40000
06645P,上銀元大98售05  ,0,0,0,0,0,0,0,0,0,-40000,0,0,0,0,40000,-40000,-40000
07078P,鴻海群益99售02  ,0,0,0,0,0,0,0,0,0,-40000,0,0,0,0,40000,-40000,-40000
07145P,為升元大99售03  ,0,0,0,0,0,0,0,0,0,-40000,0,0,0,69000,109000,-40000,-40000
07133P,臺股指元大9A售27,0,0,0,0,0,0,0,0,0,-40000,0,0,0,60000,100000,-40000,-40000
06844P,智邦元大98售13  ,0,0,0,0,0,0,0,0,0,-40000,0,0,0,0,40000,-40000,-40000
06952P,大立光統一9A售03,0,0,0,0,0,0,0,0,0,-40000,0,0,0,44000,84000,-40000,-40000
07371P,滬深2X元大99售07,0,0,0,0,0,0,0,0,0,-40000,0,0,0,0,40000,-40000,-40000
054778,世紀鋼國票99購01,0,0,0,0,0,0,0,0,0,-40000,0,0,0,0,40000,-40000,-40000
055688,力成凱基98購02  ,0,0,0,0,0,0,0,0,0,-40000,0,0,0,0,40000,-40000,-40000
055661,亞德客中信98購01,0,0,0,0,0,0,0,0,0,-40000,0,0,0,0,40000,-40000,-40000
055389,國巨統一98購02  ,0,0,0,0,0,0,0,0,0,-40000,0,0,0,0,40000,-40000,-40000
055449,超眾統一9A購01  ,0,0,0,0,0,0,0,0,0,-40000,0,0,0,35000,75000,-40000,-40000
056132,台光電元大97購03,0,0,0,0,0,0,0,0,0,-40000,0,0,0,0,40000,-40000,-40000
054976,上証2X元富9A購01,0,0,0,0,0,0,0,0,0,-40000,0,0,0,0,40000,-40000,-40000
054318,台虹凱基98購01  ,0,0,0,0,0,0,0,0,0,-40000,0,0,0,60000,100000,-40000,-40000
055105,鴻海凱基98購05  ,0,0,0,0,0,0,0,0,0,-40000,0,0,0,0,40000,-40000,-40000
055877,奇鋐元富97購01  ,0,0,0,0,0,0,0,0,0,-40000,0,0,0,0,40000,-40000,-40000
05348P,美律元富98售01  ,0,0,0,0,0,0,0,0,0,-40000,0,0,0,0,40000,-40000,-40000
03448B,臺股指元大9C熊11,0,0,0,0,0,0,0,0,0,-40000,0,0,0,10000,50000,-40000,-40000
057943,可成國票99購03  ,0,0,0,0,0,0,0,0,0,-40000,0,0,0,0,40000,-40000,-40000
057557,聯茂凱基99購04  ,0,0,0,0,0,0,0,0,0,-40000,0,0,0,1000,41000,-40000,-40000
057390,台表科永豐98購01,0,0,0,0,0,0,0,0,0,-40000,0,0,0,10000,50000,-40000,-40000
056921,京元電兆豐98購01,0,0,0,0,0,0,0,0,0,-40000,0,0,0,20000,60000,-40000,-40000
058129,國巨元大99購10  ,0,0,0,0,0,0,0,0,0,-40000,0,0,0,14000,54000,-40000,-40000
056145,緯穎元大98購03  ,0,0,0,0,0,0,0,0,0,-40000,0,0,0,0,40000,-40000,-40000
056585,台積電統一9A購01,0,0,0,0,0,0,0,0,0,-40000,0,0,0,0,40000,-40000,-40000
056324,南亞科兆豐98購01,0,0,0,0,0,0,0,0,0,-40000,0,0,0,0,40000,-40000,-40000
060432,達方永豐9A購01  ,0,0,0,0,0,0,0,0,0,-40000,0,0,0,0,40000,-40000,-40000
061342,華新科元大9A購17,0,0,0,0,0,0,0,0,0,-40000,0,0,0,0,40000,-40000,-40000
058236,大立光元大99購09,0,0,0,0,0,0,0,0,0,-40000,0,0,0,0,40000,-40000,-40000
060845,欣興國票9A購01  ,0,0,0,0,0,0,0,0,0,-40000,0,0,0,20000,60000,-40000,-40000
059909,鴻海元大99購36  ,0,0,0,0,0,0,0,0,0,-40000,0,0,0,56000,96000,-40000,-40000
060228,亞德客元大9A購01,0,0,0,0,0,0,0,0,0,-40000,0,0,0,26000,66000,-40000,-40000
058471,台積電日盛9C購01,0,0,0,0,0,0,0,0,0,-40000,0,0,0,0,40000,-40000,-40000
060504,技嘉元大9A購02  ,0,0,0,0,0,0,0,0,0,-40000,0,0,0,0,40000,-40000,-40000
058295,欣興凱基99購02  ,0,0,0,0,0,0,0,0,0,-40000,0,0,0,148000,188000,-40000,-40000
061592,義隆永豐9A購03  ,0,0,0,0,0,0,0,0,0,-40000,0,0,0,22000,62000,-40000,-40000
061605,華新科凱基9A購14,0,0,0,0,0,0,0,0,0,-40000,0,0,0,0,40000,-40000,-40000
060656,國巨統一9C購03  ,0,0,0,0,0,0,0,0,0,-40000,0,0,0,1000,41000,-40000,-40000
061005,可成兆豐9A購01  ,0,0,0,0,0,0,0,0,0,-40000,0,0,0,15000,55000,-40000,-40000
061684,T50反1群益9A購06,0,0,0,0,0,0,0,0,0,-40000,0,0,0,0,40000,-40000,-40000
058599,T50反1元大99購05,0,0,0,0,0,0,0,0,0,-40000,0,0,0,0,40000,-40000,-40000
058565,鴻海凱基9A購07  ,0,0,0,0,0,0,0,0,0,-40000,0,0,0,0,40000,-40000,-40000
062091,世紀鋼元大9B購01,0,0,0,0,0,0,0,0,0,-40000,0,0,0,10000,50000,-40000,-40000
061961,台積電統一01購02,0,0,0,0,0,0,0,0,0,-40000,0,0,0,0,40000,-40000,-40000
063716,旺宏兆豐9B購01  ,0,0,0,0,0,0,0,0,0,-40000,0,0,0,0,40000,-40000,-40000
063666,京元電統一9C購01,0,0,0,0,0,0,0,0,0,-40000,0,0,0,237000,277000,-40000,-40000
063467,大立光元大9C購06,0,0,0,0,0,0,0,0,0,-40000,0,0,0,50000,90000,-40000,-40000
063174,臺股指中信01購04,0,0,0,0,0,0,0,0,0,-40000,0,0,0,0,40000,-40000,-40000
062783,大立光元大9C購03,0,0,0,0,0,0,0,0,0,-40000,0,0,0,0,40000,-40000,-40000
062939,奇力新凱基9B購02,0,0,0,0,0,0,0,0,0,-40000,0,0,0,0,40000,-40000,-40000
062436,國巨元大9B購14  ,0,0,0,0,0,0,0,0,0,-40000,0,0,0,1000,41000,-40000,-40000
062601,富邦金台新9B購01,0,0,0,0,0,0,0,0,0,-40000,0,0,0,46000,86000,-40000,-40000
064366,群創統一01購01  ,0,0,0,0,0,0,0,0,0,-40000,0,0,0,0,40000,-40000,-40000
064507,臻鼎元大9C購02  ,0,0,0,0,0,0,0,0,0,-40000,0,0,0,60000,100000,-40000,-40000
064513,T50反1群益9C購01,0,0,0,0,0,0,0,0,0,-40000,0,0,0,0,40000,-40000,-40000
064669,健策元大01購03  ,0,0,0,0,0,0,0,0,0,-40000,0,0,0,29000,69000,-40000,-40000
064824,台積電統一02購03,0,0,0,0,0,0,0,0,0,-40000,0,0,0,0,40000,-40000,-40000
6230,超眾            ,332000,187000,145000,0,0,0,135000,303000,-168000,-17000,19000,14000,5000,26000,48000,-22000,-40000
6715,嘉基            ,61000,101000,-40000,0,0,0,0,0,0,0,0,0,0,0,0,0,-40000
08396P,鴻海元富9C售04  ,0,0,0,0,0,0,0,0,0,-41000,0,0,0,0,41000,-41000,-41000
2114,鑫永銓          ,0,42000,-42000,0,0,0,0,0,0,1000,1000,0,1000,0,0,0,-41000
1560,中砂            ,12000,54000,-42000,0,0,0,0,0,0,1000,8000,7000,1000,0,0,0,-41000
056614,智邦永豐98購01  ,0,0,0,0,0,0,0,0,0,-41000,0,0,0,0,41000,-41000,-41000
056213,建準國票98購02  ,0,0,0,0,0,0,0,0,0,-41000,0,0,0,0,41000,-41000,-41000
058949,上銀群益99購02  ,0,0,0,0,0,0,0,0,0,-41000,0,0,0,0,41000,-41000,-41000
058950,國巨群益99購06  ,0,0,0,0,0,0,0,0,0,-41000,0,0,0,51000,92000,-41000,-41000
061749,群創統一9C購02  ,0,0,0,0,0,0,0,0,0,-41000,0,0,0,0,41000,-41000,-41000
0052,富邦科技        ,2000,0,2000,0,0,0,0,0,0,-43000,0,0,0,127000,170000,-43000,-41000
061367,瑞祺國票9A購01  ,0,0,0,0,0,0,0,0,0,-41000,0,0,0,155000,196000,-41000,-41000
061231,聚陽元大9A購02  ,0,0,0,0,0,0,0,0,0,-41000,0,0,0,6000,47000,-41000,-41000
059951,台塑康和99購01  ,0,0,0,0,0,0,0,0,0,-41000,0,0,0,68000,109000,-41000,-41000
061266,國泰金凱基9B購01,0,0,0,0,0,0,0,0,0,-41000,0,0,0,60000,101000,-41000,-41000
065037,緯穎統一02購02  ,0,0,0,0,0,0,0,0,0,-41000,0,0,0,13000,54000,-41000,-41000
064387,GIS富邦9C購01   ,0,0,0,0,0,0,0,0,0,-41000,0,0,0,0,41000,-41000,-41000
062565,漢唐中信9C購01  ,0,0,0,0,0,0,0,0,0,-41000,0,0,0,0,41000,-41000,-41000
062228,南六統一02購01  ,0,0,0,0,0,0,0,0,0,-41000,0,0,0,81000,122000,-41000,-41000
063645,瑞儀元大9B購02  ,0,0,0,0,0,0,0,0,0,-41000,0,0,0,5000,46000,-41000,-41000
063506,嘉晶群益9B購01  ,0,0,0,0,0,0,0,0,0,-41000,0,0,0,79000,120000,-41000,-41000
063526,台光電凱基9B購04,0,0,0,0,0,0,0,0,0,-41000,0,0,0,0,41000,-41000,-41000
4540,全球傳動        ,14000,55000,-41000,0,0,0,0,0,0,0,0,0,0,0,0,0,-41000
07931P,國巨元大9B售03  ,0,0,0,0,0,0,0,0,0,-42000,0,0,0,20000,62000,-42000,-42000
07383P,聯發科群益99售06,0,0,0,0,0,0,0,0,0,-42000,0,0,0,0,42000,-42000,-42000
07702P,台積電中信9A售06,0,0,0,0,0,0,0,0,0,-42000,0,0,0,0,42000,-42000,-42000
065498,台積電富邦04購02,0,0,0,0,0,0,0,0,0,-42000,0,0,0,18000,60000,-42000,-42000
065369,瑞昱元大9C購01  ,0,0,0,0,0,0,0,0,0,-42000,0,0,0,143000,185000,-42000,-42000
065094,新日興元大9C購04,0,0,0,0,0,0,0,0,0,-42000,0,0,0,14000,56000,-42000,-42000
057075,嘉聯益永豐98購01,0,0,0,0,0,0,0,0,0,-42000,0,0,0,10000,52000,-42000,-42000
058059,晶技元富98購01  ,0,0,0,0,0,0,0,0,0,-42000,0,0,0,0,42000,-42000,-42000
061788,信邦群益9B購01  ,0,0,0,0,0,0,0,0,0,-42000,0,0,0,0,42000,-42000,-42000
056954,聯詠富邦9A購01  ,0,0,0,0,0,0,0,0,0,-42000,0,0,0,0,42000,-42000,-42000
057334,技嘉國票98購02  ,0,0,0,0,0,0,0,0,0,-42000,0,0,0,11000,53000,-42000,-42000
061279,鴻海統一9C購04  ,0,0,0,0,0,0,0,0,0,-42000,0,0,0,46000,88000,-42000,-42000
060945,緯穎國票9A購02  ,0,0,0,0,0,0,0,0,0,-42000,0,0,0,78000,120000,-42000,-42000
05887P,友達元富99售03  ,0,0,0,0,0,0,0,0,0,-42000,0,0,0,20000,62000,-42000,-42000
061583,矽創元大9A購01  ,0,0,0,0,0,0,0,0,0,-42000,0,0,0,8000,50000,-42000,-42000
060625,華擎元大9A購01  ,0,0,0,0,0,0,0,0,0,-42000,0,0,0,73000,115000,-42000,-42000
062178,上銀元大9B購03  ,0,0,0,0,0,0,0,0,0,-42000,0,0,0,0,42000,-42000,-42000
058572,百和凱基9A購01  ,0,0,0,0,0,0,0,0,0,-42000,0,0,0,6000,48000,-42000,-42000
063561,上銀元大9B購08  ,0,0,0,0,0,0,0,0,0,-42000,0,0,0,0,42000,-42000,-42000
062972,京元電元富9B購01,0,0,0,0,0,0,0,0,0,-42000,0,0,0,225000,267000,-42000,-42000
062913,創意元大9B購02  ,0,0,0,0,0,0,0,0,0,-42000,0,0,0,18000,60000,-42000,-42000
064359,華通統一9C購05  ,0,0,0,0,0,0,0,0,0,-42000,0,0,0,91000,133000,-42000,-42000
065067,億豐群益01購01  ,0,0,0,0,0,0,0,0,0,-42000,0,0,0,0,42000,-42000,-42000
910322,康師傅-DR       ,0,42000,-42000,0,0,0,0,0,0,0,0,0,0,0,0,0,-42000
065379,立積元大01購01  ,0,0,0,0,0,0,0,0,0,-43000,0,0,0,372000,415000,-43000,-43000
06983P,台積電國泰9A售02,0,0,0,0,0,0,0,0,0,-43000,0,0,0,38000,81000,-43000,-43000
07944P,華新科元大9B售08,0,0,0,0,0,0,0,0,0,-43000,0,0,0,59000,102000,-43000,-43000
08018P,牧德國票9B售04  ,0,0,0,0,0,0,0,0,0,-43000,0,0,0,10000,53000,-43000,-43000
08230P,台表科國票9C售03,0,0,0,0,0,0,0,0,0,-43000,0,0,0,57000,100000,-43000,-43000
2012,春雨            ,0,43000,-43000,0,0,0,0,0,0,0,0,0,0,0,0,0,-43000
2022,聚亨            ,0,32000,-32000,0,0,0,0,0,0,-11000,0,11000,-11000,0,0,0,-43000
057530,奇鋐元大99購01  ,0,0,0,0,0,0,0,0,0,-43000,0,0,0,25000,68000,-43000,-43000
058008,禾伸堂國票99購02,0,0,0,0,0,0,0,0,0,-43000,0,0,0,0,43000,-43000,-43000
055032,億光富邦99購01  ,0,0,0,0,0,0,0,0,0,-43000,0,0,0,3000,46000,-43000,-43000
055265,玉晶光永豐98購03,0,0,0,0,0,0,0,0,0,-43000,0,0,0,167000,210000,-43000,-43000
058611,欣興元大99購06  ,0,0,0,0,0,0,0,0,0,-43000,0,0,0,37000,80000,-43000,-43000
062246,力山元大9B購02  ,0,0,0,0,0,0,0,0,0,-43000,0,0,0,15000,58000,-43000,-43000
05830P,滬深2X元富99售03,0,0,0,0,0,0,0,0,0,-43000,0,0,0,5000,48000,-43000,-43000
060060,台積電兆豐99購05,0,0,0,0,0,0,0,0,0,-43000,0,0,0,0,43000,-43000,-43000
063901,緯穎群益9C購01  ,0,0,0,0,0,0,0,0,0,-43000,0,0,0,151000,194000,-43000,-43000
064002,仁寶凱基9C購01  ,0,0,0,0,0,0,0,0,0,-43000,0,0,0,0,43000,-43000,-43000
062817,富邦金兆豐9B購01,0,0,0,0,0,0,0,0,0,-43000,0,0,0,390000,433000,-43000,-43000
063022,嘉晶元大9B購04  ,0,0,0,0,0,0,0,0,0,-43000,0,0,0,5000,48000,-43000,-43000
062498,華通群益9C購04  ,0,0,0,0,0,0,0,0,0,-43000,0,0,0,63000,106000,-43000,-43000
063547,大立光兆豐9B購04,0,0,0,0,0,0,0,0,0,-43000,0,0,0,6000,49000,-43000,-43000
063227,祥碩群益9B購06  ,0,0,0,0,0,0,0,0,0,-43000,0,0,0,539000,582000,-43000,-43000
9955,佳龍            ,38000,82000,-44000,0,0,0,0,0,0,1000,1000,0,1000,0,0,0,-43000
4164,承業醫          ,51000,87000,-36000,0,0,0,0,0,0,-7000,33000,40000,-7000,0,0,0,-43000
3679,新至陞          ,1000,43000,-42000,0,0,0,0,0,0,-1000,0,1000,-1000,0,0,0,-43000
6164,華興            ,6000,48000,-42000,0,0,0,0,0,0,-1000,0,1000,-1000,0,0,0,-43000
2227,裕日車          ,20000,59000,-39000,0,0,0,0,2000,-2000,-3000,0,3000,-3000,0,0,0,-44000
1783,和康生          ,284000,328000,-44000,0,0,0,0,0,0,0,0,0,0,0,0,0,-44000
08252P,台積電國票9C售06,0,0,0,0,0,0,0,0,0,-44000,0,0,0,0,44000,-44000,-44000
06935P,神達元大98售02  ,0,0,0,0,0,0,0,0,0,-44000,0,0,0,20000,64000,-44000,-44000
07130P,台郡元大9B售01  ,0,0,0,0,0,0,0,0,0,-44000,0,0,0,100000,144000,-44000,-44000
065149,遠東新群益9C購01,0,0,0,0,0,0,0,0,0,-44000,0,0,0,0,44000,-44000,-44000
065186,和大統一02購06  ,0,0,0,0,0,0,0,0,0,-44000,0,0,0,0,44000,-44000,-44000
065433,緯創凱基9C購01  ,0,0,0,0,0,0,0,0,0,-44000,0,0,0,4000,48000,-44000,-44000
055318,華通國票98購01  ,0,0,0,0,0,0,0,0,0,-44000,0,0,0,1000,45000,-44000,-44000
055335,健策兆豐98購01  ,0,0,0,0,0,0,0,0,0,-44000,0,0,0,15000,59000,-44000,-44000
042793,台積電台新9C購01,0,0,0,0,0,0,0,0,0,-44000,0,0,0,0,44000,-44000,-44000
057772,台積電群益99購01,0,0,0,0,0,0,0,0,0,-44000,0,0,0,0,44000,-44000,-44000
057638,上銀元大99購01  ,0,0,0,0,0,0,0,0,0,-44000,0,0,0,2000,46000,-44000,-44000
057645,華新科元大99購11,0,0,0,0,0,0,0,0,0,-44000,0,0,0,0,44000,-44000,-44000
059605,臺股指元大9A購42,0,0,0,0,0,0,0,0,0,-44000,0,0,0,0,44000,-44000,-44000
060402,神隆國泰9B購01  ,0,0,0,0,0,0,0,0,0,-44000,0,0,0,182000,226000,-44000,-44000
058822,樺漢國泰9B購01  ,0,0,0,0,0,0,0,0,0,-44000,0,0,0,0,44000,-44000,-44000
059762,禾伸堂永豐99購02,0,0,0,0,0,0,0,0,0,-44000,0,0,0,0,44000,-44000,-44000
058645,康控富邦01購01  ,0,0,0,0,0,0,0,0,0,-44000,0,0,0,100000,144000,-44000,-44000
063387,台積電兆豐9B購03,0,0,0,0,0,0,0,0,0,-44000,0,0,0,0,44000,-44000,-44000
062956,同欣電永豐9B購02,0,0,0,0,0,0,0,0,0,-44000,0,0,0,18000,62000,-44000,-44000
063912,信邦凱基01購01  ,0,0,0,0,0,0,0,0,0,-44000,0,0,0,56000,100000,-44000,-44000
064254,景碩台新9C購02  ,0,0,0,0,0,0,0,0,0,-44000,0,0,0,5000,49000,-44000,-44000
064760,玉晶光凱基01購02,0,0,0,0,0,0,0,0,0,-44000,0,0,0,59000,103000,-44000,-44000
8070,長華*           ,5000,44000,-39000,0,0,0,0,4000,-4000,-1000,0,1000,-1000,0,0,0,-44000
8996,高力            ,83000,126000,-43000,0,0,0,0,0,0,-1000,0,1000,-1000,0,0,0,-44000
6024,群益期          ,1000,45000,-44000,0,0,0,0,0,0,0,0,0,0,0,0,0,-44000
065466,台表科中信01購03,0,0,0,0,0,0,0,0,0,-45000,0,0,0,0,45000,-45000,-45000
06597P,國巨富邦9A售05  ,0,0,0,0,0,0,0,0,0,-45000,0,0,0,36000,81000,-45000,-45000
07026P,超眾凱基99售03  ,0,0,0,0,0,0,0,0,0,-45000,0,0,0,13000,58000,-45000,-45000
08597P,聯發科元大9C售18,0,0,0,0,0,0,0,0,0,-45000,0,0,0,0,45000,-45000,-45000
057288,聯茂元大98購03  ,0,0,0,0,0,0,0,0,0,-45000,0,0,0,10000,55000,-45000,-45000
058925,旭富元富99購02  ,0,0,0,0,0,0,0,0,0,-45000,0,0,0,0,45000,-45000,-45000
053487,台泥兆豐97購01  ,0,0,0,0,0,0,0,0,0,-45000,0,0,0,0,45000,-45000,-45000
055963,欣興元大97購04  ,0,0,0,0,0,0,0,0,0,-45000,0,0,0,16000,61000,-45000,-45000
055232,泰碩國票98購01  ,0,0,0,0,0,0,0,0,0,-45000,0,0,0,12000,57000,-45000,-45000
055092,開發金群益9B購01,0,0,0,0,0,0,0,0,0,-45000,0,0,0,0,45000,-45000,-45000
061955,FANG+統一9B購01 ,0,0,0,0,0,0,0,0,0,-45000,0,0,0,1000,46000,-45000,-45000
061665,旺宏中信9C購01  ,0,0,0,0,0,0,0,0,0,-45000,0,0,0,10000,55000,-45000,-45000
059631,京元電凱基99購02,0,0,0,0,0,0,0,0,0,-45000,0,0,0,100000,145000,-45000,-45000
06425P,TPK永豐97售02   ,0,0,0,0,0,0,0,0,0,-45000,0,0,0,0,45000,-45000,-45000
064357,中橡統一9C購01  ,0,0,0,0,0,0,0,0,0,-45000,0,0,0,0,45000,-45000,-45000
063880,可成元富9C購01  ,0,0,0,0,0,0,0,0,0,-45000,0,0,0,53000,98000,-45000,-45000
063527,美食凱基01購01  ,0,0,0,0,0,0,0,0,0,-45000,0,0,0,0,45000,-45000,-45000
07472P,和碩元大9A售03  ,0,0,0,0,0,0,0,0,0,-46000,0,0,0,0,46000,-46000,-46000
065112,台表科國票02購01,0,0,0,0,0,0,0,0,0,-46000,0,0,0,0,46000,-46000,-46000
065302,聯發科元富03購04,0,0,0,0,0,0,0,0,0,-46000,0,0,0,25000,71000,-46000,-46000
055390,國巨統一98購03  ,0,0,0,0,0,0,0,0,0,-46000,0,0,0,10000,56000,-46000,-46000
055782,新日興凱基99購01,0,0,0,0,0,0,0,0,0,-46000,0,0,0,5000,51000,-46000,-46000
061742,奇鋐凱基9B購01  ,0,0,0,0,0,0,0,0,0,-46000,0,0,0,8000,54000,-46000,-46000
061198,世紀鋼永豐9A購03,0,0,0,0,0,0,0,0,0,-46000,0,0,0,12000,58000,-46000,-46000
061544,大毅群益9B購02  ,0,0,0,0,0,0,0,0,0,-46000,0,0,0,0,46000,-46000,-46000
062090,南電元大9B購02  ,0,0,0,0,0,0,0,0,0,-46000,0,0,0,56000,102000,-46000,-46000
063576,台表科元大9B購08,0,0,0,0,0,0,0,0,0,-46000,0,0,0,7000,53000,-46000,-46000
063653,儒鴻元富9B購01  ,0,0,0,0,0,0,0,0,0,-46000,0,0,0,95000,141000,-46000,-46000
063661,聚陽統一9C購02  ,0,0,0,0,0,0,0,0,0,-46000,0,0,0,35000,81000,-46000,-46000
063757,鴻海統一9C購16  ,0,0,0,0,0,0,0,0,0,-46000,0,0,0,15000,61000,-46000,-46000
063730,台積電元大9B購09,0,0,0,0,0,0,0,0,0,-46000,0,0,0,0,46000,-46000,-46000
062918,祥碩元大9C購02  ,0,0,0,0,0,0,0,0,0,-46000,0,0,0,19000,65000,-46000,-46000
064170,儒鴻元富9C購01  ,0,0,0,0,0,0,0,0,0,-46000,0,0,0,98000,144000,-46000,-46000
064456,禾伸堂統一01購01,0,0,0,0,0,0,0,0,0,-46000,0,0,0,41000,87000,-46000,-46000
8499,鼎炫-KY         ,28000,74000,-46000,0,0,0,0,0,0,0,0,0,0,0,0,0,-46000
07249P,T50正2富邦03售02,0,0,0,0,0,0,0,0,0,-47000,0,0,0,0,47000,-47000,-47000
08458P,南電元大9C售04  ,0,0,0,0,0,0,0,0,0,-47000,0,0,0,0,47000,-47000,-47000
08180P,聯發科國泰01售05,0,0,0,0,0,0,0,0,0,-47000,0,0,0,83000,130000,-47000,-47000
08101P,超眾群益9B售02  ,0,0,0,0,0,0,0,0,0,-47000,0,0,0,1000,48000,-47000,-47000
3033,威健            ,5000,41000,-36000,0,0,0,0,0,0,-11000,0,11000,-11000,0,0,0,-47000
2484,希華            ,20000,65000,-45000,0,0,0,0,0,0,-2000,1000,3000,-2000,0,0,0,-47000
057798,貿聯兆豐99購01  ,0,0,0,0,0,0,0,0,0,-47000,0,0,0,23000,70000,-47000,-47000
057539,南茂元大98購02  ,0,0,0,0,0,0,0,0,0,-47000,0,0,0,70000,117000,-47000,-47000
057317,技嘉凱基98購02  ,0,0,0,0,0,0,0,0,0,-47000,0,0,0,3000,50000,-47000,-47000
055334,禾伸堂兆豐97購01,0,0,0,0,0,0,0,0,0,-47000,0,0,0,0,47000,-47000,-47000
058004,大立光群益98購03,0,0,0,0,0,0,0,0,0,-47000,0,0,0,15000,62000,-47000,-47000
062111,台勝科國票9B購01,0,0,0,0,0,0,0,0,0,-47000,0,0,0,49000,96000,-47000,-47000
061168,力成兆豐9A購01  ,0,0,0,0,0,0,0,0,0,-47000,0,0,0,27000,74000,-47000,-47000
060288,群光元大9C購01  ,0,0,0,0,0,0,0,0,0,-47000,0,0,0,17000,64000,-47000,-47000
059662,旭富元大9C購01  ,0,0,0,0,0,0,0,0,0,-47000,0,0,0,30000,77000,-47000,-47000
064572,同欣電群益9C購02,0,0,0,0,0,0,0,0,0,-47000,0,0,0,14000,61000,-47000,-47000
06495P,華新科亞東9A售01,0,0,0,0,0,0,0,0,0,-47000,0,0,0,1000,48000,-47000,-47000
064436,聯發科凱基03購02,0,0,0,0,0,0,0,0,0,-47000,0,0,0,44000,91000,-47000,-47000
063081,技嘉凱基9B購02  ,0,0,0,0,0,0,0,0,0,-47000,0,0,0,5000,52000,-47000,-47000
6209,今國光          ,82000,124000,-42000,0,0,0,0,0,0,-5000,0,5000,-5000,0,0,0,-47000
5907,大洋-KY         ,7000,54000,-47000,0,0,0,0,0,0,0,0,0,0,0,0,0,-47000
07326P,大立光元大99售23,0,0,0,0,0,0,0,0,0,-48000,0,0,0,2000,50000,-48000,-48000
07766P,美律群益9A售03  ,0,0,0,0,0,0,0,0,0,-48000,0,0,0,0,48000,-48000,-48000
058014,上銀凱基99購02  ,0,0,0,0,0,0,0,0,0,-48000,0,0,0,1000,49000,-48000,-48000
057011,日月光中信99購01,0,0,0,0,0,0,0,0,0,-48000,0,0,0,0,48000,-48000,-48000
057675,同欣電元大98購02,0,0,0,0,0,0,0,0,0,-48000,0,0,0,28000,76000,-48000,-48000
057819,新日興元大99購01,0,0,0,0,0,0,0,0,0,-48000,0,0,0,2000,50000,-48000,-48000
057713,美律統一99購01  ,0,0,0,0,0,0,0,0,0,-48000,0,0,0,2000,50000,-48000,-48000
059988,大立光元大9A購02,0,0,0,0,0,0,0,0,0,-48000,0,0,0,20000,68000,-48000,-48000
059210,鴻海元大99購26  ,0,0,0,0,0,0,0,0,0,-48000,0,0,0,141000,189000,-48000,-48000
060782,道瓊指富邦9C購01,0,0,0,0,0,0,0,0,0,-48000,0,0,0,12000,60000,-48000,-48000
060756,鴻海元大9A購16  ,0,0,0,0,0,0,0,0,0,-48000,0,0,0,21000,69000,-48000,-48000
058517,景碩元大99購06  ,0,0,0,0,0,0,0,0,0,-48000,0,0,0,4000,52000,-48000,-48000
061093,華新科統一9B購03,0,0,0,0,0,0,0,0,0,-48000,0,0,0,0,48000,-48000,-48000
062026,華邦電群益9B購01,0,0,0,0,0,0,0,0,0,-48000,0,0,0,50000,98000,-48000,-48000
058328,世紀鋼統一9B購01,0,0,0,0,0,0,0,0,0,-48000,0,0,0,3000,51000,-48000,-48000
060461,鴻海元大9A購09  ,0,0,0,0,0,0,0,0,0,-48000,0,0,0,45000,93000,-48000,-48000
059278,群創元大9A購04  ,0,0,0,0,0,0,0,0,0,-48000,0,0,0,100000,148000,-48000,-48000
062625,華通國票9B購02  ,0,0,0,0,0,0,0,0,0,-48000,0,0,0,9000,57000,-48000,-48000
062665,智易群益9B購01  ,0,0,0,0,0,0,0,0,0,-48000,0,0,0,0,48000,-48000,-48000
063599,智邦凱基9B購04  ,0,0,0,0,0,0,0,0,0,-48000,0,0,0,30000,78000,-48000,-48000
064367,貿聯統一01購02  ,0,0,0,0,0,0,0,0,0,-48000,0,0,0,0,48000,-48000,-48000
063900,GIS群益9C購03   ,0,0,0,0,0,0,0,0,0,-48000,0,0,0,214000,262000,-48000,-48000
064841,彩晶統一02購02  ,0,0,0,0,0,0,0,0,0,-48000,0,0,0,0,48000,-48000,-48000
9924,福興            ,7000,55000,-48000,0,0,0,0,0,0,0,0,0,0,0,0,0,-48000
2377,微星            ,1986944,1124898,862046,0,0,0,0,789000,-789000,-122000,5000,127000,-122000,40000,40000,0,-48954
057716,神達統一98購01  ,0,0,0,0,0,0,0,0,0,-49000,0,0,0,1000,50000,-49000,-49000
057422,欣興凱基98購04  ,0,0,0,0,0,0,0,0,0,-49000,0,0,0,0,49000,-49000,-49000
058016,智邦凱基98購06  ,0,0,0,0,0,0,0,0,0,-49000,0,0,0,0,49000,-49000,-49000
053887,聯茂兆豐97購02  ,0,0,0,0,0,0,0,0,0,-49000,0,0,0,0,49000,-49000,-49000
061127,美食永豐9A購01  ,0,0,0,0,0,0,0,0,0,-49000,0,0,0,0,49000,-49000,-49000
058473,上銀凱基9A購03  ,0,0,0,0,0,0,0,0,0,-49000,0,0,0,0,49000,-49000,-49000
059675,大立光元富99購08,0,0,0,0,0,0,0,0,0,-49000,0,0,0,8000,57000,-49000,-49000
058230,國巨元大99購11  ,0,0,0,0,0,0,0,0,0,-49000,0,0,0,8000,57000,-49000,-49000
065051,和碩凱基02購01  ,0,0,0,0,0,0,0,0,0,-49000,0,0,0,120000,169000,-49000,-49000
064509,台表科元大9C購08,0,0,0,0,0,0,0,0,0,-49000,0,0,0,3000,52000,-49000,-49000
063854,南電元大9C購01  ,0,0,0,0,0,0,0,0,0,-49000,0,0,0,27000,76000,-49000,-49000
063847,聯發科元大9C購03,0,0,0,0,0,0,0,0,0,-49000,0,0,0,6000,55000,-49000,-49000
063597,健策中信9B購02  ,0,0,0,0,0,0,0,0,0,-49000,0,0,0,160000,209000,-49000,-49000
062542,南電國泰9C購01  ,0,0,0,0,0,0,0,0,0,-49000,0,0,0,112000,161000,-49000,-49000
2365,昆盈            ,21000,61000,-40000,0,0,0,0,0,0,-10000,0,10000,-10000,0,0,0,-50000
2506,太設            ,1000,47000,-46000,0,0,0,0,0,0,-4000,0,4000,-4000,0,0,0,-50000
07919P,創意永豐9B售01  ,0,0,0,0,0,0,0,0,0,-50000,0,0,0,122000,172000,-50000,-50000
08336P,聯發科中信9C售05,0,0,0,0,0,0,0,0,0,-50000,0,0,0,20000,70000,-50000,-50000
07814P,華通群益9A售06  ,0,0,0,0,0,0,0,0,0,-50000,0,0,0,0,50000,-50000,-50000
07803P,南亞科永豐9A售02,0,0,0,0,0,0,0,0,0,-50000,0,0,0,0,50000,-50000,-50000
07535P,上銀元富9A售03  ,0,0,0,0,0,0,0,0,0,-50000,0,0,0,50000,100000,-50000,-50000
07633P,台灣50元大9A售18,0,0,0,0,0,0,0,0,0,-50000,0,0,0,0,50000,-50000,-50000
06940P,旺宏永豐98售05  ,0,0,0,0,0,0,0,0,0,-50000,0,0,0,0,50000,-50000,-50000
065323,聯發科凱基9C購09,0,0,0,0,0,0,0,0,0,-50000,0,0,0,0,50000,-50000,-50000
065393,旺宏群益9C購04  ,0,0,0,0,0,0,0,0,0,-50000,0,0,0,0,50000,-50000,-50000
065353,GIS統一02購03   ,0,0,0,0,0,0,0,0,0,-50000,0,0,0,0,50000,-50000,-50000
065142,華邦電凱基01購01,0,0,0,0,0,0,0,0,0,-50000,0,0,0,0,50000,-50000,-50000
065228,南亞科凱基01購03,0,0,0,0,0,0,0,0,0,-50000,0,0,0,0,50000,-50000,-50000
065612,聯茂元大9C購07  ,0,0,0,0,0,0,0,0,0,-50000,0,0,0,0,50000,-50000,-50000
06647P,台積電元大98售13,0,0,0,0,0,0,0,0,0,-50000,0,0,0,0,50000,-50000,-50000
06714P,台積電元大98售15,0,0,0,0,0,0,0,0,0,-50000,0,0,0,0,50000,-50000,-50000
065549,智邦凱基9C購03  ,0,0,0,0,0,0,0,0,0,-50000,0,0,0,0,50000,-50000,-50000
055962,晶豪科元大97購02,0,0,0,0,0,0,0,0,0,-50000,0,0,0,0,50000,-50000,-50000
053505,瑞儀兆豐97購01  ,0,0,0,0,0,0,0,0,0,-50000,0,0,0,0,50000,-50000,-50000
052113,漢唐中信98購01  ,0,0,0,0,0,0,0,0,0,-50000,0,0,0,0,50000,-50000,-50000
046384,群創凱基98購02  ,0,0,0,0,0,0,0,0,0,-50000,0,0,0,0,50000,-50000,-50000
051375,道瓊反群益9A購01,0,0,0,0,0,0,0,0,0,-50000,0,0,0,0,50000,-50000,-50000
050679,上証2X元富97購02,0,0,0,0,0,0,0,0,0,-50000,0,0,0,0,50000,-50000,-50000
057105,致茂群益9A購01  ,0,0,0,0,0,0,0,0,0,-50000,0,0,0,107000,157000,-50000,-50000
055667,致茂群益98購01  ,0,0,0,0,0,0,0,0,0,-50000,0,0,0,0,50000,-50000,-50000
055610,光磊國票98購01  ,0,0,0,0,0,0,0,0,0,-50000,0,0,0,0,50000,-50000,-50000
056403,茂林群益98購01  ,0,0,0,0,0,0,0,0,0,-50000,0,0,0,0,50000,-50000,-50000
056421,鴻海統一98購08  ,0,0,0,0,0,0,0,0,0,-50000,0,0,0,95000,145000,-50000,-50000
057705,臺股指群益98購05,0,0,0,0,0,0,0,0,0,-50000,0,0,0,0,50000,-50000,-50000
057770,亞德客群益98購01,0,0,0,0,0,0,0,0,0,-50000,0,0,0,0,50000,-50000,-50000
057891,華新科統一9A購01,0,0,0,0,0,0,0,0,0,-50000,0,0,0,0,50000,-50000,-50000
057493,聯詠元大98購02  ,0,0,0,0,0,0,0,0,0,-50000,0,0,0,2000,52000,-50000,-50000
061799,奇鋐永豐9B購01  ,0,0,0,0,0,0,0,0,0,-50000,0,0,0,50000,100000,-50000,-50000
058926,勤誠元富99購01  ,0,0,0,0,0,0,0,0,0,-50000,0,0,0,10000,60000,-50000,-50000
058896,中環元大99購03  ,0,0,0,0,0,0,0,0,0,-50000,0,0,0,30000,80000,-50000,-50000
056463,台虹凱基98購02  ,0,0,0,0,0,0,0,0,0,-50000,0,0,0,15000,65000,-50000,-50000
056877,群創凱基99購04  ,0,0,0,0,0,0,0,0,0,-50000,0,0,0,0,50000,-50000,-50000
058196,台塑中信99購01  ,0,0,0,0,0,0,0,0,0,-50000,0,0,0,0,50000,-50000,-50000
060719,瀚宇博永豐9A購01,0,0,0,0,0,0,0,0,0,-50000,0,0,0,0,50000,-50000,-50000
061272,超眾凱基9A購03  ,0,0,0,0,0,0,0,0,0,-50000,0,0,0,0,50000,-50000,-50000
061323,華新科凱基9B購06,0,0,0,0,0,0,0,0,0,-50000,0,0,0,0,50000,-50000,-50000
061287,大立光統一9B購06,0,0,0,0,0,0,0,0,0,-50000,0,0,0,5000,55000,-50000,-50000
060958,儒鴻凱基9A購02  ,0,0,0,0,0,0,0,0,0,-50000,0,0,0,0,50000,-50000,-50000
060960,金像電凱基9B購01,0,0,0,0,0,0,0,0,0,-50000,0,0,0,50000,100000,-50000,-50000
059972,S&P正2元大99購03,0,0,0,0,0,0,0,0,0,-50000,0,0,0,0,50000,-50000,-50000
060024,T50反1國泰9B購02,0,0,0,0,0,0,0,0,0,-50000,0,0,0,0,50000,-50000,-50000
061194,聯鈞永豐9A購02  ,0,0,0,0,0,0,0,0,0,-50000,0,0,0,0,50000,-50000,-50000
060342,台積電統一02購01,0,0,0,0,0,0,0,0,0,-50000,0,0,0,10000,60000,-50000,-50000
05974P,國巨富邦97售03  ,0,0,0,0,0,0,0,0,0,-50000,0,0,0,0,50000,-50000,-50000
059076,FBVIX元大99購04 ,0,0,0,0,0,0,0,0,0,-50000,0,0,0,0,50000,-50000,-50000
059041,南茂群益99購02  ,0,0,0,0,0,0,0,0,0,-50000,0,0,0,0,50000,-50000,-50000
061401,華擎兆豐9B購01  ,0,0,0,0,0,0,0,0,0,-50000,0,0,0,0,50000,-50000,-50000
058375,群創凱基9B購04  ,0,0,0,0,0,0,0,0,0,-50000,0,0,0,0,50000,-50000,-50000
061472,台積電元大9A購32,0,0,0,0,0,0,0,0,0,-50000,0,0,0,80000,130000,-50000,-50000
059529,華新科凱基9A購04,0,0,0,0,0,0,0,0,0,-50000,0,0,0,0,50000,-50000,-50000
062024,臺股指中信9C購05,0,0,0,0,0,0,0,0,0,-50000,0,0,0,0,50000,-50000,-50000
05873P,華通群益97售02  ,0,0,0,0,0,0,0,0,0,-50000,0,0,0,0,50000,-50000,-50000
062545,嘉晶永豐9B購01  ,0,0,0,0,0,0,0,0,0,-50000,0,0,0,1000,51000,-50000,-50000
062497,遠東新群益9B購01,0,0,0,0,0,0,0,0,0,-50000,0,0,0,0,50000,-50000,-50000
063104,大立光群益9C購02,0,0,0,0,0,0,0,0,0,-50000,0,0,0,0,50000,-50000,-50000
062941,大立光凱基9B購07,0,0,0,0,0,0,0,0,0,-50000,0,0,0,0,50000,-50000,-50000
062942,嘉澤凱基9B購02  ,0,0,0,0,0,0,0,0,0,-50000,0,0,0,29000,79000,-50000,-50000
062902,智邦元大9B購07  ,0,0,0,0,0,0,0,0,0,-50000,0,0,0,19000,69000,-50000,-50000
063557,聚陽元大9B購01  ,0,0,0,0,0,0,0,0,0,-50000,0,0,0,0,50000,-50000,-50000
063695,上銀第一9B購01  ,0,0,0,0,0,0,0,0,0,-50000,0,0,0,0,50000,-50000,-50000
06332P,世紀鋼群益98售01,0,0,0,0,0,0,0,0,0,-50000,0,0,0,0,50000,-50000,-50000
064413,世紀鋼凱基02購01,0,0,0,0,0,0,0,0,0,-50000,0,0,0,0,50000,-50000,-50000
064321,T50反1元大9C購05,0,0,0,0,0,0,0,0,0,-50000,0,0,0,0,50000,-50000,-50000
064325,亞德客元大9C購01,0,0,0,0,0,0,0,0,0,-50000,0,0,0,83000,133000,-50000,-50000
064273,華邦電元大9C購02,0,0,0,0,0,0,0,0,0,-50000,0,0,0,0,50000,-50000,-50000
064245,GIS統一02購02   ,0,0,0,0,0,0,0,0,0,-50000,0,0,0,0,50000,-50000,-50000
065054,百和凱基02購01  ,0,0,0,0,0,0,0,0,0,-50000,0,0,0,0,50000,-50000,-50000
9943,好樂迪          ,8000,58000,-50000,0,0,0,0,0,0,0,0,0,0,0,0,0,-50000
4994,傳奇            ,24800,64000,-39200,0,0,0,0,0,0,-11000,0,10000,-10000,0,1000,-1000,-50200
1809,中釉            ,5000,56000,-51000,0,0,0,0,0,0,0,0,0,0,0,0,0,-51000
056911,緯穎元大99購01  ,0,0,0,0,0,0,0,0,0,-51000,0,0,0,133000,184000,-51000,-51000
057690,美律凱基99購03  ,0,0,0,0,0,0,0,0,0,-51000,0,0,0,94000,145000,-51000,-51000
057454,上銀國泰99購02  ,0,0,0,0,0,0,0,0,0,-51000,0,0,0,0,51000,-51000,-51000
057475,聯電元大9A購01  ,0,0,0,0,0,0,0,0,0,-51000,0,0,0,62000,113000,-51000,-51000
058013,SP黃豆凱基9A購01,0,0,0,0,0,0,0,0,0,-51000,0,0,0,19000,70000,-51000,-51000
052617,景碩國泰98購01  ,0,0,0,0,0,0,0,0,0,-51000,0,0,0,40000,91000,-51000,-51000
053438,玉晶光麥證97購02,0,0,0,1000,52000,-51000,0,0,0,-51000,0,0,0,1000,52000,-51000,-51000
02001R,富邦蘋果反一N   ,0,0,0,0,0,0,0,0,0,-51000,0,0,0,0,51000,-51000,-51000
061946,鴻海群益9B購03  ,0,0,0,0,0,0,0,0,0,-51000,0,0,0,55000,106000,-51000,-51000
061387,鴻海群益9A購05  ,0,0,0,0,0,0,0,0,0,-51000,0,0,0,133000,184000,-51000,-51000
059992,S&P正2元富9B購04,0,0,0,0,0,0,0,0,0,-51000,0,0,0,4000,55000,-51000,-51000
060930,超眾永豐9A購03  ,0,0,0,0,0,0,0,0,0,-51000,0,0,0,0,51000,-51000,-51000
060714,晶技永豐9A購02  ,0,0,0,0,0,0,0,0,0,-51000,0,0,0,70000,121000,-51000,-51000
060704,台積電富邦01購01,0,0,0,0,0,0,0,0,0,-51000,0,0,0,1000,52000,-51000,-51000
064292,南茂元大01購01  ,0,0,0,0,0,0,0,0,0,-51000,0,0,0,74000,125000,-51000,-51000
062569,南電中信01購01  ,0,0,0,0,0,0,0,0,0,-51000,0,0,0,52000,103000,-51000,-51000
062677,儒鴻統一01購01  ,0,0,0,0,0,0,0,0,0,-51000,0,0,0,0,51000,-51000,-51000
062694,遠東新元大9B購01,0,0,0,0,0,0,0,0,0,-51000,0,0,0,0,51000,-51000,-51000
062720,南亞科凱基9B購03,0,0,0,0,0,0,0,0,0,-51000,0,0,0,8000,59000,-51000,-51000
4916,事欣科          ,6000,52000,-46000,0,0,0,0,0,0,-5000,0,5000,-5000,0,0,0,-51000
5533,皇鼎            ,2000,49000,-47000,0,0,0,0,0,0,-4000,0,4000,-4000,0,0,0,-51000
1532,勤美            ,52000,104000,-52000,0,0,0,0,0,0,0,0,0,0,0,0,0,-52000
1527,鑽全            ,31000,82000,-51000,0,0,0,0,0,0,-1000,0,1000,-1000,0,0,0,-52000
3094,聯傑            ,20000,71000,-51000,0,0,0,0,0,0,-1000,0,1000,-1000,0,0,0,-52000
08420P,國巨群益9C售12  ,0,0,0,0,0,0,0,0,0,-52000,0,0,0,0,52000,-52000,-52000
08092P,仁寶元富9B售02  ,0,0,0,0,0,0,0,0,0,-52000,0,0,0,10000,62000,-52000,-52000
08161P,台表科元富9B售02,0,0,0,0,0,0,0,0,0,-52000,0,0,0,21000,73000,-52000,-52000
08270P,鴻海富邦9C售02  ,0,0,0,0,0,0,0,0,0,-52000,0,0,0,0,52000,-52000,-52000
07819P,旺宏國票9B售01  ,0,0,0,0,0,0,0,0,0,-52000,0,0,0,14000,66000,-52000,-52000
055701,亞德客富邦99購01,0,0,0,0,0,0,0,0,0,-52000,0,0,0,1000,53000,-52000,-52000
059965,鴻海凱基99購16  ,0,0,0,0,0,0,0,0,0,-52000,0,0,0,1000,53000,-52000,-52000
061651,世紀鋼元大9C購02,0,0,0,0,0,0,0,0,0,-52000,0,0,0,0,52000,-52000,-52000
063246,嘉晶元大9C購01  ,0,0,0,0,0,0,0,0,0,-52000,0,0,0,34000,86000,-52000,-52000
064405,美食凱基01購02  ,0,0,0,0,0,0,0,0,0,-52000,0,0,0,0,52000,-52000,-52000
064421,技嘉兆豐01購01  ,0,0,0,0,0,0,0,0,0,-52000,0,0,0,617000,669000,-52000,-52000
064954,奇鋐凱基9C購01  ,0,0,0,0,0,0,0,0,0,-52000,0,0,0,200000,252000,-52000,-52000
064476,金像電國泰02購01,0,0,0,0,0,0,0,0,0,-52000,0,0,0,22000,74000,-52000,-52000
064735,群創元富9C購02  ,0,0,0,0,0,0,0,0,0,-52000,0,0,0,0,52000,-52000,-52000
6409,旭隼            ,106000,158320,-52320,0,0,0,1000,0,1000,-1000,0,1000,-1000,0,0,0,-52320
07424P,大立光元大9B售01,0,0,0,0,0,0,0,0,0,-53000,0,0,0,165000,218000,-53000,-53000
065578,台郡群益9C購02  ,0,0,0,0,0,0,0,0,0,-53000,0,0,0,0,53000,-53000,-53000
08527P,大立光元大01售06,0,0,0,0,0,0,0,0,0,-53000,0,0,0,50000,103000,-53000,-53000
05347P,滬深2X元富9B售02,0,0,0,0,0,0,0,0,0,-53000,0,0,0,0,53000,-53000,-53000
046629,群創統一98購01  ,0,0,0,0,0,0,0,0,0,-53000,0,0,0,0,53000,-53000,-53000
061858,南電國票9B購02  ,0,0,0,0,0,0,0,0,0,-53000,0,0,0,22000,75000,-53000,-53000
061617,微星群益9A購02  ,0,0,0,0,0,0,0,0,0,-53000,0,0,0,0,53000,-53000,-53000
058758,台積電群益99購05,0,0,0,0,0,0,0,0,0,-53000,0,0,0,0,53000,-53000,-53000
058688,矽創凱基9A購01  ,0,0,0,0,0,0,0,0,0,-53000,0,0,0,0,53000,-53000,-53000
059118,晶技永豐9A購01  ,0,0,0,0,0,0,0,0,0,-53000,0,0,0,35000,88000,-53000,-53000
064575,鈺齊群益9C購01  ,0,0,0,0,0,0,0,0,0,-53000,0,0,0,138000,191000,-53000,-53000
064345,創意元大9C購03  ,0,0,0,0,0,0,0,0,0,-53000,0,0,0,132000,185000,-53000,-53000
063738,奇鋐元大9B購03  ,0,0,0,0,0,0,0,0,0,-53000,0,0,0,103000,156000,-53000,-53000
062733,巨大凱基9B購01  ,0,0,0,0,0,0,0,0,0,-53000,0,0,0,46000,99000,-53000,-53000
062676,南六台新9B購01  ,0,0,0,0,0,0,0,0,0,-53000,0,0,0,0,53000,-53000,-53000
062514,玉晶光國票9C購02,0,0,0,0,0,0,0,0,0,-53000,0,0,0,2000,55000,-53000,-53000
062969,旺宏元富9B購01  ,0,0,0,0,0,0,0,0,0,-53000,0,0,0,12000,65000,-53000,-53000
9941,裕融            ,21000,70000,-49000,0,0,0,0,0,0,-4000,0,4000,-4000,0,0,0,-53000
2852,第一保          ,0,52000,-52000,0,0,0,0,0,0,-2000,0,2000,-2000,0,0,0,-54000
2707,晶華            ,28000,82000,-54000,0,0,0,0,0,0,0,0,0,0,0,0,0,-54000
065533,台光電統一02購03,0,0,0,0,0,0,0,0,0,-54000,0,0,0,0,54000,-54000,-54000
065263,國泰金元大9C購02,0,0,0,0,0,0,0,0,0,-54000,0,0,0,0,54000,-54000,-54000
061852,大立光國票9B購02,0,0,0,0,0,0,0,0,0,-54000,0,0,0,0,54000,-54000,-54000
059630,美律凱基99購07  ,0,0,0,0,0,0,0,0,0,-54000,0,0,0,60000,114000,-54000,-54000
058700,鴻海元大99購15  ,0,0,0,0,0,0,0,0,0,-54000,0,0,0,64000,118000,-54000,-54000
058537,彩晶統一9B購01  ,0,0,0,0,0,0,0,0,0,-54000,0,0,0,0,54000,-54000,-54000
062038,鴻海凱基9B購05  ,0,0,0,0,0,0,0,0,0,-54000,0,0,0,30000,84000,-54000,-54000
061481,嘉澤元大9A購03  ,0,0,0,0,0,0,0,0,0,-54000,0,0,0,21000,75000,-54000,-54000
061455,京元電凱基9B購01,0,0,0,0,0,0,0,0,0,-54000,0,0,0,17000,71000,-54000,-54000
063488,金像電國泰01購01,0,0,0,0,0,0,0,0,0,-54000,0,0,0,120000,174000,-54000,-54000
063570,嘉晶元大9C購02  ,0,0,0,0,0,0,0,0,0,-54000,0,0,0,14000,68000,-54000,-54000
063608,力成凱基9B購03  ,0,0,0,0,0,0,0,0,0,-54000,0,0,0,20000,74000,-54000,-54000
064334,可成元大01購01  ,0,0,0,0,0,0,0,0,0,-54000,0,0,0,66000,120000,-54000,-54000
064018,儒鴻元大9C購02  ,0,0,0,0,0,0,0,0,0,-54000,0,0,0,5000,59000,-54000,-54000
064554,儒鴻群益9C購01  ,0,0,0,0,0,0,0,0,0,-54000,0,0,0,76000,130000,-54000,-54000
064485,儒鴻元大01購01  ,0,0,0,0,0,0,0,0,0,-54000,0,0,0,68000,122000,-54000,-54000
6277,宏正            ,66000,119000,-53000,0,0,0,0,0,0,-1000,0,1000,-1000,0,0,0,-54000
2882,國泰金          ,5734108,6220674,-486566,0,0,0,0,0,0,432000,340000,0,340000,140000,48000,92000,-54566
2923,鼎固-KY         ,0,55000,-55000,0,0,0,0,0,0,0,0,0,0,0,0,0,-55000
3022,威強電          ,27000,82000,-55000,0,0,0,0,0,0,0,0,0,0,0,0,0,-55000
3535,晶彩科          ,46000,99000,-53000,0,0,0,0,0,0,-2000,0,2000,-2000,0,0,0,-55000
2545,皇翔            ,14000,69000,-55000,0,0,0,0,0,0,0,0,0,0,0,0,0,-55000
08284P,鴻海凱基01售03  ,0,0,0,0,0,0,0,0,0,-55000,0,0,0,0,55000,-55000,-55000
08189P,超眾群益9B售04  ,0,0,0,0,0,0,0,0,0,-55000,0,0,0,5000,60000,-55000,-55000
08032P,台積電統一9B售16,0,0,0,0,0,0,0,0,0,-55000,0,0,0,0,55000,-55000,-55000
07675P,全新永豐9A售02  ,0,0,0,0,0,0,0,0,0,-55000,0,0,0,0,55000,-55000,-55000
07285P,上証2X群益01售02,0,0,0,0,0,0,0,0,0,-55000,0,0,0,0,55000,-55000,-55000
056465,臺股指凱基99購07,0,0,0,0,0,0,0,0,0,-55000,0,0,0,0,55000,-55000,-55000
056182,台光電統一97購03,0,0,0,0,0,0,0,0,0,-55000,0,0,0,117000,172000,-55000,-55000
052893,聯電群益98購01  ,0,0,0,0,0,0,0,0,0,-55000,0,0,0,65000,120000,-55000,-55000
060595,台灣50凱基04購04,0,0,0,0,0,0,0,0,0,-55000,0,0,0,0,55000,-55000,-55000
059293,宏達電元富9B購01,0,0,0,0,0,0,0,0,0,-55000,0,0,0,150000,205000,-55000,-55000
061008,群創兆豐9A購02  ,0,0,0,0,0,0,0,0,0,-55000,0,0,0,0,55000,-55000,-55000
058655,鴻海中信03購02  ,0,0,0,0,0,0,0,0,0,-55000,0,0,0,5000,60000,-55000,-55000
061948,美食群益9B購01  ,0,0,0,0,0,0,0,0,0,-55000,0,0,0,0,55000,-55000,-55000
062360,華邦電元大9B購01,0,100000,-100000,0,0,0,0,0,0,45000,0,0,0,162000,117000,45000,-55000
060857,旭富富邦9B購01  ,0,0,0,0,0,0,0,0,0,-55000,0,0,0,15000,70000,-55000,-55000
058505,台積電元大99購08,0,0,0,0,0,0,0,0,0,-55000,0,0,0,0,55000,-55000,-55000
064699,臻鼎群益9C購01  ,0,0,0,0,0,0,0,0,0,-55000,0,0,0,63000,118000,-55000,-55000
065003,燿華國票01購01  ,0,0,0,0,0,0,0,0,0,-55000,0,0,0,0,55000,-55000,-55000
064788,台汽電群益9C購01,0,0,0,0,0,0,0,0,0,-55000,0,0,0,101000,156000,-55000,-55000
064398,聚陽凱基01購01  ,0,0,0,0,0,0,0,0,0,-55000,0,0,0,0,55000,-55000,-55000
064180,國巨富邦02購03  ,0,0,0,0,0,0,0,0,0,-55000,0,0,0,10000,65000,-55000,-55000
062951,鴻海永豐9B購02  ,0,0,0,0,0,0,0,0,0,-55000,0,0,0,0,55000,-55000,-55000
062888,漢唐群益9B購01  ,0,0,0,0,0,0,0,0,0,-55000,0,0,0,0,55000,-55000,-55000
4551,智伸科          ,110000,95000,15000,0,0,0,0,0,0,-70000,4000,7000,-3000,4000,71000,-67000,-55000
06751P,旺宏凱基98售10  ,0,0,0,0,0,0,0,0,0,-56000,0,0,0,0,56000,-56000,-56000
07764P,世紀鋼永豐9A售04,0,0,0,0,0,0,0,0,0,-56000,0,0,0,0,56000,-56000,-56000
065249,聯發科麥證9C購04,0,0,0,0,56000,-56000,0,0,0,-56000,0,0,0,0,56000,-56000,-56000
065113,南電國票01購02  ,0,0,0,0,0,0,0,0,0,-56000,0,0,0,28000,84000,-56000,-56000
06677P,牧德國票98售02  ,0,0,0,0,0,0,0,0,0,-56000,0,0,0,0,56000,-56000,-56000
06589P,台積電元大98售12,0,0,0,0,0,0,0,0,0,-56000,0,0,0,34000,90000,-56000,-56000
08277P,嘉晶元富9C售02  ,0,0,0,0,0,0,0,0,0,-56000,0,0,0,193000,249000,-56000,-56000
08473P,康控凱基9C售01  ,0,0,0,0,0,0,0,0,0,-56000,0,0,0,7000,63000,-56000,-56000
054827,宏全元大9A購01  ,0,0,0,0,0,0,0,0,0,-56000,0,0,0,318000,374000,-56000,-56000
056668,光磊國票99購01  ,0,0,0,0,0,0,0,0,0,-56000,0,0,0,109000,165000,-56000,-56000
057377,康控元大99購02  ,0,0,0,0,0,0,0,0,0,-56000,0,0,0,226000,282000,-56000,-56000
056411,緯穎國票99購01  ,0,0,0,0,0,0,0,0,0,-56000,0,0,0,101000,157000,-56000,-56000
061052,和大群益9A購01  ,0,0,0,0,0,0,0,0,0,-56000,0,0,0,10000,66000,-56000,-56000
058583,臻鼎群益99購01  ,0,0,0,0,0,0,0,0,0,-56000,0,0,0,23000,79000,-56000,-56000
061574,大毅元大9B購01  ,0,0,0,0,0,0,0,0,0,-56000,0,0,0,12000,68000,-56000,-56000
062705,美食元大9B購01  ,0,0,0,0,0,0,0,0,0,-56000,0,0,0,0,56000,-56000,-56000
063293,億豐元大9B購01  ,0,0,0,0,0,0,0,0,0,-56000,0,0,0,9000,65000,-56000,-56000
063435,儒鴻統一01購02  ,0,0,0,0,0,0,0,0,0,-56000,0,0,0,100000,156000,-56000,-56000
064329,國巨元大01購03  ,0,0,0,0,0,0,0,0,0,-56000,0,0,0,1000,57000,-56000,-56000
064073,南電永豐9C購01  ,0,0,0,0,0,0,0,0,0,-56000,0,0,0,17000,73000,-56000,-56000
063886,南電元富9C購01  ,0,0,0,0,0,0,0,0,0,-56000,0,0,0,6000,62000,-56000,-56000
063904,大立光麥證01購01,0,0,0,10000,71000,-61000,0,0,0,-56000,0,0,0,15000,71000,-56000,-56000
063922,大立光元富9C購04,0,0,0,0,0,0,0,0,0,-56000,0,0,0,8000,64000,-56000,-56000
065026,世紀鋼永豐9C購02,0,0,0,0,0,0,0,0,0,-56000,0,0,0,0,56000,-56000,-56000
08331P,義隆元富9C售02  ,0,0,0,0,0,0,0,0,0,-57000,0,0,0,64000,121000,-57000,-57000
08369P,鴻海凱基01售04  ,0,0,0,0,0,0,0,0,0,-57000,0,0,0,0,57000,-57000,-57000
2466,冠西電          ,0,55000,-55000,0,0,0,0,0,0,-2000,0,2000,-2000,0,0,0,-57000
07368P,國巨凱基99售19  ,0,0,0,0,0,0,0,0,0,-57000,0,0,0,43000,100000,-57000,-57000
057307,瀚宇博兆豐99購01,0,0,0,0,0,0,0,0,0,-57000,0,0,0,196000,253000,-57000,-57000
056813,聯茂統一99購01  ,0,0,0,0,0,0,0,0,0,-57000,0,0,0,0,57000,-57000,-57000
061388,台積電群益9A購05,0,0,0,0,0,0,0,0,0,-57000,0,0,0,0,57000,-57000,-57000
058648,聯陽永豐99購01  ,0,0,0,0,0,0,0,0,0,-57000,0,0,0,182000,239000,-57000,-57000
058748,景碩凱基9A購01  ,0,0,0,0,0,0,0,0,0,-57000,0,0,0,10000,67000,-57000,-57000
059123,訊芯永豐99購03  ,0,0,0,0,0,0,0,0,0,-57000,0,0,0,41000,98000,-57000,-57000
064817,鈺齊元大9C購02  ,0,0,0,0,0,0,0,0,0,-57000,0,0,0,60000,117000,-57000,-57000
064900,景碩群益01購01  ,0,0,0,0,0,0,0,0,0,-57000,0,0,0,119000,176000,-57000,-57000
064486,聚陽元大9C購01  ,0,0,0,0,0,0,0,0,0,-57000,0,0,0,0,57000,-57000,-57000
064444,聚陽統一01購02  ,0,0,0,0,0,0,0,0,0,-57000,0,0,0,3000,60000,-57000,-57000
063829,晶技國票01購01  ,0,0,0,0,0,0,0,0,0,-57000,0,0,0,133000,190000,-57000,-57000
064063,健策國泰01購02  ,0,0,0,0,0,0,0,0,0,-57000,0,0,0,24000,81000,-57000,-57000
064435,聯發科凱基02購03,0,0,0,0,0,0,0,0,0,-57000,0,0,0,125000,182000,-57000,-57000
064231,鴻海統一01購03  ,0,0,0,0,0,0,0,0,0,-57000,0,0,0,137000,194000,-57000,-57000
062982,同欣電元富9B購01,0,0,0,0,0,0,0,0,0,-57000,0,0,0,29000,86000,-57000,-57000
3596,智易            ,123000,189000,-66000,0,0,0,0,2000,-2000,11000,3000,4000,-1000,21000,9000,12000,-57000
07768P,緯穎群益9A售02  ,0,0,0,0,0,0,0,0,0,-58000,0,0,0,5000,63000,-58000,-58000
065130,奇鋐兆豐9C購01  ,0,0,0,0,0,0,0,0,0,-58000,0,0,0,0,58000,-58000,-58000
065254,大成鋼元大9C購01,0,0,0,0,0,0,0,0,0,-58000,0,0,0,10000,68000,-58000,-58000
1451,年興            ,17000,102000,-85000,0,0,0,30000,0,30000,-3000,0,3000,-3000,0,0,0,-58000
1201,味全            ,260000,318000,-58000,0,0,0,0,0,0,0,0,0,0,0,0,0,-58000
08231P,上銀元富9B售10  ,0,0,0,0,0,0,0,0,0,-58000,0,0,0,87000,145000,-58000,-58000
057418,台光電凱基98購04,0,0,0,0,0,0,0,0,0,-58000,0,0,0,0,58000,-58000,-58000
035276,南亞科台新97購01,0,0,0,0,0,0,0,0,0,-58000,0,0,0,12000,70000,-58000,-58000
00690,兆豐藍籌30      ,0,0,0,0,0,0,0,0,0,-58000,0,0,0,164000,222000,-58000,-58000
061087,國巨統一01購04  ,0,0,0,0,0,0,0,0,0,-58000,0,0,0,13000,71000,-58000,-58000
060743,鴻海國票9A購03  ,0,0,0,0,0,0,0,0,0,-58000,0,0,0,44000,102000,-58000,-58000
062340,力成麥證9B購01  ,0,0,0,0,58000,-58000,0,0,0,-58000,0,0,0,0,58000,-58000,-58000
061378,南六永豐9A購03  ,0,0,0,0,0,0,0,0,0,-58000,0,0,0,40000,98000,-58000,-58000
060666,聯茂凱基9A購02  ,0,0,0,0,0,0,0,0,0,-58000,0,0,0,0,58000,-58000,-58000
063072,裕隆永豐9B購01  ,0,0,0,0,0,0,0,0,0,-58000,0,0,0,10000,68000,-58000,-58000
062968,仁寶元富9B購01  ,0,0,0,0,0,0,0,0,0,-58000,0,0,0,95000,153000,-58000,-58000
062868,葡萄王中信9B購01,0,0,0,0,0,0,0,0,0,-58000,0,0,0,93000,151000,-58000,-58000
062456,台積電群益9B購05,0,0,0,0,0,0,0,0,0,-58000,0,0,0,7000,65000,-58000,-58000
063511,南電群益9B購02  ,0,0,0,0,0,0,0,0,0,-58000,0,0,0,7000,65000,-58000,-58000
063559,力山元大9B購04  ,0,0,0,0,0,0,0,0,0,-58000,0,0,0,0,58000,-58000,-58000
064256,玉晶光國泰02購02,0,0,0,0,0,0,0,0,0,-58000,0,0,0,671000,729000,-58000,-58000
063871,瀚宇博永豐9C購01,0,0,0,0,0,0,0,0,0,-58000,0,0,0,60000,118000,-58000,-58000
064465,台表科統一01購02,0,0,0,0,0,0,0,0,0,-58000,0,0,0,131000,189000,-58000,-58000
064489,宏碁元大9C購01  ,0,0,0,0,0,0,0,0,0,-58000,0,0,0,0,58000,-58000,-58000
6668,中揚光          ,35000,92000,-57000,0,0,0,0,0,0,-1000,0,1000,-1000,0,0,0,-58000
1442,名軒            ,7000,30000,-23000,0,0,0,0,36000,-36000,0,0,0,0,0,0,0,-59000
055398,超眾統一97購03  ,0,0,0,0,0,0,0,0,0,-59000,0,0,0,102000,161000,-59000,-59000
057972,群創富邦9C購01  ,0,0,0,0,0,0,0,0,0,-59000,0,0,0,0,59000,-59000,-59000
055119,力成凱基98購01  ,0,0,0,0,0,0,0,0,0,-59000,0,0,0,30000,89000,-59000,-59000
060114,緯穎元大99購10  ,0,0,0,0,0,0,0,0,0,-59000,0,0,0,0,59000,-59000,-59000
056136,京鼎元大98購01  ,0,0,0,0,0,0,0,0,0,-59000,0,0,0,0,59000,-59000,-59000
061620,禾伸堂群益9A購02,0,0,0,0,0,0,0,0,0,-59000,0,0,0,60000,119000,-59000,-59000
059259,FBVIX中信03購06 ,0,0,0,0,0,0,0,0,0,-59000,0,0,0,34000,93000,-59000,-59000
059456,智易永豐99購01  ,0,0,0,0,0,0,0,0,0,-59000,0,0,0,29000,88000,-59000,-59000
062186,晶技元大9B購05  ,0,0,0,0,0,0,0,0,0,-59000,0,0,0,117000,176000,-59000,-59000
062204,京元電國票9C購01,0,0,0,0,0,0,0,0,0,-59000,0,0,0,398000,457000,-59000,-59000
059924,世紀鋼元大99購06,0,0,0,0,0,0,0,0,0,-59000,0,0,0,0,59000,-59000,-59000
064966,FBVIX元大9C購03 ,0,0,0,0,0,0,0,0,0,-59000,0,0,0,41000,100000,-59000,-59000
064990,世紀鋼元大01購01,0,0,0,0,0,0,0,0,0,-59000,0,0,0,0,59000,-59000,-59000
062433,上銀元大9B購05  ,0,0,0,0,0,0,0,0,0,-59000,0,0,0,4000,63000,-59000,-59000
062574,美食群益9B購02  ,0,0,0,0,0,0,0,0,0,-59000,0,0,0,0,59000,-59000,-59000
2495,普安            ,4000,61000,-57000,0,0,0,0,0,0,-3000,0,3000,-3000,0,0,0,-60000
065143,聯發科凱基9C購07,0,0,0,0,0,0,0,0,0,-60000,0,0,0,40000,100000,-60000,-60000
065144,大立光凱基01購06,0,0,0,0,0,0,0,0,0,-60000,0,0,0,0,60000,-60000,-60000
065429,微星凱基02購02  ,0,0,0,0,0,0,0,0,0,-60000,0,0,0,0,60000,-60000,-60000
07796P,聯發科國票9A售03,0,0,0,0,0,0,0,0,0,-60000,0,0,0,80000,140000,-60000,-60000
07905P,大立光群益9B售04,0,0,0,0,0,0,0,0,0,-60000,0,0,0,106000,166000,-60000,-60000
07884P,華新科凱基9B售08,0,0,0,0,0,0,0,0,0,-60000,0,0,0,20000,80000,-60000,-60000
06886P,旺宏元大99售07  ,0,0,0,0,0,0,0,0,0,-60000,0,0,0,0,60000,-60000,-60000
056151,建準凱基97購01  ,0,0,0,0,0,0,0,0,0,-60000,0,0,0,0,60000,-60000,-60000
057271,國巨元大98購17  ,0,0,0,0,0,0,0,0,0,-60000,0,0,0,0,60000,-60000,-60000
056685,光罩統一98購03  ,0,0,0,0,0,0,0,0,0,-60000,0,0,0,0,60000,-60000,-60000
056740,大立光凱基98購13,0,0,0,0,0,0,0,0,0,-60000,0,0,0,0,60000,-60000,-60000
056471,台光電元大99購01,0,0,0,0,0,0,0,0,0,-60000,0,0,0,0,60000,-60000,-60000
056980,建準群益98購02  ,0,0,0,0,0,0,0,0,0,-60000,0,0,0,0,60000,-60000,-60000
056898,全新元大98購02  ,0,0,0,0,0,0,0,0,0,-60000,0,0,0,0,60000,-60000,-60000
056519,創意國票99購01  ,0,0,0,0,0,0,0,0,0,-60000,0,0,0,0,60000,-60000,-60000
061820,康控群益9B購02  ,0,0,0,0,0,0,0,0,0,-60000,0,0,0,20000,80000,-60000,-60000
057101,新光金中信9A購01,0,0,0,0,0,0,0,0,0,-60000,0,0,0,0,60000,-60000,-60000
054806,台化元大9A購01  ,0,0,0,0,0,0,0,0,0,-60000,0,0,0,0,60000,-60000,-60000
054531,聯發科國泰97購02,0,0,0,0,0,0,0,0,0,-60000,0,0,0,0,60000,-60000,-60000
052663,奇鋐國票97購01  ,0,0,0,0,0,0,0,0,0,-60000,0,0,0,0,60000,-60000,-60000
03444B,臺股指元大9C熊02,0,0,0,0,0,0,0,0,0,-60000,0,0,0,50000,110000,-60000,-60000
055824,臺股指國票97購11,0,0,0,0,0,0,0,0,0,-60000,0,0,0,0,60000,-60000,-60000
059911,國巨元大99購27  ,0,0,0,0,0,0,0,0,0,-60000,0,0,0,20000,80000,-60000,-60000
059882,臺股指凱基9C購06,0,0,0,0,0,0,0,0,0,-60000,0,0,0,18000,78000,-60000,-60000
059218,台積電元大99購31,0,0,0,0,0,0,0,0,0,-60000,0,0,0,0,60000,-60000,-60000
059836,大立光國泰9B購02,0,0,0,0,0,0,0,0,0,-60000,0,0,0,0,60000,-60000,-60000
060907,金像電元大9A購02,0,0,0,0,0,0,0,0,0,-60000,0,0,0,15000,75000,-60000,-60000
060946,世紀鋼國票9A購02,0,0,0,0,0,0,0,0,0,-60000,0,0,0,0,60000,-60000,-60000
061552,南六群益9A購02  ,0,0,0,0,0,0,0,0,0,-60000,0,0,0,0,60000,-60000,-60000
062239,台汽電凱基9B購01,0,0,0,0,0,0,0,0,0,-60000,0,0,0,0,60000,-60000,-60000
058428,大立光元富99購02,0,0,0,0,0,0,0,0,0,-60000,0,0,0,15000,75000,-60000,-60000
060471,台勝科元大9B購01,0,0,0,0,0,0,0,0,0,-60000,0,0,0,1000,61000,-60000,-60000
058248,聯茂元大99購05  ,0,0,0,0,0,0,0,0,0,-60000,0,0,0,46000,106000,-60000,-60000
062568,緯穎中信9C購01  ,0,0,0,0,0,0,0,0,0,-60000,0,0,0,0,60000,-60000,-60000
062719,微星凱基9B購01  ,0,0,0,0,0,0,0,0,0,-60000,0,0,0,60000,120000,-60000,-60000
062608,智易凱基9B購01  ,0,0,0,0,0,0,0,0,0,-60000,0,0,0,0,60000,-60000,-60000
063520,上銀凱基9B購05  ,0,0,0,0,0,0,0,0,0,-60000,0,0,0,32000,92000,-60000,-60000
063507,奇鋐群益9B購02  ,0,0,0,0,0,0,0,0,0,-60000,0,0,0,0,60000,-60000,-60000
063445,金像電統一9B購01,0,0,0,0,0,0,0,0,0,-60000,0,0,0,34000,94000,-60000,-60000
064740,台光電國票01購01,0,0,0,0,0,0,0,0,0,-60000,0,0,0,10000,70000,-60000,-60000
06471P,臺股指凱基99售11,0,0,0,0,0,0,0,0,0,-60000,0,0,0,0,60000,-60000,-60000
064638,儒鴻凱基9C購03  ,0,0,0,0,0,0,0,0,0,-60000,0,0,0,0,60000,-60000,-60000
063843,台積電元大9C購03,0,0,0,0,0,0,0,0,0,-60000,0,0,0,0,60000,-60000,-60000
064097,友訊群益9C購01  ,0,0,0,0,0,0,0,0,0,-60000,0,0,0,66000,126000,-60000,-60000
8341,日友            ,37000,94000,-57000,0,0,0,0,0,0,-3000,0,3000,-3000,0,0,0,-60000
07312P,台灣50元大99售10,0,0,0,0,0,0,0,0,0,-61000,0,0,0,0,61000,-61000,-61000
065404,玉晶光國泰02購03,0,0,0,0,0,0,0,0,0,-61000,0,0,0,316000,377000,-61000,-61000
065153,金像電群益9C購03,0,0,0,0,0,0,0,0,0,-61000,0,0,0,0,61000,-61000,-61000
065104,南茂元大9C購02  ,0,0,0,0,0,0,0,0,0,-61000,0,0,0,45000,106000,-61000,-61000
065101,力成元大9C購05  ,0,0,0,0,0,0,0,0,0,-61000,0,0,0,38000,99000,-61000,-61000
2530,華建            ,31000,87000,-56000,0,0,0,0,0,0,-5000,0,5000,-5000,0,0,0,-61000
08200P,祥碩元大9B售08  ,0,0,0,0,0,0,0,0,0,-61000,0,0,0,10000,71000,-61000,-61000
08055P,臺股指國票9B售20,0,0,0,0,0,0,0,0,0,-61000,0,0,0,82000,143000,-61000,-61000
047504,滬深2X國票9A購01,0,0,0,0,0,0,0,0,0,-61000,0,0,0,248000,309000,-61000,-61000
05088P,大立光富邦99售01,0,0,0,0,0,0,0,0,0,-61000,0,0,0,0,61000,-61000,-61000
060626,貿聯元大9A購04  ,0,0,0,0,0,0,0,0,0,-61000,0,0,0,0,61000,-61000,-61000
058632,世紀鋼國票9A購01,0,0,0,0,0,0,0,0,0,-61000,0,0,0,34000,95000,-61000,-61000
058580,華新科群益99購02,0,0,0,0,0,0,0,0,0,-61000,0,0,0,1000,62000,-61000,-61000
061122,敬鵬永豐9A購01  ,0,0,0,0,0,0,0,0,0,-61000,0,0,0,35000,96000,-61000,-61000
059922,大立光元大99購25,0,0,0,0,0,0,0,0,0,-61000,0,0,0,70000,131000,-61000,-61000
063742,道瓊指國票9C購01,0,0,0,0,0,0,0,0,0,-61000,0,0,0,2000,63000,-61000,-61000
062607,美食凱基9B購01  ,0,0,0,0,0,0,0,0,0,-61000,0,0,0,1000,62000,-61000,-61000
062635,創意國票9B購01  ,0,0,0,0,0,0,0,0,0,-61000,0,0,0,10000,71000,-61000,-61000
08287P,茂林凱基9C售02  ,0,0,0,0,0,0,0,0,0,-62000,0,0,0,15000,77000,-62000,-62000
06705P,臻鼎元富98售03  ,0,0,0,0,0,0,0,0,0,-62000,0,0,0,44000,106000,-62000,-62000
053651,台光電凱基98購01,0,0,0,0,0,0,0,0,0,-62000,0,0,0,50000,112000,-62000,-62000
054378,楠梓電群益98購01,0,0,0,0,0,0,0,0,0,-62000,0,0,0,8000,70000,-62000,-62000
057538,緯穎元大98購07  ,0,0,0,0,0,0,0,0,0,-62000,0,0,0,11000,73000,-62000,-62000
060912,華新科元大9A購10,0,0,0,0,0,0,0,0,0,-62000,0,0,0,0,62000,-62000,-62000
058783,臺股指國票99購02,0,0,0,0,0,0,0,0,0,-62000,0,0,0,0,62000,-62000,-62000
062132,神隆群益9B購01  ,0,0,0,0,0,0,0,0,0,-62000,0,0,0,138000,200000,-62000,-62000
062177,上銀元大9B購02  ,0,0,0,0,0,0,0,0,0,-62000,0,0,0,0,62000,-62000,-62000
062156,美律凱基9B購01  ,0,0,0,0,0,0,0,0,0,-62000,0,0,0,81000,143000,-62000,-62000
060467,神基元大9A購01  ,0,0,0,0,0,0,0,0,0,-62000,0,0,0,8000,70000,-62000,-62000
058345,台光電群益99購03,0,0,0,0,0,0,0,0,0,-62000,0,0,0,0,62000,-62000,-62000
063086,祥碩凱基9C購01  ,0,0,0,0,0,0,0,0,0,-62000,0,0,0,28000,90000,-62000,-62000
063392,聯電群益9B購02  ,0,0,0,0,0,0,0,0,0,-62000,0,0,0,42000,104000,-62000,-62000
063980,智易兆豐9C購02  ,0,0,0,0,0,0,0,0,0,-62000,0,0,0,0,62000,-62000,-62000
064257,台勝科國泰01購01,0,0,0,0,0,0,0,0,0,-62000,0,0,0,214000,276000,-62000,-62000
064310,華新科群益9C購02,0,0,0,0,0,0,0,0,0,-62000,0,0,0,36000,98000,-62000,-62000
065087,可成元大9C購08  ,0,0,0,0,0,0,0,0,0,-63000,0,0,0,10000,73000,-63000,-63000
065164,和大元大01購01  ,0,0,0,0,0,0,0,0,0,-63000,0,0,0,0,63000,-63000,-63000
065317,上銀凱基9C購03  ,0,0,0,0,0,0,0,0,0,-63000,0,0,0,5000,68000,-63000,-63000
065360,和大元大01購03  ,0,0,0,0,0,0,0,0,0,-63000,0,0,0,0,63000,-63000,-63000
06743P,創意永豐98售03  ,0,0,0,0,0,0,0,0,0,-63000,0,0,0,50000,113000,-63000,-63000
08057P,京鼎群益9B售01  ,0,0,0,0,0,0,0,0,0,-63000,0,0,0,2000,65000,-63000,-63000
2459,敦吉            ,19000,77000,-58000,0,0,0,0,0,0,-5000,0,5000,-5000,0,0,0,-63000
057751,神達國票99購02  ,0,0,0,0,0,0,0,0,0,-63000,0,0,0,5000,68000,-63000,-63000
061823,勤誠群益9B購01  ,0,0,0,0,0,0,0,0,0,-63000,0,0,0,0,63000,-63000,-63000
058955,台積電國票9A購04,0,0,0,0,0,0,0,0,0,-63000,0,0,0,49000,112000,-63000,-63000
057670,欣興元大99購02  ,0,0,0,0,0,0,0,0,0,-63000,0,0,0,18000,81000,-63000,-63000
053092,台表科元大97購02,0,0,0,0,0,0,0,0,0,-63000,0,0,0,0,63000,-63000,-63000
061028,聚陽永豐9A購01  ,0,0,0,0,0,0,0,0,0,-63000,0,0,0,1000,64000,-63000,-63000
058242,玉晶光元大9A購01,0,0,0,0,0,0,0,0,0,-63000,0,0,0,81000,144000,-63000,-63000
064532,聯茂兆豐01購01  ,0,0,0,0,0,0,0,0,0,-63000,0,0,0,5000,68000,-63000,-63000
062703,可成元大9C購02  ,0,0,0,0,0,0,0,0,0,-63000,0,0,0,20000,83000,-63000,-63000
8131,福懋科          ,43000,76000,-33000,0,0,0,0,0,0,-30000,0,10000,-10000,0,20000,-20000,-63000
9925,新保            ,19000,80000,-61000,0,0,0,0,0,0,-2000,0,2000,-2000,0,0,0,-63000
1702,南僑            ,29000,85000,-56000,0,0,0,0,0,0,-8000,2000,10000,-8000,0,0,0,-64000
08443P,臺股指麥證01售02,0,0,0,40000,104000,-64000,0,0,0,-64000,0,0,0,40000,104000,-64000,-64000
07082P,美律元大99售06  ,0,0,0,0,0,0,0,0,0,-64000,0,0,0,38000,102000,-64000,-64000
07034P,大立光元富99售03,0,0,0,0,0,0,0,0,0,-64000,0,0,0,223000,287000,-64000,-64000
06608P,立積群益99售02  ,0,0,0,0,0,0,0,0,0,-64000,0,0,0,100000,164000,-64000,-64000
057990,美律統一99購02  ,0,0,0,0,0,0,0,0,0,-64000,0,0,0,84000,148000,-64000,-64000
057629,泰碩永豐98購02  ,0,0,0,0,0,0,0,0,0,-64000,0,0,0,76000,140000,-64000,-64000
056681,鴻海統一98購09  ,0,0,0,0,0,0,0,0,0,-64000,0,0,0,24000,88000,-64000,-64000
060075,台積電元富99購05,0,0,0,0,0,0,0,0,0,-64000,0,0,0,0,64000,-64000,-64000
057494,玉晶光元大99購09,0,0,0,0,0,0,0,0,0,-64000,0,0,0,3000,67000,-64000,-64000
058299,同欣電凱基9A購01,0,0,0,0,0,0,0,0,0,-64000,0,0,0,119000,183000,-64000,-64000
062373,泰鼎元大9B購01  ,0,0,0,0,0,0,0,0,0,-64000,0,0,0,1000,65000,-64000,-64000
062107,台光電國票9B購01,0,0,0,0,0,0,0,0,0,-64000,0,0,0,5000,69000,-64000,-64000
060712,建準永豐9A購01  ,0,0,0,0,0,0,0,0,0,-64000,0,0,0,2000,66000,-64000,-64000
058213,欣興群益99購01  ,0,0,0,0,0,0,0,0,0,-64000,0,0,0,60000,124000,-64000,-64000
061349,嘉澤元大9A購02  ,0,0,0,0,0,0,0,0,0,-64000,0,0,0,10000,74000,-64000,-64000
063133,喬山統一01購01  ,0,0,0,0,0,0,0,0,0,-64000,0,0,0,66000,130000,-64000,-64000
062916,智易元大9B購01  ,0,0,0,0,0,0,0,0,0,-64000,0,0,0,5000,69000,-64000,-64000
063501,旭富永豐9B購02  ,0,0,0,0,0,0,0,0,0,-64000,0,0,0,0,64000,-64000,-64000
064491,金像電元大9C購03,0,0,0,0,0,0,0,0,0,-64000,0,0,0,45000,109000,-64000,-64000
064641,神隆凱基9C購01  ,0,0,0,0,0,0,0,0,0,-64000,0,0,0,133000,197000,-64000,-64000
064730,超眾統一02購02  ,0,0,0,0,0,0,0,0,0,-64000,0,0,0,257000,321000,-64000,-64000
065412,金像電永豐9C購01,0,0,0,0,0,0,0,0,0,-65000,0,0,0,0,65000,-65000,-65000
065597,旺宏元大01購03  ,0,0,0,0,0,0,0,0,0,-65000,0,0,0,1000,66000,-65000,-65000
06770P,台灣50第一9C售01,0,0,0,0,0,0,0,0,0,-65000,0,0,0,0,65000,-65000,-65000
07462P,臺股指元大9B售05,0,0,0,0,0,0,0,0,0,-65000,0,0,0,0,65000,-65000,-65000
1104,環泥            ,29000,91000,-62000,0,0,0,0,0,0,-3000,0,3000,-3000,0,0,0,-65000
1457,宜進            ,10000,75000,-65000,0,0,0,0,0,0,0,0,0,0,0,0,0,-65000
2426,鼎元            ,48000,107000,-59000,0,0,0,0,0,0,-6000,0,6000,-6000,0,0,0,-65000
057843,晶技永豐98購02  ,0,0,0,0,0,0,0,0,0,-65000,0,0,0,19000,84000,-65000,-65000
057662,上銀元大9A購01  ,0,0,0,0,0,0,0,0,0,-65000,0,0,0,3000,68000,-65000,-65000
056547,臻鼎凱基99購01  ,0,0,0,0,0,0,0,0,0,-65000,0,0,0,110000,175000,-65000,-65000
047004,台積電統一99購01,0,0,0,0,0,0,0,0,0,-65000,0,0,0,0,65000,-65000,-65000
060884,超眾中信9B購01  ,0,0,0,0,0,0,0,0,0,-65000,0,0,0,80000,145000,-65000,-65000
059938,凱美永豐99購01  ,0,0,0,0,0,0,0,0,0,-65000,0,0,0,0,65000,-65000,-65000
06470P,臺股指凱基99售10,0,0,0,0,0,0,0,0,0,-65000,0,0,0,35000,100000,-65000,-65000
064354,同欣電元大9C購05,0,0,0,0,0,0,0,0,0,-65000,0,0,0,20000,85000,-65000,-65000
062970,智邦元富9B購01  ,0,0,0,0,0,0,0,0,0,-65000,0,0,0,43000,108000,-65000,-65000
063063,泰鼎元富9B購01  ,0,0,0,0,0,0,0,0,0,-65000,0,0,0,0,65000,-65000,-65000
8462,柏文            ,70000,46000,24000,0,0,0,0,90000,-90000,1000,1000,0,1000,0,0,0,-65000
00851,台新全球AI      ,0,0,0,0,0,0,0,0,0,-66000,0,0,0,28000,94000,-66000,-66000
058047,可成元大98購11  ,0,0,0,0,0,0,0,0,0,-66000,0,0,0,2000,68000,-66000,-66000
054842,台達電兆豐98購01,0,0,0,0,0,0,0,0,0,-66000,0,0,0,0,66000,-66000,-66000
057718,旺宏元富02購02  ,0,0,0,0,0,0,0,0,0,-66000,0,0,0,0,66000,-66000,-66000
061877,貿聯元大9B購01  ,0,0,0,0,0,0,0,0,0,-66000,0,0,0,4000,70000,-66000,-66000
059848,智邦永豐99購01  ,0,0,0,0,0,0,0,0,0,-66000,0,0,0,26000,92000,-66000,-66000
059053,鴻海凱基99購07  ,0,0,0,0,0,0,0,0,0,-66000,0,0,0,112000,178000,-66000,-66000
058527,世紀鋼元大99購01,0,0,0,0,0,0,0,0,0,-66000,0,0,0,41000,107000,-66000,-66000
063659,世紀鋼元富9B購01,0,0,0,0,0,0,0,0,0,-66000,0,0,0,0,66000,-66000,-66000
064317,日月光群益9C購01,0,0,0,0,0,0,0,0,0,-66000,0,0,0,37000,103000,-66000,-66000
064064,義隆富邦03購01  ,0,0,0,0,0,0,0,0,0,-66000,0,0,0,304000,370000,-66000,-66000
064672,同欣電元大01購01,0,0,0,0,0,0,0,0,0,-66000,0,0,0,132000,198000,-66000,-66000
064679,晶技兆豐9C購01  ,0,0,0,0,0,0,0,0,0,-66000,0,0,0,55000,121000,-66000,-66000
1414,東和            ,1000,68000,-67000,0,0,0,0,0,0,0,0,0,0,0,0,0,-67000
065497,台積電富邦03購03,0,0,0,0,0,0,0,0,0,-67000,0,0,0,13000,80000,-67000,-67000
065245,國泰金兆豐9C購01,0,0,0,0,0,0,0,0,0,-67000,0,0,0,31000,98000,-67000,-67000
056430,鴻海凱基98購06  ,0,0,0,0,0,0,0,0,0,-67000,0,0,0,41000,108000,-67000,-67000
056434,國巨凱基98購03  ,0,0,0,0,0,0,0,0,0,-67000,0,0,0,68000,135000,-67000,-67000
057010,景碩中信98購01  ,0,0,0,0,0,0,0,0,0,-67000,0,0,0,4000,71000,-67000,-67000
058333,鴻海元富99購04  ,0,0,0,0,0,0,0,0,0,-67000,0,0,0,33000,100000,-67000,-67000
061649,緯穎元大9A購06  ,0,0,0,0,0,0,0,0,0,-67000,0,0,0,16000,83000,-67000,-67000
064649,同欣電凱基01購01,0,0,0,0,0,0,0,0,0,-67000,0,0,0,50000,117000,-67000,-67000
064566,大立光群益9C購04,0,0,0,0,0,0,0,0,0,-67000,0,0,0,0,67000,-67000,-67000
064764,聯茂凱基01購01  ,0,0,0,0,0,0,0,0,0,-67000,0,0,0,15000,82000,-67000,-67000
064212,可成凱基03購01  ,0,0,0,0,0,0,0,0,0,-67000,0,0,0,51000,118000,-67000,-67000
063558,聚陽元大9B購02  ,0,0,0,0,0,0,0,0,0,-67000,0,0,0,50000,117000,-67000,-67000
063618,智邦兆豐9C購01  ,0,0,0,0,0,0,0,0,0,-67000,0,0,0,3000,70000,-67000,-67000
063425,台勝科凱基9B購02,0,0,0,0,0,0,0,0,0,-67000,0,0,0,110000,177000,-67000,-67000
3607,谷崧            ,69000,166000,-97000,0,0,0,30000,0,30000,0,1000,1000,0,0,0,0,-67000
065253,和大元大01購02  ,0,0,0,0,0,0,0,0,0,-68000,0,0,0,10000,78000,-68000,-68000
065262,義隆元大9C購06  ,0,0,0,0,0,0,0,0,0,-68000,0,0,0,37000,105000,-68000,-68000
065259,燿華元大9C購05  ,0,0,0,0,0,0,0,0,0,-68000,0,0,0,0,68000,-68000,-68000
065271,日月光元大9C購02,0,0,0,0,0,0,0,0,0,-68000,0,0,0,0,68000,-68000,-68000
065382,緯穎元大9C購04  ,0,0,0,0,0,0,0,0,0,-68000,0,0,0,0,68000,-68000,-68000
1337,再生-KY         ,5000,73000,-68000,0,0,0,0,0,0,0,1000,1000,0,0,0,0,-68000
3518,柏騰            ,54000,120000,-66000,0,0,0,0,0,0,-2000,0,2000,-2000,0,0,0,-68000
3346,麗清            ,8000,77000,-69000,0,0,0,0,0,0,1000,1000,0,1000,0,0,0,-68000
055755,禾伸堂兆豐97購02,0,0,0,0,0,0,0,0,0,-68000,0,0,0,0,68000,-68000,-68000
056004,南電永豐97購02  ,0,0,0,0,0,0,0,0,0,-68000,0,0,0,11000,79000,-68000,-68000
057531,禾伸堂元大99購04,0,0,0,0,0,0,0,0,0,-68000,0,0,0,10000,78000,-68000,-68000
056363,華新科元大99購04,0,0,0,0,0,0,0,0,0,-68000,0,0,0,0,68000,-68000,-68000
057757,鴻海凱基98購13  ,0,0,0,0,0,0,0,0,0,-68000,0,0,0,102000,170000,-68000,-68000
057849,南茂永豐98購02  ,0,0,0,0,0,0,0,0,0,-68000,0,0,0,0,68000,-68000,-68000
061717,力成凱基9B購01  ,0,0,0,0,0,0,0,0,0,-68000,0,0,0,2000,70000,-68000,-68000
057370,可成元大98購07  ,0,0,0,0,0,0,0,0,0,-68000,0,0,0,0,68000,-68000,-68000
057371,可成元大98購08  ,0,0,0,0,0,0,0,0,0,-68000,0,0,0,0,68000,-68000,-68000
056900,可成元大98購02  ,0,0,0,0,0,0,0,0,0,-68000,0,0,0,0,68000,-68000,-68000
056655,旺宏元大99購02  ,0,0,0,0,0,0,0,0,0,-68000,0,0,0,0,68000,-68000,-68000
056307,貿聯元大97購05  ,0,0,0,0,0,0,0,0,0,-68000,0,0,0,0,68000,-68000,-68000
057277,可成元大98購05  ,0,0,0,0,0,0,0,0,0,-68000,0,0,0,0,68000,-68000,-68000
062081,華新科元大9B購06,0,0,0,0,0,0,0,0,0,-68000,0,0,0,0,68000,-68000,-68000
062369,創意元大9B購01  ,0,0,0,0,0,0,0,0,0,-68000,0,0,0,4000,72000,-68000,-68000
061170,南茂兆豐9B購01  ,0,0,0,0,0,0,0,0,0,-68000,0,0,0,0,68000,-68000,-68000
058480,新日興凱基9A購01,0,0,0,0,0,0,0,0,0,-68000,0,0,0,11000,79000,-68000,-68000
058453,可成永豐99購01  ,0,0,0,0,0,0,0,0,0,-68000,0,0,0,0,68000,-68000,-68000
060014,中鋼康和99購01  ,0,0,0,0,0,0,0,0,0,-68000,0,0,0,0,68000,-68000,-68000
063368,遠東新永豐9B購01,0,0,0,0,0,0,0,0,0,-68000,0,0,0,0,68000,-68000,-68000
063632,金像電元大9B購04,0,0,0,0,0,0,0,0,0,-68000,0,0,0,10000,78000,-68000,-68000
062974,奇力新元富9B購01,0,0,0,0,0,0,0,0,0,-68000,0,0,0,0,68000,-68000,-68000
062781,微星元大9C購01  ,0,0,0,0,0,0,0,0,0,-68000,0,0,0,0,68000,-68000,-68000
064391,亞德客永豐9C購01,0,0,0,0,0,0,0,0,0,-68000,0,0,0,11000,79000,-68000,-68000
064112,宏碁國票01購01  ,0,0,0,0,0,0,0,0,0,-68000,0,0,0,38000,106000,-68000,-68000
063967,華新科國票01購01,0,0,0,0,0,0,0,0,0,-68000,0,0,0,0,68000,-68000,-68000
064828,聯發科統一01購06,0,0,0,0,0,0,0,0,0,-68000,0,0,0,2000,70000,-68000,-68000
065023,大毅永豐9C購01  ,0,0,0,0,0,0,0,0,0,-68000,0,0,0,0,68000,-68000,-68000
064492,技嘉元大9C購01  ,0,0,0,0,0,0,0,0,0,-68000,0,0,0,8000,76000,-68000,-68000
064480,聚陽永豐9C購01  ,0,0,0,0,0,0,0,0,0,-68000,0,0,0,0,68000,-68000,-68000
064645,義隆凱基03購01  ,0,0,0,0,0,0,0,0,0,-68000,0,0,0,45000,113000,-68000,-68000
064655,聚陽元大9C購02  ,0,0,0,0,0,0,0,0,0,-68000,0,0,0,79000,147000,-68000,-68000
07067P,旺宏台新99售02  ,0,0,0,0,0,0,0,0,0,-69000,0,0,0,40000,109000,-69000,-69000
07202P,台灣50凱基9C售04,0,0,0,0,0,0,0,0,0,-69000,0,0,0,55000,124000,-69000,-69000
056899,可成元大98購01  ,0,0,0,0,0,0,0,0,0,-69000,0,0,0,0,69000,-69000,-69000
058807,和大統一9B購01  ,0,0,0,0,0,0,0,0,0,-69000,0,0,0,189000,258000,-69000,-69000
062192,南六元大9B購01  ,0,0,0,0,0,0,0,0,0,-69000,0,0,0,73000,142000,-69000,-69000
058664,百和兆豐99購01  ,0,0,0,0,0,0,0,0,0,-69000,0,0,0,0,69000,-69000,-69000
062865,臺股指國票9B購22,0,0,0,0,0,0,0,0,0,-69000,0,0,0,10000,79000,-69000,-69000
062922,南六元大9B購03  ,0,0,0,0,0,0,0,0,0,-69000,0,0,0,167000,236000,-69000,-69000
063649,南六元大9C購02  ,0,0,0,0,0,0,0,0,0,-69000,0,0,0,157000,226000,-69000,-69000
07720P,臺股指群益9A售09,0,0,0,0,0,0,0,0,0,-70000,0,0,0,0,70000,-70000,-70000
065427,台積電凱基02購04,0,0,0,0,0,0,0,0,0,-70000,0,0,0,0,70000,-70000,-70000
065436,力成凱基02購01  ,0,0,0,0,0,0,0,0,0,-70000,0,0,0,0,70000,-70000,-70000
06666P,台積電日盛9A售02,0,0,0,0,0,0,0,0,0,-70000,0,0,0,37000,107000,-70000,-70000
06657P,寶成元大98售01  ,0,0,0,0,0,0,0,0,0,-70000,0,0,0,10000,80000,-70000,-70000
3057,喬鼎            ,9000,79000,-70000,0,0,0,0,0,0,0,0,0,0,0,0,0,-70000
1712,興農            ,42000,111000,-69000,0,0,0,0,0,0,-1000,0,1000,-1000,0,0,0,-70000
08366P,祥碩凱基9C售04  ,0,0,0,0,0,0,0,0,0,-70000,0,0,0,120000,190000,-70000,-70000
08297P,寶成元大9C售01  ,0,0,0,0,0,0,0,0,0,-70000,0,0,0,0,70000,-70000,-70000
056915,上銀兆豐99購01  ,0,0,0,0,0,0,0,0,0,-70000,0,0,0,0,70000,-70000,-70000
056971,麗豐永豐98購01  ,0,0,0,0,0,0,0,0,0,-70000,0,0,0,40000,110000,-70000,-70000
056326,TPK兆豐98購01   ,0,0,0,0,0,0,0,0,0,-70000,0,0,0,100000,170000,-70000,-70000
057571,泰碩永豐98購01  ,0,0,0,0,0,0,0,0,0,-70000,0,0,0,0,70000,-70000,-70000
058104,國巨統一9A購04  ,0,0,0,0,0,0,0,0,0,-70000,0,0,0,0,70000,-70000,-70000
054208,台積電國票97購07,0,0,0,0,0,0,0,0,0,-70000,0,0,0,0,70000,-70000,-70000
061201,FBVIX元大01購03 ,0,0,0,0,0,0,0,0,0,-70000,0,0,0,0,70000,-70000,-70000
063617,鴻海兆豐01購01  ,0,0,0,0,0,0,0,0,0,-70000,0,0,0,0,70000,-70000,-70000
063039,大立光凱基9C購02,0,0,0,0,0,0,0,0,0,-70000,0,0,0,60000,130000,-70000,-70000
064484,元金2X元大9C購02,0,0,0,0,0,0,0,0,0,-70000,0,0,0,0,70000,-70000,-70000
06490P,鴻海富邦99售02  ,0,0,0,0,0,0,0,0,0,-70000,0,0,0,0,70000,-70000,-70000
063838,上銀元大9C購01  ,0,0,0,0,0,0,0,0,0,-70000,0,0,0,0,70000,-70000,-70000
06583P,可成凱基98售07  ,0,0,0,0,0,0,0,0,0,-71000,0,0,0,99000,170000,-71000,-71000
065365,國巨元大9C購19  ,0,0,0,0,0,0,0,0,0,-71000,0,0,0,8000,79000,-71000,-71000
065221,神隆永豐9C購01  ,0,0,0,0,0,0,0,0,0,-71000,0,0,0,70000,141000,-71000,-71000
065230,義隆凱基02購01  ,0,0,0,0,0,0,0,0,0,-71000,0,0,0,61000,132000,-71000,-71000
07071P,立積元富99售01  ,0,0,0,0,0,0,0,0,0,-71000,0,0,0,65000,136000,-71000,-71000
058082,美律群益98購05  ,0,0,0,0,0,0,0,0,0,-71000,0,0,0,98000,169000,-71000,-71000
059039,致伸群益99購01  ,0,0,0,0,0,0,0,0,0,-71000,0,0,0,59000,130000,-71000,-71000
058719,智邦元富99購01  ,0,0,0,0,0,0,0,0,0,-71000,0,0,0,0,71000,-71000,-71000
058634,可成兆豐99購03  ,0,0,0,0,0,0,0,0,0,-71000,0,0,0,0,71000,-71000,-71000
060642,華擎永豐9A購02  ,0,0,0,0,0,0,0,0,0,-71000,0,0,0,0,71000,-71000,-71000
064319,南電群益9C購01  ,0,0,0,0,0,0,0,0,0,-71000,0,0,0,2000,73000,-71000,-71000
064296,奇鋐國票01購01  ,0,0,0,0,0,0,0,0,0,-71000,0,0,0,220000,291000,-71000,-71000
064814,祥碩元大9C購06  ,0,0,0,0,0,0,0,0,0,-71000,0,0,0,158000,229000,-71000,-71000
064792,美律國票9C購01  ,0,0,0,0,0,0,0,0,0,-71000,0,0,0,38000,109000,-71000,-71000
063106,台表科群益9B購03,0,0,0,0,0,0,0,0,0,-71000,0,0,0,10000,81000,-71000,-71000
062912,新日興元大9B購01,0,0,0,0,0,0,0,0,0,-71000,0,0,0,4000,75000,-71000,-71000
063586,燿華永豐9B購02  ,0,0,0,0,0,0,0,0,0,-71000,0,0,0,0,71000,-71000,-71000
2705,六福            ,8000,79764,-71764,0,0,0,0,0,0,0,0,0,0,0,0,0,-71764
1514,亞力            ,175000,246000,-71000,0,0,0,0,0,0,-1000,0,1000,-1000,0,0,0,-72000
07864P,可成元大9B售01  ,0,0,0,0,0,0,0,0,0,-72000,0,0,0,188000,260000,-72000,-72000
065226,華通凱基01購01  ,0,0,0,0,0,0,0,0,0,-72000,0,0,0,0,72000,-72000,-72000
057750,神達國票99購01  ,0,0,0,0,0,0,0,0,0,-72000,0,0,0,0,72000,-72000,-72000
057378,康友元大98購02  ,0,0,0,0,0,0,0,0,0,-72000,0,0,0,32000,104000,-72000,-72000
061549,泰碩群益9A購01  ,0,0,0,0,0,0,0,0,0,-72000,0,0,0,28000,100000,-72000,-72000
061524,華通凱基9A購07  ,0,0,0,0,0,0,0,0,0,-72000,0,0,0,1000,73000,-72000,-72000
059959,訊芯康和99購01  ,0,0,0,0,0,0,0,0,0,-72000,0,0,0,44000,116000,-72000,-72000
063707,儒鴻凱基9C購01  ,0,0,0,0,0,0,0,0,0,-72000,0,0,0,10000,82000,-72000,-72000
063198,仁寶統一01購02  ,0,0,0,0,0,0,0,0,0,-72000,0,0,0,36000,108000,-72000,-72000
06467P,旺宏統一98售01  ,0,0,0,0,0,0,0,0,0,-72000,0,0,0,0,72000,-72000,-72000
064013,創意國票01購01  ,0,0,0,0,0,0,0,0,0,-72000,0,0,0,0,72000,-72000,-72000
2428,興勤            ,37000,110474,-73474,0,0,0,0,0,0,1000,8000,2000,6000,0,5000,-5000,-72474
3530,晶相光          ,50000,105000,-55000,0,0,0,0,0,0,-18000,0,0,0,0,18000,-18000,-73000
2010,春源            ,0,73000,-73000,0,0,0,0,0,0,0,0,0,0,0,0,0,-73000
07967P,力山元大9B售03  ,0,0,0,0,0,0,0,0,0,-73000,0,0,0,145000,218000,-73000,-73000
056191,世紀鋼統一97購01,0,0,0,0,0,0,0,0,0,-73000,0,0,0,0,73000,-73000,-73000
057578,可成中信99購01  ,0,0,0,0,0,0,0,0,0,-73000,0,0,0,87000,160000,-73000,-73000
057421,智原凱基98購04  ,0,0,0,0,0,0,0,0,0,-73000,0,0,0,13000,86000,-73000,-73000
055670,矽創群益98購02  ,0,0,0,0,0,0,0,0,0,-73000,0,0,0,0,73000,-73000,-73000
051266,國巨富邦99購01  ,0,0,0,0,0,0,0,0,0,-73000,0,0,0,560000,633000,-73000,-73000
060706,群創富邦9A購01  ,0,0,0,0,0,0,0,0,0,-73000,0,0,0,0,73000,-73000,-73000
061293,聯茂統一9A購01  ,0,0,0,0,0,0,0,0,0,-73000,0,0,0,0,73000,-73000,-73000
061077,國巨兆豐9B購01  ,0,0,0,0,0,0,0,0,0,-73000,0,0,0,0,73000,-73000,-73000
060236,精元元大9C購01  ,0,0,0,0,0,0,0,0,0,-73000,0,0,0,3000,76000,-73000,-73000
058779,大立光國票9A購02,0,0,0,0,0,0,0,0,0,-73000,0,0,0,0,73000,-73000,-73000
062386,京鼎國泰9C購01  ,0,0,0,0,0,0,0,0,0,-73000,0,0,0,230000,303000,-73000,-73000
064129,新日興元大9C購02,0,0,0,0,0,0,0,0,0,-73000,0,0,0,1000,74000,-73000,-73000
064656,聚陽元大9C購03  ,0,0,0,0,0,0,0,0,0,-73000,0,0,0,5000,78000,-73000,-73000
063167,同欣電永豐9B購03,0,0,0,0,0,0,0,0,0,-73000,0,0,0,1000,74000,-73000,-73000
063679,群創國泰01購01  ,0,0,0,0,0,0,0,0,0,-73000,0,0,0,0,73000,-73000,-73000
08220P,華邦電凱基9B售02,0,0,0,0,0,0,0,0,0,-74000,0,0,0,26000,100000,-74000,-74000
1459,聯發            ,13000,87000,-74000,0,0,0,0,0,0,0,0,0,0,0,0,0,-74000
2461,光群雷          ,18000,62000,-44000,0,0,0,0,0,0,-30000,0,30000,-30000,0,0,0,-74000
2816,旺旺保          ,16000,90000,-74000,0,0,0,0,0,0,0,0,0,0,0,0,0,-74000
065398,國泰金群益9C購01,0,0,0,0,0,0,0,0,0,-74000,0,0,0,0,74000,-74000,-74000
056994,緯穎兆豐98購02  ,0,0,0,0,0,0,0,0,0,-74000,0,0,0,65000,139000,-74000,-74000
057060,緯穎元大98購05  ,0,0,0,0,0,0,0,0,0,-74000,0,0,0,62000,136000,-74000,-74000
056184,南亞科統一97購03,0,0,0,0,0,0,0,0,0,-74000,0,0,0,0,74000,-74000,-74000
058334,鴻海元富99購05  ,0,0,0,0,0,0,0,0,0,-74000,0,0,0,126000,200000,-74000,-74000
061117,美律國泰9C購01  ,0,0,0,0,0,0,0,0,0,-74000,0,0,0,0,74000,-74000,-74000
059581,日月光元富99購02,0,0,0,0,0,0,0,0,0,-74000,0,0,0,62000,136000,-74000,-74000
063783,儒鴻中信9C購01  ,0,0,0,0,0,0,0,0,0,-74000,0,0,0,7000,81000,-74000,-74000
063409,GIS國票9C購02   ,0,0,0,0,0,0,0,0,0,-74000,0,0,0,130000,204000,-74000,-74000
062710,盛群元大9B購01  ,0,0,0,0,0,0,0,0,0,-74000,0,0,0,49000,123000,-74000,-74000
064768,仁寶中信03購01  ,0,0,0,0,0,0,0,0,0,-74000,0,0,0,173000,247000,-74000,-74000
063943,台光電元大9C購02,0,0,0,0,0,0,0,0,0,-74000,0,0,0,32000,106000,-74000,-74000
065377,群創元大02購02  ,0,0,0,0,0,0,0,0,0,-75000,0,0,0,0,75000,-75000,-75000
065463,大立光中信01購02,0,0,0,0,0,0,0,0,0,-75000,0,0,0,62000,137000,-75000,-75000
2841,台開            ,369000,439000,-70000,0,0,0,0,0,0,-5000,0,5000,-5000,0,0,0,-75000
2538,基泰            ,29000,92000,-63000,0,0,0,39000,0,39000,-51000,0,51000,-51000,0,0,0,-75000
1531,高林股          ,0,72000,-72000,0,0,0,0,0,0,-3000,0,3000,-3000,0,0,0,-75000
060072,國巨元富99購04  ,0,0,0,0,0,0,0,0,0,-75000,0,0,0,0,75000,-75000,-75000
060123,光罩永豐99購02  ,0,0,0,0,0,0,0,0,0,-75000,0,0,0,0,75000,-75000,-75000
057138,亞德客兆豐98購01,0,0,0,0,0,0,0,0,0,-75000,0,0,0,0,75000,-75000,-75000
03445B,臺股指元大02熊01,0,0,0,0,0,0,0,0,0,-75000,0,0,0,645000,720000,-75000,-75000
060229,楠梓電元大9C購01,0,0,0,0,0,0,0,0,0,-75000,0,0,0,144000,219000,-75000,-75000
061446,鴻海中信04購01  ,0,0,0,0,0,0,0,0,0,-75000,0,0,0,128000,203000,-75000,-75000
062253,燿華元大9B購02  ,0,0,0,0,0,0,0,0,0,-75000,0,0,0,8000,83000,-75000,-75000
061920,台積電凱基9C購02,0,0,0,0,0,0,0,0,0,-75000,0,0,0,0,75000,-75000,-75000
064879,健策兆豐01購01  ,0,0,0,0,0,0,0,0,0,-75000,0,0,0,1000,76000,-75000,-75000
065044,大立光凱基9C購06,0,0,0,0,0,0,0,0,0,-75000,0,0,0,12000,87000,-75000,-75000
062470,智邦凱基9C購01  ,0,0,0,0,0,0,0,0,0,-75000,0,0,0,31000,106000,-75000,-75000
6192,巨路            ,12000,57000,-45000,0,0,0,0,0,0,-30000,0,30000,-30000,0,0,0,-75000
08376P,南亞科元富9C售03,0,0,0,0,0,0,0,0,0,-76000,0,0,0,30000,106000,-76000,-76000
08588P,緯穎元富03售01  ,0,0,0,0,0,0,0,0,0,-76000,0,0,0,0,76000,-76000,-76000
057093,臻鼎元富98購02  ,0,0,0,0,0,0,0,0,0,-76000,0,0,0,0,76000,-76000,-76000
057056,立積元大99購02  ,0,0,0,0,0,0,0,0,0,-76000,0,0,0,98000,174000,-76000,-76000
060165,上緯控永豐9A購01,0,0,0,0,0,0,0,0,0,-76000,0,0,0,0,76000,-76000,-76000
060110,茂林元大99購06  ,0,0,0,0,0,0,0,0,0,-76000,0,0,0,0,76000,-76000,-76000
057318,台光電凱基9A購01,0,0,0,0,0,0,0,0,0,-76000,0,0,0,26000,102000,-76000,-76000
058733,同欣電永豐99購02,0,0,0,0,0,0,0,0,0,-76000,0,0,0,8000,84000,-76000,-76000
062333,嘉晶統一9C購01  ,0,0,0,0,0,0,0,0,0,-76000,0,0,0,6000,82000,-76000,-76000
061372,世紀鋼國泰9C購01,0,0,0,0,0,0,0,0,0,-76000,0,0,0,14000,90000,-76000,-76000
059096,百和元大99購04  ,0,0,0,0,0,0,0,0,0,-76000,0,0,0,24000,100000,-76000,-76000
060401,世紀鋼國票9B購01,0,0,0,0,0,0,0,0,0,-76000,0,0,0,207000,283000,-76000,-76000
059950,百和永豐99購02  ,0,0,0,0,0,0,0,0,0,-76000,0,0,0,0,76000,-76000,-76000
060954,國泰金群益9A購02,0,0,0,0,0,0,0,0,0,-76000,0,0,0,0,76000,-76000,-76000
064667,大立光元大02購01,0,0,0,0,0,0,0,0,0,-76000,0,0,0,10000,86000,-76000,-76000
065200,健策元富9C購04  ,0,0,0,0,0,0,0,0,0,-77000,0,0,0,0,77000,-77000,-77000
058146,勤誠元大99購01  ,0,0,0,0,0,0,0,0,0,-77000,0,0,0,49000,126000,-77000,-77000
061843,億豐凱基9C購01  ,0,0,0,0,0,0,0,0,0,-77000,0,0,0,20000,97000,-77000,-77000
05749P,臺股指群益99售03,0,0,0,0,0,0,0,0,0,-77000,0,0,0,73000,150000,-77000,-77000
053523,T50反1中信9A購01,0,0,0,0,0,0,0,0,0,-77000,0,0,0,0,77000,-77000,-77000
059612,奇鋐永豐99購02  ,0,0,0,0,0,0,0,0,0,-77000,0,0,0,10000,87000,-77000,-77000
060437,宏全永豐9A購01  ,0,0,0,0,0,0,0,0,0,-77000,0,0,0,170000,247000,-77000,-77000
061648,緯穎元大9A購04  ,0,0,0,0,0,0,0,0,0,-77000,0,0,0,15000,92000,-77000,-77000
064933,矽創統一01購01  ,0,0,0,0,0,0,0,0,0,-77000,0,0,0,0,77000,-77000,-77000
064075,台積電中信06購01,0,0,0,0,0,0,0,0,0,-77000,0,0,0,242000,319000,-77000,-77000
062954,世芯永豐9B購03  ,0,0,0,0,0,0,0,0,0,-77000,0,0,0,8000,85000,-77000,-77000
062771,臺股指凱基9B購15,0,0,0,0,0,0,0,0,0,-77000,0,0,0,0,77000,-77000,-77000
063238,漢唐元大9B購02  ,0,0,0,0,0,0,0,0,0,-77000,0,0,0,0,77000,-77000,-77000
6214,精誠            ,430000,577000,-147000,0,0,0,0,0,0,70000,83000,13000,70000,0,0,0,-77000
065187,聯發科統一02購02,0,0,0,0,0,0,0,0,0,-78000,0,0,0,0,78000,-78000,-78000
065093,新日興元大9C購03,0,0,0,0,0,0,0,0,0,-78000,0,0,0,10000,88000,-78000,-78000
065671,大立光凱基9C購07,0,0,0,0,0,0,0,0,0,-78000,0,0,0,0,78000,-78000,-78000
08187P,大毅群益9B售04  ,0,0,0,0,0,0,0,0,0,-78000,0,0,0,147000,225000,-78000,-78000
3312,弘憶股          ,19000,95000,-76000,0,0,0,0,0,0,-2000,0,2000,-2000,0,0,0,-78000
054210,台光電國票97購03,0,0,0,0,0,0,0,0,0,-78000,0,0,0,0,78000,-78000,-78000
057555,玉晶光凱基9A購02,0,0,0,0,0,0,0,0,0,-78000,0,0,0,128000,206000,-78000,-78000
057591,鴻海兆豐99購01  ,0,0,0,0,0,0,0,0,0,-78000,0,0,0,5000,83000,-78000,-78000
061619,大立光群益9B購01,0,0,0,0,0,0,0,0,0,-78000,0,0,0,0,78000,-78000,-78000
061977,國巨元大9B購02  ,0,0,0,0,0,0,0,0,0,-78000,0,0,0,38000,116000,-78000,-78000
060869,超眾永豐9A購02  ,0,0,0,0,0,0,0,0,0,-78000,0,0,0,10000,88000,-78000,-78000
063287,嘉澤元大9B購05  ,0,0,0,0,0,0,0,0,0,-78000,0,0,0,21000,99000,-78000,-78000
062755,茂林麥證9B購01  ,0,0,0,20000,98000,-78000,0,0,0,-78000,0,0,0,20000,98000,-78000,-78000
064989,鈺齊元大01購01  ,0,0,0,0,0,0,0,0,0,-78000,0,0,0,0,78000,-78000,-78000
064611,亞德客元大9C購02,0,0,0,0,0,0,0,0,0,-78000,0,0,0,0,78000,-78000,-78000
6139,亞翔            ,30000,88000,-58000,0,0,0,0,18000,-18000,-2000,0,2000,-2000,0,0,0,-78000
2614,東森            ,328000,396000,-68000,0,0,0,0,0,0,-11000,0,11000,-11000,0,0,0,-79000
065294,創意群益9C購03  ,0,0,0,0,0,0,0,0,0,-79000,0,0,0,16000,95000,-79000,-79000
00652,富邦印度        ,155000,14000,141000,0,0,0,0,0,0,-220000,0,0,0,83000,303000,-220000,-79000
059298,大立光元富9C購02,0,0,0,0,0,0,0,0,0,-79000,0,0,0,86000,165000,-79000,-79000
060661,台積電凱基9A購18,0,0,0,0,0,0,0,0,0,-79000,0,0,0,0,79000,-79000,-79000
063611,儒鴻群益9B購03  ,0,0,0,0,0,0,0,0,0,-79000,0,0,0,19000,98000,-79000,-79000
8464,億豐            ,600722,420115,180607,0,0,0,1000,260000,-259000,-1000,3000,0,3000,1000,5000,-4000,-79393
06525P,上証2X國泰99售01,0,0,0,0,0,0,0,0,0,-80000,0,0,0,160000,240000,-80000,-80000
07390P,華新科康和99售02,0,0,0,0,0,0,0,0,0,-80000,0,0,0,0,80000,-80000,-80000
07227P,聯發科元富99售05,0,0,0,0,0,0,0,0,0,-80000,0,0,0,100000,180000,-80000,-80000
2850,新產            ,2000,82000,-80000,0,0,0,0,0,0,0,0,0,0,0,0,0,-80000
07969P,臺股指元大9B售27,0,0,0,0,0,0,0,0,0,-80000,0,0,0,0,80000,-80000,-80000
08598P,立積元大9C售04  ,0,0,0,0,0,0,0,0,0,-80000,0,0,0,3000,83000,-80000,-80000
08314P,國巨元大9C售14  ,0,0,0,0,0,0,0,0,0,-80000,0,0,0,2000,82000,-80000,-80000
054628,可成凱基98購01  ,0,0,0,0,0,0,0,0,0,-80000,0,0,0,20000,100000,-80000,-80000
058361,美律凱基99購06  ,0,0,0,0,0,0,0,0,0,-80000,0,0,0,136000,216000,-80000,-80000
058678,南亞科日盛99購01,0,0,0,0,0,0,0,0,0,-80000,0,0,0,0,80000,-80000,-80000
060870,旭富群益9A購01  ,0,0,0,0,0,0,0,0,0,-80000,0,0,0,0,80000,-80000,-80000
061126,京元電永豐9A購02,0,0,0,0,0,0,0,0,0,-80000,0,0,0,30000,110000,-80000,-80000
061082,台光電兆豐9A購01,0,0,0,0,0,0,0,0,0,-80000,0,0,0,0,80000,-80000,-80000
063719,T50反1元大9B購11,0,0,0,0,0,0,0,0,0,-80000,0,0,0,10000,90000,-80000,-80000
065030,亞光兆豐9C購01  ,0,0,0,0,0,0,0,0,0,-80000,0,0,0,32000,112000,-80000,-80000
064044,台光電統一01購03,0,0,0,0,0,0,0,0,0,-80000,0,0,0,0,80000,-80000,-80000
6235,華孚            ,1000,77000,-76000,0,0,0,0,0,0,-4000,0,4000,-4000,0,0,0,-80000
3376,新日興          ,437209,339465,97744,0,0,0,0,30000,-30000,-148000,24000,167000,-143000,4000,9000,-5000,-80256
08410P,臺股指元大9C售16,0,0,0,0,0,0,0,0,0,-81000,0,0,0,20000,101000,-81000,-81000
07899P,和大凱基9B售01  ,0,0,0,0,0,0,0,0,0,-81000,0,0,0,0,81000,-81000,-81000
065298,健策統一9C購06  ,0,0,0,0,0,0,0,0,0,-81000,0,0,0,0,81000,-81000,-81000
057119,微星康和98購01  ,0,0,0,0,0,0,0,0,0,-81000,0,0,0,84000,165000,-81000,-81000
051047,深中小群益99購01,0,0,0,0,0,0,0,0,0,-81000,0,0,0,10000,91000,-81000,-81000
056584,鴻海統一9B購01  ,0,0,0,0,0,0,0,0,0,-81000,0,0,0,2249000,2330000,-81000,-81000
061704,景碩國票9A購01  ,0,0,0,0,0,0,0,0,0,-81000,0,0,0,18000,99000,-81000,-81000
062215,華通統一9B購01  ,0,0,0,0,0,0,0,0,0,-81000,0,0,0,249000,330000,-81000,-81000
064680,創意兆豐01購01  ,0,0,0,0,0,0,0,0,0,-81000,0,0,0,239000,320000,-81000,-81000
063306,聯茂凱基9C購01  ,0,0,0,0,0,0,0,0,0,-81000,0,0,0,0,81000,-81000,-81000
6206,飛捷            ,4000,85000,-81000,0,0,0,0,0,0,0,1000,1000,0,0,0,0,-81000
08139P,華新科元大9B售12,0,0,0,0,0,0,0,0,0,-82000,0,0,0,136000,218000,-82000,-82000
2399,映泰            ,72000,152000,-80000,0,0,0,0,0,0,-2000,0,2000,-2000,0,0,0,-82000
057549,台光電凱基98購05,0,0,0,0,0,0,0,0,0,-82000,0,0,0,0,82000,-82000,-82000
061616,鴻海群益9A購07  ,0,0,0,0,0,0,0,0,0,-82000,0,0,0,187000,269000,-82000,-82000
058261,大立光富邦03購01,0,0,0,0,0,0,0,0,0,-82000,0,0,0,0,82000,-82000,-82000
060962,義隆凱基9B購01  ,0,0,0,0,0,0,0,0,0,-82000,0,0,0,10000,92000,-82000,-82000
063537,華擎統一9C購03  ,0,0,0,0,0,0,0,0,0,-82000,0,0,0,36000,118000,-82000,-82000
065066,南電群益9C購02  ,0,0,0,0,0,0,0,0,0,-82000,0,0,0,2000,84000,-82000,-82000
063892,旺宏群益01購01  ,0,0,0,0,0,0,0,0,0,-82000,0,0,0,0,82000,-82000,-82000
1473,台南            ,0,83000,-83000,0,0,0,0,0,0,0,0,0,0,0,0,0,-83000
08074P,緯穎元富9B售02  ,0,0,0,0,0,0,0,0,0,-83000,0,0,0,60000,143000,-83000,-83000
065409,鴻海永豐9C購01  ,0,0,0,0,0,0,0,0,0,-83000,0,0,0,22000,105000,-83000,-83000
065512,友訊群益01購01  ,0,0,0,0,0,0,0,0,0,-83000,0,0,0,139000,222000,-83000,-83000
07731P,臺股指凱基9A售28,0,0,0,0,0,0,0,0,0,-83000,0,0,0,40000,123000,-83000,-83000
057455,景碩國泰99購01  ,0,0,0,0,0,0,0,0,0,-83000,0,0,0,1000,84000,-83000,-83000
057796,鴻海兆豐99購03  ,0,0,0,0,0,0,0,0,0,-83000,0,0,0,87000,170000,-83000,-83000
061732,智邦中信9B購01  ,0,0,0,0,0,0,0,0,0,-83000,0,0,0,50000,133000,-83000,-83000
055039,神達富邦99購01  ,0,0,0,0,0,0,0,0,0,-83000,0,0,0,2000,85000,-83000,-83000
060474,中租元大9B購01  ,0,0,0,0,0,0,0,0,0,-83000,0,0,0,1000,84000,-83000,-83000
064001,華通凱基02購01  ,0,0,0,0,0,0,0,0,0,-83000,0,0,0,11000,94000,-83000,-83000
064825,英業達統一9C購01,0,0,0,0,0,0,0,0,0,-83000,0,0,0,68000,151000,-83000,-83000
064584,英業達永豐9C購01,0,0,0,0,0,0,0,0,0,-83000,0,0,0,31000,114000,-83000,-83000
063556,儒鴻元大9B購02  ,0,0,0,0,0,0,0,0,0,-83000,0,0,0,0,83000,-83000,-83000
063651,金像電台新9B購01,0,0,0,0,0,0,0,0,0,-83000,0,0,0,5000,88000,-83000,-83000
063815,玉晶光群益02購01,0,0,0,0,0,0,0,0,0,-83000,0,0,0,18000,101000,-83000,-83000
063026,南六元大9B購04  ,0,0,0,0,0,0,0,0,0,-83000,0,0,0,132000,215000,-83000,-83000
9940,信義            ,78000,160000,-82000,0,0,0,0,0,0,-1000,0,1000,-1000,0,0,0,-83000
07983P,茂林群益9B售03  ,0,0,0,0,0,0,0,0,0,-84000,0,0,0,15000,99000,-84000,-84000
08348P,貿聯元大9C售01  ,0,0,0,0,0,0,0,0,0,-84000,0,0,0,0,84000,-84000,-84000
2030,彰源            ,0,84000,-84000,0,0,0,0,0,0,0,0,0,0,0,0,0,-84000
2617,台航            ,46000,128000,-82000,0,0,0,0,0,0,-2000,0,2000,-2000,0,0,0,-84000
057977,台光電永豐98購02,0,0,0,0,0,0,0,0,0,-84000,0,0,0,10000,94000,-84000,-84000
054353,世紀鋼國泰98購01,0,0,0,0,0,0,0,0,0,-84000,0,0,0,0,84000,-84000,-84000
056590,樺漢統一9A購01  ,0,0,0,0,0,0,0,0,0,-84000,0,0,0,1000,85000,-84000,-84000
056469,國巨元大99購01  ,0,0,0,0,0,0,0,0,0,-84000,0,0,0,77000,161000,-84000,-84000
060468,聯鈞元大9A購02  ,0,0,0,0,0,0,0,0,0,-84000,0,0,0,138000,222000,-84000,-84000
060510,大立光元大9A購03,0,0,0,0,0,0,0,0,0,-84000,0,0,0,7000,91000,-84000,-84000
060785,國巨富邦9B購04  ,0,0,0,0,0,0,0,0,0,-84000,0,0,0,1000,85000,-84000,-84000
061164,燿華兆豐9B購01  ,0,0,0,0,0,0,0,0,0,-84000,0,0,0,21000,105000,-84000,-84000
064904,茂林群益9C購02  ,0,0,0,0,0,0,0,0,0,-84000,0,0,0,60000,144000,-84000,-84000
063986,聯發科富邦02購01,0,0,0,0,0,0,0,0,0,-84000,0,0,0,41000,125000,-84000,-84000
064021,國巨元大9C購15  ,0,0,0,0,0,0,0,0,0,-84000,0,0,0,36000,120000,-84000,-84000
064240,群創統一02購02  ,0,0,0,0,0,0,0,0,0,-84000,0,0,0,0,84000,-84000,-84000
07836P,大成鋼元大9A售01,0,0,0,0,0,0,0,0,0,-85000,0,0,0,10000,95000,-85000,-85000
06980P,緯穎永豐99售02  ,0,0,0,0,0,0,0,0,0,-85000,0,0,0,2000,87000,-85000,-85000
054630,聯鈞凱基98購01  ,0,0,0,0,0,0,0,0,0,-85000,0,0,0,0,85000,-85000,-85000
060977,亞德客元大9A購04,0,0,0,0,0,0,0,0,0,-85000,0,0,0,34000,119000,-85000,-85000
059999,緯穎元富99購01  ,0,0,0,0,0,0,0,0,0,-85000,0,0,0,28000,113000,-85000,-85000
060583,南亞科元富9A購05,0,0,0,0,0,0,0,0,0,-85000,0,0,0,13000,98000,-85000,-85000
061989,晶技元大9B購04  ,0,0,0,0,0,0,0,0,0,-85000,0,0,0,159000,244000,-85000,-85000
062108,晶豪科國票9B購01,0,0,0,0,0,0,0,0,0,-85000,0,0,0,57000,142000,-85000,-85000
07094P,華通國票9A售03  ,0,0,0,0,0,0,0,0,0,-86000,0,0,0,0,86000,-86000,-86000
00713,元大台灣高息低波,0,72000,-72000,0,0,0,0,0,0,-14000,0,0,0,0,14000,-14000,-86000
061819,茂林群益9B購01  ,0,0,0,0,0,0,0,0,0,-86000,0,0,0,56000,142000,-86000,-86000
058773,和碩兆豐99購01  ,0,0,0,0,0,0,0,0,0,-86000,0,0,0,22000,108000,-86000,-86000
058775,台積電國票9A購02,0,0,0,0,0,0,0,0,0,-86000,0,0,0,13000,99000,-86000,-86000
06082P,華通統一98售01  ,0,0,0,0,0,0,0,0,0,-86000,0,0,0,11000,97000,-86000,-86000
060735,鴻海統一9C購03  ,0,0,0,0,0,0,0,0,0,-86000,0,0,0,32000,118000,-86000,-86000
061238,晶技元大9A購02  ,0,0,0,0,0,0,0,0,0,-86000,0,0,0,16000,102000,-86000,-86000
064796,緯穎國票01購01  ,0,0,0,0,0,0,0,0,0,-86000,0,0,0,13000,99000,-86000,-86000
063047,大立光兆豐9B購03,0,0,0,0,0,0,0,0,0,-86000,0,0,0,0,86000,-86000,-86000
06371P,茂林國票98售04  ,0,0,0,0,0,0,0,0,0,-86000,0,0,0,5000,91000,-86000,-86000
063460,智邦元大9B購08  ,0,0,0,0,0,0,0,0,0,-86000,0,0,0,73000,159000,-86000,-86000
6281,全國電          ,8000,90000,-82000,0,0,0,0,0,0,-4000,0,4000,-4000,0,0,0,-86000
06789P,鴻海凱基98售12  ,0,0,0,0,0,0,0,0,0,-87000,0,0,0,0,87000,-87000,-87000
065274,南茂元大9C購03  ,0,0,0,0,0,0,0,0,0,-87000,0,0,0,0,87000,-87000,-87000
058036,南電永豐98購01  ,0,0,0,0,0,0,0,0,0,-87000,0,0,0,6000,93000,-87000,-87000
058600,國巨元大99購15  ,0,0,0,0,0,0,0,0,0,-87000,0,0,0,1000,88000,-87000,-87000
058646,聯茂富邦9A購01  ,0,0,0,0,0,0,0,0,0,-87000,0,0,0,0,87000,-87000,-87000
062280,大立光群益9C購01,0,0,0,0,0,0,0,0,0,-87000,0,0,0,5000,92000,-87000,-87000
063962,台達電國票01購01,0,0,0,0,0,0,0,0,0,-87000,0,0,0,0,87000,-87000,-87000
08260P,大立光元大9C售08,0,0,0,0,0,0,0,0,0,-88000,0,0,0,0,88000,-88000,-88000
060934,台汽電永豐9A購02,0,0,0,0,0,0,0,0,0,-88000,0,0,0,0,88000,-88000,-88000
060385,台勝科凱基9A購01,0,0,0,0,0,0,0,0,0,-88000,0,0,0,40000,128000,-88000,-88000
064763,祥碩凱基02購01  ,0,0,0,0,0,0,0,0,0,-88000,0,0,0,277000,365000,-88000,-88000
063440,上銀統一01購02  ,0,0,0,0,0,0,0,0,0,-88000,0,0,0,104000,192000,-88000,-88000
063805,技嘉兆豐9C購01  ,0,0,0,0,0,0,0,0,0,-88000,0,0,0,10000,98000,-88000,-88000
063552,晶技國票9B購03  ,0,0,0,0,0,0,0,0,0,-88000,0,0,0,183000,271000,-88000,-88000
062871,大成鋼兆豐9B購01,0,0,0,0,0,0,0,0,0,-88000,0,0,0,0,88000,-88000,-88000
062560,奇鋐凱基9B購02  ,0,0,0,0,0,0,0,0,0,-88000,0,0,0,76000,164000,-88000,-88000
1108,幸福            ,6000,92000,-86000,0,0,0,0,0,0,-3000,0,3000,-3000,0,0,0,-89000
054161,友訊凱基98購01  ,0,0,0,0,0,0,0,0,0,-89000,0,0,0,0,89000,-89000,-89000
056503,楠梓電永豐98購01,0,0,0,0,0,0,0,0,0,-89000,0,0,0,121000,210000,-89000,-89000
060908,金像電元大9A購03,0,0,0,0,0,0,0,0,0,-89000,0,0,0,35000,124000,-89000,-89000
061001,智邦兆豐9B購01  ,0,0,0,0,0,0,0,0,0,-89000,0,0,0,40000,129000,-89000,-89000
062277,廣達群益9B購01  ,0,0,0,0,0,0,0,0,0,-89000,0,0,0,18000,107000,-89000,-89000
058702,國巨元大99購16  ,0,0,0,0,0,0,0,0,0,-89000,0,0,0,11000,100000,-89000,-89000
062934,大成鋼凱基9B購02,0,0,0,0,0,0,0,0,0,-89000,0,0,0,121000,210000,-89000,-89000
064349,泰鼎元大9C購02  ,0,0,0,0,0,0,0,0,0,-89000,0,0,0,53000,142000,-89000,-89000
08222P,南六凱基9B售05  ,0,0,0,0,0,0,0,0,0,-90000,0,0,0,0,90000,-90000,-90000
065357,立積元富03購01  ,0,0,0,0,0,0,0,0,0,-90000,0,0,0,398000,488000,-90000,-90000
065167,華通元大02購01  ,0,0,0,0,0,0,0,0,0,-90000,0,0,0,60000,150000,-90000,-90000
065415,台積電兆豐9C購05,0,0,0,0,0,0,0,0,0,-90000,0,0,0,0,90000,-90000,-90000
06822P,上銀富邦99售03  ,0,0,0,0,0,0,0,0,0,-90000,0,0,0,130000,220000,-90000,-90000
07092P,上銀凱基99售03  ,0,0,0,0,0,0,0,0,0,-90000,0,0,0,20000,110000,-90000,-90000
056318,鴻海群益98購02  ,0,0,0,0,0,0,0,0,0,-90000,0,0,0,10000,100000,-90000,-90000
05889P,群創元大98售02  ,0,0,0,0,0,0,0,0,0,-90000,0,0,0,0,90000,-90000,-90000
057909,台光電兆豐98購01,0,0,0,0,0,0,0,0,0,-90000,0,0,0,21000,111000,-90000,-90000
057084,立積統一9B購01  ,2000,0,2000,0,0,0,0,0,0,-92000,0,0,0,190000,282000,-92000,-90000
054040,中石化元大9C購01,0,0,0,0,0,0,0,0,0,-90000,0,0,0,0,90000,-90000,-90000
058720,旭富元富99購01  ,0,0,0,0,0,0,0,0,0,-90000,0,0,0,0,90000,-90000,-90000
060513,緯穎元大9B購01  ,0,0,0,0,0,0,0,0,0,-90000,0,0,0,20000,110000,-90000,-90000
059277,群創元大99購05  ,0,0,0,0,0,0,0,0,0,-90000,0,0,0,20000,110000,-90000,-90000
061310,華新科麥證9A購01,0,0,0,0,90000,-90000,0,0,0,-90000,0,0,0,0,90000,-90000,-90000
059539,緯穎凱基99購03  ,0,0,0,0,0,0,0,0,0,-90000,0,0,0,46000,136000,-90000,-90000
060034,立積永豐99購04  ,0,0,0,0,0,0,0,0,0,-90000,0,0,0,867000,957000,-90000,-90000
059840,鴻海富邦9A購02  ,0,0,0,0,0,0,0,0,0,-90000,0,0,0,0,90000,-90000,-90000
060329,鎧勝群益9B購01  ,0,0,0,0,0,0,0,0,0,-90000,0,0,0,30000,120000,-90000,-90000
060308,劍麟永豐9A購01  ,0,0,0,0,0,0,0,0,0,-90000,0,0,0,20000,110000,-90000,-90000
061114,南電元大9A購04  ,0,0,0,0,0,0,0,0,0,-90000,0,0,0,11000,101000,-90000,-90000
060277,道瓊反元大9A購02,0,0,0,0,0,0,0,0,0,-90000,0,0,0,10000,100000,-90000,-90000
06243P,亞光元富97售01  ,0,0,0,0,0,0,0,0,0,-90000,0,0,0,30000,120000,-90000,-90000
062651,世紀鋼富邦9C購01,0,0,0,0,0,0,0,0,0,-90000,0,0,0,0,90000,-90000,-90000
063476,台表科元大9C購03,0,0,0,0,0,0,0,0,0,-90000,0,0,0,93000,183000,-90000,-90000
063356,台表科元富02購01,0,0,0,0,0,0,0,0,0,-90000,0,0,0,81000,171000,-90000,-90000
9917,中保科          ,109000,187000,-78000,0,0,0,0,0,0,-12000,0,12000,-12000,0,0,0,-90000
08159P,日月光元富9B售01,0,0,0,0,0,0,0,0,0,-91000,0,0,0,80000,171000,-91000,-91000
057161,亞德客元大98購02,0,0,0,0,0,0,0,0,0,-91000,0,0,0,35000,126000,-91000,-91000
057737,國巨富邦99購02  ,0,0,0,0,0,0,0,0,0,-91000,0,0,0,20000,111000,-91000,-91000
058161,T50反1日盛03購01,0,0,0,0,0,0,0,0,0,-91000,0,0,0,0,91000,-91000,-91000
061958,鴻海統一01購01  ,0,0,0,0,0,0,0,0,0,-91000,0,0,0,49000,140000,-91000,-91000
063225,茂林群益9B購04  ,0,0,0,0,0,0,0,0,0,-91000,0,0,0,10000,101000,-91000,-91000
1515,力山            ,290960,283000,7960,0,0,0,0,140000,-140000,41000,47000,1000,46000,3000,8000,-5000,-91040
08449P,華新科群益9C售03,0,0,0,0,0,0,0,0,0,-92000,0,0,0,71000,163000,-92000,-92000
058920,SGBR2X元富99購06,0,0,0,0,0,0,0,0,0,-92000,0,0,0,0,92000,-92000,-92000
057123,上銀凱基98購05  ,0,0,0,0,0,0,0,0,0,-92000,0,0,0,0,92000,-92000,-92000
054455,楠梓電群益98購02,0,0,0,0,0,0,0,0,0,-92000,0,0,0,0,92000,-92000,-92000
055433,嘉聯益群益99購01,0,0,0,0,0,0,0,0,0,-92000,0,0,0,10000,102000,-92000,-92000
058376,貿聯凱基9A購01  ,0,0,0,0,0,0,0,0,0,-92000,0,0,0,46000,138000,-92000,-92000
061530,智邦台新9A購02  ,0,0,0,0,0,0,0,0,0,-92000,0,0,0,2000,94000,-92000,-92000
058207,南茂凱基99購01  ,0,0,0,0,0,0,0,0,0,-92000,0,0,0,119000,211000,-92000,-92000
063550,可成國票9C購01  ,0,5000,-5000,0,0,0,0,0,0,-87000,0,0,0,33000,120000,-87000,-92000
062836,同欣電群益9B購02,0,0,0,0,0,0,0,0,0,-92000,0,0,0,0,92000,-92000,-92000
065069,臺股指群益9C購17,0,0,0,0,0,0,0,0,0,-92000,0,0,0,0,92000,-92000,-92000
1707,葡萄王          ,67000,154000,-87000,0,0,0,0,0,0,-6000,0,1000,-1000,0,5000,-5000,-93000
2851,中再保          ,32000,125000,-93000,0,0,0,0,0,0,0,0,0,0,0,0,0,-93000
065131,晶技兆豐01購01  ,0,0,0,0,0,0,0,0,0,-93000,0,0,0,62000,155000,-93000,-93000
054766,智原國票98購01  ,0,0,0,0,0,0,0,0,0,-93000,0,0,0,0,93000,-93000,-93000
061853,晶技國票9B購02  ,0,0,0,0,0,0,0,0,0,-93000,0,0,0,21000,114000,-93000,-93000
05995P,T50正2中信9C售01,0,0,0,0,0,0,0,0,0,-93000,0,0,0,273000,366000,-93000,-93000
058437,可成統一9B購01  ,0,0,0,0,0,0,0,0,0,-93000,0,0,0,0,93000,-93000,-93000
061624,中租群益9A購01  ,0,0,0,0,0,0,0,0,0,-93000,0,0,0,0,93000,-93000,-93000
058650,台虹永豐9A購01  ,0,0,0,0,0,0,0,0,0,-93000,0,0,0,0,93000,-93000,-93000
064623,創意元大9C購04  ,0,0,0,0,0,0,0,0,0,-93000,0,0,0,45000,138000,-93000,-93000
063960,南電元大9C購03  ,0,0,0,0,0,0,0,0,0,-93000,0,0,0,18000,111000,-93000,-93000
062850,友訊永豐9B購01  ,0,0,0,0,0,0,0,0,0,-93000,0,0,0,385000,478000,-93000,-93000
063062,群創元富9B購01  ,0,0,0,0,0,0,0,0,0,-93000,0,0,0,16000,109000,-93000,-93000
062770,臺股指凱基9B購14,0,0,0,0,0,0,0,0,0,-93000,0,0,0,60000,153000,-93000,-93000
063640,貿聯元大9B購03  ,0,0,0,0,0,0,0,0,0,-93000,0,0,0,55000,148000,-93000,-93000
4536,拓凱            ,145000,184000,-39000,0,0,0,0,0,0,-54000,50000,100000,-50000,0,4000,-4000,-93000
07647P,健策國票9A售04  ,0,0,0,0,0,0,0,0,0,-94000,0,0,0,6000,100000,-94000,-94000
08354P,旺宏元大9C售05  ,0,0,0,0,0,0,0,0,0,-94000,0,0,0,6000,100000,-94000,-94000
057282,大立光元大99購06,0,0,0,0,0,0,0,0,0,-94000,0,0,0,5000,99000,-94000,-94000
056263,友訊統一99購01  ,0,0,0,0,0,0,0,0,0,-94000,0,0,0,26000,120000,-94000,-94000
056579,麗豐元大99購01  ,0,0,0,0,0,0,0,0,0,-94000,0,0,0,237000,331000,-94000,-94000
054530,台光電國泰97購03,0,0,0,0,0,0,0,0,0,-94000,0,0,0,0,94000,-94000,-94000
057128,台光電凱基98購03,0,0,0,0,0,0,0,0,0,-94000,0,0,0,0,94000,-94000,-94000
055108,智邦凱基98購01  ,0,0,0,0,0,0,0,0,0,-94000,0,0,0,4000,98000,-94000,-94000
056998,麗豐康和98購01  ,0,0,0,0,0,0,0,0,0,-94000,0,0,0,0,94000,-94000,-94000
061228,聯茂中信9A購01  ,0,0,0,0,0,0,0,0,0,-94000,0,0,0,0,94000,-94000,-94000
059194,元金2X永豐99購01,0,0,0,0,0,0,0,0,0,-94000,0,0,0,0,94000,-94000,-94000
063146,南六統一9B購02  ,0,0,0,0,0,0,0,0,0,-94000,0,0,0,132000,226000,-94000,-94000
065589,景碩永豐9C購02  ,0,0,0,0,0,0,0,0,0,-95000,0,0,0,2000,97000,-95000,-95000
059878,聯茂凱基99購07  ,0,0,0,0,0,0,0,0,0,-95000,0,0,0,0,95000,-95000,-95000
060008,華邦電群益9A購01,0,0,0,0,0,0,0,0,0,-95000,0,0,0,0,95000,-95000,-95000
060812,智邦凱基9A購01  ,0,0,0,0,0,0,0,0,0,-95000,0,0,0,41000,136000,-95000,-95000
059125,台積電第一03購02,0,0,0,0,0,0,0,0,0,-95000,0,0,0,0,95000,-95000,-95000
058284,滬深反群益01購01,0,0,0,0,0,0,0,0,0,-95000,0,0,0,5000,100000,-95000,-95000
062967,上銀元富9B購01  ,0,0,0,0,0,0,0,0,0,-95000,0,0,0,66000,161000,-95000,-95000
063802,南茂凱基9C購01  ,0,0,0,0,0,0,0,0,0,-95000,0,0,0,70000,165000,-95000,-95000
063794,亞德客凱基9C購01,0,0,0,0,0,0,0,0,0,-95000,0,0,0,25000,120000,-95000,-95000
063849,奇鋐元大9C購01  ,0,0,0,0,0,0,0,0,0,-95000,0,0,0,10000,105000,-95000,-95000
06504P,麗豐國票99售02  ,0,0,0,0,0,0,0,0,0,-95000,0,0,0,0,95000,-95000,-95000
07546P,玉晶光凱基9A售09,0,0,0,0,0,0,0,0,0,-96000,0,0,0,10000,106000,-96000,-96000
08400P,美律元富9C售02  ,0,0,0,0,0,0,0,0,0,-96000,0,0,0,0,96000,-96000,-96000
08132P,南六元大9B售05  ,0,0,0,0,0,0,0,0,0,-96000,0,0,0,141000,237000,-96000,-96000
061197,矽創永豐9A購02  ,0,0,0,0,0,0,0,0,0,-96000,0,0,0,14000,110000,-96000,-96000
058202,鴻海凱基9A購04  ,0,0,0,0,0,0,0,0,0,-96000,0,0,0,146000,242000,-96000,-96000
06421P,嘉澤統一97售02  ,0,0,0,0,0,0,0,0,0,-96000,0,0,0,0,96000,-96000,-96000
063269,儒鴻兆豐9C購01  ,0,0,0,0,0,0,0,0,0,-96000,0,0,0,0,96000,-96000,-96000
07134P,臺股指元大9A售28,0,0,0,0,0,0,0,0,0,-97000,0,0,0,21000,118000,-97000,-97000
06529P,貿聯富邦99售03  ,0,0,0,0,0,0,0,0,0,-97000,0,0,0,2000,99000,-97000,-97000
055215,智邦凱基98購02  ,0,0,0,0,0,0,0,0,0,-97000,0,0,0,0,97000,-97000,-97000
055578,群創統一98購03  ,0,0,0,0,0,0,0,0,0,-97000,0,0,0,0,97000,-97000,-97000
052130,國巨凱基9B購01  ,0,0,0,0,0,0,0,0,0,-97000,0,0,0,0,97000,-97000,-97000
060955,大立光群益9A購02,0,0,0,0,0,0,0,0,0,-97000,0,0,0,1000,98000,-97000,-97000
059646,聯茂凱基99購06  ,0,0,0,0,0,0,0,0,0,-97000,0,0,0,50000,147000,-97000,-97000
062370,華擎元大9B購01  ,0,0,0,0,0,0,0,0,0,-97000,0,0,0,0,97000,-97000,-97000
063739,台勝科元大9B購03,0,0,0,0,0,0,0,0,0,-97000,0,0,0,68000,165000,-97000,-97000
063051,仁寶統一01購01  ,0,0,0,0,0,0,0,0,0,-97000,0,0,0,30000,127000,-97000,-97000
064238,玉晶光統一01購08,0,0,0,0,0,0,0,0,0,-97000,0,0,0,141000,238000,-97000,-97000
6525,捷敏-KY         ,55000,150960,-95960,0,0,0,0,0,0,-2000,0,2000,-2000,0,0,0,-97960
07713P,台郡元大9A售03  ,0,0,0,0,0,0,0,0,0,-98000,0,0,0,0,98000,-98000,-98000
08578P,TPK元大9C售04   ,0,0,0,0,0,0,0,0,0,-98000,0,0,0,0,98000,-98000,-98000
08534P,玉晶光元富06售02,0,0,0,0,0,0,0,0,0,-98000,0,0,0,7000,105000,-98000,-98000
058005,茂林群益98購04  ,0,0,0,0,0,0,0,0,0,-98000,0,0,0,0,98000,-98000,-98000
058012,鈺齊國票99購01  ,0,0,0,0,0,0,0,0,0,-98000,0,0,0,19000,117000,-98000,-98000
061720,智邦國泰9C購01  ,0,0,0,0,0,0,0,0,0,-98000,0,0,0,168000,266000,-98000,-98000
058901,美律元大99購07  ,0,0,0,0,0,0,0,0,0,-98000,0,0,0,11000,109000,-98000,-98000
057792,群創統一99購01  ,0,0,0,0,0,0,0,0,0,-98000,0,0,0,2000,100000,-98000,-98000
062187,台勝科元大9B購02,0,0,0,0,0,0,0,0,0,-98000,0,0,0,0,98000,-98000,-98000
061368,南六國票9A購01  ,0,0,0,0,0,0,0,0,0,-98000,0,0,0,3000,101000,-98000,-98000
058406,聯茂元大99購06  ,0,0,0,0,0,0,0,0,0,-98000,0,0,0,2000,100000,-98000,-98000
059425,SGBR2X元大9A購02,0,0,0,0,0,0,0,0,0,-98000,0,0,0,170000,268000,-98000,-98000
061543,南亞科群益9A購01,0,0,0,0,0,0,0,0,0,-98000,0,0,0,0,98000,-98000,-98000
063862,世紀鋼國泰02購01,0,0,0,0,0,0,0,0,0,-98000,0,0,0,30000,128000,-98000,-98000
063102,旺宏群益9B購03  ,0,0,0,0,0,0,0,0,0,-98000,0,0,0,0,98000,-98000,-98000
062700,台光電元大9B購05,0,0,0,0,0,0,0,0,0,-98000,0,0,0,11000,109000,-98000,-98000
063625,儒鴻元大9B購03  ,0,0,0,0,0,0,0,0,0,-98000,0,0,0,4000,102000,-98000,-98000
063566,台光電元大9B購08,0,0,0,0,0,0,0,0,0,-98000,0,0,0,0,98000,-98000,-98000
5285,界霖            ,43000,141000,-98000,0,0,0,0,0,0,0,0,0,0,0,0,0,-98000
3048,益登            ,150100,250000,-99900,0,0,0,0,0,0,1000,1000,0,1000,0,0,0,-98900
1417,嘉裕            ,272000,372000,-100000,0,0,0,0,0,0,1000,1000,0,1000,0,0,0,-99000
07865P,可成元大9B售02  ,0,0,0,0,0,0,0,0,0,-99000,0,0,0,100000,199000,-99000,-99000
07327P,台灣50群益9A售06,0,0,0,0,0,0,0,0,0,-99000,0,0,0,0,99000,-99000,-99000
065308,葡萄王國票01購01,0,0,0,0,0,0,0,0,0,-99000,0,0,0,11000,110000,-99000,-99000
065191,南電統一01購03  ,0,0,0,0,0,0,0,0,0,-99000,0,0,0,3000,102000,-99000,-99000
065222,玉晶光永豐9C購07,0,0,0,0,0,0,0,0,0,-99000,0,0,0,20000,119000,-99000,-99000
057506,聯鈞國票99購02  ,0,0,0,0,0,0,0,0,0,-99000,0,0,0,120000,219000,-99000,-99000
055890,鴻海統一99購01  ,0,0,0,0,0,0,0,0,0,-99000,0,0,0,0,99000,-99000,-99000
061428,南六元大9A購01  ,0,0,0,0,0,0,0,0,0,-99000,0,0,0,76000,175000,-99000,-99000
065169,華邦電元大9C購03,0,0,0,0,0,0,0,0,0,-100000,0,0,0,0,100000,-100000,-100000
065147,寶成凱基01購01  ,0,0,0,0,0,0,0,0,0,-100000,0,0,0,0,100000,-100000,-100000
065500,健鼎富邦01購01  ,0,0,0,0,0,0,0,0,0,-100000,0,0,0,0,100000,-100000,-100000
07309P,聯發科凱基99售18,0,0,0,0,0,0,0,0,0,-100000,0,0,0,0,100000,-100000,-100000
07279P,台灣50台新99售02,0,0,0,0,0,0,0,0,0,-100000,0,0,0,0,100000,-100000,-100000
06838P,台積電統一99售05,0,0,0,0,0,0,0,0,0,-100000,0,0,0,0,100000,-100000,-100000
07845P,南亞科元大9A售08,0,0,0,0,0,0,0,0,0,-100000,0,0,0,0,100000,-100000,-100000
07842P,力成元大9A售01  ,0,0,0,0,0,0,0,0,0,-100000,0,0,0,0,100000,-100000,-100000
07689P,旺宏元大9A售13  ,0,0,0,0,0,0,0,0,0,-100000,0,0,0,0,100000,-100000,-100000
07568P,鴻海凱基9A售22  ,0,0,0,0,0,0,0,0,0,-100000,0,0,0,10000,110000,-100000,-100000
07615P,華通中信02售02  ,0,0,0,0,0,0,0,0,0,-100000,0,0,0,0,100000,-100000,-100000
07384P,大立光群益9A售01,0,0,0,0,0,0,0,0,0,-100000,0,0,0,0,100000,-100000,-100000
07397P,大立光群益99售10,0,0,0,0,0,0,0,0,0,-100000,0,0,0,0,100000,-100000,-100000
08466P,旺宏統一9C售03  ,0,0,0,0,0,0,0,0,0,-100000,0,0,0,0,100000,-100000,-100000
08490P,上銀元大9C售08  ,0,0,0,0,0,0,0,0,0,-100000,0,0,0,0,100000,-100000,-100000
08353P,聯電元大9C售04  ,0,0,0,0,0,0,0,0,0,-100000,0,0,0,0,100000,-100000,-100000
08344P,旺宏元大01售02  ,0,0,0,0,0,0,0,0,0,-100000,0,0,0,0,100000,-100000,-100000
08179P,華新科元大9B售13,0,0,0,0,0,0,0,0,0,-100000,0,0,0,0,100000,-100000,-100000
08240P,華通中信06售03  ,0,0,0,0,0,0,0,0,0,-100000,0,0,0,0,100000,-100000,-100000
07963P,智邦統一9B售01  ,0,0,0,0,0,0,0,0,0,-100000,0,0,0,0,100000,-100000,-100000
07926P,上銀統一9B售02  ,0,0,0,0,0,0,0,0,0,-100000,0,0,0,0,100000,-100000,-100000
055949,亞德客元大97購04,0,0,0,0,0,0,0,0,0,-100000,0,0,0,0,100000,-100000,-100000
051210,S&P反1統一97購01,0,0,0,0,0,0,0,0,0,-100000,0,0,0,0,100000,-100000,-100000
057983,緯穎永豐98購03  ,0,0,0,0,0,0,0,0,0,-100000,0,0,0,0,100000,-100000,-100000
055104,台達電凱基98購01,0,0,0,0,0,0,0,0,0,-100000,0,0,0,32000,132000,-100000,-100000
055118,嘉聯益凱基98購02,0,0,0,0,0,0,0,0,0,-100000,0,0,0,5000,105000,-100000,-100000
057030,滬深反元大9B購01,0,0,0,0,0,0,0,0,0,-100000,0,0,0,0,100000,-100000,-100000
057051,群創元大9B購03  ,0,0,0,0,0,0,0,0,0,-100000,0,0,0,0,100000,-100000,-100000
057048,新日興元大98購01,0,0,0,0,0,0,0,0,0,-100000,0,0,0,0,100000,-100000,-100000
055736,宏達電元富99購01,0,0,0,0,0,0,0,0,0,-100000,0,0,0,0,100000,-100000,-100000
057420,美食凱基98購01  ,0,0,0,0,0,0,0,0,0,-100000,0,0,0,0,100000,-100000,-100000
058148,百和元大99購01  ,0,0,0,0,0,0,0,0,0,-100000,0,0,0,0,100000,-100000,-100000
058149,百和元大99購02  ,0,0,0,0,0,0,0,0,0,-100000,0,0,0,0,100000,-100000,-100000
058144,聯茂元大99購02  ,0,0,0,0,0,0,0,0,0,-100000,0,0,0,0,100000,-100000,-100000
057637,上銀元大98購07  ,0,0,0,0,0,0,0,0,0,-100000,0,0,0,9000,109000,-100000,-100000
059468,智邦元大99購02  ,0,0,0,0,0,0,0,0,0,-100000,0,0,0,4000,104000,-100000,-100000
061938,大立光國票9B購03,0,0,0,0,0,0,0,0,0,-100000,0,0,0,15000,115000,-100000,-100000
058661,臺股指中信9C購01,0,0,0,0,0,0,0,0,0,-100000,0,0,0,0,100000,-100000,-100000
058531,華通元富99購01  ,0,0,0,0,0,0,0,0,0,-100000,0,0,0,0,100000,-100000,-100000
061074,儒鴻兆豐9B購01  ,0,0,0,0,0,0,0,0,0,-100000,0,0,0,0,100000,-100000,-100000
058497,新日興群益9B購01,0,0,0,0,0,0,0,0,0,-100000,0,0,0,0,100000,-100000,-100000
059872,華新科凱基01購01,0,0,0,0,0,0,0,0,0,-100000,0,0,0,5000,105000,-100000,-100000
063249,祥碩元大9B購06  ,0,0,0,0,0,0,0,0,0,-100000,0,0,0,85000,185000,-100000,-100000
063117,聯茂麥證9B購01  ,0,0,0,20000,120000,-100000,0,0,0,-100000,0,0,0,20000,120000,-100000,-100000
064255,泰碩國泰02購01  ,0,0,0,0,0,0,0,0,0,-100000,0,0,0,9000,109000,-100000,-100000
064378,群創元富9C購01  ,0,0,0,0,0,0,0,0,0,-100000,0,0,0,0,100000,-100000,-100000
064988,志超元大9C購01  ,0,0,0,0,0,0,0,0,0,-100000,0,0,0,187000,287000,-100000,-100000
8404,百和興業-KY     ,33000,133000,-100000,0,0,0,0,0,0,0,0,0,0,0,0,0,-100000
2439,美律            ,1717000,1114000,603000,0,0,0,0,763000,-763000,59000,32000,2000,30000,45000,16000,29000,-101000
06933P,禾伸堂元大98售03,0,0,0,0,0,0,0,0,0,-101000,0,0,0,20000,121000,-101000,-101000
065170,智邦元大9C購07  ,0,0,0,0,0,0,0,0,0,-101000,0,0,0,92000,193000,-101000,-101000
056689,玉晶光統一9A購03,0,0,0,0,0,0,0,0,0,-101000,0,0,0,56000,157000,-101000,-101000
050077,臺股指凱基99購02,0,0,0,0,0,0,0,0,0,-101000,0,0,0,0,101000,-101000,-101000
059918,華新科元大99購20,0,0,0,0,0,0,0,0,0,-101000,0,0,0,0,101000,-101000,-101000
061706,旭富國票9A購02  ,0,0,0,0,0,0,0,0,0,-101000,0,0,0,0,101000,-101000,-101000
063920,大立光元富03購02,0,0,0,0,0,0,0,0,0,-101000,0,0,0,18000,119000,-101000,-101000
063049,上海銀兆豐9B購01,0,0,0,0,0,0,0,0,0,-101000,0,0,0,7000,108000,-101000,-101000
062943,世芯凱基9B購03  ,0,0,0,0,0,0,0,0,0,-101000,0,0,0,1000,102000,-101000,-101000
062768,南電凱基9B購04  ,0,0,0,0,0,0,0,0,0,-101000,0,0,0,6000,107000,-101000,-101000
07059P,華通國票9A售02  ,0,0,0,0,0,0,0,0,0,-102000,0,0,0,60000,162000,-102000,-102000
055973,亞德客統一97購01,0,0,0,0,0,0,0,0,0,-102000,0,0,0,41000,143000,-102000,-102000
053276,友達元大9C購01  ,0,0,0,0,0,0,0,0,0,-102000,0,0,0,45000,147000,-102000,-102000
058023,南電凱基98購02  ,0,0,0,0,0,0,0,0,0,-102000,0,0,0,0,102000,-102000,-102000
058096,南電元大98購04  ,0,0,0,0,0,0,0,0,0,-102000,0,0,0,16000,118000,-102000,-102000
057346,鴻海統一98購13  ,0,0,0,0,0,0,0,0,0,-102000,0,0,0,107000,209000,-102000,-102000
056906,玉晶光元大9B購01,0,0,0,0,0,0,0,0,0,-102000,0,0,0,345000,447000,-102000,-102000
063441,台達電統一9C購01,0,0,0,0,0,0,0,0,0,-102000,0,0,0,0,102000,-102000,-102000
063733,聯發科元大9B購27,0,0,0,0,0,0,0,0,0,-102000,0,0,0,15000,117000,-102000,-102000
064084,群創中信06購02  ,0,0,0,0,0,0,0,0,0,-102000,0,0,0,1000,103000,-102000,-102000
08119P,南亞科統一9C售03,0,0,0,0,0,0,0,0,0,-103000,0,0,0,0,103000,-103000,-103000
057329,緯穎群益98購02  ,0,0,0,0,0,0,0,0,0,-103000,0,0,0,0,103000,-103000,-103000
056515,燿華兆豐99購01  ,0,0,0,0,0,0,0,0,0,-103000,0,0,0,0,103000,-103000,-103000
057935,晶技群益98購02  ,0,0,0,0,0,0,0,0,0,-103000,0,0,0,0,103000,-103000,-103000
062337,台表科統一01購01,0,0,0,0,0,0,0,0,0,-103000,0,0,0,7000,110000,-103000,-103000
059006,樺漢元大99購01  ,0,0,0,0,0,0,0,0,0,-103000,0,0,0,13000,116000,-103000,-103000
059091,中信金元大99購01,0,0,0,0,0,0,0,0,0,-103000,0,0,0,0,103000,-103000,-103000
064330,燿華元大9C購02  ,0,0,0,0,0,0,0,0,0,-103000,0,0,0,3000,106000,-103000,-103000
063179,群創兆豐9B購01  ,0,0,0,0,0,0,0,0,0,-103000,0,0,0,15000,118000,-103000,-103000
062721,美律凱基9B購02  ,0,0,0,0,0,0,0,0,0,-103000,0,0,0,47000,150000,-103000,-103000
08363P,南亞科凱基01售01,0,0,0,0,0,0,0,0,0,-104000,0,0,0,0,104000,-104000,-104000
08572P,台灣50凱基9C售13,0,0,0,0,0,0,0,0,0,-104000,0,0,0,0,104000,-104000,-104000
056433,鴻海凱基98購09  ,0,0,0,0,0,0,0,0,0,-104000,0,0,0,138000,242000,-104000,-104000
056848,泰鼎元富98購01  ,0,0,0,0,0,0,0,0,0,-104000,0,0,0,0,104000,-104000,-104000
060987,華新科元大9A購11,0,0,0,0,0,0,0,0,0,-104000,0,0,0,0,104000,-104000,-104000
063991,南六永豐9C購02  ,0,0,0,0,0,0,0,0,0,-104000,0,0,0,21000,125000,-104000,-104000
064447,喬山統一02購01  ,0,0,0,0,0,0,0,0,0,-104000,0,0,0,6000,110000,-104000,-104000
6108,競國            ,15000,117000,-102000,0,0,0,0,0,0,-2000,0,2000,-2000,0,0,0,-104000
08390P,旺宏凱基9C售02  ,0,0,0,0,0,0,0,0,0,-105000,0,0,0,0,105000,-105000,-105000
2534,宏盛            ,19000,108000,-89000,0,0,0,0,0,0,-16000,0,1000,-1000,0,15000,-15000,-105000
1904,正隆            ,476000,462000,14000,0,0,0,0,89000,-89000,-30000,7000,26000,-19000,0,11000,-11000,-105000
2106,建大            ,48000,151000,-103000,0,0,0,0,0,0,-2000,0,2000,-2000,0,0,0,-105000
07705P,台積電元大9A售26,0,0,0,0,0,0,0,0,0,-105000,0,0,0,0,105000,-105000,-105000
07888P,大立光國票9B售01,0,0,0,0,0,0,0,0,0,-105000,0,0,0,174000,279000,-105000,-105000
065181,南電元大01購01  ,0,0,0,0,0,0,0,0,0,-105000,0,0,0,33000,138000,-105000,-105000
065204,神隆國票01購01  ,0,0,0,0,0,0,0,0,0,-105000,0,0,0,4000,109000,-105000,-105000
057141,嘉聯益兆豐99購01,0,0,0,0,0,0,0,0,0,-105000,0,0,0,15000,120000,-105000,-105000
061184,大立光國泰9C購01,0,0,0,0,0,0,0,0,0,-105000,0,0,0,34000,139000,-105000,-105000
06110P,國巨國泰98售02  ,0,0,0,0,0,0,0,0,0,-105000,0,0,0,860000,965000,-105000,-105000
064687,國巨群益9C購10  ,0,0,0,0,0,0,0,0,0,-105000,0,0,0,0,105000,-105000,-105000
064103,大立光群益9C購03,0,0,0,0,0,0,0,0,0,-105000,0,0,0,0,105000,-105000,-105000
063042,同欣電凱基9C購01,0,0,0,0,0,0,0,0,0,-105000,0,0,0,60000,165000,-105000,-105000
065711,矽格群益9C購02  ,0,0,0,0,0,0,0,0,0,-106000,0,0,0,0,106000,-106000,-106000
07023P,南電永豐99售02  ,0,0,0,0,0,0,0,0,0,-106000,0,0,0,0,106000,-106000,-106000
08384P,臺股指群益9C售12,0,0,0,0,0,0,0,0,0,-106000,0,0,0,110000,216000,-106000,-106000
08310P,南電凱基9C售01  ,0,0,0,0,0,0,0,0,0,-106000,0,0,0,0,106000,-106000,-106000
03447B,臺股指凱基9B熊16,0,0,0,0,0,0,0,0,0,-106000,0,0,0,588000,694000,-106000,-106000
057623,友訊國泰99購01  ,0,0,0,0,0,0,0,0,0,-106000,0,0,0,0,106000,-106000,-106000
059034,華通群益9B購02  ,0,0,0,0,0,0,0,0,0,-106000,0,0,0,0,106000,-106000,-106000
060424,中租永豐9A購01  ,0,0,0,0,0,0,0,0,0,-106000,0,0,0,43000,149000,-106000,-106000
059996,美律元富99購01  ,0,0,0,0,0,0,0,0,0,-106000,0,0,0,7000,113000,-106000,-106000
065011,智邦國泰02購01  ,0,0,0,0,0,0,0,0,0,-106000,0,0,0,214000,320000,-106000,-106000
4526,東台            ,0,136000,-136000,0,0,0,30000,0,30000,0,0,0,0,0,0,0,-106000
2329,華泰            ,216000,315242,-99242,0,0,0,0,2000,-2000,-5000,0,5000,-5000,0,0,0,-106242
3557,嘉威            ,96000,203000,-107000,0,0,0,0,0,0,0,0,0,0,0,0,0,-107000
07898P,國巨國泰9C售02  ,0,0,0,0,0,0,0,0,0,-107000,0,0,0,28000,135000,-107000,-107000
057330,台積電國票99購03,0,0,0,0,0,0,0,0,0,-107000,0,0,0,10000,117000,-107000,-107000
057428,正崴兆豐98購01  ,0,0,0,0,0,0,0,0,0,-107000,0,0,0,250000,357000,-107000,-107000
054547,鴻海凱基98購02  ,0,0,0,0,0,0,0,0,0,-107000,0,0,0,32000,139000,-107000,-107000
058229,為升元大99購02  ,0,0,0,0,0,0,0,0,0,-107000,0,0,0,10000,117000,-107000,-107000
058591,台灣50統一9B購02,0,0,0,0,0,0,0,0,0,-107000,0,0,0,0,107000,-107000,-107000
061478,奇鋐元大9A購01  ,0,0,0,0,0,0,0,0,0,-107000,0,0,0,66000,173000,-107000,-107000
065048,世芯凱基01購01  ,0,0,0,0,0,0,0,0,0,-107000,0,0,0,149000,256000,-107000,-107000
064752,台達電凱基01購01,0,0,0,0,0,0,0,0,0,-107000,0,0,0,65000,172000,-107000,-107000
064237,奇鋐統一01購01  ,0,0,0,0,0,0,0,0,0,-107000,0,0,0,0,107000,-107000,-107000
07126P,台積電元大99售23,0,0,0,0,0,0,0,0,0,-108000,0,0,0,0,108000,-108000,-108000
3031,佰鴻            ,99000,199000,-100000,0,0,0,0,0,0,-8000,0,8000,-8000,0,0,0,-108000
1340,勝悅-KY         ,15000,123000,-108000,0,0,0,0,0,0,0,0,0,0,0,0,0,-108000
057626,技嘉富邦9A購01  ,0,0,0,0,0,0,0,0,0,-108000,0,0,0,13000,121000,-108000,-108000
062851,建準永豐9B購02  ,0,0,0,0,0,0,0,0,0,-108000,0,0,0,0,108000,-108000,-108000
062487,中興電永豐9B購01,0,0,0,0,0,0,0,0,0,-108000,0,0,0,0,108000,-108000,-108000
063479,南六元大9B購06  ,0,0,0,0,0,0,0,0,0,-108000,0,0,0,61000,169000,-108000,-108000
5515,建國            ,0,108000,-108000,0,0,0,0,0,0,0,0,0,0,0,0,0,-108000
08413P,臻鼎凱基9C售03  ,0,0,0,0,0,0,0,0,0,-109000,0,0,0,0,109000,-109000,-109000
065289,冠德群益9C購01  ,0,0,0,0,0,0,0,0,0,-109000,0,0,0,0,109000,-109000,-109000
057447,智邦元富02購01  ,0,0,0,0,0,0,0,0,0,-109000,0,0,0,48000,157000,-109000,-109000
054891,聯鈞統一99購02  ,0,0,0,0,0,0,0,0,0,-109000,0,0,0,0,109000,-109000,-109000
053111,緯創兆豐97購01  ,0,0,0,0,0,0,0,0,0,-109000,0,0,0,35000,144000,-109000,-109000
060503,技嘉元大9A購01  ,0,0,0,0,0,0,0,0,0,-109000,0,0,0,6000,115000,-109000,-109000
058588,致茂中信9B購01  ,0,0,0,0,0,0,0,0,0,-109000,0,0,0,12000,121000,-109000,-109000
060764,華擎元大9A購03  ,0,0,0,0,0,0,0,0,0,-109000,0,0,0,1000,110000,-109000,-109000
062511,台光電國票9B購02,0,0,0,0,0,0,0,0,0,-109000,0,0,0,0,109000,-109000,-109000
064597,鴻海元富9C購03  ,0,0,0,0,0,0,0,0,0,-109000,0,0,0,1704000,1813000,-109000,-109000
06959P,鴻海凱基9A售02  ,0,0,0,0,0,0,0,0,0,-110000,0,0,0,0,110000,-110000,-110000
06880P,鈺齊凱基98售03  ,0,0,0,0,0,0,0,0,0,-110000,0,0,0,0,110000,-110000,-110000
06854P,鴻海富邦99售05  ,0,0,0,0,0,0,0,0,0,-110000,0,0,0,410000,520000,-110000,-110000
08362P,國巨凱基02售01  ,0,0,0,0,0,0,0,0,0,-110000,0,0,0,110000,220000,-110000,-110000
08244P,同欣電凱基9C售03,0,0,0,0,0,0,0,0,0,-110000,0,0,0,90000,200000,-110000,-110000
08219P,上銀凱基9B售08  ,10000,0,10000,0,0,0,0,0,0,-120000,0,0,0,2000,122000,-120000,-110000
08290P,高鐵統一01售01  ,0,0,0,0,0,0,0,0,0,-110000,0,0,0,10000,120000,-110000,-110000
055919,景碩凱基98購02  ,0,0,0,0,0,0,0,0,0,-110000,0,0,0,0,110000,-110000,-110000
057020,台積電凱基99購02,0,0,0,0,0,0,0,0,0,-110000,0,0,0,0,110000,-110000,-110000
057734,訊芯國泰9A購01  ,0,0,0,0,0,0,0,0,0,-110000,0,0,0,2000,112000,-110000,-110000
056206,泰鼎永豐97購01  ,0,0,0,0,0,0,0,0,0,-110000,0,0,0,46000,156000,-110000,-110000
058160,奇鋐元富99購01  ,0,0,0,0,0,0,0,0,0,-110000,0,0,0,0,110000,-110000,-110000
058197,國巨中信99購02  ,0,0,0,0,0,0,0,0,0,-110000,0,0,0,110000,220000,-110000,-110000
061990,台勝科元大9C購01,0,0,0,0,0,0,0,0,0,-110000,0,0,0,78000,188000,-110000,-110000
064644,台光電凱基9C購01,0,0,0,0,0,0,0,0,0,-110000,0,0,0,63000,173000,-110000,-110000
065050,世芯凱基9C購01  ,0,0,0,0,0,0,0,0,0,-110000,0,0,0,21000,131000,-110000,-110000
065053,南電凱基02購01  ,0,0,0,0,0,0,0,0,0,-110000,0,0,0,51000,161000,-110000,-110000
064078,台積電中信06購04,0,0,0,0,0,0,0,0,0,-110000,0,0,0,0,110000,-110000,-110000
063837,亞德客元大01購01,0,0,0,0,0,0,0,0,0,-110000,0,0,0,0,110000,-110000,-110000
062415,聯茂中信9C購01  ,0,0,0,0,0,0,0,0,0,-110000,0,0,0,0,110000,-110000,-110000
063184,台光電凱基9B購03,0,0,0,0,0,0,0,0,0,-110000,0,0,0,0,110000,-110000,-110000
2231,為升            ,56000,163001,-107001,0,0,0,0,2000,-2000,-1000,0,2000,-2000,4000,3000,1000,-110001
07114P,旺宏兆豐9A售01  ,0,0,0,0,0,0,0,0,0,-111000,0,0,0,0,111000,-111000,-111000
07843P,緯穎元大9A售05  ,0,0,0,0,0,0,0,0,0,-111000,0,0,0,0,111000,-111000,-111000
07833P,大立光群益9B售02,0,0,0,0,0,0,0,0,0,-111000,0,0,0,22000,133000,-111000,-111000
07365P,超眾元大99售07  ,0,0,0,0,0,0,0,0,0,-111000,0,0,0,0,111000,-111000,-111000
060755,鴻海元大9A購15  ,0,0,0,0,0,0,0,0,0,-111000,0,0,0,223000,334000,-111000,-111000
061100,SP黃豆元大9A購04,0,0,0,0,0,0,0,0,0,-111000,0,0,0,2000,113000,-111000,-111000
063277,大成鋼元大9B購03,0,0,0,0,0,0,0,0,0,-111000,0,0,0,256000,367000,-111000,-111000
063581,同欣電國泰9C購01,0,0,0,0,0,0,0,0,0,-111000,0,0,0,61000,172000,-111000,-111000
063740,矽格元大9B購03  ,0,0,0,0,0,0,0,0,0,-111000,0,0,0,65000,176000,-111000,-111000
064036,矽創元大9C購01  ,0,0,0,0,0,0,0,0,0,-111000,0,0,0,33000,144000,-111000,-111000
064152,義隆統一02購02  ,0,0,0,0,0,0,0,0,0,-111000,0,0,0,79000,190000,-111000,-111000
4952,凌通            ,7000,117000,-110000,0,0,0,0,0,0,-1000,0,1000,-1000,0,0,0,-111000
07883P,可成凱基9B售03  ,0,0,0,0,0,0,0,0,0,-112000,0,0,0,197000,309000,-112000,-112000
065258,華邦電元大01購01,0,0,0,0,0,0,0,0,0,-112000,0,0,0,0,112000,-112000,-112000
058085,景碩群益9A購01  ,0,0,0,0,0,0,0,0,0,-112000,0,0,0,4000,116000,-112000,-112000
055801,景碩永豐97購02  ,0,0,0,0,0,0,0,0,0,-112000,0,0,0,15000,127000,-112000,-112000
064595,超眾統一02購01  ,0,0,0,0,0,0,0,0,0,-112000,0,0,0,124000,236000,-112000,-112000
064550,南茂凱基01購01  ,0,0,0,0,0,0,0,0,0,-112000,0,0,0,0,112000,-112000,-112000
06377P,華通統一97售04  ,0,0,0,0,0,0,0,0,0,-112000,0,0,0,2000,114000,-112000,-112000
063584,南六國泰01購01  ,0,0,0,0,0,0,0,0,0,-112000,0,0,0,6000,118000,-112000,-112000
062229,南六統一9B購01  ,0,0,0,0,0,0,0,0,0,-112000,0,0,0,105000,217000,-112000,-112000
065595,鴻海元大9C購15  ,0,0,0,0,0,0,0,0,0,-113000,0,0,0,167000,280000,-113000,-113000
03649C,T50反1凱基99牛05,0,0,0,0,0,0,0,0,0,-113000,0,0,0,10000,123000,-113000,-113000
03840P,台積電統一99售02,0,0,0,0,0,0,0,0,0,-113000,0,0,0,0,113000,-113000,-113000
056418,台光電元富98購01,0,0,0,0,0,0,0,0,0,-113000,0,0,0,30000,143000,-113000,-113000
060835,亞德客國票9A購01,0,0,0,0,0,0,0,0,0,-113000,0,0,0,0,113000,-113000,-113000
060932,南六永豐9A購02  ,0,0,0,0,0,0,0,0,0,-113000,0,0,0,56000,169000,-113000,-113000
060449,元金2X元大9A購02,0,0,0,0,0,0,0,0,0,-113000,0,0,0,2000,115000,-113000,-113000
062647,南電國泰9C購02  ,0,0,0,0,0,0,0,0,0,-113000,0,0,0,308000,421000,-113000,-113000
4737,華廣            ,9000,120300,-111300,0,0,0,0,0,0,-2000,0,2000,-2000,0,0,0,-113300
065547,同欣電兆豐01購01,0,0,0,0,0,0,0,0,0,-114000,0,0,0,21000,135000,-114000,-114000
065126,世芯永豐9C購02  ,0,0,0,0,0,0,0,0,0,-114000,0,0,0,54000,168000,-114000,-114000
061769,晶技元大9B購03  ,0,0,0,0,0,0,0,0,0,-114000,0,0,0,142000,256000,-114000,-114000
056987,南茂群益98購01  ,0,0,0,0,0,0,0,0,0,-114000,0,0,0,0,114000,-114000,-114000
054819,裕民元大9A購01  ,0,0,0,0,0,0,0,0,0,-114000,0,0,0,106000,220000,-114000,-114000
062323,上銀統一9B購03  ,0,0,0,0,0,0,0,0,0,-114000,0,0,0,0,114000,-114000,-114000
064617,台光電元大01購01,0,0,0,0,0,0,0,0,0,-114000,0,0,0,131000,245000,-114000,-114000
064012,泰碩國票01購02  ,0,0,0,0,0,0,0,0,0,-114000,0,0,0,18000,132000,-114000,-114000
063874,志超永豐9C購01  ,0,0,0,0,0,0,0,0,0,-114000,0,0,0,347000,461000,-114000,-114000
063917,南六凱基02購01  ,0,0,0,0,0,0,0,0,0,-114000,0,0,0,3000,117000,-114000,-114000
6592,和潤企業        ,77000,187000,-110000,0,0,0,0,0,0,-4000,0,1000,-1000,0,3000,-3000,-114000
07410P,鴻海元大99售44  ,0,0,0,0,0,0,0,0,0,-115000,0,0,0,15000,130000,-115000,-115000
06902P,聯電凱基98售02  ,0,0,0,0,0,0,0,0,0,-115000,0,0,0,15000,130000,-115000,-115000
056130,新日興麥證97購01,0,0,0,5000,120000,-115000,0,0,0,-115000,0,0,0,5000,120000,-115000,-115000
00672L,元大S&P原油正2  ,0,0,0,0,0,0,0,0,0,-115000,0,0,0,60000,175000,-115000,-115000
051264,道瓊反富邦97購01,0,0,0,0,0,0,0,0,0,-115000,0,0,0,0,115000,-115000,-115000
057758,鴻海凱基99購03  ,0,0,0,0,0,0,0,0,0,-115000,0,0,0,57000,172000,-115000,-115000
057818,泰碩元大9A購01  ,0,0,0,0,0,0,0,0,0,-115000,0,0,0,160000,275000,-115000,-115000
062161,南六凱基9C購01  ,0,0,0,0,0,0,0,0,0,-115000,0,0,0,50000,165000,-115000,-115000
062034,同欣電群益9B購01,0,0,0,0,0,0,0,0,0,-115000,0,0,0,20000,135000,-115000,-115000
064960,世紀鋼凱基03購01,0,0,0,0,0,0,0,0,0,-115000,0,0,0,0,115000,-115000,-115000
062834,立積群益9B購02  ,0,0,0,0,0,0,0,0,0,-115000,0,0,0,461000,576000,-115000,-115000
07366P,國巨康和99售02  ,0,0,0,0,0,0,0,0,0,-116000,0,0,0,733000,849000,-116000,-116000
07789P,緯穎群益9A售03  ,0,0,0,0,0,0,0,0,0,-116000,0,0,0,0,116000,-116000,-116000
065303,國泰金元富9C購01,0,0,0,0,0,0,0,0,0,-116000,0,0,0,6000,122000,-116000,-116000
057553,景碩凱基98購03  ,0,0,0,0,0,0,0,0,0,-116000,0,0,0,234000,350000,-116000,-116000
060677,京元電元大9A購04,0,0,0,0,0,0,0,0,0,-116000,0,0,0,297000,413000,-116000,-116000
059021,台積電統一9B購07,0,0,0,0,0,0,0,0,0,-116000,0,0,0,0,116000,-116000,-116000
064690,台光電群益9C購02,0,0,0,0,0,0,0,0,0,-116000,0,0,0,160000,276000,-116000,-116000
063859,國巨國泰01購03  ,0,0,0,0,0,0,0,0,0,-116000,0,0,0,11000,127000,-116000,-116000
07832P,台積電群益9A售08,0,0,0,0,0,0,0,0,0,-117000,0,0,0,61000,178000,-117000,-117000
2524,京城            ,83000,185000,-102000,0,0,0,0,14000,-14000,-1000,0,1000,-1000,0,0,0,-117000
08258P,旺宏元大9C售04  ,0,0,0,0,0,0,0,0,0,-117000,0,0,0,26000,143000,-117000,-117000
08398P,台積電元富9C售04,0,0,0,0,0,0,0,0,0,-117000,0,0,0,254000,371000,-117000,-117000
006205,富邦上証        ,18000,6000,12000,0,0,0,0,0,0,-129000,0,0,0,1172000,1301000,-129000,-117000
057133,京鼎凱基98購02  ,0,0,0,0,0,0,0,0,0,-117000,0,0,0,0,117000,-117000,-117000
063671,GIS統一01購01   ,0,0,0,0,0,0,0,0,0,-117000,0,0,0,10000,127000,-117000,-117000
056521,群創日盛98購01  ,0,0,0,0,0,0,0,0,0,-118000,0,0,0,0,118000,-118000,-118000
063732,建準元大9B購02  ,0,0,0,0,0,0,0,0,0,-118000,0,0,0,66000,184000,-118000,-118000
064856,GIS國泰02購01   ,0,0,0,0,0,0,0,0,0,-118000,0,0,0,146000,264000,-118000,-118000
07691P,宏達電元大9A售05,0,0,0,0,0,0,0,0,0,-119000,0,0,0,0,119000,-119000,-119000
065449,中租統一9C購01  ,0,0,0,0,0,0,0,0,0,-119000,0,0,0,164000,283000,-119000,-119000
061808,聯發科統一01購02,0,0,0,0,0,0,0,0,0,-119000,0,0,0,47000,166000,-119000,-119000
064803,智邦元大9C購05  ,0,0,0,0,0,0,0,0,0,-119000,0,0,0,191000,310000,-119000,-119000
062501,台積電群益9C購03,0,0,0,0,0,0,0,0,0,-119000,0,0,0,38000,157000,-119000,-119000
065241,南電凱基01購02  ,0,0,0,0,0,0,0,0,0,-120000,0,0,0,0,120000,-120000,-120000
07906P,中租群益9B售02  ,0,0,0,0,0,0,0,0,0,-120000,0,0,0,0,120000,-120000,-120000
07648P,祥碩國票9B售01  ,0,0,0,0,0,0,0,0,0,-120000,0,0,0,82000,202000,-120000,-120000
061764,旺宏元大9B購01  ,0,0,0,0,0,0,0,0,0,-120000,0,0,0,80000,200000,-120000,-120000
057579,長榮航中信9A購01,0,0,0,0,0,0,0,0,0,-120000,0,0,0,30000,150000,-120000,-120000
056991,牧德兆豐98購01  ,0,0,0,0,0,0,0,0,0,-120000,0,0,0,0,120000,-120000,-120000
057041,國巨元大99購04  ,8000,0,8000,0,0,0,0,0,0,-128000,0,0,0,10000,138000,-128000,-120000
055842,建準元大98購01  ,0,0,0,0,0,0,0,0,0,-120000,0,0,0,0,120000,-120000,-120000
055916,奇鋐凱基99購01  ,0,0,0,0,0,0,0,0,0,-120000,0,0,0,0,120000,-120000,-120000
060896,晶技凱基9A購02  ,0,0,0,0,0,0,0,0,0,-120000,0,0,0,57000,177000,-120000,-120000
062030,旭富群益9B購01  ,0,0,0,0,0,0,0,0,0,-120000,0,0,0,0,120000,-120000,-120000
062484,臺股指國票9B購10,0,0,0,0,0,0,0,0,0,-120000,0,0,0,0,120000,-120000,-120000
063676,上銀國泰9C購02  ,0,0,0,0,0,0,0,0,0,-120000,0,0,0,182000,302000,-120000,-120000
064971,裕隆元大01購01  ,0,0,0,0,0,0,0,0,0,-120000,0,0,0,82000,202000,-120000,-120000
064950,美律凱基02購01  ,0,0,0,0,0,0,0,0,0,-120000,0,0,0,0,120000,-120000,-120000
064083,群創中信06購01  ,0,0,0,0,0,0,0,0,0,-120000,0,0,0,50000,170000,-120000,-120000
06412P,南亞科日盛97售01,0,0,0,0,0,0,0,0,0,-120000,0,0,0,0,120000,-120000,-120000
064208,智邦凱基02購01  ,0,0,0,0,0,0,0,0,0,-120000,0,0,0,107000,227000,-120000,-120000
2908,特力            ,7000,124000,-117000,0,0,0,0,0,0,-4000,0,4000,-4000,0,0,0,-121000
1609,大亞            ,48000,168000,-120000,0,0,0,0,0,0,-1000,0,1000,-1000,0,0,0,-121000
061780,國巨群益9C購01  ,0,0,0,0,0,0,0,0,0,-121000,0,0,0,1000,122000,-121000,-121000
061447,鴻海中信04購02  ,0,0,0,0,0,0,0,0,0,-121000,0,0,0,34000,155000,-121000,-121000
060232,友訊元大9C購01  ,0,0,0,0,0,0,0,0,0,-121000,0,0,0,164000,285000,-121000,-121000
064283,奇鋐元大9C購02  ,0,0,0,0,0,0,0,0,0,-121000,0,0,0,71000,192000,-121000,-121000
064992,玉晶光兆豐01購01,0,0,0,0,0,0,0,0,0,-121000,0,0,0,105000,226000,-121000,-121000
063495,台光電富邦9C購01,0,0,0,0,0,0,0,0,0,-121000,0,0,0,4000,125000,-121000,-121000
062917,旭富元大9C購03  ,0,0,0,0,0,0,0,0,0,-121000,0,0,0,40000,161000,-121000,-121000
08247P,台積電群益9C售06,0,0,0,0,0,0,0,0,0,-122000,0,0,0,73000,195000,-122000,-122000
057391,樺漢永豐98購01  ,0,0,0,0,0,0,0,0,0,-122000,0,0,0,0,122000,-122000,-122000
061531,奇鋐台新9A購01  ,0,0,0,0,0,0,0,0,0,-122000,0,0,0,10000,132000,-122000,-122000
060313,淘帝永豐9A購01  ,0,0,0,0,0,0,0,0,0,-122000,0,0,0,30000,152000,-122000,-122000
063706,台虹群益9B購01  ,0,0,0,0,0,0,0,0,0,-122000,0,0,0,0,122000,-122000,-122000
064851,勤誠元富03購01  ,0,0,0,0,0,0,0,0,0,-122000,0,0,0,0,122000,-122000,-122000
064622,晶技元大01購01  ,0,0,0,0,0,0,0,0,0,-122000,0,0,0,88000,210000,-122000,-122000
064420,台積電兆豐9C購03,0,0,0,0,0,0,0,0,0,-122000,0,0,0,0,122000,-122000,-122000
1611,中電            ,51000,164000,-113000,0,0,0,0,0,0,-10000,0,10000,-10000,0,0,0,-123000
065384,南電元大9C購07  ,0,0,0,0,0,0,0,0,0,-123000,0,0,0,3000,126000,-123000,-123000
057764,台表科凱基9A購01,0,0,0,0,0,0,0,0,0,-123000,0,0,0,21000,144000,-123000,-123000
055858,聯茂元大97購03  ,0,0,0,0,0,0,0,0,0,-123000,0,0,0,63000,186000,-123000,-123000
061521,亞光兆豐9A購02  ,0,0,0,0,0,0,0,0,0,-123000,0,0,0,19000,142000,-123000,-123000
063853,同欣電元大9C購02,0,0,0,0,0,0,0,0,0,-123000,0,0,0,1000,124000,-123000,-123000
063722,遠東新元大9B購02,0,0,0,0,0,0,0,0,0,-123000,0,0,0,0,123000,-123000,-123000
063336,大成鋼統一9C購02,0,0,0,0,0,0,0,0,0,-123000,0,0,0,37000,160000,-123000,-123000
065450,同欣電統一01購03,0,0,0,0,0,0,0,0,0,-124000,0,0,0,10000,134000,-124000,-124000
06742P,可成富邦99售02  ,0,0,0,0,0,0,0,0,0,-124000,0,0,0,10000,134000,-124000,-124000
058035,旭富永豐98購02  ,0,0,0,0,0,0,0,0,0,-124000,0,0,0,10000,134000,-124000,-124000
065046,玉晶光凱基01購03,0,0,0,0,0,0,0,0,0,-124000,0,0,0,83000,207000,-124000,-124000
2634,漢翔            ,61880,171000,-109120,0,0,0,0,0,0,-15000,0,2000,-2000,1000,14000,-13000,-124120
08425P,世紀鋼元富9C售03,0,0,0,0,0,0,0,0,0,-125000,0,0,0,0,125000,-125000,-125000
07871P,台積電群益9C售02,0,0,0,0,0,0,0,0,0,-125000,0,0,0,19000,144000,-125000,-125000
065490,國巨國泰02購02  ,0,0,0,0,0,0,0,0,0,-125000,0,0,0,2000,127000,-125000,-125000
065572,泰碩群益01購01  ,0,0,0,0,0,0,0,0,0,-125000,0,0,0,0,125000,-125000,-125000
060959,金像電凱基9A購01,0,0,0,0,0,0,0,0,0,-125000,0,0,0,107000,232000,-125000,-125000
059503,大立光富邦9B購04,0,0,0,0,0,0,0,0,0,-125000,0,0,0,15000,140000,-125000,-125000
059297,大立光元富9C購01,10000,0,10000,0,0,0,0,0,0,-135000,0,0,0,33000,168000,-135000,-125000
062336,茂林統一01購02  ,0,0,0,0,0,0,0,0,0,-125000,0,0,0,20000,145000,-125000,-125000
07076P,鴻海凱基9A售08  ,0,0,0,0,0,0,0,0,0,-126000,0,0,0,2000,128000,-126000,-126000
053528,南電中信9A購01  ,0,0,0,0,0,0,0,0,0,-126000,0,0,0,51000,177000,-126000,-126000
057841,茂林富邦9A購02  ,0,0,0,0,0,0,0,0,0,-126000,0,0,0,0,126000,-126000,-126000
064807,義隆元大9C購03  ,0,0,0,0,0,0,0,0,0,-126000,0,0,0,158000,284000,-126000,-126000
063936,道瓊反元大9C購02,0,0,0,0,0,0,0,0,0,-126000,0,0,0,27000,153000,-126000,-126000
063591,麗豐永豐9B購02  ,0,0,0,0,0,0,0,0,0,-126000,0,0,0,0,126000,-126000,-126000
062438,台光電元大9B購04,0,0,0,0,0,0,0,0,0,-126000,0,0,0,20000,146000,-126000,-126000
062662,友達群益9B購02  ,0,0,0,0,0,0,0,0,0,-126000,0,0,0,20000,146000,-126000,-126000
07392P,台積電國泰02售01,0,0,0,0,0,0,0,0,0,-127000,0,0,0,2000,129000,-127000,-127000
052764,景碩群益98購01  ,0,0,0,0,0,0,0,0,0,-127000,0,0,0,32000,159000,-127000,-127000
061083,京元電兆豐9A購01,0,0,0,0,0,0,0,0,0,-127000,0,0,0,0,127000,-127000,-127000
063239,建準元大9B購01  ,0,0,0,0,0,0,0,0,0,-127000,0,0,0,80000,207000,-127000,-127000
064921,景碩統一02購01  ,0,0,0,0,0,0,0,0,0,-127000,0,0,0,78000,205000,-127000,-127000
065480,旭富元大9C購06  ,0,0,0,0,0,0,0,0,0,-128000,0,0,0,265000,393000,-128000,-128000
07993P,寶成群益9B售01  ,0,0,0,0,0,0,0,0,0,-128000,0,0,0,72000,200000,-128000,-128000
2314,台揚            ,206000,332000,-126000,0,0,0,0,0,0,-2000,0,2000,-2000,0,0,0,-128000
056468,鴻海元大98購07  ,0,0,0,0,0,0,0,0,0,-128000,0,0,0,1993000,2121000,-128000,-128000
062219,燿華統一9B購01  ,0,0,0,0,0,0,0,0,0,-128000,0,0,0,175000,303000,-128000,-128000
064890,聯電群益9C購02  ,0,0,0,0,0,0,0,0,0,-128000,0,0,0,50000,178000,-128000,-128000
064048,大立光統一9C購07,0,0,0,0,0,0,0,0,0,-128000,0,0,0,283000,411000,-128000,-128000
2351,順德            ,214000,183000,31000,0,0,0,0,160000,-160000,0,0,0,0,0,0,0,-129000
058136,景碩元大99購02  ,0,0,0,0,0,0,0,0,0,-129000,0,0,0,27000,156000,-129000,-129000
00737,國泰AI+Robo     ,566000,4000,562000,0,0,0,0,0,0,-691000,0,0,0,16000,707000,-691000,-129000
046881,智原富邦99購01  ,0,0,0,0,0,0,0,0,0,-129000,0,0,0,329000,458000,-129000,-129000
060667,力成凱基9A購01  ,0,0,0,0,0,0,0,0,0,-129000,0,0,0,47000,176000,-129000,-129000
061604,台光電凱基9B購01,0,0,0,0,0,0,0,0,0,-129000,0,0,0,20000,149000,-129000,-129000
058335,鴻海元富99購06  ,0,0,0,0,0,0,0,0,0,-129000,0,0,0,71000,200000,-129000,-129000
064297,台郡國票01購01  ,0,0,0,0,0,0,0,0,0,-129000,0,0,0,196000,325000,-129000,-129000
064169,南電統一9C購01  ,0,0,0,0,0,0,0,0,0,-129000,0,0,0,22000,151000,-129000,-129000
064199,南六群益01購01  ,0,0,0,0,0,0,0,0,0,-129000,0,0,0,0,129000,-129000,-129000
065018,台達電富邦03購01,0,0,0,0,0,0,0,0,0,-129000,0,0,0,196000,325000,-129000,-129000
07673P,電子類元大9A售01,0,0,0,0,0,0,0,0,0,-130000,0,0,0,20000,150000,-130000,-130000
056113,新日興兆豐98購01,0,0,0,0,0,0,0,0,0,-130000,0,0,0,0,130000,-130000,-130000
056308,TPK元大97購02   ,0,0,0,0,0,0,0,0,0,-130000,0,0,0,0,130000,-130000,-130000
057863,美律凱基9A購01  ,0,0,0,0,0,0,0,0,0,-130000,0,0,0,0,130000,-130000,-130000
060596,元黃金凱基9A購02,0,0,0,0,0,0,0,0,0,-130000,0,0,0,40000,170000,-130000,-130000
058305,華邦電元大99購02,0,0,0,0,0,0,0,0,0,-130000,0,0,0,0,130000,-130000,-130000
058536,群創統一9B購01  ,0,0,0,0,0,0,0,0,0,-130000,0,0,0,0,130000,-130000,-130000
059058,可成凱基9B購01  ,0,0,0,0,0,0,0,0,0,-130000,0,0,0,30000,160000,-130000,-130000
060195,旭富元富9A購02  ,0,0,0,0,0,0,0,0,0,-130000,0,0,0,0,130000,-130000,-130000
058795,可成元大99購03  ,0,0,0,0,0,0,0,0,0,-130000,0,0,0,0,130000,-130000,-130000
065073,亞德客元大01購02,0,0,0,0,0,0,0,0,0,-130000,0,0,0,10000,140000,-130000,-130000
064259,矽格富邦9C購01  ,0,0,0,0,0,0,0,0,0,-130000,0,0,0,16000,146000,-130000,-130000
063317,大立光群益9B購06,0,0,0,0,0,0,0,0,0,-130000,0,0,0,1000,131000,-130000,-130000
3702A,大聯大甲特      ,0,0,0,0,0,0,0,0,0,-130000,0,130000,-130000,0,0,0,-130000
07863P,華新科凱基9B售07,0,0,0,0,0,0,0,0,0,-131000,0,0,0,28000,159000,-131000,-131000
08154P,上銀元富9B售04  ,0,0,0,0,0,0,0,0,0,-131000,0,0,0,1000,132000,-131000,-131000
056150,台光電凱基98購02,0,0,0,0,0,0,0,0,0,-131000,0,0,0,0,131000,-131000,-131000
061366,台勝科國票9A購01,0,0,0,0,0,0,0,0,0,-131000,0,0,0,0,131000,-131000,-131000
061356,南電元大9A購06  ,0,0,0,0,0,0,0,0,0,-131000,0,0,0,13000,144000,-131000,-131000
065006,景碩國票01購01  ,0,0,0,0,0,0,0,0,0,-131000,0,0,0,2000,133000,-131000,-131000
057411,臺股指群益99購05,0,0,0,0,0,0,0,0,0,-132000,0,0,0,0,132000,-132000,-132000
061463,智邦群益9A購02  ,0,0,0,0,0,0,0,0,0,-132000,0,0,0,64000,196000,-132000,-132000
2820,華票            ,199000,331000,-132000,0,0,0,0,0,0,-1000,0,1000,-1000,0,0,0,-133000
2809,京城銀          ,653000,8228000,-7575000,0,0,0,7500000,68000,7432000,10000,22000,32000,-10000,20000,0,20000,-133000
057671,群創元大9B購06  ,0,0,0,0,0,0,0,0,0,-133000,0,0,0,0,133000,-133000,-133000
064130,創意元大9C購02  ,0,0,0,0,0,0,0,0,0,-133000,0,0,0,115000,248000,-133000,-133000
056432,鴻海凱基98購08  ,0,0,0,0,0,0,0,0,0,-134000,0,0,0,144000,278000,-134000,-134000
059307,T50反1元大99購06,0,0,0,0,0,0,0,0,0,-134000,0,0,0,81000,215000,-134000,-134000
061647,南六元大9A購03  ,0,0,0,0,0,0,0,0,0,-134000,0,0,0,47000,181000,-134000,-134000
061101,道瓊銀元大9A購02,0,0,0,0,0,0,0,0,0,-134000,0,0,0,16000,150000,-134000,-134000
6669,緯穎            ,279600,520929,-241329,0,0,0,114000,10000,104000,3000,13000,9000,4000,14000,15000,-1000,-134329
07162P,臺股指群益99售13,0,0,0,0,0,0,0,0,0,-135000,0,0,0,355000,490000,-135000,-135000
065567,台積電群益01購03,0,0,0,0,0,0,0,0,0,-135000,0,0,0,0,135000,-135000,-135000
06728P,全新元大98售03  ,0,0,0,0,0,0,0,0,0,-135000,0,0,0,0,135000,-135000,-135000
061036,晶技永豐9A購03  ,0,0,0,0,0,0,0,0,0,-135000,0,0,0,1000,136000,-135000,-135000
1723,中碳            ,9000,145000,-136000,0,0,0,0,0,0,0,0,0,0,0,0,0,-136000
056508,揚明光永豐98購01,0,0,0,0,0,0,0,0,0,-136000,0,0,0,0,136000,-136000,-136000
056327,樺漢兆豐98購01  ,0,0,0,0,0,0,0,0,0,-136000,0,0,0,115000,251000,-136000,-136000
053865,欣興元大97購02  ,0,0,0,0,0,0,0,0,0,-136000,0,0,0,51000,187000,-136000,-136000
064067,美律永豐9C購01  ,0,0,0,0,0,0,0,0,0,-136000,0,0,0,0,136000,-136000,-136000
064412,緯穎凱基01購01  ,0,0,0,0,0,0,0,0,0,-136000,0,0,0,41000,177000,-136000,-136000
064848,金像電元富9C購02,0,0,0,0,0,0,0,0,0,-136000,0,0,0,51000,187000,-136000,-136000
063090,道瓊反中信9C購02,0,0,0,0,0,0,0,0,0,-136000,0,0,0,204000,340000,-136000,-136000
053593,晶技元大98購01  ,0,0,0,0,0,0,0,0,0,-137000,0,0,0,32000,169000,-137000,-137000
00714,群益道瓊美國地產,0,0,0,0,0,0,0,0,0,-137000,0,0,0,74000,211000,-137000,-137000
054196,台光電國泰97購02,0,0,0,0,0,0,0,0,0,-137000,0,0,0,1000,138000,-137000,-137000
057912,美律日盛99購01  ,0,0,0,0,0,0,0,0,0,-137000,0,0,0,173000,310000,-137000,-137000
061121,智邦永豐9A購02  ,0,0,0,0,0,0,0,0,0,-137000,0,0,0,111000,248000,-137000,-137000
062886,中興電群益9B購01,0,0,0,0,0,0,0,0,0,-137000,0,0,0,62000,199000,-137000,-137000
063427,南六凱基9B購04  ,0,0,0,0,0,0,0,0,0,-137000,0,0,0,0,137000,-137000,-137000
06629P,台灣50第一98售01,0,0,0,0,0,0,0,0,0,-138000,0,0,0,656000,794000,-138000,-138000
057389,玉晶光永豐98購06,0,0,0,0,0,0,0,0,0,-138000,0,0,0,60000,198000,-138000,-138000
063055,創意統一9B購02  ,0,0,0,0,0,0,0,0,0,-138000,0,0,0,90000,228000,-138000,-138000
062991,台光電群益9B購03,0,0,0,0,0,0,0,0,0,-138000,0,0,0,224000,362000,-138000,-138000
4137,麗豐-KY         ,98000,240000,-142000,0,0,0,0,0,0,3000,0,0,0,10000,7000,3000,-139000
065238,聯茂凱基02購01  ,0,0,0,0,0,0,0,0,0,-140000,0,0,0,0,140000,-140000,-140000
2369,菱生            ,165000,301000,-136000,0,0,0,0,0,0,-4000,0,4000,-4000,0,0,0,-140000
060172,智原台新9A購01  ,0,0,0,0,0,0,0,0,0,-140000,0,0,0,120000,260000,-140000,-140000
046628,大立光統一98購01,0,0,0,0,0,0,0,0,0,-140000,0,0,0,634000,774000,-140000,-140000
06165P,臺股指凱基9A售03,0,0,0,0,0,0,0,0,0,-140000,0,0,0,0,140000,-140000,-140000
064853,亞德客麥證9C購01,0,0,0,31000,171000,-140000,0,0,0,-140000,0,0,0,31000,171000,-140000,-140000
064626,聯茂元大9C購01  ,0,0,0,0,0,0,0,0,0,-141000,0,0,0,105000,246000,-141000,-141000
061646,力成元大9A購02  ,0,0,0,0,0,0,0,0,0,-142000,0,0,0,58000,200000,-142000,-142000
2514,龍邦            ,10000,101000,-91000,0,0,0,0,51000,-51000,-1000,0,1000,-1000,0,0,0,-143000
08275P,南亞科元富9C售01,0,0,0,0,0,0,0,0,0,-143000,0,0,0,10000,153000,-143000,-143000
08365P,貿聯凱基9C售01  ,0,0,0,0,0,0,0,0,0,-143000,0,0,0,43000,186000,-143000,-143000
065355,聯發科元富03購05,0,0,0,0,0,0,0,0,0,-143000,0,0,0,18000,161000,-143000,-143000
065136,正隆凱基9C購01  ,0,0,0,0,0,0,0,0,0,-143000,0,0,0,0,143000,-143000,-143000
06984P,上銀富邦9B售01  ,0,0,0,0,0,0,0,0,0,-143000,0,0,0,34000,177000,-143000,-143000
058033,景碩永豐98購02  ,0,0,0,0,0,0,0,0,0,-143000,0,0,0,4000,147000,-143000,-143000
058093,神達元大9A購01  ,0,0,0,0,0,0,0,0,0,-143000,0,0,0,241000,384000,-143000,-143000
061355,康友元大9A購03  ,0,0,0,0,0,0,0,0,0,-143000,0,0,0,1000,144000,-143000,-143000
063130,聯茂元大9B購02  ,0,0,0,0,0,0,0,0,0,-143000,0,0,0,0,143000,-143000,-143000
4532,瑞智            ,9000,118000,-109000,0,0,0,0,0,0,-34000,0,34000,-34000,0,0,0,-143000
065343,智邦統一01購03  ,0,0,0,0,0,0,0,0,0,-144000,0,0,0,82000,226000,-144000,-144000
062413,台光電中信9B購02,0,0,0,0,0,0,0,0,0,-144000,0,0,0,19000,163000,-144000,-144000
064079,英業達中信9C購01,0,0,0,0,0,0,0,0,0,-144000,0,0,0,181000,325000,-144000,-144000
07850P,健策群益9A售06  ,0,0,0,0,0,0,0,0,0,-145000,0,0,0,5000,150000,-145000,-145000
2480,敦陽科          ,49000,193000,-144000,0,0,0,0,0,0,-1000,1000,2000,-1000,0,0,0,-145000
060745,京元電國票9A購01,0,0,0,0,0,0,0,0,0,-145000,0,0,0,0,145000,-145000,-145000
4942,嘉彰            ,25000,138000,-113000,0,0,0,0,30000,-30000,-2000,0,2000,-2000,0,0,0,-145000
08421P,台積電群益9C售10,0,0,0,0,0,0,0,0,0,-146000,0,0,0,90000,236000,-146000,-146000
08060P,嘉澤元大9B售01  ,0,0,0,0,0,0,0,0,0,-146000,0,0,0,12000,158000,-146000,-146000
061790,中租群益9B購01  ,0,0,0,0,0,0,0,0,0,-146000,0,0,0,82000,228000,-146000,-146000
064108,創意兆豐9C購01  ,0,0,0,0,0,0,0,0,0,-146000,0,0,0,32000,178000,-146000,-146000
064315,創意群益9C購01  ,0,0,0,0,0,0,0,0,0,-146000,0,0,0,50000,196000,-146000,-146000
065171,燿華元大9C購04  ,0,0,0,0,0,0,0,0,0,-147000,0,0,0,0,147000,-147000,-147000
056634,為升兆豐99購01  ,0,0,0,0,0,0,0,0,0,-147000,0,0,0,0,147000,-147000,-147000
054890,聯鈞統一99購01  ,0,0,0,0,0,0,0,0,0,-147000,0,0,0,4000,151000,-147000,-147000
059065,南電凱基9A購01  ,0,0,0,0,0,0,0,0,0,-147000,0,0,0,0,147000,-147000,-147000
063515,香港2X凱基01購01,0,0,0,0,0,0,0,0,0,-147000,0,0,0,5000,152000,-147000,-147000
8110,華東            ,99000,250000,-151000,0,0,0,1000,0,1000,3000,8000,5000,3000,0,0,0,-147000
08414P,超眾凱基9C售02  ,0,0,0,0,0,0,0,0,0,-148000,0,0,0,21000,169000,-148000,-148000
3003,健和興          ,58000,173000,-115000,0,0,0,0,0,0,-33000,0,24000,-24000,1000,10000,-9000,-148000
058187,泰碩永豐99購01  ,0,0,0,0,0,0,0,0,0,-148000,0,0,0,0,148000,-148000,-148000
058701,鴻海元大99購16  ,0,0,0,0,0,0,0,0,0,-148000,0,0,0,72000,220000,-148000,-148000
064376,美律元富9C購01  ,0,0,0,0,0,0,0,0,0,-148000,0,0,0,126000,274000,-148000,-148000
064797,道瓊反元大01購01,0,0,0,0,0,0,0,0,0,-148000,0,0,0,0,148000,-148000,-148000
065341,華邦電統一01購02,0,0,0,0,0,0,0,0,0,-149000,0,0,0,0,149000,-149000,-149000
060158,廣達永豐9A購01  ,0,0,0,0,0,0,0,0,0,-149000,0,0,0,101000,250000,-149000,-149000
056365,欣興元大98購01  ,0,0,0,0,0,0,0,0,0,-149000,0,0,0,22000,171000,-149000,-149000
062527,美律統一01購01  ,0,0,0,0,0,0,0,0,0,-149000,0,0,0,68000,217000,-149000,-149000
8028,昇陽半導體      ,169600,270000,-100400,0,0,0,0,0,0,-49000,0,0,0,0,49000,-49000,-149400
065257,友訊元大01購01  ,0,0,0,0,0,0,0,0,0,-150000,0,0,0,60000,210000,-150000,-150000
07644P,南電凱基9A售03  ,0,0,0,0,0,0,0,0,0,-150000,0,0,0,1000,151000,-150000,-150000
057231,美律凱基98購05  ,0,0,0,0,0,0,0,0,0,-150000,0,0,0,70000,220000,-150000,-150000
057181,亞光元大98購02  ,0,0,0,0,0,0,0,0,0,-150000,0,0,0,0,150000,-150000,-150000
055312,台虹群益99購01  ,0,0,0,0,0,0,0,0,0,-150000,0,0,0,0,150000,-150000,-150000
052697,滬深2X國票98購01,0,0,0,0,0,0,0,0,0,-150000,0,0,0,0,150000,-150000,-150000
060763,聯鈞元大9A購03  ,0,0,0,0,0,0,0,0,0,-150000,0,0,0,265000,415000,-150000,-150000
063417,金像電凱基9B購03,0,0,0,0,0,0,0,0,0,-150000,0,0,0,50000,200000,-150000,-150000
064918,中信金統一02購01,0,0,0,0,0,0,0,0,0,-150000,0,0,0,0,150000,-150000,-150000
065028,亞德客兆豐9C購02,0,0,0,0,0,0,0,0,0,-150000,0,0,0,0,150000,-150000,-150000
064434,微星凱基02購01  ,0,0,0,0,0,0,0,0,0,-150000,0,0,0,0,150000,-150000,-150000
07830P,牧德凱基9A售03  ,0,0,0,0,0,0,0,0,0,-151000,0,0,0,0,151000,-151000,-151000
07756P,台灣50國票04售01,0,0,0,0,0,0,0,0,0,-151000,0,0,0,37000,188000,-151000,-151000
060126,創意永豐99購04  ,0,0,0,0,0,0,0,0,0,-151000,0,0,0,72000,223000,-151000,-151000
061157,聯鈞群益9A購02  ,0,0,0,0,0,0,0,0,0,-151000,0,0,0,337000,488000,-151000,-151000
062293,麗豐永豐9B購01  ,0,0,0,0,0,0,0,0,0,-151000,0,0,0,35000,186000,-151000,-151000
064057,緯穎統一02購01  ,0,0,0,0,0,0,0,0,0,-151000,0,0,0,140000,291000,-151000,-151000
062732,南六凱基9B購03  ,0,0,0,0,0,0,0,0,0,-151000,0,0,0,0,151000,-151000,-151000
063087,南六凱基9C購02  ,0,0,0,0,0,0,0,0,0,-151000,0,0,0,0,151000,-151000,-151000
2362,藍天            ,60000,188000,-128000,0,0,0,0,0,0,-24000,0,24000,-24000,0,0,0,-152000
057953,聚陽元大98購01  ,0,0,0,0,0,0,0,0,0,-152000,0,0,0,178000,330000,-152000,-152000
061113,南電元大9A購03  ,0,0,0,0,0,0,0,0,0,-152000,0,0,0,69000,221000,-152000,-152000
061094,彩晶統一9B購02  ,0,0,0,0,0,0,0,0,0,-152000,0,0,0,0,152000,-152000,-152000
058472,亞德客凱基9A購01,0,0,0,0,0,0,0,0,0,-152000,0,0,0,10000,162000,-152000,-152000
060811,亞德客凱基9A購02,0,0,0,0,0,0,0,0,0,-152000,0,0,0,32000,184000,-152000,-152000
2536,宏普            ,75000,228000,-153000,0,0,0,0,0,0,0,1000,1000,0,0,0,0,-153000
06570P,大立光永豐98售01,0,0,0,0,0,0,0,0,0,-153000,0,0,0,91000,244000,-153000,-153000
056635,亞德客日盛99購01,0,0,0,0,0,0,0,0,0,-153000,0,0,0,17000,170000,-153000,-153000
062100,矽格永豐9B購01  ,0,0,0,0,0,0,0,0,0,-153000,0,0,0,24000,177000,-153000,-153000
061357,寶成元大9A購01  ,0,0,0,0,0,0,0,0,0,-153000,0,0,0,70000,223000,-153000,-153000
058343,台積電群益99購02,0,0,0,0,0,0,0,0,0,-153000,0,0,0,47000,200000,-153000,-153000
060457,中橡元大9A購02  ,0,0,0,0,0,0,0,0,0,-153000,0,0,0,11000,164000,-153000,-153000
3045,台灣大          ,686149,829505,-143356,0,0,0,2000,0,2000,-12000,0,12000,-12000,0,0,0,-153356
2723,美食-KY         ,150000,278000,-128000,0,0,0,0,30000,-30000,4000,0,0,0,12000,8000,4000,-154000
2208,台船            ,99000,252000,-153000,0,0,0,0,0,0,-1000,0,1000,-1000,0,0,0,-154000
055679,華通凱基99購01  ,0,0,0,0,0,0,0,0,0,-154000,0,0,0,1000,155000,-154000,-154000
060758,台積電元大9A購19,0,0,0,0,0,0,0,0,0,-154000,0,0,0,1000,155000,-154000,-154000
061275,臺股指凱基9A購25,0,0,0,0,0,0,0,0,0,-154000,0,0,0,0,154000,-154000,-154000
2375,凱美            ,118000,252000,-134000,0,0,0,0,0,0,-21000,2000,6000,-4000,0,17000,-17000,-155000
065631,台積電國票9C購10,0,0,0,0,0,0,0,0,0,-155000,0,0,0,0,155000,-155000,-155000
058507,美律元大9A購01  ,0,0,0,0,0,0,0,0,0,-155000,0,0,0,65000,220000,-155000,-155000
058995,台達電元大99購01,0,0,0,0,0,0,0,0,0,-155000,0,0,0,0,155000,-155000,-155000
061553,南電群益9A購03  ,0,0,0,0,0,0,0,0,0,-155000,0,0,0,41000,196000,-155000,-155000
061634,遠東新元大9A購01,0,0,0,0,0,0,0,0,0,-155000,0,0,0,0,155000,-155000,-155000
063294,美律麥證9B購01  ,0,0,0,45000,200000,-155000,0,0,0,-155000,0,0,0,45000,200000,-155000,-155000
064567,晶技群益01購01  ,0,0,0,0,0,0,0,0,0,-155000,0,0,0,328000,483000,-155000,-155000
054791,泰碩群益99購02  ,0,0,0,0,0,0,0,0,0,-156000,0,0,0,1000,157000,-156000,-156000
057049,新日興元大98購02,0,0,0,0,0,0,0,0,0,-156000,0,0,0,5000,161000,-156000,-156000
058325,昇陽半永豐99購01,0,0,0,0,0,0,0,0,0,-156000,0,0,0,55000,211000,-156000,-156000
059375,道瓊反群益9C購02,0,0,0,0,0,0,0,0,0,-156000,0,0,0,14000,170000,-156000,-156000
062287,康友群益9B購02  ,0,0,0,0,0,0,0,0,0,-156000,0,0,0,3000,159000,-156000,-156000
058221,上銀統一99購04  ,0,0,0,0,0,0,0,0,0,-156000,0,0,0,0,156000,-156000,-156000
065342,華邦電統一02購01,0,0,0,0,0,0,0,0,0,-157000,0,0,0,0,157000,-157000,-157000
2476,鉅祥            ,15000,167000,-152000,0,0,0,0,0,0,-5000,0,5000,-5000,0,0,0,-157000
062295,康友永豐9B購01  ,0,0,0,0,0,0,0,0,0,-157000,0,0,0,44000,201000,-157000,-157000
1103,嘉泥            ,290000,421000,-131000,0,0,0,0,25000,-25000,-2000,0,2000,-2000,0,0,0,-158000
065166,台達電元大9C購04,0,0,0,0,0,0,0,0,0,-158000,0,0,0,59000,217000,-158000,-158000
058899,旺宏元大99購10  ,0,0,0,0,0,0,0,0,0,-158000,0,0,0,10000,168000,-158000,-158000
059103,旭富元富99購03  ,0,0,0,0,0,0,0,0,0,-158000,0,0,0,8000,166000,-158000,-158000
063131,聯茂元大9B購03  ,0,0,0,0,0,0,0,0,0,-158000,0,0,0,0,158000,-158000,-158000
063038,富邦金凱基9B購02,0,0,0,0,0,0,0,0,0,-158000,0,0,0,202000,360000,-158000,-158000
07688P,華通元大9A售07  ,0,0,0,0,0,0,0,0,0,-159000,0,0,0,4000,163000,-159000,-159000
08491P,全新元大9C售01  ,0,0,0,0,0,0,0,0,0,-159000,0,0,0,0,159000,-159000,-159000
058558,鴻海日盛9A購02  ,0,0,0,0,0,0,0,0,0,-159000,0,0,0,587000,746000,-159000,-159000
3703,欣陸            ,49000,240000,-191000,0,0,0,0,0,0,32000,40000,8000,32000,0,0,0,-159000
065604,聯發科元大9C購17,0,0,0,0,0,0,0,0,0,-160000,0,0,0,352000,512000,-160000,-160000
058930,華新科統一9B購01,0,0,0,0,0,0,0,0,0,-160000,0,0,0,0,160000,-160000,-160000
061682,南電元大9B購01  ,0,0,0,0,0,0,0,0,0,-160000,0,0,0,1000,161000,-160000,-160000
058422,百和麥證99購01  ,0,0,0,0,160000,-160000,0,0,0,-160000,0,0,0,0,160000,-160000,-160000
060386,台勝科凱基9B購01,0,0,0,0,0,0,0,0,0,-160000,0,0,0,0,160000,-160000,-160000
062473,同欣電凱基9B購01,0,0,0,0,0,0,0,0,0,-160000,0,0,0,0,160000,-160000,-160000
063517,遠東新凱基01購01,0,0,0,0,0,0,0,0,0,-160000,0,0,0,0,160000,-160000,-160000
065128,大成鋼兆豐9C購01,0,0,0,0,0,0,0,0,0,-161000,0,0,0,10000,171000,-161000,-161000
2388,威盛            ,350000,504000,-154000,0,0,0,0,0,0,-7000,0,7000,-7000,0,0,0,-161000
058286,道瓊指國票9B購01,0,0,0,0,0,0,0,0,0,-161000,0,0,0,0,161000,-161000,-161000
6533,晶心科          ,238640,408000,-169360,0,0,0,0,0,0,8000,8000,0,8000,0,0,0,-161360
2352,佳世達          ,608000,621000,-13000,0,0,0,0,2000,-2000,-147000,3000,37000,-34000,0,113000,-113000,-162000
065236,旭富凱基9C購01  ,0,0,0,0,0,0,0,0,0,-162000,0,0,0,0,162000,-162000,-162000
058656,燿華中信99購01  ,0,0,0,0,0,0,0,0,0,-162000,0,0,0,30000,192000,-162000,-162000
063340,英業達統一9B購01,0,0,0,0,0,0,0,0,0,-162000,0,0,0,173000,335000,-162000,-162000
07099P,台積電元大99售19,0,0,0,0,0,0,0,0,0,-163000,0,0,0,64000,227000,-163000,-163000
1711,永光            ,778000,917000,-139000,0,0,0,0,0,0,-24000,0,24000,-24000,0,0,0,-163000
057876,隆達元大98購01  ,0,0,0,0,0,0,0,0,0,-163000,0,0,0,87000,250000,-163000,-163000
057708,臺股指群益98購08,0,0,0,0,0,0,0,0,0,-163000,0,0,0,0,163000,-163000,-163000
056198,台光電永豐97購02,0,0,0,0,0,0,0,0,0,-163000,0,0,0,6000,169000,-163000,-163000
00770,國泰北美科技    ,0,2000,-2000,0,0,0,0,0,0,-161000,0,0,0,0,161000,-161000,-163000
062557,台光電凱基9B購02,0,0,0,0,0,0,0,0,0,-163000,0,0,0,51000,214000,-163000,-163000
08378P,世紀鋼元富9C售02,0,0,0,0,0,0,0,0,0,-164000,0,0,0,0,164000,-164000,-164000
06970P,旺宏元大99售08  ,0,0,0,0,0,0,0,0,0,-164000,0,0,0,41000,205000,-164000,-164000
062488,台光電永豐9B購02,0,0,0,0,0,0,0,0,0,-164000,0,0,0,18000,182000,-164000,-164000
063074,創意永豐9B購02  ,0,0,0,0,0,0,0,0,0,-164000,0,0,0,27000,191000,-164000,-164000
064062,創意國泰01購01  ,0,0,0,0,0,0,0,0,0,-164000,0,0,0,125000,289000,-164000,-164000
063824,S&P反1國票9C購01,0,0,0,0,0,0,0,0,0,-164000,0,0,0,58000,222000,-164000,-164000
064342,晶技元大9C購01  ,0,0,0,0,0,0,0,0,0,-164000,0,0,0,69000,233000,-164000,-164000
2903,遠百            ,172000,315000,-143000,0,0,0,11000,0,11000,-33000,0,33000,-33000,0,0,0,-165000
060686,康友元大9A購02  ,0,0,0,0,0,0,0,0,0,-165000,0,0,0,101000,266000,-165000,-165000
062407,同欣電永豐9B購01,0,0,0,0,0,0,0,0,0,-165000,0,0,0,20000,185000,-165000,-165000
9945,潤泰新          ,432584,601000,-168416,0,0,0,0,0,0,3000,18000,15000,3000,0,0,0,-165416
057063,立積國泰9A購01  ,0,0,0,0,0,0,0,0,0,-166000,0,0,0,71000,237000,-166000,-166000
062341,台表科麥證9C購01,0,0,0,0,166000,-166000,0,0,0,-166000,0,0,0,0,166000,-166000,-166000
062007,台光電國泰9C購01,0,0,0,0,0,0,0,0,0,-166000,0,0,0,96000,262000,-166000,-166000
060302,台積電富邦02購01,0,0,0,0,0,0,0,0,0,-166000,0,0,0,12000,178000,-166000,-166000
058851,大立光群益99購07,0,0,0,0,0,0,0,0,0,-166000,0,0,0,1000,167000,-166000,-166000
063027,台汽電元大9B購01,0,0,0,0,0,0,0,0,0,-166000,0,0,0,102000,268000,-166000,-166000
2849,安泰銀          ,5000,172000,-167000,0,0,0,0,0,0,0,0,0,0,0,0,0,-167000
1710,東聯            ,162000,353000,-191000,0,0,0,26000,0,26000,-2000,0,2000,-2000,0,0,0,-167000
065514,建準群益9C購01  ,0,0,0,0,0,0,0,0,0,-167000,0,0,0,0,167000,-167000,-167000
056267,文曄統一97購02  ,0,0,0,0,0,0,0,0,0,-167000,0,0,0,103000,270000,-167000,-167000
057783,台積電國票9A購01,0,0,0,0,0,0,0,0,0,-167000,0,0,0,90000,257000,-167000,-167000
058474,鴻海凱基9A購06  ,0,0,0,0,0,0,0,0,0,-167000,0,0,0,91000,258000,-167000,-167000
060965,中租凱基9B購01  ,0,0,0,0,0,0,0,0,0,-167000,0,0,0,36000,203000,-167000,-167000
4919,新唐            ,90000,263000,-173000,0,0,0,0,0,0,6000,3000,3000,0,16000,10000,6000,-167000
08426P,奇力新國票01售01,0,0,0,0,0,0,0,0,0,-168000,0,0,0,0,168000,-168000,-168000
061515,泰碩永豐9A購03  ,0,0,0,0,0,0,0,0,0,-168000,0,0,0,0,168000,-168000,-168000
062904,台光電元大9B購06,0,0,0,0,0,0,0,0,0,-168000,0,0,0,42000,210000,-168000,-168000
063271,中磊兆豐9C購01  ,0,0,0,0,0,0,0,0,0,-168000,0,0,0,57000,225000,-168000,-168000
5225,東科-KY         ,60000,226000,-166000,0,0,0,0,0,0,-2000,0,2000,-2000,0,0,0,-168000
065394,英業達群益9C購01,0,0,0,0,0,0,0,0,0,-169000,0,0,0,12000,181000,-169000,-169000
065234,旭富凱基01購01  ,0,0,0,0,0,0,0,0,0,-169000,0,0,0,10000,179000,-169000,-169000
07627P,超眾凱基9A售02  ,0,0,0,0,0,0,0,0,0,-169000,0,0,0,31000,200000,-169000,-169000
00642U,元大S&P石油     ,42000,0,42000,0,0,0,0,0,0,-211000,0,0,0,0,211000,-211000,-169000
059174,訊芯凱基99購01  ,0,0,0,0,0,0,0,0,0,-169000,0,0,0,129000,298000,-169000,-169000
063169,台汽電永豐9B購01,0,0,0,0,0,0,0,0,0,-169000,0,0,0,0,169000,-169000,-169000
065177,旭富元大9C購05  ,0,0,0,0,0,0,0,0,0,-170000,0,0,0,84000,254000,-170000,-170000
065557,中磊凱基9C購01  ,0,0,0,0,0,0,0,0,0,-170000,0,0,0,0,170000,-170000,-170000
08245P,台灣50群益9C售05,0,0,0,0,0,0,0,0,0,-170000,0,0,0,0,170000,-170000,-170000
061466,創意群益9A購01  ,0,0,0,0,0,0,0,0,0,-170000,0,0,0,118000,288000,-170000,-170000
060573,力成永豐9A購01  ,0,0,0,0,0,0,0,0,0,-170000,0,0,0,20000,190000,-170000,-170000
063168,台表科永豐9B購01,0,0,0,0,0,0,0,0,0,-170000,0,0,0,10000,180000,-170000,-170000
065182,南電元大9C購05  ,0,0,0,0,0,0,0,0,0,-171000,0,0,0,4000,175000,-171000,-171000
065176,玉晶光元大01購04,0,0,0,0,0,0,0,0,0,-171000,0,0,0,2000,173000,-171000,-171000
07903P,台積電群益9B售03,0,0,0,0,0,0,0,0,0,-171000,0,0,0,101000,272000,-171000,-171000
06755P,大立光永豐98售03,0,0,0,0,0,0,0,0,0,-171000,0,0,0,96000,267000,-171000,-171000
056321,創意群益98購02  ,0,0,0,0,0,0,0,0,0,-171000,0,0,0,50000,221000,-171000,-171000
058351,上銀凱基9A購02  ,0,0,0,0,0,0,0,0,0,-171000,0,0,0,56000,227000,-171000,-171000
060423,智易永豐9A購01  ,0,0,0,0,0,0,0,0,0,-171000,0,0,0,0,171000,-171000,-171000
063357,聯發科國泰01購04,0,0,0,0,0,0,0,0,0,-171000,0,0,0,86000,257000,-171000,-171000
064419,鴻海兆豐9C購01  ,0,0,0,0,0,0,0,0,0,-171000,0,0,0,48000,219000,-171000,-171000
064258,臻鼎國泰01購02  ,0,0,0,0,0,0,0,0,0,-171000,0,0,0,151000,322000,-171000,-171000
2836,高雄銀          ,61000,230000,-169000,0,0,0,0,0,0,-3000,0,3000,-3000,0,0,0,-172000
062138,力成群益9B購01  ,0,0,0,0,0,0,0,0,0,-172000,0,0,0,98000,270000,-172000,-172000
062622,南電元大9B購03  ,0,0,0,0,0,0,0,0,0,-172000,0,0,0,12000,184000,-172000,-172000
065273,南電元大9C購06  ,0,0,0,0,0,0,0,0,0,-173000,0,0,0,1000,174000,-173000,-173000
052090,聯發科元大97購03,0,0,0,0,0,0,0,0,0,-173000,0,0,0,30000,203000,-173000,-173000
057183,玉晶光元大99購07,0,0,0,0,0,0,0,0,0,-173000,0,0,0,1000,174000,-173000,-173000
058605,華邦電元大99購04,0,0,0,0,0,0,0,0,0,-173000,0,0,0,137000,310000,-173000,-173000
065058,東元群益9C購01  ,0,0,0,0,0,0,0,0,0,-173000,0,0,0,0,173000,-173000,-173000
1315,達新            ,29000,106000,-77000,0,0,0,0,0,0,-97000,0,2000,-2000,0,95000,-95000,-174000
08395P,燿華永豐9C售02  ,0,0,0,0,0,0,0,0,0,-174000,0,0,0,0,174000,-174000,-174000
054640,健策中信9B購01  ,0,0,0,0,0,0,0,0,0,-174000,0,0,0,16000,190000,-174000,-174000
057570,技嘉永豐98購02  ,0,0,0,0,0,0,0,0,0,-174000,0,0,0,76000,250000,-174000,-174000
065431,大立光凱基02購02,0,0,0,0,0,0,0,0,0,-175000,0,0,0,0,175000,-175000,-175000
060572,景碩永豐9A購01  ,0,0,0,0,0,0,0,0,0,-175000,0,0,0,93000,268000,-175000,-175000
052277,台達電凱基97購01,0,0,0,0,0,0,0,0,0,-176000,0,0,0,10000,186000,-176000,-176000
059061,晶技凱基9A購01  ,0,0,0,0,0,0,0,0,0,-176000,0,0,0,73000,249000,-176000,-176000
064855,聯發科國泰02購01,0,0,0,0,0,0,0,0,0,-176000,0,0,0,40000,216000,-176000,-176000
064207,國巨凱基03購02  ,0,0,0,0,0,0,0,0,0,-176000,0,0,0,137000,313000,-176000,-176000
07943P,瑞昱元大9B售02  ,0,0,0,0,0,0,0,0,0,-177000,0,0,0,3000,180000,-177000,-177000
1592,英瑞-KY         ,23000,198000,-175000,0,0,0,0,0,0,-2000,0,2000,-2000,0,0,0,-177000
057257,台泥兆豐99購01  ,0,0,0,0,0,0,0,0,0,-177000,0,0,0,11000,188000,-177000,-177000
064778,美律群益9C購01  ,0,0,0,0,0,0,0,0,0,-177000,0,0,0,77000,254000,-177000,-177000
063680,寶成富邦9C購01  ,0,0,0,0,0,0,0,0,0,-177000,0,0,0,423000,600000,-177000,-177000
07958P,華擎群益9B售01  ,0,0,0,0,0,0,0,0,0,-178000,0,0,0,201000,379000,-178000,-178000
065447,緯創統一02購02  ,0,0,0,0,0,0,0,0,0,-178000,0,0,0,0,178000,-178000,-178000
065307,矽格元富9C購01  ,0,0,0,0,0,0,0,0,0,-178000,0,0,0,0,178000,-178000,-178000
062580,華通統一9C購03  ,0,0,0,0,0,0,0,0,0,-178000,0,0,0,36000,214000,-178000,-178000
2034,允強            ,24000,187000,-163000,0,0,0,0,0,0,-16000,0,16000,-16000,0,0,0,-179000
057347,國巨統一9A購03  ,0,0,0,0,0,0,0,0,0,-179000,0,0,0,56000,235000,-179000,-179000
057740,茂林富邦9A購01  ,0,0,0,0,0,0,0,0,0,-180000,0,0,0,385000,565000,-180000,-180000
054795,合勤控群益98購01,0,0,0,0,0,0,0,0,0,-180000,0,0,0,20000,200000,-180000,-180000
061024,南電國泰9B購01  ,0,0,0,0,0,0,0,0,0,-180000,0,0,0,53000,233000,-180000,-180000
063572,麗豐元大9B購01  ,0,0,0,0,0,0,0,0,0,-180000,0,0,0,96000,276000,-180000,-180000
2404,漢唐            ,827051,411000,416051,0,0,0,0,584000,-584000,-13000,0,10000,-10000,4000,7000,-3000,-180949
056709,華通永豐98購01  ,0,0,0,0,0,0,0,0,0,-181000,0,0,0,10000,191000,-181000,-181000
058239,景碩元大99購03  ,0,0,0,0,0,0,0,0,0,-181000,0,0,0,67000,248000,-181000,-181000
062332,大立光統一9B購11,0,0,0,0,0,0,0,0,0,-181000,0,0,0,114000,295000,-181000,-181000
060887,台積電統一01購01,0,0,0,0,0,0,0,0,0,-181000,0,0,0,0,181000,-181000,-181000
063017,台光電元大9B購07,0,0,0,0,0,0,0,0,0,-181000,0,0,0,50000,231000,-181000,-181000
064202,景碩兆豐9C購01  ,0,0,0,0,0,0,0,0,0,-181000,0,0,0,76000,257000,-181000,-181000
064037,寶成元大9C購02  ,0,0,0,0,0,0,0,0,0,-181000,0,0,0,19000,200000,-181000,-181000
065518,聯鈞群益9C購02  ,0,0,0,0,0,0,0,0,0,-182000,0,0,0,0,182000,-182000,-182000
07471P,南亞科元大9A售01,0,0,0,0,0,0,0,0,0,-182000,0,0,0,64000,246000,-182000,-182000
060961,台光電凱基9A購03,0,0,0,0,0,0,0,0,0,-182000,0,0,0,0,182000,-182000,-182000
061033,台光電永豐9A購01,0,0,0,0,0,0,0,0,0,-183000,0,0,0,40000,223000,-183000,-183000
064068,義隆永豐9C購01  ,0,0,0,0,0,0,0,0,0,-183000,0,0,0,75000,258000,-183000,-183000
064820,裕隆統一9C購01  ,0,0,0,0,0,0,0,0,0,-183000,0,0,0,500000,683000,-183000,-183000
064628,南六元大9C購05  ,0,0,0,0,0,0,0,0,0,-183000,0,0,0,88000,271000,-183000,-183000
065161,矽格群益9C購01  ,0,0,0,0,0,0,0,0,0,-184000,0,0,0,68000,252000,-184000,-184000
062372,旭富元大9B購01  ,0,0,0,0,0,0,0,0,0,-184000,0,0,0,25000,209000,-184000,-184000
058637,晶技兆豐99購01  ,0,0,0,0,0,0,0,0,0,-184000,0,0,0,66000,250000,-184000,-184000
064077,台積電中信06購03,0,0,0,0,0,0,0,0,0,-184000,0,0,0,0,184000,-184000,-184000
061951,南電群益9B購01  ,0,0,0,0,0,0,0,0,0,-185000,0,0,0,7000,192000,-185000,-185000
064131,群創元大01購02  ,0,0,0,0,0,0,0,0,0,-185000,0,0,0,40000,225000,-185000,-185000
064386,友達富邦01購01  ,0,0,0,0,0,0,0,0,0,-185000,0,0,0,10000,195000,-185000,-185000
9105,泰金寶-DR       ,29000,214000,-185000,0,0,0,0,0,0,0,0,0,0,0,0,0,-185000
1218,泰山            ,66000,262000,-196000,0,0,0,0,0,0,10000,10000,0,10000,0,0,0,-186000
054079,鴻海中信98購02  ,0,0,0,0,0,0,0,0,0,-186000,0,0,0,787000,973000,-186000,-186000
061963,台積電統一01購04,0,0,0,0,0,0,0,0,0,-186000,0,0,0,32000,218000,-186000,-186000
06478P,臺股指日盛9A售01,0,0,0,0,0,0,0,0,0,-186000,0,0,0,190000,376000,-186000,-186000
08158P,嘉澤元富9B售03  ,0,0,0,0,0,0,0,0,0,-187000,0,0,0,191000,378000,-187000,-187000
2359,所羅門          ,44000,228000,-184000,0,0,0,0,0,0,-3000,0,3000,-3000,0,0,0,-187000
058026,上銀富邦9A購01  ,0,0,0,0,0,0,0,0,0,-187000,0,0,0,101000,288000,-187000,-187000
062346,智邦群益9B購02  ,0,0,0,0,0,0,0,0,0,-187000,0,0,0,82000,269000,-187000,-187000
052885,高鐵兆豐98購01  ,0,0,0,0,0,0,0,0,0,-188000,0,0,0,0,188000,-188000,-188000
061360,智邦兆豐9B購02  ,0,0,0,0,0,0,0,0,0,-188000,0,0,0,71000,259000,-188000,-188000
058970,鴻海永豐99購02  ,0,0,0,0,0,0,0,0,0,-188000,0,0,0,5000,193000,-188000,-188000
062950,貿聯富邦01購01  ,0,0,0,0,0,0,0,0,0,-188000,0,0,0,38000,226000,-188000,-188000
8210,勤誠            ,150000,272000,-122000,0,0,0,0,57000,-57000,-9000,4000,0,4000,0,13000,-13000,-188000
08422P,玉晶光群益02售03,0,0,0,0,0,0,0,0,0,-189000,0,0,0,84000,273000,-189000,-189000
07839P,嘉澤元大9A售04  ,0,0,0,0,0,0,0,0,0,-189000,0,0,0,21000,210000,-189000,-189000
060107,旭富元大99購03  ,0,0,0,0,0,0,0,0,0,-189000,0,0,0,10000,199000,-189000,-189000
059680,台積電國泰9A購03,0,0,0,0,0,0,0,0,0,-189000,0,0,0,26000,215000,-189000,-189000
06905P,上証2X國泰99售02,0,0,0,0,0,0,0,0,0,-190000,0,0,0,10000,200000,-190000,-190000
2206,三陽工業        ,112000,276000,-164000,0,0,0,0,0,0,-26000,0,26000,-26000,0,0,0,-190000
057618,台光電凱基99購01,0,0,0,0,0,0,0,0,0,-190000,0,0,0,75000,265000,-190000,-190000
056346,聯茂凱基99購02  ,0,0,0,0,0,0,0,0,0,-190000,0,0,0,0,190000,-190000,-190000
061509,SP黃豆富邦9C購01,0,0,0,0,0,0,0,0,0,-190000,0,0,0,0,190000,-190000,-190000
062165,聯茂國泰01購01  ,0,0,0,0,0,0,0,0,0,-190000,0,0,0,0,190000,-190000,-190000
064138,亞德客統一01購02,0,0,0,0,0,0,0,0,0,-190000,0,0,0,54000,244000,-190000,-190000
1522,堤維西          ,16000,201000,-185000,0,0,0,0,0,0,-6000,0,6000,-6000,0,0,0,-191000
063272,GIS兆豐9C購01   ,0,0,0,0,0,0,0,0,0,-191000,0,0,0,72000,263000,-191000,-191000
2607,榮運            ,137000,328000,-191000,0,0,0,0,0,0,-1000,0,1000,-1000,0,0,0,-192000
057619,玉晶光凱基98購02,0,0,0,0,0,0,0,0,0,-193000,0,0,0,6000,199000,-193000,-193000
054370,台積電中信9A購01,0,0,0,0,0,0,0,0,0,-193000,0,0,0,50000,243000,-193000,-193000
061957,上銀統一01購01  ,0,0,0,0,0,0,0,0,0,-193000,0,0,0,0,193000,-193000,-193000
058692,華邦電國票9B購01,0,0,0,0,0,0,0,0,0,-194000,0,0,0,6000,200000,-194000,-194000
2547,日勝生          ,8000,201100,-193100,0,0,0,0,0,0,-1000,0,1000,-1000,0,0,0,-194100
065103,南六元大9C購06  ,0,0,0,0,0,0,0,0,0,-195000,0,0,0,66000,261000,-195000,-195000
061917,亞德客凱基9B購02,0,0,0,0,0,0,0,0,0,-195000,0,0,0,0,195000,-195000,-195000
065246,旭富兆豐01購01  ,0,0,0,0,0,0,0,0,0,-196000,0,0,0,10000,206000,-196000,-196000
062365,台光電元大9B購03,0,0,0,0,0,0,0,0,0,-196000,0,0,0,43000,239000,-196000,-196000
060363,美律元富9A購01  ,0,0,0,0,0,0,0,0,0,-196000,0,0,0,52000,248000,-196000,-196000
059095,訊芯元大99購01  ,0,0,0,0,0,0,0,0,0,-197000,0,0,0,158000,355000,-197000,-197000
059399,滬深2X元富9C購03,0,0,0,0,0,0,0,0,0,-197000,0,0,0,0,197000,-197000,-197000
063120,台光電元大9C購01,0,0,0,0,0,0,0,0,0,-197000,0,0,0,30000,227000,-197000,-197000
064266,聯茂永豐9C購01  ,0,0,0,0,0,0,0,0,0,-197000,0,0,0,5000,202000,-197000,-197000
064026,建準元大9C購02  ,0,0,0,0,0,0,0,0,0,-197000,0,0,0,13000,210000,-197000,-197000
065095,玉晶光元大02購02,0,0,0,0,0,0,0,0,0,-198000,0,0,0,78000,276000,-198000,-198000
058735,南茂永豐99購01  ,0,0,0,0,0,0,0,0,0,-198000,0,0,0,0,198000,-198000,-198000
063675,亞德客國泰01購01,0,0,0,0,0,0,0,0,0,-198000,0,0,0,18000,216000,-198000,-198000
08594P,台積電群益01售05,0,0,0,0,0,0,0,0,0,-199000,0,0,0,0,199000,-199000,-199000
057062,立積國泰99購01  ,0,0,0,0,0,0,0,0,0,-199000,0,0,0,66000,265000,-199000,-199000
056769,國產元大98購01  ,0,0,0,0,0,0,0,0,0,-199000,0,0,0,2000,201000,-199000,-199000
062319,南六凱基9B購02  ,0,0,0,0,0,0,0,0,0,-199000,0,0,0,34000,233000,-199000,-199000
065035,世芯統一01購03  ,0,0,0,0,0,0,0,0,0,-199000,0,0,0,67000,266000,-199000,-199000
064702,百和群益01購01  ,0,0,0,0,0,0,0,0,0,-199000,0,0,0,0,199000,-199000,-199000
2537,聯上發          ,23000,223000,-200000,0,0,0,0,0,0,0,0,0,0,0,0,0,-200000
065272,聯茂元大9C購05  ,0,0,0,0,0,0,0,0,0,-200000,0,0,0,0,200000,-200000,-200000
065483,聯茂元大9C購06  ,0,0,0,0,0,0,0,0,0,-200000,0,0,0,0,200000,-200000,-200000
065636,台表科國票01購03,0,0,0,0,0,0,0,0,0,-200000,0,0,0,0,200000,-200000,-200000
056977,國巨群益9A購01  ,0,0,0,0,0,0,0,0,0,-200000,0,0,0,0,200000,-200000,-200000
062233,神隆凱基9B購01  ,0,0,0,0,0,0,0,0,0,-200000,0,0,0,166000,366000,-200000,-200000
058409,鴻海兆豐99購05  ,0,0,0,0,0,0,0,0,0,-200000,0,0,0,20000,220000,-200000,-200000
061256,亞德客凱基9B購01,0,0,0,0,0,0,0,0,0,-200000,0,0,0,0,200000,-200000,-200000
060304,大立光富邦9C購05,0,0,0,0,0,0,0,0,0,-200000,0,0,0,0,200000,-200000,-200000
060410,台苯永豐9A購01  ,0,0,0,0,0,0,0,0,0,-200000,0,0,0,217000,417000,-200000,-200000
059626,台積電凱基01購01,0,0,0,0,0,0,0,0,0,-200000,0,0,0,0,200000,-200000,-200000
064751,亞德客凱基9C購02,0,0,0,0,0,0,0,0,0,-200000,0,0,0,10000,210000,-200000,-200000
064812,旭富元大9C購04  ,0,0,0,0,0,0,0,0,0,-200000,0,0,0,30000,230000,-200000,-200000
064039,亞德客統一02購01,0,0,0,0,0,0,0,0,0,-200000,0,0,0,0,200000,-200000,-200000
063569,美食元大9B購03  ,0,0,0,0,0,0,0,0,0,-200000,0,0,0,0,200000,-200000,-200000
063516,香港反凱基03購01,0,0,0,0,0,0,0,0,0,-200000,0,0,0,120000,320000,-200000,-200000
063116,大立光麥證9C購01,0,0,0,0,200000,-200000,0,0,0,-200000,0,0,0,0,200000,-200000,-200000
062928,富邦金台新9B購02,0,0,0,0,0,0,0,0,0,-200000,0,0,0,0,200000,-200000,-200000
8081,致新            ,284000,335000,-51000,0,0,0,0,6000,-6000,-143000,0,80000,-80000,0,63000,-63000,-200000
056828,國巨富邦9A購03  ,0,0,0,0,0,0,0,0,0,-201000,0,0,0,0,201000,-201000,-201000
03682C,臺股指凱基9C牛07,0,0,0,0,0,0,0,0,0,-201000,0,0,0,57000,258000,-201000,-201000
03669C,滬深2X元富09牛01,0,0,0,0,0,0,0,0,0,-201000,0,0,0,0,201000,-201000,-201000
062013,奇鋐富邦9B購01  ,0,0,0,0,0,0,0,0,0,-201000,0,0,0,0,201000,-201000,-201000
064291,南六元大9C購04  ,0,0,0,0,0,0,0,0,0,-201000,0,0,0,24000,225000,-201000,-201000
064790,金像電國票01購01,0,0,0,0,0,0,0,0,0,-201000,0,0,0,64000,265000,-201000,-201000
065378,嘉澤元大01購01  ,0,0,0,0,0,0,0,0,0,-202000,0,0,0,124000,326000,-202000,-202000
00702,國泰標普低波高息,0,0,0,0,0,0,0,0,0,-202000,0,0,0,2000,204000,-202000,-202000
056891,國巨元大99購03  ,0,0,0,0,0,0,0,0,0,-202000,0,0,0,74000,276000,-202000,-202000
6670,復盛應用        ,57000,204000,-147000,0,0,0,4000,0,4000,-59000,2000,58000,-56000,0,3000,-3000,-202000
065082,台光電元大9C購04,0,0,0,0,0,0,0,0,0,-203000,0,0,0,166000,369000,-203000,-203000
2913,農林            ,149000,323000,-174000,0,0,0,0,0,0,-29000,0,29000,-29000,0,0,0,-203000
2023,燁輝            ,132000,374000,-242000,0,0,0,62000,0,62000,-23000,0,23000,-23000,0,0,0,-203000
065005,台光電國票01購02,0,0,0,0,0,0,0,0,0,-203000,0,0,0,0,203000,-203000,-203000
064333,義隆元大9C購02  ,0,0,0,0,0,0,0,0,0,-203000,0,0,0,8000,211000,-203000,-203000
6573,虹揚-KY         ,0,203000,-203000,0,0,0,0,0,0,0,0,0,0,0,0,0,-203000
08535P,和大國票01售02  ,0,0,0,0,0,0,0,0,0,-204000,0,0,0,0,204000,-204000,-204000
058604,華邦電元大99購03,0,0,0,0,0,0,0,0,0,-204000,0,0,0,169000,373000,-204000,-204000
058397,大成鋼元大99購02,0,0,0,0,0,0,0,0,0,-204000,0,0,0,40000,244000,-204000,-204000
063944,建準元大9C購01  ,0,0,0,0,0,0,0,0,0,-204000,0,0,0,3000,207000,-204000,-204000
057515,智原元富98購02  ,0,0,0,0,0,0,0,0,0,-205000,0,0,0,0,205000,-205000,-205000
054158,國巨日盛99購01  ,0,0,0,0,0,0,0,0,0,-205000,0,0,0,68000,273000,-205000,-205000
058714,美律統一9B購01  ,0,0,0,0,0,0,0,0,0,-205000,0,0,0,129000,334000,-205000,-205000
064944,亞德客凱基9C購03,0,0,0,0,0,0,0,0,0,-205000,0,0,0,0,205000,-205000,-205000
062426,大立光統一02購02,0,0,0,0,0,0,0,0,0,-205000,0,0,0,0,205000,-205000,-205000
5264,鎧勝-KY         ,1607000,1371000,236000,0,0,0,0,562000,-562000,121000,405000,283000,122000,30000,31000,-1000,-205000
2601,益航            ,81000,180842,-99842,0,0,0,0,105000,-105000,-1000,0,1000,-1000,0,0,0,-205842
065202,南電元富06購01  ,0,0,0,0,0,0,0,0,0,-206000,0,0,0,1000,207000,-206000,-206000
07668P,旺宏元大9A售10  ,0,0,0,0,0,0,0,0,0,-206000,0,0,0,0,206000,-206000,-206000
056119,欣興群益97購02  ,0,0,0,0,0,0,0,0,0,-206000,0,0,0,50000,256000,-206000,-206000
062533,嘉澤統一9C購01  ,0,0,0,0,0,0,0,0,0,-206000,0,0,0,0,206000,-206000,-206000
2472,立隆電          ,57000,276000,-219000,0,0,0,0,0,0,12000,15000,3000,12000,0,0,0,-207000
057882,華通群益9A購03  ,0,0,0,0,0,0,0,0,0,-207000,0,0,0,0,207000,-207000,-207000
059607,台積電富邦9C購04,0,0,0,0,0,0,0,0,0,-207000,0,0,0,0,207000,-207000,-207000
060747,聯鈞國票9A購02  ,0,0,0,0,0,0,0,0,0,-207000,0,0,0,89000,296000,-207000,-207000
065052,南六凱基02購02  ,0,0,0,0,0,0,0,0,0,-207000,0,0,0,22000,229000,-207000,-207000
064355,南六元大01購01  ,0,0,0,0,0,0,0,0,0,-207000,0,0,0,21000,228000,-207000,-207000
064275,台光電元大9C購03,0,0,0,0,0,0,0,0,0,-207000,0,0,0,101000,308000,-207000,-207000
1229,聯華            ,293000,461071,-168071,0,0,0,0,28000,-28000,-11000,0,11000,-11000,0,0,0,-207071
07982P,全新群益9B售04  ,0,0,0,0,0,0,0,0,0,-208000,0,0,0,0,208000,-208000,-208000
1720,生達            ,563000,770000,-207000,0,0,0,0,0,0,-1000,2000,3000,-1000,0,0,0,-208000
06956P,國巨日盛99售04  ,0,0,0,0,0,0,0,0,0,-208000,0,0,0,0,208000,-208000,-208000
065482,立積元大01購02  ,0,0,0,0,0,0,0,0,0,-208000,0,0,0,148000,356000,-208000,-208000
065457,旭富元富03購01  ,0,0,0,0,0,0,0,0,0,-209000,0,0,0,0,209000,-209000,-209000
058106,神達統一98購02  ,0,0,0,0,0,0,0,0,0,-209000,0,0,0,10000,219000,-209000,-209000
058706,聯鈞元大9C購01  ,0,0,0,0,0,0,0,0,0,-209000,0,0,0,193000,402000,-209000,-209000
063151,奇鋐元富9B購01  ,0,0,0,0,0,0,0,0,0,-209000,0,0,0,52000,261000,-209000,-209000
065269,貿聯元大9C購05  ,0,0,0,0,0,0,0,0,0,-210000,0,0,0,66000,276000,-210000,-210000
07524P,臺股指中信9B售06,0,0,0,0,0,0,0,0,0,-210000,0,0,0,0,210000,-210000,-210000
057981,臻鼎永豐98購01  ,0,0,0,0,0,0,0,0,0,-210000,0,0,0,62000,272000,-210000,-210000
056375,玉晶光統一01購01,0,0,0,0,0,0,0,0,0,-210000,0,0,0,37000,247000,-210000,-210000
061768,晶技元大9B購02  ,0,0,0,0,0,0,0,0,0,-210000,0,0,0,0,210000,-210000,-210000
058247,聯茂元大99購04  ,0,0,0,0,0,0,0,0,0,-210000,0,0,0,0,210000,-210000,-210000
058468,聯茂中信99購02  ,0,0,0,0,0,0,0,0,0,-210000,0,0,0,0,210000,-210000,-210000
063490,儒鴻富邦9C購01  ,0,0,0,0,0,0,0,0,0,-210000,0,0,0,66000,276000,-210000,-210000
07559P,祥碩元大9A售03  ,0,0,0,0,0,0,0,0,0,-211000,0,0,0,0,211000,-211000,-211000
06558P,旺宏元富98售02  ,0,0,0,0,0,0,0,0,0,-211000,0,0,0,0,211000,-211000,-211000
056943,華通統一99購01  ,0,0,0,0,0,0,0,0,0,-211000,0,0,0,105000,316000,-211000,-211000
064614,友訊元大9C購02  ,0,0,0,0,0,0,0,0,0,-211000,0,0,0,519000,730000,-211000,-211000
4934,太極            ,73000,284289,-211289,0,0,0,0,0,0,0,0,0,0,0,0,0,-211289
065346,台光電統一02購01,0,0,0,0,0,0,0,0,0,-212000,0,0,0,0,212000,-212000,-212000
2014,中鴻            ,34000,305000,-271000,0,0,0,57000,0,57000,2000,8000,6000,2000,0,0,0,-212000
056276,同欣電國泰98購01,0,0,0,0,0,0,0,0,0,-212000,0,0,0,0,212000,-212000,-212000
063248,創意元大9C購01  ,0,0,0,0,0,0,0,0,0,-212000,0,0,0,14000,226000,-212000,-212000
5531,鄉林            ,175000,385000,-210000,0,0,0,0,0,0,-2000,0,2000,-2000,0,0,0,-212000
065099,聯茂元大9C購03  ,0,0,0,0,0,0,0,0,0,-213000,0,0,0,0,213000,-213000,-213000
020015,統一MSCI美低波N ,0,0,0,0,0,0,0,0,0,-213000,0,0,0,317000,530000,-213000,-213000
063562,國巨元大9C購06  ,0,0,0,0,0,0,0,0,0,-213000,0,0,0,25000,238000,-213000,-213000
060821,SP黃豆元大9A購02,0,0,0,0,0,0,0,0,0,-214000,0,0,0,156000,370000,-214000,-214000
061439,寶成凱基9A購01  ,0,0,0,0,0,0,0,0,0,-214000,0,0,0,6000,220000,-214000,-214000
058547,世紀鋼富邦9A購01,0,0,0,0,0,0,0,0,0,-214000,0,0,0,0,214000,-214000,-214000
08517P,奇力新群益9C售03,0,0,0,0,0,0,0,0,0,-215000,0,0,0,0,215000,-215000,-215000
058781,康友國票9A購01  ,0,0,0,0,0,0,0,0,0,-215000,0,0,0,290000,505000,-215000,-215000
056586,光罩統一98購02  ,0,0,0,0,0,0,0,0,0,-216000,0,0,0,158000,374000,-216000,-216000
057197,立積台新98購01  ,0,0,0,0,0,0,0,0,0,-216000,0,0,0,450000,666000,-216000,-216000
058832,立積永豐99購01  ,0,0,0,0,0,0,0,0,0,-216000,0,0,0,381000,597000,-216000,-216000
1439,中和            ,48000,265000,-217000,0,0,0,0,0,0,0,0,0,0,0,0,0,-217000
2731,雄獅            ,43000,260000,-217000,0,0,0,0,0,0,0,0,0,0,0,0,0,-217000
07482P,南亞科元富9A售04,0,0,0,0,0,0,0,0,0,-217000,0,0,0,0,217000,-217000,-217000
064356,矽創元大01購01  ,0,0,0,0,0,0,0,0,0,-217000,0,0,0,7000,224000,-217000,-217000
8213,志超            ,149000,335000,-186000,0,0,0,0,18000,-18000,-13000,0,26000,-26000,81000,68000,13000,-217000
08529P,臻鼎元大9C售03  ,0,0,0,0,0,0,0,0,0,-218000,0,0,0,0,218000,-218000,-218000
064003,台積電凱基01購03,0,0,0,0,0,0,0,0,0,-218000,0,0,0,1000,219000,-218000,-218000
06552P,茂林元大99售02  ,0,0,0,0,0,0,0,0,0,-219000,0,0,0,12000,231000,-219000,-219000
057985,華通元富02購03  ,0,0,0,0,0,0,0,0,0,-219000,0,0,0,36000,255000,-219000,-219000
063466,美食元大9B購02  ,0,0,0,0,0,0,0,0,0,-219000,0,0,0,2000,221000,-219000,-219000
2356,英業達          ,3981994,8411558,-4429564,0,0,0,3430000,0,3430000,780000,721000,84000,637000,199000,56000,143000,-219564
065609,嘉澤元大01購02  ,0,0,0,0,0,0,0,0,0,-220000,0,0,0,6000,226000,-220000,-220000
07123P,鴻海元大99售23  ,0,0,0,0,0,0,0,0,0,-220000,0,0,0,0,220000,-220000,-220000
07124P,台積電元大99售21,0,0,0,0,0,0,0,0,0,-220000,0,0,0,111000,331000,-220000,-220000
055972,GIS元大97購04   ,0,0,0,0,0,0,0,0,0,-220000,0,0,0,13000,233000,-220000,-220000
058736,鈺齊永豐99購02  ,0,0,0,0,0,0,0,0,0,-220000,0,0,0,0,220000,-220000,-220000
062352,南六群益9B購02  ,0,0,0,0,0,0,0,0,0,-220000,0,0,0,0,220000,-220000,-220000
064888,景碩中信9C購01  ,0,0,0,0,0,0,0,0,0,-220000,0,0,0,19000,239000,-220000,-220000
055518,華新科中信99購01,0,0,0,0,0,0,0,0,0,-221000,0,0,0,0,221000,-221000,-221000
064375,智邦元富03購01  ,0,0,0,0,0,0,0,0,0,-221000,0,0,0,127000,348000,-221000,-221000
08140P,祥碩元大9B售07  ,0,0,0,0,0,0,0,0,0,-222000,0,0,0,425000,647000,-222000,-222000
056693,國產群益98購01  ,0,0,0,0,0,0,0,0,0,-222000,0,0,0,100000,322000,-222000,-222000
064401,台達電凱基06購01,0,0,0,0,0,0,0,0,0,-222000,0,0,0,10000,232000,-222000,-222000
061876,明泰元大9B購01  ,0,0,0,0,0,0,0,0,0,-223000,0,0,0,0,223000,-223000,-223000
062383,大立光國泰01購01,0,0,0,0,0,0,0,0,0,-223000,0,0,0,20000,243000,-223000,-223000
064351,中租元大9C購01  ,0,0,0,0,0,0,0,0,0,-223000,0,0,0,38000,261000,-223000,-223000
07148P,富邦金元大99售01,0,0,0,0,0,0,0,0,0,-224000,0,0,0,100000,324000,-224000,-224000
065055,臺股指凱基02購04,0,0,0,0,0,0,0,0,0,-224000,0,0,0,5000,229000,-224000,-224000
064659,台達電元大9C購02,0,0,0,0,0,0,0,0,0,-224000,0,0,0,37000,261000,-224000,-224000
058801,致伸元大99購01  ,0,0,0,0,0,0,0,0,0,-225000,0,0,0,120000,345000,-225000,-225000
07035P,大立光元富99售04,0,0,0,0,0,0,0,0,0,-226000,0,0,0,89000,315000,-226000,-226000
08524P,奇力新元大9C售01,0,0,0,0,0,0,0,0,0,-226000,0,0,0,0,226000,-226000,-226000
08576P,嘉澤凱基9C售03  ,0,0,0,0,0,0,0,0,0,-226000,0,0,0,200000,426000,-226000,-226000
08360P,國巨國泰02售01  ,0,0,0,0,0,0,0,0,0,-226000,0,0,0,301000,527000,-226000,-226000
00638R,元大滬深300反1  ,0,0,0,0,0,0,0,0,0,-226000,0,0,0,284000,510000,-226000,-226000
062427,嘉澤統一01購01  ,0,0,0,0,0,0,0,0,0,-226000,0,0,0,88000,314000,-226000,-226000
08160P,茂林元富9B售03  ,0,0,0,0,0,0,0,0,0,-227000,0,0,0,21000,248000,-227000,-227000
065389,聯茂兆豐9C購01  ,0,0,0,0,0,0,0,0,0,-227000,0,0,0,0,227000,-227000,-227000
061027,儒鴻永豐9A購02  ,0,0,0,0,0,0,0,0,0,-227000,0,0,0,0,227000,-227000,-227000
059074,元油2X元大9C購15,0,0,0,0,0,0,0,0,0,-228000,0,0,0,195000,423000,-228000,-228000
062454,華通群益9C購03  ,0,0,0,0,0,0,0,0,0,-228000,0,0,0,38000,266000,-228000,-228000
07021P,台積電富邦9C售02,0,0,0,0,0,0,0,0,0,-230000,0,0,0,1609000,1839000,-230000,-230000
08373P,大立光凱基01售05,0,0,0,0,0,0,0,0,0,-230000,0,0,0,80000,310000,-230000,-230000
05888P,友達元大97售01  ,0,0,0,0,0,0,0,0,0,-230000,0,0,0,200000,430000,-230000,-230000
061225,台積電中信9A購04,0,0,0,0,0,0,0,0,0,-230000,0,0,0,0,230000,-230000,-230000
062227,南六統一01購02  ,0,0,0,0,0,0,0,0,0,-230000,0,0,0,229000,459000,-230000,-230000
064393,友訊永豐9C購01  ,0,0,0,0,0,0,0,0,0,-230000,0,0,0,0,230000,-230000,-230000
08552P,華新科群益9C售04,0,0,0,0,0,0,0,0,0,-231000,0,0,0,31000,262000,-231000,-231000
056392,玉晶光富邦9C購01,0,0,0,0,0,0,0,0,0,-231000,0,0,0,153000,384000,-231000,-231000
053297,鎧勝中信98購01  ,0,0,0,0,0,0,0,0,0,-231000,0,0,0,221000,452000,-231000,-231000
061606,景碩凱基9A購02  ,0,0,0,0,0,0,0,0,0,-231000,0,0,0,25000,256000,-231000,-231000
1460,宏遠            ,58000,284000,-226000,0,0,0,0,0,0,-6000,0,6000,-6000,0,0,0,-232000
061711,台積電凱基9A購27,0,0,0,0,0,0,0,0,0,-232000,0,0,0,10000,242000,-232000,-232000
058973,麗豐永豐99購01  ,0,0,0,0,0,0,0,0,0,-233000,0,0,0,0,233000,-233000,-233000
06296P,燿華元大98售01  ,0,0,0,0,0,0,0,0,0,-233000,0,0,0,19000,252000,-233000,-233000
2609,陽明            ,105000,339000,-234000,0,0,0,0,0,0,0,0,0,0,0,0,0,-234000
1310,台苯            ,41000,310000,-269000,0,0,0,1000,0,1000,34000,0,6000,-6000,72000,32000,40000,-234000
061900,志超永豐9B購01  ,0,0,0,0,0,0,0,0,0,-234000,0,0,0,349000,583000,-234000,-234000
060915,旭富元大9A購01  ,0,0,0,0,0,0,0,0,0,-234000,0,0,0,45000,279000,-234000,-234000
4935,茂林-KY         ,162000,267670,-105670,0,0,0,0,50000,-50000,-79000,0,22000,-22000,17000,74000,-57000,-234670
065266,創意元大9C購05  ,0,0,0,0,0,0,0,0,0,-235000,0,0,0,332000,567000,-235000,-235000
059281,創意永豐99購02  ,0,0,0,0,0,0,0,0,0,-235000,0,0,0,54000,289000,-235000,-235000
062231,台光電麥證9C購01,0,0,0,0,244000,-244000,0,0,0,-235000,0,0,0,9000,244000,-235000,-235000
063339,智邦統一01購01  ,0,0,0,0,0,0,0,0,0,-235000,0,0,0,6000,241000,-235000,-235000
5519,隆大            ,32000,267000,-235000,0,0,0,0,0,0,0,0,0,0,0,0,0,-235000
06679P,旺宏元大98售09  ,0,0,0,0,0,0,0,0,0,-236000,0,0,0,86000,322000,-236000,-236000
2478,大毅            ,287000,275000,12000,0,0,0,0,209000,-209000,-39000,1000,13000,-12000,13000,40000,-27000,-236000
057354,聯鈞統一99購03  ,0,0,0,0,0,0,0,0,0,-236000,0,0,0,207000,443000,-236000,-236000
054769,創意國票98購01  ,0,0,0,0,0,0,0,0,0,-236000,0,0,0,0,236000,-236000,-236000
063314,美律群益9B購01  ,0,0,0,0,0,0,0,0,0,-236000,0,0,0,226000,462000,-236000,-236000
064816,訊芯元大9C購01  ,6000,0,6000,0,0,0,0,0,0,-242000,0,0,0,381000,623000,-242000,-236000
2101,南港            ,293000,488000,-195000,0,0,0,17000,0,17000,-59000,1000,4000,-3000,94000,150000,-56000,-237000
060918,康友國泰9C購01  ,0,0,0,0,0,0,0,0,0,-238000,0,0,0,319000,557000,-238000,-238000
063250,同欣電元大9B購03,0,0,0,0,0,0,0,0,0,-238000,0,0,0,28000,266000,-238000,-238000
8105,凌巨            ,39000,270000,-231000,0,0,0,0,0,0,-7000,0,7000,-7000,0,0,0,-238000
08121P,聯發科國票9B售05,0,0,0,0,0,0,0,0,0,-239000,0,0,0,36000,275000,-239000,-239000
00675L,富邦臺灣加權正2 ,48000,268000,-220000,0,0,0,0,0,0,-19000,0,0,0,44000,63000,-19000,-239000
056054,亞德客元大97購05,0,0,0,0,0,0,0,0,0,-240000,0,0,0,10000,250000,-240000,-240000
06105P,國巨國票98售02  ,0,0,0,0,0,0,0,0,0,-240000,0,0,0,74000,314000,-240000,-240000
063360,茂林國泰9C購02  ,0,0,0,0,0,0,0,0,0,-240000,0,0,0,8000,248000,-240000,-240000
1455,集盛            ,90000,335000,-245000,0,0,0,0,0,0,4000,5000,1000,4000,0,0,0,-241000
06632P,創意群益98售03  ,0,0,0,0,0,0,0,0,0,-241000,0,0,0,10000,251000,-241000,-241000
2929,淘帝-KY         ,63000,306336,-243336,0,0,0,0,0,0,2000,0,1000,-1000,3000,0,3000,-241336
062699,台積電元大01購02,0,0,0,0,0,0,0,0,0,-242000,0,0,0,220000,462000,-242000,-242000
057947,和碩國票99購01  ,0,0,0,0,0,0,0,0,0,-243000,0,0,0,0,243000,-243000,-243000
060783,亞德客富邦9B購01,0,0,0,0,0,0,0,0,0,-243000,0,0,0,72000,315000,-243000,-243000
063724,亞德客元大9B購03,0,0,0,0,0,0,0,0,0,-243000,0,0,0,51000,294000,-243000,-243000
065027,玉晶光中信03購01,0,0,0,0,0,0,0,0,0,-243000,0,0,0,175000,418000,-243000,-243000
064517,國巨群益02購01  ,0,0,0,0,0,0,0,0,0,-243000,0,0,0,7000,250000,-243000,-243000
064247,廣達元富9C購01  ,0,0,0,0,0,0,0,0,0,-243000,0,0,0,66000,309000,-243000,-243000
2464,盟立            ,71000,315000,-244000,0,0,0,0,0,0,0,0,1000,-1000,1000,0,1000,-244000
07952P,富邦金元大9B售02,0,0,0,0,0,0,0,0,0,-244000,0,0,0,50000,294000,-244000,-244000
08472P,和碩凱基9C售02  ,0,0,0,0,0,0,0,0,0,-244000,0,0,0,14000,258000,-244000,-244000
5434,崇越            ,495000,753000,-258000,0,0,0,0,0,0,14000,17000,3000,14000,0,0,0,-244000
07536P,華新科元富9A售04,0,0,0,0,0,0,0,0,0,-246000,0,0,0,320000,566000,-246000,-246000
00766L,台新MSCI中國正2 ,0,0,0,0,0,0,0,0,0,-247000,0,0,0,65000,312000,-247000,-247000
058786,元黃金元大99購01,0,0,0,0,0,0,0,0,0,-247000,0,0,0,13000,260000,-247000,-247000
065529,聯發科中信01購04,0,0,0,0,0,0,0,0,0,-248000,0,0,0,0,248000,-248000,-248000
1447,力鵬            ,51000,298000,-247000,0,0,0,0,0,0,-1000,0,1000,-1000,0,0,0,-248000
063323,同欣電群益9B購03,0,0,0,0,0,0,0,0,0,-248000,0,0,0,0,248000,-248000,-248000
063093,國產國票9B購01  ,0,0,0,0,0,0,0,0,0,-248000,0,0,0,0,248000,-248000,-248000
5522,遠雄            ,247000,498000,-251000,0,0,0,0,0,0,3000,6000,3000,3000,0,0,0,-248000
065546,景碩兆豐01購01  ,0,0,0,0,0,0,0,0,0,-249000,0,0,0,0,249000,-249000,-249000
065392,華通群益01購02  ,0,0,0,0,0,0,0,0,0,-249000,0,0,0,90000,339000,-249000,-249000
061375,華通永豐9A購02  ,0,0,0,0,0,0,0,0,0,-249000,0,0,0,0,249000,-249000,-249000
00665L,富邦恒生國企正2 ,0,51000,-51000,0,0,0,0,0,0,-199000,0,0,0,53000,252000,-199000,-250000
053965,聯電元大98購04  ,0,0,0,0,0,0,0,0,0,-250000,0,0,0,0,250000,-250000,-250000
054301,楠梓電凱基98購01,0,0,0,0,0,0,0,0,0,-250000,0,0,0,0,250000,-250000,-250000
061577,泰碩元大9A購03  ,0,0,0,0,0,0,0,0,0,-250000,0,0,0,18000,268000,-250000,-250000
060470,台勝科元大9A購03,0,0,0,0,0,0,0,0,0,-250000,0,0,0,17000,267000,-250000,-250000
061066,嘉晶凱基9B購01  ,0,0,0,0,0,0,0,0,0,-250000,0,0,0,23000,273000,-250000,-250000
062603,台化凱基9B購01  ,0,0,0,0,0,0,0,0,0,-250000,0,0,0,50000,300000,-250000,-250000
07163P,臺股指群益99售14,0,0,0,0,0,0,0,0,0,-251000,0,0,0,16000,267000,-251000,-251000
07100P,華航元大99售01  ,0,0,0,0,0,0,0,0,0,-251000,0,0,0,134000,385000,-251000,-251000
1582,信錦            ,32000,252000,-220000,0,0,0,0,0,0,-31000,1000,9000,-8000,0,23000,-23000,-251000
058525,台虹元大99購02  ,0,0,0,0,0,0,0,0,0,-251000,0,0,0,30000,281000,-251000,-251000
062661,華通群益9B購05  ,0,0,0,0,0,0,0,0,0,-251000,0,0,0,0,251000,-251000,-251000
065541,GIS統一01購05   ,0,0,0,0,0,0,0,0,0,-252000,0,0,0,5000,257000,-252000,-252000
063056,嘉澤統一9C購02  ,0,0,0,0,0,0,0,0,0,-253000,0,0,0,16000,269000,-253000,-253000
065383,南電元大01購02  ,0,0,0,0,0,0,0,0,0,-254000,0,0,0,1000,255000,-254000,-254000
058270,上緯控永豐99購01,0,0,0,0,0,0,0,0,0,-254000,0,0,0,30000,284000,-254000,-254000
062626,台積電國票9C購04,0,0,0,0,0,0,0,0,0,-254000,0,0,0,250000,504000,-254000,-254000
058944,元石油群益9C購02,0,0,0,0,0,0,0,0,0,-255000,0,0,0,0,255000,-255000,-255000
062879,美食兆豐9B購01  ,0,0,0,0,0,0,0,0,0,-255000,0,0,0,50000,305000,-255000,-255000
06962P,華新科永豐99售01,0,0,0,0,0,0,0,0,0,-256000,0,0,0,172000,428000,-256000,-256000
2342,茂矽            ,333000,587000,-254000,0,0,0,0,0,0,-2000,0,2000,-2000,0,0,0,-256000
061207,美律元大9A購04  ,0,0,0,0,0,0,0,0,0,-256000,0,0,0,118000,374000,-256000,-256000
08515P,鴻海群益9C售06  ,0,0,0,0,0,0,0,0,0,-257000,0,0,0,0,257000,-257000,-257000
055902,同欣電中信99購01,0,0,0,0,0,0,0,0,0,-258000,0,0,0,237000,495000,-258000,-258000
064998,T50反1國票02購01,0,0,0,0,0,0,0,0,0,-258000,0,0,0,0,258000,-258000,-258000
064809,冠德元大9C購01  ,0,0,0,0,0,0,0,0,0,-258000,0,0,0,503000,761000,-258000,-258000
064864,金像電永豐01購01,0,0,0,0,0,0,0,0,0,-258000,0,0,0,0,258000,-258000,-258000
06954P,大立光元富99售01,0,0,0,0,0,0,0,0,0,-259000,0,0,0,120000,379000,-259000,-259000
056507,創意永豐98購02  ,0,0,0,0,0,0,0,0,0,-259000,0,0,0,23000,282000,-259000,-259000
061417,力成群益9A購01  ,0,0,0,0,0,0,0,0,0,-259000,0,0,0,40000,299000,-259000,-259000
062097,台光電永豐9B購01,0,0,0,0,0,0,0,0,0,-259000,0,0,0,14000,273000,-259000,-259000
3413,京鼎            ,319747,437000,-117253,0,0,0,0,0,0,-142000,0,45000,-45000,10000,107000,-97000,-259253
08066P,南亞科凱基9B售04,0,0,0,0,0,0,0,0,0,-260000,0,0,0,20000,280000,-260000,-260000
065615,南電元大01購03  ,0,0,0,0,0,0,0,0,0,-260000,0,0,0,1000,261000,-260000,-260000
057598,鴻海群益98購07  ,0,0,0,0,0,0,0,0,0,-260000,0,0,0,25000,285000,-260000,-260000
064450,致茂統一01購01  ,0,0,0,0,0,0,0,0,0,-260000,0,0,0,15000,275000,-260000,-260000
063963,鴻海國票01購01  ,0,0,0,0,0,0,0,0,0,-260000,0,0,0,498000,758000,-260000,-260000
057510,泰碩統一98購02  ,0,0,0,0,0,0,0,0,0,-261000,0,0,0,96000,357000,-261000,-261000
057960,聯鈞元大98購02  ,0,0,0,0,0,0,0,0,0,-261000,0,0,0,266000,527000,-261000,-261000
060249,正文元大9C購01  ,0,0,0,0,0,0,0,0,0,-261000,0,0,0,0,261000,-261000,-261000
064417,創意中信9C購01  ,0,0,0,0,0,0,0,0,0,-261000,0,0,0,2000,263000,-261000,-261000
058809,國巨統一9B購03  ,0,0,0,0,0,0,0,0,0,-263000,0,0,0,480000,743000,-263000,-263000
058643,T50正2富邦03購01,0,0,0,0,0,0,0,0,0,-263000,0,0,0,0,263000,-263000,-263000
065543,緯穎元富01購01  ,0,0,0,0,0,0,0,0,0,-264000,0,0,0,33000,297000,-264000,-264000
060744,鴻海國票9A購04  ,0,0,0,0,0,0,0,0,0,-264000,0,0,0,199000,463000,-264000,-264000
07840P,康控元大9A售02  ,0,0,0,0,0,0,0,0,0,-265000,0,0,0,141000,406000,-265000,-265000
08118P,嘉澤元富9B售02  ,0,0,0,0,0,0,0,0,0,-265000,0,0,0,112000,377000,-265000,-265000
07975P,國巨元大9B售15  ,0,0,0,0,0,0,0,0,0,-265000,0,0,0,10000,275000,-265000,-265000
2108,南帝            ,298000,552000,-254000,0,0,0,0,10000,-10000,-1000,0,1000,-1000,0,0,0,-265000
054480,和碩中信98購01  ,0,0,0,0,0,0,0,0,0,-265000,0,0,0,28000,293000,-265000,-265000
062264,南六元大9B購02  ,0,0,0,0,0,0,0,0,0,-265000,0,0,0,132000,397000,-265000,-265000
061516,力成永豐9A購02  ,0,0,0,0,0,0,0,0,0,-266000,0,0,0,0,266000,-266000,-266000
062680,微星統一01購01  ,0,0,0,0,0,0,0,0,0,-266000,0,0,0,156000,422000,-266000,-266000
054533,泰碩國泰98購01  ,0,0,0,0,0,0,0,0,0,-267000,0,0,0,0,267000,-267000,-267000
053063,力山群益98購01  ,0,0,0,0,0,0,0,0,0,-267000,0,0,0,2000,269000,-267000,-267000
064744,創意國票01購02  ,0,0,0,0,0,0,0,0,0,-267000,0,0,0,545000,812000,-267000,-267000
057178,可成元大98購03  ,0,0,0,0,0,0,0,0,0,-268000,0,0,0,0,268000,-268000,-268000
057445,華通元富02購01  ,0,0,0,0,0,0,0,0,0,-269000,0,0,0,64000,333000,-269000,-269000
062002,鴻海國泰01購01  ,0,0,0,0,0,0,0,0,0,-269000,0,0,0,215000,484000,-269000,-269000
05950P,台積電國票97售04,0,0,0,0,0,0,0,0,0,-269000,0,0,0,6000,275000,-269000,-269000
063344,臺企銀統一9C購01,0,0,0,0,0,0,0,0,0,-269000,0,0,0,0,269000,-269000,-269000
057409,台虹群益98購02  ,0,0,0,0,0,0,0,0,0,-270000,0,0,0,0,270000,-270000,-270000
056725,鴻海國票99購03  ,0,0,0,0,0,0,0,0,0,-270000,0,0,0,0,270000,-270000,-270000
062051,上銀統一9C購02  ,0,0,0,0,0,0,0,0,0,-270000,0,0,0,0,270000,-270000,-270000
063978,美食兆豐9C購01  ,0,0,0,0,0,0,0,0,0,-270000,0,0,0,30000,300000,-270000,-270000
07881P,台灣50凱基01售11,0,0,0,0,0,0,0,0,0,-271000,0,0,0,0,271000,-271000,-271000
062288,南六群益9B購01  ,0,0,0,0,0,0,0,0,0,-271000,0,0,0,54000,325000,-271000,-271000
061026,南電富邦9B購01  ,0,0,0,0,0,0,0,0,0,-271000,0,0,0,119000,390000,-271000,-271000
056061,國泰金元大97購02,0,0,0,0,0,0,0,0,0,-272000,0,0,0,0,272000,-272000,-272000
059656,T50反1元大99購11,0,0,0,0,0,0,0,0,0,-272000,0,0,0,0,272000,-272000,-272000
065599,台光電元大9C購05,0,0,0,0,0,0,0,0,0,-273000,0,0,0,0,273000,-273000,-273000
060722,矽格永豐9A購01  ,0,0,0,0,0,0,0,0,0,-273000,0,0,0,0,273000,-273000,-273000
063548,同欣電兆豐9B購01,0,0,0,0,0,0,0,0,0,-274000,0,0,0,0,274000,-274000,-274000
065100,聯茂元大9C購04  ,0,0,0,0,0,0,0,0,0,-275000,0,0,0,5000,280000,-275000,-275000
08553P,嘉澤群益9C售01  ,0,0,0,0,0,0,0,0,0,-275000,0,0,0,165000,440000,-275000,-275000
064338,美食元大9C購01  ,0,0,0,0,0,0,0,0,0,-275000,0,0,0,0,275000,-275000,-275000
3665,貿聯-KY         ,183224,401000,-217776,0,0,0,0,55000,-55000,-4000,17000,8000,9000,5000,18000,-13000,-276776
064516,華通群益02購01  ,0,0,0,0,0,0,0,0,0,-277000,0,0,0,30000,307000,-277000,-277000
061348,聯鈞元大9A購05  ,0,0,0,0,0,0,0,0,0,-278000,0,0,0,86000,364000,-278000,-278000
063798,台積電凱基02購03,0,0,0,0,0,0,0,0,0,-278000,0,0,0,1000,279000,-278000,-278000
062731,力成凱基9B購02  ,0,0,0,0,0,0,0,0,0,-278000,0,0,0,25000,303000,-278000,-278000
3036,文曄            ,170000,355756,-185756,0,0,0,0,28000,-28000,-65000,13000,40000,-27000,8000,46000,-38000,-278756
2107,厚生            ,181000,418000,-237000,0,0,0,0,42000,-42000,0,0,0,0,0,0,0,-279000
064396,創意永豐9C購01  ,0,0,0,0,0,0,0,0,0,-279000,0,0,0,0,279000,-279000,-279000
064030,泰碩元大01購01  ,0,0,0,0,0,0,0,0,0,-279000,0,0,0,71000,350000,-279000,-279000
3515,華擎            ,134000,227000,-93000,0,0,0,0,60000,-60000,-127000,0,36000,-36000,17000,108000,-91000,-280000
065304,台勝科元富03購01,0,0,0,0,0,0,0,0,0,-280000,0,0,0,0,280000,-280000,-280000
054679,台積電康和99購01,0,0,0,0,0,0,0,0,0,-280000,0,0,0,0,280000,-280000,-280000
063656,台光電元富03購01,0,0,0,0,0,0,0,0,0,-280000,0,0,0,112000,392000,-280000,-280000
9934,成霖            ,51000,298000,-247000,0,0,0,0,0,0,-33000,0,33000,-33000,0,0,0,-280000
058772,茂林兆豐9A購01  ,0,0,0,0,0,0,0,0,0,-282000,0,0,0,269000,551000,-282000,-282000
064440,大立光凱基03購03,0,0,0,0,0,0,0,0,0,-282000,0,0,0,20000,302000,-282000,-282000
064460,健策統一9C購03  ,0,0,0,0,0,0,0,0,0,-282000,0,0,0,55000,337000,-282000,-282000
9946,三發地產        ,15000,297000,-282000,0,0,0,0,0,0,0,0,0,0,0,0,0,-282000
060336,南電康和9A購01  ,0,0,0,0,0,0,0,0,0,-283000,0,0,0,25000,308000,-283000,-283000
2103,台橡            ,170000,452000,-282000,0,0,0,0,0,0,-2000,0,2000,-2000,0,0,0,-284000
064535,國產國票01購01  ,0,0,0,0,0,0,0,0,0,-284000,0,0,0,38000,322000,-284000,-284000
063080,裕隆凱基9B購01  ,0,0,0,0,0,0,0,0,0,-285000,0,0,0,26000,311000,-285000,-285000
065461,台光電中信9C購01,0,0,0,0,0,0,0,0,0,-286000,0,0,0,27000,313000,-286000,-286000
07767P,華新科群益9A售07,0,0,0,0,0,0,0,0,0,-286000,0,0,0,20000,306000,-286000,-286000
056762,亞德客元大98購01,0,0,0,0,0,0,0,0,0,-286000,0,0,0,0,286000,-286000,-286000
060416,神隆永豐9A購01  ,0,0,0,0,0,0,0,0,0,-286000,0,0,0,175000,461000,-286000,-286000
6120,達運            ,58000,376000,-318000,0,0,0,42000,0,42000,-10000,0,10000,-10000,0,0,0,-286000
06847P,奇力新元大98售05,0,0,0,0,0,0,0,0,0,-287000,0,0,0,8000,295000,-287000,-287000
5269,祥碩            ,237007,415271,-178264,0,0,0,1000,77000,-76000,-33000,9000,37000,-28000,4000,9000,-5000,-287264
08089P,嘉澤凱基9B售03  ,0,0,0,0,0,0,0,0,0,-288000,0,0,0,95000,383000,-288000,-288000
4977,眾達-KY         ,133000,268000,-135000,0,0,0,90000,261000,-171000,18000,20000,1000,19000,0,1000,-1000,-288000
1526,日馳            ,117000,406000,-289000,0,0,0,0,0,0,0,0,0,0,0,0,0,-289000
061770,泰碩元大9B購02  ,0,0,0,0,0,0,0,0,0,-289000,0,0,0,15000,304000,-289000,-289000
08469P,富邦金凱基9C售01,0,0,0,0,0,0,0,0,0,-291000,0,0,0,0,291000,-291000,-291000
06192P,高股息中信98售01,0,0,0,0,0,0,0,0,0,-291000,0,0,0,9000,300000,-291000,-291000
063973,緯穎國票9C購01  ,0,0,0,0,0,0,0,0,0,-291000,0,0,0,261000,552000,-291000,-291000
3047,訊舟            ,90000,382000,-292000,0,0,0,0,0,0,0,0,0,0,0,0,0,-292000
065520,台勝科群益9C購03,0,0,0,0,0,0,0,0,0,-292000,0,0,0,6000,298000,-292000,-292000
1304,台聚            ,148000,436000,-288000,0,0,0,1000,0,1000,-6000,0,6000,-6000,0,0,0,-293000
064671,聯茂元大9C購02  ,0,0,0,0,0,0,0,0,0,-293000,0,0,0,0,293000,-293000,-293000
065406,緯穎富邦9C購02  ,0,0,0,0,0,0,0,0,0,-294000,0,0,0,6000,300000,-294000,-294000
065345,台光電統一01購04,0,0,0,0,0,0,0,0,0,-294000,0,0,0,0,294000,-294000,-294000
065152,燿華群益9C購02  ,0,0,0,0,0,0,0,0,0,-294000,0,0,0,4000,298000,-294000,-294000
061237,晶技元大9A購01  ,0,0,0,0,0,0,0,0,0,-294000,0,0,0,9000,303000,-294000,-294000
06242P,大立光元富9A售02,0,0,0,0,0,0,0,0,0,-294000,0,0,0,155000,449000,-294000,-294000
062844,T50反1國泰9C購01,0,0,0,0,0,0,0,0,0,-295000,0,0,0,20000,315000,-295000,-295000
064845,華通元富9C購02  ,0,0,0,0,0,0,0,0,0,-295000,0,0,0,3000,298000,-295000,-295000
08215P,旺宏群益9B售04  ,0,0,0,0,0,0,0,0,0,-296000,0,0,0,0,296000,-296000,-296000
064300,英業達兆豐9C購01,0,0,0,0,0,0,0,0,0,-296000,0,0,0,21000,317000,-296000,-296000
063373,晶技永豐9B購02  ,0,0,0,0,0,0,0,0,0,-296000,0,0,0,2000,298000,-296000,-296000
058587,台積電中信9C購03,0,0,0,0,0,0,0,0,0,-297000,0,0,0,0,297000,-297000,-297000
06762P,智邦元大98售11  ,0,0,0,0,0,0,0,0,0,-299000,0,0,0,0,299000,-299000,-299000
053294,聯發科中信9C購01,0,0,0,0,0,0,0,0,0,-299000,0,0,0,47000,346000,-299000,-299000
061597,南六永豐9A購04  ,0,0,0,0,0,0,0,0,0,-299000,0,0,0,104000,403000,-299000,-299000
058371,智原凱基9A購01  ,0,0,0,0,0,0,0,0,0,-299000,0,0,0,139000,438000,-299000,-299000
064218,南六凱基01購01  ,0,0,0,0,0,0,0,0,0,-299000,0,0,0,0,299000,-299000,-299000
07070P,晶相光元富99售01,0,0,0,0,0,0,0,0,0,-300000,0,0,0,0,300000,-300000,-300000
053117,大立光中信9A購02,0,0,0,0,0,0,0,0,0,-300000,0,0,0,0,300000,-300000,-300000
047564,滬深2X國票99購01,0,0,0,0,0,0,0,0,0,-300000,0,0,0,0,300000,-300000,-300000
060614,T50反1元大9A購06,0,0,0,0,0,0,0,0,0,-300000,0,0,0,0,300000,-300000,-300000
061370,晶技國泰9C購01  ,0,0,0,0,0,0,0,0,0,-300000,0,0,0,252000,552000,-300000,-300000
060944,國泰金國票9A購01,0,0,0,0,0,0,0,0,0,-300000,0,0,0,0,300000,-300000,-300000
058523,聯茂元大99購08  ,0,0,0,0,0,0,0,0,0,-300000,0,0,0,0,300000,-300000,-300000
060671,亞德客元大9A購03,0,0,0,0,0,0,0,0,0,-301000,0,0,0,22000,323000,-301000,-301000
064875,國巨兆豐01購01  ,0,0,0,0,0,0,0,0,0,-301000,0,0,0,14000,315000,-301000,-301000
07855P,旺宏凱基9A售09  ,0,0,0,0,0,0,0,0,0,-303000,0,0,0,0,303000,-303000,-303000
065534,台光電統一9C購02,0,0,0,0,0,0,0,0,0,-303000,0,0,0,50000,353000,-303000,-303000
063491,國巨富邦02購02  ,0,0,0,0,0,0,0,0,0,-303000,0,0,0,70000,373000,-303000,-303000
5203,訊連            ,63000,355000,-292000,0,0,0,0,0,0,-11000,0,10000,-10000,0,1000,-1000,-303000
065530,亞德客統一9C購02,0,0,0,0,0,0,0,0,0,-304000,0,0,0,33000,337000,-304000,-304000
08096P,大立光元富9B售04,0,0,0,0,0,0,0,0,0,-305000,0,0,0,449000,754000,-305000,-305000
063514,南電麥證9C購01  ,0,0,0,6000,314000,-308000,0,0,0,-305000,0,0,0,9000,314000,-305000,-305000
8429,金麗-KY         ,51000,356038,-305038,0,0,0,0,0,0,0,0,0,0,0,0,0,-305038
06689P,鴻海中信9C售02  ,0,0,0,0,0,0,0,0,0,-306000,0,0,0,100000,406000,-306000,-306000
064230,上銀統一01購04  ,0,0,0,0,0,0,0,0,0,-307000,0,0,0,0,307000,-307000,-307000
08605P,聯發科中信9C售06,0,0,0,0,0,0,0,0,0,-308000,0,0,0,0,308000,-308000,-308000
064947,台積電凱基01購08,0,0,0,0,0,0,0,0,0,-308000,0,0,0,0,308000,-308000,-308000
063197,遠東新統一9C購01,0,0,0,0,0,0,0,0,0,-308000,0,0,0,147000,455000,-308000,-308000
2204,中華            ,56000,288000,-232000,0,0,0,0,0,0,-77000,2000,79000,-77000,0,0,0,-309000
062028,晶技群益9B購01  ,0,0,0,0,0,0,0,0,0,-310000,0,0,0,88000,398000,-310000,-310000
063448,聯發科統一9C購11,0,0,0,0,0,0,0,0,0,-310000,0,0,0,692000,1002000,-310000,-310000
065695,友訊群益01購02  ,0,0,0,0,0,0,0,0,0,-311000,0,0,0,0,311000,-311000,-311000
9939,宏全            ,140000,210000,-70000,0,0,0,0,237000,-237000,-5000,8000,9000,-1000,6000,10000,-4000,-312000
1558,伸興            ,31000,344000,-313000,0,0,0,0,0,0,0,0,0,0,0,0,0,-313000
058677,矽格群益99購01  ,0,0,0,0,0,0,0,0,0,-313000,0,0,0,187000,500000,-313000,-313000
061610,力成統一9C購01  ,0,0,0,0,0,0,0,0,0,-313000,0,0,0,0,313000,-313000,-313000
065319,鴻海凱基9C購03  ,0,0,0,0,0,0,0,0,0,-314000,0,0,0,21000,335000,-314000,-314000
07577P,華新科元大9A售09,0,0,0,0,0,0,0,0,0,-314000,0,0,0,0,314000,-314000,-314000
07057P,大立光康和9B售02,0,0,0,0,0,0,0,0,0,-314000,0,0,0,113000,427000,-314000,-314000
063259,廣達富邦9C購01  ,0,0,0,0,0,0,0,0,0,-314000,0,0,0,38000,352000,-314000,-314000
062814,台光電兆豐9B購01,0,0,0,0,0,0,0,0,0,-316000,0,0,0,0,316000,-316000,-316000
065432,景碩凱基9C購03  ,0,0,0,0,0,0,0,0,0,-317000,0,0,0,156000,473000,-317000,-317000
2406,國碩            ,766000,1079000,-313000,0,0,0,0,0,0,-4000,0,4000,-4000,0,0,0,-317000
058483,道瓊指國票9A購01,0,0,0,0,0,0,0,0,0,-317000,0,0,0,0,317000,-317000,-317000
08462P,臻鼎國票9C售02  ,0,0,0,0,0,0,0,0,0,-318000,0,0,0,0,318000,-318000,-318000
064183,聯茂富邦01購01  ,0,0,0,0,0,0,0,0,0,-318000,0,0,0,33000,351000,-318000,-318000
07531P,大立光國泰9B售03,0,0,0,0,0,0,0,0,0,-319000,0,0,0,209000,528000,-319000,-319000
056351,鴻海元大98購06  ,0,0,0,0,0,0,0,0,0,-319000,0,0,0,47000,366000,-319000,-319000
065419,立積國票01購03  ,0,0,0,0,0,0,0,0,0,-320000,0,0,0,94000,414000,-320000,-320000
00730,富邦臺灣優質高息,6000,2000,4000,0,0,0,0,0,0,-325000,0,0,0,316000,641000,-325000,-321000
065235,旭富凱基02購01  ,0,0,0,0,0,0,0,0,0,-322000,0,0,0,10000,332000,-322000,-322000
061970,大立光統一9C購03,0,0,0,0,0,0,0,0,0,-322000,0,0,0,0,322000,-322000,-322000
064831,宏達電統一02購01,0,0,0,0,0,0,0,0,0,-322000,0,0,0,61000,383000,-322000,-322000
063446,台光電統一01購02,0,0,0,0,0,0,0,0,0,-322000,0,0,0,1000,323000,-322000,-322000
08550P,台灣50群益02售04,0,0,0,0,0,0,0,0,0,-324000,0,0,0,0,324000,-324000,-324000
2385,群光            ,1021584,2456374,-1434790,0,0,0,1265000,110000,1155000,-46000,5000,57000,-52000,12000,6000,6000,-325790
061511,緯穎富邦9B購02  ,0,0,0,0,0,0,0,0,0,-326000,0,0,0,89000,415000,-326000,-326000
065621,聯發科第一9C購01,0,0,0,0,0,0,0,0,0,-328000,0,0,0,0,328000,-328000,-328000
00634R,富邦上証反1     ,0,256000,-256000,0,0,0,0,0,0,-73000,0,0,0,309000,382000,-73000,-329000
061031,神隆永豐9A購02  ,0,0,0,0,0,0,0,0,0,-330000,0,0,0,105000,435000,-330000,-330000
064191,聯發科中信03購01,0,0,0,0,0,0,0,0,0,-330000,0,0,0,51000,381000,-330000,-330000
2520,冠德            ,315000,647000,-332000,0,0,0,0,0,0,1000,18000,50000,-32000,60000,27000,33000,-331000
08431P,景碩凱基9C售02  ,0,0,0,0,0,0,0,0,0,-332000,0,0,0,268000,600000,-332000,-332000
060705,台光電富邦9B購01,0,0,0,0,0,0,0,0,0,-332000,0,0,0,0,332000,-332000,-332000
061080,華邦電兆豐9B購01,0,0,0,0,0,0,0,0,0,-333000,0,0,0,18000,351000,-333000,-333000
6112,聚碩            ,47000,373000,-326000,0,0,0,0,0,0,-7000,0,7000,-7000,0,0,0,-333000
059024,大立光統一9B購04,0,0,0,0,0,0,0,0,0,-334000,0,0,0,0,334000,-334000,-334000
061218,臺股指元大9A購55,0,0,0,0,0,0,0,0,0,-334000,0,0,0,66000,400000,-334000,-334000
08464P,牧德永豐9C售02  ,0,0,0,0,0,0,0,0,0,-335000,0,0,0,83000,418000,-335000,-335000
064892,台達電群益9C購02,0,0,0,0,0,0,0,0,0,-335000,0,0,0,85000,420000,-335000,-335000
063885,南六元富9C購01  ,0,0,0,0,0,0,0,0,0,-339000,0,0,0,5000,344000,-339000,-339000
063388,台光電兆豐9C購01,0,0,0,0,0,0,0,0,0,-339000,0,0,0,1000,340000,-339000,-339000
057244,鈺齊凱基99購01  ,0,0,0,0,0,0,0,0,0,-341000,0,0,0,15000,356000,-341000,-341000
059295,大立光元富99購05,0,0,0,0,0,0,0,0,0,-341000,0,0,0,20000,361000,-341000,-341000
060259,潤泰全凱基9C購01,0,0,0,0,0,0,0,0,0,-342000,0,0,0,13000,355000,-342000,-342000
064052,創意統一01購02  ,0,0,0,0,0,0,0,0,0,-342000,0,0,0,427000,769000,-342000,-342000
065097,貿聯元大9C購04  ,0,0,0,0,0,0,0,0,0,-343000,0,0,0,34000,377000,-343000,-343000
056937,智原元富98購01  ,0,0,0,0,0,0,0,0,0,-343000,0,0,0,334000,677000,-343000,-343000
064040,鴻海統一9C購18  ,0,0,0,0,0,0,0,0,0,-343000,0,0,0,195000,538000,-343000,-343000
07655P,台灣50凱基01售09,0,0,0,0,0,0,0,0,0,-345000,0,0,0,11000,356000,-345000,-345000
061423,廣達元大9A購01  ,0,0,0,0,0,0,0,0,0,-345000,0,0,0,191000,536000,-345000,-345000
059480,美律群益9A購01  ,0,0,0,0,0,0,0,0,0,-345000,0,0,0,14000,359000,-345000,-345000
057451,大立光元富9B購01,0,0,0,0,0,0,0,0,0,-346000,0,0,0,0,346000,-346000,-346000
06626P,大立光統一9A售01,0,0,0,0,0,0,0,0,0,-348000,0,0,0,0,348000,-348000,-348000
063431,神隆元富9B購01  ,0,0,0,0,0,0,0,0,0,-348000,0,0,0,812000,1160000,-348000,-348000
2501,國建            ,66000,395000,-329000,0,0,0,0,0,0,-20000,0,20000,-20000,0,0,0,-349000
1513,中興電          ,46000,392000,-346000,0,0,0,0,0,0,-3000,18000,21000,-3000,0,0,0,-349000
058338,康友元富99購01  ,0,0,0,0,0,0,0,0,0,-350000,0,0,0,0,350000,-350000,-350000
058878,旭富國泰9B購01  ,0,0,0,0,0,0,0,0,0,-350000,0,0,0,8000,358000,-350000,-350000
062829,泰碩群益9B購01  ,0,0,0,0,0,0,0,0,0,-350000,0,0,0,0,350000,-350000,-350000
062549,中租永豐9B購01  ,0,0,0,0,0,0,0,0,0,-353000,0,0,0,116000,469000,-353000,-353000
063761,嘉澤統一02購01  ,0,0,0,0,0,0,0,0,0,-353000,0,0,0,3000,356000,-353000,-353000
2515,中工            ,158000,479000,-321000,0,0,0,0,0,0,-33000,0,6000,-6000,0,27000,-27000,-354000
057894,華通元富02購02  ,0,0,0,0,0,0,0,0,0,-355000,0,0,0,0,355000,-355000,-355000
061144,玉晶光中信9B購02,0,0,0,0,0,0,0,0,0,-355000,0,0,0,66000,421000,-355000,-355000
059975,元金2X元大99購02,0,0,0,0,0,0,0,0,0,-355000,0,0,0,100000,455000,-355000,-355000
064925,和碩統一02購01  ,0,0,0,0,0,0,0,0,0,-355000,0,0,0,199000,554000,-355000,-355000
058771,神達兆豐99購01  ,0,0,0,0,0,0,0,0,0,-356000,0,0,0,58000,414000,-356000,-356000
061663,南六永豐9A購05  ,0,0,0,0,0,0,0,0,0,-357000,0,0,0,7000,364000,-357000,-357000
4943,康控-KY         ,94000,370000,-276000,0,0,0,0,0,0,-81000,0,1000,-1000,3000,83000,-80000,-357000
056355,台積電元大98購08,0,0,0,0,0,0,0,0,0,-358000,0,0,0,52000,410000,-358000,-358000
03875P,滬深2X國票05售01,0,0,0,0,0,0,0,0,0,-359000,0,0,0,0,359000,-359000,-359000
4961,天鈺            ,193000,552000,-359000,0,0,0,0,0,0,0,6000,6000,0,0,0,0,-359000
2401,凌陽            ,924000,1250000,-326000,0,0,0,0,0,0,-35000,17000,52000,-35000,0,0,0,-361000
052917,大立光富邦99購02,0,0,0,0,0,0,0,0,0,-362000,0,0,0,0,362000,-362000,-362000
063148,建準元富9B購01  ,0,0,0,0,0,0,0,0,0,-362000,0,0,0,179000,541000,-362000,-362000
065042,國產凱基02購01  ,0,0,0,0,0,0,0,0,0,-363000,0,0,0,0,363000,-363000,-363000
9907,統一實          ,210000,510000,-300000,0,0,0,0,0,0,-63000,0,63000,-63000,0,0,0,-363000
2511,太子            ,255000,603000,-348000,0,0,0,0,0,0,-16000,0,16000,-16000,0,0,0,-364000
08248P,旺宏群益9C售02  ,0,0,0,0,0,0,0,0,0,-364000,0,0,0,0,364000,-364000,-364000
057207,立積元富98購02  ,0,0,0,0,0,0,0,0,0,-364000,0,0,0,1118000,1482000,-364000,-364000
064858,鴻海富邦01購01  ,0,0,0,0,0,0,0,0,0,-364000,0,0,0,438000,802000,-364000,-364000
07858P,旺宏永豐9A售03  ,0,0,0,0,0,0,0,0,0,-365000,0,0,0,0,365000,-365000,-365000
058445,旺宏富邦9C購01  ,0,0,0,0,0,0,0,0,0,-365000,0,0,0,35000,400000,-365000,-365000
063154,南六元富9B購02  ,0,0,0,0,0,0,0,0,0,-366000,0,0,0,0,366000,-366000,-366000
052152,創意富邦98購01  ,0,0,0,0,0,0,0,0,0,-368000,0,0,0,0,368000,-368000,-368000
1519,華城            ,55000,426000,-371000,0,0,0,0,0,0,2000,2000,0,2000,0,0,0,-369000
052328,台表科中信99購01,0,0,0,0,0,0,0,0,0,-369000,0,0,0,111000,480000,-369000,-369000
064881,聯茂兆豐01購02  ,0,0,0,0,0,0,0,0,0,-369000,0,0,0,0,369000,-369000,-369000
064531,旭富兆豐9C購01  ,0,0,0,0,0,0,0,0,0,-369000,0,0,0,30000,399000,-369000,-369000
064931,南六統一9C購05  ,0,0,0,0,0,0,0,0,0,-370000,0,0,0,31000,401000,-370000,-370000
060031,旭富永豐99購02  ,0,0,0,0,0,0,0,0,0,-371000,0,0,0,0,371000,-371000,-371000
060506,京元電元大9A購02,0,0,0,0,0,0,0,0,0,-371000,0,0,0,174000,545000,-371000,-371000
3450,聯鈞            ,506100,1097000,-590900,0,0,0,35000,0,35000,183000,57000,10000,47000,205000,69000,136000,-372900
056353,鴻海元大99購02  ,0,0,0,0,0,0,0,0,0,-373000,0,0,0,23000,396000,-373000,-373000
5534,長虹            ,80000,458000,-378000,0,0,0,0,0,0,5000,5000,0,5000,0,0,0,-373000
06813P,友訊元富98售03  ,0,0,0,0,0,0,0,0,0,-375000,0,0,0,104000,479000,-375000,-375000
058522,聯茂元大99購07  ,0,0,0,0,0,0,0,0,0,-376000,0,0,0,71000,447000,-376000,-376000
08214P,南六統一9B售03  ,0,0,0,0,0,0,0,0,0,-377000,0,0,0,430000,807000,-377000,-377000
064235,美律統一9C購02  ,0,0,0,0,0,0,0,0,0,-377000,0,0,0,4000,381000,-377000,-377000
062292,旭富永豐9B購01  ,0,0,0,0,0,0,0,0,0,-380000,0,0,0,0,380000,-380000,-380000
2441,超豐            ,87000,419000,-332000,0,0,0,0,7000,-7000,-42000,0,42000,-42000,0,0,0,-381000
062660,神隆群益9B購02  ,0,0,0,0,0,0,0,0,0,-381000,0,0,0,86000,467000,-381000,-381000
065197,景碩元富06購01  ,30000,0,30000,0,0,0,0,0,0,-412000,0,0,0,36000,448000,-412000,-382000
063153,南六元富9B購01  ,0,0,0,0,0,0,0,0,0,-382000,0,0,0,27000,409000,-382000,-382000
06392P,T50反1元大9A售01,0,0,0,0,0,0,0,0,0,-382000,0,0,0,0,382000,-382000,-382000
064557,鴻海群益9C購04  ,0,0,0,0,0,0,0,0,0,-382000,0,0,0,311000,693000,-382000,-382000
07676P,華新科永豐9A售02,0,0,0,0,0,0,0,0,0,-384000,0,0,0,0,384000,-384000,-384000
061969,大立光統一01購02,0,0,0,0,0,0,0,0,0,-385000,0,0,0,0,385000,-385000,-385000
063453,創意統一9C購01  ,0,0,0,0,0,0,0,0,0,-385000,0,0,0,34000,419000,-385000,-385000
056676,國產元富98購01  ,0,0,0,0,0,0,0,0,0,-386000,0,0,0,177000,563000,-386000,-386000
059618,台積電日盛99購01,0,0,0,0,0,0,0,0,0,-386000,0,0,0,25000,411000,-386000,-386000
2104,國際中橡        ,206000,589000,-383000,0,0,0,14000,0,14000,-18000,0,28000,-28000,10000,0,10000,-387000
057203,麗豐元富98購02  ,0,0,0,0,0,0,0,0,0,-387000,0,0,0,32000,419000,-387000,-387000
061612,南六統一9A購01  ,0,0,0,0,0,0,0,0,0,-387000,0,0,0,340000,727000,-387000,-387000
08493P,嘉澤元大9C售01  ,0,0,0,0,0,0,0,0,0,-389000,0,0,0,102000,491000,-389000,-389000
1313,聯成            ,97000,481000,-384000,0,0,0,0,0,0,-5000,0,5000,-5000,0,0,0,-389000
063677,台光電國泰9C購02,0,0,0,0,0,0,0,0,0,-391000,0,0,0,120000,511000,-391000,-391000
064603,和碩元富9C購01  ,0,0,0,0,0,0,0,0,0,-391000,0,0,0,103000,494000,-391000,-391000
08086P,燿華凱基9B售03  ,0,0,0,0,0,0,0,0,0,-392000,0,0,0,0,392000,-392000,-392000
064725,緯創統一02購01  ,0,0,0,0,0,0,0,0,0,-393000,0,0,0,55000,448000,-393000,-393000
07879P,瑞昱群益9C售01  ,0,0,0,0,0,0,0,0,0,-395000,0,0,0,0,395000,-395000,-395000
061479,泰碩元大9A購02  ,0,0,0,0,0,0,0,0,0,-395000,0,0,0,2000,397000,-395000,-395000
050283,T50反1凱基9A購01,0,0,0,0,0,0,0,0,0,-396000,0,0,0,0,396000,-396000,-396000
061613,南六統一9C購01  ,0,0,0,0,0,0,0,0,0,-397000,0,0,0,44000,441000,-397000,-397000
064759,景碩凱基9C購01  ,0,0,0,0,0,0,0,0,0,-397000,0,0,0,172000,569000,-397000,-397000
063220,建準群益9B購01  ,0,0,0,0,0,0,0,0,0,-397000,0,0,0,0,397000,-397000,-397000
063057,祥碩統一03購01  ,0,0,0,0,0,0,0,0,0,-397000,0,0,0,757000,1154000,-397000,-397000
1444,力麗            ,65000,429000,-364000,0,0,0,0,0,0,-34000,12000,46000,-34000,0,0,0,-398000
1795,美時            ,417000,672000,-255000,0,0,0,0,144000,-144000,0,0,0,0,0,0,0,-399000
08157P,大立光元富9B售06,0,0,0,0,0,0,0,0,0,-399000,0,0,0,449000,848000,-399000,-399000
053797,台積電中信98購01,0,0,0,0,0,0,0,0,0,-399000,0,0,0,0,399000,-399000,-399000
063873,南六永豐9C購01  ,0,0,0,0,0,0,0,0,0,-399000,0,0,0,0,399000,-399000,-399000
07887P,台積電國票9C售03,0,0,0,0,0,0,0,0,0,-400000,0,0,0,0,400000,-400000,-400000
07744P,奇力新凱基9A售05,0,0,0,0,0,0,0,0,0,-400000,0,0,0,2000,402000,-400000,-400000
064363,聯發科統一9C購14,0,0,0,0,0,0,0,0,0,-401000,0,0,0,48000,449000,-401000,-401000
056413,上証反中信9A購01,0,0,0,0,0,0,0,0,0,-402000,0,0,0,0,402000,-402000,-402000
2201,裕隆            ,2071000,1804000,267000,0,0,0,0,650000,-650000,-21000,100000,117000,-17000,125000,129000,-4000,-404000
064891,台達電群益9C購01,0,0,0,0,0,0,0,0,0,-404000,0,0,0,43000,447000,-404000,-404000
1718,中纖            ,332000,705000,-373000,0,0,0,0,0,0,-32000,0,32000,-32000,0,0,0,-405000
07882P,台灣50凱基01售12,0,0,0,0,0,0,0,0,0,-405000,0,0,0,0,405000,-405000,-405000
058385,創意中信99購01  ,0,0,0,0,0,0,0,0,0,-405000,0,0,0,62000,467000,-405000,-405000
060890,大立光統一01購01,0,0,0,0,0,0,0,0,0,-407000,0,0,0,35000,442000,-407000,-407000
062476,神隆國票9B購01  ,0,0,0,0,0,0,0,0,0,-407000,0,0,0,15000,422000,-407000,-407000
065434,台勝科凱基01購01,0,0,0,0,0,0,0,0,0,-410000,0,0,0,13000,423000,-410000,-410000
057568,友訊永豐99購01  ,0,0,0,0,0,0,0,0,0,-412000,0,0,0,92000,504000,-412000,-412000
064165,同欣電統一01購01,0,0,0,0,0,0,0,0,0,-412000,0,0,0,28000,440000,-412000,-412000
6191,精成科          ,108000,503000,-395000,0,0,0,0,0,0,-17000,0,17000,-17000,0,0,0,-412000
00674R,元大S&P黃金反1  ,0,0,0,0,0,0,0,0,0,-414000,0,0,0,37000,451000,-414000,-414000
061550,聯鈞群益9A購03  ,0,0,0,0,0,0,0,0,0,-414000,0,0,0,455000,869000,-414000,-414000
061614,亞德客群益9A購01,0,0,0,0,0,0,0,0,0,-414000,0,0,0,0,414000,-414000,-414000
00693U,街口S&P黃豆     ,180000,33000,147000,0,0,0,0,0,0,-565000,0,0,0,104000,669000,-565000,-418000
6176,瑞儀            ,634000,1419000,-785000,0,0,0,351000,13000,338000,29000,45000,18000,27000,13000,11000,2000,-418000
061677,泰碩元大9A購05  ,0,0,0,0,0,0,0,0,0,-419000,0,0,0,0,419000,-419000,-419000
2637,慧洋-KY         ,100000,503000,-403000,0,0,0,0,0,0,-17000,0,17000,-17000,0,0,0,-420000
08156P,大立光元富9B售05,0,0,0,0,0,0,0,0,0,-421000,0,0,0,226000,647000,-421000,-421000
064227,和碩國票01購01  ,0,0,0,0,0,0,0,0,0,-422000,0,0,0,64000,486000,-422000,-422000
3008,大立光          ,423037,838993,-415956,0,0,0,0,7000,-7000,0,20000,22000,-2000,7000,5000,2000,-422956
064081,國產中信06購01  ,0,0,0,0,0,0,0,0,0,-424000,0,0,0,0,424000,-424000,-424000
3533,嘉澤            ,167000,325178,-158178,0,0,0,0,186000,-186000,-80000,10000,81000,-71000,9000,18000,-9000,-424178
064869,景碩永豐9C購01  ,0,0,0,0,0,0,0,0,0,-426000,0,0,0,66000,492000,-426000,-426000
063777,儒鴻永豐9B購02  ,0,0,0,0,0,0,0,0,0,-426000,0,0,0,20000,446000,-426000,-426000
064920,景碩統一01購02  ,0,0,0,0,0,0,0,0,0,-427000,0,0,0,103000,530000,-427000,-427000
08393P,鴻海群益9C售05  ,0,0,0,0,0,0,0,0,0,-428000,0,0,0,1374000,1802000,-428000,-428000
065059,神隆群益9C購01  ,0,0,0,0,0,0,0,0,0,-428000,0,0,0,139000,567000,-428000,-428000
064463,聯茂統一01購02  ,0,0,0,0,0,0,0,0,0,-429000,0,0,0,0,429000,-429000,-429000
3673,TPK-KY          ,254000,599000,-345000,0,0,0,0,0,0,-84000,22000,25000,-3000,5000,86000,-81000,-429000
059671,滬深2X元富99購05,0,0,0,0,0,0,0,0,0,-430000,0,0,0,25000,455000,-430000,-430000
8150,南茂            ,956000,1437000,-481000,0,0,0,0,0,0,51000,0,6000,-6000,68000,11000,57000,-430000
2838,聯邦銀          ,246000,576290,-330290,0,0,0,0,0,0,-100000,0,100000,-100000,0,0,0,-430290
6196,帆宣            ,94000,428000,-334000,0,0,0,0,0,0,-97000,4000,10000,-6000,2000,93000,-91000,-431000
065585,聯發科富邦03購02,0,0,0,0,0,0,0,0,0,-432000,0,0,0,0,432000,-432000,-432000
064703,T50反1國泰01購01,0,0,0,0,0,0,0,0,0,-432000,0,0,0,0,432000,-432000,-432000
2456,奇力新          ,255000,678000,-423000,0,0,0,0,0,0,-10000,20000,4000,16000,15000,41000,-26000,-433000
08227P,T50反1元大9B售09,0,0,0,0,0,0,0,0,0,-434000,0,0,0,0,434000,-434000,-434000
062491,矽創永豐9B購01  ,0,0,0,0,0,0,0,0,0,-437000,0,0,0,0,437000,-437000,-437000
061908,台積電中信05購01,0,0,0,0,0,0,0,0,0,-438000,0,0,0,5000,443000,-438000,-438000
062485,華通國泰01購01  ,0,0,0,0,0,0,0,0,0,-439000,0,0,0,106000,545000,-439000,-439000
2436,偉詮電          ,479000,913000,-434000,0,0,0,0,0,0,-6000,7000,13000,-6000,0,0,0,-440000
00762,元大全球AI      ,1000,1000,0,0,0,0,0,0,0,-440000,0,0,0,0,440000,-440000,-440000
065078,台積電元大02購01,0,0,0,0,0,0,0,0,0,-441000,0,0,0,103000,544000,-441000,-441000
00861,元大全球未來通訊,1859000,0,1859000,0,0,0,0,0,0,-2300000,0,0,0,665000,2965000,-2300000,-441000
061681,南電元大9A購08  ,0,0,0,0,0,0,0,0,0,-441000,0,0,0,22000,463000,-441000,-441000
062819,奇鋐兆豐9B購01  ,0,0,0,0,0,0,0,0,0,-441000,0,0,0,146000,587000,-441000,-441000
00701,國泰股利精選30  ,3000,11000,-8000,0,0,0,0,0,0,-434000,0,0,0,121000,555000,-434000,-442000
08300P,世芯國票01售01  ,0,0,0,0,0,0,0,0,0,-443000,0,0,0,359000,802000,-443000,-443000
9921,巨大            ,881254,1257326,-376072,0,0,0,47000,0,47000,-114000,26000,116000,-90000,0,24000,-24000,-443072
2451,創見            ,1202000,544810,657190,0,0,0,1000,1103000,-1102000,-1000,0,10000,-10000,9000,0,9000,-445810
065387,台光電兆豐9C購02,0,0,0,0,0,0,0,0,0,-446000,0,0,0,33000,479000,-446000,-446000
056219,T50反1日盛02購01,0,0,0,0,0,0,0,0,0,-447000,0,0,0,0,447000,-447000,-447000
064128,國產元大9C購01  ,0,0,0,0,0,0,0,0,0,-447000,0,0,0,1000,448000,-447000,-447000
062455,鴻海群益9C購01  ,0,0,0,0,0,0,0,0,0,-448000,0,0,0,306000,754000,-448000,-448000
060865,創意永豐9A購01  ,0,0,0,0,0,0,0,0,0,-449000,0,0,0,128000,577000,-449000,-449000
08375P,聯電元富9C售02  ,0,0,0,0,0,0,0,0,0,-450000,0,0,0,11000,461000,-450000,-450000
1722,台肥            ,261000,800000,-539000,0,0,0,0,0,0,88000,4000,13000,-9000,100000,3000,97000,-451000
064997,T50反1國票01購04,0,0,0,0,0,0,0,0,0,-452000,0,0,0,0,452000,-452000,-452000
064880,神達兆豐9C購01  ,0,0,0,0,0,0,0,0,0,-453000,0,0,0,250000,703000,-453000,-453000
2727,王品            ,63000,517000,-454000,0,0,0,0,0,0,0,0,0,0,0,0,0,-454000
2636,台驊投控        ,169000,621000,-452000,0,0,0,0,0,0,-2000,0,2000,-2000,0,0,0,-454000
057298,旭富永豐98購01  ,0,0,0,0,0,0,0,0,0,-455000,0,0,0,10000,465000,-455000,-455000
057992,大立光日盛98購01,0,0,0,0,0,0,0,0,0,-456000,0,0,0,30000,486000,-456000,-456000
056724,臻鼎中信9A購01  ,0,0,0,0,0,0,0,0,0,-457000,0,0,0,250000,707000,-457000,-457000
08036P,嘉澤群益9B售03  ,0,0,0,0,0,0,0,0,0,-458000,0,0,0,228000,686000,-458000,-458000
054704,玉晶光第一97購01,0,599000,-599000,0,0,0,0,0,0,141000,0,0,0,603000,462000,141000,-458000
063399,智原群益9B購01  ,0,0,0,0,0,0,0,0,0,-458000,0,0,0,407000,865000,-458000,-458000
2915,潤泰全          ,755000,596000,159000,0,0,0,17000,630000,-613000,-5000,0,8000,-8000,14000,11000,3000,-459000
1474,弘裕            ,5000,463000,-458000,0,0,0,0,0,0,-2000,0,2000,-2000,0,0,0,-460000
06682P,玉晶光元大99售08,0,0,0,0,0,0,0,0,0,-460000,0,0,0,110000,570000,-460000,-460000
058124,玉晶光國票9A購01,0,0,0,0,0,0,0,0,0,-460000,0,0,0,4000,464000,-460000,-460000
062388,旭富國泰01購01  ,0,0,0,0,0,0,0,0,0,-460000,0,0,0,6000,466000,-460000,-460000
058379,臺股指凱基99購14,0,0,0,0,0,0,0,0,0,-460000,0,0,0,35000,495000,-460000,-460000
058250,台虹元大99購01  ,0,0,0,0,0,0,0,0,0,-463000,0,0,0,0,463000,-463000,-463000
061283,智邦統一9A購01  ,0,0,0,0,0,0,0,0,0,-463000,0,0,0,438000,901000,-463000,-463000
057878,台郡元大99購04  ,0,0,0,0,0,0,0,0,0,-465000,0,0,0,0,465000,-465000,-465000
059008,鈺齊元大99購03  ,0,0,0,0,0,0,0,0,0,-467000,0,0,0,99000,566000,-467000,-467000
2020,美亞            ,17000,490000,-473000,0,0,0,0,0,0,5000,6000,1000,5000,0,0,0,-468000
07989P,玉晶光凱基9B售07,0,0,0,0,0,0,0,0,0,-470000,0,0,0,0,470000,-470000,-470000
061593,智原永豐9A購01  ,0,40000,-40000,0,0,0,0,0,0,-430000,0,0,0,73000,503000,-430000,-470000
064808,國產元大9C購02  ,0,0,0,0,0,0,0,0,0,-472000,0,0,0,0,472000,-472000,-472000
060194,旭富元富9A購01  ,0,0,0,0,0,0,0,0,0,-473000,0,0,0,0,473000,-473000,-473000
062698,台積電元大01購01,0,0,0,0,0,0,0,0,0,-474000,0,0,0,94000,568000,-474000,-474000
07630P,臺股指凱基9A售11,0,0,0,0,0,0,0,0,0,-475000,0,0,0,10000,485000,-475000,-475000
064729,聯茂統一02購02  ,0,0,0,0,0,0,0,0,0,-478000,0,0,0,17000,495000,-478000,-478000
065267,聯鈞元大9C購02  ,0,0,0,0,0,0,0,0,0,-479000,0,0,0,110000,589000,-479000,-479000
061640,智原元大9A購01  ,0,0,0,0,0,0,0,0,0,-479000,0,0,0,393000,872000,-479000,-479000
062296,南六永豐9B購02  ,0,0,0,0,0,0,0,0,0,-480000,0,0,0,39000,519000,-480000,-480000
059560,T50反1凱基99購08,0,0,0,0,0,0,0,0,0,-482000,0,0,0,0,482000,-482000,-482000
6205,詮欣            ,79000,562000,-483000,0,0,0,0,0,0,-1000,0,1000,-1000,0,0,0,-484000
064745,聯鈞國票01購01  ,0,0,0,0,0,0,0,0,0,-485000,0,0,0,119000,604000,-485000,-485000
061244,和碩兆豐9A購01  ,0,0,0,0,0,0,0,0,0,-487000,0,0,0,14000,501000,-487000,-487000
062172,南六永豐9B購01  ,0,0,0,0,0,0,0,0,0,-487000,0,0,0,22000,509000,-487000,-487000
1227,佳格            ,347938,817949,-470011,0,0,0,0,12000,-12000,-6000,1000,7000,-6000,0,0,0,-488011
08276P,可成元富9C售02  ,0,0,0,0,0,0,0,0,0,-489000,0,0,0,725000,1214000,-489000,-489000
3019,亞光            ,295000,764914,-469914,0,0,0,0,0,0,-20000,11000,12000,-1000,1000,20000,-19000,-489914
08543P,世芯國票01售02  ,0,10000,-10000,0,0,0,0,0,0,-480000,0,0,0,263000,743000,-480000,-490000
2031,新光鋼          ,24000,513000,-489000,0,0,0,0,0,0,-4000,12000,16000,-4000,0,0,0,-493000
049591,開發金元大98購01,0,0,0,0,0,0,0,0,0,-495000,0,0,0,4000,499000,-495000,-495000
2855,統一證          ,129000,571000,-442000,0,0,0,0,54000,-54000,0,0,0,0,0,0,0,-496000
07964P,大立光統一9B售12,0,0,0,0,0,0,0,0,0,-499000,0,0,0,0,499000,-499000,-499000
07468P,聯電元大9A售02  ,0,0,0,0,0,0,0,0,0,-499000,0,0,0,0,499000,-499000,-499000
07788P,華新科群益9A售08,0,0,0,0,0,0,0,0,0,-499000,0,0,0,0,499000,-499000,-499000
062120,國巨台新9B購01  ,0,0,0,0,0,0,0,0,0,-499000,0,0,0,1000,500000,-499000,-499000
062493,元金反中信9B購01,0,0,0,0,0,0,0,0,0,-499000,0,0,0,0,499000,-499000,-499000
08078P,聯發科國票9B售04,0,0,0,0,0,0,0,0,0,-500000,0,0,0,0,500000,-500000,-500000
060469,台勝科元大9A購02,0,0,0,0,0,0,0,0,0,-500000,0,0,0,20000,520000,-500000,-500000
064267,南六永豐9C購03  ,0,0,0,0,0,0,0,0,0,-501000,0,0,0,0,501000,-501000,-501000
00717,富邦美國特別股  ,0,0,0,0,0,0,0,0,0,-504000,0,0,0,627000,1131000,-504000,-504000
2812,台中銀          ,733000,1237624,-504624,0,0,0,0,0,0,0,0,0,0,0,0,0,-504624
07714P,世紀鋼元大9A售03,0,0,0,0,0,0,0,0,0,-505000,0,0,0,0,505000,-505000,-505000
053095,台光電統一98購01,0,0,0,0,0,0,0,0,0,-505000,0,0,0,91000,596000,-505000,-505000
08381P,台灣50群益9C售06,0,0,0,0,0,0,0,0,0,-507000,0,0,0,35000,542000,-507000,-507000
1305,華夏            ,69000,548000,-479000,0,0,0,0,0,0,-29000,3000,32000,-29000,0,0,0,-508000
1604,聲寶            ,255000,691000,-436000,0,0,0,0,0,0,-72000,0,72000,-72000,0,0,0,-508000
057199,台達電元富02購01,0,0,0,0,0,0,0,0,0,-508000,0,0,0,0,508000,-508000,-508000
2633,台灣高鐵        ,1181866,1566000,-384134,0,0,0,22000,0,22000,-146000,4000,17000,-13000,27000,160000,-133000,-508134
1319,東陽            ,161000,660000,-499000,0,0,0,1000,0,1000,-11000,1000,12000,-11000,0,0,0,-509000
08510P,大立光富邦03售04,0,0,0,0,0,0,0,0,0,-509000,0,0,0,0,509000,-509000,-509000
059396,T50反1元富99購04,0,0,0,0,0,0,0,0,0,-513000,0,0,0,186000,699000,-513000,-513000
07844P,可成國票9A售01  ,0,0,0,0,0,0,0,0,0,-514000,0,0,0,191000,705000,-514000,-514000
065034,玉晶光統一01購11,0,0,0,0,0,0,0,0,0,-514000,0,0,0,440000,954000,-514000,-514000
061679,健策元大9B購04  ,0,0,0,0,0,0,0,0,0,-517000,0,0,0,9000,526000,-517000,-517000
065565,神隆群益01購01  ,0,0,0,0,0,0,0,0,0,-518000,0,0,0,70000,588000,-518000,-518000
065582,景碩國泰01購01  ,0,0,0,0,0,0,0,0,0,-521000,0,0,0,33000,554000,-521000,-521000
061657,智原國票9A購01  ,0,0,0,0,0,0,0,0,0,-521000,0,0,0,48000,569000,-521000,-521000
064431,台積電凱基01購05,0,0,0,0,0,0,0,0,0,-521000,0,0,0,0,521000,-521000,-521000
07917P,可成永豐9B售01  ,0,0,0,0,0,0,0,0,0,-522000,0,0,0,0,522000,-522000,-522000
064726,創意統一01購03  ,0,0,0,0,0,0,0,0,0,-522000,0,0,0,224000,746000,-522000,-522000
08299P,玉晶光國票02售01,0,0,0,0,0,0,0,0,0,-524000,0,0,0,6000,530000,-524000,-524000
064249,聯發科元富06購01,0,0,0,0,0,0,0,0,0,-524000,0,0,0,14000,538000,-524000,-524000
039212,台達電台新9A購01,0,0,0,0,0,0,0,0,0,-527000,0,0,0,5000,532000,-527000,-527000
00738U,元大道瓊白銀    ,5000,50000,-45000,0,0,0,0,0,0,-483000,0,0,0,378000,861000,-483000,-528000
061427,旭富元大9A購02  ,0,0,0,0,0,0,0,0,0,-532000,0,0,0,97000,629000,-532000,-532000
061273,臺股指凱基9A購23,0,0,0,0,0,0,0,0,0,-534000,0,0,0,0,534000,-534000,-534000
064370,聯茂統一02購01  ,0,0,0,0,0,0,0,0,0,-537000,0,0,0,0,537000,-537000,-537000
062285,台勝科群益9B購01,0,0,0,0,0,0,0,0,0,-539000,0,0,0,16000,555000,-539000,-539000
059093,旭富元大99購01  ,0,0,0,0,0,0,0,0,0,-540000,0,0,0,93000,633000,-540000,-540000
064246,南六統一9C購02  ,0,0,0,0,0,0,0,0,0,-540000,0,0,0,0,540000,-540000,-540000
08338P,台灣50凱基9C售11,0,0,0,0,0,0,0,0,0,-542000,0,0,0,100000,642000,-542000,-542000
065119,大立光富邦03購03,0,0,0,0,0,0,0,0,0,-542000,0,0,0,100000,642000,-542000,-542000
1734,杏輝            ,995000,1538000,-543000,0,0,0,0,0,0,-1000,0,1000,-1000,0,0,0,-544000
063332,矽格國票9B購01  ,0,0,0,0,0,0,0,0,0,-546000,0,0,0,62000,608000,-546000,-546000
00640L,富邦日本正2     ,0,0,0,0,0,0,0,0,0,-548000,0,0,0,524000,1072000,-548000,-548000
057085,立積統一9B購02  ,0,0,0,0,0,0,0,0,0,-552000,0,0,0,1445000,1997000,-552000,-552000
064850,智原元富9C購01  ,0,0,0,0,0,0,0,0,0,-552000,0,0,0,631000,1183000,-552000,-552000
07635P,世芯永豐9A售05  ,0,0,0,0,0,0,0,0,0,-553000,0,0,0,0,553000,-553000,-553000
063660,儒鴻統一9C購01  ,0,0,0,0,0,0,0,0,0,-557000,0,0,0,155000,712000,-557000,-557000
00655L,國泰中國A50正2  ,184000,6000,178000,0,0,0,0,0,0,-736000,0,0,0,1129000,1865000,-736000,-558000
06851P,鈺齊元大98售01  ,0,0,0,0,0,0,0,0,0,-560000,0,0,0,142000,702000,-560000,-560000
065454,神隆元富9C購01  ,0,0,0,0,0,0,0,0,0,-561000,0,0,0,0,561000,-561000,-561000
4968,立積            ,1691000,2636000,-945000,0,0,0,167000,0,167000,213000,188000,34000,154000,307000,248000,59000,-565000
061795,智邦永豐9B購01  ,0,0,0,0,0,0,0,0,0,-569000,0,0,0,0,569000,-569000,-569000
07774P,台灣50群益9A售16,0,0,0,0,0,0,0,0,0,-572000,0,0,0,38000,610000,-572000,-572000
00757,統一FANG+       ,0,0,0,0,0,0,0,0,0,-574000,0,0,0,242000,816000,-574000,-574000
8163,達方            ,73000,630000,-557000,0,0,0,0,0,0,-19000,0,19000,-19000,0,0,0,-576000
08470P,世芯凱基9C售02  ,0,0,0,0,0,0,0,0,0,-577000,0,0,0,280000,857000,-577000,-577000
3023,信邦            ,277000,819614,-542614,0,0,0,0,16000,-16000,-20000,0,2000,-2000,0,18000,-18000,-578614
1210,大成            ,180000,849000,-669000,0,0,0,0,0,0,88000,100000,12000,88000,0,0,0,-581000
4904,遠傳            ,1559346,2117436,-558090,0,0,0,15000,0,15000,-39000,0,37000,-37000,0,2000,-2000,-582090
056481,創意元大98購01  ,0,0,0,0,0,0,0,0,0,-585000,0,0,0,137000,722000,-585000,-585000
07694P,超眾元大9A售05  ,0,0,0,0,0,0,0,0,0,-596000,0,0,0,0,596000,-596000,-596000
2897,王道銀行        ,54000,652000,-598000,0,0,0,0,0,0,0,0,0,0,0,0,0,-598000
3661,世芯-KY         ,4909845,4352820,557025,0,0,0,2000,937000,-935000,-221000,29000,236000,-207000,35000,49000,-14000,-598975
07972P,大立光統一9C售05,0,0,0,0,0,0,0,0,0,-599000,0,0,0,0,599000,-599000,-599000
056487,康友元大98購01  ,0,0,0,0,0,0,0,0,0,-600000,0,0,0,0,600000,-600000,-600000
061219,臺股指元大9A購56,0,0,0,0,0,0,0,0,0,-600000,0,0,0,0,600000,-600000,-600000
8261,富鼎            ,24000,627000,-603000,0,0,0,0,0,0,1000,3000,2000,1000,0,0,0,-602000
061480,泰碩元大9B購01  ,0,0,0,0,0,0,0,0,0,-603000,0,0,0,0,603000,-603000,-603000
043442,大立光台新01購01,0,0,0,0,0,0,0,0,0,-604000,0,0,0,4000,608000,-604000,-604000
058145,聯茂元大99購03  ,0,0,0,0,0,0,0,0,0,-606000,0,0,0,0,606000,-606000,-606000
064459,創意統一02購01  ,0,0,0,0,0,0,0,0,0,-606000,0,0,0,58000,664000,-606000,-606000
054272,華通中信98購01  ,0,0,0,0,0,0,0,0,0,-607000,0,0,0,0,607000,-607000,-607000
08454P,台灣50凱基9C售12,0,0,0,0,0,0,0,0,0,-611000,0,0,0,28000,639000,-611000,-611000
058732,矽格永豐99購01  ,0,0,0,0,0,0,0,0,0,-612000,0,0,0,99000,711000,-612000,-612000
00753L,中信中國50正2   ,279000,743000,-464000,0,0,0,0,0,0,-151000,0,0,0,1040000,1191000,-151000,-615000
061025,創意富邦9B購01  ,0,0,0,0,0,0,0,0,0,-617000,0,0,0,165000,782000,-617000,-617000
064606,南電元富9C購03  ,0,0,0,0,0,0,0,0,0,-617000,0,0,0,83000,700000,-617000,-617000
07841P,臻鼎元大9A售04  ,0,0,0,0,0,0,0,0,0,-618000,0,0,0,10000,628000,-618000,-618000
064976,景碩元大9C購01  ,0,0,0,0,0,0,0,0,0,-619000,0,0,0,332000,951000,-619000,-619000
057175,美律元大98購03  ,0,0,0,0,0,0,0,0,0,-620000,0,0,0,296000,916000,-620000,-620000
061896,景碩永豐9B購01  ,0,0,0,0,0,0,0,0,0,-622000,0,0,0,132000,754000,-622000,-622000
046949,群創元大99購01  ,0,0,0,0,0,0,0,0,0,-626000,0,0,0,10000,636000,-626000,-626000
2605,新興            ,139000,715000,-576000,0,0,0,0,0,0,-51000,0,51000,-51000,0,0,0,-627000
2471,資通            ,104000,731000,-627000,0,0,0,0,0,0,-1000,0,1000,-1000,0,0,0,-628000
3049,和鑫            ,990000,1553000,-563000,0,0,0,0,61000,-61000,-7000,0,7000,-7000,0,0,0,-631000
08337P,台灣50凱基01售15,0,0,0,0,0,0,0,0,0,-638000,0,0,0,0,638000,-638000,-638000
065049,世芯凱基02購01  ,0,0,0,0,0,0,0,0,0,-639000,0,0,0,350000,989000,-639000,-639000
1907,永豐餘          ,326000,891000,-565000,0,0,0,0,70000,-70000,-6000,0,6000,-6000,0,0,0,-641000
056189,樺漢統一97購02  ,0,0,0,0,0,0,0,0,0,-641000,0,0,0,0,641000,-641000,-641000
1905,華紙            ,106000,733000,-627000,0,0,0,0,0,0,-15000,0,15000,-15000,0,0,0,-642000
056243,創意群益97購03  ,360000,0,360000,0,0,0,0,0,0,-1002000,0,0,0,60000,1062000,-1002000,-642000
061245,晶技群益9A購01  ,0,0,0,0,0,0,0,0,0,-647000,0,0,0,0,647000,-647000,-647000
064477,南六國泰02購01  ,0,0,0,0,0,0,0,0,0,-647000,0,0,0,2000,649000,-647000,-647000
9802,鈺齊-KY         ,943000,785000,158000,0,0,0,0,818000,-818000,12000,36000,17000,19000,5000,12000,-7000,-648000
6202,盛群            ,200000,839000,-639000,0,0,0,0,0,0,-13000,1000,14000,-13000,0,0,0,-652000
058154,泰碩統一9A購01  ,0,0,0,0,0,0,0,0,0,-656000,0,0,0,281000,937000,-656000,-656000
2442,新美齊          ,85000,740000,-655000,0,0,0,0,0,0,-5000,0,5000,-5000,0,0,0,-660000
062644,中環國泰9C購01  ,0,0,0,0,0,0,0,0,0,-661000,0,0,0,0,661000,-661000,-661000
057987,大立光元富98購02,0,0,0,0,0,0,0,0,0,-667000,0,0,0,97000,764000,-667000,-667000
006208,富邦台50        ,100,100,0,0,0,0,0,0,0,-668000,0,0,0,321000,989000,-668000,-668000
063136,智邦統一9B購02  ,0,0,0,0,0,0,0,0,0,-673000,0,0,0,122000,795000,-673000,-673000
064898,國產群益9C購01  ,0,0,0,0,0,0,0,0,0,-673000,0,0,0,91000,764000,-673000,-673000
07940P,國巨群益9B售06  ,0,0,0,0,0,0,0,0,0,-674000,0,0,0,61000,735000,-674000,-674000
060347,大立光統一02購01,0,0,0,0,0,0,0,0,0,-675000,0,0,0,3000,678000,-675000,-675000
063436,儒鴻統一01購03  ,0,0,0,0,0,0,0,0,0,-675000,0,0,0,153000,828000,-675000,-675000
058898,台積電元大99購20,0,0,0,0,0,0,0,0,0,-682000,0,0,0,45000,727000,-682000,-682000
08446P,台灣50富邦01售02,0,0,0,0,0,0,0,0,0,-686000,0,0,0,0,686000,-686000,-686000
048383,元金2X國票99購01,0,0,0,0,0,0,0,0,0,-688000,0,0,0,223000,911000,-688000,-688000
2845,遠東銀          ,190000,927000,-737000,0,0,0,50000,0,50000,-4000,0,4000,-4000,0,0,0,-691000
053083,中環元大99購01  ,0,0,0,0,0,0,0,0,0,-697000,0,0,0,0,697000,-697000,-697000
064829,義隆統一01購02  ,0,0,0,0,0,0,0,0,0,-698000,0,0,0,12000,710000,-698000,-698000
057544,鴻海凱基02購01  ,0,0,0,0,0,0,0,0,0,-699000,0,0,0,430000,1129000,-699000,-699000
1504,東元            ,230000,1029000,-799000,0,0,0,117000,0,117000,-19000,1000,9000,-8000,39000,50000,-11000,-701000
08407P,臺股指元大9C售13,0,0,0,0,0,0,0,0,0,-703000,0,0,0,2000,705000,-703000,-703000
056699,光罩國泰99購01  ,0,0,0,0,0,0,0,0,0,-703000,0,0,0,20000,723000,-703000,-703000
2393,億光            ,470000,1164000,-694000,0,0,0,0,0,0,-11000,3000,8000,-5000,1000,7000,-6000,-705000
064930,南六統一02購02  ,0,0,0,0,0,0,0,0,0,-705000,0,0,0,1000,706000,-705000,-705000
08377P,臻鼎元富9C售02  ,0,0,0,0,0,0,0,0,0,-707000,0,0,0,20000,727000,-707000,-707000
065351,中租統一02購02  ,0,0,0,0,0,0,0,0,0,-711000,0,0,0,0,711000,-711000,-711000
057394,台積電中信9C購02,0,0,0,0,0,0,0,0,0,-713000,0,0,0,0,713000,-713000,-713000
07782P,寶成凱基9A售02  ,0,0,0,0,0,0,0,0,0,-715000,0,0,0,25000,740000,-715000,-715000
051277,聯發科中信9A購01,0,0,0,0,0,0,0,0,0,-718000,0,0,0,200000,918000,-718000,-718000
057299,立積永豐98購02  ,0,0,0,0,0,0,0,0,0,-719000,0,0,0,341000,1060000,-719000,-719000
06604P,聯發科元富02售02,0,0,0,0,0,0,0,0,0,-721000,0,0,0,0,721000,-721000,-721000
6451,訊芯-KY         ,469000,1201000,-732000,0,0,0,0,0,0,11000,19000,1000,18000,15000,22000,-7000,-721000
057074,立積永豐98購01  ,0,0,0,0,0,0,0,0,0,-725000,0,0,0,229000,954000,-725000,-725000
054426,國泰金富邦97購02,0,0,0,0,0,0,0,0,0,-727000,0,0,0,1000,728000,-727000,-727000
2606,裕民            ,277000,990000,-713000,0,0,0,0,0,0,-27000,0,11000,-11000,0,16000,-16000,-740000
060297,和碩元大9A購02  ,0,0,0,0,0,0,0,0,0,-742000,0,0,0,149000,891000,-742000,-742000
059580,大立光元富99購07,0,0,0,0,0,0,0,0,0,-742000,0,0,0,10000,752000,-742000,-742000
062093,台積電富邦9C購11,0,0,0,0,0,0,0,0,0,-750000,0,0,0,0,750000,-750000,-750000
063665,南亞科統一01購02,0,0,0,0,0,0,0,0,0,-750000,0,0,0,246000,996000,-750000,-750000
9938,百和            ,123000,551000,-428000,0,0,0,0,303000,-303000,-19000,7000,29000,-22000,4000,1000,3000,-750000
3563,牧德            ,61476,405000,-343524,0,0,0,0,314000,-314000,-93000,0,1000,-1000,1000,93000,-92000,-750524
06465P,國巨統一98售04  ,0,0,0,0,0,0,0,0,0,-751000,0,0,0,40000,791000,-751000,-751000
056330,玉晶光國票99購03,0,0,0,0,0,0,0,0,0,-754000,0,0,0,66000,820000,-754000,-754000
063140,聯發科統一9B購08,0,0,0,0,0,0,0,0,0,-758000,0,0,0,71000,829000,-758000,-758000
056770,國產元大98購02  ,0,0,0,0,0,0,0,0,0,-766000,0,0,0,94000,860000,-766000,-766000
6239,力成            ,1777411,2111690,-334279,0,0,0,0,200000,-200000,-233000,5000,262000,-257000,46000,22000,24000,-767279
061996,矽格元大9B購01  ,0,0,0,0,0,0,0,0,0,-776000,0,0,0,156000,932000,-776000,-776000
063342,台光電統一9B購02,0,0,0,0,0,0,0,0,0,-777000,0,0,0,30000,807000,-777000,-777000
056138,群創元大9B購01  ,0,0,0,0,0,0,0,0,0,-778000,0,0,0,5000,783000,-778000,-778000
5469,瀚宇博          ,408000,1088000,-680000,0,0,0,0,46000,-46000,-52000,5000,7000,-2000,56000,106000,-50000,-778000
2615,萬海            ,155000,887000,-732000,0,0,0,0,1000,-1000,-47000,0,47000,-47000,0,0,0,-780000
6005,群益證          ,286000,1067000,-781000,0,0,0,0,0,0,0,0,0,0,0,0,0,-781000
056309,合勤控元大97購01,0,0,0,0,0,0,0,0,0,-783000,0,0,0,54000,837000,-783000,-783000
07990P,緯穎凱基9B售02  ,0,0,0,0,0,0,0,0,0,-790000,0,0,0,50000,840000,-790000,-790000
065265,景碩元大9C購02  ,1000,0,1000,0,0,0,0,0,0,-797000,0,0,0,237000,1034000,-797000,-796000
057681,T50反1日盛9C購01,0,0,0,0,0,0,0,0,0,-799000,0,0,0,15000,814000,-799000,-799000
5471,松翰            ,875000,1420000,-545000,0,0,0,0,0,0,-254000,51000,305000,-254000,0,0,0,-799000
054642,訊芯中信9A購01  ,0,0,0,0,0,0,0,0,0,-804000,0,0,0,0,804000,-804000,-804000
064054,中租統一02購01  ,0,0,0,0,0,0,0,0,0,-806000,0,0,0,353000,1159000,-806000,-806000
3005,神基            ,3507000,976000,2531000,0,0,0,0,3410000,-3410000,72000,63000,5000,58000,14000,0,14000,-807000
6456,GIS-KY          ,651177,1142000,-490823,0,0,0,0,264000,-264000,-54000,0,7000,-7000,29000,76000,-47000,-808823
07965P,玉晶光群益01售02,0,0,0,0,0,0,0,0,0,-809000,0,0,0,0,809000,-809000,-809000
060296,和碩元大9A購01  ,0,0,0,0,0,0,0,0,0,-809000,0,0,0,62000,871000,-809000,-809000
2455,全新            ,284000,981000,-697000,0,0,0,0,0,0,-125000,23000,10000,13000,4000,142000,-138000,-822000
065458,立積元富03購02  ,55000,0,55000,0,0,0,0,0,0,-886000,0,0,0,254000,1140000,-886000,-831000
056920,友達兆豐98購02  ,0,0,0,0,0,0,0,0,0,-850000,0,0,0,0,850000,-850000,-850000
3006,晶豪科          ,271000,1013000,-742000,0,0,0,0,0,0,-111000,4000,22000,-18000,2000,95000,-93000,-853000
1789,神隆            ,1908000,3079000,-1171000,0,0,0,21000,0,21000,290000,1000,34000,-33000,344000,21000,323000,-860000
062220,台光電統一01購01,0,0,0,0,0,0,0,0,0,-863000,0,0,0,69000,932000,-863000,-863000
00875,國泰網路資安    ,0,0,0,0,0,0,0,0,0,-877000,0,0,0,494000,1371000,-877000,-877000
064371,矽格統一9C購02  ,0,0,0,0,0,0,0,0,0,-878000,0,0,0,171000,1049000,-878000,-878000
2392,正崴            ,391000,695000,-304000,0,0,0,0,39000,-39000,-537000,0,440000,-440000,31000,128000,-97000,-880000
061347,創意元大9A購02  ,0,0,0,0,0,0,0,0,0,-880000,0,0,0,96000,976000,-880000,-880000
065519,台勝科群益9C購02,0,0,0,0,0,0,0,0,0,-885000,0,0,0,0,885000,-885000,-885000
058670,鴻海群益9A購03  ,0,0,0,0,0,0,0,0,0,-885000,0,0,0,9000,894000,-885000,-885000
3532,台勝科          ,2694000,300000,2394000,0,0,0,8000,3537991,-3529991,238000,10000,0,10000,235000,7000,228000,-897991
059395,T50反1元富99購03,0,0,0,0,0,0,0,0,0,-898000,0,0,0,1000,899000,-898000,-898000
07033P,大立光統一9B售03,0,0,0,0,0,0,0,0,0,-900000,0,0,0,130000,1030000,-900000,-900000
056605,台積電富邦9B購02,0,0,0,0,0,0,0,0,0,-905000,0,0,0,5000,910000,-905000,-905000
9958,世紀鋼          ,360960,611000,-250040,0,0,0,0,462000,-462000,-197000,15000,195000,-180000,32000,49000,-17000,-909040
2417,圓剛            ,3000,914000,-911000,0,0,0,0,0,0,-3000,0,3000,-3000,0,0,0,-914000
06564P,國巨富邦9A售04  ,0,0,0,0,0,0,0,0,0,-915000,0,0,0,20000,935000,-915000,-915000
057609,友訊元富98購01  ,0,0,0,0,0,0,0,0,0,-920000,0,0,0,108000,1028000,-920000,-920000
03414B,臺股指凱基99熊01,20000,50000,-30000,0,0,0,0,0,0,-890000,0,0,0,1521000,2411000,-890000,-920000
2354,鴻準            ,751256,1622359,-871103,0,0,0,0,0,0,-52000,4000,56000,-52000,0,0,0,-923103
063663,台光電統一9C購01,0,0,0,0,0,0,0,0,0,-927000,0,0,0,55000,982000,-927000,-927000
3041,揚智            ,1278000,2222000,-944000,0,0,0,11000,0,11000,-1000,2000,3000,-1000,0,0,0,-934000
064733,南六統一9C購03  ,0,0,0,0,0,0,0,0,0,-944000,0,0,0,286000,1230000,-944000,-944000
2912,統一超          ,601872,1601927,-1000055,0,0,0,2000,0,2000,54000,71000,17000,54000,0,0,0,-944055
8112,至上            ,651000,1575000,-924000,0,0,0,0,16000,-16000,-5000,0,5000,-5000,0,0,0,-945000
064140,台達電統一01購01,0,0,0,0,0,0,0,0,0,-953000,0,0,0,56000,1009000,-953000,-953000
055810,T50反1國票99購01,0,0,0,0,0,0,0,0,0,-958000,0,0,0,524000,1482000,-958000,-958000
2889,國票金          ,348000,1313000,-965000,0,0,0,0,0,0,-5000,0,5000,-5000,0,0,0,-970000
056472,美律元大99購03  ,0,0,0,0,0,0,0,0,0,-970000,0,0,0,35000,1005000,-970000,-970000
07408P,台積電兆豐99售06,0,0,0,0,0,0,0,0,0,-983000,0,0,0,25000,1008000,-983000,-983000
3682,亞太電          ,174000,1158000,-984000,0,0,0,0,0,0,0,0,0,0,0,0,0,-984000
2379,瑞昱            ,1691824,2789305,-1097481,0,0,0,270000,3000,267000,-164000,36000,151000,-115000,8000,57000,-49000,-994481
065315,玉晶光中信03購02,0,0,0,0,0,0,0,0,0,-1000000,0,0,0,100000,1100000,-1000000,-1000000
08607P,聯發科富邦03售04,0,0,0,0,0,0,0,0,0,-1005000,0,0,0,0,1005000,-1005000,-1005000
061949,大立光群益9B購03,0,0,0,0,0,0,0,0,0,-1006000,0,0,0,43000,1049000,-1006000,-1006000
065178,和碩元大9C購01  ,0,0,0,0,0,0,0,0,0,-1008000,0,0,0,202000,1210000,-1008000,-1008000
065445,台光電統一01購05,0,0,0,0,0,0,0,0,0,-1010000,0,0,0,0,1010000,-1010000,-1010000
062807,和碩統一9B購01  ,0,0,0,0,0,0,0,0,0,-1016000,0,0,0,320000,1336000,-1016000,-1016000
08069P,大立光國泰01售02,0,0,0,0,0,0,0,0,0,-1020000,0,0,0,14000,1034000,-1020000,-1020000
065443,智邦統一9C購03  ,0,0,0,0,0,0,0,0,0,-1023000,0,0,0,268000,1291000,-1023000,-1023000
064719,聯發科統一02購01,0,0,0,0,0,0,0,0,0,-1025000,0,0,0,324000,1349000,-1025000,-1025000
061942,亞德客群益9B購01,0,0,0,0,0,0,0,0,0,-1027000,0,0,0,67000,1094000,-1027000,-1027000
2357,華碩            ,2959321,4940733,-1981412,0,0,0,910000,0,910000,40000,123000,88000,35000,5000,0,5000,-1031412
08153P,台表科統一9B售01,0,0,0,0,0,0,0,0,0,-1040000,0,0,0,0,1040000,-1040000,-1040000
08097P,嘉澤永豐9B售03  ,0,0,0,0,0,0,0,0,0,-1050000,0,0,0,0,1050000,-1050000,-1050000
064842,南六統一9C購04  ,0,0,0,0,0,0,0,0,0,-1081000,0,0,0,393000,1474000,-1081000,-1081000
1701,中化            ,1259000,2347000,-1088000,0,0,0,0,0,0,-4000,0,4000,-4000,0,0,0,-1092000
2027,大成鋼          ,14076000,3335000,10741000,0,0,0,27000,12006438,-11979438,146000,130000,6000,124000,47000,25000,22000,-1092438
064822,台達電統一01購03,0,0,0,0,0,0,0,0,0,-1098000,0,0,0,48000,1146000,-1098000,-1098000
2548,華固            ,176837,1159000,-982163,0,0,0,0,15000,-15000,-106000,0,106000,-106000,0,0,0,-1103163
00650L,FH香港正2       ,20000,20000,0,0,0,0,0,0,0,-1105000,0,0,0,919000,2024000,-1105000,-1105000
054713,國巨中信9B購01  ,0,0,0,0,0,0,0,0,0,-1112000,0,0,0,20000,1132000,-1112000,-1112000
00692,富邦公司治理    ,7000,7000,0,0,0,0,0,0,0,-1114000,0,0,0,1533000,2647000,-1114000,-1114000
08184P,可成永豐9B售03  ,0,0,0,0,0,0,0,0,0,-1119000,0,0,0,0,1119000,-1119000,-1119000
2542,興富發          ,243268,1376000,-1132732,0,0,0,0,0,0,-3000,11000,14000,-3000,0,0,0,-1135732
063262,南六富邦9C購01  ,0,0,0,0,0,0,0,0,0,-1139000,0,0,0,16000,1155000,-1139000,-1139000
051369,新光金富邦9A購01,0,0,0,0,0,0,0,0,0,-1148000,0,0,0,0,1148000,-1148000,-1148000
9910,豐泰            ,933304,1947854,-1014550,0,0,0,0,192000,-192000,52000,0,2000,-2000,54000,0,54000,-1154550
065195,國巨元富06購01  ,0,0,0,0,0,0,0,0,0,-1161000,0,0,0,332000,1493000,-1161000,-1161000
054371,台積電中信9C購01,0,0,0,0,0,0,0,0,0,-1179000,0,0,0,258000,1437000,-1179000,-1179000
00850,元大臺灣ESG永續 ,0,3000,-3000,0,0,0,0,0,0,-1177000,30000,0,30000,731000,1938000,-1207000,-1180000
063207,聯茂統一01購01  ,0,0,0,0,0,0,0,0,0,-1193000,0,0,0,21000,1214000,-1193000,-1193000
00668,國泰美國道瓊    ,20000,0,20000,0,0,0,0,0,0,-1222000,0,0,0,60000,1282000,-1222000,-1202000
059948,正文永豐99購01  ,0,0,0,0,0,0,0,0,0,-1210000,0,0,0,5000,1215000,-1210000,-1210000
1303,南亞            ,2360152,3622617,-1262465,0,0,0,8000,0,8000,43000,79000,36000,43000,0,0,0,-1211465
057717,友訊元富98購02  ,0,0,0,0,0,0,0,0,0,-1222000,0,0,0,188000,1410000,-1222000,-1222000
2505,國揚            ,558000,1745000,-1187000,0,0,0,16000,0,16000,-65000,4000,10000,-6000,20000,79000,-59000,-1236000
065158,和碩群益9C購01  ,0,0,0,0,0,0,0,0,0,-1243000,0,0,0,51000,1294000,-1243000,-1243000
00647L,元大S&P500正2   ,6000,11000,-5000,0,0,0,0,0,0,-1250000,0,0,0,688000,1938000,-1250000,-1255000
2105,正新            ,1009194,2234000,-1224806,0,0,0,41000,0,41000,-86000,0,86000,-86000,0,0,0,-1269806
064173,國產元富9C購01  ,0,0,0,0,0,0,0,0,0,-1286000,0,0,0,13000,1299000,-1286000,-1286000
3406,玉晶光          ,937541,2245757,-1308216,0,0,0,47000,29000,18000,-39000,135000,176000,-41000,62000,60000,2000,-1329216
1802,台玻            ,680000,1963000,-1283000,0,0,0,0,0,0,-50000,0,50000,-50000,0,0,0,-1333000
020016,統一MSCI美科技N ,0,0,0,0,0,0,0,0,0,-1348000,0,0,0,105000,1453000,-1348000,-1348000
064839,旭富統一9C購01  ,0,0,0,0,0,0,0,0,0,-1353000,0,0,0,20000,1373000,-1353000,-1353000
053118,大立光中信9C購01,0,0,0,0,0,0,0,0,0,-1363000,0,0,0,1426000,2789000,-1363000,-1363000
1536,和大            ,209580,592000,-382420,0,0,0,16000,797000,-781000,-203000,2000,160000,-158000,0,45000,-45000,-1366420
8249,菱光            ,133000,1492000,-1359000,0,0,0,0,0,0,-9000,0,9000,-9000,0,0,0,-1368000
1312,國喬            ,156000,1533000,-1377000,0,0,0,0,0,0,-7000,0,1000,-1000,5000,11000,-6000,-1384000
08124P,臻鼎群益9B售02  ,0,0,0,0,0,0,0,0,0,-1385000,0,0,0,0,1385000,-1385000,-1385000
00631L,元大台灣50正2   ,479000,799000,-320000,0,0,0,0,0,0,-1102000,52000,275000,-223000,1461000,2340000,-879000,-1422000
061844,T50反1國票9C購02,0,0,0,0,0,0,0,0,0,-1424000,0,0,0,290000,1714000,-1424000,-1424000
4927,泰鼎-KY         ,798000,1699000,-901000,0,0,0,0,292000,-292000,-236000,0,255000,-255000,26000,7000,19000,-1429000
08494P,世芯元大9C售02  ,20000,0,20000,0,0,0,0,0,0,-1459000,0,0,0,186000,1645000,-1459000,-1439000
00633L,富邦上証正2     ,575000,1766000,-1191000,0,0,0,0,0,0,-248000,0,0,0,3490000,3738000,-248000,-1439000
056638,臺股指日盛98購01,0,0,0,0,0,0,0,0,0,-1471000,0,0,0,9000,1480000,-1471000,-1471000
064358,台達電統一01購02,0,0,0,0,0,0,0,0,0,-1512000,0,0,0,84000,1596000,-1512000,-1512000
1909,榮成            ,972000,1783000,-811000,0,0,0,1000,200000,-199000,-503000,4000,511000,-507000,4000,0,4000,-1513000
058210,臺股指凱基9C購04,0,0,0,0,0,0,0,0,0,-1518000,0,0,0,165000,1683000,-1518000,-1518000
08518P,世芯群益9C售03  ,0,0,0,0,0,0,0,0,0,-1537000,0,0,0,378000,1915000,-1537000,-1537000
6416,瑞祺電通        ,567000,1746000,-1179000,0,0,0,30000,252000,-222000,-152000,55000,38000,17000,2000,171000,-169000,-1553000
2881,富邦金          ,5394876,6928667,-1533791,0,0,0,0,7000,-7000,-14000,5000,23000,-18000,133000,129000,4000,-1554791
00662,富邦NASDAQ      ,1000,10000,-9000,0,0,0,0,0,0,-1547000,0,0,0,174000,1721000,-1547000,-1556000
6278,台表科          ,866000,1798000,-932000,0,0,0,60000,330000,-270000,-360000,46000,391000,-345000,7000,22000,-15000,-1562000
062126,創意統一9B購01  ,0,0,0,0,0,0,0,0,0,-1574000,0,0,0,334000,1908000,-1574000,-1574000
00830,國泰費城半導體  ,3000,358000,-355000,0,0,0,0,0,0,-1244000,0,100000,-100000,293000,1437000,-1144000,-1599000
2492,華新科          ,3736594,3357074,379520,0,0,0,0,1775000,-1775000,-219000,56000,89000,-33000,29000,215000,-186000,-1614480
2353,宏碁            ,3382034,4608843,-1226809,0,0,0,0,0,0,-394000,46000,417000,-371000,60000,83000,-23000,-1620809
056687,元大金統一98購01,0,0,0,0,0,0,0,0,0,-1626000,0,0,0,0,1626000,-1626000,-1626000
3545,敦泰            ,732000,2408000,-1676000,0,0,0,0,0,0,0,0,0,0,0,0,0,-1676000
6285,啟碁            ,201000,1796000,-1595000,0,0,0,0,72000,-72000,-13326,4000,17000,-13000,3000,3326,-326,-1680326
00632R,元大台灣50反1   ,50012000,2535000,47477000,0,0,0,0,0,0,-49186000,1655000,681000,974000,14294000,64454000,-50160000,-1709000
00670L,富邦NASDAQ正2   ,22000,721000,-699000,0,0,0,0,0,0,-1043000,0,367000,-367000,379000,1055000,-676000,-1742000
057393,台積電中信02購01,0,0,0,0,0,0,0,0,0,-1751000,0,0,0,0,1751000,-1751000,-1751000
060404,台勝科國泰9B購01,0,0,0,0,0,0,0,0,0,-1760000,0,0,0,125000,1885000,-1760000,-1760000
2328,廣宇            ,165000,1930000,-1765000,0,0,0,0,1000,-1000,-10000,2000,12000,-10000,0,0,0,-1776000
08463P,台灣50國泰02售02,0,0,0,0,0,0,0,0,0,-1779000,0,0,0,0,1779000,-1779000,-1779000
062534,力成統一01購01  ,5000,0,5000,0,0,0,0,0,0,-1815000,0,0,0,53000,1868000,-1815000,-1810000
3044,健鼎            ,673000,5800791,-5127791,0,0,0,3402000,24000,3378000,-63000,75000,56000,19000,17000,99000,-82000,-1812791
064999,T50反1國票9C購03,0,0,0,0,0,0,0,0,0,-1829000,0,0,0,0,1829000,-1829000,-1829000
6153,嘉聯益          ,622000,2357000,-1735000,0,0,0,29000,0,29000,-127000,15000,12000,3000,70000,200000,-130000,-1833000
2448,晶電            ,3440000,5694000,-2254000,0,0,0,692000,0,692000,-272000,395000,667000,-272000,0,0,0,-1834000
1714,和桐            ,1034000,2841000,-1807000,0,0,0,0,0,0,-45000,0,45000,-45000,0,0,0,-1852000
1440,南紡            ,600000,3197000,-2597000,0,0,0,0,0,0,740000,750000,10000,740000,0,0,0,-1857000
3035,智原            ,1856000,5314000,-3458000,0,0,0,1186000,0,1186000,360000,76000,29000,47000,356000,43000,313000,-1912000
054546,玉晶光中信9B購01,0,0,0,0,0,0,0,0,0,-1919000,0,0,0,3676000,5595000,-1919000,-1919000
4938,和碩            ,5830790,14851856,-9021066,0,0,0,1936000,27000,1909000,5151000,678000,49000,629000,4563000,41000,4522000,-1961066
2489,瑞軒            ,665000,2654000,-1989000,0,0,0,0,0,0,-41000,0,41000,-41000,0,0,0,-2030000
6269,台郡            ,567000,2513000,-1946000,0,0,0,20000,0,20000,-116000,115000,88000,27000,15000,158000,-143000,-2042000
061390,大立光群益9A購04,0,0,0,0,0,0,0,0,0,-2062000,0,0,0,13000,2075000,-2062000,-2062000
1402,遠東新          ,1463944,3565937,-2101993,0,0,0,0,0,0,37000,20000,40000,-20000,66000,9000,57000,-2064993
00712,FH富時不動產    ,24000,742000,-718000,0,0,0,0,0,0,-1364000,0,0,0,117000,1481000,-1364000,-2082000
1216,統一            ,6052964,8170055,-2117091,0,0,0,0,0,0,31000,41000,6000,35000,3000,7000,-4000,-2086091
064475,台積電國泰02購03,0,0,0,0,0,0,0,0,0,-2191000,0,0,0,495000,2686000,-2191000,-2191000
2603,長榮            ,1387894,3820751,-2432857,0,0,0,0,0,0,200000,212000,12000,200000,0,0,0,-2232857
063823,T50反1國票01購02,0,0,0,0,0,0,0,0,0,-2242000,0,0,0,65000,2307000,-2242000,-2242000
6505,台塑化          ,1592990,2787516,-1194526,0,0,0,0,1038000,-1038000,-19000,5000,36000,-31000,12000,0,12000,-2251526
064627,矽格元大9C購01  ,0,0,0,0,0,0,0,0,0,-2276000,0,0,0,163000,2439000,-2276000,-2276000
5876,上海商銀        ,970060,3281136,-2311076,0,0,0,0,25000,-25000,20000,4000,0,4000,17000,1000,16000,-2316076
0056,元大高股息      ,11000,106200,-95200,0,0,0,100000,0,100000,-2335000,0,0,0,9000,2344000,-2335000,-2330200
058054,台積電統一9C購01,0,0,0,0,0,0,0,0,0,-2377000,0,0,0,241000,2618000,-2377000,-2377000
1314,中石化          ,844000,3217000,-2373000,0,0,0,0,0,0,-57000,0,17000,-17000,0,40000,-40000,-2430000
2344,華邦電          ,5204742,7821000,-2616258,0,0,0,17000,0,17000,83000,41000,8000,33000,141000,91000,50000,-2516258
1101,台泥            ,3487518,6481231,-2993713,0,0,0,0,18000,-18000,480000,440000,13000,427000,64000,11000,53000,-2531713
00646,元大S&P500      ,1000,4000,-3000,0,0,0,0,0,0,-2559000,0,90000,-90000,370000,2839000,-2469000,-2562000
2312,金寶            ,188000,2662000,-2474000,0,0,0,1000,0,1000,-95000,0,5000,-5000,0,90000,-90000,-2568000
2474,可成            ,1052584,3607566,-2554982,0,0,0,6000,0,6000,-51000,16000,46000,-30000,4000,25000,-21000,-2599982
2454,聯發科          ,4640884,7321485,-2680601,0,0,0,133000,62000,71000,-107107,147000,303000,-156000,92000,43107,48893,-2716708
1326,台化            ,4795186,6324144,-1528958,0,0,0,4000,3286944,-3282944,1998000,18000,25000,-7000,2005000,0,2005000,-2813902
3029,零壹            ,1434000,4742000,-3308000,0,0,0,0,0,0,476000,477000,1000,476000,0,0,0,-2832000
2301,光寶科          ,6039360,9608153,-3568793,0,0,0,773000,0,773000,-100000,3000,98000,-95000,22000,27000,-5000,-2895793
2337,旺宏            ,2054000,4449676,-2395676,0,0,0,2000,13000,-11000,-497000,84000,208000,-124000,25000,398000,-373000,-2903676
056829,台積電富邦9A購01,0,0,0,0,0,0,0,0,0,-2977000,0,0,0,0,2977000,-2977000,-2977000
2880,華南金          ,2476250,4926582,-2450332,0,0,0,0,535000,-535000,-20000,0,20000,-20000,0,0,0,-3005332
056604,鴻海富邦9A購01  ,0,0,0,0,0,0,0,0,0,-3010000,0,0,0,105000,3115000,-3010000,-3010000
0050,元大台灣50      ,2410530,2666000,-255470,0,0,0,0,0,0,-2855000,221000,295000,-74000,939000,3720000,-2781000,-3110470
4915,致伸            ,966000,4067753,-3101753,0,0,0,1000,0,1000,-24000,2000,6000,-4000,0,20000,-20000,-3124753
058209,臺股指凱基01購01,0,0,0,0,0,0,0,0,0,-3185000,0,0,0,512000,3697000,-3185000,-3185000
3702,大聯大          ,1517764,4797715,-3279951,0,0,0,1000,0,1000,62000,55000,20000,35000,27000,0,27000,-3216951
4958,臻鼎-KY         ,2454280,4882318,-2428038,0,0,0,0,11000,-11000,-800000,183000,948000,-765000,17000,52000,-35000,-3239038
5880,合庫金          ,3022986,6378903,-3355917,0,0,0,3000,0,3000,11000,20000,9000,11000,0,0,0,-3341917
3706,神達            ,229000,3497000,-3268000,0,0,0,0,0,0,-83000,5000,3000,2000,140000,225000,-85000,-3351000
6282,康舒            ,395000,3693000,-3298000,0,0,0,0,27000,-27000,-128000,0,87000,-87000,0,41000,-41000,-3453000
9904,寶成            ,1970804,5305850,-3335046,0,0,0,0,0,0,-286000,29000,230000,-201000,0,85000,-85000,-3621046
1605,華新            ,6304000,1794000,4510000,0,0,0,57000,7602000,-7545000,-666000,0,7000,-7000,74000,733000,-659000,-3701000
2327,國巨            ,1921406,3776351,-1854945,0,0,0,13000,1740431,-1727431,-308000,93000,171000,-78000,21000,251000,-230000,-3890376
2892,第一金          ,3614520,8133486,-4518966,0,0,0,0,0,0,483000,500000,17000,483000,0,0,0,-4035966
2610,華航            ,869474,4805000,-3935526,0,0,0,0,246000,-246000,-75000,23000,10000,13000,0,88000,-88000,-4256526
1102,亞泥            ,4310702,10155805,-5845103,0,0,0,1306000,28000,1278000,27000,29000,30000,-1000,28000,0,28000,-4540103
2481,強茂            ,355000,4864020,-4509020,0,0,0,0,0,0,-195000,1000,67000,-66000,2000,131000,-129000,-4704020
2883,開發金          ,10904422,15056331,-4151909,0,0,0,22000,0,22000,-733000,80000,210000,-130000,160000,763000,-603000,-4862909
2823,中壽            ,1228918,6202512,-4973594,0,0,0,1000,0,1000,82000,10000,7000,3000,96000,17000,79000,-4890594
2408,南亞科          ,7661674,7828000,-166326,0,0,0,67000,4737130,-4670130,-561000,38000,350000,-312000,46000,295000,-249000,-5397456
2801,彰銀            ,1611708,7399934,-5788226,0,0,0,0,1000,-1000,-16000,10000,26000,-16000,0,0,0,-5805226
2618,長榮航          ,1333877,7648700,-6314823,0,0,0,0,37000,-37000,344000,277000,13000,264000,81000,1000,80000,-6007823
1301,台塑            ,1551022,7545564,-5994542,0,0,0,0,6000,-6000,-42000,37000,86000,-49000,11000,4000,7000,-6042542
2834,臺企銀          ,789896,7204755,-6414859,0,0,0,0,0,0,72000,86000,106000,-20000,92000,0,92000,-6342859
2002,中鋼            ,3566918,10075729,-6508811,0,0,0,62000,0,62000,-19000,0,19000,-19000,0,0,0,-6465811
2303,聯電            ,10872550,16726489,-5853939,0,0,0,2000,24000,-22000,-672000,414000,249000,165000,56000,893000,-837000,-6547939
2349,錸德            ,261000,2486000,-2225000,0,0,0,0,4482283,-4482283,0,0,0,0,0,0,0,-6707283
2367,燿華            ,1323000,7849000,-6526000,0,0,0,0,21000,-21000,-729000,0,272000,-272000,66000,523000,-457000,-7276000
2330,台積電          ,20330939,28569166,-8238227,0,0,0,994000,234000,760000,-333000,266000,530000,-264000,656000,725000,-69000,-7811227
2449,京元電子        ,3302000,13004000,-9702000,0,0,0,1813000,38000,1775000,-29000,60000,1000,59000,159000,247000,-88000,-7956000
2888,新光金          ,4997244,14807845,-9810601,0,0,0,39000,0,39000,269000,153000,70000,83000,529000,343000,186000,-9502601
2887,台新金          ,1683038,12132239,-10449201,0,0,0,0,2000,-2000,544000,0,75000,-75000,619000,0,619000,-9907201
2884,玉山金          ,4364496,14700201,-10335705,0,0,0,8000,0,8000,-2000,20000,22000,-2000,0,0,0,-10329705
2886,兆豐金          ,4370154,16414780,-12044626,0,0,0,0,2000,-2000,403000,390000,14000,376000,27000,0,27000,-11643626
00653L,富邦印度正2     ,1375000,8397000,-7022000,0,0,0,0,0,0,-5030557,0,0,0,3123000,8153557,-5030557,-12052557
2890,永豐金          ,2892484,15483860,-12591376,0,0,0,0,0,0,-10000,0,10000,-10000,0,0,0,-12601376
2409,友達            ,18510276,32691000,-14180724,0,0,0,350000,0,350000,-866000,530000,422000,108000,55000,1029000,-974000,-14696724
00637L,元大滬深300正2  ,6199000,20236000,-14037000,0,0,0,0,0,0,-4161000,0,0,0,12232000,16393000,-4161000,-18198000
2885,元大金          ,5992642,36142116,-30149474,0,0,0,0,3000,-3000,-1927000,8000,1579000,-1571000,104000,460000,-356000,-32079474
00852L,國泰美國道瓊正2 ,0,2345000,-2345000,0,0,0,0,0,0,-45811000,0,0,0,136000,45947000,-45811000,-48156000
